obstacle
0.698716461658
50.0 158.0 249.0 64.0
obstacle
0.595860242844
412.0 114.0 68.0 22.0
obstacle
0.58601140976
417.0 121.0 57.0 19.0
obstacle
0.39342430234
310.0 117.0 13.0 14.0
obstacle
0.344478040934
140.0 149.0 139.0 53.0
obstacle
0.226775422692
312.0 125.0 12.0 15.0
obstacle
0.173244431615
15.0 170.0 316.0 82.0
obstacle
0.165819108486
426.0 104.0 74.0 36.0
obstacle
0.156881719828
85.0 181.0 174.0 61.0
obstacle
0.149713292718
396.0 128.0 28.0 13.0
obstacle
0.132949113846
367.0 101.0 95.0 36.0
obstacle
0.131479218602
457.0 126.0 34.0 14.0
obstacle
0.128317087889
397.0 114.0 21.0 12.0
obstacle
0.0972597822547
366.0 121.0 100.0 26.0
obstacle
0.0909796208143
157.0 182.0 36.0 20.0
obstacle
0.0854845792055
80.0 137.0 328.0 104.0
obstacle
0.0787564218044
195.0 152.0 97.0 37.0
obstacle
0.0726697221398
458.0 113.0 29.0 17.0
obstacle
0.0699690952897
190.0 179.0 41.0 20.0
obstacle
0.067045301199
192.0 158.0 28.0 21.0
obstacle
0.0654214173555
234.0 160.0 27.0 15.0
obstacle
0.0591946877539
391.0 131.0 98.0 65.0
obstacle
0.0577560961246
0.0 115.0 278.0 111.0
obstacle
0.0543497130275
88.0 145.0 98.0 53.0
obstacle
0.0539805367589
318.0 83.0 19.0 18.0
obstacle
0.0539795681834
358.0 130.0 19.0 18.0
obstacle
0.0537573359907
200.0 133.0 17.0 15.0
obstacle
0.050781276077
239.0 110.0 20.0 14.0
obstacle
0.050777386874
355.0 152.0 20.0 19.0
obstacle
0.0503914691508
121.0 135.0 21.0 16.0
obstacle
0.0494539365172
354.0 113.0 21.0 12.0
obstacle
0.0477894991636
150.0 204.0 47.0 18.0
obstacle
0.0475373379886
163.0 133.0 19.0 14.0
obstacle
0.0468588098884
49.0 204.0 19.0 26.0
obstacle
0.0468159280717
117.0 153.0 23.0 24.0
obstacle
0.0466696768999
291.0 103.0 59.0 33.0
obstacle
0.0465787053108
289.0 113.0 14.0 15.0
obstacle
0.0429447293282
209.0 94.0 81.0 43.0
obstacle
0.0409229435027
430.0 309.0 25.0 23.0
obstacle
0.0407570376992
393.0 84.0 23.0 16.0
obstacle
0.0406910739839
471.0 176.0 25.0 28.0
obstacle
0.039911609143
423.0 149.0 33.0 27.0
obstacle
0.0398562066257
180.0 160.0 115.0 50.0
obstacle
0.0395100675523
239.0 133.0 18.0 13.0
obstacle
0.0394295826554
427.0 84.0 24.0 18.0
obstacle
0.0381833352149
60.0 167.0 80.0 51.0
obstacle
0.0374037250876
389.0 177.0 29.0 25.0
obstacle
0.0371406525373
406.0 65.0 74.0 57.0
obstacle
0.0368844270706
470.0 55.0 24.0 18.0
obstacle
0.0367942713201
262.0 123.0 56.0 25.0
obstacle
0.0367498733103
212.0 123.0 74.0 37.0
obstacle
0.0365458726883
393.0 56.0 23.0 19.0
obstacle
0.0360520072281
342.0 94.0 158.0 47.0
obstacle
0.0359607450664
351.0 178.0 28.0 24.0
obstacle
0.0358120240271
0.0 181.0 357.0 120.0
obstacle
0.0357598401606
472.0 282.0 23.0 24.0
obstacle
0.0347906686366
437.0 16.0 63.0 97.0
obstacle
0.0347116142511
275.0 154.0 19.0 24.0
obstacle
0.0344146713614
282.0 126.0 12.0 14.0
obstacle
0.034373767674
379.0 159.0 121.0 65.0
obstacle
0.0340665765107
100.0 211.0 141.0 59.0
obstacle
0.033297739923
238.0 177.0 25.0 21.0
obstacle
0.0330798849463
239.0 81.0 261.0 74.0
obstacle
0.032963167876
471.0 153.0 26.0 20.0
obstacle
0.0328474603593
165.0 158.0 16.0 20.0
obstacle
0.032667953521
428.0 56.0 25.0 19.0
obstacle
0.0325610153377
240.0 82.0 23.0 20.0
obstacle
0.0324890352786
471.0 2.0 22.0 19.0
obstacle
0.0323167555034
472.0 257.0 24.0 23.0
obstacle
0.0318435840309
391.0 310.0 22.0 21.0
obstacle
0.0317811146379
320.0 97.0 87.0 41.0
obstacle
0.0316899865866
205.0 58.0 90.0 67.0
obstacle
0.0315558835864
160.0 111.0 23.0 14.0
obstacle
0.0313640125096
125.0 109.0 20.0 16.0
obstacle
0.0306188967079
313.0 55.0 26.0 21.0
obstacle
0.0303748939186
427.0 176.0 28.0 29.0
obstacle
0.0303426664323
269.0 105.0 231.0 71.0
obstacle
0.0299502536654
274.0 54.0 26.0 22.0
obstacle
0.0296962615103
352.0 55.0 25.0 20.0
obstacle
0.0295459106565
161.0 90.0 101.0 52.0
obstacle
0.0295035559684
472.0 80.0 19.0 18.0
obstacle
0.0294302478433
279.0 57.0 91.0 69.0
obstacle
0.029376603663
445.0 51.0 55.0 78.0
obstacle
0.0292381569743
201.0 110.0 20.0 13.0
obstacle
0.0290862526745
427.0 205.0 28.0 23.0
obstacle
0.0287858881056
366.0 58.0 79.0 65.0
obstacle
0.0287497472018
91.0 114.0 82.0 59.0
obstacle
0.0287244282663
85.0 133.0 19.0 18.0
obstacle
0.0286616869271
305.0 134.0 116.0 62.0
obstacle
0.0285917129368
232.0 208.0 35.0 15.0
obstacle
0.0285754855722
116.0 204.0 38.0 20.0
obstacle
0.0285606700927
124.0 310.0 20.0 21.0
obstacle
0.0285425726324
281.0 83.0 18.0 18.0
obstacle
0.0282923113555
5.0 206.0 19.0 24.0
obstacle
0.0281749814749
429.0 282.0 30.0 24.0
obstacle
0.0280650872737
391.0 151.0 28.0 22.0
obstacle
0.0280169527978
389.0 204.0 28.0 25.0
obstacle
0.0278357602656
428.0 231.0 25.0 23.0
obstacle
0.0277012418956
0.0 179.0 73.0 75.0
obstacle
0.0276458859444
234.0 19.0 109.0 91.0
obstacle
0.0276153348386
258.0 102.0 62.0 34.0
obstacle
0.0275923069566
233.0 56.0 108.0 71.0
obstacle
0.0275112558156
316.0 177.0 23.0 23.0
obstacle
0.0272388830781
320.0 153.0 14.0 20.0
obstacle
0.0271964054555
155.0 230.0 110.0 77.0
obstacle
0.0270459633321
57.0 113.0 77.0 60.0
obstacle
0.0269674025476
293.0 122.0 55.0 30.0
obstacle
0.0268916282803
436.0 251.0 64.0 82.0
obstacle
0.0266667660326
324.0 18.0 84.0 95.0
obstacle
0.0266030915082
350.0 137.0 110.0 51.0
obstacle
0.0264091249555
277.0 19.0 98.0 92.0
obstacle
0.0263538118452
319.0 131.0 181.0 123.0
obstacle
0.0262983590364
152.0 229.0 39.0 23.0
obstacle
0.0261890236288
237.0 52.0 25.0 25.0
obstacle
0.0261709671468
61.0 149.0 74.0 45.0
obstacle
0.0259255953133
190.0 122.0 310.0 91.0
obstacle
0.0257992316037
119.0 255.0 29.0 25.0
obstacle
0.0257049705833
359.0 15.0 92.0 102.0
obstacle
0.0256352089345
401.0 21.0 84.0 91.0
obstacle
0.0255993958563
161.0 309.0 23.0 23.0
obstacle
0.0255698170513
387.0 262.0 113.0 65.0
obstacle
0.0255660153925
349.0 204.0 32.0 24.0
obstacle
0.0255596768111
472.0 231.0 23.0 23.0
obstacle
0.0254270099103
388.0 181.0 108.0 73.0
obstacle
0.0252902042121
473.0 309.0 20.0 21.0
obstacle
0.0252464916557
77.0 48.0 112.0 83.0
obstacle
0.0252110846341
7.0 1.0 20.0 21.0
obstacle
0.0251019056886
86.0 153.0 19.0 27.0
obstacle
0.024953097105
357.0 83.0 19.0 17.0
obstacle
0.0248452667147
194.0 23.0 113.0 83.0
obstacle
0.0246885996312
195.0 255.0 32.0 25.0
obstacle
0.0246271416545
314.0 205.0 26.0 22.0
obstacle
0.0244648698717
313.0 231.0 28.0 22.0
obstacle
0.0244464557618
5.0 256.0 18.0 24.0
obstacle
0.0243865847588
45.0 131.0 19.0 17.0
obstacle
0.0243655126542
85.0 311.0 22.0 20.0
obstacle
0.0243364945054
198.0 53.0 26.0 22.0
obstacle
0.0243311766535
352.0 256.0 25.0 24.0
obstacle
0.0242925882339
305.0 155.0 117.0 71.0
obstacle
0.0241381861269
5.0 4.0 107.0 70.0
obstacle
0.0240983013064
51.0 179.0 16.0 21.0
obstacle
0.0239705499262
354.0 309.0 23.0 22.0
obstacle
0.0239350702614
80.0 30.0 341.0 124.0
obstacle
0.0238524265587
158.0 255.0 29.0 24.0
obstacle
0.0238408949226
239.0 142.0 83.0 54.0
obstacle
0.0237576775253
277.0 309.0 22.0 21.0
obstacle
0.0237295050174
6.0 229.0 17.0 24.0
obstacle
0.0236317347735
162.0 57.0 99.0 68.0
obstacle
0.0235531330109
159.0 22.0 106.0 85.0
obstacle
0.0235053058714
350.0 230.0 29.0 25.0
obstacle
0.0234454255551
437.0 0.0 63.0 56.0
obstacle
0.0233038552105
122.0 88.0 102.0 58.0
obstacle
0.0233013238758
390.0 204.0 105.0 78.0
obstacle
0.0232472550124
312.0 120.0 100.0 39.0
obstacle
0.0230306535959
391.0 257.0 25.0 24.0
obstacle
0.0229887031019
390.0 230.0 25.0 24.0
obstacle
0.0228053126484
198.0 2.0 25.0 20.0
obstacle
0.0227483715862
7.0 282.0 18.0 25.0
obstacle
0.0227170325816
429.0 2.0 25.0 19.0
obstacle
0.0227048620582
275.0 2.0 25.0 20.0
obstacle
0.0227020718157
192.0 207.0 35.0 15.0
obstacle
0.0226980019361
159.0 2.0 26.0 20.0
obstacle
0.0226560998708
471.0 204.0 24.0 25.0
obstacle
0.0225785393268
174.0 122.0 70.0 43.0
obstacle
0.0225016158074
316.0 308.0 22.0 24.0
obstacle
0.0224215909839
80.0 0.0 109.0 80.0
obstacle
0.0223106332123
0.0 255.0 275.0 78.0
obstacle
0.0221646931022
5.0 23.0 105.0 82.0
obstacle
0.0221059452742
234.0 255.0 29.0 25.0
obstacle
0.0220397282392
121.0 1.0 25.0 21.0
obstacle
0.0219940003008
313.0 2.0 26.0 19.0
obstacle
0.0219655036926
45.0 229.0 21.0 24.0
obstacle
0.0219307281077
46.0 106.0 18.0 18.0
obstacle
0.0219246018678
352.0 2.0 26.0 19.0
obstacle
0.0218522828072
306.0 203.0 117.0 80.0
obstacle
0.0217974279076
42.0 255.0 26.0 26.0
obstacle
0.0217281300575
232.0 0.0 268.0 134.0
obstacle
0.02172110416
120.0 0.0 106.0 58.0
obstacle
0.0216784179211
390.0 1.0 27.0 20.0
obstacle
0.0215648245066
121.0 56.0 102.0 67.0
obstacle
0.0215609353036
233.0 232.0 30.0 21.0
obstacle
0.0215586330742
45.0 311.0 22.0 19.0
obstacle
0.0215358193964
200.0 80.0 24.0 20.0
obstacle
0.021511381492
160.0 283.0 27.0 23.0
obstacle
0.0213955529034
117.0 228.0 33.0 24.0
obstacle
0.0213618371636
89.0 25.0 91.0 80.0
obstacle
0.021343966946
275.0 177.0 23.0 23.0
obstacle
0.021335568279
237.0 2.0 25.0 20.0
obstacle
0.0213294941932
159.0 53.0 26.0 22.0
obstacle
0.0212641842663
314.0 256.0 24.0 24.0
obstacle
0.0212554261088
0.0 225.0 69.0 86.0
obstacle
0.0212180092931
429.0 27.0 24.0 21.0
obstacle
0.0210486520082
6.0 54.0 17.0 22.0
obstacle
0.021023420617
428.0 257.0 26.0 22.0
obstacle
0.0209725331515
303.0 177.0 121.0 80.0
obstacle
0.0208711083978
391.0 27.0 25.0 21.0
obstacle
0.0207269862294
353.0 282.0 26.0 23.0
obstacle
0.020624153316
44.0 0.0 103.0 56.0
obstacle
0.0205827709287
123.0 80.0 25.0 21.0
obstacle
0.0205285474658
80.0 228.0 24.0 24.0
obstacle
0.020480228588
352.0 27.0 24.0 21.0
obstacle
0.020451227203
81.0 255.0 25.0 25.0
obstacle
0.0204405840486
132.0 117.0 82.0 51.0
obstacle
0.0204382129014
84.0 56.0 21.0 18.0
obstacle
0.0204381663352
7.0 308.0 19.0 22.0
obstacle
0.0204332415015
44.0 0.0 456.0 201.0
obstacle
0.020340250805
79.0 179.0 28.0 22.0
obstacle
0.0203391220421
44.0 54.0 24.0 21.0
obstacle
0.0203220602125
118.0 230.0 108.0 75.0
obstacle
0.0202977955341
470.0 28.0 24.0 18.0
obstacle
0.0202904548496
271.0 232.0 229.0 101.0
obstacle
0.020182903856
239.0 308.0 21.0 24.0
obstacle
0.0201815292239
42.0 1.0 28.0 21.0
obstacle
0.0201806630939
119.0 284.0 29.0 21.0
obstacle
0.0200405661017
343.0 181.0 122.0 74.0
obstacle
0.0199652034789
75.0 229.0 116.0 81.0
obstacle
0.0198379922658
235.0 282.0 27.0 25.0
obstacle
0.0198090653867
201.0 308.0 22.0 24.0
obstacle
0.0197165571153
0.0 2.0 61.0 73.0
obstacle
0.0196742266417
87.0 109.0 17.0 15.0
obstacle
0.0196712482721
82.0 1.0 26.0 21.0
obstacle
0.0196336135268
47.0 79.0 22.0 22.0
obstacle
0.0195259712636
192.0 230.0 39.0 20.0
obstacle
0.0194966811687
160.0 0.0 102.0 57.0
obstacle
0.0194542817771
190.0 229.0 116.0 79.0
obstacle
0.0192742533982
0.0 156.0 67.0 70.0
obstacle
0.01917893067
197.0 282.0 29.0 24.0
obstacle
0.0190401803702
388.0 232.0 111.0 74.0
obstacle
0.0189728885889
8.0 29.0 15.0 19.0
obstacle
0.0188985262066
120.0 27.0 25.0 21.0
obstacle
0.0188559722155
0.0 260.0 60.0 66.0
obstacle
0.0188516974449
389.0 284.0 26.0 20.0
obstacle
0.0187911633402
122.0 54.0 25.0 21.0
obstacle
0.0186947211623
105.0 283.0 136.0 50.0
obstacle
0.0186822880059
331.0 288.0 145.0 45.0
obstacle
0.0186727643013
126.0 48.0 374.0 285.0
obstacle
0.0185278691351
0.0 30.0 67.0 70.0
obstacle
0.018409634009
123.0 24.0 100.0 82.0
obstacle
0.018374979496
0.0 68.0 354.0 99.0
obstacle
0.0183533970267
7.0 79.0 15.0 21.0
obstacle
0.0182947255671
26.0 283.0 143.0 50.0
obstacle
0.0182551406324
354.0 0.0 99.0 60.0
obstacle
0.0182507690042
397.0 0.0 89.0 57.0
obstacle
0.0181054379791
275.0 27.0 24.0 23.0
obstacle
0.0181014239788
313.0 283.0 25.0 21.0
obstacle
0.0180990565568
4.0 107.0 12.0 17.0
obstacle
0.0180772971362
273.0 232.0 26.0 21.0
obstacle
0.0180214140564
347.0 205.0 114.0 76.0
obstacle
0.0180123224854
273.0 256.0 27.0 25.0
obstacle
0.0178791433573
159.0 27.0 24.0 21.0
obstacle
0.0178667493165
11.0 50.0 93.0 79.0
obstacle
0.0178355798125
0.0 57.0 61.0 63.0
obstacle
0.0177691355348
211.0 154.0 289.0 126.0
obstacle
0.0177685394883
86.0 80.0 20.0 20.0
obstacle
0.017761323601
48.0 26.0 97.0 76.0
obstacle
0.0176808331162
0.0 0.0 370.0 103.0
obstacle
0.0176450498402
313.0 27.0 24.0 22.0
obstacle
0.0175664946437
39.0 230.0 111.0 79.0
obstacle
0.017542200163
160.0 79.0 25.0 21.0
obstacle
0.0174403749406
345.0 231.0 119.0 76.0
obstacle
0.0174015089869
200.0 0.0 99.0 59.0
obstacle
0.0171432774514
237.0 26.0 23.0 23.0
obstacle
0.0171373225749
277.0 0.0 99.0 59.0
obstacle
0.0171355959028
46.0 283.0 22.0 23.0
obstacle
0.0170717351139
198.0 26.0 23.0 23.0
obstacle
0.0169803146273
271.0 203.0 111.0 80.0
obstacle
0.016973471269
347.0 257.0 113.0 74.0
obstacle
0.0169338993728
43.0 51.0 103.0 78.0
obstacle
0.0169308260083
238.0 0.0 100.0 58.0
obstacle
0.0167726222426
187.0 211.0 115.0 63.0
obstacle
0.0167430266738
6.0 154.0 17.0 23.0
obstacle
0.01666585356
317.0 0.0 97.0 59.0
obstacle
0.0163714643568
48.0 154.0 17.0 23.0
obstacle
0.0163338817656
368.0 62.0 132.0 261.0
obstacle
0.0163027066737
0.0 203.0 62.0 78.0
obstacle
0.0161468144506
291.0 179.0 209.0 129.0
obstacle
0.0159559193999
378.0 0.0 122.0 204.0
obstacle
0.0159320197999
7.0 178.0 18.0 25.0
obstacle
0.0159212946892
0.0 0.0 219.0 74.0
obstacle
0.0158684700727
133.0 209.0 367.0 119.0
obstacle
0.015853209421
7.0 129.0 13.0 22.0
obstacle
0.0156815387309
4.0 109.0 106.0 63.0
obstacle
0.0156658459455
0.0 284.0 78.0 49.0
obstacle
0.0156085416675
20.0 167.0 83.0 49.0
obstacle
0.0156067311764
85.0 84.0 97.0 63.0
obstacle
0.0156019572169
276.0 282.0 27.0 22.0
obstacle
0.0156018892303
83.0 284.0 27.0 21.0
obstacle
0.0154522797093
307.0 0.0 193.0 72.0
obstacle
0.0154331913218
152.0 255.0 117.0 78.0
obstacle
0.0153829762712
279.0 139.0 91.0 50.0
obstacle
0.0153127750382
121.0 180.0 31.0 21.0
obstacle
0.0152319418266
82.0 27.0 23.0 21.0
obstacle
0.0152226146311
271.0 206.0 28.0 17.0
obstacle
0.0150960488245
53.0 87.0 84.0 59.0
obstacle
0.0150402197614
44.0 27.0 24.0 22.0
obstacle
0.0148341003805
38.0 218.0 114.0 49.0
obstacle
0.0146983601153
34.0 233.0 356.0 100.0
obstacle
0.0143590290099
78.0 204.0 26.0 22.0
obstacle
0.0143244937062
43.0 185.0 101.0 57.0
obstacle
0.0142379021272
228.0 227.0 117.0 82.0
