obstacle
0.742378294468
163.0 146.0 159.0 49.0
obstacle
0.713457226753
281.0 54.0 71.0 25.0
obstacle
0.641743719578
407.0 58.0 93.0 31.0
obstacle
0.345240324736
424.0 56.0 76.0 57.0
obstacle
0.280785679817
472.0 101.0 28.0 23.0
obstacle
0.267658382654
279.0 54.0 34.0 21.0
obstacle
0.231777489185
419.0 59.0 44.0 22.0
obstacle
0.189862832427
182.0 158.0 124.0 50.0
obstacle
0.178158551455
443.0 91.0 57.0 43.0
obstacle
0.171471387148
422.0 73.0 45.0 22.0
obstacle
0.162181168795
463.0 58.0 27.0 24.0
obstacle
0.162022560835
472.0 74.0 26.0 25.0
obstacle
0.145728245378
95.0 134.0 236.0 67.0
obstacle
0.128152400255
124.0 151.0 118.0 39.0
obstacle
0.12182546407
397.0 84.0 103.0 54.0
obstacle
0.0974867865443
48.0 140.0 323.0 94.0
obstacle
0.0912229195237
470.0 126.0 29.0 22.0
obstacle
0.087324872613
282.0 46.0 141.0 36.0
obstacle
0.0732867643237
327.0 35.0 173.0 103.0
obstacle
0.0706011652946
168.0 124.0 93.0 42.0
obstacle
0.0699862018228
234.0 177.0 37.0 18.0
obstacle
0.0695829689503
166.0 131.0 20.0 23.0
obstacle
0.0674219951034
226.0 158.0 48.0 21.0
obstacle
0.0619378052652
363.0 50.0 102.0 34.0
obstacle
0.0614989735186
392.0 233.0 25.0 18.0
obstacle
0.0590144842863
278.0 56.0 92.0 51.0
obstacle
0.0565963424742
469.0 156.0 27.0 18.0
obstacle
0.054773285985
423.0 105.0 38.0 18.0
obstacle
0.0544103868306
387.0 139.0 110.0 53.0
obstacle
0.0520146973431
436.0 108.0 64.0 62.0
obstacle
0.0519855134189
191.0 177.0 43.0 19.0
obstacle
0.0503868944943
217.0 36.0 213.0 53.0
obstacle
0.0495923757553
311.0 76.0 31.0 16.0
obstacle
0.0469353236258
389.0 152.0 28.0 21.0
obstacle
0.0454845055938
116.0 161.0 121.0 47.0
obstacle
0.0439590476453
286.0 21.0 78.0 45.0
obstacle
0.0433441884816
271.0 179.0 29.0 20.0
obstacle
0.0430694743991
156.0 155.0 32.0 26.0
obstacle
0.0426172837615
194.0 105.0 29.0 21.0
obstacle
0.0419028885663
201.0 44.0 107.0 41.0
obstacle
0.0411966852844
123.0 178.0 24.0 23.0
obstacle
0.0411299318075
248.0 21.0 91.0 42.0
obstacle
0.0393312349916
241.0 56.0 96.0 56.0
obstacle
0.0388891920447
340.0 115.0 122.0 53.0
obstacle
0.0384904555976
236.0 103.0 27.0 21.0
obstacle
0.0378296598792
203.0 125.0 87.0 44.0
obstacle
0.0370699316263
470.0 2.0 23.0 17.0
obstacle
0.0370491743088
270.0 156.0 25.0 23.0
obstacle
0.0361058451235
428.0 127.0 31.0 22.0
obstacle
0.0359574481845
341.0 133.0 125.0 64.0
obstacle
0.0353841818869
386.0 129.0 31.0 20.0
obstacle
0.0352003090084
237.0 76.0 20.0 21.0
obstacle
0.0349672734737
275.0 72.0 27.0 24.0
obstacle
0.0347784757614
128.0 39.0 317.0 96.0
obstacle
0.034770514816
280.0 0.0 91.0 58.0
obstacle
0.0345244258642
472.0 311.0 19.0 17.0
obstacle
0.0344367474318
274.0 103.0 28.0 21.0
obstacle
0.0343899950385
353.0 153.0 26.0 20.0
obstacle
0.0338401868939
156.0 176.0 35.0 20.0
obstacle
0.0338358320296
347.0 58.0 20.0 18.0
obstacle
0.0338072478771
427.0 153.0 32.0 22.0
obstacle
0.0336179994047
5.0 181.0 17.0 20.0
obstacle
0.0334066934884
428.0 3.0 28.0 17.0
obstacle
0.0329205282032
322.0 84.0 178.0 110.0
obstacle
0.0326976142824
396.0 76.0 20.0 21.0
obstacle
0.0325456112623
393.0 59.0 19.0 17.0
obstacle
0.0324081219733
192.0 158.0 36.0 24.0
obstacle
0.0322629660368
122.0 126.0 325.0 81.0
obstacle
0.0320101007819
472.0 177.0 23.0 23.0
obstacle
0.0313240140676
230.0 157.0 104.0 59.0
obstacle
0.0311184078455
405.0 18.0 76.0 51.0
obstacle
0.0309375021607
430.0 255.0 22.0 24.0
obstacle
0.0307182483375
198.0 53.0 23.0 22.0
obstacle
0.0306746233255
82.0 179.0 26.0 22.0
obstacle
0.0305024199188
5.0 129.0 20.0 23.0
obstacle
0.0299307256937
392.0 255.0 23.0 26.0
obstacle
0.0297935064882
157.0 106.0 31.0 20.0
obstacle
0.0295979920775
440.0 0.0 60.0 51.0
obstacle
0.029544794932
470.0 29.0 21.0 19.0
obstacle
0.0294733736664
312.0 134.0 106.0 59.0
obstacle
0.0293016284704
6.0 255.0 17.0 23.0
obstacle
0.029177358374
195.0 78.0 29.0 20.0
obstacle
0.0287890248001
391.0 158.0 100.0 65.0
obstacle
0.0286047570407
315.0 3.0 23.0 19.0
obstacle
0.0285937674344
273.0 4.0 29.0 17.0
obstacle
0.0284844394773
156.0 230.0 31.0 25.0
obstacle
0.0283439271152
425.0 231.0 25.0 22.0
obstacle
0.0281439702958
197.0 130.0 29.0 21.0
obstacle
0.0280816685408
350.0 231.0 27.0 22.0
obstacle
0.0276798289269
199.0 2.0 24.0 20.0
obstacle
0.0275381878018
236.0 3.0 24.0 19.0
obstacle
0.0275046247989
391.0 4.0 22.0 17.0
obstacle
0.0274889674038
277.0 27.0 27.0 25.0
obstacle
0.0274872463197
314.0 30.0 27.0 21.0
obstacle
0.0274235922843
1.0 89.0 344.0 112.0
obstacle
0.0271547734737
239.0 0.0 97.0 51.0
obstacle
0.0270943585783
472.0 206.0 23.0 20.0
obstacle
0.0270566698164
431.0 311.0 23.0 19.0
obstacle
0.0270315371454
475.0 257.0 19.0 20.0
obstacle
0.0269955396652
432.0 32.0 20.0 19.0
obstacle
0.0269576255232
235.0 90.0 100.0 51.0
obstacle
0.0266492366791
354.0 3.0 21.0 17.0
obstacle
0.0265802182257
119.0 130.0 28.0 22.0
obstacle
0.0264791920781
353.0 66.0 120.0 35.0
obstacle
0.0264710970223
158.0 53.0 27.0 22.0
obstacle
0.0261406414211
192.0 88.0 110.0 57.0
obstacle
0.0261282734573
194.0 228.0 31.0 27.0
obstacle
0.0261107943952
5.0 282.0 18.0 24.0
obstacle
0.0260051377118
82.0 2.0 27.0 18.0
obstacle
0.0258223451674
351.0 209.0 107.0 69.0
obstacle
0.0257618892938
313.0 255.0 27.0 25.0
obstacle
0.0257211923599
346.0 228.0 112.0 82.0
obstacle
0.0256910249591
134.0 121.0 85.0 46.0
obstacle
0.0256618652493
242.0 72.0 258.0 86.0
obstacle
0.0256613437086
154.0 84.0 110.0 64.0
obstacle
0.025621091947
4.0 1.0 21.0 21.0
obstacle
0.0253939833492
7.0 54.0 19.0 20.0
obstacle
0.0253246873617
311.0 104.0 27.0 18.0
obstacle
0.0251706279814
121.0 52.0 25.0 23.0
obstacle
0.0250595957041
433.0 282.0 25.0 21.0
obstacle
0.0249922927469
139.0 185.0 140.0 64.0
obstacle
0.0249655488878
164.0 311.0 20.0 20.0
obstacle
0.0249207038432
0.0 99.0 63.0 83.0
obstacle
0.0249010026455
46.0 160.0 103.0 61.0
obstacle
0.0247680749744
85.0 310.0 20.0 19.0
obstacle
0.0246236566454
5.0 232.0 18.0 22.0
obstacle
0.0245315749198
395.0 0.0 92.0 57.0
obstacle
0.0243849623948
472.0 232.0 22.0 20.0
obstacle
0.0243339240551
234.0 114.0 266.0 105.0
obstacle
0.0242989119142
204.0 9.0 101.0 60.0
obstacle
0.0242226440459
311.0 230.0 29.0 24.0
obstacle
0.0242209490389
275.0 255.0 26.0 26.0
obstacle
0.0241896435618
6.0 205.0 18.0 24.0
obstacle
0.024108780548
80.0 129.0 27.0 21.0
obstacle
0.0240181405097
350.0 255.0 26.0 25.0
obstacle
0.0239326767623
158.0 77.0 27.0 21.0
obstacle
0.0238872691989
391.0 206.0 25.0 23.0
obstacle
0.02381843701
351.0 78.0 20.0 15.0
obstacle
0.0237676072866
82.0 164.0 108.0 49.0
obstacle
0.0237449798733
243.0 118.0 88.0 53.0
obstacle
0.0236574653536
273.0 229.0 27.0 24.0
obstacle
0.0236390084028
43.0 53.0 24.0 21.0
obstacle
0.0234956201166
309.0 204.0 112.0 79.0
obstacle
0.0234903916717
351.0 205.0 24.0 21.0
obstacle
0.0234764255583
356.0 311.0 18.0 19.0
obstacle
0.0234693996608
316.0 153.0 20.0 24.0
obstacle
0.0234599690884
0.0 255.0 64.0 76.0
obstacle
0.023439379409
0.0 153.0 65.0 77.0
obstacle
0.023400740698
120.0 2.0 27.0 19.0
obstacle
0.0233789477497
80.0 257.0 30.0 21.0
obstacle
0.0231378506869
269.0 134.0 108.0 61.0
obstacle
0.023124422878
124.0 310.0 19.0 20.0
obstacle
0.0230983532965
159.0 1.0 26.0 20.0
obstacle
0.0230510998517
274.0 129.0 24.0 24.0
obstacle
0.0230109654367
390.0 180.0 25.0 21.0
obstacle
0.0229208823293
392.0 281.0 26.0 24.0
obstacle
0.0228828862309
389.0 210.0 104.0 67.0
obstacle
0.0228096880019
118.0 230.0 29.0 24.0
obstacle
0.0227768942714
319.0 181.0 22.0 19.0
obstacle
0.0227519832551
239.0 54.0 21.0 20.0
obstacle
0.022707965225
190.0 207.0 116.0 73.0
obstacle
0.0225904993713
126.0 86.0 94.0 59.0
obstacle
0.0225355196744
349.0 182.0 25.0 21.0
obstacle
0.022523900494
390.0 312.0 23.0 19.0
obstacle
0.0224865619093
6.0 308.0 18.0 22.0
obstacle
0.022465730086
193.0 206.0 33.0 20.0
obstacle
0.022459635511
280.0 311.0 18.0 19.0
obstacle
0.0224387831986
42.0 2.0 30.0 18.0
obstacle
0.0224237516522
428.0 177.0 30.0 22.0
obstacle
0.022303102538
121.0 256.0 25.0 24.0
obstacle
0.0222742147744
86.0 61.0 327.0 112.0
obstacle
0.0221825949848
234.0 230.0 30.0 25.0
obstacle
0.0220930539072
159.0 255.0 27.0 26.0
obstacle
0.0220741759986
6.0 103.0 19.0 22.0
obstacle
0.0218906719238
155.0 0.0 340.0 81.0
obstacle
0.0218256935477
3.0 153.0 20.0 23.0
obstacle
0.021818337962
237.0 256.0 24.0 24.0
obstacle
0.0217803958803
0.0 228.0 60.0 80.0
obstacle
0.0217583309859
238.0 27.0 21.0 20.0
obstacle
0.0217343568802
350.0 129.0 29.0 23.0
obstacle
0.0216330811381
201.0 311.0 22.0 19.0
obstacle
0.0216103233397
234.0 204.0 29.0 22.0
obstacle
0.0215702746063
7.0 161.0 103.0 58.0
obstacle
0.0215642638505
392.0 31.0 19.0 16.0
obstacle
0.0214893277735
277.0 82.0 97.0 63.0
obstacle
0.0214721839875
0.0 25.0 64.0 74.0
obstacle
0.0214577689767
6.0 78.0 19.0 22.0
obstacle
0.0214570425451
121.0 77.0 24.0 21.0
obstacle
0.0214002411813
80.0 53.0 27.0 21.0
obstacle
0.0213943421841
376.0 290.0 124.0 43.0
obstacle
0.0212543848902
114.0 204.0 116.0 79.0
obstacle
0.021167030558
218.0 211.0 282.0 116.0
obstacle
0.0210753139108
79.0 117.0 115.0 48.0
obstacle
0.0210287179798
231.0 205.0 111.0 75.0
obstacle
0.02100838162
312.0 179.0 105.0 76.0
obstacle
0.0209675971419
317.0 312.0 19.0 18.0
obstacle
0.0208734739572
473.0 283.0 21.0 19.0
obstacle
0.0208704899997
45.0 309.0 23.0 19.0
obstacle
0.0208443198353
198.0 255.0 26.0 25.0
obstacle
0.0208195764571
43.0 77.0 25.0 22.0
obstacle
0.0207726899534
81.0 77.0 26.0 21.0
obstacle
0.0207197535783
353.0 283.0 26.0 22.0
obstacle
0.0206448882818
321.0 0.0 86.0 58.0
obstacle
0.0204696450382
42.0 258.0 25.0 20.0
obstacle
0.0204399675131
42.0 179.0 24.0 22.0
obstacle
0.0203559901565
156.0 36.0 110.0 57.0
obstacle
0.0202616993338
1.0 0.0 115.0 56.0
obstacle
0.0202508531511
158.0 204.0 26.0 22.0
obstacle
0.0201586671174
431.0 152.0 69.0 79.0
obstacle
0.0201431773603
157.0 202.0 108.0 82.0
obstacle
0.0201228689402
89.0 147.0 100.0 41.0
obstacle
0.0198409240693
240.0 311.0 20.0 19.0
obstacle
0.0197318308055
238.0 282.0 25.0 23.0
obstacle
0.0196292046458
160.0 0.0 103.0 59.0
obstacle
0.0195727236569
269.0 204.0 116.0 79.0
obstacle
0.0194110758603
153.0 59.0 114.0 60.0
obstacle
0.019346402958
120.0 104.0 25.0 22.0
obstacle
0.0193134136498
79.0 230.0 29.0 23.0
obstacle
0.0192496590316
199.0 25.0 22.0 24.0
obstacle
0.0191483907402
272.0 112.0 106.0 58.0
obstacle
0.0190649554133
304.0 62.0 116.0 48.0
obstacle
0.0190404653549
391.0 228.0 99.0 82.0
obstacle
0.0189508143812
75.0 206.0 117.0 74.0
obstacle
0.0189238283783
238.0 131.0 25.0 21.0
obstacle
0.0188488606364
315.0 206.0 24.0 21.0
obstacle
0.0187587942928
134.0 85.0 366.0 113.0
obstacle
0.0187367033213
42.0 113.0 109.0 56.0
obstacle
0.0185559224337
0.0 204.0 61.0 76.0
obstacle
0.018553994596
352.0 31.0 19.0 15.0
obstacle
0.0185358133167
21.0 4.0 383.0 121.0
obstacle
0.0185117516667
120.0 27.0 27.0 21.0
obstacle
0.0184764154255
0.0 178.0 64.0 78.0
obstacle
0.0184735246003
115.0 32.0 117.0 65.0
obstacle
0.0184054002166
80.0 31.0 108.0 67.0
obstacle
0.0183427352458
314.0 88.0 101.0 52.0
obstacle
0.0181783251464
81.0 3.0 107.0 73.0
obstacle
0.0181741323322
273.0 206.0 27.0 21.0
obstacle
0.0181333161891
83.0 153.0 24.0 22.0
obstacle
0.0181249678135
279.0 281.0 23.0 25.0
obstacle
0.0180676374584
5.0 27.0 16.0 22.0
obstacle
0.0179132893682
427.0 207.0 28.0 19.0
obstacle
0.0178889445961
121.0 0.0 103.0 61.0
obstacle
0.0177396461368
31.0 179.0 360.0 127.0
obstacle
0.0177361872047
386.0 257.0 113.0 73.0
obstacle
0.0176608171314
81.0 102.0 27.0 23.0
obstacle
0.017484376207
121.0 282.0 27.0 23.0
obstacle
0.0174831431359
43.0 103.0 25.0 22.0
obstacle
0.0173851717263
50.0 92.0 450.0 241.0
obstacle
0.0173043031245
328.0 0.0 172.0 102.0
obstacle
0.0172984302044
160.0 282.0 27.0 24.0
obstacle
0.0172603745013
128.0 154.0 19.0 23.0
obstacle
0.0172487106174
187.0 60.0 126.0 56.0
obstacle
0.0171857699752
83.0 282.0 26.0 23.0
obstacle
0.0171674415469
41.0 129.0 27.0 21.0
obstacle
0.0170944035053
0.0 79.0 65.0 72.0
obstacle
0.0170002225786
83.0 27.0 25.0 19.0
obstacle
0.0169559270144
352.0 259.0 106.0 70.0
obstacle
0.0169046409428
352.0 105.0 23.0 18.0
obstacle
0.0168569386005
113.0 188.0 114.0 59.0
obstacle
0.0168393664062
43.0 0.0 104.0 56.0
obstacle
0.0167192928493
335.0 159.0 133.0 66.0
obstacle
0.0167067311704
199.0 281.0 24.0 25.0
obstacle
0.0166705325246
374.0 10.0 67.0 58.0
obstacle
0.0166132058948
37.0 29.0 117.0 70.0
obstacle
0.0163811445236
159.0 27.0 25.0 21.0
obstacle
0.016333758831
152.0 229.0 119.0 79.0
obstacle
0.0162585042417
43.0 231.0 26.0 22.0
obstacle
0.0159654598683
117.0 55.0 111.0 70.0
obstacle
0.0159553028643
295.0 290.0 143.0 43.0
obstacle
0.0158661715686
194.0 229.0 111.0 78.0
obstacle
0.0158219113946
315.0 128.0 25.0 24.0
obstacle
0.01570879668
42.0 282.0 25.0 23.0
obstacle
0.0156440343708
349.0 89.0 114.0 49.0
obstacle
0.0155832441524
47.0 234.0 404.0 99.0
obstacle
0.0155009664595
0.0 49.0 65.0 80.0
obstacle
0.0152823263779
232.0 226.0 112.0 86.0
obstacle
0.0152197135612
85.0 84.0 102.0 63.0
obstacle
0.0151887685061
35.0 204.0 121.0 78.0
obstacle
0.0151661382988
315.0 282.0 24.0 23.0
obstacle
0.0150492647663
0.0 106.0 117.0 70.0
obstacle
0.0149538256228
77.0 228.0 113.0 81.0
obstacle
0.014816542156
313.0 257.0 106.0 75.0
obstacle
0.0147757474333
39.0 227.0 112.0 82.0
obstacle
0.0147292483598
346.0 185.0 110.0 65.0
obstacle
0.014696941711
387.0 186.0 107.0 64.0
obstacle
0.0145883178338
44.0 28.0 23.0 19.0
obstacle
0.0145621392876
223.0 184.0 129.0 64.0
obstacle
0.0145599069074
0.0 0.0 487.0 246.0
obstacle
0.0145491790026
46.0 205.0 21.0 22.0
obstacle
0.014434822835
315.0 123.0 185.0 138.0
obstacle
0.0144008500502
281.0 256.0 219.0 77.0
obstacle
0.0143993720412
119.0 205.0 28.0 22.0
obstacle
0.014377810061
38.0 54.0 113.0 69.0
obstacle
0.0142105491832
4.0 0.0 339.0 78.0
obstacle
0.014160592109
392.0 103.0 21.0 19.0
obstacle
0.0141167202964
38.0 181.0 114.0 72.0
obstacle
0.0138725200668
215.0 287.0 147.0 46.0
obstacle
0.0138610908762
33.0 79.0 125.0 70.0
obstacle
0.0137777552009
78.0 56.0 110.0 66.0
obstacle
0.0137735903263
70.0 286.0 130.0 47.0
