obstacle
0.616552054882
195.0 197.0 183.0 44.0
obstacle
0.477634638548
214.0 216.0 138.0 39.0
obstacle
0.315904378891
265.0 112.0 42.0 63.0
obstacle
0.298640370369
271.0 187.0 29.0 16.0
obstacle
0.295289099216
261.0 220.0 117.0 37.0
obstacle
0.217696756124
171.0 186.0 99.0 63.0
obstacle
0.198857054114
267.0 203.0 102.0 36.0
obstacle
0.174502640963
236.0 175.0 97.0 42.0
obstacle
0.158147960901
226.0 107.0 57.0 71.0
obstacle
0.156566277146
275.0 122.0 19.0 39.0
obstacle
0.121585935354
272.0 155.0 26.0 25.0
obstacle
0.11965546757
209.0 167.0 95.0 51.0
obstacle
0.118388362229
290.0 111.0 67.0 65.0
obstacle
0.113510392606
146.0 201.0 285.0 75.0
obstacle
0.108624316752
246.0 147.0 83.0 44.0
obstacle
0.107552774251
260.0 82.0 52.0 74.0
obstacle
0.0887609645724
174.0 185.0 227.0 71.0
obstacle
0.0884166136384
272.0 104.0 23.0 30.0
obstacle
0.077273093164
243.0 122.0 19.0 36.0
obstacle
0.076569929719
315.0 183.0 18.0 17.0
obstacle
0.0719165280461
202.0 135.0 103.0 65.0
obstacle
0.0713839679956
312.0 230.0 36.0 21.0
obstacle
0.068133123219
268.0 230.0 38.0 19.0
obstacle
0.0572861433029
71.0 179.0 278.0 84.0
obstacle
0.0552657693624
267.0 204.0 32.0 23.0
obstacle
0.05517975986
237.0 182.0 34.0 16.0
obstacle
0.054005112499
219.0 75.0 70.0 87.0
obstacle
0.0526560507715
235.0 228.0 32.0 23.0
obstacle
0.0517620965838
309.0 156.0 21.0 24.0
obstacle
0.0512149780989
282.0 69.0 84.0 97.0
obstacle
0.0511115863919
71.0 112.0 362.0 117.0
obstacle
0.0497183762491
200.0 180.0 26.0 24.0
obstacle
0.049501452595
236.0 157.0 27.0 21.0
obstacle
0.0489092431962
157.0 152.0 260.0 86.0
obstacle
0.0475809052587
350.0 182.0 18.0 21.0
obstacle
0.0463229827583
171.0 215.0 89.0 45.0
obstacle
0.0463044829667
313.0 125.0 18.0 33.0
obstacle
0.0453904345632
202.0 128.0 20.0 26.0
obstacle
0.044342905283
277.0 175.0 86.0 39.0
obstacle
0.0431780256331
176.0 169.0 86.0 54.0
obstacle
0.0420740991831
308.0 218.0 98.0 44.0
obstacle
0.0419041365385
354.0 158.0 21.0 21.0
obstacle
0.0412295423448
0.0 25.0 500.0 231.0
obstacle
0.0411366298795
164.0 204.0 22.0 24.0
obstacle
0.0404374375939
350.0 207.0 23.0 28.0
obstacle
0.039382416755
317.0 103.0 89.0 76.0
obstacle
0.038966588676
161.0 180.0 20.0 25.0
obstacle
0.0384637191892
202.0 156.0 21.0 26.0
obstacle
0.0378820747137
182.0 102.0 64.0 81.0
obstacle
0.0362040735781
233.0 206.0 34.0 21.0
obstacle
0.0360589250922
316.0 129.0 89.0 74.0
obstacle
0.0359361246228
322.0 195.0 68.0 48.0
obstacle
0.0351833254099
163.0 230.0 25.0 24.0
obstacle
0.0350053831935
276.0 143.0 85.0 48.0
obstacle
0.035004388541
308.0 209.0 33.0 22.0
obstacle
0.0337396860123
347.0 230.0 23.0 22.0
obstacle
0.0325823351741
471.0 2.0 22.0 18.0
obstacle
0.0322129353881
194.0 203.0 29.0 27.0
obstacle
0.0314926281571
430.0 256.0 22.0 21.0
obstacle
0.0313435643911
150.0 93.0 278.0 103.0
obstacle
0.0313148722053
471.0 233.0 22.0 21.0
obstacle
0.0312006380409
239.0 105.0 26.0 25.0
obstacle
0.0311230160296
472.0 103.0 22.0 22.0
obstacle
0.0306783821434
472.0 77.0 23.0 23.0
obstacle
0.0305364727974
473.0 258.0 19.0 18.0
obstacle
0.0303559992462
389.0 215.0 106.0 59.0
obstacle
0.0303244441748
390.0 1.0 28.0 20.0
obstacle
0.0299292262644
124.0 181.0 21.0 21.0
obstacle
0.0299003832042
5.0 0.0 106.0 80.0
obstacle
0.0296652689576
189.0 236.0 115.0 60.0
obstacle
0.0296181757003
320.0 73.0 88.0 85.0
obstacle
0.0295735262334
315.0 49.0 100.0 83.0
obstacle
0.0295416433364
129.0 215.0 318.0 103.0
obstacle
0.0292790923268
472.0 52.0 22.0 22.0
obstacle
0.0290339067578
199.0 102.0 22.0 25.0
obstacle
0.0290127824992
427.0 233.0 27.0 22.0
obstacle
0.0287152864039
84.0 52.0 23.0 23.0
obstacle
0.0287088323385
170.0 71.0 88.0 90.0
obstacle
0.0286320894957
310.0 256.0 34.0 22.0
obstacle
0.0284494385123
239.0 80.0 23.0 19.0
obstacle
0.0283273644745
393.0 0.0 97.0 80.0
obstacle
0.0282856021076
352.0 1.0 28.0 21.0
obstacle
0.028251266107
130.0 213.0 88.0 57.0
obstacle
0.0282318200916
81.0 232.0 27.0 20.0
obstacle
0.0281450208277
159.0 0.0 260.0 290.0
obstacle
0.0280594918877
428.0 77.0 26.0 24.0
obstacle
0.0279856640846
429.0 1.0 28.0 20.0
obstacle
0.027981877327
313.0 1.0 28.0 21.0
obstacle
0.0277785230428
429.0 157.0 23.0 20.0
obstacle
0.0276533812284
7.0 311.0 17.0 20.0
obstacle
0.0275537371635
275.0 256.0 24.0 22.0
obstacle
0.0274740625173
473.0 129.0 20.0 21.0
obstacle
0.0273982509971
351.0 219.0 100.0 48.0
obstacle
0.0272148605436
184.0 131.0 63.0 76.0
obstacle
0.0271872058511
390.0 103.0 25.0 25.0
obstacle
0.0269936975092
390.0 258.0 24.0 21.0
obstacle
0.0269893910736
391.0 52.0 24.0 23.0
obstacle
0.0267677847296
430.0 25.0 23.0 26.0
obstacle
0.0266195945442
312.0 106.0 22.0 23.0
obstacle
0.0265197884291
354.0 0.0 98.0 81.0
obstacle
0.0265139192343
236.0 1.0 29.0 22.0
obstacle
0.0265014544129
388.0 231.0 24.0 25.0
obstacle
0.0264700874686
392.0 180.0 22.0 20.0
obstacle
0.0264329109341
350.0 78.0 26.0 23.0
obstacle
0.026369234547
429.0 51.0 24.0 24.0
obstacle
0.0263334326446
43.0 0.0 105.0 82.0
obstacle
0.0262736510485
219.0 239.0 132.0 55.0
obstacle
0.0261427555233
121.0 2.0 27.0 20.0
obstacle
0.0260848738253
471.0 26.0 22.0 22.0
obstacle
0.0260743107647
32.0 156.0 126.0 73.0
obstacle
0.0260036103427
2.0 50.0 108.0 80.0
obstacle
0.0260008592159
355.0 71.0 97.0 89.0
obstacle
0.0259057208896
313.0 0.0 103.0 81.0
obstacle
0.0257722456008
275.0 0.0 28.0 23.0
obstacle
0.0256504137069
474.0 311.0 17.0 18.0
obstacle
0.0255400277674
6.0 258.0 16.0 20.0
obstacle
0.0255185812712
46.0 53.0 21.0 23.0
obstacle
0.0254332292825
384.0 230.0 112.0 76.0
obstacle
0.0253912452608
45.0 78.0 22.0 24.0
obstacle
0.0253212396055
0.0 148.0 351.0 93.0
obstacle
0.0252805612981
132.0 187.0 92.0 61.0
obstacle
0.0252706501633
429.0 103.0 25.0 24.0
obstacle
0.0251180212945
160.0 1.0 26.0 22.0
obstacle
0.0251173786819
7.0 181.0 15.0 19.0
obstacle
0.0249303039163
275.0 80.0 24.0 21.0
obstacle
0.0248451475054
433.0 18.0 67.0 92.0
obstacle
0.0247211158276
352.0 128.0 101.0 79.0
obstacle
0.0245143659413
390.0 69.0 103.0 94.0
obstacle
0.0242848005146
233.0 0.0 109.0 82.0
obstacle
0.0242828521878
5.0 233.0 17.0 21.0
obstacle
0.0242509711534
75.0 62.0 350.0 110.0
obstacle
0.0241881553084
161.0 103.0 23.0 24.0
obstacle
0.0241844318807
82.0 0.0 105.0 81.0
obstacle
0.0241701137275
258.0 234.0 126.0 65.0
obstacle
0.0241071991622
160.0 78.0 25.0 23.0
obstacle
0.0240646898746
195.0 0.0 107.0 81.0
obstacle
0.0239683445543
84.0 77.0 22.0 24.0
obstacle
0.0239473860711
198.0 1.0 28.0 22.0
obstacle
0.0238722506911
7.0 1.0 21.0 21.0
obstacle
0.0238248482347
390.0 78.0 25.0 24.0
obstacle
0.0238070543855
474.0 156.0 17.0 20.0
obstacle
0.0236973296851
199.0 77.0 24.0 23.0
obstacle
0.023657662794
238.0 283.0 23.0 22.0
obstacle
0.0236333515495
350.0 106.0 26.0 19.0
obstacle
0.0236183013767
218.0 97.0 282.0 138.0
obstacle
0.0233651790768
391.0 159.0 24.0 18.0
obstacle
0.0233266688883
351.0 53.0 26.0 22.0
obstacle
0.0232235342264
348.0 258.0 30.0 20.0
obstacle
0.0231889411807
199.0 52.0 24.0 24.0
obstacle
0.023170446977
238.0 53.0 24.0 22.0
obstacle
0.0230458844453
120.0 0.0 105.0 81.0
obstacle
0.023019766435
160.0 0.0 102.0 82.0
obstacle
0.0229296777397
272.0 0.0 107.0 81.0
obstacle
0.0228120014071
435.0 0.0 65.0 57.0
obstacle
0.0227854587138
37.0 205.0 119.0 76.0
obstacle
0.0227197855711
429.0 179.0 23.0 22.0
obstacle
0.0225022491068
122.0 51.0 23.0 25.0
obstacle
0.0224939361215
83.0 179.0 23.0 22.0
obstacle
0.0224601142108
122.0 104.0 23.0 23.0
obstacle
0.0223800893873
45.0 105.0 22.0 22.0
obstacle
0.0223568752408
38.0 182.0 116.0 71.0
obstacle
0.0223148334771
122.0 254.0 24.0 25.0
obstacle
0.0222653672099
83.0 1.0 25.0 20.0
obstacle
0.022257277742
80.0 179.0 112.0 77.0
obstacle
0.0222476255149
5.0 105.0 16.0 21.0
obstacle
0.0222209375352
43.0 2.0 28.0 19.0
obstacle
0.0221045371145
246.0 45.0 254.0 140.0
obstacle
0.0219964496791
123.0 105.0 100.0 73.0
obstacle
0.0219438392669
121.0 77.0 25.0 24.0
obstacle
0.021859254688
163.0 158.0 18.0 20.0
obstacle
0.0217874739319
313.0 311.0 25.0 20.0
obstacle
0.0217315945774
315.0 283.0 24.0 22.0
obstacle
0.0217204522341
239.0 312.0 21.0 18.0
obstacle
0.0216902196407
160.0 282.0 25.0 24.0
obstacle
0.0216767881066
161.0 52.0 22.0 24.0
obstacle
0.0216344222426
5.0 53.0 17.0 22.0
obstacle
0.0215376317501
274.0 53.0 26.0 22.0
obstacle
0.0214760694653
160.0 311.0 24.0 19.0
obstacle
0.0214706268162
276.0 311.0 23.0 19.0
obstacle
0.0214355476201
347.0 48.0 112.0 84.0
obstacle
0.0214281901717
313.0 80.0 26.0 20.0
obstacle
0.0214118584991
162.0 255.0 21.0 23.0
obstacle
0.021350575611
206.0 40.0 91.0 101.0
obstacle
0.021320162341
5.0 78.0 16.0 22.0
obstacle
0.0213140770793
83.0 103.0 23.0 24.0
obstacle
0.0212133713067
104.0 262.0 134.0 66.0
obstacle
0.0211946964264
195.0 229.0 24.0 24.0
obstacle
0.0210719965398
321.0 163.0 76.0 62.0
obstacle
0.0210533272475
277.0 283.0 25.0 21.0
obstacle
0.0209980420768
82.0 206.0 23.0 21.0
obstacle
0.0209717657417
40.0 72.0 110.0 87.0
obstacle
0.02089741081
429.0 311.0 24.0 19.0
obstacle
0.0208851732314
390.0 134.0 102.0 67.0
obstacle
0.0208531785756
82.0 159.0 25.0 18.0
obstacle
0.0207549016923
0.0 289.0 124.0 44.0
obstacle
0.0206264499575
219.0 194.0 281.0 96.0
obstacle
0.0206019449979
235.0 255.0 28.0 21.0
obstacle
0.0205642748624
352.0 159.0 96.0 64.0
obstacle
0.0205591786653
0.0 155.0 65.0 72.0
obstacle
0.0205561779439
474.0 205.0 20.0 22.0
obstacle
0.0205105952919
261.0 265.0 126.0 58.0
obstacle
0.0205011572689
226.0 262.0 121.0 65.0
obstacle
0.0204767137766
5.0 208.0 17.0 20.0
obstacle
0.020392967388
76.0 230.0 120.0 77.0
obstacle
0.020383907482
123.0 157.0 20.0 20.0
obstacle
0.0203732382506
472.0 181.0 21.0 19.0
obstacle
0.0203561615199
312.0 53.0 27.0 22.0
obstacle
0.0203337166458
161.0 129.0 21.0 24.0
obstacle
0.0203304924071
391.0 27.0 24.0 22.0
obstacle
0.0202707145363
123.0 283.0 25.0 22.0
obstacle
0.0201817322522
261.0 290.0 131.0 43.0
obstacle
0.0200678799301
46.0 29.0 23.0 20.0
obstacle
0.020058805123
8.0 285.0 15.0 20.0
obstacle
0.0199138335884
85.0 27.0 23.0 23.0
obstacle
0.0199109856039
266.0 0.0 234.0 102.0
obstacle
0.019905846566
78.0 73.0 112.0 85.0
obstacle
0.0198733359575
0.0 234.0 66.0 68.0
obstacle
0.019859759137
8.0 28.0 15.0 20.0
obstacle
0.0197869129479
81.0 158.0 108.0 70.0
obstacle
0.0197664089501
122.0 311.0 25.0 20.0
obstacle
0.0196703393012
354.0 313.0 21.0 17.0
obstacle
0.0196476913989
120.0 230.0 26.0 25.0
obstacle
0.0194663535804
431.0 207.0 69.0 74.0
obstacle
0.0193779673427
44.0 232.0 23.0 22.0
obstacle
0.0193192176521
118.0 48.0 109.0 85.0
obstacle
0.0193088650703
350.0 130.0 23.0 23.0
obstacle
0.0192398503423
344.0 235.0 117.0 67.0
obstacle
0.0192364156246
199.0 284.0 23.0 20.0
obstacle
0.0192187782377
44.0 312.0 24.0 18.0
obstacle
0.0191336516291
43.0 232.0 107.0 74.0
obstacle
0.0190873928368
247.0 44.0 80.0 93.0
obstacle
0.0190650112927
0.0 51.0 312.0 130.0
obstacle
0.0190074518323
431.0 206.0 24.0 22.0
obstacle
0.0189678557217
43.0 129.0 106.0 78.0
obstacle
0.0189480688423
385.0 155.0 110.0 74.0
obstacle
0.0189322140068
80.0 258.0 26.0 21.0
obstacle
0.0189101919532
44.0 183.0 22.0 18.0
obstacle
0.0188442561775
0.0 0.0 289.0 100.0
obstacle
0.0188212860376
123.0 204.0 23.0 25.0
obstacle
0.0187693946064
353.0 26.0 24.0 23.0
obstacle
0.0186165422201
6.0 159.0 14.0 19.0
obstacle
0.0185218285769
335.0 180.0 126.0 75.0
obstacle
0.018503760919
44.0 159.0 22.0 19.0
obstacle
0.0184063706547
430.0 128.0 22.0 25.0
obstacle
0.0183957517147
0.0 29.0 63.0 70.0
obstacle
0.0183460395783
161.0 48.0 100.0 84.0
obstacle
0.0183326937258
200.0 311.0 22.0 20.0
obstacle
0.0182575397193
199.0 26.0 24.0 24.0
obstacle
0.0180678293109
86.0 313.0 21.0 17.0
obstacle
0.0180360991508
276.0 26.0 24.0 24.0
obstacle
0.0179706774652
126.0 0.0 324.0 75.0
obstacle
0.0179211273789
314.0 26.0 25.0 23.0
obstacle
0.0178534947336
0.0 105.0 116.0 71.0
obstacle
0.0178155060858
2.0 183.0 111.0 69.0
obstacle
0.0177877321839
0.0 178.0 312.0 129.0
obstacle
0.0177495311946
0.0 206.0 66.0 74.0
obstacle
0.0174784529954
6.0 131.0 14.0 21.0
obstacle
0.0173721499741
122.0 26.0 24.0 24.0
obstacle
0.017369966954
237.0 26.0 24.0 23.0
obstacle
0.0173448529094
0.0 2.0 58.0 73.0
obstacle
0.017337039113
123.0 129.0 23.0 24.0
obstacle
0.0173156186938
434.0 104.0 66.0 75.0
obstacle
0.0173065438867
35.0 259.0 122.0 70.0
obstacle
0.0172964204103
84.0 285.0 23.0 19.0
obstacle
0.0172871444374
69.0 290.0 133.0 43.0
obstacle
0.0172821879387
379.0 254.0 121.0 79.0
obstacle
0.0172356311232
44.0 207.0 23.0 22.0
obstacle
0.0172107946128
383.0 181.0 114.0 74.0
obstacle
0.0171262826771
430.0 283.0 25.0 20.0
obstacle
0.0171245280653
311.0 208.0 189.0 122.0
obstacle
0.0170018412173
178.0 288.0 145.0 45.0
obstacle
0.0169054474682
0.0 259.0 306.0 74.0
obstacle
0.016782136634
45.0 259.0 21.0 20.0
obstacle
0.0165112577379
45.0 285.0 22.0 20.0
obstacle
0.0164791494608
474.0 283.0 19.0 20.0
obstacle
0.016440058127
0.0 56.0 63.0 67.0
obstacle
0.0163973793387
83.0 130.0 25.0 22.0
obstacle
0.0163336992264
0.0 80.0 60.0 70.0
obstacle
0.0163245629519
70.0 1.0 361.0 125.0
obstacle
0.0163099765778
392.0 207.0 21.0 25.0
obstacle
0.0161315854639
285.0 0.0 215.0 258.0
obstacle
0.0161150991917
391.0 312.0 22.0 19.0
obstacle
0.0158005543053
354.0 284.0 23.0 20.0
obstacle
0.015668656677
197.0 255.0 23.0 22.0
obstacle
0.0156312715262
390.0 130.0 25.0 24.0
obstacle
0.0154918925837
5.0 134.0 104.0 66.0
obstacle
0.0153627358377
131.0 22.0 369.0 135.0
obstacle
0.015304857865
308.0 236.0 107.0 62.0
obstacle
0.0153047861531
160.0 26.0 24.0 24.0
obstacle
0.0149636333808
122.0 237.0 104.0 62.0
obstacle
0.0147338146344
393.0 283.0 23.0 21.0
obstacle
0.0146771194413
334.0 291.0 138.0 42.0
obstacle
0.0145362960175
7.0 263.0 102.0 63.0
obstacle
0.0144636305049
130.0 136.0 89.0 64.0
obstacle
0.0143979853019
308.0 259.0 109.0 69.0
obstacle
0.0142234461382
125.0 260.0 326.0 73.0
obstacle
0.01411035005
45.0 130.0 24.0 23.0
obstacle
0.0141030075029
81.0 133.0 109.0 69.0
obstacle
0.014078034088
0.0 261.0 61.0 66.0
obstacle
0.0139716276899
430.0 283.0 70.0 50.0
