obstacle
0.528284609318
107.0 179.0 148.0 64.0
obstacle
0.520922482014
179.0 146.0 58.0 54.0
obstacle
0.367917507887
196.0 149.0 31.0 41.0
obstacle
0.217961385846
159.0 155.0 22.0 27.0
obstacle
0.214731112123
132.0 159.0 92.0 75.0
obstacle
0.186789423227
37.0 169.0 277.0 92.0
obstacle
0.14999230206
142.0 213.0 136.0 43.0
obstacle
0.146420225501
154.0 144.0 45.0 60.0
obstacle
0.112810537219
208.0 141.0 62.0 61.0
obstacle
0.111372321844
232.0 158.0 21.0 23.0
obstacle
0.0963467210531
217.0 229.0 57.0 20.0
obstacle
0.0745390206575
204.0 136.0 18.0 20.0
obstacle
0.0650759637356
193.0 218.0 103.0 38.0
obstacle
0.0633539631963
193.0 179.0 90.0 71.0
obstacle
0.0622222535312
191.0 204.0 44.0 23.0
obstacle
0.0569532960653
184.0 230.0 61.0 16.0
obstacle
0.0497902743518
233.0 205.0 30.0 25.0
obstacle
0.0496114306152
98.0 165.0 87.0 56.0
obstacle
0.0486768186092
129.0 155.0 21.0 25.0
obstacle
0.0475794225931
141.0 205.0 58.0 20.0
obstacle
0.044362526387
202.0 170.0 25.0 39.0
obstacle
0.0441389232874
140.0 231.0 61.0 17.0
obstacle
0.0430971086025
164.0 136.0 18.0 17.0
obstacle
0.0418932847679
119.0 160.0 257.0 73.0
obstacle
0.0411273501813
234.0 177.0 26.0 27.0
obstacle
0.0395969562232
25.0 194.0 371.0 91.0
obstacle
0.0390658415854
94.0 189.0 99.0 50.0
obstacle
0.0388109609485
126.0 133.0 22.0 17.0
obstacle
0.0374113693833
110.0 142.0 57.0 57.0
obstacle
0.0366735346615
472.0 179.0 24.0 22.0
obstacle
0.035850007087
173.0 116.0 71.0 61.0
obstacle
0.0358326174319
202.0 109.0 19.0 14.0
obstacle
0.0354238152504
240.0 134.0 16.0 17.0
obstacle
0.0343414992094
472.0 78.0 22.0 22.0
obstacle
0.0339100584388
163.0 179.0 24.0 25.0
obstacle
0.0335300937295
125.0 181.0 23.0 22.0
obstacle
0.0327678993344
276.0 131.0 21.0 19.0
obstacle
0.0326626971364
471.0 3.0 24.0 18.0
obstacle
0.0321726426482
275.0 158.0 23.0 17.0
obstacle
0.0313239172101
472.0 52.0 22.0 23.0
obstacle
0.0310886185616
240.0 109.0 18.0 15.0
obstacle
0.0305655840784
162.0 80.0 21.0 20.0
obstacle
0.0301898233593
81.0 254.0 26.0 24.0
obstacle
0.0299006775022
351.0 2.0 29.0 20.0
obstacle
0.0297485534102
84.0 230.0 22.0 22.0
obstacle
0.0296744704247
82.0 0.0 102.0 78.0
obstacle
0.0293622817844
312.0 0.0 103.0 80.0
obstacle
0.0292201843113
390.0 2.0 29.0 20.0
obstacle
0.029195273295
5.0 1.0 22.0 21.0
obstacle
0.0280814655125
473.0 204.0 22.0 23.0
obstacle
0.0280107818544
313.0 155.0 27.0 21.0
obstacle
0.0276801101863
163.0 81.0 96.0 73.0
obstacle
0.0274332128465
200.0 80.0 22.0 20.0
obstacle
0.0274171493948
473.0 256.0 21.0 23.0
obstacle
0.027244573459
238.0 79.0 23.0 22.0
obstacle
0.0271699875593
473.0 153.0 21.0 21.0
obstacle
0.0271615497768
473.0 230.0 21.0 23.0
obstacle
0.0271493680775
121.0 2.0 28.0 20.0
obstacle
0.0269479639828
471.0 310.0 20.0 21.0
obstacle
0.0268894992769
4.0 232.0 16.0 23.0
obstacle
0.0268690381199
432.0 19.0 68.0 91.0
obstacle
0.0267689283937
429.0 2.0 29.0 20.0
obstacle
0.0266001205891
428.0 178.0 26.0 25.0
obstacle
0.0265545211732
44.0 0.0 102.0 80.0
obstacle
0.0264177080244
313.0 2.0 28.0 20.0
obstacle
0.0264032706618
233.0 135.0 100.0 67.0
obstacle
0.0263762641698
274.0 179.0 24.0 23.0
obstacle
0.0261697359383
11.0 107.0 324.0 128.0
obstacle
0.0259712319821
430.0 310.0 24.0 22.0
obstacle
0.0259123463184
275.0 2.0 27.0 20.0
obstacle
0.0258610155433
123.0 79.0 22.0 22.0
obstacle
0.0257121510804
428.0 78.0 26.0 23.0
obstacle
0.0256219934672
123.0 254.0 23.0 22.0
obstacle
0.0255339834839
428.0 52.0 27.0 24.0
obstacle
0.0255047827959
473.0 106.0 19.0 16.0
obstacle
0.0254268869758
160.0 24.0 102.0 81.0
obstacle
0.0254256296903
44.0 1.0 27.0 21.0
obstacle
0.0254028458148
160.0 2.0 26.0 19.0
obstacle
0.0253622699529
351.0 180.0 27.0 23.0
obstacle
0.025357471779
351.0 0.0 102.0 82.0
obstacle
0.0253234487027
199.0 2.0 26.0 20.0
obstacle
0.0253105573356
163.0 110.0 21.0 14.0
obstacle
0.0251688025892
351.0 205.0 26.0 23.0
obstacle
0.0250495187938
350.0 231.0 27.0 21.0
obstacle
0.0249341409653
234.0 0.0 106.0 82.0
obstacle
0.0248475726694
428.0 107.0 25.0 18.0
obstacle
0.0248155165464
6.0 0.0 101.0 81.0
obstacle
0.0247131548822
120.0 0.0 103.0 79.0
obstacle
0.0245424956083
0.0 53.0 500.0 224.0
obstacle
0.0243675485253
351.0 25.0 27.0 25.0
obstacle
0.0243306457996
5.0 129.0 15.0 21.0
obstacle
0.0242951251566
237.0 2.0 26.0 20.0
obstacle
0.0242219232023
0.0 209.0 65.0 68.0
obstacle
0.0241417251527
83.0 2.0 27.0 20.0
obstacle
0.0240392144769
115.0 230.0 34.0 18.0
obstacle
0.0239578206092
392.0 53.0 24.0 22.0
obstacle
0.0239403545856
352.0 154.0 26.0 23.0
obstacle
0.0239155311137
389.0 80.0 105.0 72.0
obstacle
0.0239090863615
272.0 0.0 106.0 81.0
obstacle
0.0238699745387
312.0 182.0 30.0 18.0
obstacle
0.02382369712
428.0 229.0 26.0 24.0
obstacle
0.0238202437758
308.0 127.0 112.0 79.0
obstacle
0.0237810816616
6.0 255.0 16.0 24.0
obstacle
0.0237614829093
391.0 0.0 102.0 56.0
obstacle
0.023761164397
121.0 25.0 24.0 25.0
obstacle
0.023701550439
134.0 115.0 79.0 61.0
obstacle
0.0236633010209
83.0 25.0 24.0 25.0
obstacle
0.023624157533
195.0 0.0 106.0 81.0
obstacle
0.0235472451895
353.0 53.0 24.0 23.0
obstacle
0.0234827306122
7.0 282.0 17.0 23.0
obstacle
0.0234579928219
85.0 156.0 23.0 19.0
obstacle
0.0234515946358
388.0 155.0 28.0 21.0
obstacle
0.0233644582331
160.0 52.0 105.0 76.0
obstacle
0.0231830570847
84.0 131.0 20.0 18.0
obstacle
0.023025335744
390.0 25.0 26.0 24.0
obstacle
0.0230191648006
388.0 180.0 30.0 23.0
obstacle
0.0228872876614
44.0 77.0 103.0 78.0
obstacle
0.0227912776172
312.0 230.0 29.0 23.0
obstacle
0.0226873811334
45.0 26.0 24.0 23.0
obstacle
0.022526351735
95.0 115.0 83.0 59.0
obstacle
0.02252234146
392.0 108.0 22.0 17.0
obstacle
0.0224535595626
428.0 155.0 25.0 21.0
obstacle
0.0224372874945
199.0 55.0 103.0 71.0
obstacle
0.0223672688007
391.0 78.0 25.0 24.0
obstacle
0.0222952719778
161.0 25.0 23.0 25.0
obstacle
0.0222435947508
426.0 204.0 30.0 23.0
obstacle
0.0221340078861
428.0 131.0 26.0 17.0
obstacle
0.0220280215144
7.0 310.0 16.0 20.0
obstacle
0.0219613723457
84.0 80.0 21.0 20.0
obstacle
0.0217609480023
351.0 83.0 105.0 66.0
obstacle
0.0217237677425
162.0 53.0 22.0 23.0
obstacle
0.0216083247215
239.0 53.0 22.0 23.0
obstacle
0.0215291045606
43.0 181.0 25.0 21.0
obstacle
0.0214953105897
44.0 53.0 104.0 72.0
obstacle
0.0214497186244
315.0 53.0 23.0 23.0
obstacle
0.021446313709
124.0 203.0 29.0 26.0
obstacle
0.0214460324496
430.0 255.0 24.0 25.0
obstacle
0.021373571828
313.0 25.0 26.0 24.0
obstacle
0.0212558917701
0.0 55.0 114.0 69.0
obstacle
0.021175948903
389.0 255.0 26.0 24.0
obstacle
0.0211263895035
277.0 109.0 19.0 16.0
obstacle
0.0211137160659
352.0 255.0 25.0 24.0
obstacle
0.0211115479469
174.0 0.0 326.0 101.0
obstacle
0.0210785958916
353.0 78.0 23.0 24.0
obstacle
0.0210324656218
275.0 25.0 25.0 25.0
obstacle
0.0210315659642
391.0 283.0 25.0 22.0
obstacle
0.0209366977215
83.0 212.0 107.0 57.0
obstacle
0.0209302101284
124.0 108.0 20.0 15.0
obstacle
0.0208770614117
277.0 53.0 23.0 22.0
obstacle
0.0207969974726
199.0 25.0 23.0 25.0
obstacle
0.0207605883479
0.0 0.0 306.0 78.0
obstacle
0.0207584444433
346.0 130.0 115.0 74.0
obstacle
0.0206511579454
239.0 311.0 20.0 19.0
obstacle
0.0206383429468
47.0 54.0 21.0 21.0
obstacle
0.0206372085959
121.0 49.0 104.0 81.0
obstacle
0.0205926634371
208.0 84.0 82.0 65.0
obstacle
0.0205602031201
384.0 50.0 115.0 80.0
obstacle
0.020527837798
311.0 155.0 105.0 74.0
obstacle
0.0204904451966
428.0 26.0 26.0 23.0
obstacle
0.0204333569854
316.0 310.0 20.0 21.0
obstacle
0.0204050056636
86.0 53.0 21.0 23.0
obstacle
0.0203919690102
237.0 25.0 24.0 25.0
obstacle
0.0203739721328
123.0 53.0 23.0 24.0
obstacle
0.0203713793308
388.0 230.0 27.0 23.0
obstacle
0.0203610174358
127.0 80.0 93.0 75.0
obstacle
0.020342124626
277.0 78.0 21.0 23.0
obstacle
0.0202768165618
474.0 129.0 19.0 19.0
obstacle
0.0202598460019
200.0 53.0 22.0 23.0
obstacle
0.0201811119914
437.0 151.0 63.0 81.0
obstacle
0.020116424188
313.0 204.0 28.0 23.0
obstacle
0.0200024433434
162.0 311.0 21.0 20.0
obstacle
0.0198282003403
84.0 107.0 20.0 16.0
obstacle
0.0198084805161
471.0 28.0 22.0 19.0
obstacle
0.019788980484
315.0 78.0 23.0 24.0
obstacle
0.0197414755821
44.0 129.0 22.0 22.0
obstacle
0.0195933282375
391.0 130.0 101.0 74.0
obstacle
0.019576959312
7.0 53.0 17.0 23.0
obstacle
0.0195515267551
82.0 282.0 28.0 23.0
obstacle
0.019520951435
306.0 207.0 117.0 72.0
obstacle
0.0194941572845
312.0 183.0 105.0 69.0
obstacle
0.0194517616183
6.0 181.0 18.0 22.0
obstacle
0.0193714499474
159.0 282.0 28.0 20.0
obstacle
0.0193704590201
121.0 283.0 28.0 20.0
obstacle
0.0193341653794
274.0 131.0 102.0 72.0
obstacle
0.0193199254572
220.0 216.0 127.0 49.0
obstacle
0.0193050522357
123.0 311.0 20.0 19.0
obstacle
0.0192384459078
48.0 109.0 97.0 67.0
obstacle
0.0192251689732
90.0 81.0 91.0 72.0
obstacle
0.0192193109542
44.0 82.0 23.0 18.0
obstacle
0.0192180424929
197.0 282.0 30.0 24.0
obstacle
0.0190790630877
355.0 310.0 20.0 22.0
obstacle
0.0190353151411
242.0 85.0 91.0 63.0
obstacle
0.0190175455064
158.0 0.0 105.0 59.0
obstacle
0.0189751666039
393.0 153.0 97.0 78.0
obstacle
0.0189310200512
39.0 230.0 25.0 24.0
obstacle
0.018921347335
155.0 255.0 32.0 21.0
obstacle
0.018899736926
6.0 205.0 17.0 24.0
obstacle
0.0188635643572
389.0 106.0 104.0 71.0
obstacle
0.0188254993409
387.0 205.0 30.0 22.0
obstacle
0.018821105361
391.0 131.0 23.0 17.0
obstacle
0.0188022460788
353.0 108.0 22.0 17.0
obstacle
0.018702968955
7.0 106.0 13.0 18.0
obstacle
0.0186775755137
46.0 256.0 20.0 22.0
obstacle
0.0186663921922
0.0 103.0 60.0 74.0
obstacle
0.0186623111367
83.0 51.0 104.0 78.0
obstacle
0.0186246689409
44.0 154.0 22.0 22.0
obstacle
0.0185383241624
278.0 311.0 19.0 20.0
obstacle
0.0183524060994
7.0 26.0 17.0 23.0
obstacle
0.0182706601918
312.0 104.0 103.0 75.0
obstacle
0.0182623527944
350.0 104.0 105.0 74.0
obstacle
0.0182475764304
240.0 107.0 90.0 70.0
obstacle
0.0182253196836
233.0 256.0 32.0 19.0
obstacle
0.0181761626154
312.0 83.0 106.0 66.0
obstacle
0.017988698557
0.0 29.0 62.0 71.0
obstacle
0.0178878549486
393.0 310.0 20.0 20.0
obstacle
0.0178184099495
316.0 108.0 20.0 17.0
obstacle
0.0177972409874
353.0 131.0 22.0 18.0
obstacle
0.0177856031805
3.0 78.0 108.0 74.0
obstacle
0.0177533663809
0.0 0.0 66.0 52.0
obstacle
0.0176454503089
237.0 282.0 24.0 24.0
obstacle
0.0176323615015
292.0 27.0 208.0 126.0
obstacle
0.017608396709
349.0 52.0 109.0 76.0
obstacle
0.017604470253
4.0 153.0 18.0 25.0
obstacle
0.0175993125886
313.0 255.0 26.0 23.0
obstacle
0.0175087433308
266.0 209.0 120.0 67.0
obstacle
0.0173803884536
104.0 131.0 396.0 121.0
obstacle
0.0173731055111
269.0 228.0 29.0 24.0
obstacle
0.0173354409635
235.0 56.0 106.0 68.0
obstacle
0.017317160964
428.0 286.0 72.0 47.0
obstacle
0.0173122379929
201.0 311.0 21.0 19.0
obstacle
0.0172076411545
88.0 180.0 18.0 20.0
obstacle
0.0171397123486
390.0 179.0 104.0 78.0
obstacle
0.0168909039348
6.0 81.0 14.0 19.0
obstacle
0.016825908795
268.0 155.0 114.0 75.0
obstacle
0.0166524667293
0.0 158.0 122.0 70.0
obstacle
0.0165538657457
0.0 215.0 298.0 108.0
obstacle
0.0165416952223
48.0 28.0 403.0 125.0
obstacle
0.0164186395705
1.0 105.0 115.0 71.0
obstacle
0.016198867932
45.0 108.0 21.0 16.0
obstacle
0.0161932632327
311.0 52.0 107.0 75.0
obstacle
0.0161613468081
429.0 281.0 29.0 24.0
obstacle
0.0161537565291
232.0 151.0 97.0 83.0
obstacle
0.015799311921
46.0 310.0 19.0 21.0
obstacle
0.0157240647823
474.0 281.0 20.0 23.0
obstacle
0.0156803540885
348.0 157.0 110.0 70.0
obstacle
0.0154573218897
436.0 227.0 64.0 83.0
obstacle
0.0154291735962
354.0 283.0 23.0 20.0
obstacle
0.0154156601056
349.0 259.0 108.0 71.0
obstacle
0.0154045782983
85.0 310.0 21.0 20.0
obstacle
0.0154007235542
77.0 239.0 112.0 56.0
obstacle
0.0154006239027
315.0 131.0 20.0 19.0
obstacle
0.0152515405789
148.0 260.0 122.0 67.0
obstacle
0.015183811076
35.0 236.0 123.0 65.0
obstacle
0.0150956185535
0.0 255.0 67.0 77.0
obstacle
0.0150506887585
347.0 234.0 111.0 71.0
obstacle
0.0150436973199
272.0 54.0 108.0 71.0
obstacle
0.0149810118601
120.0 0.0 380.0 200.0
obstacle
0.0149601716548
263.0 185.0 123.0 64.0
obstacle
0.014914913103
432.0 201.0 68.0 83.0
obstacle
0.014801716432
0.0 136.0 120.0 61.0
obstacle
0.0147941764444
300.0 0.0 200.0 68.0
obstacle
0.0146283218637
273.0 84.0 107.0 65.0
obstacle
0.0144837666303
310.0 229.0 109.0 78.0
obstacle
0.0144590931013
0.0 32.0 262.0 115.0
obstacle
0.0143451243639
220.0 100.0 280.0 132.0
obstacle
0.0142661854625
344.0 206.0 118.0 74.0
obstacle
0.0142603646964
0.0 181.0 65.0 72.0
obstacle
0.0142351603135
214.0 112.0 62.0 65.0
obstacle
0.0141169950366
51.0 142.0 94.0 50.0
obstacle
0.0139448679984
0.0 80.0 61.0 69.0
obstacle
0.0139260990545
233.0 182.0 267.0 124.0
obstacle
0.0139209544286
275.0 105.0 100.0 73.0
obstacle
0.0137943709269
273.0 204.0 24.0 23.0
obstacle
0.0136506753042
0.0 131.0 64.0 70.0
obstacle
0.0136171281338
276.0 283.0 24.0 23.0
obstacle
0.0135715762153
349.0 183.0 108.0 68.0
obstacle
0.0135605074465
229.0 184.0 108.0 65.0
obstacle
0.0134696178138
32.0 217.0 130.0 51.0
obstacle
0.0133396293968
306.0 286.0 119.0 47.0
obstacle
0.0133340209723
363.0 0.0 137.0 195.0
obstacle
0.0131677500904
39.0 260.0 113.0 69.0
obstacle
0.0130820097402
42.0 168.0 114.0 47.0
obstacle
0.0129547594115
272.0 232.0 108.0 71.0
obstacle
0.012691362761
66.0 289.0 138.0 44.0
obstacle
0.0126593867317
88.0 205.0 18.0 19.0
obstacle
0.0126363784075
360.0 57.0 140.0 270.0
obstacle
0.0124731333926
273.0 256.0 25.0 23.0
obstacle
0.012238250114
62.0 235.0 378.0 98.0
obstacle
0.01222549472
0.0 228.0 64.0 79.0
obstacle
0.0121935531497
385.0 254.0 111.0 79.0
obstacle
0.0121711483225
144.0 239.0 132.0 54.0
obstacle
0.0121158314869
193.0 255.0 36.0 21.0
obstacle
0.0120606673881
47.0 283.0 19.0 22.0
obstacle
0.0120568471029
96.0 0.0 232.0 227.0
obstacle
0.0118332635611
235.0 16.0 259.0 300.0
obstacle
0.0118050631136
186.0 289.0 127.0 44.0
obstacle
0.0117035731673
0.0 130.0 226.0 123.0
obstacle
0.0115851284936
0.0 290.0 124.0 43.0
obstacle
0.0112098297104
0.0 61.0 58.0 57.0
obstacle
0.0110247051343
238.0 236.0 262.0 97.0
