obstacle
0.809241533279
331.0 190.0 161.0 54.0
obstacle
0.798946022987
74.0 193.0 125.0 52.0
obstacle
0.687333106995
278.0 134.0 26.0 15.0
obstacle
0.405900716782
8.0 203.0 25.0 22.0
obstacle
0.396149218082
64.0 207.0 147.0 58.0
obstacle
0.378713935614
124.0 142.0 10.0 11.0
obstacle
0.321144968271
0.0 193.0 63.0 44.0
obstacle
0.291279345751
371.0 142.0 8.0 9.0
obstacle
0.204085752368
332.0 202.0 93.0 38.0
obstacle
0.202541977167
260.0 125.0 58.0 32.0
obstacle
0.193258360028
386.0 170.0 99.0 51.0
obstacle
0.178569898009
422.0 177.0 32.0 26.0
obstacle
0.165428176522
331.0 210.0 141.0 50.0
obstacle
0.148841381073
57.0 195.0 92.0 47.0
obstacle
0.131259799004
310.0 169.0 190.0 92.0
obstacle
0.128763765097
90.0 201.0 22.0 29.0
obstacle
0.122942641377
364.0 152.0 11.0 15.0
obstacle
0.119001790881
8.0 187.0 27.0 21.0
obstacle
0.118923202157
50.0 213.0 100.0 49.0
obstacle
0.114032566547
128.0 153.0 12.0 17.0
obstacle
0.112966939807
89.0 182.0 92.0 38.0
obstacle
0.100329481065
0.0 176.0 67.0 44.0
obstacle
0.0984411463141
157.0 201.0 32.0 28.0
obstacle
0.0969852358103
26.0 185.0 217.0 66.0
obstacle
0.0924879536033
237.0 134.0 29.0 13.0
obstacle
0.0782586187124
209.0 117.0 95.0 46.0
obstacle
0.0781094506383
0.0 195.0 290.0 93.0
obstacle
0.0756861194968
277.0 127.0 85.0 27.0
obstacle
0.0753861367702
124.0 184.0 28.0 22.0
obstacle
0.0742705389857
116.0 176.0 96.0 46.0
obstacle
0.0742687731981
323.0 217.0 92.0 38.0
obstacle
0.0714220777154
163.0 157.0 20.0 18.0
obstacle
0.0691457465291
0.0 211.0 64.0 57.0
obstacle
0.0690393298864
347.0 208.0 27.0 23.0
obstacle
0.0684083253145
114.0 207.0 37.0 21.0
obstacle
0.0652464702725
0.0 176.0 151.0 83.0
obstacle
0.0641015768051
281.0 111.0 20.0 14.0
obstacle
0.0639855414629
430.0 157.0 22.0 17.0
obstacle
0.0636241585016
380.0 205.0 46.0 25.0
obstacle
0.0627646222711
424.0 205.0 39.0 25.0
obstacle
0.0626847296953
395.0 155.0 15.0 14.0
obstacle
0.0606187358499
432.0 135.0 19.0 13.0
obstacle
0.0586652830243
465.0 229.0 27.0 18.0
obstacle
0.056162700057
315.0 60.0 100.0 63.0
obstacle
0.0542413704097
312.0 137.0 18.0 11.0
obstacle
0.0539334751666
357.0 181.0 19.0 21.0
obstacle
0.0537514612079
45.0 135.0 21.0 14.0
obstacle
0.053628385067
38.0 184.0 26.0 20.0
obstacle
0.0524243451655
150.0 182.0 37.0 23.0
obstacle
0.051696434617
80.0 230.0 33.0 22.0
obstacle
0.0510160662234
325.0 160.0 97.0 70.0
obstacle
0.050881754607
389.0 140.0 16.0 8.0
obstacle
0.0507713034749
399.0 183.0 19.0 20.0
obstacle
0.0484384633601
35.0 203.0 27.0 21.0
obstacle
0.0476304888725
118.0 229.0 31.0 26.0
obstacle
0.046586830169
285.0 54.0 85.0 75.0
obstacle
0.0462892428041
257.0 98.0 62.0 38.0
obstacle
0.0451903939247
200.0 134.0 22.0 14.0
obstacle
0.0442851372063
427.0 161.0 73.0 61.0
obstacle
0.0436372868717
127.0 139.0 373.0 108.0
obstacle
0.0435588285327
278.0 152.0 24.0 21.0
obstacle
0.0423739366233
325.0 206.0 17.0 21.0
obstacle
0.0411991365254
29.0 236.0 134.0 60.0
obstacle
0.0409467145801
158.0 102.0 255.0 78.0
obstacle
0.040905777365
93.0 138.0 14.0 11.0
obstacle
0.0402347818017
160.0 137.0 17.0 13.0
obstacle
0.0400927476585
472.0 157.0 19.0 17.0
obstacle
0.0399770699441
353.0 84.0 26.0 15.0
obstacle
0.039957113564
471.0 309.0 18.0 22.0
obstacle
0.039721172303
391.0 82.0 23.0 20.0
obstacle
0.0396683178842
275.0 179.0 25.0 22.0
obstacle
0.0392086207867
12.0 110.0 92.0 60.0
obstacle
0.038919903338
476.0 132.0 18.0 17.0
obstacle
0.0388822518289
129.0 109.0 17.0 15.0
obstacle
0.0387690924108
49.0 160.0 16.0 13.0
obstacle
0.0387561246753
237.0 80.0 22.0 20.0
obstacle
0.0379775799811
315.0 83.0 22.0 17.0
obstacle
0.0379575639963
249.0 59.0 81.0 65.0
obstacle
0.0374287962914
154.0 228.0 34.0 28.0
obstacle
0.0373613759875
5.0 228.0 20.0 23.0
obstacle
0.0368408635259
88.0 158.0 12.0 12.0
obstacle
0.0361602567136
250.0 134.0 78.0 60.0
obstacle
0.0359611697495
46.0 108.0 23.0 16.0
obstacle
0.0355464778841
278.0 85.0 22.0 16.0
obstacle
0.0352398231626
109.0 234.0 118.0 63.0
obstacle
0.0351630412042
356.0 55.0 94.0 72.0
obstacle
0.0350329950452
199.0 156.0 23.0 17.0
obstacle
0.0349878184497
202.0 52.0 96.0 76.0
obstacle
0.0347954332829
437.0 212.0 63.0 54.0
obstacle
0.0347367748618
384.0 0.0 114.0 48.0
obstacle
0.0346048399806
97.0 125.0 66.0 35.0
obstacle
0.0338491499424
237.0 156.0 102.0 71.0
obstacle
0.0337640531361
78.0 83.0 343.0 116.0
obstacle
0.0334738381207
466.0 181.0 23.0 20.0
obstacle
0.0331625156105
3.0 0.0 497.0 302.0
obstacle
0.0327719934285
359.0 0.0 90.0 47.0
obstacle
0.0320675931871
361.0 110.0 16.0 14.0
obstacle
0.0320211574435
168.0 53.0 86.0 72.0
obstacle
0.0318515226245
391.0 308.0 26.0 24.0
obstacle
0.0314384587109
391.0 1.0 28.0 20.0
obstacle
0.030986558646
0.0 102.0 63.0 78.0
obstacle
0.0309430509806
168.0 119.0 86.0 44.0
obstacle
0.0307666100562
426.0 0.0 33.0 20.0
obstacle
0.0304905883968
12.0 83.0 94.0 65.0
obstacle
0.0303287543356
45.0 50.0 101.0 78.0
obstacle
0.0300748422742
45.0 309.0 24.0 22.0
obstacle
0.0298916473985
152.0 183.0 97.0 67.0
obstacle
0.0297833681107
274.0 205.0 26.0 21.0
obstacle
0.0295994263142
247.0 187.0 253.0 102.0
obstacle
0.0295100919902
5.0 133.0 17.0 17.0
obstacle
0.0293658804148
318.0 180.0 19.0 17.0
obstacle
0.0292077325284
6.0 158.0 19.0 16.0
obstacle
0.0291086398065
426.0 229.0 38.0 15.0
obstacle
0.0288467574865
277.0 137.0 100.0 54.0
obstacle
0.0280854925513
347.0 228.0 29.0 20.0
obstacle
0.0279299747199
169.0 30.0 82.0 71.0
obstacle
0.0279040765017
8.0 55.0 98.0 68.0
obstacle
0.0276522319764
242.0 109.0 21.0 13.0
obstacle
0.027142830193
402.0 146.0 70.0 48.0
obstacle
0.0269653759897
7.0 106.0 17.0 20.0
obstacle
0.0269592609257
0.0 237.0 66.0 62.0
obstacle
0.0264984872192
121.0 308.0 25.0 23.0
obstacle
0.0263668466359
159.0 1.0 27.0 23.0
obstacle
0.0262308493257
52.0 172.0 93.0 47.0
obstacle
0.0262190233916
97.0 146.0 67.0 40.0
obstacle
0.0261909365654
41.0 0.0 108.0 58.0
obstacle
0.0261603929102
85.0 80.0 19.0 19.0
obstacle
0.0261479876935
45.0 54.0 20.0 26.0
obstacle
0.0259144641459
0.0 143.0 188.0 103.0
obstacle
0.0258833132684
162.0 57.0 22.0 20.0
obstacle
0.025800999254
10.0 141.0 94.0 50.0
obstacle
0.0257551316172
47.0 78.0 21.0 20.0
obstacle
0.0252698045224
239.0 308.0 20.0 24.0
obstacle
0.0252629257739
205.0 91.0 99.0 49.0
obstacle
0.0250759590417
387.0 281.0 32.0 22.0
obstacle
0.0250740293413
121.0 1.0 27.0 22.0
obstacle
0.0249816495925
433.0 305.0 22.0 27.0
obstacle
0.0247500948608
120.0 118.0 93.0 48.0
obstacle
0.0247377119958
9.0 0.0 20.0 23.0
obstacle
0.0244698803872
472.0 2.0 19.0 18.0
obstacle
0.0244585182518
198.0 1.0 27.0 22.0
obstacle
0.0243848245591
234.0 182.0 32.0 16.0
obstacle
0.0242175441235
354.0 54.0 23.0 20.0
obstacle
0.0240501128137
476.0 105.0 17.0 19.0
obstacle
0.0240117516369
85.0 309.0 22.0 22.0
obstacle
0.0239639040083
314.0 0.0 101.0 77.0
obstacle
0.0238579288125
316.0 154.0 19.0 17.0
obstacle
0.0237267799675
42.0 2.0 31.0 21.0
obstacle
0.0236847717315
66.0 144.0 65.0 38.0
obstacle
0.0235826708376
84.0 183.0 22.0 18.0
obstacle
0.0235234722495
6.0 310.0 21.0 22.0
obstacle
0.0234915483743
274.0 0.0 105.0 83.0
obstacle
0.0234802830964
442.0 136.0 58.0 63.0
obstacle
0.0234388206154
312.0 20.0 108.0 91.0
obstacle
0.023398919031
400.0 117.0 81.0 49.0
obstacle
0.0233863405883
195.0 202.0 23.0 27.0
obstacle
0.0233825836331
473.0 53.0 20.0 20.0
obstacle
0.0233685430139
89.0 55.0 91.0 68.0
obstacle
0.0233653206378
83.0 1.0 26.0 22.0
obstacle
0.0233303178102
79.0 0.0 109.0 59.0
obstacle
0.0233068596572
196.0 182.0 29.0 19.0
obstacle
0.0232917610556
278.0 89.0 97.0 52.0
obstacle
0.0231636781245
315.0 308.0 21.0 23.0
obstacle
0.0231414753944
237.0 205.0 24.0 21.0
obstacle
0.0231392718852
162.0 308.0 19.0 23.0
obstacle
0.023101914674
313.0 1.0 27.0 22.0
obstacle
0.0230403449386
276.0 1.0 26.0 22.0
obstacle
0.0230321325362
157.0 252.0 31.0 27.0
obstacle
0.0229739323258
118.0 0.0 108.0 61.0
obstacle
0.0229597669095
354.0 309.0 22.0 23.0
obstacle
0.0229498930275
239.0 152.0 19.0 22.0
obstacle
0.022909514606
363.0 148.0 76.0 41.0
obstacle
0.0228175409138
195.0 55.0 24.0 24.0
obstacle
0.022632766515
475.0 79.0 18.0 21.0
obstacle
0.0226005148143
197.0 0.0 105.0 60.0
obstacle
0.0225823465735
236.0 1.0 28.0 22.0
obstacle
0.0223804097623
350.0 2.0 28.0 19.0
obstacle
0.0223497860134
202.0 80.0 21.0 19.0
obstacle
0.0223358143121
0.0 0.0 345.0 78.0
obstacle
0.0222365241498
131.0 60.0 89.0 59.0
obstacle
0.0221843831241
119.0 134.0 95.0 65.0
obstacle
0.022177265957
319.0 108.0 17.0 16.0
obstacle
0.0221519619226
386.0 227.0 33.0 20.0
obstacle
0.0220633670688
437.0 253.0 63.0 80.0
obstacle
0.021897573024
126.0 28.0 94.0 77.0
obstacle
0.0217931754887
286.0 196.0 96.0 42.0
obstacle
0.021772723645
2.0 0.0 112.0 57.0
obstacle
0.0217709988356
242.0 0.0 92.0 84.0
obstacle
0.0216516461223
158.0 0.0 105.0 62.0
obstacle
0.0216289684176
420.0 187.0 80.0 56.0
obstacle
0.0216040275991
131.0 59.0 369.0 113.0
obstacle
0.0215734094381
52.0 36.0 316.0 108.0
obstacle
0.0215209238231
391.0 54.0 24.0 19.0
obstacle
0.0215051919222
162.0 108.0 22.0 17.0
obstacle
0.0214854478836
0.0 287.0 117.0 46.0
obstacle
0.0213669780642
166.0 0.0 334.0 96.0
obstacle
0.0212149173021
39.0 254.0 112.0 77.0
obstacle
0.021177386865
431.0 283.0 24.0 19.0
obstacle
0.0210296008736
0.0 82.0 253.0 120.0
obstacle
0.020966231823
60.0 119.0 73.0 45.0
obstacle
0.0209572501481
126.0 81.0 19.0 18.0
obstacle
0.0207710824907
165.0 137.0 86.0 57.0
obstacle
0.0205501895398
276.0 54.0 23.0 22.0
obstacle
0.0204823259264
71.0 255.0 125.0 77.0
obstacle
0.020420383662
47.0 230.0 20.0 16.0
obstacle
0.0203715264797
193.0 154.0 110.0 74.0
obstacle
0.020213034004
201.0 106.0 24.0 19.0
obstacle
0.0201692953706
5.0 256.0 22.0 20.0
obstacle
0.0201231911778
90.0 108.0 16.0 15.0
obstacle
0.0200358014554
13.0 161.0 474.0 114.0
obstacle
0.0199828725308
471.0 284.0 23.0 19.0
obstacle
0.0199072025716
148.0 160.0 113.0 67.0
obstacle
0.0198112819344
235.0 256.0 27.0 22.0
obstacle
0.0197390913963
82.0 255.0 27.0 21.0
obstacle
0.0196744985878
352.0 28.0 25.0 21.0
obstacle
0.0196066014469
201.0 309.0 19.0 22.0
obstacle
0.0195610634983
341.0 287.0 126.0 46.0
obstacle
0.0194043759257
467.0 255.0 28.0 23.0
obstacle
0.0192718077451
469.0 207.0 21.0 20.0
obstacle
0.0191760696471
238.0 27.0 24.0 22.0
obstacle
0.0191159229726
254.0 0.0 246.0 63.0
obstacle
0.0190594512969
331.0 141.0 65.0 47.0
obstacle
0.0190516840667
0.0 253.0 66.0 80.0
obstacle
0.0190355163068
0.0 212.0 210.0 112.0
obstacle
0.0189666952938
359.0 125.0 82.0 34.0
obstacle
0.0188696514815
80.0 280.0 29.0 23.0
obstacle
0.0187816694379
397.0 109.0 14.0 13.0
obstacle
0.0186862237751
0.0 32.0 230.0 116.0
obstacle
0.0186824537814
59.0 212.0 384.0 113.0
obstacle
0.0186221729964
263.0 286.0 128.0 47.0
obstacle
0.0186013057828
48.0 28.0 21.0 21.0
obstacle
0.0184999369085
44.0 281.0 24.0 23.0
obstacle
0.0184167455882
348.0 280.0 33.0 24.0
obstacle
0.0183817762882
0.0 79.0 68.0 72.0
obstacle
0.0183686539531
431.0 80.0 22.0 20.0
obstacle
0.0182943213731
12.0 27.0 87.0 77.0
obstacle
0.0182818043977
253.0 79.0 247.0 125.0
obstacle
0.0182012282312
119.0 281.0 31.0 23.0
obstacle
0.0181963872164
275.0 26.0 25.0 23.0
obstacle
0.0181755293161
277.0 309.0 20.0 22.0
obstacle
0.018168291077
387.0 255.0 31.0 22.0
obstacle
0.0181086957455
431.0 18.0 69.0 91.0
obstacle
0.0180546231568
117.0 255.0 31.0 21.0
obstacle
0.0180111527443
206.0 137.0 90.0 56.0
obstacle
0.0179868601263
314.0 26.0 24.0 23.0
obstacle
0.0178263466805
424.0 257.0 33.0 19.0
obstacle
0.0178216472268
431.0 53.0 23.0 20.0
obstacle
0.0177718605846
0.0 84.0 285.0 249.0
obstacle
0.0176406279206
237.0 230.0 26.0 22.0
obstacle
0.0176098290831
84.0 55.0 18.0 21.0
obstacle
0.0175048653036
439.0 107.0 61.0 68.0
obstacle
0.0174164418131
5.0 281.0 23.0 23.0
obstacle
0.0172909721732
188.0 230.0 120.0 77.0
obstacle
0.0172494929284
318.0 55.0 19.0 20.0
obstacle
0.0171817075461
313.0 281.0 27.0 22.0
obstacle
0.0168943498284
159.0 283.0 28.0 20.0
obstacle
0.0168778933585
163.0 79.0 100.0 71.0
obstacle
0.0166782960296
323.0 83.0 83.0 61.0
obstacle
0.016448520124
8.0 57.0 14.0 20.0
obstacle
0.0164212081581
245.0 179.0 89.0 73.0
obstacle
0.0164061225951
473.0 28.0 21.0 18.0
obstacle
0.0163507089019
432.0 106.0 20.0 18.0
obstacle
0.0162732247263
330.0 129.0 63.0 28.0
obstacle
0.0161432027817
0.0 26.0 61.0 77.0
obstacle
0.0161264166236
440.0 78.0 60.0 73.0
obstacle
0.0160637199879
312.0 233.0 107.0 66.0
obstacle
0.0158107317984
280.0 162.0 94.0 57.0
obstacle
0.0156822670251
238.0 56.0 19.0 20.0
obstacle
0.0153149971738
398.0 49.0 89.0 84.0
obstacle
0.015283244662
122.0 26.0 25.0 23.0
obstacle
0.015167276375
0.0 258.0 313.0 75.0
obstacle
0.0151017038152
288.0 217.0 89.0 46.0
obstacle
0.0150887593627
314.0 257.0 23.0 21.0
obstacle
0.015037028119
9.0 78.0 15.0 21.0
obstacle
0.0150023549795
276.0 281.0 25.0 23.0
obstacle
0.0149567984045
162.0 78.0 22.0 21.0
obstacle
0.0149562833831
0.0 118.0 366.0 100.0
obstacle
0.0149434963241
188.0 210.0 121.0 65.0
obstacle
0.0148950498551
439.0 232.0 61.0 72.0
obstacle
0.0146706271917
0.0 132.0 58.0 69.0
obstacle
0.0144796539098
119.0 283.0 108.0 50.0
obstacle
0.0144684845582
152.0 50.0 273.0 283.0
obstacle
0.0144514674321
355.0 21.0 98.0 86.0
obstacle
0.0143266934901
391.0 27.0 24.0 21.0
obstacle
0.0141797577962
198.0 230.0 23.0 23.0
obstacle
0.0141347423196
85.0 27.0 22.0 21.0
obstacle
0.0141220055521
348.0 253.0 28.0 22.0
obstacle
0.0140123507008
236.0 281.0 25.0 24.0
obstacle
0.0138364620507
380.0 241.0 118.0 54.0
obstacle
0.013788279146
318.0 230.0 18.0 19.0
obstacle
0.0137857189402
388.0 259.0 102.0 69.0
obstacle
0.0137721402571
120.0 54.0 25.0 22.0
obstacle
0.0137384617701
392.0 290.0 100.0 43.0
obstacle
0.0137369558215
189.0 282.0 120.0 51.0
obstacle
0.0136459795758
308.0 262.0 111.0 63.0
obstacle
0.0135878352448
284.0 24.0 89.0 82.0
obstacle
0.0135685773566
190.0 184.0 114.0 64.0
obstacle
0.0134251369163
199.0 30.0 22.0 18.0
obstacle
0.013361049816
276.0 230.0 21.0 22.0
obstacle
0.0130845280364
43.0 256.0 27.0 21.0
