obstacle
0.514657020569
164.0 147.0 26.0 23.0
obstacle
0.350000023842
278.0 99.0 104.0 41.0
obstacle
0.312907665968
313.0 104.0 89.0 31.0
obstacle
0.288558155298
342.0 113.0 37.0 13.0
obstacle
0.163101628423
170.0 137.0 16.0 16.0
obstacle
0.121453747153
309.0 261.0 38.0 20.0
obstacle
0.112399108708
151.0 128.0 35.0 32.0
obstacle
0.108661092818
312.0 110.0 31.0 17.0
obstacle
0.103551715612
348.0 262.0 29.0 19.0
obstacle
0.0992223322392
196.0 85.0 261.0 69.0
obstacle
0.0983004793525
266.0 253.0 124.0 28.0
obstacle
0.0911350175738
167.0 169.0 22.0 20.0
obstacle
0.0848922803998
243.0 205.0 257.0 76.0
obstacle
0.081179395318
142.0 154.0 62.0 47.0
obstacle
0.073813714087
242.0 96.0 97.0 46.0
obstacle
0.071979559958
335.0 103.0 120.0 31.0
obstacle
0.0696501582861
203.0 110.0 18.0 20.0
obstacle
0.0681206136942
276.0 110.0 25.0 18.0
obstacle
0.0680388212204
100.0 68.0 67.0 64.0
obstacle
0.0669705495238
106.0 96.0 57.0 46.0
obstacle
0.0663231536746
62.0 72.0 67.0 57.0
obstacle
0.058374710381
128.0 150.0 20.0 15.0
obstacle
0.0583176985383
385.0 114.0 24.0 13.0
obstacle
0.0580264255404
139.0 100.0 59.0 43.0
obstacle
0.0575057417154
6.0 107.0 22.0 22.0
obstacle
0.0560157299042
110.0 141.0 64.0 37.0
obstacle
0.0548459514976
177.0 96.0 66.0 47.0
obstacle
0.0544746108353
313.0 241.0 33.0 17.0
obstacle
0.0536220036447
199.0 172.0 21.0 15.0
obstacle
0.0530430972576
239.0 108.0 19.0 22.0
obstacle
0.0525849536061
281.0 218.0 94.0 63.0
obstacle
0.052223496139
215.0 96.0 68.0 45.0
obstacle
0.0520743019879
312.0 113.0 100.0 48.0
obstacle
0.0515157952905
127.0 109.0 15.0 18.0
obstacle
0.0505654066801
85.0 152.0 25.0 15.0
obstacle
0.0503716282547
389.0 237.0 30.0 21.0
obstacle
0.0496345385909
162.0 111.0 20.0 18.0
obstacle
0.0493400841951
128.0 131.0 12.0 15.0
obstacle
0.0491979382932
314.0 217.0 26.0 21.0
obstacle
0.0486588925123
347.0 216.0 113.0 64.0
obstacle
0.0479372963309
353.0 238.0 27.0 20.0
obstacle
0.047543682158
316.0 224.0 96.0 50.0
obstacle
0.0474423021078
44.0 131.0 26.0 17.0
obstacle
0.0471243560314
112.0 121.0 50.0 37.0
obstacle
0.046938829124
87.0 132.0 17.0 15.0
obstacle
0.0468250066042
248.0 43.0 82.0 67.0
obstacle
0.0465096347034
139.0 70.0 63.0 61.0
obstacle
0.0457735732198
166.0 144.0 63.0 39.0
obstacle
0.0440545976162
323.0 193.0 81.0 71.0
obstacle
0.0438943356276
281.0 132.0 16.0 15.0
obstacle
0.0430746488273
27.0 77.0 58.0 48.0
obstacle
0.042817864567
0.0 73.0 54.0 51.0
obstacle
0.0423586331308
245.0 132.0 13.0 15.0
obstacle
0.0420579202473
250.0 72.0 77.0 55.0
obstacle
0.0417664274573
199.0 153.0 14.0 13.0
obstacle
0.0412205904722
353.0 68.0 24.0 17.0
obstacle
0.0411219410598
360.0 194.0 88.0 67.0
obstacle
0.0404111258686
0.0 88.0 62.0 61.0
obstacle
0.0398553870618
15.0 101.0 84.0 37.0
obstacle
0.0396696850657
181.0 235.0 290.0 46.0
obstacle
0.0395276322961
352.0 219.0 23.0 18.0
obstacle
0.0395243689418
104.0 71.0 294.0 98.0
obstacle
0.0392040573061
86.0 109.0 21.0 19.0
obstacle
0.0391984321177
239.0 153.0 19.0 15.0
obstacle
0.0389222502708
285.0 192.0 83.0 73.0
obstacle
0.0389137752354
353.0 152.0 26.0 16.0
obstacle
0.0386813208461
0.0 124.0 267.0 74.0
obstacle
0.0385413095355
314.0 69.0 23.0 16.0
obstacle
0.0385142415762
274.0 239.0 34.0 19.0
obstacle
0.0381990335882
322.0 40.0 83.0 72.0
obstacle
0.0379556007683
238.0 172.0 24.0 17.0
obstacle
0.037851639092
176.0 75.0 68.0 50.0
obstacle
0.0376043990254
125.0 90.0 18.0 21.0
obstacle
0.0375654399395
282.0 42.0 85.0 68.0
obstacle
0.0374841317534
216.0 73.0 69.0 55.0
obstacle
0.037430562079
56.0 101.0 72.0 38.0
obstacle
0.0364800654352
274.0 68.0 27.0 18.0
obstacle
0.0364413224161
235.0 216.0 111.0 65.0
obstacle
0.0363001748919
327.0 247.0 150.0 34.0
obstacle
0.0361453592777
0.0 116.0 115.0 47.0
obstacle
0.0350815579295
278.0 87.0 23.0 25.0
obstacle
0.0348737053573
304.0 135.0 120.0 53.0
obstacle
0.0347600802779
85.0 121.0 415.0 160.0
obstacle
0.0347548127174
315.0 153.0 23.0 15.0
obstacle
0.034632537514
284.0 78.0 89.0 44.0
obstacle
0.0343248769641
195.0 22.0 305.0 107.0
obstacle
0.0339416079223
158.0 157.0 91.0 46.0
obstacle
0.0332957208157
276.0 117.0 102.0 42.0
obstacle
0.0331524610519
354.0 42.0 95.0 67.0
obstacle
0.032900955528
63.0 204.0 376.0 77.0
obstacle
0.0328967347741
83.0 90.0 22.0 20.0
obstacle
0.0323461964726
390.0 218.0 24.0 19.0
obstacle
0.0322071500123
6.0 65.0 17.0 21.0
obstacle
0.0320824570954
242.0 68.0 20.0 17.0
obstacle
0.0320500731468
9.0 87.0 17.0 22.0
obstacle
0.031927511096
56.0 116.0 71.0 47.0
obstacle
0.031697742641
204.0 134.0 11.0 11.0
obstacle
0.0315096750855
198.0 195.0 25.0 16.0
obstacle
0.0314926505089
390.0 67.0 26.0 18.0
obstacle
0.0313849747181
391.0 153.0 27.0 17.0
obstacle
0.0313447006047
179.0 121.0 46.0 43.0
obstacle
0.031270198524
475.0 131.0 17.0 16.0
obstacle
0.0311399828643
199.0 89.0 23.0 20.0
obstacle
0.030894652009
0.0 98.0 213.0 83.0
obstacle
0.0307694040239
319.0 130.0 18.0 14.0
obstacle
0.0307603832334
389.0 174.0 29.0 18.0
obstacle
0.0307308249176
236.0 217.0 27.0 17.0
obstacle
0.0306435599923
45.0 152.0 24.0 16.0
obstacle
0.0301748942584
6.0 130.0 21.0 19.0
obstacle
0.0300236549228
426.0 237.0 31.0 21.0
obstacle
0.0295450035483
385.0 216.0 112.0 64.0
obstacle
0.0293452516198
262.0 139.0 125.0 47.0
obstacle
0.0293054357171
0.0 141.0 213.0 85.0
obstacle
0.0291894506663
160.0 90.0 24.0 20.0
obstacle
0.0291765686125
163.0 193.0 25.0 19.0
obstacle
0.028980275616
238.0 88.0 25.0 24.0
obstacle
0.028956245631
390.0 261.0 26.0 18.0
obstacle
0.0287858396769
120.0 178.0 106.0 48.0
obstacle
0.028778154403
276.0 217.0 23.0 20.0
obstacle
0.0285731125623
50.0 141.0 93.0 41.0
obstacle
0.0283349379897
277.0 154.0 20.0 15.0
obstacle
0.0282370783389
155.0 180.0 104.0 48.0
obstacle
0.0281359180808
473.0 172.0 20.0 19.0
obstacle
0.0280332751572
46.0 107.0 21.0 21.0
obstacle
0.0278673656285
7.0 261.0 17.0 19.0
obstacle
0.0278446283191
2.0 132.0 108.0 61.0
obstacle
0.027784164995
429.0 260.0 26.0 19.0
obstacle
0.0277296248823
433.0 130.0 20.0 16.0
obstacle
0.0276889968663
389.0 46.0 26.0 18.0
obstacle
0.0275437533855
474.0 44.0 20.0 18.0
obstacle
0.0275117848068
312.0 1.0 29.0 19.0
obstacle
0.0274855140597
84.0 174.0 23.0 15.0
obstacle
0.0274430122226
351.0 1.0 28.0 19.0
obstacle
0.0272074826062
474.0 111.0 17.0 15.0
obstacle
0.0270919632167
239.0 261.0 26.0 18.0
obstacle
0.0268094912171
24.0 152.0 299.0 65.0
obstacle
0.0267930068076
313.0 173.0 27.0 19.0
obstacle
0.0262101851404
157.0 90.0 339.0 99.0
obstacle
0.02597874403
45.0 88.0 19.0 25.0
obstacle
0.0259314458817
39.0 0.0 113.0 64.0
obstacle
0.0258483365178
278.0 172.0 19.0 19.0
obstacle
0.0258249007165
7.0 0.0 102.0 63.0
obstacle
0.0257741753012
201.0 260.0 21.0 20.0
obstacle
0.0257705487311
208.0 42.0 86.0 69.0
obstacle
0.025692621246
476.0 153.0 18.0 15.0
obstacle
0.0254370737821
353.0 0.0 101.0 69.0
obstacle
0.0254207551479
43.0 66.0 23.0 19.0
obstacle
0.0254191681743
280.0 262.0 27.0 19.0
obstacle
0.0254027750343
83.0 65.0 22.0 19.0
obstacle
0.0252140648663
8.0 0.0 20.0 19.0
obstacle
0.0251630544662
277.0 22.0 97.0 65.0
obstacle
0.025148730725
198.0 155.0 93.0 52.0
obstacle
0.0250887945294
389.0 1.0 30.0 19.0
obstacle
0.0249271895736
275.0 46.0 27.0 17.0
obstacle
0.0248472578824
346.0 153.0 113.0 61.0
obstacle
0.0248119775206
83.0 45.0 24.0 18.0
obstacle
0.0245168153197
44.0 172.0 27.0 19.0
obstacle
0.0245075039566
274.0 1.0 28.0 19.0
obstacle
0.0244144480675
194.0 216.0 113.0 64.0
obstacle
0.0243991538882
55.0 42.0 79.0 69.0
obstacle
0.0243429467082
235.0 1.0 28.0 19.0
obstacle
0.0243339370936
233.0 195.0 29.0 17.0
obstacle
0.0242965612561
10.0 43.0 91.0 65.0
obstacle
0.0242009498179
312.0 195.0 26.0 18.0
obstacle
0.0241408552974
123.0 65.0 23.0 19.0
obstacle
0.0241251382977
355.0 128.0 23.0 16.0
obstacle
0.0241133309901
393.0 194.0 96.0 67.0
obstacle
0.0240114293993
197.0 0.0 27.0 20.0
obstacle
0.0237606093287
350.0 173.0 28.0 20.0
obstacle
0.023740908131
376.0 92.0 124.0 53.0
obstacle
0.0235898904502
473.0 2.0 18.0 15.0
obstacle
0.0235222987831
0.0 88.0 293.0 65.0
obstacle
0.0233456026763
470.0 238.0 25.0 20.0
obstacle
0.0233121942729
4.0 172.0 21.0 21.0
obstacle
0.0231030918658
270.0 154.0 110.0 58.0
obstacle
0.0230040643364
0.0 0.0 242.0 76.0
obstacle
0.0229981858283
238.0 239.0 26.0 18.0
obstacle
0.0229725670069
428.0 217.0 27.0 19.0
obstacle
0.0229256153107
312.0 44.0 25.0 20.0
obstacle
0.0229154396802
51.0 158.0 93.0 49.0
obstacle
0.0226720273495
200.0 216.0 23.0 18.0
obstacle
0.0225412808359
0.0 108.0 65.0 63.0
obstacle
0.0225358232856
92.0 39.0 84.0 72.0
obstacle
0.0225225351751
197.0 239.0 28.0 18.0
obstacle
0.0224838461727
170.0 42.0 83.0 66.0
obstacle
0.0222129505128
49.0 20.0 93.0 68.0
obstacle
0.022156752646
200.0 67.0 21.0 17.0
obstacle
0.0219548046589
240.0 0.0 95.0 74.0
obstacle
0.0219484698027
195.0 179.0 103.0 50.0
obstacle
0.0218953806907
146.0 241.0 130.0 40.0
obstacle
0.0218111425638
240.0 190.0 98.0 75.0
obstacle
0.0217426773161
163.0 65.0 20.0 21.0
obstacle
0.0216232519597
0.0 156.0 119.0 54.0
obstacle
0.0216115303338
428.0 112.0 24.0 14.0
obstacle
0.0215442106128
201.0 190.0 97.0 72.0
obstacle
0.0214301589876
391.0 195.0 24.0 17.0
obstacle
0.0213845130056
162.0 260.0 23.0 19.0
obstacle
0.0212938133627
476.0 88.0 18.0 18.0
obstacle
0.0212860945612
351.0 195.0 23.0 18.0
obstacle
0.0211794618517
198.0 0.0 102.0 69.0
obstacle
0.0211682040244
393.0 131.0 23.0 13.0
obstacle
0.0211619790643
81.0 2.0 30.0 16.0
obstacle
0.0211303010583
298.0 137.0 202.0 144.0
obstacle
0.0210272558033
346.0 116.0 105.0 47.0
obstacle
0.0210115164518
428.0 173.0 26.0 17.0
obstacle
0.0209621042013
319.0 88.0 22.0 20.0
obstacle
0.0208396650851
312.0 0.0 106.0 48.0
obstacle
0.0208376739174
273.0 0.0 107.0 49.0
obstacle
0.0207229685038
122.0 1.0 25.0 19.0
obstacle
0.0206991415471
473.0 260.0 17.0 19.0
obstacle
0.0206473097205
112.0 0.0 122.0 68.0
obstacle
0.0205413326621
351.0 45.0 25.0 17.0
obstacle
0.0204264372587
226.0 107.0 203.0 174.0
obstacle
0.0203977730125
305.0 156.0 116.0 55.0
obstacle
0.0203099492937
276.0 195.0 21.0 17.0
obstacle
0.0202990584075
389.0 39.0 103.0 74.0
obstacle
0.0201379656792
390.0 0.0 102.0 49.0
obstacle
0.0201229769737
38.0 198.0 111.0 57.0
obstacle
0.0200899392366
121.0 196.0 24.0 16.0
obstacle
0.0200180225074
6.0 152.0 19.0 16.0
obstacle
0.0198945384473
120.0 22.0 26.0 19.0
obstacle
0.0197129640728
164.0 0.0 336.0 88.0
obstacle
0.0195561740547
158.0 0.0 28.0 20.0
obstacle
0.0194649193436
83.0 19.0 100.0 71.0
obstacle
0.0194366443902
157.0 0.0 108.0 49.0
obstacle
0.0194294378161
475.0 66.0 18.0 17.0
obstacle
0.0193040333688
131.0 42.0 84.0 66.0
obstacle
0.0191890671849
0.0 169.0 271.0 71.0
obstacle
0.0191848743707
229.0 138.0 113.0 49.0
obstacle
0.0191228948534
126.0 171.0 16.0 17.0
obstacle
0.0191163700074
0.0 48.0 53.0 56.0
obstacle
0.0189639609307
276.0 22.0 25.0 20.0
obstacle
0.0189398042858
428.0 67.0 25.0 17.0
obstacle
0.0188933238387
429.0 152.0 25.0 17.0
obstacle
0.0188928153366
434.0 19.0 66.0 70.0
obstacle
0.0188906919211
315.0 23.0 26.0 19.0
obstacle
0.018886404112
235.0 114.0 103.0 51.0
obstacle
0.0187988616526
73.0 179.0 123.0 50.0
obstacle
0.0187979955226
160.0 45.0 22.0 18.0
obstacle
0.0187195334584
115.0 200.0 116.0 50.0
obstacle
0.0185448098928
5.0 46.0 14.0 18.0
obstacle
0.0185379311442
76.0 122.0 348.0 81.0
obstacle
0.0184339880943
195.0 139.0 99.0 46.0
obstacle
0.01834121719
44.0 45.0 22.0 18.0
obstacle
0.0182892270386
0.0 192.0 64.0 68.0
obstacle
0.0182589441538
429.0 0.0 29.0 19.0
obstacle
0.018237920478
0.0 26.0 300.0 100.0
obstacle
0.0181564223021
0.0 19.0 500.0 199.0
obstacle
0.0181089248508
428.0 194.0 26.0 18.0
obstacle
0.0179519783705
42.0 3.0 31.0 14.0
obstacle
0.0179146528244
122.0 45.0 23.0 18.0
obstacle
0.0178477503359
52.0 160.0 321.0 90.0
obstacle
0.0178015865386
434.0 88.0 66.0 61.0
obstacle
0.0178005062044
343.0 75.0 110.0 46.0
obstacle
0.0177785940468
206.0 119.0 81.0 43.0
obstacle
0.0177732426673
318.0 80.0 89.0 40.0
obstacle
0.0177701823413
111.0 217.0 118.0 64.0
obstacle
0.017741817981
428.0 44.0 26.0 19.0
obstacle
0.0176954362541
160.0 216.0 26.0 19.0
obstacle
0.0176293421537
159.0 23.0 25.0 19.0
obstacle
0.0176210235804
47.0 261.0 20.0 19.0
obstacle
0.0175521057099
80.0 0.0 108.0 49.0
obstacle
0.0175410117954
7.0 237.0 16.0 20.0
obstacle
0.0174938868731
4.0 195.0 19.0 18.0
obstacle
0.017485851422
0.0 153.0 61.0 61.0
obstacle
0.0174441616982
161.0 0.0 258.0 203.0
obstacle
0.0174397453666
0.0 174.0 61.0 61.0
obstacle
0.0174253750592
354.0 22.0 25.0 20.0
obstacle
0.0174055378884
159.0 239.0 28.0 18.0
obstacle
0.0173992272466
315.0 21.0 101.0 69.0
obstacle
0.0173557549715
124.0 259.0 19.0 20.0
obstacle
0.0173350535333
387.0 155.0 105.0 56.0
obstacle
0.0173161942512
82.0 24.0 28.0 16.0
obstacle
0.0172893591225
0.0 235.0 74.0 46.0
obstacle
0.017256680876
474.0 194.0 18.0 18.0
obstacle
0.0170674212277
391.0 23.0 26.0 19.0
obstacle
0.0170592144132
277.0 176.0 99.0 58.0
obstacle
0.0169664863497
0.0 0.0 58.0 71.0
obstacle
0.0169556308538
392.0 112.0 94.0 56.0
obstacle
0.0169429853559
71.0 0.0 357.0 65.0
obstacle
0.0169320534915
43.0 195.0 26.0 17.0
obstacle
0.016919285059
435.0 63.0 65.0 68.0
obstacle
0.0168466661125
44.0 176.0 103.0 56.0
obstacle
0.0168079957366
147.0 143.0 353.0 82.0
obstacle
0.0166973657906
237.0 21.0 25.0 21.0
obstacle
0.0166711751372
5.0 216.0 18.0 21.0
obstacle
0.0166152380407
298.0 67.0 202.0 104.0
obstacle
0.016610885039
98.0 158.0 77.0 42.0
obstacle
0.0164732094854
9.0 17.0 100.0 74.0
obstacle
0.0163960326463
198.0 45.0 22.0 18.0
obstacle
0.0163224041462
206.0 22.0 88.0 65.0
obstacle
0.01629691571
81.0 195.0 27.0 17.0
obstacle
0.0162677597255
239.0 152.0 95.0 59.0
obstacle
0.0162378363311
471.0 216.0 21.0 18.0
obstacle
0.0161892473698
439.0 109.0 61.0 61.0
obstacle
0.0159611441195
121.0 237.0 26.0 21.0
obstacle
0.015906792134
381.0 131.0 116.0 64.0
obstacle
0.0159033313394
197.0 21.0 27.0 21.0
obstacle
0.0156067172065
161.0 22.0 99.0 64.0
obstacle
0.0154297109693
431.0 88.0 24.0 17.0
