obstacle
0.725517749786
183.0 142.0 36.0 13.0
obstacle
0.387768208981
179.0 140.0 53.0 12.0
obstacle
0.287523567677
187.0 146.0 37.0 16.0
obstacle
0.217043220997
166.0 140.0 33.0 10.0
obstacle
0.186842858791
170.0 142.0 75.0 25.0
obstacle
0.15962703526
149.0 135.0 69.0 18.0
obstacle
0.104079730809
192.0 130.0 93.0 24.0
obstacle
0.082118101418
229.0 139.0 24.0 9.0
obstacle
0.0710880160332
163.0 150.0 28.0 12.0
obstacle
0.0695251151919
125.0 134.0 20.0 13.0
obstacle
0.0633774474263
123.0 151.0 21.0 16.0
obstacle
0.0628773197532
231.0 149.0 30.0 15.0
obstacle
0.0617170222104
273.0 134.0 23.0 12.0
obstacle
0.0566107220948
137.0 146.0 88.0 21.0
obstacle
0.0528246313334
156.0 157.0 108.0 45.0
obstacle
0.0493322908878
196.0 159.0 104.0 45.0
obstacle
0.0467866808176
187.0 145.0 106.0 27.0
obstacle
0.0466975979507
477.0 131.0 16.0 16.0
obstacle
0.0458872653544
85.0 134.0 22.0 14.0
obstacle
0.0454042702913
231.0 116.0 107.0 46.0
obstacle
0.0430604331195
391.0 133.0 23.0 15.0
obstacle
0.0428693927824
315.0 133.0 21.0 15.0
obstacle
0.0423097349703
98.0 125.0 83.0 32.0
obstacle
0.0421144962311
235.0 171.0 29.0 20.0
obstacle
0.0417657680809
430.0 131.0 24.0 17.0
obstacle
0.0400676392019
199.0 114.0 16.0 17.0
obstacle
0.0386197827756
195.0 170.0 32.0 19.0
obstacle
0.0386015214026
470.0 216.0 25.0 19.0
obstacle
0.0383163318038
118.0 160.0 111.0 45.0
obstacle
0.0381553918123
85.0 140.0 102.0 41.0
obstacle
0.0370437428355
353.0 134.0 20.0 15.0
obstacle
0.0361193679273
471.0 260.0 22.0 20.0
obstacle
0.0352947674692
85.0 152.0 21.0 15.0
obstacle
0.03525948897
238.0 153.0 96.0 60.0
obstacle
0.0352434776723
429.0 152.0 26.0 18.0
obstacle
0.0350890904665
45.0 133.0 22.0 16.0
obstacle
0.0348718762398
476.0 109.0 17.0 17.0
obstacle
0.0347725488245
271.0 151.0 27.0 15.0
obstacle
0.034080222249
178.0 102.0 65.0 38.0
obstacle
0.0340747646987
312.0 151.0 25.0 17.0
obstacle
0.0334617309272
124.0 89.0 22.0 16.0
obstacle
0.033405277878
472.0 171.0 24.0 21.0
obstacle
0.0329017713666
191.0 172.0 115.0 65.0
obstacle
0.032668210566
423.0 244.0 77.0 37.0
obstacle
0.0325970128179
157.0 171.0 31.0 18.0
obstacle
0.0318198129535
118.0 171.0 28.0 20.0
obstacle
0.0316829234362
124.0 112.0 21.0 16.0
obstacle
0.0311360731721
201.0 92.0 18.0 14.0
obstacle
0.0311186388135
236.0 193.0 29.0 21.0
obstacle
0.0311130490154
76.0 154.0 111.0 56.0
obstacle
0.0311054512858
473.0 65.0 23.0 19.0
obstacle
0.0308207534254
273.0 172.0 29.0 20.0
obstacle
0.0306968279183
81.0 215.0 106.0 66.0
obstacle
0.0305289532989
46.0 116.0 102.0 49.0
obstacle
0.0303943119943
434.0 195.0 66.0 63.0
obstacle
0.0303694084287
2.0 114.0 115.0 52.0
obstacle
0.0303334072232
93.0 67.0 86.0 63.0
obstacle
0.0300513915718
273.0 113.0 107.0 53.0
obstacle
0.0295815840364
473.0 152.0 21.0 17.0
obstacle
0.0294482838362
231.0 138.0 106.0 47.0
obstacle
0.0286338403821
383.0 177.0 117.0 57.0
obstacle
0.0279403179884
66.0 110.0 212.0 66.0
obstacle
0.02783260867
164.0 112.0 22.0 17.0
obstacle
0.027753861621
165.0 91.0 19.0 14.0
obstacle
0.0276007167995
45.0 173.0 24.0 19.0
obstacle
0.0275397207588
143.0 70.0 62.0 59.0
obstacle
0.0274757482111
45.0 152.0 22.0 18.0
obstacle
0.0273138601333
396.0 111.0 91.0 59.0
obstacle
0.0272032823414
306.0 113.0 117.0 55.0
obstacle
0.0271755382419
237.0 113.0 19.0 17.0
obstacle
0.0269751995802
428.0 216.0 27.0 18.0
obstacle
0.0269461981952
382.0 222.0 118.0 55.0
obstacle
0.0268692858517
274.0 113.0 25.0 15.0
obstacle
0.0268078520894
137.0 76.0 363.0 86.0
obstacle
0.0264788810164
6.0 174.0 16.0 17.0
obstacle
0.0264608729631
390.0 0.0 29.0 18.0
obstacle
0.0263093560934
314.0 1.0 27.0 18.0
obstacle
0.026276608929
427.0 173.0 28.0 18.0
obstacle
0.026255691424
5.0 194.0 18.0 20.0
obstacle
0.0261965338141
238.0 90.0 98.0 59.0
obstacle
0.0261144526303
352.0 111.0 102.0 59.0
obstacle
0.0258034579456
472.0 195.0 23.0 20.0
obstacle
0.0256594438106
120.0 216.0 29.0 20.0
obstacle
0.0256456397474
471.0 3.0 21.0 15.0
obstacle
0.0255733989179
85.0 88.0 19.0 17.0
obstacle
0.0255509912968
123.0 67.0 23.0 17.0
obstacle
0.0255438871682
81.0 193.0 30.0 22.0
obstacle
0.0255039315671
177.0 70.0 69.0 61.0
obstacle
0.0254984442145
0.0 85.0 282.0 111.0
obstacle
0.0254066530615
44.0 194.0 26.0 20.0
obstacle
0.0252006631345
441.0 151.0 59.0 63.0
obstacle
0.0251118093729
313.0 172.0 24.0 22.0
obstacle
0.0249974187464
85.0 260.0 22.0 20.0
obstacle
0.0248156543821
198.0 191.0 28.0 24.0
obstacle
0.0246480796486
44.0 137.0 101.0 51.0
obstacle
0.0246365051717
82.0 214.0 28.0 23.0
obstacle
0.0245169121772
389.0 152.0 24.0 16.0
obstacle
0.0244036670774
6.0 1.0 19.0 18.0
obstacle
0.0241908729076
391.0 65.0 24.0 19.0
obstacle
0.02418253012
352.0 0.0 26.0 18.0
obstacle
0.02414467372
120.0 236.0 27.0 23.0
obstacle
0.0241253785789
314.0 111.0 25.0 18.0
obstacle
0.024120926857
147.0 175.0 124.0 57.0
obstacle
0.0240327361971
5.0 134.0 14.0 15.0
obstacle
0.0240057650954
161.0 260.0 24.0 19.0
obstacle
0.0239938180894
272.0 0.0 109.0 68.0
obstacle
0.0239924285561
392.0 260.0 24.0 20.0
obstacle
0.0239171423018
40.0 216.0 109.0 65.0
obstacle
0.0238722208887
6.0 239.0 19.0 17.0
obstacle
0.0238358061761
475.0 45.0 18.0 18.0
obstacle
0.0236699432135
74.0 193.0 117.0 68.0
obstacle
0.0236317571253
475.0 88.0 20.0 16.0
obstacle
0.0236237775534
37.0 153.0 116.0 61.0
obstacle
0.0236053969711
236.0 66.0 105.0 66.0
obstacle
0.0234871469438
123.0 259.0 23.0 20.0
obstacle
0.0234692506492
82.0 170.0 28.0 23.0
obstacle
0.0234485398978
118.0 193.0 30.0 21.0
obstacle
0.0234425459057
312.0 0.0 105.0 70.0
obstacle
0.0234391838312
346.0 0.0 117.0 47.0
obstacle
0.0232185665518
5.0 68.0 14.0 17.0
obstacle
0.0231782924384
314.0 89.0 25.0 17.0
obstacle
0.0231659766287
198.0 91.0 96.0 60.0
obstacle
0.0231435205787
198.0 66.0 100.0 67.0
obstacle
0.0230939853936
86.0 111.0 19.0 16.0
obstacle
0.022849123925
426.0 195.0 28.0 19.0
obstacle
0.0227910764515
49.0 259.0 19.0 20.0
obstacle
0.0227744858712
429.0 1.0 29.0 16.0
obstacle
0.0227234717458
37.0 171.0 114.0 67.0
obstacle
0.022695530206
391.0 111.0 26.0 18.0
obstacle
0.0226930025965
352.0 152.0 21.0 17.0
obstacle
0.0226619243622
154.0 193.0 115.0 67.0
obstacle
0.0226577650756
391.0 134.0 98.0 57.0
obstacle
0.0225560832769
203.0 259.0 18.0 21.0
obstacle
0.0225508548319
199.0 46.0 23.0 18.0
obstacle
0.0225367695093
276.0 1.0 25.0 17.0
obstacle
0.0225309226662
160.0 192.0 27.0 22.0
obstacle
0.0225038416684
268.0 138.0 114.0 50.0
obstacle
0.0224999468774
434.0 40.0 66.0 70.0
obstacle
0.0224389284849
273.0 194.0 29.0 21.0
obstacle
0.0224083159119
86.0 66.0 19.0 17.0
obstacle
0.0223819203675
159.0 215.0 28.0 20.0
obstacle
0.02237800695
78.0 152.0 344.0 106.0
obstacle
0.02228503488
265.0 87.0 121.0 64.0
obstacle
0.0222704857588
313.0 216.0 26.0 21.0
obstacle
0.0222037713975
7.0 152.0 13.0 17.0
obstacle
0.0221801456064
122.0 45.0 22.0 18.0
obstacle
0.0221536867321
5.0 111.0 16.0 17.0
obstacle
0.0219726618379
471.0 238.0 24.0 20.0
obstacle
0.0217849761248
273.0 60.0 106.0 76.0
obstacle
0.021657096222
97.0 97.0 80.0 44.0
obstacle
0.0215752739459
338.0 242.0 135.0 39.0
obstacle
0.0215274691582
48.0 66.0 96.0 63.0
obstacle
0.0214226450771
240.0 258.0 22.0 23.0
obstacle
0.0214039348066
306.0 172.0 116.0 66.0
obstacle
0.0213244725019
341.0 196.0 122.0 61.0
obstacle
0.0212823357433
198.0 69.0 25.0 16.0
obstacle
0.0212208908051
4.0 134.0 107.0 55.0
obstacle
0.021165329963
112.0 193.0 120.0 67.0
obstacle
0.0211616177112
79.0 175.0 107.0 59.0
obstacle
0.0211437325925
391.0 89.0 24.0 16.0
obstacle
0.0211300458759
47.0 110.0 22.0 18.0
obstacle
0.0211035721004
234.0 216.0 28.0 20.0
obstacle
0.0211033858359
312.0 194.0 28.0 21.0
obstacle
0.0210891216993
349.0 194.0 30.0 21.0
obstacle
0.0210477206856
344.0 67.0 117.0 63.0
obstacle
0.021024569869
352.0 259.0 24.0 21.0
obstacle
0.0209894999862
429.0 260.0 25.0 20.0
obstacle
0.0209490805864
146.0 98.0 61.0 43.0
obstacle
0.0209453757852
4.0 154.0 107.0 60.0
obstacle
0.0208925958723
199.0 2.0 24.0 16.0
obstacle
0.0208768155426
6.0 216.0 19.0 19.0
obstacle
0.0208743177354
6.0 89.0 14.0 17.0
obstacle
0.0207791663706
232.0 0.0 113.0 68.0
obstacle
0.0207632631063
195.0 0.0 109.0 68.0
obstacle
0.0207204408944
0.0 133.0 289.0 101.0
obstacle
0.0206958595663
198.0 216.0 27.0 19.0
obstacle
0.0206739958376
344.0 176.0 118.0 58.0
obstacle
0.0206179153174
387.0 0.0 110.0 49.0
obstacle
0.0205553546548
392.0 152.0 99.0 61.0
obstacle
0.0204991195351
353.0 111.0 25.0 18.0
obstacle
0.0204752720892
350.0 65.0 27.0 20.0
obstacle
0.0204494744539
305.0 152.0 120.0 63.0
obstacle
0.020435469225
389.0 173.0 27.0 19.0
obstacle
0.0202482789755
349.0 153.0 110.0 61.0
obstacle
0.0202237870544
74.0 2.0 120.0 62.0
obstacle
0.0201703254133
393.0 60.0 98.0 74.0
obstacle
0.0200923066586
238.0 1.0 24.0 17.0
obstacle
0.0200455579907
161.0 46.0 21.0 16.0
obstacle
0.0196748431772
428.0 65.0 27.0 19.0
obstacle
0.0196213107556
0.0 174.0 290.0 105.0
obstacle
0.0195856690407
275.0 216.0 25.0 20.0
obstacle
0.0195074621588
352.0 89.0 25.0 17.0
obstacle
0.0194210838526
310.0 62.0 109.0 72.0
obstacle
0.0193890742958
160.0 237.0 26.0 22.0
obstacle
0.0192804820836
45.0 216.0 24.0 19.0
obstacle
0.0192554369569
269.0 0.0 231.0 66.0
obstacle
0.0192028284073
473.0 24.0 22.0 16.0
obstacle
0.0191976875067
389.0 217.0 27.0 18.0
obstacle
0.0191925149411
164.0 67.0 20.0 17.0
obstacle
0.0191901661456
165.0 47.0 92.0 61.0
obstacle
0.0191290974617
0.0 172.0 65.0 65.0
obstacle
0.0190913211554
275.0 45.0 24.0 19.0
obstacle
0.0190885141492
84.0 24.0 22.0 16.0
obstacle
0.0190013255924
274.0 90.0 25.0 17.0
obstacle
0.0189364254475
439.0 130.0 61.0 64.0
obstacle
0.0188867077231
81.0 237.0 30.0 21.0
obstacle
0.018857197836
429.0 110.0 26.0 17.0
obstacle
0.0188479423523
272.0 154.0 107.0 59.0
obstacle
0.0188459046185
0.0 47.0 61.0 56.0
obstacle
0.0188207086176
276.0 84.0 224.0 111.0
obstacle
0.0187965538353
41.0 0.0 107.0 48.0
obstacle
0.0186422653496
264.0 220.0 121.0 58.0
obstacle
0.0185884926468
47.0 89.0 20.0 17.0
obstacle
0.0185342803597
351.0 173.0 26.0 19.0
obstacle
0.0185182839632
316.0 259.0 21.0 21.0
obstacle
0.0185108948499
121.0 2.0 25.0 16.0
obstacle
0.0185008961707
237.0 67.0 23.0 18.0
obstacle
0.0184723306447
386.0 194.0 32.0 21.0
obstacle
0.0184305161238
314.0 45.0 23.0 19.0
obstacle
0.0184284038842
120.0 24.0 26.0 17.0
obstacle
0.0184157751501
391.0 23.0 24.0 18.0
obstacle
0.0182521399111
440.0 109.0 60.0 61.0
obstacle
0.018241411075
237.0 45.0 23.0 18.0
obstacle
0.0182392932475
275.0 66.0 25.0 19.0
obstacle
0.0182022880763
7.0 260.0 18.0 18.0
obstacle
0.0181901175529
159.0 18.0 101.0 74.0
obstacle
0.0181388612837
312.0 65.0 26.0 20.0
obstacle
0.0181241687387
385.0 86.0 112.0 67.0
obstacle
0.0181188825518
351.0 45.0 24.0 18.0
obstacle
0.0181013438851
272.0 194.0 110.0 66.0
obstacle
0.0180974770337
0.0 216.0 63.0 64.0
obstacle
0.0179714802653
438.0 0.0 62.0 70.0
obstacle
0.0179479140788
276.0 259.0 23.0 21.0
obstacle
0.017922654748
440.0 85.0 60.0 65.0
obstacle
0.0178036093712
200.0 23.0 22.0 18.0
obstacle
0.0177714843303
81.0 2.0 26.0 16.0
obstacle
0.0176756642759
47.0 67.0 20.0 19.0
obstacle
0.0176427923143
1.0 87.0 115.0 64.0
obstacle
0.0175778083503
431.0 88.0 24.0 16.0
obstacle
0.0175493042916
84.0 46.0 20.0 16.0
obstacle
0.0173581149429
389.0 237.0 30.0 21.0
obstacle
0.01734341681
5.0 46.0 13.0 17.0
obstacle
0.017272926867
160.0 2.0 23.0 16.0
obstacle
0.0172705203295
45.0 237.0 25.0 19.0
obstacle
0.0171629246324
346.0 90.0 114.0 59.0
obstacle
0.017101701349
343.0 136.0 117.0 54.0
obstacle
0.0170068684965
5.0 59.0 106.0 76.0
obstacle
0.0170056410134
391.0 45.0 23.0 17.0
obstacle
0.0168622862548
117.0 0.0 112.0 66.0
obstacle
0.0168014839292
353.0 217.0 24.0 19.0
obstacle
0.0167990718037
83.0 44.0 101.0 65.0
obstacle
0.0167431738228
348.0 38.0 112.0 76.0
obstacle
0.0167403928936
0.0 0.0 63.0 48.0
obstacle
0.0167347416282
49.0 89.0 94.0 60.0
obstacle
0.0166961792856
326.0 175.0 174.0 103.0
obstacle
0.0165647268295
315.0 22.0 22.0 20.0
obstacle
0.0165271088481
235.0 42.0 107.0 68.0
obstacle
0.0164616107941
237.0 92.0 22.0 14.0
obstacle
0.0164595805109
101.0 119.0 218.0 44.0
obstacle
0.0164574105293
132.0 113.0 368.0 97.0
obstacle
0.0164269600064
161.0 24.0 23.0 16.0
obstacle
0.0162926986814
224.0 242.0 130.0 39.0
obstacle
0.0162688884884
129.0 0.0 371.0 83.0
obstacle
0.0162136889994
0.0 111.0 454.0 170.0
obstacle
0.0161721222103
44.0 1.0 26.0 17.0
obstacle
0.0161034278572
352.0 23.0 25.0 19.0
obstacle
0.016064202413
238.0 23.0 22.0 18.0
obstacle
0.0160606987774
0.0 68.0 65.0 59.0
obstacle
0.0159095022827
1.0 195.0 111.0 65.0
obstacle
0.0158297754824
308.0 137.0 111.0 53.0
obstacle
0.015759754926
105.0 242.0 138.0 39.0
obstacle
0.0154947973788
0.0 22.0 62.0 64.0
obstacle
0.0154648981988
0.0 0.0 333.0 86.0
obstacle
0.0154498806223
428.0 237.0 29.0 21.0
obstacle
0.0153979407623
177.0 170.0 323.0 111.0
obstacle
0.0152755547315
246.0 222.0 254.0 59.0
obstacle
0.0152711123228
236.0 191.0 102.0 72.0
obstacle
0.0152053246275
47.0 46.0 17.0 16.0
obstacle
0.0150953549892
0.0 42.0 260.0 110.0
obstacle
0.0150767983869
2.0 0.0 498.0 203.0
obstacle
0.0149605544284
78.0 19.0 109.0 71.0
obstacle
0.0149289006367
319.0 129.0 181.0 110.0
obstacle
0.0149181513116
292.0 40.0 208.0 116.0
obstacle
0.014774190262
276.0 22.0 23.0 19.0
obstacle
0.0147442230955
198.0 237.0 26.0 21.0
obstacle
0.0147357070819
238.0 237.0 26.0 22.0
obstacle
0.0146582629532
0.0 95.0 62.0 48.0
obstacle
0.0144574623555
153.0 216.0 115.0 64.0
obstacle
0.0144477263093
0.0 220.0 122.0 57.0
obstacle
0.0139245688915
128.0 22.0 372.0 106.0
obstacle
0.013878618367
47.0 24.0 22.0 16.0
obstacle
0.01370886527
195.0 41.0 110.0 72.0
obstacle
0.0136832240969
429.0 45.0 24.0 16.0
obstacle
0.0136091066524
160.0 0.0 100.0 42.0
obstacle
0.01357503701
213.0 0.0 228.0 209.0
obstacle
0.0134291071445
431.0 22.0 22.0 19.0
obstacle
0.0132961031049
6.0 24.0 13.0 17.0
obstacle
0.0132817672566
351.0 238.0 29.0 19.0
obstacle
0.0132373003289
9.0 44.0 97.0 64.0
obstacle
0.0131536591798
81.0 38.0 337.0 118.0
