obstacle
0.989354491234
456.019470215 236.891525269 36.6337890625 32.5988922119
obstacle
0.644445359707
247.154983521 139.433258057 23.075668335 53.0462036133
obstacle
0.577256560326
331.682128906 147.075500488 23.9409179688 50.5947265625
obstacle
0.574156224728
316.001098633 145.119094849 26.1667480469 52.6274414062
obstacle
0.514005064964
344.521026611 140.985488892 26.4065551758 64.7427368164
obstacle
0.408325701952
377.504394531 120.238929749 23.1387329102 55.3737716675
obstacle
0.383091568947
203.102111816 125.398529053 24.4448547363 59.227355957
obstacle
0.31367713213
80.5327529907 126.302284241 33.3769073486 50.1247634888
obstacle
0.307556867599
80.6671447754 121.236328125 379.91229248 123.566925049
obstacle
0.273611962795
259.514190674 133.025894165 24.5819091797 74.559753418
obstacle
0.248309239745
102.25881958 135.997268677 28.1541290283 55.2736816406
obstacle
0.234552189708
391.258544922 120.55316925 19.9346313477 48.1494216919
obstacle
0.214335948229
181.12310791 135.346862793 25.3247375488 40.8636779785
obstacle
0.211931467056
261.960632324 135.606124878 164.856811523 81.642578125
obstacle
0.204315438867
359.758728027 147.657150269 25.8646850586 65.2582397461
obstacle
0.179742664099
172.197967529 125.957901001 179.479248047 74.5279541016
obstacle
0.144550949335
221.95791626 142.281768799 100.63885498 39.5541992188
obstacle
0.139944925904
299.635467529 127.260437012 26.9814453125 67.0959777832
obstacle
0.123776748776
231.698516846 144.504425049 29.6930236816 65.1361083984
obstacle
0.101871527731
221.065887451 137.199996948 24.1417236328 64.7361450195
obstacle
0.0855802372098
64.8348999023 148.580780029 115.868057251 42.291595459
obstacle
0.0827125683427
156.874832153 136.738311768 106.543685913 40.3717651367
obstacle
0.0725423693657
87.2203063965 198.956222534 289.927490234 32.8129272461
obstacle
0.0684873834252
162.614532471 143.836746216 29.924041748 42.0184020996
obstacle
0.0680984929204
477.094818115 232.032104492 22.8784179688 56.8890991211
obstacle
0.0649970471859
364.225463867 130.568862915 25.4922485352 44.4561462402
obstacle
0.0585580691695
281.092468262 134.277328491 30.1915283203 51.0217590332
obstacle
0.0502272993326
122.785072327 128.510269165 27.0484390259 43.6818847656
obstacle
0.0413120724261
269.918121338 133.921142578 113.158508301 32.5506286621
obstacle
0.0327574312687
314.478790283 176.415283203 108.618774414 34.814453125
obstacle
0.0224827677011
232.176300049 174.433578491 52.8959960938 51.47265625
obstacle
0.0210123043507
273.896759033 148.062011719 21.1060180664 60.802520752
obstacle
0.0150923887268
358.203186035 131.773742676 76.7066040039 22.20703125
obstacle
0.0142963537946
436.098602295 227.228652954 62.4256591797 73.7713470459
obstacle
0.0133854188025
173.010070801 157.159255981 30.0803833008 41.5375671387
