obstacle
0.590638279915
184.000579834 210.634613037 200.913635254 40.0115966797
obstacle
0.261858016253
266.422790527 116.089904785 24.8204956055 27.9415588379
obstacle
0.108140304685
253.699874878 111.453659058 27.4559783936 54.1492614746
obstacle
0.0542562007904
199.547515869 170.791610718 89.265625 24.2921447754
obstacle
0.0324045605958
222.137069702 132.049163818 101.405166626 27.1719970703
obstacle
0.0309193134308
232.563446045 180.921051025 76.9836425781 34.1367492676
obstacle
0.0256961099803
284.803649902 205.873550415 73.6159667969 38.4364318848
obstacle
0.0186568237841
206.062866211 197.018814087 126.89050293 36.1024780273
obstacle
0.0173381734639
207.326126099 178.481750488 38.962097168 21.1968383789
obstacle
0.0167831350118
246.321472168 118.966011047 23.9434814453 29.2015151978
obstacle
0.0141094326973
229.843887329 152.667266846 47.0149993896 36.9983825684
obstacle
0.0113601619378
250.037200928 108.394889832 28.2932739258 22.9594802856
obstacle
0.0104947332293
137.280288696 169.690185547 325.122009277 88.3556518555
