obstacle
0.964412808418
143.112335205 145.607025146 124.785217285 50.1569519043
obstacle
0.951175808907
263.783233643 125.578979492 232.666320801 70.0589294434
obstacle
0.854630768299
22.7730426788 172.520599365 64.2488098145 45.5909118652
obstacle
0.782191932201
31.362411499 146.269683838 369.681335449 63.6516723633
obstacle
0.595271170139
155.854614258 197.757827759 59.0074768066 26.5471801758
obstacle
0.136095747352
28.2463264465 185.450668335 23.3324356079 28.764831543
obstacle
0.0648174136877
362.700012207 122.230529785 57.7778930664 50.7695007324
obstacle
0.0390645638108
11.7641220093 149.238571167 144.85055542 79.204498291
obstacle
0.033480964601
50.2696380615 190.771575928 29.5370330811 30.7030029297
obstacle
0.0164823066443
60.5326766968 152.041244507 121.585090637 36.7144470215
