obstacle
0.999004423618
28.1798400879 127.004013062 345.58013916 77.1402587891
obstacle
0.990508079529
241.457717896 75.2597961426 66.425491333 19.1536407471
obstacle
0.63110512495
171.895370483 78.0087127686 48.2184143066 14.540435791
obstacle
0.545146405697
294.27154541 77.0565719604 69.0763549805 17.5957489014
obstacle
0.12177760154
283.172088623 69.2083587646 34.0723876953 21.1014251709
obstacle
0.0437085926533
174.660751343 68.7275009155 39.3480224609 14.5922393799
obstacle
0.0425640568137
227.282028198 64.0580215454 106.947219849 15.5382537842
