obstacle
0.993738055229
304.741241455 39.2845687866 78.5268554688 17.1036453247
obstacle
0.990947246552
0.0 98.5485916138 376.67364502 108.182945251
obstacle
0.990352928638
101.522674561 23.4840278625 82.8694458008 22.2898483276
obstacle
0.901890099049
314.35333252 31.6961097717 42.9738769531 18.0568466187
obstacle
0.272475659847
0.0 110.897537231 149.046478271 76.5958251953
obstacle
0.0675690174103
215.199768066 130.427062988 147.529663086 51.3938293457
obstacle
0.0333859845996
335.765350342 23.9967460632 32.780456543 21.2460327148
obstacle
0.0321970209479
124.124603271 33.1505393982 52.4785461426 21.5931930542
obstacle
0.0126730501652
102.816436768 32.3498077393 25.868347168 17.8888015747
obstacle
0.010193512775
95.8246612549 115.250770569 270.315002441 44.688835144
