obstacle
0.818685472012
105.99382019 47.9623184204 215.649368286 64.832901001
obstacle
0.448780953884
316.50881958 142.159942627 27.9193115234 32.6131286621
obstacle
0.287997305393
51.6938323975 161.435623169 402.961730957 72.9199523926
obstacle
0.225097775459
228.751678467 57.622718811 102.047363281 41.0248565674
obstacle
0.211644649506
295.035247803 159.199508667 204.964752197 57.7584228516
obstacle
0.0572746247053
298.553192139 149.556213379 68.3697509766 32.1190490723
obstacle
0.0516014359891
0.947536468506 76.1311645508 19.9097728729 16.1028289795
obstacle
0.0271929893643
227.87689209 166.806213379 136.634277344 58.230682373
obstacle
0.0253521185368
142.939453125 53.5706787109 107.750946045 33.4878082275
obstacle
0.0252246670425
100.578872681 173.691970825 163.663619995 49.4426574707
obstacle
0.016387976706
284.749206543 66.9347457886 39.3278808594 20.2587585449
obstacle
0.0117939999327
141.495544434 223.496429443 97.2347106934 26.6896972656
