obstacle
0.991279065609
68.9267883301 174.958770752 160.0 39.5174865723
obstacle
0.982536196709
443.041717529 102.02986145 37.4220581055 19.2857971191
obstacle
0.959798693657
207.961044312 145.057403564 146.109634399 58.2978210449
obstacle
0.479662597179
272.303833008 146.246795654 143.566833496 31.4752502441
obstacle
0.0340401306748
299.010375977 162.9012146 37.2731933594 29.6567382812
obstacle
0.0334556251764
423.187316895 110.9112854 67.1909179688 14.8113555908
obstacle
0.0176623910666
221.832092285 155.406173706 66.2102966309 34.0060424805
obstacle
0.0110702710226
336.386047363 135.670898438 51.0697021484 30.1213684082
