obstacle
0.964449286461
274.0 56.0 82.0 21.0
obstacle
0.89056545496
140.0 146.0 168.0 47.0
obstacle
0.874556779861
408.0 56.0 87.0 35.0
obstacle
0.824093878269
412.0 57.0 76.0 32.0
obstacle
0.768326759338
279.0 50.0 72.0 25.0
obstacle
0.724143326283
276.0 54.0 81.0 26.0
obstacle
0.695250213146
158.0 141.0 162.0 58.0
obstacle
0.516237139702
163.0 143.0 147.0 43.0
obstacle
0.490937799215
152.0 139.0 143.0 51.0
obstacle
0.476773142815
134.0 130.0 207.0 67.0
obstacle
0.475493609905
398.0 61.0 102.0 35.0
obstacle
0.46280425787
408.0 65.0 84.0 27.0
obstacle
0.414631783962
123.0 134.0 195.0 59.0
obstacle
0.40370503068
483.0 79.0 17.0 39.0
obstacle
0.386446774006
482.0 82.0 18.0 50.0
obstacle
0.341160476208
275.0 55.0 63.0 24.0
obstacle
0.292681753635
136.0 149.0 146.0 41.0
obstacle
0.267373204231
274.0 46.0 88.0 33.0
obstacle
0.265758484602
386.0 53.0 107.0 39.0
obstacle
0.230642437935
292.0 57.0 71.0 23.0
obstacle
0.222636952996
409.0 58.0 63.0 30.0
