obstacle
0.908090174198
8.0 191.0 64.0 14.0
obstacle
0.905334353447
332.0 192.0 80.0 15.0
obstacle
0.892235457897
6.0 189.0 62.0 15.0
obstacle
0.873175323009
164.0 195.0 66.0 13.0
obstacle
0.864379703999
118.0 181.0 60.0 15.0
obstacle
0.863844931126
263.0 202.0 56.0 17.0
obstacle
0.653605699539
259.0 202.0 55.0 16.0
obstacle
0.648124694824
332.0 191.0 62.0 16.0
obstacle
0.57745051384
115.0 182.0 58.0 12.0
obstacle
0.52318829298
269.0 203.0 53.0 16.0
obstacle
0.476203411818
123.0 182.0 70.0 15.0
obstacle
0.459504544735
155.0 192.0 66.0 16.0
obstacle
0.433729022741
0.0 191.0 66.0 14.0
obstacle
0.408353805542
331.0 194.0 53.0 11.0
obstacle
0.373719900846
6.0 191.0 78.0 15.0
obstacle
0.361501961946
259.0 204.0 48.0 14.0
obstacle
0.343891203403
341.0 194.0 67.0 12.0
obstacle
0.342045545578
165.0 194.0 71.0 13.0
obstacle
0.328224688768
165.0 198.0 67.0 18.0
obstacle
0.272642791271
163.0 195.0 43.0 10.0
obstacle
0.255467325449
138.0 183.0 48.0 11.0
obstacle
0.253940999508
355.0 191.0 62.0 16.0
obstacle
0.222126945853
152.0 197.0 66.0 21.0
obstacle
0.216846182942
149.0 187.0 103.0 27.0
