obstacle
0.954307854176
89.0 150.0 411.0 119.0
obstacle
0.825323343277
151.0 147.0 349.0 125.0
obstacle
0.796605527401
77.0 159.0 407.0 117.0
obstacle
0.762675702572
28.0 143.0 467.0 133.0
obstacle
0.648698031902
66.0 144.0 427.0 114.0
obstacle
0.43719625473
163.0 113.0 34.0 38.0
obstacle
0.411726117134
45.0 151.0 394.0 116.0
obstacle
0.409225136042
167.0 114.0 23.0 24.0
obstacle
0.34626224637
166.0 116.0 27.0 31.0
obstacle
0.315219521523
384.0 77.0 116.0 30.0
obstacle
0.288373202085
159.0 106.0 41.0 38.0
obstacle
0.257538348436
224.0 113.0 72.0 18.0
obstacle
0.255388945341
260.0 118.0 38.0 8.0
obstacle
0.244793653488
145.0 102.0 45.0 46.0
obstacle
0.242474451661
133.0 164.0 367.0 115.0
obstacle
0.230001196265
148.0 107.0 42.0 50.0
obstacle
0.225840121508
240.0 118.0 42.0 9.0
obstacle
0.222463563085
155.0 113.0 24.0 26.0
