obstacle
0.949738144875
105.47883606 205.508346558 107.19720459 26.7554626465
obstacle
0.931968986988
225.158813477 177.742431641 78.432434082 19.5887145996
obstacle
0.904561281204
157.708526611 171.574920654 45.443359375 18.3433837891
obstacle
0.823455989361
329.492004395 187.282989502 66.3324584961 24.3221740723
obstacle
0.721204459667
54.7834777832 161.417556763 41.6829986572 18.1695861816
obstacle
0.53998708725
300.825592041 194.631088257 22.0001831055 16.9812927246
obstacle
0.449530422688
286.023071289 203.292434692 45.1246337891 18.8324279785
obstacle
0.423850357533
363.982879639 191.454772949 24.2219848633 20.9178466797
obstacle
0.41107288003
274.849761963 179.609817505 55.4412231445 21.4408874512
obstacle
0.293807953596
138.072494507 193.026580811 58.2064208984 24.8793945312
obstacle
0.29044431448
287.115600586 189.431411743 22.6500854492 17.7335510254
obstacle
0.255713939667
275.365570068 191.511749268 57.7990112305 22.0513916016
obstacle
0.22201615572
42.8111877441 156.711486816 36.0587005615 16.0922241211
obstacle
0.197882339358
301.534729004 201.460113525 94.3798828125 17.8052368164
obstacle
0.19131487608
152.285736084 181.500900269 39.8628845215 16.2264404297
obstacle
0.143320530653
168.173110962 207.263549805 25.1196899414 19.0276489258
obstacle
0.0964097976685
113.007324219 173.172775269 309.729064941 46.6205749512
obstacle
0.0753914639354
315.778076172 185.199172974 29.3895263672 19.6631469727
obstacle
0.0665843188763
341.369354248 185.971984863 27.5110473633 19.2803649902
obstacle
0.0467374883592
189.804214478 318.55682373 23.9146118164 14.4431762695
obstacle
0.0391388460994
314.622711182 194.570327759 40.3673095703 21.1786804199
obstacle
0.0347371511161
241.042480469 204.793304443 131.616760254 21.3393859863
obstacle
0.0258151814342
140.926498413 160.922698975 53.0485534668 23.0874938965
obstacle
0.0198898054659
43.760799408 146.952346802 74.5407867432 15.2481384277
obstacle
0.0198391824961
262.529571533 216.155944824 116.180847168 17.920501709
obstacle
0.0154432030395
29.9408874512 143.550949097 350.522521973 58.8467712402
obstacle
0.0141908051446
101.288406372 180.426681519 141.414428711 85.1190948486
obstacle
0.0132322069257
177.042861938 313.864349365 21.5900268555 19.1356506348
