obstacle
0.986984372139
140.338119507 145.208251953 163.821060181 53.1283569336
obstacle
0.969705045223
277.886688232 57.6956329346 83.9883422852 29.2015228271
obstacle
0.649962365627
410.137756348 62.5629348755 83.3277587891 25.0687866211
obstacle
0.179939955473
147.803131104 163.070800781 61.8294677734 28.983215332
obstacle
0.148506939411
282.852722168 47.1450424194 73.2102050781 22.3816452026
obstacle
0.144840732217
165.277435303 153.762802124 75.0237121582 25.8710327148
obstacle
0.133210271597
294.616516113 58.7362480164 33.7007446289 20.6867103577
obstacle
0.119970887899
467.486816406 64.0361938477 26.9862060547 28.4786987305
obstacle
0.0952935963869
449.462097168 65.1822280884 30.3091430664 28.6009368896
obstacle
0.0888581499457
209.929504395 150.023620605 92.653137207 24.1676635742
obstacle
0.0686095356941
428.212188721 67.8026504517 33.1619873047 18.0346679688
obstacle
0.0275982171297
169.921859741 164.844543457 27.8562011719 17.8311767578
obstacle
0.0233525950462
319.520751953 58.3824234009 38.0789794922 18.566192627
obstacle
0.0138400485739
201.278945923 160.442901611 82.5042572021 27.0018310547
obstacle
0.0130561357364
337.313323975 69.9905395508 25.2846069336 22.2526397705
obstacle
0.012088787742
319.97454834 75.8233947754 28.1751098633 14.3475036621
obstacle
0.0102594811469
430.622741699 74.7392578125 68.0662231445 24.07421875
