obstacle
0.891104578972
93.5168304443 180.306015015 132.479522705 37.1782531738
obstacle
0.856528997421
93.6256103516 123.597724915 327.69342041 144.156707764
obstacle
0.832640826702
251.344406128 150.447860718 142.171279907 68.3391418457
obstacle
0.294602006674
289.523498535 171.276916504 84.785949707 31.2574157715
obstacle
0.290320396423
298.678527832 95.113822937 71.198059082 29.2575531006
obstacle
0.214170888066
172.409469604 101.405212402 59.6274414062 38.4493408203
obstacle
0.204015523195
464.511199951 92.3571243286 33.850402832 34.1971588135
obstacle
0.198402136564
276.65524292 272.377990723 28.8212890625 45.6579589844
obstacle
0.188155353069
286.092437744 101.015258789 97.1062011719 202.86932373
obstacle
0.186335518956
105.919906616 167.724365234 88.252532959 29.9482421875
obstacle
0.153586268425
299.217834473 211.15385437 68.3662109375 30.8501281738
obstacle
0.127235099673
225.80090332 106.848876953 69.9877319336 28.9553985596
obstacle
0.102966740727
405.545318604 98.6453933716 57.4978637695 31.7723007202
obstacle
0.0938918441534
187.784057617 158.696166992 69.6618652344 31.334564209
obstacle
0.0792441219091
275.233276367 154.728546143 49.0684814453 59.0250854492
obstacle
0.0751074329019
99.9531555176 90.5447463989 251.010040283 65.4465866089
obstacle
0.0665364265442
311.00592041 181.793273926 48.962890625 49.1940307617
obstacle
0.064062051475
252.961273193 101.884994507 180.59954834 26.9064788818
obstacle
0.05828910321
259.460754395 115.15435791 32.7340698242 28.1756591797
obstacle
0.0442097075284
136.673416138 191.457366943 79.79296875 18.1567077637
obstacle
0.0421141386032
296.673431396 319.745910645 32.4680175781 14.2540893555
obstacle
0.0420187711716
314.419769287 320.103424072 45.3487548828 13.8965759277
obstacle
0.0382643342018
435.249450684 86.0259780884 34.104309082 37.6241607666
obstacle
0.0371518731117
158.91897583 116.569122314 42.299407959 19.1982727051
obstacle
0.0335592031479
310.181396484 107.631523132 35.776550293 22.7902145386
obstacle
0.0301304608583
367.344390869 108.811264038 46.630065918 18.0449066162
obstacle
0.0280739404261
233.460723877 188.782516479 57.5106811523 26.6257629395
obstacle
0.0265060644597
269.426208496 108.442092896 53.1548461914 26.634262085
obstacle
0.0243153404444
162.082015991 177.319076538 82.2244873047 23.670501709
obstacle
0.0232160016894
185.443374634 115.798187256 30.4648132324 29.1477661133
obstacle
0.0220583379269
172.675262451 198.065124512 68.5197143555 19.911315918
obstacle
0.0212177056819
38.3251876831 150.865478516 221.175079346 85.8985595703
obstacle
0.0208305232227
93.9102554321 148.213882446 112.636131287 20.7053833008
obstacle
0.0186273641884
262.49911499 173.758895874 44.2200927734 30.0905456543
obstacle
0.0179824177176
275.893341064 308.345855713 26.5557250977 25.6541442871
obstacle
0.0160861294717
252.003433228 129.917098999 61.4198455811 26.8268737793
obstacle
0.0147116957232
125.036743164 244.783370972 351.875854492 85.6425323486
