obstacle
0.959948420525
127.701370239 110.503341675 310.501098633 85.9655761719
obstacle
0.748808205128
319.936462402 111.033737183 163.083435059 45.8052368164
obstacle
0.587027966976
133.829742432 136.520248413 101.610656738 52.5667419434
obstacle
0.521334588528
283.071289062 121.64050293 81.7322998047 70.5600891113
obstacle
0.315701574087
203.539657593 129.272079468 88.2624969482 67.6318054199
obstacle
0.154559955001
401.191467285 123.458534241 69.5189208984 20.9301528931
obstacle
0.146994173527
424.652008057 26.7052898407 49.6356201172 27.1072864532
obstacle
0.109723195434
458.125976562 6.16656494141 33.6496582031 55.0652542114
obstacle
0.0700545683503
281.366271973 87.9378204346 21.2938232422 21.024887085
obstacle
0.051211796701
166.279769897 157.72769165 39.0141906738 36.6765441895
obstacle
0.0503375045955
362.837310791 110.136299133 49.9108276367 45.9407424927
obstacle
0.0296382512897
212.213516235 164.106170654 66.4170074463 25.6524658203
obstacle
0.0253298711032
383.197723389 132.038574219 84.8353881836 28.2401428223
obstacle
0.0231363717467
165.826385498 126.152229309 21.886932373 18.9153823853
obstacle
0.0204122606665
142.569671631 133.704376221 220.943725586 35.2825317383
obstacle
0.018411161378
269.994018555 141.742416382 65.8817138672 30.6481323242
obstacle
0.0171231590211
169.574386597 139.156692505 49.6557922363 25.3102111816
obstacle
0.014201191254
243.744445801 99.2462081909 71.0646362305 68.5204238892
obstacle
0.012471774593
382.348022461 0.0 113.050720215 46.1675186157
obstacle
0.0115149719641
288.543823242 55.2946624756 113.885925293 171.476928711
