obstacle
0.840973734856
117.209831238 118.698776245 181.296813965 108.648956299
obstacle
0.770682990551
307.455108643 129.893035889 149.878417969 48.0219726562
obstacle
0.727672219276
25.5222511292 176.177215576 66.9631652832 52.432800293
obstacle
0.71212220192
147.249847412 198.844573975 76.8368835449 27.4465942383
obstacle
0.546104669571
176.626159668 143.479370117 84.6622009277 59.8977050781
obstacle
0.536161780357
84.7556228638 152.330718994 77.3900985718 54.4086608887
obstacle
0.393002688885
277.559783936 133.651870728 65.0326538086 36.6707763672
obstacle
0.373660206795
51.4465713501 187.859115601 30.1440429688 28.0641174316
obstacle
0.312391221523
150.251419067 192.619354248 47.7221679688 21.1929321289
obstacle
0.273421466351
40.0837173462 185.443908691 24.7013397217 27.3086547852
obstacle
0.201764196157
7.00756072998 147.225296021 145.239715576 100.015350342
obstacle
0.141434878111
400.944763184 0.0 52.3745117188 17.5639324188
obstacle
0.108581870794
189.811676025 192.851821899 36.6429443359 26.6631469727
obstacle
0.0942917987704
365.241577148 134.441040039 53.5458984375 29.1612548828
obstacle
0.080116763711
421.680328369 0.324882507324 78.3196716309 23.4074668884
obstacle
0.0708856955171
311.783752441 145.427322388 65.4746704102 33.4121398926
obstacle
0.0651113912463
395.307312012 8.48299026489 41.6957397461 17.2232666016
obstacle
0.0637470632792
27.4845466614 176.153945923 30.4274673462 26.3282470703
obstacle
0.0538566708565
70.1885070801 181.350158691 16.7723693848 41.1933288574
obstacle
0.0519849620759
139.325622559 183.305969238 46.4138183594 20.5185241699
obstacle
0.0515145435929
462.09664917 8.06001186371 25.4840698242 21.5350990295
obstacle
0.0473283752799
195.356338501 115.426017761 304.643676758 85.9964370728
obstacle
0.0360525548458
421.640960693 10.8790378571 30.0973510742 20.5119171143
obstacle
0.0354404114187
364.792572021 149.779647827 87.0529785156 23.7188720703
obstacle
0.0266091674566
467.700897217 26.8436584473 25.6772460938 20.1208572388
obstacle
0.0230450499803
439.472961426 8.39185714722 26.8804931641 21.1583976746
obstacle
0.0214446205646
110.94430542 163.440353394 80.1815185547 27.5395202637
obstacle
0.0210358202457
391.028015137 32.4054946899 25.0743408203 16.0101928711
obstacle
0.0196308419108
207.538635254 153.007125854 37.7615661621 39.2888183594
obstacle
0.0155894029886
155.897644043 154.539031982 68.3299865723 35.4633483887
obstacle
0.0134206162766
112.322067261 162.443313599 30.1134185791 21.7275085449
obstacle
0.0122252004221
11.6680297852 88.2060775757 431.36807251 166.489379883
