obstacle
0.524389028549
167.38343811 120.183914185 23.1205749512 20.7398376465
obstacle
0.441305458546
415.087554932 86.4460983276 65.7738647461 22.268081665
obstacle
0.295280426741
150.026382446 110.514167786 58.0742797852 48.772102356
obstacle
0.256589055061
366.96270752 218.065719604 39.1806030273 42.6341094971
obstacle
0.237620800734
469.081237793 182.679534912 30.918762207 20.2928466797
obstacle
0.225150302052
203.82019043 213.209594727 144.80255127 38.9744262695
obstacle
0.221285134554
10.696937561 264.71005249 30.3453598022 14.2899475098
obstacle
0.218753352761
276.405303955 203.100219727 33.201171875 43.0669250488
obstacle
0.213612541556
432.177154541 185.886505127 31.7838134766 48.470703125
obstacle
0.213363185525
422.718322754 178.696548462 26.4230957031 43.7980957031
obstacle
0.188700154424
225.266738892 151.122558594 117.150314331 127.877441406
obstacle
0.184635087848
279.310974121 113.323799133 26.8898925781 19.1323623657
obstacle
0.180489838123
457.431854248 85.1169967651 32.1669921875 18.285949707
obstacle
0.177173897624
104.913284302 147.572967529 395.086730957 126.834899902
obstacle
0.177122458816
393.277069092 175.265457153 31.6253662109 42.0648193359
obstacle
0.169412270188
280.959075928 103.472167969 21.6807861328 18.747177124
obstacle
0.154725894332
313.459960938 263.091247559 43.9550170898 15.9087524414
obstacle
0.146882772446
133.246276855 189.945571899 54.930480957 30.7832336426
obstacle
0.124515235424
214.596496582 264.863464355 38.1458740234 14.1365356445
obstacle
0.112874463201
336.75213623 160.366790771 163.24786377 76.9653320312
obstacle
0.112442418933
409.730072021 168.677429199 25.0815429688 42.0629272461
obstacle
0.108629368246
255.121032715 205.70513916 35.974609375 42.5600891113
obstacle
0.106670238078
231.93057251 219.535491943 28.811340332 40.8586730957
obstacle
0.105429090559
307.624572754 213.099945068 29.3222045898 37.4055175781
obstacle
0.0924113988876
265.65625 219.094329834 156.812133789 41.6874694824
obstacle
0.0809496343136
154.437667847 119.907714844 21.6383056641 37.8720703125
obstacle
0.0797499716282
375.127990723 194.922134399 37.6787719727 46.8297729492
obstacle
0.0734378471971
323.702972412 215.597457886 27.393737793 35.621887207
obstacle
0.0655236616731
446.289611816 183.785140991 37.0188598633 34.6403503418
obstacle
0.0622062794864
163.01210022 203.239135742 38.7411804199 25.3243103027
obstacle
0.0553897917271
197.788986206 158.099243164 25.5163574219 34.184387207
obstacle
0.0552666634321
377.557403564 253.875488281 29.9667358398 25.1245117188
obstacle
0.0544469095767
351.631561279 217.299865723 27.7252197266 34.919921875
obstacle
0.0487014278769
219.988250732 193.069351196 25.9395446777 38.622833252
obstacle
0.0462716929615
351.991912842 254.053237915 32.4913330078 24.946762085
obstacle
0.0435197912157
275.753570557 123.950698853 27.8060302734 18.225982666
obstacle
0.0362050458789
264.857055664 135.848251343 37.682434082 17.0416564941
obstacle
0.0344533808529
434.824249268 169.715179443 58.5941162109 79.2392272949
obstacle
0.0299123637378
445.759674072 206.89263916 20.3283081055 34.2024230957
obstacle
0.0289592053741
292.615478516 211.514129639 27.4459838867 42.8822631836
obstacle
0.0250026341528
381.370849609 32.0498962402 118.629150391 246.95010376
obstacle
0.0217823535204
291.278289795 259.120697021 38.3789672852 19.8793029785
obstacle
0.0179423429072
65.6890716553 82.6171798706 200.118545532 189.117584229
obstacle
0.0159882735461
248.629043579 154.003204346 49.1561126709 18.206451416
obstacle
0.0147321801633
340.643463135 257.883392334 24.8140258789 21.116607666
obstacle
0.0147237293422
247.675567627 192.014923096 26.0386352539 46.9926757812
obstacle
0.0138268638402
463.748535156 77.0163726807 36.2514648438 18.6094818115
obstacle
0.0128103513271
126.561347961 112.312011719 214.68157959 65.6237487793
