obstacle
0.943222820759
39.3451118469 43.0831184387 86.5091552734 21.7561569214
obstacle
0.942129313946
56.0963897705 119.426338196 364.206787109 125.09929657
obstacle
0.773935317993
270.028625488 98.141784668 116.014709473 155.283203125
obstacle
0.73598998785
62.3943328857 37.1217956543 45.1784057617 18.1585998535
obstacle
0.698343515396
0.0 25.7385139465 30.1532211304 31.8975372314
obstacle
0.633434534073
87.5687637329 144.40335083 98.2145309448 72.7208557129
obstacle
0.448994249105
162.745880127 151.23550415 69.0260925293 31.0680236816
obstacle
0.341641813517
480.520172119 60.4396286011 19.4798278809 17.1450500488
obstacle
0.336360037327
151.420120239 137.38885498 99.3844604492 84.5927124023
obstacle
0.267062693834
291.496398926 187.903549194 85.9692993164 39.0738220215
obstacle
0.25777593255
293.638183594 142.320159912 76.0361328125 59.5323486328
obstacle
0.207612991333
45.2870559692 59.6347160339 67.6171264648 14.677532196
obstacle
0.101642437279
231.673980713 167.881866455 61.6331787109 59.6017150879
obstacle
0.0684752911329
253.822570801 152.299591064 84.2774658203 71.1559143066
obstacle
0.0672938153148
116.889541626 159.728744507 47.7200622559 41.9078063965
obstacle
0.0538056232035
87.3265151978 55.9632606506 21.5897521973 18.2997398376
obstacle
0.0472318083048
129.832824707 148.960983276 66.2832336426 39.9771728516
obstacle
0.0418600700796
217.551101685 160.883071899 52.0925140381 40.1561889648
obstacle
0.0295534804463
146.591400146 165.495147705 62.661529541 42.3814697266
obstacle
0.027298303321
0.912372589111 44.256893158 34.1865310669 23.502986908
obstacle
0.0141247352585
0.0 34.0650100708 113.063552856 46.6171646118
obstacle
0.0139098605141
82.886505127 63.4317779541 36.8701782227 19.4603271484
obstacle
0.0125439465046
189.454391479 184.495376587 77.5190887451 49.7333984375
