obstacle
0.98686414957
98.2125396729 138.735565186 378.507873535 115.416137695
obstacle
0.665327191353
126.044204712 170.41293335 118.497283936 63.6297912598
obstacle
0.364381879568
179.029846191 161.059463501 146.425109863 76.0430908203
obstacle
0.307143300772
279.992462158 149.496459961 120.16998291 94.9421386719
obstacle
0.275751531124
354.468383789 178.925811768 83.910949707 45.9739990234
obstacle
0.0982300788164
302.344482422 150.920181274 32.9746704102 22.9555358887
obstacle
0.083693780005
307.947570801 161.746612549 46.1138305664 30.2490234375
obstacle
0.0597072839737
136.121795654 182.95010376 53.3429870605 36.05078125
obstacle
0.0516979470849
380.546264648 181.853637695 37.0444335938 28.0881958008
obstacle
0.0235770251602
217.470916748 161.435623169 53.723236084 59.5667419434
obstacle
0.0197976510972
324.247589111 170.66619873 65.352722168 34.7956237793
obstacle
0.0174486711621
255.874816895 170.253005981 97.1039428711 50.7816772461
obstacle
0.0121005633846
164.740905762 181.115432739 128.037200928 27.2956237793
obstacle
0.0105032240972
257.09262085 84.1842498779 89.8757324219 209.287124634
