obstacle
0.442924022675
408.300018311 138.069122314 23.1549682617 27.7110900879
obstacle
0.390470832586
364.220153809 138.613861084 62.2775878906 33.7783203125
obstacle
0.298884451389
53.5372505188 75.6751861572 83.3046569824 18.3961639404
obstacle
0.289699971676
65.9822540283 127.724067688 49.3496551514 44.3593826294
obstacle
0.276128321886
80.8847198486 151.172683716 29.8012542725 21.9869689941
obstacle
0.255627065897
377.480316162 141.957092285 24.2061157227 23.8740539551
obstacle
0.254411399364
145.942779541 78.606048584 95.3448791504 18.3789825439
obstacle
0.214730337262
88.1120223999 131.630752563 22.1412658691 26.9152832031
obstacle
0.205695852637
341.991363525 89.9572601318 54.9867553711 18.1913452148
obstacle
0.196548327804
358.52545166 159.642822266 77.1766357422 20.9975280762
obstacle
0.150234490633
380.454437256 133.883422852 26.4078979492 19.7191162109
obstacle
0.136632397771
257.212738037 24.2291755676 19.7761230469 19.396522522
obstacle
0.120017550886
76.5350952148 78.9521789551 31.2559051514 17.1251831055
obstacle
0.103248387575
75.3004226685 131.723358154 21.0937957764 29.3993530273
obstacle
0.0965307801962
241.126922607 87.2861938477 87.1964111328 16.3584747314
obstacle
0.0727167874575
52.123500824 158.429489136 65.8304748535 20.4048156738
obstacle
0.0704082548618
409.49822998 130.470977783 19.5000610352 18.8483581543
obstacle
0.040110539645
78.8169250488 121.360282898 21.9251251221 20.7631607056
obstacle
0.0387303829193
87.3191223145 69.8878479004 17.5693817139 20.102645874
obstacle
0.0279648359865
28.3049621582 73.8149414062 404.635742188 36.5605773926
obstacle
0.0186095815152
358.509033203 112.156723022 109.9296875 98.477722168
obstacle
0.0174033138901
377.257232666 123.531784058 57.1129760742 18.478515625
obstacle
0.0173563268036
334.426879883 0.0 60.7351074219 17.1487693787
obstacle
0.0153406728059
157.701812744 87.1191864014 63.9876403809 17.2936248779
obstacle
0.0133185582235
69.5151824951 65.7327346802 22.2675933838 19.0044555664
