obstacle
0.889436006546
50.0371437073 173.703796387 25.7460746765 21.7891845703
obstacle
0.878551483154
55.0893669128 164.495727539 22.4523887634 19.3578796387
obstacle
0.812487483025
205.067077637 134.33581543 112.76965332 32.269317627
obstacle
0.693468809128
197.308654785 197.110519409 118.013275146 42.3150939941
obstacle
0.672228336334
106.75994873 232.608764648 48.6682128906 26.2357788086
obstacle
0.632160186768
279.082824707 158.650588989 69.3668823242 26.6836242676
obstacle
0.475217938423
188.518920898 138.0181427 240.566894531 108.288879395
obstacle
0.470407634974
218.91394043 135.393585205 41.6437988281 23.8583374023
obstacle
0.440734863281
375.061767578 195.043563843 32.9880981445 27.464263916
obstacle
0.331035107374
247.000579834 144.125457764 43.5715942383 21.3527832031
obstacle
0.325406819582
208.6456604 129.222442627 41.5325012207 18.0408935547
obstacle
0.31721162796
339.082275391 196.524734497 94.6211547852 33.5365600586
obstacle
0.230130836368
36.6684532166 168.244796753 19.6786270142 24.2973632812
obstacle
0.222531691194
210.753326416 193.696289062 35.9690856934 31.6437988281
obstacle
0.201096728444
267.608612061 137.712722778 25.3013305664 18.5733642578
obstacle
0.176215708256
253.746963501 218.340820312 73.7115325928 35.7076416016
obstacle
0.171414941549
208.87727356 146.499923706 49.3124542236 27.6416320801
obstacle
0.150443151593
81.556854248 47.8221359253 28.3955993652 35.1413116455
obstacle
0.123265728354
124.481811523 240.255493164 21.3414611816 21.1303710938
obstacle
0.121603228152
195.380172729 159.867782593 57.9776000977 38.4466552734
obstacle
0.0697691813111
65.4823226929 167.937088013 19.3876953125 22.8389282227
obstacle
0.0652198493481
230.093200684 192.34236145 38.5159606934 35.991973877
obstacle
0.0632042139769
292.645935059 176.345977783 39.5977783203 18.4754943848
obstacle
0.0610505566001
23.4696083069 174.981933594 78.0875701904 25.4473571777
obstacle
0.0524388067424
340.544799805 214.38671875 29.2518920898 19.0547180176
obstacle
0.0515176430345
362.91204834 203.549301147 32.8060913086 25.8063964844
obstacle
0.049546983093
271.854614258 143.87121582 54.1367797852 27.3350830078
obstacle
0.0453342422843
94.7974014282 54.9429321289 27.7314758301 35.3188171387
obstacle
0.0416412092745
319.60534668 221.987670898 44.0286254883 19.5692138672
obstacle
0.0292897634208
294.165344238 150.503219604 24.8641967773 16.9172363281
obstacle
0.0249496717006
20.4379997253 163.235549927 98.9576873779 22.9342041016
obstacle
0.0216491147876
197.097991943 103.848655701 89.6741027832 198.909454346
obstacle
0.0181698147207
239.236236572 212.536361694 54.6016845703 29.7265930176
obstacle
0.0161064546555
353.008361816 206.468399048 23.6241455078 21.8208312988
obstacle
0.0159091968089
60.1424865723 152.704269409 279.279632568 64.7883300781
