obstacle
0.393479973078
32.5676078796 260.579528809 121.297637939 18.4204711914
obstacle
0.316621392965
149.179672241 120.189361572 50.6622619629 31.3098449707
obstacle
0.307195961475
305.413116455 261.949737549 145.041442871 17.0502624512
obstacle
0.293188154697
99.1001586914 263.601745605 124.909240723 15.3982543945
obstacle
0.287568539381
74.0826339722 262.657104492 138.028381348 16.3428955078
obstacle
0.272103726864
308.787902832 261.192077637 114.65423584 17.8079223633
obstacle
0.257767438889
268.561920166 102.148109436 37.8049926758 17.991973877
obstacle
0.257767438889
274.017791748 105.976524353 28.0079345703 18.2202453613
obstacle
0.24175684154
352.491943359 215.8956604 44.6661987305 49.4730224609
obstacle
0.231415092945
323.539642334 158.851318359 95.1780395508 120.148681641
obstacle
0.226053461432
152.088424683 115.702713013 44.8536071777 32.5544128418
obstacle
0.212708413601
334.010406494 219.624832153 60.9450073242 59.181137085
obstacle
0.209303870797
74.8545455933 226.956436157 48.9533996582 35.5924530029
obstacle
0.203278377652
345.79977417 217.486679077 47.378112793 45.8026580811
obstacle
0.19090205431
329.58782959 218.182846069 79.1373291016 48.7516937256
obstacle
0.183968603611
68.9647674561 161.080657959 393.289306641 117.919342041
obstacle
0.183026567101
267.020507812 100.696533203 48.3032836914 19.6065216064
obstacle
0.179512351751
137.817733765 155.846115112 362.182250977 115.230056763
obstacle
0.167225793004
338.158752441 219.080932617 47.0415039062 32.926361084
obstacle
0.163461819291
221.578765869 217.058227539 80.2076416016 45.3613891602
obstacle
0.152222082019
54.2295379639 252.915771484 87.2101745605 26.0842285156
obstacle
0.147743910551
348.172637939 208.570800781 47.0310668945 70.4291992188
obstacle
0.147155612707
159.46736145 127.220603943 27.1645812988 20.2389297485
obstacle
0.146996080875
267.731719971 213.784332275 163.875610352 46.9324035645
obstacle
0.143093064427
316.566650391 219.372360229 87.9940185547 42.46434021
obstacle
0.142308846116
281.53894043 106.400054932 28.1255493164 17.1979980469
obstacle
0.14185257256
163.984191895 113.654968262 190.480224609 165.345031738
obstacle
0.140055730939
75.6351165771 168.912216187 424.364868164 110.087783813
obstacle
0.139562875032
74.4179992676 230.562408447 47.7958221436 32.88671875
obstacle
0.138169154525
212.274581909 197.970703125 50.6803436279 37.0364379883
obstacle
0.137882009149
354.859893799 228.030212402 40.8632202148 50.9697875977
obstacle
0.132897868752
329.663116455 220.468170166 58.5614624023 42.4948120117
obstacle
0.131894081831
438.844543457 84.3133850098 48.9581298828 17.3569030762
obstacle
0.131404355168
323.386383057 220.934936523 82.337890625 45.1311645508
obstacle
0.126397505403
344.339477539 220.545349121 46.5447998047 43.378326416
obstacle
0.126104012132
317.021881104 164.847747803 99.6852416992 114.152252197
obstacle
0.125720947981
190.712661743 185.632965088 86.4646759033 47.4678955078
obstacle
0.124216586351
87.494934082 148.317199707 378.581665039 122.544464111
obstacle
0.123804561794
66.1707611084 227.148986816 66.0626068115 40.8528747559
obstacle
0.123532421887
294.602081299 215.478225708 135.05456543 54.2732391357
obstacle
0.12123478204
326.817199707 222.164489746 86.8790283203 47.1788635254
obstacle
0.120247021317
330.676879883 222.47605896 63.626953125 52.2005157471
obstacle
0.118651330471
150.056442261 119.88861084 46.7886352539 28.661315918
obstacle
0.117294669151
267.819671631 97.5077133179 34.0443115234 17.9326324463
obstacle
0.116944812238
315.685241699 210.216934204 81.1594238281 50.9758758545
obstacle
0.116251662374
121.86946106 129.827438354 307.852478027 149.172561646
obstacle
0.116047464311
71.4315643311 186.027557373 402.224182129 84.3608093262
obstacle
0.113228723407
313.106445312 223.477050781 91.9736938477 36.4198303223
obstacle
0.112955003977
255.372283936 218.656311035 176.21081543 40.703918457
obstacle
0.111913613975
324.213867188 215.512359619 74.2979125977 51.6995849609
obstacle
0.109114155173
42.4461212158 182.188705444 404.379272461 84.9879302979
obstacle
0.108834043145
30.6870956421 256.408691406 173.761413574 22.5913085938
obstacle
0.10809276998
73.5668792725 229.962142944 52.7285766602 35.0009002686
obstacle
0.10764592886
221.268066406 217.494918823 72.3427124023 42.8122711182
obstacle
0.107334755361
319.472045898 216.898529053 86.6192016602 62.1014709473
obstacle
0.106589920819
326.672424316 223.611709595 59.1676025391 39.1605072021
obstacle
0.10499163717
197.590209961 106.748321533 179.766235352 171.848052979
obstacle
0.104638941586
337.027282715 221.286376953 47.692565918 29.280670166
obstacle
0.103547409177
52.9201660156 162.725616455 417.270263672 116.274383545
obstacle
0.103143632412
74.6442871094 150.435592651 411.44744873 126.792617798
obstacle
0.103126168251
82.3859100342 178.113296509 373.269165039 91.0153045654
obstacle
0.102155573666
225.942550659 212.827407837 69.0510406494 44.2908172607
obstacle
0.101868852973
349.879089355 221.340209961 43.9782714844 42.44921875
obstacle
0.101709648967
345.142608643 222.254058838 49.0727539062 44.6393737793
obstacle
0.101462014019
159.602600098 127.376747131 25.3044433594 19.712852478
obstacle
0.0994088873267
350.221282959 219.417098999 35.5608520508 48.0606231689
obstacle
0.0993035286665
126.857925415 181.523895264 90.4258117676 39.2833557129
obstacle
0.0992183536291
69.2162475586 173.314971924 363.817230225 87.7226867676
obstacle
0.0990827977657
309.8074646 213.903366089 89.0990600586 44.4995269775
obstacle
0.0975526571274
265.14163208 218.024124146 177.094116211 45.7188873291
obstacle
0.0974707230926
129.004928589 174.654510498 71.2420654297 43.2143554688
obstacle
0.0967166796327
208.292175293 200.462051392 56.6571960449 32.4973449707
obstacle
0.0965688377619
327.225646973 222.89012146 64.2251586914 42.1107025146
obstacle
0.0960485413671
64.0007629395 217.661376953 86.9712982178 48.4522094727
obstacle
0.0957682877779
26.507522583 250.675018311 150.764923096 28.3249816895
obstacle
0.0956498533487
319.923522949 219.676879883 76.1074829102 46.6572265625
obstacle
0.0943555384874
283.188781738 218.631515503 140.580566406 50.7548370361
obstacle
0.0942071527243
133.711853027 169.509811401 78.4020996094 43.2806396484
obstacle
0.0939179062843
276.311004639 106.959320068 32.5225219727 18.1126251221
obstacle
0.0939028486609
64.7276535034 230.856399536 67.4074172974 36.9436798096
obstacle
0.0938737541437
53.0984802246 182.607315063 382.716400146 81.4151153564
obstacle
0.093496799469
339.546905518 209.393432617 50.1640625 69.6065673828
obstacle
0.0922863334417
215.213851929 200.419494629 59.8060455322 45.5450439453
obstacle
0.091767475009
113.480377197 154.20324707 385.293212891 124.79675293
obstacle
0.0913815870881
314.74899292 221.564193726 94.9082641602 42.5957183838
obstacle
0.0908369421959
75.5654602051 231.201751709 41.8702087402 33.7039489746
obstacle
0.0904568731785
341.594512939 210.086380005 59.130065918 68.9136199951
obstacle
0.0899691134691
160.801940918 125.874160767 23.6317749023 21.2326660156
obstacle
0.0894773751497
123.726409912 179.401473999 78.9735107422 37.0191345215
obstacle
0.0885982066393
201.688049316 191.201416016 69.9931945801 46.2420654297
obstacle
0.0872848182917
75.4052276611 161.768753052 396.618713379 117.231246948
obstacle
0.0865382254124
96.8030700684 172.366729736 381.460083008 88.7090454102
obstacle
0.0862592980266
267.390930176 101.741744995 36.9132080078 18.8925018311
obstacle
0.0862592980266
273.158508301 105.564697266 27.353515625 19.1328735352
obstacle
0.0862308219075
218.20262146 220.779785156 69.4716644287 37.1327514648
obstacle
0.085627220571
333.095458984 221.390609741 66.2990722656 47.8517303467
obstacle
0.0846500471234
245.877227783 206.792663574 173.62701416 43.1929321289
obstacle
0.0845303833485
183.460067749 189.171798706 95.4141693115 41.882598877
obstacle
0.0843253582716
217.615356445 210.790039062 199.98425293 37.0079345703
obstacle
0.0840858370066
321.025939941 219.210220337 82.0237426758 49.8317108154
obstacle
0.0824448466301
150.429046631 118.652832031 45.3776855469 31.9680175781
obstacle
0.0821509584785
322.969085693 229.116958618 80.123840332 40.9749603271
obstacle
0.0819325596094
320.226043701 229.775375366 74.0239868164 38.0052337646
obstacle
0.0818291828036
127.148612976 173.376708984 90.0359268188 36.8391723633
obstacle
0.0812455117702
436.260101318 83.8032150269 48.5215454102 17.7762145996
obstacle
0.0809783786535
339.09274292 157.28817749 82.6058349609 121.71182251
obstacle
0.0800541117787
333.172790527 225.036651611 66.7134399414 53.9633483887
obstacle
0.0797664299607
140.694366455 220.742675781 51.4394226074 37.0255432129
obstacle
0.0797132700682
315.191619873 206.966018677 81.7066650391 44.3144226074
obstacle
0.0792995169759
61.8530464172 222.438827515 89.4971466064 42.6548309326
obstacle
0.0791067406535
54.6253051758 179.128158569 414.922973633 80.2390899658
obstacle
0.0788231119514
115.519889832 184.305023193 103.25995636 34.9285888672
obstacle
0.0788144692779
197.448974609 210.854644775 100.243347168 50.563079834
obstacle
0.0783283859491
327.684448242 225.910675049 68.6921386719 42.5257263184
obstacle
0.077342748642
225.866882324 218.140609741 61.5795898438 40.3542633057
obstacle
0.076911650598
118.990005493 128.36100769 217.038619995 150.63899231
obstacle
0.0766054466367
221.169006348 219.468658447 72.3151245117 42.0161437988
obstacle
0.0763654485345
292.432434082 227.572906494 137.561523438 41.8161315918
obstacle
0.075906470418
336.597595215 223.761306763 54.3583374023 55.2386932373
obstacle
0.0756691172719
268.910369873 98.4533462524 35.0516967773 21.3701629639
obstacle
0.0756691172719
274.273468018 102.232131958 25.9875488281 21.6438140869
obstacle
0.0755571573973
152.595092773 139.381866455 347.404907227 131.976348877
obstacle
0.0751869305968
209.547271729 203.51802063 68.418762207 39.4812011719
obstacle
0.0746135264635
199.1171875 195.218795776 74.4477539062 54.0218811035
obstacle
0.0741568431258
330.138977051 162.635498047 79.1033325195 116.364501953
obstacle
0.0738643333316
56.1315917969 136.150665283 375.347106934 142.849334717
obstacle
0.0738474056125
347.883789062 218.097900391 40.971862793 46.828338623
obstacle
0.0736483559012
234.546356201 215.088043213 53.2946777344 47.2865600586
obstacle
0.0733000189066
75.3735809326 230.231811523 44.5409851074 32.9918823242
obstacle
0.0728657469153
288.595184326 222.221557617 120.717651367 45.2965393066
obstacle
0.0728139057755
288.110351562 219.01625061 148.276184082 52.2132110596
obstacle
0.072554141283
163.770370483 128.310241699 26.0660705566 18.4633483887
obstacle
0.0719454810023
284.070739746 217.224761963 118.362670898 44.5160522461
obstacle
0.0714274197817
342.390014648 220.550415039 36.3881835938 33.9136047363
obstacle
0.0713976249099
295.545684814 222.271224976 126.534118652 47.9859161377
obstacle
0.0709627717733
150.107711792 118.946235657 45.6435852051 29.6049728394
obstacle
0.070421949029
104.251457214 128.977661133 221.368225098 147.731170654
obstacle
0.0704031959176
218.264541626 134.156402588 224.383529663 144.843597412
obstacle
0.0701324269176
342.180847168 211.859176636 53.0839233398 67.1408233643
obstacle
0.0701193511486
328.585632324 221.803207397 73.037902832 46.1970977783
obstacle
0.0700076147914
127.591255188 177.083816528 64.5555801392 46.5697937012
obstacle
0.0699470341206
280.263366699 105.421257019 27.5133056641 18.7256774902
obstacle
0.0696491748095
331.203948975 222.149703979 45.8458862305 43.6413421631
obstacle
0.0695323199034
359.791137695 219.563674927 31.9124145508 48.5872955322
obstacle
0.069271504879
337.096557617 212.275253296 55.0181274414 66.7247467041
obstacle
0.0690534412861
164.32144165 128.460739136 27.8235168457 18.9574584961
obstacle
0.0688387155533
265.302368164 157.827667236 233.619445801 121.172332764
obstacle
0.0688209086657
318.77532959 222.936889648 74.3869628906 39.9235229492
obstacle
0.068734779954
347.835327148 218.842163086 50.0819091797 60.1578369141
obstacle
0.068557664752
123.226516724 182.389251709 72.226348877 39.758026123
obstacle
0.0683663487434
204.220596313 205.925567627 91.3513641357 55.6995849609
obstacle
0.06832036376
302.360534668 217.883560181 108.469787598 51.3693084717
obstacle
0.0677278414369
266.309936523 100.191329956 49.8753051758 21.2161865234
obstacle
0.067418217659
422.595794678 80.7727890015 57.5889892578 21.6629486084
obstacle
0.0671776682138
291.539764404 212.876617432 108.903564453 48.6717224121
obstacle
0.0671034678817
153.403900146 109.932365417 196.561401367 169.067626953
obstacle
0.067066706717
426.813690186 88.0010452271 62.4680175781 18.9258728027
obstacle
0.0667114108801
216.398208618 212.942810059 74.6978912354 41.7990112305
obstacle
0.0666298791766
262.349365234 217.508483887 188.526794434 35.7096862793
obstacle
0.0664490908384
127.362182617 226.439117432 64.543548584 37.043762207
obstacle
0.0661935061216
303.929748535 209.839248657 96.4067382812 39.102722168
obstacle
0.0659205392003
322.264373779 173.325714111 100.414001465 105.674285889
obstacle
0.0658860728145
197.225341797 194.29006958 79.1867370605 40.7738037109
obstacle
0.0658107921481
223.262298584 208.024154663 99.7760620117 45.4322509766
obstacle
0.0657936632633
278.821594238 230.911407471 146.660827637 38.7491455078
obstacle
0.0657185688615
211.40512085 210.791900635 113.723144531 40.5998840332
obstacle
0.0655936151743
337.811462402 221.930267334 46.6593017578 32.5078430176
obstacle
0.0654968321323
200.783309937 209.792526245 105.51725769 54.4602203369
obstacle
0.0653096884489
425.224243164 81.6806259155 58.5877075195 21.2327423096
obstacle
0.0651960223913
70.7639465332 150.903289795 405.079528809 114.004730225
obstacle
0.0650095269084
72.4831542969 172.861709595 379.837280273 77.9613342285
obstacle
0.0649615675211
328.361999512 185.709197998 42.6326904297 23.8916625977
obstacle
0.0649285838008
441.376403809 82.0930633545 43.3613891602 20.1227874756
obstacle
0.064606577158
97.1179351807 129.486755371 326.645996094 148.808135986
obstacle
0.0644053220749
120.521850586 228.117431641 70.1977844238 35.1523742676
obstacle
0.0639380663633
425.053192139 87.1739501953 59.4381713867 19.3706817627
obstacle
0.0639210492373
47.8576889038 256.074768066 171.909454346 22.9252319336
obstacle
0.0638919100165
75.6998138428 160.827026367 343.514404297 91.6499938965
obstacle
0.0638325512409
267.221710205 97.1769790649 34.5115356445 18.0435333252
obstacle
0.0633503273129
70.8847427368 215.100814819 89.7708053589 46.7795257568
obstacle
0.063325792551
134.588943481 221.913833618 57.4480285645 34.2062683105
obstacle
0.0631160438061
314.160766602 211.603759766 87.4381713867 51.9105834961
obstacle
0.0626789182425
233.367980957 117.204017639 211.369140625 160.046813965
obstacle
0.0619848631322
219.901657104 206.637176514 59.0936126709 42.2230224609
obstacle
0.061870303005
267.207763672 96.473991394 46.3186645508 24.6705780029
obstacle
0.0617279224098
351.145874023 233.879623413 47.0108642578 45.1203765869
obstacle
0.0616738051176
225.048950195 209.975814819 64.0720214844 45.552734375
obstacle
0.0613843053579
166.6456604 127.707717896 23.3301086426 19.3174133301
obstacle
0.0612063445151
139.312774658 191.600463867 177.106689453 35.5881347656
obstacle
0.0610713176429
274.483459473 218.234588623 143.360656738 43.56640625
obstacle
0.061003614217
131.39465332 217.452835083 78.7968444824 44.44871521
obstacle
0.0609326921403
241.557907104 209.298599243 192.426223755 43.3661804199
obstacle
0.0609114021063
334.291320801 224.497879028 58.8062133789 53.3612518311
obstacle
0.0605019368231
125.653503418 176.974563599 79.4886474609 42.5548706055
obstacle
0.0603810064495
238.400665283 157.267669678 251.699462891 121.732330322
obstacle
0.0599013380706
234.961334229 211.990280151 76.2609863281 41.8918762207
obstacle
0.0592977702618
349.033508301 184.869995117 42.4088745117 23.7781982422
obstacle
0.0590001940727
139.62852478 221.400054932 65.1555175781 42.2291564941
obstacle
0.0587179809809
225.704864502 214.231369019 87.9030761719 38.6841125488
obstacle
0.0586987994611
68.045135498 181.890014648 383.623840332 84.2009277344
obstacle
0.0583885386586
307.385101318 263.976837158 103.385864258 15.0231628418
obstacle
0.0583609454334
161.257095337 127.294845581 20.9809875488 21.1422119141
obstacle
0.058221179992
270.677307129 222.786224365 172.511108398 39.2861633301
obstacle
0.0579668097198
75.3086395264 229.209289551 57.7280731201 49.7907104492
obstacle
0.0576583445072
115.98286438 108.115112305 207.197799683 161.990936279
obstacle
0.057353168726
196.001342773 198.88192749 83.5178222656 47.2676391602
obstacle
0.0572253540158
324.932617188 218.482315063 58.2727661133 52.1315460205
obstacle
0.0568264424801
351.866760254 222.231369019 44.9900512695 48.9972686768
obstacle
0.0568083226681
282.271759033 102.909965515 25.6146850586 20.7620849609
obstacle
0.0565827824175
132.628112793 223.232650757 71.3671569824 39.8677520752
obstacle
0.0565103106201
68.9619903564 120.611984253 372.873962402 141.076553345
obstacle
0.0561803206801
79.1370315552 201.726699829 160.920196533 30.5246276855
obstacle
0.056119274348
287.550689697 215.191131592 122.062011719 47.6651000977
obstacle
0.0560838356614
97.713973999 196.072296143 93.4465332031 40.308380127
obstacle
0.0560379326344
243.734161377 225.947097778 195.901550293 34.7312774658
obstacle
0.0558027550578
211.116912842 209.524124146 70.6546630859 36.8944396973
obstacle
0.055700622499
321.75100708 158.585632324 88.9878540039 120.414367676
obstacle
0.0556530877948
232.657470703 220.229827881 211.268615723 31.5146789551
obstacle
0.0554933212698
90.0196990967 184.606170654 332.409118652 90.5342712402
obstacle
0.0552943237126
182.108795166 109.441886902 194.889892578 169.558105469
obstacle
0.0550428442657
141.261871338 219.420288086 36.3214111328 29.9416809082
obstacle
0.0545295700431
214.918655396 202.83644104 69.088973999 53.016204834
obstacle
0.0540770962834
347.20602417 191.465270996 88.153137207 37.8391113281
obstacle
0.054028775543
229.528594971 213.402938843 61.6859741211 46.7431793213
obstacle
0.0537863224745
68.2754211426 198.638290405 158.313781738 35.091583252
obstacle
0.05376489833
127.976928711 189.115341187 93.3949584961 34.5303039551
obstacle
0.0535758063197
76.1103134155 220.920349121 40.1087493896 40.8977966309
obstacle
0.0535395890474
316.49395752 212.716033936 71.3801269531 49.5234375
obstacle
0.0534249506891
443.505157471 77.3650436401 43.0603027344 18.784286499
obstacle
0.0533603094518
31.5902709961 263.16418457 107.730575562 15.8358154297
obstacle
0.0533531606197
83.9739074707 202.017913818 95.8015136719 38.4781799316
obstacle
0.0532953590155
144.996566772 101.621452332 300.995239258 177.378540039
obstacle
0.0532573312521
328.641693115 221.705718994 53.0985107422 43.0190734863
obstacle
0.0531494021416
351.803161621 180.281082153 42.0148925781 25.6047363281
obstacle
0.0529896393418
166.432800293 76.898475647 180.883850098 191.97555542
obstacle
0.0529522411525
224.070159912 134.921539307 227.105407715 144.078460693
obstacle
0.052815195173
103.22567749 192.657546997 84.9664916992 45.6311035156
obstacle
0.0527475848794
88.8377380371 198.943115234 87.4614257812 43.9606323242
obstacle
0.0525693185627
307.524871826 264.068267822 125.773681641 14.9317321777
obstacle
0.0525128878653
69.856048584 219.935913086 96.3075408936 38.7846679688
obstacle
0.0523906610906
111.510932922 193.368972778 216.27456665 31.956237793
obstacle
0.0521619804204
208.686065674 206.800888062 79.9554748535 46.0311584473
obstacle
0.0521376617253
314.512878418 222.088256836 80.0084838867 40.1884765625
obstacle
0.0520699992776
361.293426514 190.957229614 75.9525146484 39.3176574707
obstacle
0.0520698651671
133.165313721 226.581100464 75.5275878906 41.7866363525
obstacle
0.0518097653985
204.925765991 185.237060547 286.467224121 87.4378356934
obstacle
0.0517448447645
120.61781311 219.429870605 88.8863220215 40.7166748047
obstacle
0.0515550225973
267.42199707 94.5973815918 32.4528808594 21.0050048828
obstacle
0.0513233020902
89.4405670166 155.971420288 357.863708496 123.028579712
obstacle
0.0511457100511
340.202484131 219.281402588 41.5216674805 33.5254516602
obstacle
0.0508797653019
240.70324707 206.355194092 71.6424560547 41.7854309082
obstacle
0.0508093461394
427.428894043 79.2241744995 52.0335083008 24.1215667725
obstacle
0.0506878718734
274.118804932 106.479171753 32.139465332 19.6940612793
obstacle
0.0505323521793
124.491615295 228.887481689 83.3382797241 39.4731140137
obstacle
0.0503409281373
111.045974731 190.709320068 109.762908936 31.2554016113
obstacle
0.0501779839396
148.936904907 218.143692017 32.6766967773 30.013671875
