obstacle
0.976425468922
310.056274414 95.4146270752 68.3569335938 17.6752166748
obstacle
0.975091397762
309.093383789 93.5867385864 70.8684082031 19.1295776367
obstacle
0.970636665821
300.102935791 91.8288650513 77.4216308594 19.1910705566
obstacle
0.969221591949
307.110870361 96.4769592285 71.9194335938 19.7754974365
obstacle
0.968363761902
306.376068115 98.7790222168 73.0123901367 17.1098937988
obstacle
0.965883433819
291.291412354 89.5900878906 88.7923583984 19.7890777588
obstacle
0.965359687805
298.925842285 88.4339828491 79.32421875 23.070022583
obstacle
0.954935073853
299.329315186 99.6594238281 81.7592163086 18.7655334473
obstacle
0.951616704464
311.690795898 90.0691070557 63.5715332031 17.9596405029
obstacle
0.948821306229
303.644500732 88.7413330078 73.0918579102 20.6723480225
obstacle
0.948295116425
298.790496826 87.9222183228 79.7255249023 20.9451141357
obstacle
0.944222509861
318.888397217 91.6140975952 61.6935424805 20.9722595215
obstacle
0.942832291126
297.35949707 83.5436859131 89.4940795898 25.1695861816
obstacle
0.936057031155
310.905029297 100.183555603 48.3572998047 17.2779083252
obstacle
0.931899785995
313.42098999 92.4641647339 49.2478637695 18.5183563232
obstacle
0.896912574768
290.437774658 99.5880203247 85.6139526367 15.6782836914
obstacle
0.885565698147
324.108001709 92.9171447754 52.4011230469 19.5634918213
obstacle
0.859549403191
119.355125427 179.674301147 198.683868408 28.4703979492
obstacle
0.852826237679
62.7882995605 179.610015869 278.394042969 55.2950439453
obstacle
0.850133895874
114.537986755 179.194152832 188.549682617 35.8201904297
obstacle
0.805066585541
109.386566162 187.033813477 193.72756958 33.3474121094
obstacle
0.800844550133
149.826797485 174.368911743 143.936508179 36.3003234863
obstacle
0.794653356075
154.307037354 177.699172974 145.470489502 36.1612854004
obstacle
0.784249603748
160.658233643 171.499099731 102.186553955 53.6905212402
obstacle
0.783705115318
118.516342163 181.258239746 179.19960022 39.8493347168
obstacle
0.754105687141
84.5623626709 170.029891968 260.908447266 60.2854919434
obstacle
0.713784694672
169.273208618 173.993347168 82.8784179688 43.839630127
obstacle
0.693855404854
152.54901123 179.104904175 110.533203125 39.5206604004
obstacle
0.690591573715
145.315490723 174.206115723 128.521118164 46.5465698242
obstacle
0.685129344463
84.7824249268 178.602081299 285.947814941 55.8590087891
obstacle
0.626179277897
118.083763123 187.5493927 154.030059814 32.4527587891
obstacle
0.618199706078
132.172363281 159.742080688 180.608642578 76.606842041
obstacle
0.612883865833
123.391349792 173.761291504 179.86618042 38.8636169434
obstacle
0.585407733917
145.297576904 170.608444214 172.801269531 35.7894897461
obstacle
0.576155602932
129.313537598 177.566253662 165.060913086 35.2244567871
obstacle
0.572751700878
166.85017395 173.958786011 105.000137329 43.290222168
obstacle
0.571352005005
164.372161865 179.264175415 107.632446289 35.2048950195
obstacle
0.558649599552
444.068572998 115.358512878 22.7080688477 23.3035354614
obstacle
0.556577265263
152.821594238 173.541809082 166.516967773 33.2516174316
obstacle
0.54273802042
124.240638733 184.923049927 178.196960449 37.447479248
obstacle
0.538448035717
441.273284912 117.20174408 36.9255981445 22.3700790405
obstacle
0.538123965263
448.88180542 116.37966156 21.7217407227 17.8111038208
obstacle
0.538123965263
450.838195801 117.103012085 18.6239624023 20.8871459961
obstacle
0.535671412945
109.427513123 171.452987671 195.04006958 66.9606628418
obstacle
0.531748533249
445.404022217 113.910614014 35.2266235352 25.8829803467
obstacle
0.530010461807
155.896713257 182.626953125 98.5213623047 30.3268432617
obstacle
0.529436349869
107.245048523 180.335800171 185.045806885 37.9251403809
obstacle
0.527555525303
446.974822998 114.896629333 36.5057983398 19.130241394
obstacle
0.523652553558
447.038635254 117.458267212 19.2015380859 20.606262207
obstacle
0.520690023899
447.832733154 115.442245483 33.2547607422 21.7192382812
obstacle
0.51088321209
450.521911621 113.299217224 33.3958129883 23.5111465454
obstacle
0.51088321209
448.687438965 110.360015869 32.1613769531 21.7633209229
obstacle
0.510740995407
330.720794678 100.099517822 47.36328125 15.7521972656
obstacle
0.495425611734
129.325408936 176.820114136 147.72366333 49.3348083496
obstacle
0.493641495705
145.843688965 180.731781006 109.795043945 39.2517700195
obstacle
0.492586791515
454.151885986 116.581893921 19.1948242188 20.0702362061
obstacle
0.492586791515
450.52923584 114.50478363 20.0933227539 20.2629165649
obstacle
0.492031872272
94.2856521606 187.72164917 189.882446289 29.7021789551
obstacle
0.471505016088
449.947906494 120.520606995 19.1917724609 23.4221115112
obstacle
0.471246927977
144.45942688 180.121734619 125.389511108 50.2976989746
obstacle
0.463267296553
175.78338623 179.757858276 73.5698852539 26.7480163574
obstacle
0.455292522907
440.605010986 111.70174408 34.033996582 30.5480117798
obstacle
0.443753868341
441.255004883 111.351646423 25.2086791992 20.8723678589
obstacle
0.439140558243
110.922035217 206.480712891 76.5641403198 21.5945129395
obstacle
0.43425527215
451.906768799 110.577232361 32.3617553711 23.5430984497
obstacle
0.427574962378
126.216545105 175.048080444 171.913909912 43.6909179688
obstacle
0.42685469985
152.943786621 184.855072021 106.604095459 34.915802002
obstacle
0.418304592371
284.102935791 86.5388336182 106.394104004 47.1822662354
obstacle
0.403257966042
454.488708496 119.551551819 18.801574707 21.0150985718
obstacle
0.403257966042
451.747558594 117.924285889 20.0148925781 20.5392913818
obstacle
0.403257966042
451.983917236 124.559585571 18.1403808594 19.0465698242
obstacle
0.40128877759
172.369476318 169.947113037 80.0668640137 45.7822570801
obstacle
0.398578107357
441.91998291 117.888710022 24.0372924805 24.6052322388
obstacle
0.398578107357
444.53894043 121.873382568 20.4455566406 24.468536377
obstacle
0.398578107357
447.093597412 124.219345093 19.3478393555 20.4942016602
obstacle
0.381775230169
140.195922852 181.583724976 106.204559326 35.8399658203
obstacle
0.372580349445
158.259185791 173.802780151 92.0263671875 46.9433898926
obstacle
0.332850962877
447.502929688 116.860534668 32.1131591797 27.4973144531
obstacle
0.327463567257
164.147766113 181.164886475 94.1209106445 31.6074523926
obstacle
0.316211938858
153.88999939 181.496658325 113.365737915 35.7144775391
obstacle
0.315095812082
166.936981201 171.930786133 114.953704834 32.7207336426
obstacle
0.31295478344
146.271682739 177.244644165 183.714645386 28.4909057617
obstacle
0.308162301779
89.4480819702 194.500534058 165.614135742 28.6578674316
obstacle
0.306639939547
56.7655334473 167.527374268 297.060302734 59.9353637695
obstacle
0.289962857962
134.29800415 187.962646484 112.747589111 33.0172119141
obstacle
0.285633027554
54.9224700928 188.766448975 273.122619629 44.9661254883
obstacle
0.285229444504
110.575202942 205.461578369 89.5670089722 27.5576782227
obstacle
0.277541428804
442.285491943 120.126914978 29.7673339844 25.2463302612
obstacle
0.256180763245
115.16847229 201.101028442 75.3908081055 25.8548583984
obstacle
0.246373146772
111.07762146 191.325134277 152.599868774 30.5471496582
obstacle
0.238384127617
154.991912842 183.072235107 89.719329834 27.3107910156
obstacle
0.234088391066
110.889205933 198.207672119 90.8286132812 26.6778259277
obstacle
0.232997909188
157.272872925 170.512008667 102.784072876 36.8508300781
obstacle
0.220979124308
64.5657043457 176.015457153 331.911804199 51.4605712891
obstacle
0.208516463637
449.883666992 112.426528931 36.3092651367 24.4266204834
obstacle
0.207413703203
104.950042725 203.850219727 82.0752868652 19.3774414062
obstacle
0.198613151908
444.809265137 111.669677734 20.8399047852 17.2530822754
obstacle
0.198613151908
443.576812744 108.989334106 21.0197143555 17.8564910889
obstacle
0.194773063064
156.852020264 174.008743286 120.521087646 39.7143554688
obstacle
0.192452415824
115.586334229 197.202148438 81.2393798828 25.2905273438
obstacle
0.190915971994
85.4269485474 199.709564209 131.554962158 24.281036377
obstacle
0.169056639075
443.837158203 111.923545837 23.4580078125 17.5199050903
obstacle
0.169056639075
442.595916748 109.252632141 23.6614990234 18.1332092285
obstacle
0.162016257644
124.501449585 196.204681396 88.5895690918 30.7028503418
obstacle
0.160087749362
443.520568848 116.733520508 41.7658691406 20.3030700684
obstacle
0.158230394125
114.59186554 204.420059204 59.9967269897 20.2647399902
obstacle
0.155478358269
452.93057251 117.708648682 21.3391723633 21.4916534424
obstacle
0.155478358269
449.247619629 115.642929077 22.3435058594 21.6986999512
obstacle
0.155405715108
442.306854248 118.227989197 41.7660522461 26.5951766968
obstacle
0.138223662972
161.417755127 177.766845703 87.4576721191 35.546081543
obstacle
0.133755654097
449.178070068 118.398735046 20.6563110352 22.7614059448
obstacle
0.133755654097
446.929931641 117.474967957 24.1112670898 19.3954544067
obstacle
0.133470654488
448.522857666 116.290603638 37.1264648438 23.5378570557
obstacle
0.133470654488
446.764556885 113.119140625 35.7498168945 21.7879638672
obstacle
0.128032118082
135.129928589 186.425231934 86.4290161133 31.0990600586
obstacle
0.116044119
174.643066406 167.165710449 98.4327697754 31.557434082
obstacle
0.107534497976
434.477081299 108.802833557 55.8727416992 20.8811264038
obstacle
0.107011735439
444.235748291 118.198257446 35.650390625 22.6283569336
obstacle
0.105325944722
444.626373291 118.244682312 36.5344848633 22.5150985718
obstacle
0.101256236434
450.453826904 112.984642029 19.3463134766 24.6594314575
obstacle
0.101256236434
454.080047607 115.076965332 18.4829711914 24.4227600098
obstacle
0.0986878573895
442.241912842 107.714492798 20.2578735352 20.9173736572
obstacle
0.0986878573895
443.486328125 110.440467834 20.0849609375 20.2043991089
obstacle
0.0975759327412
450.750640869 108.823707581 33.0837402344 28.4139938354
obstacle
0.0973246991634
450.718383789 119.266746521 20.5525512695 21.5464706421
obstacle
0.0973246991634
451.056182861 125.799484253 18.6250610352 19.9768066406
obstacle
0.0973246991634
453.525238037 120.926689148 19.3048706055 22.0468063354
obstacle
0.09724252671
445.401306152 115.982551575 18.2504272461 25.1811599731
obstacle
0.0966611132026
125.454101562 194.793151855 106.199737549 29.5190734863
obstacle
0.0966076925397
438.096252441 118.913238525 39.865234375 23.9918212891
obstacle
0.0958126336336
442.734832764 111.076873779 22.4396972656 18.1490020752
obstacle
0.0958126336336
441.483612061 108.374534607 22.633972168 18.78565979
obstacle
0.0947557389736
450.011444092 111.185043335 34.7130737305 24.3207244873
obstacle
0.0944889336824
445.411621094 118.539131165 20.7211914062 22.3553543091
obstacle
0.0928488746285
168.427383423 172.546829224 111.228988647 25.2669677734
obstacle
0.090063162148
446.579986572 115.020820618 22.1649780273 21.7431106567
obstacle
0.090063162148
448.880432129 115.495536804 19.0009765625 25.5386123657
obstacle
0.0898075476289
444.506774902 117.876251221 20.2608032227 21.8153076172
obstacle
0.0886544585228
452.939239502 116.866149902 20.0967407227 21.0775756836
obstacle
0.0886544585228
449.256713867 114.791923523 21.0397949219 21.2804336548
obstacle
0.0879645347595
445.607910156 114.904037476 38.6859741211 23.3751678467
obstacle
0.0879645347595
443.960693359 111.840232849 37.2498779297 21.6379013062
obstacle
0.0873556062579
435.470550537 118.462089539 40.7377319336 23.1770553589
obstacle
0.087338142097
95.2509307861 208.202056885 80.6481018066 20.2893371582
obstacle
0.0871253162622
438.122619629 112.643325806 27.0939941406 20.5904388428
obstacle
0.086255505681
442.179931641 117.065353394 38.0704956055 22.4682159424
obstacle
0.0851742327213
449.091247559 122.689071655 19.6718139648 24.4935913086
obstacle
0.0843104347587
446.129699707 116.805114746 23.2930908203 18.8681640625
obstacle
0.0843104347587
448.497497559 117.606307983 19.9603881836 22.1376342773
obstacle
0.0835154429078
138.885055542 187.352508545 99.6633605957 40.3862915039
obstacle
0.0831124261022
441.469787598 115.75933075 41.2762451172 20.2028884888
obstacle
0.0813248902559
162.658096313 163.084335327 91.5014038086 38.8691711426
obstacle
0.0813080072403
442.54196167 114.039741516 40.5611572266 23.1018600464
obstacle
0.0806278586388
433.93347168 115.230300903 38.4290161133 31.4420471191
obstacle
0.079286724329
439.279815674 116.813735962 41.7268676758 26.4326782227
obstacle
0.0792381688952
116.272079468 197.179992676 72.6399230957 22.9436950684
obstacle
0.0758654251695
445.731994629 119.865829468 33.8987426758 27.6102905273
obstacle
0.0756058618426
116.319160461 201.878555298 67.1069259644 22.6717834473
obstacle
0.0750271081924
436.077941895 117.318771362 39.1655883789 25.558380127
obstacle
0.0746992006898
169.077316284 170.414108276 83.6804199219 44.5260314941
obstacle
0.0743643194437
156.877960205 167.856658936 102.588043213 34.3247375488
obstacle
0.0731282159686
438.420227051 117.289825439 36.4173583984 29.7783813477
obstacle
0.0729740560055
173.603149414 168.585250854 86.1165161133 30.0506591797
obstacle
0.0729364678264
162.507904053 190.165161133 38.6884460449 18.5734863281
obstacle
0.0713121220469
449.313873291 109.25088501 33.6559448242 24.7792663574
obstacle
0.0710695981979
106.059616089 209.373458862 69.4656066895 20.6509094238
obstacle
0.0707297548652
447.320098877 113.056312561 38.6719360352 27.8861312866
obstacle
0.0707297548652
445.607635498 110.135978699 37.2363891602 25.7986221313
obstacle
0.0703074485064
106.099517822 204.644470215 74.3698425293 17.2168884277
obstacle
0.0698604956269
166.843048096 171.547439575 77.5685424805 36.0760192871
obstacle
0.0695134997368
131.276519775 191.217712402 91.814666748 27.4020385742
obstacle
0.0694331899285
172.872833252 161.84413147 75.8179016113 46.9012451172
obstacle
0.0693736076355
437.606018066 111.220481873 24.4106445312 23.7178726196
obstacle
0.0692010074854
452.528564453 115.078056335 19.7434692383 21.6641616821
obstacle
0.0692010074854
448.825744629 112.98575592 20.6690673828 21.8729476929
obstacle
0.0682506114244
157.633010864 183.777770996 86.4217224121 24.3489074707
obstacle
0.0677597001195
147.232086182 195.630508423 50.4527587891 23.3575439453
obstacle
0.067012347281
441.792572021 116.04649353 38.9003295898 25.4660949707
obstacle
0.0667630210519
174.539718628 167.963745117 69.9419555664 42.2798156738
obstacle
0.0662396401167
154.971191406 182.745407104 85.6488037109 23.5433349609
obstacle
0.06591796875
163.194442749 179.139587402 76.0637512207 27.0821838379
obstacle
0.0656476020813
445.567230225 125.965087891 19.7465209961 21.3121337891
obstacle
0.0656476020813
442.921234131 123.975036621 20.8681030273 25.4532165527
obstacle
0.0656476020813
440.003448486 120.002624512 24.5379638672 25.5956420898
obstacle
0.0654185190797
164.519165039 179.278915405 78.1579589844 29.4543457031
obstacle
0.0650534927845
108.545333862 193.354614258 141.93182373 26.0690612793
obstacle
0.064760863781
440.451293945 117.61605835 24.4992675781 23.9483642578
obstacle
0.0647249594331
111.694366455 199.219924927 81.5537414551 23.2635498047
obstacle
0.0645252540708
445.036437988 115.049858093 23.6940917969 19.3891830444
obstacle
0.0645252540708
447.567657471 115.529891968 20.3015136719 22.7539825439
obstacle
0.0641301050782
155.041564941 173.3828125 134.003479004 35.3573303223
obstacle
0.0637454241514
114.888793945 205.199890137 54.9145507812 18.1123046875
obstacle
0.063470326364
121.455421448 173.863800049 169.1378479 40.8582763672
obstacle
0.063226044178
444.058410645 116.265457153 20.7668457031 22.3141326904
obstacle
0.0625434070826
120.548721313 194.47543335 66.9337768555 25.5578918457
obstacle
0.0623209886253
165.490783691 166.303161621 87.25390625 40.1821594238
obstacle
0.0622946508229
159.85848999 174.778076172 88.6133117676 32.9710998535
obstacle
0.0621900781989
87.5440979004 201.521224976 125.2684021 21.3479003906
obstacle
0.0618783868849
159.334442139 163.552398682 141.747711182 37.1070556641
obstacle
0.0616780035198
134.610565186 187.485870361 80.6422119141 27.1945495605
obstacle
0.0615004077554
452.270050049 117.994659424 19.1469726562 24.6401367188
obstacle
0.0615004077554
452.454864502 124.624580383 17.3580322266 22.8341293335
obstacle
0.0615004077554
454.977874756 119.62361908 17.9890136719 25.2157974243
obstacle
0.0610525347292
439.755554199 114.137840271 41.0546264648 20.4710617065
obstacle
0.0608775131404
177.249328613 161.836273193 65.8227539062 46.3390808105
obstacle
0.0599357821047
168.584899902 188.94720459 75.6414489746 36.8518066406
obstacle
0.0598998293281
309.784088135 108.937492371 69.6510620117 14.2613372803
obstacle
0.0594708882272
105.836929321 182.286010742 178.55809021 31.9023132324
obstacle
0.059084109962
440.931213379 114.89315033 43.3556518555 30.5288162231
obstacle
0.0590457469225
95.4475631714 188.973297119 178.751800537 25.1386413574
obstacle
0.0587587766349
179.536773682 169.83770752 85.1394042969 30.5105895996
obstacle
0.058255661279
127.267280579 173.418899536 174.621948242 34.0236206055
obstacle
0.0581147074699
99.0839691162 213.276885986 61.2877197266 18.521484375
obstacle
0.0573949217796
443.221496582 110.663978577 24.3642578125 18.3670272827
obstacle
0.0573949217796
441.974700928 107.946296692 24.5759277344 19.0117950439
obstacle
0.0572778917849
140.407714844 183.504959106 94.2919006348 28.4928588867
obstacle
0.0569680705667
161.992767334 190.332763672 38.1810913086 16.7832336426
obstacle
0.0568816922605
142.672058105 171.702484131 165.205627441 27.7695617676
obstacle
0.0566182993352
121.442062378 199.211624146 60.9602050781 25.6000671387
obstacle
0.0564422979951
171.649169922 174.371276855 124.752410889 29.6273803711
obstacle
0.0557893775403
439.369873047 112.88495636 26.4193115234 21.6610641479
obstacle
0.0549377351999
170.697143555 172.158966064 90.2253723145 39.9799804688
obstacle
0.0547338649631
125.167800903 197.395629883 78.9156799316 26.7256774902
obstacle
0.0541027598083
135.363616943 179.795761108 146.227722168 27.8957519531
obstacle
0.053946711123
337.368713379 98.140838623 37.5876464844 14.5157318115
obstacle
0.0536257997155
120.580505371 189.046646118 139.796722412 26.3748474121
obstacle
0.053602013737
431.326019287 116.864356995 43.7755737305 23.6212997437
obstacle
0.0534200072289
112.061820984 206.847686768 69.2498855591 19.9986572266
obstacle
0.0530487969518
106.929191589 213.010040283 61.2158279419 19.7556762695
obstacle
0.0527261942625
441.856262207 109.986663818 38.0014038086 22.6803894043
obstacle
0.0527261942625
443.42010498 112.894432068 39.4672241211 24.5054244995
obstacle
0.0526978187263
162.216049194 173.34425354 104.874160767 25.0001831055
obstacle
0.0526431053877
454.735992432 123.659080505 19.2734375 19.0464859009
obstacle
0.0526431053877
452.011657715 121.934181213 20.5189819336 18.6174850464
obstacle
0.0526431053877
452.221984863 128.263137817 18.5947875977 17.2715759277
obstacle
0.0525147020817
137.002258301 166.170837402 151.20022583 41.6267700195
obstacle
0.0520373731852
165.27911377 188.335449219 33.7994689941 18.8541259766
obstacle
0.051740437746
449.390350342 121.338104248 18.8984375 27.9197692871
obstacle
0.0517401359975
90.0773696899 196.467956543 152.957244873 24.5048828125
obstacle
0.0515697486699
166.130859375 182.458679199 70.0112304688 28.3590393066
obstacle
0.0511405132711
178.252304077 180.936721802 62.454864502 20.9337768555
obstacle
0.0510904863477
145.56312561 175.610244751 170.890365601 25.7008972168
obstacle
0.050886336714
165.873046875 173.63520813 97.4557189941 29.9711303711
obstacle
0.05083405599
109.878074646 202.123718262 67.9815139771 19.7389831543
obstacle
0.0502860061824
166.808959961 168.586120605 140.984161377 33.6815490723
obstacle
0.050244178623
437.731872559 115.846069336 40.7949829102 22.9317016602
