obstacle
0.988142073154
272.8125 153.593673706 70.1592407227 23.8572998047
obstacle
0.987315535545
135.093109131 189.556991577 162.60546875 56.5636901855
obstacle
0.986346423626
117.038108826 191.993392944 167.564819336 45.5073242188
obstacle
0.982367038727
263.161499023 149.263931274 78.2598266602 26.9306030273
obstacle
0.981520593166
122.759147644 184.596832275 163.286651611 58.1250305176
obstacle
0.979243695736
122.271026611 187.539245605 158.766021729 44.8167419434
obstacle
0.977059960365
273.766540527 154.702667236 64.885925293 22.5994567871
obstacle
0.974277257919
137.450759888 187.872131348 158.355880737 50.3026733398
obstacle
0.972961902618
122.018074036 193.111572266 168.70614624 41.3444213867
obstacle
0.971936583519
273.517333984 149.822402954 67.7377319336 24.0153503418
obstacle
0.965444922447
117.326316833 188.483718872 177.918487549 40.7841186523
obstacle
0.959703743458
115.751403809 185.395858765 163.202087402 47.606628418
obstacle
0.955849409103
265.834197998 151.985305786 70.7705688477 20.6023864746
obstacle
0.952705264091
261.72088623 154.1612854 75.9292602539 24.0008239746
obstacle
0.951155245304
250.729385376 156.361206055 102.547714233 23.8622436523
obstacle
0.944470882416
276.737762451 155.504776001 61.7061157227 24.6037902832
obstacle
0.942215323448
154.749404907 191.140045166 127.612503052 49.7037963867
obstacle
0.941570401192
277.848480225 161.067733765 54.0629882812 21.4255981445
obstacle
0.926964700222
255.212051392 151.470321655 87.6562042236 23.6934509277
obstacle
0.925467252731
24.7615718842 136.439208984 31.7538928986 19.3116760254
obstacle
0.924263596535
17.9987354279 135.043197632 33.2385787964 20.4779052734
obstacle
0.922116279602
258.801177979 149.940124512 84.151184082 22.1766357422
obstacle
0.919245302677
108.181015015 185.553314209 196.722427368 58.6433410645
obstacle
0.918617844582
267.596984863 154.77835083 69.6062011719 20.0650939941
obstacle
0.914787530899
16.7455158234 132.829238892 48.2797546387 17.8197631836
obstacle
0.914787530899
13.3357906342 135.793029785 47.4728622437 17.1813659668
obstacle
0.914385974407
131.130249023 191.852584839 158.614990234 45.2900695801
obstacle
0.909151852131
154.018539429 180.831054688 128.873245239 62.9536132812
obstacle
0.907507359982
133.523635864 186.681533813 157.621688843 50.7980957031
obstacle
0.900162577629
25.9462356567 131.615219116 28.210647583 19.8890991211
obstacle
0.894788563251
122.799324036 186.379516602 169.783721924 60.0963439941
obstacle
0.893602371216
144.728393555 184.590759277 134.993499756 60.0197143555
obstacle
0.873111307621
279.110015869 146.960754395 51.9797363281 22.4226379395
obstacle
0.871623456478
120.402618408 178.851608276 165.403503418 80.4401397705
obstacle
0.870259344578
171.83744812 183.768081665 103.329391479 59.3147888184
obstacle
0.868437409401
14.6486110687 129.414459229 54.0499649048 20.1776428223
obstacle
0.866255819798
23.6783924103 134.888580322 35.1218185425 18.0490112305
obstacle
0.865475654602
159.521606445 185.248092651 130.584503174 59.6475830078
obstacle
0.859734475613
115.926109314 177.752655029 189.356781006 63.5259399414
obstacle
0.845239639282
282.596740723 159.685287476 48.7327270508 20.5282287598
obstacle
0.845239639282
272.97164917 153.838699341 64.2029418945 22.0087280273
obstacle
0.841036558151
20.5168609619 133.933044434 35.9325485229 16.1854248047
obstacle
0.807236373425
116.866706848 184.587432861 155.985809326 40.1666870117
obstacle
0.792964220047
90.1986923218 188.588897705 214.514190674 50.21875
obstacle
0.787757873535
171.275405884 188.88633728 99.4075469971 44.6300354004
obstacle
0.787222743034
22.2896652222 138.391845703 31.5651626587 18.2530822754
obstacle
0.784893095493
244.780822754 148.073104858 98.5737915039 27.8425292969
obstacle
0.768170177937
25.0089225769 137.65385437 25.2284317017 18.1303710938
obstacle
0.756627321243
122.878692627 191.183914185 101.646209717 26.4215698242
obstacle
0.748820662498
277.117553711 160.595413208 43.8072509766 18.4729614258
obstacle
0.746095955372
19.4013557434 129.562759399 37.6502075195 18.5364685059
obstacle
0.738983631134
132.207427979 174.64944458 171.762695312 80.4143981934
obstacle
0.734394013882
122.882766724 188.595840454 92.6227722168 29.4044494629
obstacle
0.729897916317
25.9396591187 129.874404907 23.7449035645 18.9852905273
obstacle
0.711052536964
97.7930831909 180.23085022 200.846160889 55.5371704102
obstacle
0.709433078766
212.725341797 112.945358276 33.5537109375 17.30519104
obstacle
0.667969286442
284.897003174 157.893707275 49.1084594727 19.616027832
obstacle
0.65768802166
128.203643799 187.840057373 115.810058594 32.1527099609
obstacle
0.657092213631
28.587053299 132.196151733 30.1090831757 16.0354309082
obstacle
0.643354415894
121.255615234 189.159927368 112.124725342 33.2220153809
obstacle
0.635738551617
138.268035889 187.300796509 150.044555664 48.7457580566
obstacle
0.632173836231
125.49634552 186.197341919 99.0284042358 34.65234375
obstacle
0.58257496357
144.409332275 180.573043823 131.863708496 57.4456176758
obstacle
0.57256937027
126.188789368 182.101715088 170.698791504 58.2161560059
obstacle
0.567295968533
107.946746826 180.457992554 229.063812256 67.1499328613
obstacle
0.511406898499
275.310119629 161.019683838 30.8489990234 18.0014648438
obstacle
0.507365942001
172.206954956 187.541549683 106.146621704 50.9295043945
obstacle
0.488273382187
130.465789795 192.586791992 62.2796936035 21.606628418
obstacle
0.481933295727
148.469848633 189.580917358 130.944213867 44.0530395508
obstacle
0.46000829339
272.108123779 144.258773804 54.3854980469 24.4342651367
obstacle
0.453260451555
136.000030518 184.831314087 151.935882568 43.1682128906
obstacle
0.447254657745
126.337036133 186.046066284 120.913726807 38.0864562988
obstacle
0.442544311285
179.871734619 189.084136963 96.9221496582 48.0848999023
obstacle
0.429527789354
272.923583984 156.146942139 27.0121459961 18.1498718262
obstacle
0.398279249668
132.403869629 184.953170776 71.5992736816 28.0799255371
obstacle
0.381719321012
135.812164307 182.193328857 142.916229248 53.9013671875
obstacle
0.380827158689
12.7862358093 123.534454346 58.0130805969 20.9334106445
obstacle
0.376591622829
201.560852051 113.544891357 52.952331543 18.8959503174
obstacle
0.376591622829
201.533416748 118.528556824 53.7360839844 16.8192977905
obstacle
0.372204720974
134.039031982 183.027587891 114.900543213 44.9067687988
obstacle
0.367025285959
262.85333252 157.961105347 65.4166259766 20.5900268555
obstacle
0.346162348986
208.16557312 120.416313171 29.3873596191 16.5081558228
obstacle
0.342588037252
235.667282104 153.843856812 29.9558868408 25.7926330566
obstacle
0.339010834694
214.68888855 114.471008301 37.9973754883 19.9752960205
obstacle
0.338510841131
12.5079593658 129.312225342 54.6694641113 18.8391723633
obstacle
0.334315687418
239.504547119 160.963668823 20.7934570312 23.7600402832
obstacle
0.328940868378
241.798721313 157.645019531 25.2247161865 23.1266784668
obstacle
0.328940868378
234.249313354 165.050827026 33.62840271 19.4206237793
obstacle
0.326906621456
230.94883728 157.971893311 30.2171783447 20.069152832
obstacle
0.318542718887
239.951950073 162.547302246 27.1404266357 23.1077880859
obstacle
0.317398816347
89.7964553833 187.898757935 224.959533691 56.2069091797
obstacle
0.314340591431
283.055206299 145.7293396 42.5883789062 19.2790222168
obstacle
0.312608033419
240.474578857 157.284851074 20.6335144043 25.2553100586
obstacle
0.30583781004
283.86138916 162.376800537 38.9758300781 16.644317627
obstacle
0.261141240597
196.422576904 112.380737305 74.9024963379 21.7745513916
obstacle
0.259152501822
244.1512146 153.656326294 20.2720031738 20.1910400391
obstacle
0.257963180542
146.568893433 188.819015503 119.577194214 41.3903198242
obstacle
0.257783830166
237.338562012 148.356231689 31.2900085449 19.8332519531
obstacle
0.256089687347
282.913574219 142.671981812 44.1565551758 19.9745788574
obstacle
0.255840271711
241.222381592 159.138305664 24.196472168 24.1868286133
obstacle
0.255729049444
235.839004517 162.88848877 30.2878570557 19.6805114746
obstacle
0.255729049444
242.978988647 155.047653198 22.7445526123 23.4388427734
obstacle
0.250443816185
230.457580566 153.282623291 51.7075195312 26.9458618164
obstacle
0.242761105299
122.013412476 188.740509033 85.5736694336 31.286529541
obstacle
0.235340207815
127.456130981 189.886352539 47.1504821777 20.0512084961
obstacle
0.232704520226
237.207458496 150.957580566 26.7364501953 26.6440734863
obstacle
0.230841010809
154.187103271 183.201446533 84.6314697266 52.2915344238
obstacle
0.230570361018
156.054443359 186.933883667 131.869750977 50.2027282715
obstacle
0.227898105979
239.32711792 159.72706604 22.5197753906 25.2698364258
obstacle
0.22446654737
227.732421875 156.095703125 58.4176635742 26.279510498
obstacle
0.224211916327
137.118591309 197.5050354 44.283782959 19.0377502441
obstacle
0.218701839447
238.148071289 164.110916138 23.1705932617 23.2695922852
obstacle
0.217474237084
230.394332886 161.570449829 49.422744751 22.699005127
obstacle
0.20768584311
192.90612793 110.362854004 64.1087646484 19.0816345215
obstacle
0.206200882792
246.110977173 162.436004639 30.4282989502 18.6580200195
obstacle
0.200617536902
276.619812012 147.538085938 42.7011108398 19.9401550293
obstacle
0.197486564517
204.811828613 114.773742676 56.1933288574 22.7594146729
obstacle
0.194109022617
229.270095825 160.253509521 32.5710296631 19.9030151367
obstacle
0.193503335118
247.42086792 159.903213501 27.9138793945 20.4721984863
obstacle
0.19319960475
124.744514465 196.206954956 66.9907150269 24.1536865234
obstacle
0.176620155573
236.316757202 150.565124512 33.4690704346 18.6128845215
obstacle
0.172045379877
276.70803833 138.346893311 46.1860961914 25.532623291
obstacle
0.171541422606
243.492675781 155.65826416 21.5284423828 19.445892334
obstacle
0.164178013802
11.0260047913 138.799224854 48.2865447998 16.1205444336
obstacle
0.158868148923
250.13041687 165.850814819 26.5251312256 17.9067382812
obstacle
0.155838266015
180.695007324 186.78678894 92.003112793 45.5316467285
obstacle
0.149665012956
23.0823154449 119.250274658 45.7628936768 26.0162963867
obstacle
0.14835806191
22.3097019196 124.352088928 46.9110107422 21.6945114136
obstacle
0.143183633685
285.399963379 137.478927612 39.3336181641 21.4836730957
obstacle
0.142573133111
285.987731934 141.120758057 37.0801391602 20.1913146973
obstacle
0.140718847513
226.705917358 164.492645264 56.3205413818 20.2304077148
obstacle
0.13162843883
251.352874756 162.467269897 23.9805297852 21.0039672852
obstacle
0.127608180046
273.937530518 146.620193481 36.4711303711 17.5802612305
obstacle
0.126294672489
235.813110352 148.922973633 33.1980895996 19.0375976562
obstacle
0.125497251749
243.246749878 153.881118774 21.127456665 19.7920532227
obstacle
0.123980596662
227.837936401 154.913467407 55.2535247803 26.3879699707
obstacle
0.122297123075
285.745391846 145.951385498 48.1162719727 20.0749816895
obstacle
0.119924388826
229.285339355 158.98815918 31.0793762207 19.6286315918
obstacle
0.118863008916
240.628723145 156.846038818 18.8125610352 28.4593200684
obstacle
0.118537865579
244.914718628 152.837417603 18.1619110107 22.6084594727
obstacle
0.117185950279
245.471862793 160.712799072 29.9351806641 20.1439208984
obstacle
0.115807689726
239.418701172 157.947570801 21.1422119141 25.152923584
obstacle
0.115679174662
279.027557373 143.346603394 39.1689453125 21.3627319336
obstacle
0.115029677749
154.829238892 174.34954834 83.0535583496 49.0246887207
obstacle
0.113705657423
230.040924072 158.17326355 28.3659057617 22.0123291016
obstacle
0.113565631211
288.603546143 140.495254517 41.6573486328 21.4431762695
obstacle
0.112706117332
144.092193604 167.967041016 171.770690918 79.6979980469
obstacle
0.112247765064
252.715515137 161.54486084 25.8384399414 18.9323425293
obstacle
0.112247765064
253.238174438 158.186065674 24.9226837158 17.3426818848
obstacle
0.110867448151
238.201889038 162.485733032 21.5136566162 24.5303649902
obstacle
0.109323896468
242.208465576 156.068954468 23.8602905273 22.9554748535
obstacle
0.109323896468
234.801177979 163.738723755 31.7906494141 19.2781066895
obstacle
0.109083116055
236.204498291 152.145141602 28.8196411133 25.7868041992
obstacle
0.108273819089
229.933166504 153.004470825 48.9876403809 30.4924621582
obstacle
0.107997648418
238.016921997 148.000793457 29.120803833 21.7487792969
obstacle
0.107990838587
225.728057861 162.615066528 54.5581054688 22.7339477539
obstacle
0.107696354389
239.208557129 160.235076904 19.673248291 27.9034118652
obstacle
0.106858983636
237.417694092 150.587463379 26.0708618164 29.7862548828
obstacle
0.105524070561
240.168960571 160.886535645 25.4485015869 24.944732666
obstacle
0.105476297438
243.075881958 154.676956177 21.8066558838 26.0102233887
obstacle
0.105476297438
235.969528198 162.579864502 29.0246124268 21.8212280273
obstacle
0.103986419737
146.693237305 181.111450195 65.1973876953 38.9989013672
obstacle
0.103163212538
275.053894043 143.237014771 34.5287475586 19.0866699219
obstacle
0.100484743714
254.589859009 155.452362061 22.4628753662 20.1049499512
obstacle
0.100484743714
254.118927002 158.54524231 23.2844848633 21.9632873535
obstacle
0.0975775569677
260.773651123 162.716491699 69.9306030273 19.7740478516
obstacle
0.0963919386268
241.079376221 158.677368164 23.4002990723 28.0846862793
obstacle
0.0940889269114
161.975830078 189.660217285 101.165008545 39.1937866211
obstacle
0.0930378437042
236.373336792 162.908813477 25.756149292 23.8975524902
obstacle
0.0930378437042
242.219345093 161.272888184 21.0081939697 26.9071655273
obstacle
0.0925204604864
240.097946167 156.263885498 19.8976593018 26.2626342773
obstacle
0.0918462052941
249.076278687 159.794204712 24.1082611084 22.3393859863
obstacle
0.0904603600502
19.185333252 121.311813354 49.0067596436 24.8051757812
obstacle
0.089747659862
229.016082764 157.672317505 30.4938659668 20.7224731445
obstacle
0.0883107110858
249.447387695 163.70703125 26.2745361328 21.5812988281
obstacle
0.0858843922615
244.13923645 152.623199463 20.3285675049 21.203918457
obstacle
0.0858355909586
236.068969727 162.60798645 29.789855957 19.7835998535
obstacle
0.0858355909586
243.149719238 154.710739136 22.3748168945 23.5626525879
obstacle
0.0856456533074
227.492156982 152.994720459 54.2057495117 28.4405517578
obstacle
0.0845354944468
252.244369507 156.102172852 24.3932647705 19.7629089355
obstacle
0.0845354944468
251.683670044 159.258239746 25.288772583 21.5880126953
obstacle
0.0844567716122
236.377655029 150.440444946 27.3932800293 27.1929626465
obstacle
0.0836205407977
237.041015625 147.834472656 32.347869873 20.1859436035
obstacle
0.0824987664819
148.955993652 174.004425049 62.747833252 39.700592041
obstacle
0.0821930915117
24.3442173004 113.599113464 25.4941310883 21.0194015503
obstacle
0.0821930915117
25.9926013947 113.791046143 27.5030422211 25.141494751
obstacle
0.0802765935659
238.251220703 160.81880188 21.3076477051 25.2585449219
obstacle
0.0798769071698
130.173583984 185.335327148 42.1714477539 21.4392700195
obstacle
0.0779364854097
282.456878662 141.483810425 45.2957763672 18.5160522461
obstacle
0.0770956128836
271.801055908 142.550994873 53.9899291992 21.701965332
obstacle
0.0769381895661
126.219802856 189.084457397 47.8019714355 18.954498291
obstacle
0.0754868760705
154.378082275 182.207015991 82.703338623 45.923248291
obstacle
0.0745697021484
240.784378052 158.838745117 24.9576263428 25.3253173828
obstacle
0.0726728066802
281.970092773 144.544448853 44.6809692383 17.425201416
obstacle
0.0725037530065
16.0630474091 115.723587036 55.9037094116 26.8761291504
obstacle
0.0723734050989
44.9469184875 110.464820862 18.4649505615 21.3355331421
obstacle
0.0713291093707
13.3355770111 121.994895935 54.8302688599 24.4855880737
obstacle
0.0710535794497
141.41607666 178.170455933 71.5948791504 35.8281860352
obstacle
0.070867523551
234.385787964 164.70300293 27.8806304932 23.0502929688
obstacle
0.070867523551
240.612976074 163.302886963 22.7252197266 25.9485473633
obstacle
0.070715598762
235.495498657 166.570846558 27.6273956299 20.0131225586
obstacle
0.070715598762
241.509857178 165.416244507 22.5205383301 22.5122070312
obstacle
0.0705434530973
248.290847778 159.495910645 26.6796112061 20.8572692871
obstacle
0.0700388476253
274.34942627 145.871032715 46.821472168 18.4046020508
obstacle
0.067905202508
229.403610229 161.791137695 49.0376739502 24.9246826172
obstacle
0.0673969686031
134.875762939 192.885772705 72.8246154785 33.7991638184
obstacle
0.0668272525072
271.501312256 145.163162231 39.6666870117 16.5791015625
obstacle
0.0647667050362
279.317077637 162.831161499 32.7575073242 16.5018920898
obstacle
0.0637339130044
131.260574341 183.978729248 67.4639892578 26.1738891602
obstacle
0.0636851787567
134.909988403 180.640258789 62.9495544434 26.8293457031
obstacle
0.0606786198914
233.235946655 139.961166382 29.5075531006 33.4700927734
obstacle
0.0606786198914
234.489852905 141.093811035 23.5258026123 28.359161377
obstacle
0.0598727539182
170.980422974 180.560165405 51.7276000977 53.1704406738
obstacle
0.0597578696907
207.424499512 119.059257507 27.2762451172 18.1492843628
obstacle
0.0579694807529
253.10206604 162.719390869 21.0755767822 23.7565612793
obstacle
0.05795969069
221.211746216 153.58984375 105.998855591 18.1242675781
obstacle
0.057868424803
20.9574432373 124.627929688 33.7197875977 21.0148925781
obstacle
0.0576226040721
278.203430176 138.458526611 46.1394042969 28.4252624512
obstacle
0.057314876467
283.887939453 144.823440552 50.1213378906 18.1812133789
obstacle
0.05669458583
25.684387207 119.149475098 42.3869400024 28.7113342285
obstacle
0.0566160082817
272.774230957 156.772155762 24.4361572266 16.2402954102
obstacle
0.0564496517181
27.0624694824 125.886581421 20.6573791504 20.3934020996
obstacle
0.0563661679626
288.164642334 140.349090576 33.8304443359 23.7571105957
obstacle
0.0562021322548
213.448379517 113.939849854 38.6147155762 21.4046173096
obstacle
0.0556432232261
132.408493042 181.131408691 113.025390625 41.2054443359
obstacle
0.0555058270693
131.902770996 186.597167969 35.116973877 23.2113037109
obstacle
0.054671574384
252.220352173 140.346908569 84.9145355225 31.7484436035
obstacle
0.0544670671225
290.217803955 137.887512207 35.2037353516 24.087310791
obstacle
0.0538984499872
209.588729858 116.834503174 25.1494140625 19.9486694336
obstacle
0.053018193692
226.117980957 161.227294922 53.7346191406 23.8655090332
obstacle
0.0527329593897
197.412597656 112.443710327 56.8261108398 21.050994873
obstacle
0.0527329593897
197.322601318 117.555145264 57.6683044434 18.7242889404
obstacle
0.0523958653212
8.90257644653 126.150672913 63.5878562927 21.0697860718
obstacle
0.0522080138326
223.520385742 150.821563721 94.3414916992 20.7938842773
obstacle
0.0521586239338
12.889913559 121.093215942 63.5110321045 19.3712768555
obstacle
0.0520835109055
255.599990845 158.74407959 19.4348602295 23.8994140625
obstacle
0.0520835109055
256.016296387 155.633590698 18.7551879883 21.8694152832
obstacle
0.0520125702024
23.7376098633 115.405532837 31.624130249 22.1118621826
obstacle
0.0520125702024
22.2601509094 114.937942505 29.3028411865 18.5070648193
obstacle
0.0519251003861
130.945648193 192.429641724 54.3112487793 19.9185791016
obstacle
0.051874101162
127.744003296 180.562973022 91.5308532715 33.4829101562
obstacle
0.0506741255522
201.11517334 113.812141418 61.6308288574 24.7062301636
obstacle
0.0504809096456
140.379394531 176.85496521 98.1680297852 42.5253601074
obstacle
0.0504086427391
123.363342285 185.707122803 100.176696777 30.8928222656
obstacle
0.050036676228
11.6264572144 121.324234009 66.8541870117 22.4597167969
