obstacle
0.392532199621
396.52557373 132.571517944 32.8439331055 30.4384155273
obstacle
0.387566864491
35.664806366 73.3571166992 119.228042603 21.3296813965
obstacle
0.383709609509
401.597808838 136.682250977 35.0313720703 35.1531066895
obstacle
0.367835402489
397.892150879 131.605102539 33.8053588867 27.3851928711
obstacle
0.335699409246
386.128570557 134.780014038 49.5757446289 37.8911743164
obstacle
0.332976311445
360.216918945 133.361526489 80.1331787109 40.8445129395
obstacle
0.320705860853
393.735809326 138.789520264 32.5736694336 27.8008422852
obstacle
0.320705860853
395.15322876 130.717025757 33.1025390625 36.0093078613
obstacle
0.316785901785
394.415496826 134.368927002 30.0588378906 40.6457824707
obstacle
0.308251529932
397.287750244 134.776123047 38.9996948242 36.0233459473
obstacle
0.301170319319
375.360290527 142.90385437 56.9924316406 33.4407348633
obstacle
0.298601597548
67.3902282715 143.126724243 43.03125 31.8344421387
obstacle
0.296943545341
401.845489502 134.013778687 19.2669677734 21.7069396973
obstacle
0.290167033672
365.625518799 141.795730591 58.5008544922 37.4192810059
obstacle
0.28961789608
390.61730957 145.269592285 33.4649047852 23.3095092773
obstacle
0.28961789608
388.114715576 138.111526489 30.1667480469 33.5095214844
obstacle
0.285351634026
386.427093506 139.358963013 50.0633544922 37.4630737305
obstacle
0.285028666258
377.946166992 134.226287842 54.2384643555 39.6094665527
obstacle
0.28323251009
394.691040039 137.701873779 24.5706176758 26.190246582
obstacle
0.28002384305
394.584503174 143.773605347 22.5241699219 29.1848144531
obstacle
0.28002384305
390.993682861 143.580276489 28.790222168 35.4002685547
obstacle
0.276609063148
32.5438346863 70.5310668945 109.211074829 23.8291931152
obstacle
0.268836826086
392.586120605 141.639587402 35.932434082 41.5641174316
obstacle
0.268009722233
378.559753418 140.882217407 36.352722168 25.6637268066
obstacle
0.268009722233
377.015869141 145.695541382 39.7044677734 27.4811706543
obstacle
0.25571206212
375.871948242 146.723236084 28.4208374023 24.5715332031
obstacle
0.251721739769
70.3487701416 74.3564300537 67.0560760498 20.6719818115
obstacle
0.249503284693
370.762756348 137.513534546 59.8674926758 39.353515625
obstacle
0.248538807034
379.902954102 138.934783936 37.6923828125 44.6064453125
obstacle
0.247163310647
387.092956543 137.024612427 34.5386352539 41.8005371094
obstacle
0.246659830213
367.310089111 134.477111816 61.4321289062 34.0629577637
obstacle
0.239956751466
370.140472412 145.457901001 45.9299926758 31.5752563477
obstacle
0.238220542669
384.076446533 132.456207275 33.557800293 44.1201477051
obstacle
0.237014055252
69.4849472046 149.466293335 35.0602722168 28.6687316895
obstacle
0.237014055252
73.7848052979 150.341583252 34.5918731689 30.2490844727
obstacle
0.232319176197
369.120697021 139.525817871 36.1674194336 28.6602783203
obstacle
0.225300177932
380.220092773 129.876098633 49.8469848633 36.1513366699
obstacle
0.221027553082
372.418243408 135.057785034 41.0227050781 44.0466918945
obstacle
0.220554232597
74.5532226562 139.753967285 28.5070648193 30.9810791016
obstacle
0.220305979252
369.043212891 145.726455688 35.6505126953 32.2874145508
obstacle
0.214868947864
68.9301605225 152.416000366 26.9598846436 23.6875915527
obstacle
0.212187498808
68.0002822876 147.488189697 43.7112426758 35.5294799805
obstacle
0.210277855396
367.789093018 141.232727051 63.7869873047 39.4797973633
obstacle
0.209160417318
387.284454346 149.087387085 28.8480224609 22.893737793
obstacle
0.205353409052
369.672821045 149.055084229 29.8963012695 33.5630493164
obstacle
0.205111607909
366.648132324 128.496292114 68.2987670898 39.749786377
obstacle
0.202890381217
68.744720459 71.8278198242 58.6021728516 22.0160675049
obstacle
0.202095657587
72.9551086426 137.630432129 35.9736938477 35.7665100098
obstacle
0.199512660503
374.459686279 138.362670898 59.358215332 40.1078186035
obstacle
0.199296221137
364.83505249 150.540924072 41.7596435547 33.3535766602
obstacle
0.194762229919
64.6068115234 74.7045211792 65.8968963623 23.5606689453
obstacle
0.192432820797
370.625274658 138.621170044 44.3259277344 44.0635986328
obstacle
0.191909044981
77.9632949829 65.1874694824 37.447265625 21.2311859131
obstacle
0.191729843616
383.384124756 147.860061646 19.9650878906 19.499786377
obstacle
0.18436819315
78.4801940918 68.6649627686 41.3592681885 22.5139465332
obstacle
0.18436819315
81.5663223267 72.0335845947 41.5465240479 21.8339538574
obstacle
0.179053470492
377.142028809 134.421783447 37.5440063477 39.0397033691
obstacle
0.178212061524
372.100585938 146.312103271 21.9146118164 25.8274841309
obstacle
0.178130447865
398.455108643 152.708404541 25.3564453125 22.8706665039
obstacle
0.177370399237
384.95098877 140.028533936 38.4471435547 41.9858093262
obstacle
0.176578134298
382.807617188 138.491867065 54.6345214844 38.9743041992
obstacle
0.17486192286
74.8386688232 72.8788375854 59.0275421143 21.4274597168
obstacle
0.173533916473
385.179595947 149.49168396 43.717590332 30.9066467285
obstacle
0.173474997282
79.6398468018 74.6606140137 37.0920410156 23.168838501
obstacle
0.17251946032
371.034790039 145.974761963 64.1752319336 33.9708862305
obstacle
0.172511607409
63.139957428 151.788574219 34.7396507263 23.5162353516
obstacle
0.167953908443
363.638061523 136.72756958 65.8923950195 35.2883605957
obstacle
0.166481092572
68.1945419312 73.1350631714 58.6261138916 24.2390289307
obstacle
0.165115833282
372.746582031 150.933883667 45.315246582 29.0896911621
obstacle
0.164508774877
382.883087158 143.397277832 56.6162109375 36.7087402344
obstacle
0.161151260138
77.7307052612 70.8964920044 34.4830627441 23.5653381348
obstacle
0.161151260138
76.7028198242 75.025428772 33.3254089355 26.3207397461
obstacle
0.157201558352
72.3586273193 68.3724746704 29.0979309082 25.3392944336
obstacle
0.156756326556
81.664932251 73.0126342773 32.6995544434 23.8566436768
obstacle
0.1562641114
388.638519287 131.917602539 33.3118286133 31.4606933594
obstacle
0.154779285192
368.439697266 134.87902832 38.6405029297 38.216003418
obstacle
0.154485762119
61.4389228821 146.587677002 30.7785301208 30.1674804688
obstacle
0.151195675135
83.4360351562 131.689910889 27.5059356689 33.7514343262
obstacle
0.151072412729
66.5237503052 148.148712158 35.4403991699 25.1241455078
obstacle
0.150616019964
363.530944824 144.229721069 63.4342041016 37.3709411621
obstacle
0.149230450392
378.304992676 133.234085083 52.7579345703 36.3795471191
obstacle
0.146810621023
361.431335449 139.231948853 74.0977783203 37.6516113281
obstacle
0.146093517542
72.0251159668 151.669128418 35.1849822998 29.1944274902
obstacle
0.146093517542
67.7007293701 150.722106934 35.6616516113 27.6710510254
obstacle
0.144053757191
366.699157715 146.764144897 47.6318969727 31.4651489258
obstacle
0.142577216029
381.802886963 135.665023804 36.5974731445 44.0982055664
obstacle
0.142532005906
375.239044189 151.21105957 21.955871582 22.5298156738
obstacle
0.142424210906
57.2324714661 73.603187561 66.0625 25.6703796387
obstacle
0.14175260067
78.6393966675 73.1548156738 28.9124450684 27.2522125244
obstacle
0.14175260067
79.7366256714 69.2294464111 29.9120788574 24.3954467773
obstacle
0.141644045711
367.164154053 147.891891479 51.5977783203 31.5165710449
obstacle
0.141220629215
48.6017189026 72.6870574951 70.970703125 21.7809143066
obstacle
0.140687972307
82.3811950684 73.3089599609 56.2481536865 23.2440795898
obstacle
0.140687972307
81.8611221313 76.929145813 52.6959457397 24.6360931396
obstacle
0.139923661947
362.887084961 136.614608765 61.5978393555 32.3833618164
obstacle
0.139921590686
374.477752686 123.991676331 54.6778564453 35.2859115601
obstacle
0.139824002981
75.669418335 63.1933288574 33.2844390869 20.6880950928
obstacle
0.139405965805
374.332458496 147.685455322 28.1695556641 23.0147705078
obstacle
0.13919878006
76.3939971924 74.4277496338 55.2341003418 25.707244873
obstacle
0.137818783522
376.141723633 141.983169556 36.6236572266 24.3801269531
obstacle
0.137818783522
374.368560791 146.877609253 40.0010986328 26.1029968262
obstacle
0.137548729777
65.4604568481 73.0391464233 64.1754837036 21.6725921631
obstacle
0.136881843209
65.0071105957 72.716003418 61.2102203369 20.3876800537
obstacle
0.135707274079
363.12890625 143.324905396 59.2299194336 37.087890625
obstacle
0.135486841202
67.531578064 153.315750122 27.5029449463 22.6159973145
obstacle
0.135442778468
367.283996582 140.950866699 36.4058227539 26.5411071777
obstacle
0.135111257434
388.946258545 137.682174683 26.1953735352 36.76953125
obstacle
0.135111257434
391.542877197 144.974945068 29.0444335938 25.5466918945
obstacle
0.13498955965
388.469665527 145.921386719 33.7861938477 22.7418518066
obstacle
0.13498955965
386.185241699 139.061340332 30.4554443359 32.6822814941
obstacle
0.134766921401
61.0236854553 72.0577468872 57.8895988464 26.4396057129
obstacle
0.13436883688
366.242248535 139.309799194 59.910949707 38.814239502
obstacle
0.134174928069
395.320678711 129.895019531 29.0151367188 40.5213317871
obstacle
0.134174928069
393.900512695 138.160247803 28.5535888672 31.2549438477
obstacle
0.134063184261
64.444442749 74.4048690796 61.5555114746 22.5782623291
obstacle
0.133758723736
388.709106445 144.166183472 29.3674316406 35.8487854004
obstacle
0.133758723736
392.815063477 144.253646851 22.9711914062 29.5523071289
obstacle
0.133669450879
381.426635742 132.880020142 33.9473876953 44.0838012695
obstacle
0.133389592171
376.352142334 146.760284424 23.673034668 25.5255737305
obstacle
0.132901191711
366.221252441 147.614364624 37.4442749023 31.0877075195
obstacle
0.132790893316
72.7633132935 75.3618392944 62.5385360718 24.91015625
obstacle
0.132422283292
64.871055603 146.109771729 44.6994934082 29.1245117188
obstacle
0.132124885917
70.649269104 74.0902404785 62.4510726929 19.772857666
obstacle
0.131318882108
67.8234939575 150.253768921 49.6863098145 30.857421875
obstacle
0.131213873625
395.177612305 137.468170166 21.6635742188 28.7077941895
obstacle
0.131212085485
371.213897705 144.602264404 58.6638793945 33.007598877
obstacle
0.130802199244
388.535369873 135.745574951 29.2833862305 47.5596923828
obstacle
0.130714848638
394.266876221 133.297409058 26.9642944336 46.1711120605
obstacle
0.130707144737
378.990142822 141.068695068 30.7166137695 26.9984436035
obstacle
0.130707144737
377.487060547 145.895767212 33.533996582 28.9142456055
obstacle
0.130533352494
393.360015869 131.56590271 32.6278076172 36.1350097656
obstacle
0.130533352494
391.972106934 139.439361572 32.1068115234 27.897064209
obstacle
0.130526050925
369.894378662 136.863525391 40.4829711914 45.0833435059
obstacle
0.130037814379
384.604431152 137.945343018 34.775390625 43.8511962891
obstacle
0.129913404584
53.242767334 71.1633911133 61.8849334717 22.6015777588
obstacle
0.129799023271
73.4870147705 155.463897705 23.5459289551 25.4039611816
obstacle
0.129760950804
393.080993652 137.634048462 24.9248657227 25.9505615234
obstacle
0.129688963294
384.137664795 132.298110962 28.776550293 48.0459899902
obstacle
0.129554972053
392.397460938 135.468215942 30.1742553711 41.2978515625
obstacle
0.128836646676
385.190032959 149.404434204 30.1838378906 22.267578125
obstacle
0.128834724426
395.036560059 142.820877075 19.8057250977 32.8491210938
obstacle
0.128834724426
391.577331543 142.41746521 25.2803955078 39.8726196289
obstacle
0.128737643361
372.353271484 145.862945557 27.8549804688 23.0048217773
obstacle
0.128206029534
75.256362915 69.6839294434 43.9280395508 20.4675140381
obstacle
0.128206029534
78.3275375366 73.0203552246 44.1272125244 19.8521881104
obstacle
0.12817941606
78.518699646 74.4438247681 63.7124404907 22.2032928467
obstacle
0.12817941606
78.2469787598 78.1350326538 59.6803131104 23.530166626
obstacle
0.128087997437
79.8329467773 74.1687316895 34.0480957031 22.5912628174
obstacle
0.128056302667
63.2599182129 66.5035095215 32.7082672119 24.7505950928
obstacle
0.127489879727
374.325408936 136.899337769 54.8634643555 38.4383850098
obstacle
0.127316847444
392.748809814 137.72795105 32.2119140625 40.7232055664
obstacle
0.126980021596
376.325439453 138.292938232 38.8961181641 47.6209106445
obstacle
0.124713882804
72.2824478149 155.824707031 25.0473327637 24.6297912598
obstacle
0.124694593251
371.138244629 147.455337524 22.5002441406 23.8226928711
obstacle
0.124592132866
382.07434082 148.395751953 21.021484375 19.1528625488
obstacle
0.124428264797
366.535675049 135.298980713 52.969909668 34.8458251953
obstacle
0.124094955623
368.776733398 138.317749023 40.5812988281 36.4419250488
obstacle
0.123964048922
389.418731689 141.627182007 36.9829711914 42.9647521973
obstacle
0.123159199953
71.5367050171 75.5690155029 60.041847229 23.938873291
obstacle
0.12312105298
376.00302124 131.923843384 53.4234619141 34.1133728027
obstacle
0.122828379273
375.067016602 143.715316772 55.2709350586 36.4315185547
obstacle
0.122507043183
72.7591323853 71.4100036621 27.4385223389 27.7627105713
obstacle
0.122104071081
76.8514785767 74.6308364868 30.3366088867 25.8879699707
obstacle
0.122104071081
77.8846893311 70.5448379517 31.3872375488 23.1796722412
obstacle
0.121749818325
76.0679779053 66.6645050049 39.4586791992 19.2589416504
obstacle
0.121540121734
76.7752532959 74.4818954468 62.1121063232 21.2230987549
obstacle
0.121540121734
76.6156234741 78.175491333 58.1828842163 22.4886322021
obstacle
0.121490329504
375.110809326 136.875045776 38.2868652344 36.8883972168
obstacle
0.121468998492
376.300628662 134.84614563 50.8977661133 43.4539489746
obstacle
0.12020047009
369.743469238 138.451843262 53.7069091797 41.663482666
obstacle
0.119742326438
56.3770713806 73.7303924561 61.5760688782 24.5171356201
obstacle
0.119581729174
367.191040039 137.850997925 38.6468505859 36.629699707
obstacle
0.119177021086
373.996337891 135.824768066 33.8479614258 48.2495117188
obstacle
0.118849135935
394.287322998 133.364685059 34.2055664062 29.7027282715
obstacle
0.118836313486
400.993133545 133.993103027 19.7161254883 21.1801452637
obstacle
0.118790708482
399.677947998 137.721359253 35.4623413086 35.6658630371
obstacle
0.118329115212
27.1619644165 68.4220504761 112.003349304 21.0676879883
obstacle
0.118284188211
382.291046143 141.498657227 53.0614013672 36.0605773926
obstacle
0.117876894772
90.7824478149 74.8077087402 33.7085723877 20.1826324463
obstacle
0.11766397208
68.2110748291 151.862823486 37.4405517578 27.3583068848
obstacle
0.11766397208
72.5284423828 152.875 36.9394226074 28.8638000488
obstacle
0.117381699383
66.9234542847 152.168548584 48.0005340576 31.848449707
obstacle
0.117308549583
382.494018555 137.343841553 50.8388061523 36.6762084961
obstacle
0.117188975215
373.218414307 152.671279907 23.5133056641 21.2558898926
obstacle
0.116345368326
374.65737915 147.894515991 30.4575805664 25.0675354004
obstacle
0.116079263389
393.457702637 133.177185059 35.1571044922 36.6480712891
obstacle
0.116079263389
392.06817627 140.672851562 34.5944213867 28.289855957
obstacle
0.115873724222
47.2294197083 72.9154663086 66.7195739746 20.8501739502
obstacle
0.115105427802
65.7456512451 149.214370728 45.2358856201 34.5686035156
obstacle
0.115031696856
401.592651367 135.85043335 32.4700317383 40.6965026855
obstacle
0.114922128618
379.603942871 144.123352051 41.4483032227 43.5842285156
obstacle
0.114785008132
54.0611915588 144.546630859 55.3652000427 35.9514770508
obstacle
0.114653848112
41.4451904297 70.9035263062 105.062164307 23.1356506348
obstacle
0.11426731199
376.924438477 122.068092346 57.1164550781 32.7946243286
obstacle
0.114082865417
62.9495544434 153.160583496 36.1188964844 22.0913391113
obstacle
0.113524064422
76.1645126343 67.217048645 40.5059661865 20.4188995361
obstacle
0.113494649529
70.3404006958 69.4974746704 31.055557251 23.6723022461
obstacle
0.112841144204
397.102874756 153.434143066 26.1596069336 21.9454650879
obstacle
0.112397626042
402.817687988 133.374084473 16.8513793945 24.819152832
obstacle
0.111495867372
75.9313354492 69.9964828491 45.3594512939 21.9017028809
obstacle
0.111495867372
79.005645752 73.3230209351 45.5652618408 21.2410583496
obstacle
0.111492864788
396.564300537 131.781265259 31.3721923828 34.4820861816
obstacle
0.111382521689
369.38394165 146.726745605 42.9260864258 33.3926391602
obstacle
0.111192181706
368.775299072 139.919509888 30.2116699219 29.8152770996
obstacle
0.110272534192
365.770812988 144.558837891 26.4738769531 27.6429138184
obstacle
0.10980772227
70.0717544556 73.228225708 29.8641204834 26.3394927979
obstacle
0.109678462148
87.5756835938 75.7068786621 37.0782318115 18.9138031006
obstacle
0.109590299428
377.249023438 143.292419434 42.0869750977 42.1716918945
obstacle
0.109387367964
384.861083984 147.532913208 16.3278808594 20.8525390625
obstacle
0.109140239656
361.094085693 132.512634277 69.7979736328 41.016998291
obstacle
0.108344696462
375.63973999 136.997436523 40.2720947266 39.2661743164
obstacle
0.108312547207
374.98147583 147.161010742 42.7946166992 28.1834106445
obstacle
0.108312547207
376.701538086 142.247116089 39.1752929688 26.317779541
obstacle
0.108030542731
367.034606934 144.175628662 74.5762329102 34.0458984375
obstacle
0.10754070431
380.283447266 137.507171631 33.6828613281 52.7119445801
obstacle
0.107503771782
70.1948547363 151.074050903 31.6117858887 29.6532592773
obstacle
0.107503771782
74.4849395752 152.041168213 31.1908111572 31.289855957
obstacle
0.107346966863
65.9094467163 70.4345245361 29.8873291016 27.864440918
obstacle
0.107346788049
389.118896484 146.27305603 31.5115966797 34.9310302734
obstacle
0.107346788049
393.132476807 145.979858398 24.6318969727 28.8003540039
obstacle
0.107173107564
70.3501663208 72.0766601562 51.3404083252 22.6075897217
obstacle
0.107009507716
83.1441192627 137.600402832 30.5192718506 34.311706543
obstacle
0.106857441366
399.800598145 139.986053467 37.4917602539 35.7876586914
obstacle
0.10671069473
66.5967178345 146.712371826 20.7909851074 25.0373535156
obstacle
0.10645801574
388.526702881 148.715988159 24.6132202148 24.7641296387
obstacle
0.105335533619
76.924949646 73.4898452759 52.9738845825 22.185836792
obstacle
0.105166435242
394.869628906 132.079376221 36.5513916016 25.871673584
obstacle
0.105111882091
375.121795654 147.649414062 27.2925415039 23.5108337402
obstacle
0.104761183262
385.723510742 135.565734863 48.674621582 41.4105834961
obstacle
0.104630090296
368.608734131 140.652770996 38.1288452148 29.4023742676
obstacle
0.104529336095
393.179656982 131.423721313 32.321472168 35.6057434082
obstacle
0.104529336095
391.79473877 139.33052063 31.805480957 27.4918823242
obstacle
0.104426033795
363.479858398 142.63394165 57.0098266602 40.1235656738
obstacle
0.104271903634
72.9803466797 141.256729126 30.7356414795 27.9088745117
obstacle
0.10417573899
69.5046005249 153.305541992 22.7477264404 25.142364502
obstacle
0.104050330818
70.696762085 73.7094421387 51.0305480957 25.0964508057
obstacle
0.103618346155
58.8619995117 152.172866821 40.934967041 30.3464050293
obstacle
0.103430777788
41.0304450989 74.4243087769 73.7065429688 23.7600402832
obstacle
0.103414773941
70.5809249878 73.0442352295 32.055267334 26.9444732666
obstacle
0.103405937552
33.4820899963 73.4073410034 117.645233154 20.1880645752
obstacle
0.103361666203
72.786819458 156.653411865 26.3271026611 24.1847839355
obstacle
0.103355579078
370.009155273 147.259368896 29.8758544922 20.9901123047
obstacle
0.103314675391
83.5706787109 73.470123291 27.5004730225 25.0144348145
obstacle
0.102762214839
376.668487549 141.606002808 35.4132080078 24.9750976562
obstacle
0.102762214839
374.945251465 146.47265625 38.6759033203 26.7418212891
obstacle
0.102619916201
365.413085938 136.208450317 59.2590942383 32.7408752441
obstacle
0.102618895471
37.8652648926 67.8697280884 97.056930542 25.1212768555
obstacle
0.102500803769
382.770812988 133.093078613 32.9360961914 43.0320129395
obstacle
0.102419242263
371.646209717 145.212463379 57.9923706055 31.6770324707
obstacle
0.102183669806
386.50402832 138.487548828 30.0369262695 33.8992919922
obstacle
0.102183669806
388.824493408 145.527633667 33.3203735352 23.5769958496
obstacle
0.102067232132
392.63168335 140.627380371 33.6859130859 48.3344726562
obstacle
0.101852156222
368.711425781 150.921722412 47.7009277344 30.3140258789
obstacle
0.101844184101
378.612945557 135.675079346 30.0880126953 39.9755554199
obstacle
0.101731069386
65.8450622559 139.584136963 39.562210083 29.1136474609
obstacle
0.101707987487
393.724029541 135.092895508 41.7882080078 35.0415344238
obstacle
0.101618289948
67.9821014404 154.605682373 28.7776947021 22.4133605957
obstacle
0.101444020867
392.728210449 135.157104492 29.5544433594 40.1283569336
obstacle
0.101229771972
387.249938965 132.902313232 34.7832641602 31.4440002441
obstacle
0.100686684251
374.389587402 136.931716919 54.2075195312 37.4789733887
obstacle
0.100634977221
66.3422775269 147.385940552 46.3480987549 30.1243896484
obstacle
0.100555874407
386.34173584 136.777572632 33.1235961914 43.063873291
obstacle
0.099880926311
88.3066635132 75.5091171265 38.7050170898 19.6358947754
obstacle
0.0998790115118
368.112976074 138.952514648 58.0009765625 38.2647705078
obstacle
0.0992910712957
61.9238815308 72.1148376465 33.1226959229 26.2845153809
obstacle
0.099011130631
57.1079101562 141.936279297 49.4875335693 34.3372192383
obstacle
0.0983164682984
61.5443725586 148.29914856 31.6902160645 28.0032653809
obstacle
0.0982739031315
386.47076416 140.18371582 32.5325317383 33.9615478516
obstacle
0.0982739031315
388.787475586 146.691619873 36.0981445312 23.619720459
obstacle
0.0981152951717
393.444824219 143.63343811 22.2635498047 29.8450927734
obstacle
0.0981152951717
389.522186279 143.409194946 28.4537963867 36.2061767578
obstacle
0.0975066646934
89.6053237915 75.8281860352 52.6953964233 22.3849639893
obstacle
0.0972058102489
367.395202637 148.038192749 39.4159545898 32.0467224121
obstacle
0.0971983894706
359.605407715 144.844360352 46.7098999023 39.4061889648
obstacle
0.0969949737191
59.9786758423 67.7216415405 35.6813201904 22.8399353027
obstacle
0.0969286859035
382.003143311 150.975967407 47.4657592773 28.5481262207
obstacle
0.0967722758651
368.796905518 147.381515503 31.3088989258 34.1920776367
obstacle
0.0966235697269
394.096252441 128.577484131 25.8125610352 28.9342651367
obstacle
0.0965224206448
393.573364258 138.707565308 26.0009765625 27.0718688965
obstacle
0.0965126529336
80.9826812744 69.6673202515 25.3084106445 25.7229156494
obstacle
0.0965126529336
79.8423614502 73.6461639404 24.467956543 28.7417755127
obstacle
0.0963958203793
382.041107178 148.703674316 22.4058837891 20.0797424316
obstacle
0.0957420766354
66.4061889648 154.355255127 24.4662780762 23.8780822754
obstacle
0.0956639200449
367.045043945 150.686309814 31.2862548828 33.4931945801
obstacle
0.0953165516257
394.545715332 134.408355713 35.8322143555 31.7955932617
obstacle
0.0952641740441
393.40234375 138.571868896 24.9123535156 26.2841796875
obstacle
0.0950055420399
29.916721344 71.6156539917 111.343200684 21.2696685791
obstacle
0.0947546586394
83.1106414795 72.2732086182 35.8197479248 22.5043640137
obstacle
0.0947546586394
80.0173721313 68.912399292 35.6589508057 23.206237793
obstacle
0.0943666771054
364.170806885 152.81199646 42.576171875 32.5256347656
obstacle
0.0943309143186
372.826690674 135.612518311 38.0408935547 44.8262023926
obstacle
0.0943240970373
390.372589111 146.055419922 39.8283691406 38.1873779297
obstacle
0.0940975025296
80.2270889282 66.2251358032 31.7310180664 21.648147583
obstacle
0.0940521135926
38.1198501587 75.1661987305 70.7669067383 22.3914794922
obstacle
0.0935883074999
362.866546631 143.763763428 36.5990600586 35.0256958008
obstacle
0.0933311805129
364.698547363 145.644668579 27.919921875 25.228729248
obstacle
0.0931423157454
74.1253967285 155.935424805 26.6347503662 26.76171875
obstacle
0.0928494408727
370.60559082 127.240905762 59.8842163086 31.9119567871
obstacle
0.092744320631
368.313568115 147.29486084 45.8555908203 31.2468261719
obstacle
0.0919485390186
372.084533691 145.987091064 18.0354614258 27.6829528809
