obstacle
0.990409612656
235.302444458 152.242767334 179.393783569 52.5377502441
obstacle
0.981512129307
243.214233398 153.628646851 168.290893555 41.8198547363
obstacle
0.980279445648
234.117462158 147.005249023 180.466796875 54.7886047363
obstacle
0.97449696064
237.551742554 156.176391602 174.084182739 43.9033813477
obstacle
0.962530016899
222.415512085 148.387313843 190.534927368 51.9617919922
obstacle
0.952642321587
216.884597778 141.362579346 204.643356323 81.1253662109
obstacle
0.932593762875
239.151275635 148.931610107 174.899963379 45.4541320801
obstacle
0.910886526108
235.20753479 143.587509155 183.232040405 47.5790405273
obstacle
0.895498454571
256.811645508 152.096130371 156.848632812 46.8500061035
obstacle
0.893529891968
112.018112183 131.708114624 327.530517578 98.1387939453
obstacle
0.88955193758
238.257415771 153.524017334 165.606872559 56.7180480957
obstacle
0.868067920208
227.168304443 136.855224609 181.138122559 85.6998596191
obstacle
0.837701439857
236.204528809 150.001037598 123.064941406 58.416229248
obstacle
0.784622728825
135.470611572 141.595184326 297.320678711 77.5762939453
obstacle
0.775040984154
234.09362793 128.615036011 194.68182373 93.5058288574
obstacle
0.76866286993
129.573822021 151.952896118 303.154418945 57.7629699707
obstacle
0.765757024288
238.271881104 151.141159058 153.388671875 41.033782959
obstacle
0.763555705547
173.569946289 144.801971436 257.111083984 85.7562561035
obstacle
0.730109751225
250.471343994 153.587722778 81.4154052734 37.5418701172
obstacle
0.712722420692
178.489471436 137.648178101 242.15435791 69.3876037598
obstacle
0.701771736145
270.450500488 147.449005127 135.168701172 56.1686706543
obstacle
0.694159388542
287.503570557 143.866241455 109.449951172 54.291015625
obstacle
0.689940810204
276.380065918 152.891769409 130.410522461 45.4103393555
obstacle
0.688458144665
221.837158203 154.675140381 181.302185059 51.5755615234
obstacle
0.670991778374
301.815307617 145.160583496 106.326416016 47.7541503906
obstacle
0.60896396637
243.092025757 150.608062744 142.869094849 53.0118713379
obstacle
0.599512934685
122.010231018 144.261291504 26.0539016724 33.9271850586
obstacle
0.599048554897
250.2293396 154.176712036 86.8491821289 40.8486328125
obstacle
0.574603378773
242.038909912 151.698165894 124.189086914 47.9950866699
obstacle
0.553196966648
138.883285522 137.931518555 295.993652344 54.6211242676
obstacle
0.552227377892
124.278457642 139.73765564 22.5008544922 36.8456420898
obstacle
0.550905942917
89.8924865723 141.878707886 343.743347168 99.0182800293
obstacle
0.550601840019
123.507270813 136.091827393 20.8892440796 33.9665527344
obstacle
0.546733379364
254.864898682 157.137939453 93.3036499023 41.2836303711
obstacle
0.540326595306
128.819946289 143.293518066 26.3627319336 31.7487792969
obstacle
0.511377930641
289.766876221 145.683517456 120.731323242 53.8924560547
obstacle
0.484417796135
245.566375732 142.430740356 101.244445801 56.5663757324
obstacle
0.480199307203
242.416900635 155.751098633 137.824645996 56.0762329102
obstacle
0.473281890154
242.487670898 151.501052856 78.9259033203 55.5381774902
obstacle
0.472938030958
244.158966064 150.964370728 104.651306152 52.5286865234
obstacle
0.460625529289
298.231018066 148.856704712 105.952331543 45.5472717285
obstacle
0.442267298698
242.063415527 152.019592285 162.951049805 45.1819458008
obstacle
0.428924053907
228.118423462 133.934326172 166.734359741 87.1726379395
obstacle
0.424375742674
238.206390381 149.106552124 151.441467285 45.4657897949
obstacle
0.416114628315
124.458938599 137.680603027 32.3482971191 33.6907043457
obstacle
0.416114628315
124.365036011 143.825210571 34.5384216309 35.6581726074
obstacle
0.416058331728
247.739944458 152.21913147 102.737075806 55.6244812012
obstacle
0.413218796253
231.583526611 152.091217041 138.299804688 62.5608520508
obstacle
0.388363391161
241.197128296 145.750274658 105.364944458 64.0154724121
obstacle
0.38747125864
256.138122559 160.565139771 63.6581420898 39.3448791504
obstacle
0.385591953993
311.881866455 152.659942627 78.1021118164 34.378692627
obstacle
0.36907607317
250.910491943 129.827087402 190.101074219 88.5790100098
obstacle
0.361769527197
269.325012207 151.595336914 139.135375977 45.716003418
obstacle
0.357971847057
119.960289001 131.469741821 33.0805892944 38.1520996094
obstacle
0.356169760227
119.310333252 144.799987793 43.3607177734 51.0860595703
obstacle
0.356034964323
243.648193359 145.965377808 79.2951049805 42.0653076172
obstacle
0.354224771261
111.960388184 131.913528442 40.8907775879 40.5748901367
obstacle
0.353029370308
116.169448853 140.794921875 51.9243164062 42.3215332031
obstacle
0.344855695963
113.067443848 150.225067139 48.9724121094 42.784362793
obstacle
0.340883404016
312.820404053 144.942108154 96.5263061523 44.1938476562
obstacle
0.330118566751
297.865600586 139.900482178 87.7745361328 58.5478515625
obstacle
0.329257965088
259.066925049 153.875274658 50.7833251953 41.968963623
obstacle
0.328553795815
115.407852173 140.685974121 27.3605651855 35.3103027344
obstacle
0.324735164642
114.822662354 138.608642578 50.1487426758 38.2916870117
obstacle
0.316980421543
254.412796021 153.464401245 84.6274871826 37.2685852051
obstacle
0.289010733366
265.505645752 155.484909058 39.4889526367 32.0844116211
obstacle
0.283199906349
107.680854797 143.428710938 60.200553894 41.4566345215
obstacle
0.267793595791
119.590270996 144.35345459 31.195526123 40.4161987305
obstacle
0.263535410166
108.901847839 145.482162476 62.0513381958 46.2515869141
obstacle
0.260420531034
122.75629425 132.691833496 40.3245162964 44.4704284668
obstacle
0.259897828102
254.971786499 152.280426025 51.7160491943 33.7959289551
obstacle
0.257434815168
115.107208252 152.134963989 45.9636230469 36.397064209
obstacle
0.250888943672
220.432693481 146.876022339 181.298690796 51.1980895996
obstacle
0.246086478233
239.320861816 153.693893433 102.286987305 57.4993286133
obstacle
0.246086478233
237.262207031 164.074234009 97.4630737305 52.509185791
obstacle
0.228134915233
249.311798096 154.627655029 76.8486328125 57.093536377
obstacle
0.219037875533
112.532852173 143.970321655 32.8489685059 41.3344421387
obstacle
0.215095594525
249.490341187 157.293380737 105.257583618 50.493560791
obstacle
0.212268784642
117.714096069 148.07421875 34.6766662598 41.639251709
obstacle
0.207960575819
265.627868652 157.232757568 41.6037597656 33.9218444824
obstacle
0.19567976892
122.004463196 139.144378662 37.8376998901 50.6726074219
obstacle
0.195191547275
112.94871521 127.088279724 33.6503601074 39.3493270874
obstacle
0.19134247303
124.070518494 146.346923828 37.3742752075 36.6282043457
obstacle
0.182690769434
273.92010498 148.252059937 128.249084473 53.0700073242
obstacle
0.181876525283
120.782493591 150.506622314 42.3323135376 37.0806274414
obstacle
0.176478639245
110.536277771 148.20072937 38.0070114136 41.0742797852
obstacle
0.173449143767
115.729019165 145.178344727 42.0785827637 42.2934265137
obstacle
0.171243965626
244.817596436 153.829101562 131.312255859 43.8583984375
obstacle
0.168349534273
120.37600708 138.473526001 43.647277832 44.5030822754
obstacle
0.165665715933
184.072494507 120.542022705 256.479568481 98.546875
obstacle
0.163141727448
114.291366577 143.492095947 30.0872497559 37.0698242188
obstacle
0.158731251955
131.872177124 140.338760376 28.5428466797 33.3037109375
obstacle
0.147502690554
116.635253906 126.573486328 345.092407227 108.681243896
obstacle
0.147045254707
248.998886108 144.709655762 122.827224731 50.6020812988
obstacle
0.14693748951
242.850494385 149.081741333 140.890563965 46.1930847168
obstacle
0.142336621881
116.521888733 141.406036377 22.9300460815 39.5807495117
obstacle
0.142307639122
233.194366455 117.676506042 222.357116699 125.787025452
obstacle
0.139155685902
120.242675781 145.839141846 28.2541503906 43.5463867188
obstacle
0.138808950782
207.370880127 161.58682251 212.577514648 37.7070922852
obstacle
0.130653947592
250.933883667 156.014511108 80.3914337158 46.2684326172
obstacle
0.128231197596
118.503005981 146.70954895 30.8439941406 39.965637207
obstacle
0.126092046499
120.130111694 136.026428223 42.1733703613 42.9232788086
obstacle
0.126012951136
109.901473999 146.743499756 33.6585083008 39.8414916992
obstacle
0.122288614511
119.018074036 147.403335571 38.289894104 37.0467224121
obstacle
0.122232124209
245.393936157 159.826843262 126.232803345 46.6440429688
obstacle
0.119693547487
82.7986602783 129.079803467 112.840667725 88.7936401367
obstacle
0.118851497769
103.853134155 139.195922852 75.7372741699 37.373840332
obstacle
0.1187267676
94.7470397949 112.96006012 89.2806091309 134.766662598
obstacle
0.118716612458
131.027603149 132.080841064 18.4088439941 25.0915527344
obstacle
0.118439935148
112.042144775 146.147277832 28.7151489258 43.610534668
obstacle
0.11665006727
114.598342896 141.700424194 26.7374420166 35.7478027344
obstacle
0.113683596253
118.518165588 146.897857666 36.3918075562 45.5379638672
obstacle
0.113560572267
126.496887207 134.647506714 34.0649414062 48.5192260742
obstacle
0.113482639194
114.197616577 147.565261841 42.3472900391 42.8583679199
obstacle
0.112562775612
118.980758667 146.682601929 29.7113037109 39.2054443359
obstacle
0.111382715404
120.384544373 141.735977173 38.8929824829 50.9827575684
obstacle
0.11075399071
263.987060547 154.356552124 40.9230957031 28.7874145508
obstacle
0.11022221297
121.299880981 149.037353516 39.0350341797 34.5425109863
obstacle
0.11020154506
106.917861938 134.793228149 46.4002380371 37.7650146484
obstacle
0.106833547354
106.5001297 142.963745117 55.3261184692 37.5527954102
obstacle
0.105039350688
107.785263062 145.685852051 56.9036254883 40.2237243652
obstacle
0.10400082916
125.79460907 135.506408691 16.6083602905 40.9680786133
obstacle
0.102079972625
125.072128296 138.102645874 19.3462524414 44.3809509277
obstacle
0.101895496249
104.023986816 144.865509033 41.3472900391 50.2926635742
obstacle
0.101239904761
235.537445068 169.741516113 111.461669922 47.7866516113
obstacle
0.0999194458127
313.636413574 136.559967041 84.0909423828 41.3356323242
obstacle
0.0994889289141
107.016296387 131.925521851 69.9989013672 40.5295715332
obstacle
0.0993092805147
115.366737366 141.0859375 25.626121521 36.2299499512
obstacle
0.0989248380065
99.4469604492 150.859344482 331.178039551 105.951812744
obstacle
0.0987773984671
302.764953613 127.99798584 79.459777832 57.8801269531
obstacle
0.0983478724957
123.817253113 142.004089355 35.6652603149 53.3320007324
obstacle
0.0968810468912
129.014434814 148.295303345 30.1993103027 38.4005432129
obstacle
0.0956155732274
99.5905761719 106.574508667 31.1165618896 20.453338623
obstacle
0.0947498455644
117.471786499 131.88192749 36.7084655762 36.3700866699
obstacle
0.0942350849509
117.118438721 150.027175903 40.135925293 36.3018493652
obstacle
0.0932513475418
108.492889404 141.118789673 54.7479858398 41.0589294434
obstacle
0.0931064710021
115.923164368 146.838348389 40.1274032593 41.4046325684
obstacle
0.0918722525239
120.827789307 144.855529785 36.2260742188 33.6683959961
obstacle
0.0918722525239
121.152679443 138.652435303 33.9257507324 31.813873291
obstacle
0.0908478200436
100.110877991 106.703346252 32.7058029175 25.7040023804
obstacle
0.0908478200436
105.620262146 105.115211487 32.2487564087 30.5622940063
obstacle
0.0897828117013
110.753448486 146.46937561 32.2100524902 40.3918762207
obstacle
0.0891626253724
269.735900879 154.937149048 42.4321899414 28.1799621582
obstacle
0.0881938114762
132.245361328 144.224609375 20.9803161621 35.7886047363
obstacle
0.0880828872323
123.468513489 141.210327148 22.3827133179 36.0619506836
obstacle
0.0879461169243
111.096160889 132.97479248 19.4253692627 35.5420227051
obstacle
0.0868613794446
122.049194336 143.004150391 24.0649414062 39.2330322266
obstacle
0.0867255032063
127.941268921 144.451278687 26.1309509277 29.9816894531
obstacle
0.0852828249335
123.939605713 137.147705078 19.908996582 32.973815918
obstacle
0.0839097052813
299.627380371 136.666213989 80.6728515625 53.046081543
obstacle
0.0837924256921
122.322349548 142.919769287 37.1806106567 47.1778259277
obstacle
0.0832277387381
120.526664734 146.10017395 26.6312637329 32.5391845703
obstacle
0.0829810872674
108.659812927 144.026870728 57.6285018921 44.5375976562
obstacle
0.082293279469
122.919692993 132.185455322 38.9373168945 45.3482055664
obstacle
0.0817410424352
334.56817627 134.497558594 48.4607543945 34.8819580078
obstacle
0.0793686658144
105.574607849 142.130767822 53.4924697876 36.2998962402
obstacle
0.0769373327494
125.195075989 149.210586548 31.0247268677 39.5235900879
obstacle
0.076880954206
109.432228088 136.228103638 44.903678894 40.628692627
obstacle
0.0759616270661
109.592338562 132.860717773 43.2227706909 44.3515014648
obstacle
0.0759575888515
310.406005859 141.593399048 85.8146972656 41.5194091797
obstacle
0.0757720693946
257.678039551 150.150985718 73.2475585938 30.7898864746
obstacle
0.0751788318157
120.518539429 130.190139771 30.8252868652 42.7735595703
obstacle
0.0749618932605
127.425582886 145.129760742 28.3478393555 38.6987609863
obstacle
0.0749618932605
127.319633484 138.911087036 26.5619735718 36.5586853027
obstacle
0.074753433466
274.320739746 152.46862793 37.0474853516 22.7699890137
obstacle
0.0744271501899
101.614768982 149.442733765 44.6835708618 45.9251403809
obstacle
0.0743323341012
108.36227417 128.39352417 40.1244659424 35.7286376953
obstacle
0.0741761624813
247.979171753 158.710998535 71.0123748779 49.9362487793
obstacle
0.074102461338
108.681816101 126.629241943 35.9409103394 52.3201599121
obstacle
0.0723482370377
125.871803284 148.099060059 34.5332260132 34.6329956055
obstacle
0.0719921290874
268.771789551 153.745681763 33.0709228516 26.0724487305
obstacle
0.0697003006935
124.323806763 142.502792358 22.5061645508 40.3958129883
obstacle
0.0695267245173
105.024795532 146.063186646 57.2648010254 38.2732849121
obstacle
0.0692032724619
273.733062744 154.177474976 44.3196411133 30.1455993652
obstacle
0.0684502199292
120.983345032 146.671203613 27.9514541626 37.6881408691
obstacle
0.0679057613015
309.252319336 143.878936768 90.9188232422 37.658203125
obstacle
0.0669353455305
123.977127075 138.590179443 20.4877929688 37.7858276367
obstacle
0.065362714231
232.188354492 163.470703125 101.388305664 56.8321838379
obstacle
0.0652793049812
324.01965332 137.050613403 79.7661743164 45.5274047852
obstacle
0.0649731829762
249.840393066 163.121627808 67.6715087891 40.55859375
obstacle
0.0647149682045
98.7780303955 145.385101318 81.2466430664 36.5439453125
obstacle
0.0643463954329
316.122131348 135.044250488 52.6010131836 58.7403869629
obstacle
0.0643367767334
123.716934204 139.26461792 20.9077453613 38.6265258789
obstacle
0.0641576424241
278.927276611 150.819274902 37.9235839844 24.6607055664
obstacle
0.0641014575958
301.866546631 147.383728027 93.714050293 36.9911804199
obstacle
0.0639243200421
320.833496094 146.041870117 63.137878418 31.8971862793
obstacle
0.0630950257182
275.298828125 146.320709229 31.938659668 23.7776184082
obstacle
0.0619004629552
265.711547852 145.714111328 64.6397705078 27.0883789062
obstacle
0.0607326850295
268.895812988 151.522171021 32.3598632812 28.2205200195
obstacle
0.060570128262
124.237434387 135.547897339 18.5450973511 35.8698730469
obstacle
0.0600171871483
127.779808044 141.580734253 31.436088562 30.4512634277
obstacle
0.0600066781044
287.10848999 147.024703979 26.8731079102 19.3008422852
obstacle
0.059109326452
120.856536865 144.033538818 24.9819335938 33.3688354492
obstacle
0.0585412122309
121.228416443 149.180435181 35.6259841919 35.8245849609
obstacle
0.058198120445
271.377288818 149.012115479 36.7540893555 29.5483398438
obstacle
0.0581374950707
234.954284668 136.508956909 123.052246094 121.224807739
obstacle
0.0569643527269
271.861022949 148.908035278 29.2556762695 23.6708068848
obstacle
0.0562092512846
97.7243347168 126.625083923 71.5934448242 33.2779006958
obstacle
0.0555213168263
257.053955078 143.021362305 62.4590454102 29.0671386719
obstacle
0.0553321093321
237.154418945 155.815338135 77.0947265625 45.8587341309
obstacle
0.0549572966993
268.243164062 150.842803955 36.6553344727 25.4376220703
obstacle
0.0548825673759
130.057250977 132.715057373 20.42578125 23.1050109863
obstacle
0.0546253733337
106.267608643 132.920761108 47.3260498047 41.0171508789
obstacle
0.054291408509
259.064575195 149.772964478 44.5666503906 30.2660827637
obstacle
0.054106965661
129.475891113 142.87588501 24.160949707 31.5567932129
obstacle
0.0539564080536
314.125305176 151.295654297 71.3344726562 28.1707763672
obstacle
0.053670886904
232.2603302 156.530258179 169.240524292 55.1990966797
obstacle
0.0536116361618
128.5728302 146.30015564 27.082244873 33.9145812988
obstacle
0.053350508213
229.837265015 147.963699341 112.538650513 56.3954467773
obstacle
0.0531014204025
258.794189453 134.753067017 107.90234375 47.3352661133
obstacle
0.0519752241671
103.303268433 139.228866577 85.1860046387 33.8151245117
obstacle
0.0518541559577
100.608795166 136.854370117 79.712677002 45.5261230469
obstacle
0.0510515831411
109.966903687 126.762947083 33.7874908447 43.9917526245
obstacle
0.0502584353089
108.897705078 135.395736694 23.1926574707 31.551940918
