obstacle
0.824796915054
141.0 150.0 153.0 41.0
obstacle
0.757579028606
271.0 55.0 95.0 26.0
obstacle
0.517436504364
409.0 60.0 74.0 24.0
obstacle
0.43510979414
411.0 72.0 75.0 22.0
obstacle
0.324110388756
290.0 60.0 62.0 18.0
obstacle
0.269613385201
422.0 63.0 47.0 17.0
obstacle
0.245761528611
424.0 73.0 43.0 18.0
obstacle
0.228764116764
167.0 133.0 158.0 66.0
obstacle
0.184088215232
430.0 72.0 70.0 30.0
obstacle
0.175340518355
461.0 62.0 34.0 14.0
obstacle
0.170840233564
383.0 45.0 117.0 88.0
obstacle
0.170492008328
456.0 76.0 42.0 19.0
obstacle
0.168586313725
277.0 59.0 39.0 15.0
obstacle
0.16252759099
303.0 51.0 106.0 32.0
obstacle
0.16137047112
191.0 46.0 203.0 37.0
obstacle
0.151702150702
358.0 54.0 108.0 29.0
obstacle
0.11969486624
263.0 43.0 198.0 45.0
obstacle
0.112261496484
460.0 105.0 40.0 17.0
obstacle
0.112111695111
385.0 100.0 115.0 26.0
obstacle
0.10501114279
340.0 45.0 160.0 47.0
obstacle
0.0947343632579
229.0 155.0 95.0 27.0
obstacle
0.0946072191
393.0 61.0 32.0 12.0
obstacle
0.094199821353
263.0 67.0 123.0 33.0
obstacle
0.0935698077083
94.0 164.0 238.0 40.0
obstacle
0.0899075046182
392.0 77.0 32.0 14.0
obstacle
0.087780572474
342.0 60.0 38.0 14.0
obstacle
0.0869335830212
368.0 72.0 85.0 25.0
obstacle
0.0858405306935
467.0 62.0 31.0 52.0
obstacle
0.0843862146139
428.0 60.0 28.0 49.0
obstacle
0.0842976570129
428.0 49.0 26.0 39.0
obstacle
0.0817428082228
262.0 23.0 128.0 83.0
obstacle
0.0817011892796
139.0 145.0 281.0 46.0
obstacle
0.0814866870642
474.0 90.0 22.0 44.0
obstacle
0.0810107961297
415.0 105.0 59.0 17.0
obstacle
0.0745988339186
161.0 125.0 101.0 39.0
obstacle
0.0744121447206
161.0 169.0 107.0 33.0
obstacle
0.0697079598904
128.0 122.0 318.0 94.0
obstacle
0.0656754150987
190.0 172.0 113.0 27.0
obstacle
0.0656518414617
110.0 121.0 206.0 49.0
obstacle
0.0640125721693
160.0 134.0 33.0 17.0
obstacle
0.062532119453
468.0 43.0 24.0 46.0
obstacle
0.0611542053521
273.0 58.0 227.0 55.0
obstacle
0.0586165040731
56.0 154.0 310.0 73.0
obstacle
0.0553668960929
118.0 129.0 115.0 30.0
obstacle
0.0535358451307
189.0 124.0 117.0 43.0
obstacle
0.0531048960984
309.0 44.0 30.0 42.0
obstacle
0.0530956573784
188.0 5.0 312.0 121.0
obstacle
0.0529365129769
221.0 159.0 53.0 14.0
obstacle
0.0495598688722
186.0 159.0 53.0 22.0
obstacle
0.0481171160936
243.0 70.0 93.0 31.0
obstacle
0.0457728244364
408.0 20.0 92.0 91.0
obstacle
0.0448391325772
186.0 98.0 123.0 37.0
obstacle
0.0445743538439
237.0 34.0 115.0 65.0
obstacle
0.0427275896072
280.0 49.0 20.0 30.0
obstacle
0.0423884727061
113.0 134.0 45.0 14.0
obstacle
0.0419962070882
194.0 112.0 30.0 59.0
obstacle
0.0416132248938
301.0 77.0 54.0 17.0
obstacle
0.0414496660233
346.0 78.0 35.0 14.0
obstacle
0.0412903055549
347.0 85.0 153.0 53.0
obstacle
0.0409409701824
97.0 135.0 164.0 66.0
obstacle
0.0399606302381
157.0 90.0 113.0 105.0
obstacle
0.0396420732141
391.0 47.0 25.0 40.0
obstacle
0.0392468608916
427.0 80.0 33.0 63.0
obstacle
0.0390209592879
187.0 133.0 51.0 18.0
obstacle
0.0388773865998
230.0 137.0 41.0 15.0
obstacle
0.0386441759765
311.0 150.0 110.0 30.0
obstacle
0.0381232723594
161.0 62.0 256.0 49.0
obstacle
0.0378546416759
273.0 151.0 102.0 32.0
obstacle
0.0377657189965
281.0 28.0 91.0 28.0
obstacle
0.0376911796629
420.0 66.0 80.0 96.0
obstacle
0.0368587560952
226.0 107.0 48.0 18.0
obstacle
0.0363823510706
272.0 76.0 36.0 20.0
obstacle
0.0362705774605
382.0 155.0 45.0 16.0
obstacle
0.0362571254373
348.0 44.0 29.0 44.0
obstacle
0.0360299870372
304.0 75.0 119.0 24.0
obstacle
0.0357760116458
149.0 96.0 120.0 41.0
obstacle
0.0349866971374
234.0 80.0 31.0 72.0
obstacle
0.0348927490413
20.0 129.0 309.0 82.0
obstacle
0.034842453897
311.0 127.0 109.0 32.0
obstacle
0.0341893658042
131.0 174.0 94.0 26.0
obstacle
0.0332749262452
266.0 162.0 32.0 14.0
obstacle
0.0331934057176
159.0 162.0 34.0 15.0
obstacle
0.0331880301237
351.0 25.0 103.0 29.0
obstacle
0.0331689678133
385.0 150.0 115.0 32.0
obstacle
0.0330958068371
346.0 148.0 114.0 32.0
obstacle
0.0320682115853
237.0 114.0 28.0 55.0
obstacle
0.0319742523134
117.0 86.0 264.0 61.0
obstacle
0.0318233817816
334.0 25.0 146.0 85.0
obstacle
0.0317640900612
193.0 134.0 29.0 65.0
obstacle
0.0315524376929
74.0 125.0 124.0 30.0
obstacle
0.0312523320317
341.0 125.0 124.0 33.0
obstacle
0.0311065241694
112.0 45.0 351.0 138.0
obstacle
0.0306283999234
95.0 189.0 232.0 52.0
obstacle
0.029930986464
162.0 117.0 25.0 51.0
obstacle
0.029745304957
193.0 51.0 125.0 26.0
obstacle
0.0289863031358
229.0 98.0 117.0 37.0
obstacle
0.0288560651243
270.0 0.0 111.0 31.0
obstacle
0.0284991245717
417.0 128.0 52.0 20.0
obstacle
0.0282310340554
150.0 108.0 47.0 15.0
obstacle
0.0279990565032
55.0 16.0 390.0 98.0
obstacle
0.027454931289
412.0 155.0 60.0 20.0
obstacle
0.0272306855768
380.0 132.0 48.0 18.0
obstacle
0.0271996539086
309.0 175.0 114.0 34.0
obstacle
0.0271254424006
238.0 27.0 105.0 27.0
obstacle
0.0270550120622
304.0 33.0 45.0 13.0
obstacle
0.0269671212882
36.0 156.0 423.0 120.0
obstacle
0.0269651394337
227.0 179.0 38.0 15.0
obstacle
0.0268384311348
189.0 182.0 43.0 11.0
obstacle
0.0265770312399
191.0 108.0 43.0 16.0
obstacle
0.0262517239898
312.0 6.0 28.0 70.0
obstacle
0.0261864587665
383.0 124.0 117.0 31.0
obstacle
0.0260687880218
379.0 0.0 121.0 28.0
obstacle
0.0259029623121
7.0 48.0 102.0 32.0
obstacle
0.0258913319558
315.0 24.0 98.0 32.0
obstacle
0.0258340667933
395.0 25.0 96.0 28.0
obstacle
0.0258002560586
342.0 312.0 46.0 19.0
obstacle
0.0257834792137
31.0 2.0 53.0 17.0
obstacle
0.0255916379392
193.0 200.0 110.0 32.0
obstacle
0.0254948213696
388.0 110.0 31.0 60.0
obstacle
0.0252313800156
87.0 154.0 107.0 26.0
obstacle
0.0250072013587
204.0 0.0 247.0 43.0
obstacle
0.0249241366982
457.0 4.0 43.0 16.0
obstacle
0.0248844400048
389.0 138.0 27.0 54.0
obstacle
0.0248354393989
268.0 100.0 115.0 31.0
obstacle
0.0246971286833
467.0 7.0 29.0 64.0
obstacle
0.0245300922543
385.0 104.0 38.0 19.0
obstacle
0.0244561843574
0.0 4.0 40.0 17.0
obstacle
0.0244007259607
0.0 56.0 39.0 17.0
obstacle
0.0243912730366
381.0 234.0 45.0 17.0
obstacle
0.024260899052
343.0 304.0 121.0 29.0
obstacle
0.0242208130658
272.0 113.0 32.0 61.0
obstacle
0.0242158286273
338.0 4.0 52.0 17.0
obstacle
0.024083878845
347.0 0.0 33.0 53.0
obstacle
0.0238215811551
188.0 81.0 48.0 17.0
obstacle
0.0238107834011
341.0 156.0 53.0 16.0
obstacle
0.0237119309604
460.0 130.0 39.0 16.0
obstacle
0.0236531998962
37.0 125.0 121.0 32.0
obstacle
0.0236036386341
262.0 4.0 51.0 15.0
obstacle
0.0234314855188
265.0 107.0 47.0 17.0
obstacle
0.0233998727053
302.0 4.0 48.0 17.0
obstacle
0.023146558553
199.0 74.0 104.0 32.0
obstacle
0.0231166724116
211.0 82.0 233.0 63.0
obstacle
0.0230955835432
156.0 201.0 113.0 30.0
obstacle
0.0229654498398
179.0 227.0 139.0 33.0
obstacle
0.022952221334
226.0 128.0 119.0 30.0
obstacle
0.0229184292257
263.0 250.0 128.0 38.0
obstacle
0.02277309075
126.0 160.0 29.0 14.0
obstacle
0.0225413497537
462.0 157.0 38.0 18.0
obstacle
0.0225395839661
2.0 0.0 113.0 30.0
obstacle
0.0225179959089
385.0 175.0 115.0 34.0
obstacle
0.0224776007235
246.0 114.0 238.0 54.0
obstacle
0.022443421185
341.0 104.0 49.0 20.0
obstacle
0.0222873855382
203.0 37.0 175.0 102.0
obstacle
0.0222393162549
151.0 71.0 122.0 37.0
obstacle
0.0221585612744
467.0 114.0 28.0 48.0
obstacle
0.0221187844872
469.0 139.0 26.0 54.0
obstacle
0.0219237729907
229.0 0.0 117.0 31.0
obstacle
0.0218334011734
419.0 258.0 46.0 22.0
obstacle
0.0218072738498
204.0 116.0 155.0 101.0
obstacle
0.0217915233225
421.0 4.0 45.0 15.0
obstacle
0.02171584405
307.0 0.0 35.0 50.0
obstacle
0.0214848294854
155.0 46.0 117.0 36.0
obstacle
0.0214618891478
77.0 98.0 115.0 37.0
obstacle
0.0214356351644
67.0 99.0 293.0 89.0
obstacle
0.0214260555804
271.0 52.0 36.0 71.0
obstacle
0.0213850364089
339.0 183.0 53.0 19.0
obstacle
0.0213834326714
0.0 183.0 39.0 17.0
obstacle
0.0213590543717
308.0 99.0 115.0 31.0
obstacle
0.0213527716696
41.0 33.0 32.0 63.0
obstacle
0.0213205609471
304.0 312.0 47.0 19.0
obstacle
0.0213177446276
351.0 113.0 31.0 56.0
obstacle
0.0211475081742
260.0 302.0 131.0 31.0
obstacle
0.0210989322513
121.0 118.0 29.0 46.0
obstacle
0.0210827104747
232.0 208.0 34.0 71.0
obstacle
0.0210042484105
461.0 312.0 39.0 18.0
obstacle
0.0209931656718
193.0 85.0 34.0 66.0
obstacle
0.0209907200187
315.0 136.0 185.0 58.0
obstacle
0.0207725036889
428.0 236.0 30.0 68.0
obstacle
0.0206572338939
272.0 34.0 33.0 14.0
obstacle
0.0205630064011
305.0 160.0 40.0 13.0
obstacle
0.0205448996276
101.0 0.0 373.0 66.0
obstacle
0.0204189009964
270.0 0.0 33.0 50.0
obstacle
0.0203569997102
378.0 312.0 52.0 18.0
obstacle
0.0203381031752
310.0 237.0 32.0 63.0
obstacle
0.0202421955764
233.0 175.0 101.0 29.0
obstacle
0.0201960150152
427.0 104.0 30.0 67.0
obstacle
0.0201016608626
269.0 135.0 38.0 15.0
obstacle
0.0200878549367
394.0 69.0 22.0 36.0
obstacle
0.0200827457011
70.0 133.0 52.0 16.0
obstacle
0.0199997927994
388.0 217.0 31.0 53.0
obstacle
0.0199550706893
346.0 237.0 37.0 63.0
obstacle
0.0197532735765
233.0 56.0 43.0 15.0
obstacle
0.0197523552924
341.0 259.0 50.0 19.0
obstacle
0.0197495091707
383.0 34.0 42.0 14.0
obstacle
0.0197401754558
227.0 312.0 46.0 18.0
obstacle
0.0195462983102
159.0 181.0 31.0 12.0
obstacle
0.0193554442376
221.0 297.0 279.0 36.0
obstacle
0.0192755032331
233.0 81.0 36.0 16.0
obstacle
0.0192556194961
72.0 2.0 47.0 18.0
obstacle
0.0192305874079
379.0 3.0 48.0 16.0
obstacle
0.0190521813929
141.0 304.0 141.0 29.0
obstacle
0.0190072022378
195.0 99.0 109.0 90.0
obstacle
0.0189474988729
302.0 60.0 198.0 111.0
obstacle
0.0189406927675
301.0 257.0 52.0 21.0
obstacle
0.0189324617386
232.0 239.0 33.0 60.0
obstacle
0.0189213436097
351.0 296.0 27.0 37.0
obstacle
0.0189151391387
30.0 55.0 52.0 18.0
obstacle
0.0188899338245
150.0 82.0 46.0 16.0
obstacle
0.0188666321337
109.0 108.0 52.0 16.0
obstacle
0.0188262779266
270.0 79.0 34.0 71.0
obstacle
0.0187999885529
341.0 134.0 49.0 17.0
obstacle
0.0187986884266
0.0 226.0 117.0 35.0
obstacle
0.0187725964934
310.0 52.0 35.0 72.0
obstacle
0.0187086164951
0.0 71.0 118.0 38.0
obstacle
0.0186983253807
348.0 98.0 115.0 29.0
obstacle
0.0186802204698
349.0 163.0 33.0 58.0
obstacle
0.0186192877591
17.0 115.0 235.0 51.0
obstacle
0.0186073109508
376.0 226.0 124.0 35.0
obstacle
0.0185610894114
223.0 233.0 53.0 19.0
obstacle
0.0184380598366
155.0 87.0 34.0 60.0
obstacle
0.0183520466089
241.0 103.0 259.0 127.0
obstacle
0.0183257143945
378.0 253.0 122.0 35.0
obstacle
0.0182653553784
228.0 143.0 37.0 46.0
obstacle
0.018177298829
462.0 32.0 38.0 15.0
obstacle
0.0181250479072
2.0 0.0 30.0 49.0
obstacle
0.018037116155
203.0 238.0 246.0 62.0
obstacle
0.0179606135935
272.0 238.0 33.0 62.0
obstacle
0.0179564151913
225.0 259.0 49.0 18.0
obstacle
0.0179308932275
0.0 131.0 39.0 18.0
obstacle
0.0179148688912
189.0 251.0 121.0 36.0
obstacle
0.017866121605
265.0 311.0 47.0 20.0
obstacle
0.0178129561245
40.0 0.0 33.0 50.0
obstacle
0.0176357347518
118.0 85.0 32.0 63.0
obstacle
0.0176265705377
94.0 177.0 85.0 26.0
obstacle
0.0176090169698
188.0 55.0 50.0 17.0
obstacle
0.0175670869648
0.0 124.0 119.0 34.0
obstacle
0.0174736622721
356.0 109.0 144.0 58.0
obstacle
0.017423696816
427.0 32.0 35.0 16.0
obstacle
0.0174074806273
271.0 145.0 28.0 43.0
obstacle
0.0173697080463
318.0 0.0 182.0 45.0
obstacle
0.0173358600587
227.0 4.0 45.0 15.0
obstacle
0.0173043459654
196.0 37.0 30.0 55.0
obstacle
0.0172894448042
386.0 0.0 34.0 52.0
obstacle
0.0172228142619
2.0 175.0 113.0 34.0
obstacle
0.0171879306436
425.0 0.0 34.0 52.0
obstacle
0.0171864982694
16.0 87.0 236.0 57.0
obstacle
0.0171720199287
232.0 188.0 36.0 57.0
obstacle
0.0171101856977
344.0 33.0 44.0 14.0
obstacle
0.0170748699456
427.0 138.0 29.0 56.0
obstacle
0.0170442946255
193.0 209.0 35.0 68.0
obstacle
0.0170425865799
300.0 106.0 52.0 19.0
obstacle
0.0170215442777
469.0 269.0 25.0 50.0
obstacle
0.0170023590326
0.0 0.0 322.0 72.0
obstacle
0.0169254429638
340.0 199.0 129.0 37.0
obstacle
0.0169153399765
3.0 40.0 26.0 49.0
obstacle
0.0168878156692
301.0 227.0 130.0 34.0
obstacle
0.0168742835522
241.0 103.0 16.0 26.0
obstacle
0.016850432381
389.0 292.0 27.0 41.0
obstacle
0.0168251600116
310.0 295.0 31.0 38.0
obstacle
0.0167701151222
184.0 207.0 316.0 125.0
obstacle
0.0167346671224
80.0 0.0 31.0 49.0
obstacle
0.0167138967663
4.0 114.0 26.0 55.0
obstacle
0.0166850183159
267.0 125.0 118.0 33.0
obstacle
0.0166547652334
308.0 83.0 35.0 64.0
obstacle
0.0166409760714
348.0 137.0 32.0 57.0
obstacle
0.0165718346834
419.0 312.0 46.0 19.0
obstacle
0.0164539273828
226.0 160.0 274.0 61.0
obstacle
0.0164537262172
114.0 48.0 119.0 34.0
obstacle
0.0164325479418
385.0 242.0 36.0 53.0
obstacle
0.0163888577372
3.0 166.0 27.0 52.0
obstacle
0.0163872651756
344.0 175.0 121.0 36.0
obstacle
0.0163678620011
265.0 259.0 48.0 19.0
obstacle
0.0163608752191
274.0 179.0 100.0 24.0
obstacle
0.0163188390434
80.0 114.0 32.0 53.0
obstacle
0.0162045862526
186.0 232.0 50.0 19.0
obstacle
0.0162037983537
231.0 0.0 34.0 47.0
obstacle
0.0161793921143
5.0 20.0 105.0 39.0
obstacle
0.0161623712629
74.0 181.0 48.0 20.0
obstacle
0.0161402374506
346.0 87.0 37.0 55.0
obstacle
0.0161340106279
0.0 157.0 38.0 17.0
obstacle
0.0160726383328
289.0 0.0 150.0 86.0
obstacle
0.0159842558205
459.0 181.0 41.0 18.0
obstacle
0.0159403420985
187.0 312.0 49.0 19.0
obstacle
0.0159245114774
0.0 85.0 279.0 111.0
obstacle
0.0159173365682
419.0 181.0 48.0 20.0
obstacle
0.0158617570996
151.0 54.0 44.0 19.0
obstacle
0.0158552117646
116.0 295.0 268.0 38.0
obstacle
0.0158308967948
0.0 251.0 116.0 37.0
obstacle
0.015823347494
156.0 210.0 31.0 66.0
obstacle
0.0157461743802
195.0 62.0 31.0 56.0
obstacle
0.0157258566469
348.0 213.0 33.0 61.0
obstacle
0.0157216507941
118.0 213.0 262.0 59.0
obstacle
0.015619953163
416.0 234.0 51.0 18.0
obstacle
0.015618913807
76.0 47.0 118.0 35.0
obstacle
0.0156019525602
470.0 297.0 21.0 36.0
obstacle
0.0155297163874
341.0 233.0 48.0 19.0
obstacle
0.0154695203528
0.0 182.0 374.0 122.0
obstacle
0.0154661526904
466.0 164.0 28.0 57.0
obstacle
0.015464881435
428.0 208.0 27.0 72.0
obstacle
0.0154592134058
193.0 186.0 34.0 60.0
