obstacle
0.759178161621
330.0 189.0 79.0 18.0
obstacle
0.662886142731
126.0 184.0 92.0 20.0
obstacle
0.629203259945
258.0 202.0 62.0 17.0
obstacle
0.528196275234
117.0 183.0 51.0 15.0
obstacle
0.526023864746
18.0 190.0 62.0 16.0
obstacle
0.434297114611
0.0 188.0 54.0 18.0
obstacle
0.425791442394
109.0 181.0 76.0 21.0
obstacle
0.395031034946
136.0 188.0 69.0 12.0
obstacle
0.35001245141
178.0 191.0 53.0 13.0
obstacle
0.349872261286
163.0 189.0 73.0 19.0
obstacle
0.303872972727
347.0 187.0 88.0 23.0
obstacle
0.271661728621
92.0 180.0 162.0 27.0
obstacle
0.271271437407
371.0 192.0 51.0 13.0
obstacle
0.229751646519
272.0 199.0 94.0 28.0
obstacle
0.174168914557
278.0 201.0 22.0 29.0
obstacle
0.171261847019
342.0 204.0 48.0 14.0
obstacle
0.162454336882
323.0 198.0 83.0 25.0
obstacle
0.160920187831
301.0 207.0 45.0 12.0
obstacle
0.157684206963
230.0 189.0 193.0 46.0
obstacle
0.155142784119
233.0 205.0 44.0 13.0
obstacle
0.154464200139
290.0 188.0 96.0 22.0
obstacle
0.149985358119
213.0 202.0 90.0 22.0
obstacle
0.148661091924
143.0 203.0 62.0 17.0
obstacle
0.145121857524
124.0 198.0 102.0 30.0
obstacle
0.144865915179
80.0 186.0 34.0 12.0
obstacle
0.143876284361
202.0 182.0 93.0 30.0
obstacle
0.141312748194
263.0 177.0 200.0 36.0
obstacle
0.141030758619
110.0 204.0 58.0 22.0
obstacle
0.140037491918
266.0 193.0 46.0 13.0
obstacle
0.13857421279
187.0 205.0 49.0 15.0
obstacle
0.121662445366
252.0 187.0 79.0 26.0
obstacle
0.117288157344
11.0 199.0 89.0 28.0
obstacle
0.116652235389
166.0 201.0 89.0 23.0
obstacle
0.116458743811
34.0 203.0 45.0 18.0
obstacle
0.113546833396
312.0 192.0 40.0 10.0
obstacle
0.110693924129
226.0 232.0 50.0 22.0
obstacle
0.108984693885
26.0 172.0 217.0 38.0
obstacle
0.108409442008
4.0 178.0 26.0 30.0
obstacle
0.105586096644
239.0 180.0 104.0 76.0
obstacle
0.103911720216
0.0 172.0 123.0 43.0
obstacle
0.0953191667795
226.0 188.0 47.0 11.0
obstacle
0.0948943346739
92.0 200.0 92.0 30.0
obstacle
0.0882156193256
193.0 225.0 111.0 34.0
obstacle
0.0881827622652
0.0 204.0 40.0 20.0
obstacle
0.0881556123495
93.0 159.0 91.0 27.0
obstacle
0.0858992934227
41.0 177.0 25.0 35.0
obstacle
0.0857504084706
73.0 205.0 45.0 20.0
obstacle
0.0834159255028
42.0 161.0 38.0 14.0
obstacle
0.0832893252373
44.0 184.0 106.0 21.0
obstacle
0.0814166143537
123.0 176.0 21.0 31.0
obstacle
0.0737806484103
344.0 162.0 47.0 13.0
obstacle
0.0731952637434
144.0 190.0 209.0 46.0
obstacle
0.0688652992249
15.0 126.0 84.0 30.0
obstacle
0.0687717348337
346.0 200.0 103.0 28.0
obstacle
0.068542547524
44.0 186.0 255.0 54.0
obstacle
0.0676137804985
138.0 178.0 215.0 34.0
obstacle
0.0671731159091
154.0 226.0 115.0 32.0
obstacle
0.0665409639478
418.0 187.0 42.0 15.0
obstacle
0.0656174570322
114.0 165.0 44.0 13.0
obstacle
0.0651861354709
381.0 205.0 42.0 14.0
obstacle
0.0644257813692
192.0 162.0 40.0 14.0
obstacle
0.064282566309
117.0 161.0 113.0 24.0
obstacle
0.0631741583347
276.0 175.0 21.0 42.0
obstacle
0.0628124624491
317.0 157.0 99.0 27.0
obstacle
0.0616313107312
353.0 175.0 21.0 37.0
obstacle
0.0599748305976
152.0 155.0 120.0 29.0
obstacle
0.0594586320221
79.0 128.0 108.0 28.0
obstacle
0.0591398365796
113.0 136.0 40.0 14.0
obstacle
0.0588987059891
43.0 142.0 31.0 56.0
obstacle
0.0579541176558
0.0 144.0 95.0 103.0
obstacle
0.0573708638549
237.0 224.0 94.0 36.0
obstacle
0.0572626441717
35.0 135.0 46.0 14.0
obstacle
0.0566494688392
195.0 130.0 31.0 77.0
obstacle
0.0563370324671
47.0 128.0 96.0 27.0
obstacle
0.0552720725536
196.0 175.0 26.0 39.0
obstacle
0.0549746453762
149.0 163.0 47.0 15.0
obstacle
0.0541848130524
384.0 181.0 102.0 30.0
obstacle
0.0538904778659
37.0 228.0 115.0 30.0
obstacle
0.0538622960448
256.0 229.0 62.0 25.0
obstacle
0.0538594760001
353.0 128.0 98.0 28.0
obstacle
0.0533518865705
43.0 202.0 101.0 30.0
obstacle
0.0530252605677
159.0 127.0 101.0 31.0
obstacle
0.0523174740374
158.0 137.0 26.0 64.0
obstacle
0.051915820688
182.0 230.0 60.0 26.0
obstacle
0.0514523535967
352.0 134.0 25.0 71.0
obstacle
0.0508211962879
268.0 162.0 41.0 13.0
obstacle
0.0500396676362
114.0 224.0 120.0 35.0
obstacle
0.0498981773853
119.0 128.0 106.0 30.0
obstacle
0.0489101521671
0.0 187.0 131.0 56.0
obstacle
0.0488390885293
315.0 128.0 98.0 29.0
obstacle
0.0482954382896
303.0 158.0 133.0 75.0
obstacle
0.0480932407081
155.0 178.0 341.0 80.0
obstacle
0.0475216321647
197.0 154.0 103.0 32.0
obstacle
0.0471689030528
381.0 162.0 45.0 12.0
obstacle
0.0470700822771
239.0 153.0 97.0 32.0
obstacle
0.0469025298953
70.0 230.0 52.0 27.0
obstacle
0.0468267165124
77.0 136.0 39.0 13.0
obstacle
0.0459463410079
21.0 155.0 77.0 28.0
obstacle
0.0458704605699
44.0 214.0 258.0 55.0
obstacle
0.0458593033254
139.0 229.0 69.0 25.0
obstacle
0.0450613796711
225.0 163.0 47.0 12.0
obstacle
0.0436245203018
85.0 161.0 108.0 71.0
obstacle
0.0435578115284
197.0 128.0 102.0 29.0
obstacle
0.0433546677232
1.0 160.0 34.0 15.0
obstacle
0.0430919602513
275.0 133.0 27.0 70.0
obstacle
0.0429572090507
152.0 136.0 42.0 14.0
obstacle
0.0427551157773
42.0 110.0 30.0 64.0
obstacle
0.0427479594946
308.0 137.0 38.0 13.0
obstacle
0.042304161936
95.0 181.0 383.0 124.0
obstacle
0.0420048683882
0.0 134.0 39.0 14.0
obstacle
0.0419306606054
383.0 128.0 114.0 26.0
obstacle
0.0415793918073
312.0 175.0 21.0 36.0
obstacle
0.0415544211864
76.0 163.0 41.0 13.0
obstacle
0.0412962287664
383.0 136.0 41.0 14.0
obstacle
0.0410961024463
43.0 110.0 261.0 62.0
obstacle
0.0409220419824
124.0 138.0 23.0 64.0
obstacle
0.0405851230025
105.0 170.0 140.0 95.0
obstacle
0.0402280762792
107.0 229.0 56.0 26.0
obstacle
0.0400031097233
234.0 215.0 33.0 54.0
obstacle
0.0398368872702
268.0 137.0 37.0 13.0
obstacle
0.0392608009279
389.0 173.0 25.0 43.0
obstacle
0.039244633168
158.0 190.0 27.0 49.0
obstacle
0.0392119325697
5.0 188.0 26.0 55.0
obstacle
0.0390386208892
28.0 231.0 58.0 23.0
obstacle
0.0390225127339
43.0 157.0 105.0 25.0
obstacle
0.0389630049467
45.0 188.0 25.0 51.0
obstacle
0.038875207305
236.0 128.0 103.0 30.0
obstacle
0.0382507145405
172.0 211.0 226.0 57.0
obstacle
0.0382493920624
344.0 138.0 41.0 12.0
obstacle
0.0380926579237
273.0 126.0 107.0 31.0
obstacle
0.0378513596952
237.0 170.0 23.0 46.0
obstacle
0.0376683995128
310.0 163.0 39.0 10.0
obstacle
0.0375252366066
84.0 109.0 25.0 66.0
obstacle
0.0366425290704
336.0 231.0 57.0 23.0
obstacle
0.036457888782
121.0 107.0 26.0 69.0
obstacle
0.0363545008004
280.0 154.0 97.0 29.0
obstacle
0.0362901575863
342.0 227.0 122.0 33.0
obstacle
0.0362249575555
243.0 132.0 257.0 122.0
obstacle
0.0362067073584
72.0 226.0 124.0 33.0
obstacle
0.036135289818
189.0 136.0 43.0 15.0
obstacle
0.0358600690961
230.0 136.0 38.0 14.0
obstacle
0.0357539430261
65.0 146.0 215.0 47.0
obstacle
0.0349006578326
419.0 159.0 46.0 15.0
obstacle
0.0343839526176
200.0 196.0 25.0 38.0
obstacle
0.0339635983109
259.0 224.0 131.0 36.0
obstacle
0.0335170775652
0.0 190.0 288.0 105.0
obstacle
0.033444788307
190.0 251.0 119.0 31.0
obstacle
0.0334439203143
351.0 187.0 27.0 54.0
obstacle
0.0334410890937
237.0 134.0 27.0 69.0
obstacle
0.033349737525
85.0 142.0 20.0 54.0
obstacle
0.0332588516176
421.0 135.0 41.0 15.0
obstacle
0.0327950976789
273.0 211.0 32.0 57.0
obstacle
0.032701946795
306.0 113.0 194.0 53.0
obstacle
0.0326529331505
160.0 177.0 23.0 35.0
obstacle
0.0324882008135
207.0 113.0 243.0 54.0
obstacle
0.0322951152921
459.0 207.0 41.0 19.0
obstacle
0.0322635099292
373.0 234.0 56.0 19.0
obstacle
0.0321883298457
240.0 200.0 21.0 31.0
obstacle
0.032167032361
0.0 112.0 194.0 57.0
obstacle
0.032061137259
117.0 215.0 34.0 55.0
obstacle
0.0318020321429
376.0 151.0 124.0 34.0
obstacle
0.0316321216524
0.0 99.0 119.0 34.0
obstacle
0.0313719548285
0.0 0.0 297.0 104.0
obstacle
0.0307376366109
156.0 211.0 35.0 62.0
obstacle
0.0306525100023
386.0 227.0 112.0 33.0
obstacle
0.0305380485952
316.0 134.0 21.0 69.0
obstacle
0.0300011374056
389.0 110.0 28.0 64.0
obstacle
0.0299486629665
428.0 110.0 30.0 64.0
obstacle
0.029927900061
275.0 113.0 26.0 58.0
obstacle
0.0299176312983
37.0 149.0 348.0 90.0
obstacle
0.0298563372344
461.0 184.0 39.0 16.0
obstacle
0.0292791463435
0.0 82.0 355.0 120.0
obstacle
0.0291811469942
420.0 206.0 43.0 17.0
obstacle
0.0291323885322
151.0 249.0 122.0 37.0
obstacle
0.0289921425283
4.0 112.0 25.0 60.0
obstacle
0.0289375409484
0.0 231.0 41.0 24.0
obstacle
0.0288862623274
120.0 186.0 30.0 57.0
obstacle
0.0285745728761
0.0 154.0 72.0 30.0
obstacle
0.0284648537636
354.0 154.0 96.0 30.0
obstacle
0.0278833471239
0.0 169.0 186.0 96.0
obstacle
0.0274832881987
180.0 190.0 144.0 108.0
obstacle
0.0273426678032
312.0 195.0 21.0 41.0
obstacle
0.0271857120097
298.0 232.0 53.0 20.0
obstacle
0.0268507357687
0.0 259.0 41.0 18.0
obstacle
0.026799634099
0.0 215.0 193.0 53.0
obstacle
0.0263382028788
197.0 110.0 26.0 64.0
obstacle
0.0262641403824
80.0 218.0 32.0 48.0
obstacle
0.0261592194438
37.0 47.0 122.0 33.0
obstacle
0.0260624028742
391.0 140.0 28.0 60.0
obstacle
0.0259116850793
157.0 108.0 30.0 68.0
obstacle
0.0258244201541
237.0 111.0 25.0 62.0
obstacle
0.0255232192576
468.0 188.0 28.0 58.0
obstacle
0.02538635768
84.0 192.0 24.0 48.0
obstacle
0.0252617802471
195.0 210.0 33.0 64.0
obstacle
0.0252300929278
86.0 172.0 19.0 40.0
obstacle
0.0251807998866
264.0 250.0 125.0 37.0
obstacle
0.0250925067812
155.0 46.0 112.0 37.0
obstacle
0.0249547809362
282.0 215.0 218.0 52.0
obstacle
0.0248536504805
392.0 203.0 95.0 27.0
obstacle
0.0247529875487
381.0 252.0 119.0 32.0
obstacle
0.0246283281595
134.0 0.0 366.0 73.0
obstacle
0.0245807971805
414.0 234.0 59.0 20.0
obstacle
0.024427678436
428.0 169.0 28.0 49.0
obstacle
0.0243088155985
312.0 112.0 29.0 62.0
obstacle
0.0238762423396
350.0 111.0 30.0 63.0
obstacle
0.0238537359983
225.0 13.0 275.0 104.0
obstacle
0.0236321538687
4.0 140.0 24.0 56.0
obstacle
0.0232686959207
272.0 155.0 114.0 81.0
obstacle
0.0231922250241
453.0 233.0 47.0 18.0
obstacle
0.0231662336737
0.0 9.0 237.0 56.0
obstacle
0.022996623069
77.0 46.0 117.0 35.0
obstacle
0.0229608006775
425.0 200.0 75.0 36.0
obstacle
0.0227419119328
40.0 215.0 35.0 55.0
obstacle
0.0226787421852
72.0 55.0 48.0 16.0
obstacle
0.0225923061371
220.0 46.0 138.0 38.0
obstacle
0.022372270003
428.0 134.0 27.0 66.0
obstacle
0.0223139189184
3.0 252.0 110.0 33.0
obstacle
0.02197634615
225.0 84.0 275.0 116.0
obstacle
0.0219458639622
417.0 259.0 51.0 17.0
obstacle
0.0218566991389
227.0 250.0 120.0 34.0
obstacle
0.0218525584787
194.0 240.0 34.0 59.0
obstacle
0.0217388384044
426.0 29.0 30.0 70.0
obstacle
0.0216897204518
162.0 136.0 251.0 63.0
obstacle
0.0216471273452
461.0 159.0 39.0 13.0
obstacle
0.0216382984072
226.0 255.0 49.0 21.0
obstacle
0.0215699579567
33.0 20.0 127.0 36.0
obstacle
0.0213194098324
140.0 152.0 136.0 83.0
obstacle
0.0212723575532
344.0 46.0 120.0 35.0
obstacle
0.0210867319256
385.0 47.0 115.0 35.0
obstacle
0.0210632178932
38.0 252.0 118.0 34.0
obstacle
0.0210447441787
0.0 225.0 82.0 38.0
obstacle
0.0210120994598
300.0 257.0 55.0 22.0
obstacle
0.0209397953004
262.0 54.0 52.0 19.0
obstacle
0.0209235362709
468.0 166.0 25.0 52.0
obstacle
0.0208075698465
3.0 214.0 29.0 60.0
obstacle
0.0206377245486
0.0 147.0 208.0 41.0
obstacle
0.0206356253475
263.0 255.0 49.0 22.0
obstacle
0.0205651987344
0.0 34.0 219.0 58.0
obstacle
0.0204615984112
420.0 176.0 80.0 34.0
obstacle
0.020426414907
3.0 241.0 28.0 56.0
obstacle
0.0203711502254
282.0 209.0 11.0 15.0
obstacle
0.020358717069
466.0 215.0 29.0 55.0
obstacle
0.0203334260732
22.0 217.0 379.0 103.0
obstacle
0.0202471073717
78.0 117.0 121.0 107.0
obstacle
0.0202331040055
81.0 84.0 26.0 64.0
obstacle
0.020202210173
185.0 257.0 52.0 20.0
obstacle
0.0201672744006
0.0 107.0 38.0 17.0
obstacle
0.0199567042291
231.0 237.0 35.0 61.0
obstacle
0.0199297331274
110.0 116.0 358.0 100.0
obstacle
0.0198859442025
80.0 32.0 30.0 63.0
obstacle
0.0197592545301
58.0 81.0 155.0 123.0
obstacle
0.0197329297662
43.0 82.0 26.0 66.0
obstacle
0.0196122359484
389.0 215.0 30.0 54.0
obstacle
0.0195312853903
331.0 185.0 169.0 63.0
obstacle
0.0194699466228
119.0 83.0 27.0 64.0
obstacle
0.0194478146732
272.0 34.0 31.0 59.0
obstacle
0.0194183904678
311.0 134.0 189.0 65.0
obstacle
0.0193919930607
106.0 101.0 134.0 32.0
obstacle
0.0193433519453
243.0 164.0 94.0 66.0
obstacle
0.0192756149918
90.0 129.0 14.0 24.0
obstacle
0.019237678498
83.0 239.0 255.0 57.0
obstacle
0.0191797818989
426.0 241.0 33.0 54.0
obstacle
0.0191321596503
388.0 244.0 29.0 49.0
obstacle
0.0190195441246
38.0 0.0 37.0 51.0
obstacle
0.0185935664922
378.0 55.0 53.0 16.0
obstacle
0.0185154266655
464.0 134.0 34.0 14.0
obstacle
0.0184238292277
31.0 3.0 55.0 17.0
obstacle
0.01841410622
390.0 193.0 25.0 46.0
obstacle
0.0183483026922
428.0 219.0 30.0 48.0
obstacle
0.0183085296303
309.0 236.0 36.0 63.0
obstacle
0.0182910636067
368.0 6.0 132.0 117.0
obstacle
0.0182020980865
39.0 108.0 39.0 15.0
obstacle
0.0181210339069
304.0 48.0 123.0 33.0
obstacle
0.0180989578366
0.0 81.0 127.0 123.0
obstacle
0.0177680440247
189.0 48.0 122.0 34.0
obstacle
0.0176595970988
71.0 2.0 48.0 18.0
obstacle
0.0176532156765
8.0 0.0 100.0 30.0
obstacle
0.0176305882633
421.0 54.0 44.0 20.0
obstacle
0.0175122376531
147.0 2.0 49.0 20.0
obstacle
0.0174810830504
114.0 55.0 45.0 16.0
obstacle
0.017455836758
128.0 127.0 15.0 29.0
obstacle
0.0173836629838
155.0 0.0 34.0 48.0
obstacle
0.0173835605383
194.0 240.0 264.0 53.0
obstacle
0.0173462424427
458.0 3.0 42.0 18.0
obstacle
0.0173423960805
151.0 54.0 45.0 18.0
obstacle
0.0173084400594
155.0 29.0 265.0 68.0
obstacle
0.0172932967544
33.0 259.0 47.0 18.0
obstacle
0.0172632560134
76.0 108.0 39.0 15.0
obstacle
0.0170447397977
461.0 311.0 39.0 20.0
obstacle
0.0170139707625
144.0 71.0 135.0 142.0
obstacle
0.0170032326132
387.0 30.0 30.0 68.0
obstacle
0.0168417394161
4.0 86.0 24.0 60.0
obstacle
0.0168405193835
108.0 2.0 51.0 20.0
obstacle
0.0167854577303
81.0 8.0 338.0 111.0
obstacle
0.016712481156
300.0 3.0 53.0 18.0
obstacle
0.0166562292725
117.0 0.0 33.0 48.0
obstacle
0.016605200246
12.0 185.0 13.0 19.0
obstacle
0.016599200666
348.0 32.0 30.0 65.0
obstacle
0.0165914874524
428.0 194.0 28.0 45.0
obstacle
0.0165894813836
303.0 56.0 47.0 16.0
