obstacle
0.729594230652
81.0 144.0 185.0 52.0
obstacle
0.714292168617
255.0 127.0 217.0 69.0
obstacle
0.408951580524
11.0 135.0 326.0 69.0
obstacle
0.389941096306
71.0 158.0 200.0 59.0
obstacle
0.358964115381
31.0 166.0 51.0 56.0
obstacle
0.272723942995
294.0 119.0 206.0 56.0
obstacle
0.260827451944
231.0 117.0 199.0 58.0
obstacle
0.206754356623
275.0 135.0 112.0 25.0
obstacle
0.203154265881
13.0 158.0 91.0 71.0
obstacle
0.190221637487
131.0 152.0 153.0 36.0
obstacle
0.183769449592
64.0 109.0 436.0 116.0
obstacle
0.174089714885
288.0 128.0 151.0 39.0
obstacle
0.162293806672
123.0 202.0 103.0 25.0
obstacle
0.142142817378
333.0 143.0 136.0 34.0
obstacle
0.116223752499
129.0 123.0 156.0 92.0
obstacle
0.11266797781
275.0 145.0 109.0 37.0
obstacle
0.110147073865
0.0 141.0 267.0 101.0
obstacle
0.105273649096
274.0 153.0 182.0 68.0
obstacle
0.104810677469
389.0 152.0 94.0 28.0
obstacle
0.102902956307
177.0 105.0 304.0 84.0
obstacle
0.101042464375
85.0 170.0 105.0 38.0
obstacle
0.100702010095
120.0 175.0 110.0 31.0
obstacle
0.0990229323506
71.0 185.0 204.0 55.0
obstacle
0.0888017416
350.0 134.0 150.0 63.0
obstacle
0.0821380987763
74.0 154.0 128.0 33.0
obstacle
0.0793808549643
49.0 126.0 170.0 87.0
obstacle
0.0777026861906
31.0 154.0 120.0 72.0
obstacle
0.0755951628089
344.0 135.0 43.0 14.0
obstacle
0.0706216543913
310.0 137.0 38.0 14.0
obstacle
0.0683072805405
164.0 201.0 87.0 31.0
obstacle
0.0676762312651
0.0 199.0 110.0 36.0
obstacle
0.0668947249651
59.0 119.0 228.0 53.0
obstacle
0.0601051449776
148.0 157.0 49.0 17.0
obstacle
0.0598036497831
152.0 131.0 268.0 69.0
obstacle
0.05968509987
207.0 134.0 293.0 108.0
obstacle
0.0574509762228
151.0 147.0 115.0 87.0
obstacle
0.0550274215639
0.0 159.0 354.0 112.0
obstacle
0.0524820499122
0.0 171.0 191.0 47.0
obstacle
0.0507274530828
153.0 176.0 113.0 27.0
obstacle
0.0506817288697
39.0 93.0 344.0 101.0
obstacle
0.0504550524056
190.0 157.0 99.0 27.0
obstacle
0.0499886609614
112.0 179.0 46.0 16.0
obstacle
0.0488121286035
113.0 131.0 118.0 31.0
obstacle
0.0451297163963
251.0 132.0 86.0 24.0
obstacle
0.0450324453413
310.0 174.0 110.0 30.0
obstacle
0.0446279719472
385.0 49.0 115.0 30.0
obstacle
0.0443505160511
188.0 210.0 38.0 15.0
obstacle
0.0441505350173
393.0 175.0 97.0 29.0
obstacle
0.0440024994314
276.0 134.0 31.0 14.0
obstacle
0.0435144677758
44.0 136.0 31.0 68.0
obstacle
0.0425261557102
341.0 153.0 45.0 16.0
obstacle
0.0413710959256
7.0 188.0 184.0 52.0
obstacle
0.0411454588175
190.0 159.0 43.0 14.0
obstacle
0.0399795845151
288.0 126.0 156.0 127.0
obstacle
0.0389808304608
347.0 82.0 33.0 15.0
obstacle
0.0381915569305
423.0 158.0 40.0 11.0
obstacle
0.0381631180644
156.0 132.0 107.0 29.0
obstacle
0.0373976305127
6.0 165.0 31.0 55.0
obstacle
0.0368936918676
307.0 156.0 45.0 14.0
obstacle
0.036724794656
382.0 138.0 37.0 12.0
obstacle
0.0364695936441
348.0 176.0 108.0 27.0
obstacle
0.0355594158173
118.0 157.0 35.0 18.0
obstacle
0.0351705625653
347.0 101.0 32.0 79.0
obstacle
0.0344719924033
0.0 126.0 118.0 32.0
obstacle
0.0337221771479
83.0 148.0 26.0 40.0
obstacle
0.0334908738732
460.0 181.0 39.0 14.0
obstacle
0.0332302078605
3.0 181.0 39.0 21.0
obstacle
0.0330441407859
34.0 199.0 50.0 29.0
obstacle
0.0324193388224
149.0 182.0 45.0 12.0
obstacle
0.03196323663
378.0 154.0 52.0 11.0
obstacle
0.0316159538925
317.0 33.0 183.0 58.0
obstacle
0.030819201842
421.0 56.0 46.0 16.0
obstacle
0.0304727796465
71.0 164.0 44.0 52.0
obstacle
0.0303246993572
4.0 207.0 34.0 18.0
obstacle
0.0295456890017
40.0 106.0 32.0 72.0
obstacle
0.0288044083863
0.0 174.0 83.0 38.0
obstacle
0.0287805628031
56.0 63.0 389.0 104.0
obstacle
0.0286393426359
196.0 35.0 29.0 56.0
obstacle
0.0285585969687
384.0 81.0 39.0 17.0
obstacle
0.0284169372171
113.0 132.0 41.0 20.0
obstacle
0.0283336043358
311.0 225.0 112.0 36.0
obstacle
0.0276900045574
158.0 48.0 108.0 31.0
obstacle
0.027423042804
251.0 63.0 249.0 107.0
obstacle
0.0271602571011
277.0 119.0 25.0 48.0
obstacle
0.0268430877477
312.0 108.0 28.0 68.0
obstacle
0.0266731232405
5.0 187.0 31.0 55.0
obstacle
0.0266042109579
192.0 175.0 107.0 27.0
obstacle
0.0265555437654
421.0 81.0 44.0 17.0
obstacle
0.0263319332153
428.0 33.0 30.0 61.0
obstacle
0.0256030466408
142.0 161.0 207.0 55.0
obstacle
0.025580227375
55.0 214.0 236.0 57.0
obstacle
0.0255613196641
85.0 156.0 31.0 20.0
obstacle
0.0255547128618
426.0 150.0 74.0 36.0
obstacle
0.0255182608962
80.0 129.0 104.0 32.0
obstacle
0.0254200976342
153.0 137.0 35.0 58.0
obstacle
0.0253272037953
339.0 179.0 52.0 19.0
obstacle
0.0251803807914
192.0 193.0 35.0 46.0
obstacle
0.0251672565937
308.0 81.0 38.0 15.0
obstacle
0.0248673204333
272.0 172.0 113.0 35.0
obstacle
0.0248564109206
383.0 56.0 41.0 17.0
obstacle
0.0245794951916
264.0 226.0 128.0 34.0
obstacle
0.0245763938874
116.0 138.0 29.0 58.0
obstacle
0.0244831033051
79.0 202.0 117.0 29.0
obstacle
0.0244704056531
345.0 51.0 122.0 27.0
obstacle
0.024440029636
347.0 111.0 38.0 14.0
obstacle
0.0244020782411
1.0 98.0 112.0 35.0
obstacle
0.0243376363069
461.0 161.0 36.0 14.0
obstacle
0.0242555253208
311.0 103.0 106.0 29.0
obstacle
0.0241252910346
156.0 225.0 108.0 35.0
obstacle
0.0240802206099
75.0 178.0 40.0 19.0
obstacle
0.0240765362978
119.0 49.0 111.0 28.0
obstacle
0.0240137577057
0.0 156.0 128.0 27.0
obstacle
0.0239517465234
200.0 111.0 24.0 62.0
obstacle
0.0239476487041
254.0 188.0 220.0 53.0
obstacle
0.0238508824259
304.0 251.0 124.0 35.0
obstacle
0.0238125305623
351.0 83.0 30.0 68.0
obstacle
0.0237404350191
34.0 131.0 45.0 19.0
obstacle
0.0237118043005
151.0 98.0 120.0 35.0
obstacle
0.0236439779401
192.0 203.0 109.0 28.0
obstacle
0.0236050896347
80.0 132.0 35.0 18.0
obstacle
0.023548098281
194.0 33.0 267.0 59.0
obstacle
0.0235391128808
157.0 107.0 29.0 69.0
obstacle
0.0233666356653
187.0 138.0 48.0 15.0
obstacle
0.0232124663889
0.0 234.0 36.0 17.0
obstacle
0.0231509711593
244.0 93.0 239.0 52.0
obstacle
0.0230254009366
149.0 135.0 47.0 16.0
obstacle
0.0230161566287
36.0 107.0 44.0 16.0
obstacle
0.0228791795671
267.0 49.0 119.0 30.0
obstacle
0.0228601023555
380.0 3.0 50.0 17.0
obstacle
0.0228015687317
0.0 228.0 128.0 30.0
obstacle
0.0226861704141
274.0 105.0 104.0 29.0
obstacle
0.0226810257882
75.0 106.0 43.0 17.0
obstacle
0.0226433817297
305.0 73.0 117.0 34.0
obstacle
0.022631239146
386.0 113.0 31.0 56.0
obstacle
0.022614730522
231.0 162.0 34.0 12.0
obstacle
0.0224842689931
115.0 106.0 38.0 19.0
obstacle
0.0224591363221
338.0 233.0 55.0 19.0
obstacle
0.0224380735308
191.0 81.0 42.0 16.0
obstacle
0.0219518877566
152.0 81.0 40.0 16.0
obstacle
0.0217880532146
419.0 23.0 81.0 32.0
obstacle
0.0217455066741
344.0 56.0 41.0 17.0
obstacle
0.021738845855
268.0 80.0 40.0 18.0
obstacle
0.0215597394854
469.0 37.0 25.0 54.0
obstacle
0.0213860049844
0.0 131.0 38.0 18.0
obstacle
0.0213500689715
153.0 107.0 41.0 18.0
obstacle
0.02134834975
421.0 181.0 48.0 13.0
obstacle
0.0212639793754
183.0 54.0 52.0 17.0
obstacle
0.02121181041
302.0 56.0 47.0 17.0
obstacle
0.0210889987648
230.0 9.0 270.0 110.0
obstacle
0.0208579339087
310.0 31.0 31.0 66.0
obstacle
0.0208138357848
43.0 159.0 31.0 19.0
obstacle
0.0207106433809
349.0 202.0 112.0 29.0
obstacle
0.020677100867
227.0 81.0 45.0 17.0
obstacle
0.0206478554755
115.0 99.0 113.0 34.0
obstacle
0.0203847140074
101.0 87.0 143.0 111.0
obstacle
0.0203135181218
378.0 73.0 122.0 34.0
obstacle
0.0201412569731
347.0 59.0 34.0 61.0
obstacle
0.0201052259654
116.0 225.0 112.0 36.0
obstacle
0.020092273131
382.0 0.0 118.0 28.0
obstacle
0.0200463198125
0.0 3.0 428.0 122.0
obstacle
0.0200338829309
391.0 37.0 27.0 55.0
obstacle
0.0200248397887
309.0 83.0 31.0 66.0
obstacle
0.0200062114745
51.0 169.0 165.0 96.0
obstacle
0.0199846010655
0.0 253.0 118.0 30.0
obstacle
0.0198762919754
311.0 134.0 31.0 62.0
obstacle
0.0198457241058
241.0 152.0 99.0 29.0
obstacle
0.0197897721082
76.0 31.0 272.0 63.0
obstacle
0.0197298396379
32.0 201.0 129.0 30.0
obstacle
0.0196546800435
459.0 55.0 41.0 16.0
obstacle
0.0196384266019
0.0 216.0 200.0 52.0
obstacle
0.0195747818798
113.0 80.0 41.0 18.0
obstacle
0.0195411164314
300.0 259.0 52.0 17.0
obstacle
0.0195329487324
23.0 0.0 375.0 74.0
obstacle
0.0195010732859
347.0 209.0 34.0 68.0
obstacle
0.0194816309959
310.0 201.0 112.0 30.0
obstacle
0.0194629970938
235.0 211.0 261.0 63.0
obstacle
0.0194092467427
122.0 55.0 257.0 67.0
obstacle
0.0193056501448
122.0 187.0 250.0 55.0
obstacle
0.0192918609828
81.0 227.0 108.0 31.0
obstacle
0.0192366726696
0.0 174.0 244.0 136.0
obstacle
0.0191223863512
310.0 240.0 32.0 58.0
obstacle
0.0189648102969
344.0 143.0 156.0 96.0
obstacle
0.0188166294247
194.0 130.0 109.0 25.0
obstacle
0.0187821034342
6.0 48.0 103.0 32.0
obstacle
0.018772918731
461.0 82.0 39.0 16.0
obstacle
0.0186729505658
119.0 113.0 31.0 58.0
obstacle
0.0186375249177
188.0 107.0 46.0 17.0
obstacle
0.0186026152223
153.0 190.0 35.0 47.0
obstacle
0.018588097766
114.0 86.0 273.0 60.0
obstacle
0.0185666400939
0.0 257.0 40.0 21.0
obstacle
0.0184722747654
421.0 4.0 44.0 16.0
obstacle
0.0183474998921
459.0 31.0 41.0 16.0
obstacle
0.0182179175317
337.0 259.0 56.0 17.0
obstacle
0.0181724783033
103.0 229.0 63.0 23.0
obstacle
0.0181512963027
266.0 55.0 44.0 19.0
obstacle
0.0181260630488
82.0 115.0 31.0 54.0
obstacle
0.0181242153049
43.0 87.0 31.0 58.0
obstacle
0.0181190315634
0.0 58.0 266.0 115.0
obstacle
0.018117621541
239.0 238.0 251.0 60.0
obstacle
0.018116209656
225.0 252.0 129.0 34.0
obstacle
0.0179294962436
39.0 97.0 115.0 37.0
obstacle
0.0178932845592
156.0 82.0 32.0 68.0
obstacle
0.0177913233638
42.0 178.0 412.0 129.0
obstacle
0.0177684947848
227.0 103.0 120.0 28.0
obstacle
0.0177478734404
0.0 172.0 77.0 90.0
obstacle
0.0177394747734
426.0 58.0 36.0 64.0
obstacle
0.0177250280976
49.0 181.0 14.0 21.0
obstacle
0.0177087932825
351.0 36.0 28.0 56.0
obstacle
0.0176563803107
74.0 80.0 43.0 17.0
obstacle
0.0176263824105
0.0 0.0 201.0 76.0
obstacle
0.017554147169
233.0 61.0 33.0 59.0
obstacle
0.0175465214998
274.0 33.0 28.0 62.0
obstacle
0.0175166428089
337.0 206.0 56.0 19.0
obstacle
0.0175129342824
279.0 163.0 221.0 108.0
obstacle
0.0174387674779
2.0 113.0 25.0 58.0
obstacle
0.0173936542124
149.0 22.0 122.0 35.0
obstacle
0.0173892974854
246.0 56.0 237.0 67.0
obstacle
0.0173639431596
386.0 61.0 36.0 58.0
obstacle
0.0173582322896
176.0 208.0 324.0 122.0
obstacle
0.0173315517604
177.0 0.0 323.0 68.0
obstacle
0.0172632560134
79.0 98.0 109.0 35.0
obstacle
0.0172569286078
152.0 54.0 43.0 17.0
obstacle
0.0172461643815
0.0 74.0 127.0 137.0
obstacle
0.0171506237239
37.0 253.0 116.0 33.0
obstacle
0.0171206239611
195.0 9.0 31.0 61.0
obstacle
0.0171194821596
31.0 233.0 50.0 20.0
obstacle
0.0171179082245
270.0 106.0 37.0 17.0
obstacle
0.0170546360314
228.0 180.0 41.0 14.0
obstacle
0.0170529317111
115.0 210.0 37.0 63.0
obstacle
0.0170314814895
5.0 37.0 23.0 56.0
obstacle
0.01701839827
227.0 74.0 123.0 32.0
obstacle
0.0169466491789
469.0 11.0 25.0 55.0
obstacle
0.0169154815376
156.0 237.0 33.0 63.0
obstacle
0.0169094875455
1.0 0.0 28.0 45.0
obstacle
0.0168550983071
146.0 258.0 53.0 20.0
obstacle
0.0168374143541
187.0 179.0 47.0 15.0
obstacle
0.0168155543506
7.0 236.0 253.0 64.0
obstacle
0.016782283783
198.0 49.0 103.0 30.0
obstacle
0.0167261641473
108.0 259.0 52.0 19.0
obstacle
0.0166454035789
466.0 61.0 31.0 57.0
obstacle
0.0166334435344
0.0 0.0 115.0 31.0
obstacle
0.0166294500232
298.0 233.0 58.0 19.0
obstacle
0.0166261009872
234.0 85.0 30.0 63.0
obstacle
0.0166046079248
150.0 233.0 50.0 17.0
obstacle
0.0165616329759
467.0 243.0 27.0 53.0
obstacle
0.0165479704738
154.0 71.0 116.0 38.0
obstacle
0.0164802428335
4.0 217.0 29.0 52.0
obstacle
0.0164622478187
208.0 95.0 162.0 99.0
obstacle
0.0164209417999
228.0 209.0 42.0 15.0
obstacle
0.0163653735071
0.0 113.0 196.0 59.0
obstacle
0.0163499955088
347.0 133.0 31.0 61.0
obstacle
0.0163499303162
80.0 86.0 30.0 60.0
obstacle
0.0163480564952
305.0 181.0 48.0 17.0
obstacle
0.0163316633552
75.0 252.0 120.0 31.0
obstacle
0.016270102933
195.0 81.0 31.0 70.0
obstacle
0.0162591002882
383.0 109.0 40.0 15.0
obstacle
0.016238162294
376.0 181.0 56.0 16.0
obstacle
0.016235999763
264.0 22.0 125.0 34.0
obstacle
0.016206856817
263.0 259.0 54.0 19.0
obstacle
0.0162023473531
271.0 59.0 32.0 62.0
obstacle
0.0161740034819
387.0 0.0 30.0 44.0
obstacle
0.0161727238446
460.0 259.0 40.0 18.0
obstacle
0.0161398760974
42.0 232.0 31.0 73.0
obstacle
0.0161373578012
346.0 239.0 36.0 58.0
obstacle
0.016113249585
467.0 165.0 24.0 51.0
obstacle
0.0160955805331
110.0 253.0 127.0 32.0
obstacle
0.0160842482001
147.0 303.0 130.0 30.0
obstacle
0.0160804409534
228.0 106.0 44.0 17.0
obstacle
0.016041688621
195.0 141.0 32.0 50.0
obstacle
0.0160400792956
309.0 58.0 33.0 62.0
obstacle
0.0159877184778
37.0 213.0 36.0 53.0
obstacle
0.0159556381404
419.0 100.0 81.0 33.0
obstacle
0.0159030146897
461.0 312.0 37.0 19.0
obstacle
0.0158905163407
119.0 35.0 30.0 58.0
obstacle
0.0158120729029
465.0 0.0 29.0 43.0
obstacle
0.0157813951373
309.0 107.0 38.0 16.0
obstacle
0.0157689265907
195.0 73.0 110.0 34.0
obstacle
0.0157580021769
0.0 3.0 41.0 18.0
obstacle
0.0157518349588
303.0 208.0 51.0 18.0
obstacle
0.0157013181597
187.0 30.0 46.0 18.0
obstacle
0.0156678706408
270.0 203.0 117.0 28.0
obstacle
0.0155852800235
77.0 49.0 116.0 30.0
obstacle
0.0155625604093
379.0 133.0 112.0 26.0
obstacle
0.0155595969409
196.0 60.0 31.0 58.0
obstacle
0.0154962800443
174.0 129.0 146.0 123.0
obstacle
0.0154395047575
230.0 0.0 36.0 48.0
obstacle
0.0153852328658
40.0 49.0 112.0 30.0
obstacle
0.0153789324686
383.0 200.0 116.0 33.0
obstacle
0.0153637481853
74.0 215.0 39.0 53.0
obstacle
0.0153625467792
377.0 208.0 53.0 17.0
obstacle
0.0153448302299
309.0 0.0 32.0 47.0
obstacle
0.0153355728835
457.0 108.0 43.0 17.0
obstacle
0.0152922291309
0.0 56.0 34.0 16.0
obstacle
0.0152882514521
235.0 109.0 29.0 67.0
obstacle
0.0152782537043
113.0 163.0 39.0 53.0
obstacle
0.0152277117595
273.0 239.0 31.0 60.0
obstacle
0.0152203524485
161.0 37.0 26.0 53.0
obstacle
0.0151555621997
262.0 0.0 130.0 31.0
obstacle
0.0151070933789
191.0 22.0 117.0 33.0
obstacle
0.0150848114863
191.0 211.0 35.0 60.0
