obstacle
0.543864548206
193.0 148.0 38.0 47.0
obstacle
0.518091142178
157.0 155.0 100.0 77.0
obstacle
0.498978227377
124.0 184.0 106.0 59.0
obstacle
0.476457268
135.0 170.0 143.0 85.0
obstacle
0.297937124968
68.0 197.0 218.0 37.0
obstacle
0.177364870906
94.0 179.0 162.0 39.0
obstacle
0.165240630507
195.0 157.0 35.0 23.0
obstacle
0.153217643499
156.0 149.0 39.0 42.0
obstacle
0.133854880929
151.0 146.0 120.0 46.0
obstacle
0.0911017730832
187.0 161.0 44.0 55.0
obstacle
0.0869437009096
135.0 124.0 84.0 93.0
obstacle
0.0864597931504
127.0 194.0 232.0 42.0
obstacle
0.0818549543619
222.0 146.0 40.0 50.0
obstacle
0.0703772306442
157.0 158.0 34.0 18.0
obstacle
0.0700421631336
198.0 119.0 27.0 56.0
obstacle
0.0659220442176
152.0 163.0 41.0 55.0
obstacle
0.0554826073349
110.0 153.0 271.0 128.0
obstacle
0.0501243807375
186.0 135.0 109.0 113.0
obstacle
0.0493305586278
118.0 158.0 41.0 18.0
obstacle
0.0463181100786
110.0 171.0 268.0 50.0
obstacle
0.0457490086555
146.0 227.0 130.0 22.0
obstacle
0.0456493012607
78.0 150.0 123.0 35.0
obstacle
0.0453813299537
132.0 210.0 156.0 53.0
obstacle
0.0426992401481
148.0 206.0 49.0 22.0
obstacle
0.0411581769586
121.0 146.0 35.0 49.0
obstacle
0.0408340208232
230.0 164.0 33.0 53.0
obstacle
0.0401217900217
109.0 225.0 129.0 29.0
obstacle
0.0346987843513
191.0 228.0 107.0 25.0
obstacle
0.0338212363422
87.0 187.0 108.0 59.0
obstacle
0.0331328175962
29.0 140.0 209.0 53.0
obstacle
0.0327127575874
234.0 118.0 30.0 54.0
obstacle
0.0323108844459
0.0 183.0 354.0 118.0
obstacle
0.0315096639097
200.0 136.0 27.0 17.0
obstacle
0.0310776010156
155.0 182.0 43.0 27.0
obstacle
0.0307406242937
158.0 99.0 107.0 33.0
obstacle
0.0305444970727
182.0 179.0 114.0 34.0
obstacle
0.0301344450563
176.0 204.0 65.0 22.0
obstacle
0.0300805643201
0.0 103.0 317.0 130.0
obstacle
0.0294393990189
184.0 179.0 52.0 23.0
obstacle
0.0289233047515
144.0 125.0 137.0 37.0
obstacle
0.0283593945205
85.0 127.0 108.0 85.0
obstacle
0.0278254169971
227.0 122.0 121.0 39.0
obstacle
0.0271933991462
189.0 108.0 42.0 18.0
obstacle
0.026578322053
116.0 99.0 115.0 33.0
obstacle
0.026490394026
205.0 158.0 12.0 18.0
obstacle
0.0264824014157
100.0 196.0 149.0 87.0
obstacle
0.0258893631399
193.0 99.0 112.0 33.0
obstacle
0.025737978518
120.0 213.0 28.0 55.0
obstacle
0.0255866833031
90.0 227.0 95.0 28.0
obstacle
0.0254040397704
71.0 158.0 51.0 17.0
obstacle
0.0253808628768
150.0 107.0 45.0 19.0
obstacle
0.0251070745289
165.0 93.0 96.0 101.0
obstacle
0.0248870383948
196.0 83.0 30.0 68.0
obstacle
0.0248508322984
1.0 149.0 113.0 36.0
obstacle
0.0248358193785
231.0 184.0 31.0 61.0
obstacle
0.0248139575124
43.0 135.0 29.0 63.0
obstacle
0.0240559559315
180.0 198.0 125.0 38.0
obstacle
0.023955296725
187.0 151.0 122.0 37.0
obstacle
0.0238389689475
274.0 109.0 30.0 65.0
obstacle
0.0238309111446
110.0 107.0 47.0 17.0
obstacle
0.0236609764397
90.0 178.0 103.0 30.0
obstacle
0.0235118921846
229.0 109.0 41.0 15.0
obstacle
0.0227904822677
122.0 131.0 378.0 123.0
obstacle
0.022757133469
188.0 181.0 40.0 62.0
obstacle
0.0227413848042
149.0 188.0 43.0 53.0
obstacle
0.022490946576
127.0 185.0 24.0 15.0
obstacle
0.0224896874279
118.0 234.0 35.0 14.0
obstacle
0.0224748849869
387.0 99.0 109.0 32.0
obstacle
0.021957160905
224.0 233.0 44.0 15.0
obstacle
0.0216848924756
32.0 147.0 132.0 41.0
obstacle
0.0211783070117
272.0 139.0 26.0 56.0
obstacle
0.0211018640548
235.0 87.0 30.0 60.0
obstacle
0.0210890751332
0.0 64.0 368.0 104.0
obstacle
0.0210444629192
76.0 125.0 120.0 33.0
obstacle
0.0208849348128
88.0 140.0 243.0 59.0
obstacle
0.0208502747118
126.0 175.0 24.0 36.0
obstacle
0.0204325970262
148.0 232.0 48.0 15.0
obstacle
0.0204173941165
269.0 133.0 36.0 17.0
obstacle
0.0201285071671
105.0 47.0 138.0 139.0
obstacle
0.0200086086988
109.0 47.0 129.0 34.0
obstacle
0.0199538376182
31.0 32.0 282.0 63.0
obstacle
0.0198359135538
156.0 86.0 33.0 60.0
obstacle
0.0197552442551
37.0 84.0 274.0 62.0
obstacle
0.0197020191699
159.0 118.0 28.0 55.0
obstacle
0.0196165833622
110.0 72.0 125.0 37.0
obstacle
0.0195994284004
88.0 77.0 401.0 128.0
obstacle
0.0194484442472
0.0 6.0 331.0 117.0
obstacle
0.0193889439106
3.0 175.0 110.0 35.0
obstacle
0.0193009749055
234.0 135.0 31.0 15.0
obstacle
0.0191372297704
168.0 109.0 240.0 64.0
obstacle
0.0190809350461
278.0 166.0 20.0 48.0
obstacle
0.0188620444387
157.0 57.0 32.0 65.0
obstacle
0.0187967680395
122.0 253.0 104.0 29.0
obstacle
0.0186270531267
185.0 72.0 128.0 36.0
obstacle
0.0183622967452
0.0 169.0 219.0 48.0
obstacle
0.018359683454
0.0 0.0 237.0 78.0
obstacle
0.0181251820177
187.0 232.0 44.0 16.0
obstacle
0.01811950095
195.0 90.0 107.0 106.0
obstacle
0.0181159302592
42.0 232.0 337.0 101.0
obstacle
0.0180859044194
81.0 85.0 28.0 60.0
obstacle
0.017985465005
53.0 0.0 393.0 75.0
obstacle
0.0179377775639
318.0 85.0 182.0 59.0
obstacle
0.0178376026452
145.0 32.0 286.0 63.0
obstacle
0.0178317110986
37.0 124.0 121.0 35.0
obstacle
0.0177482087165
118.0 88.0 32.0 56.0
obstacle
0.0177397858351
309.0 105.0 35.0 73.0
obstacle
0.0177384968847
145.0 53.0 56.0 21.0
obstacle
0.0175327584147
112.0 134.0 43.0 15.0
obstacle
0.0174919422716
70.0 105.0 48.0 18.0
obstacle
0.0174632109702
154.0 28.0 35.0 72.0
obstacle
0.0174452885985
147.0 80.0 50.0 20.0
obstacle
0.0174249522388
27.0 156.0 57.0 20.0
obstacle
0.0174189843237
273.0 86.0 30.0 61.0
obstacle
0.0174078121781
35.0 99.0 124.0 33.0
obstacle
0.0173630267382
381.0 73.0 119.0 34.0
obstacle
0.0173368435353
0.0 201.0 123.0 36.0
obstacle
0.0173075143248
0.0 234.0 35.0 16.0
obstacle
0.017305014655
164.0 157.0 12.0 20.0
obstacle
0.0172197856009
41.0 111.0 31.0 62.0
obstacle
0.01718910411
274.0 201.0 106.0 34.0
obstacle
0.0171618312597
348.0 187.0 32.0 62.0
obstacle
0.0170005559921
116.0 115.0 33.0 56.0
obstacle
0.0169757176191
80.0 136.0 32.0 63.0
obstacle
0.0169727876782
386.0 0.0 110.0 30.0
obstacle
0.0169703364372
233.0 55.0 33.0 69.0
obstacle
0.0169408880174
42.0 160.0 31.0 64.0
obstacle
0.0168533995748
41.0 60.0 263.0 59.0
obstacle
0.016829688102
0.0 73.0 120.0 34.0
obstacle
0.0168252810836
266.0 151.0 122.0 33.0
obstacle
0.0168053731322
144.0 256.0 57.0 20.0
obstacle
0.0167995803058
223.0 80.0 53.0 19.0
obstacle
0.0167499929667
150.0 253.0 120.0 31.0
obstacle
0.016722669825
117.0 55.0 33.0 69.0
obstacle
0.0166449826211
272.0 56.0 32.0 69.0
obstacle
0.0166242346168
387.0 85.0 32.0 61.0
obstacle
0.0165822338313
54.0 30.0 394.0 121.0
obstacle
0.0165809690952
6.0 123.0 106.0 38.0
obstacle
0.0165334679186
468.0 61.0 26.0 59.0
obstacle
0.0164669901133
342.0 125.0 126.0 34.0
obstacle
0.0164667088538
183.0 187.0 283.0 59.0
obstacle
0.0164298918098
120.0 192.0 28.0 46.0
obstacle
0.0163978319615
156.0 136.0 34.0 17.0
obstacle
0.0163260102272
233.0 216.0 34.0 50.0
obstacle
0.0163007061929
427.0 85.0 31.0 60.0
obstacle
0.0162821467966
270.0 29.0 34.0 70.0
obstacle
0.0162748936564
271.0 160.0 32.0 15.0
obstacle
0.0162202082574
149.0 277.0 125.0 37.0
obstacle
0.0162118654698
232.0 150.0 110.0 34.0
obstacle
0.0161854010075
196.0 57.0 31.0 66.0
obstacle
0.0160613488406
182.0 48.0 136.0 32.0
obstacle
0.0160487797111
193.0 29.0 34.0 71.0
obstacle
0.0159568618983
311.0 185.0 30.0 64.0
obstacle
0.0159234665334
115.0 29.0 36.0 70.0
obstacle
0.0158245004714
85.0 240.0 249.0 54.0
obstacle
0.0158134624362
29.0 182.0 57.0 20.0
obstacle
0.0158107336611
108.0 3.0 53.0 17.0
obstacle
0.0157858226448
146.0 3.0 54.0 17.0
obstacle
0.0157377757132
194.0 5.0 32.0 67.0
obstacle
0.015711510554
233.0 5.0 31.0 66.0
obstacle
0.0156180076301
219.0 0.0 281.0 78.0
obstacle
0.0156072163954
122.0 127.0 105.0 34.0
obstacle
0.0155812473968
272.0 6.0 30.0 65.0
obstacle
0.0155468098819
43.0 229.0 107.0 25.0
obstacle
0.0155369518325
302.0 131.0 46.0 19.0
obstacle
0.0154868038371
231.0 30.0 35.0 69.0
obstacle
0.0153781697154
183.0 53.0 57.0 21.0
obstacle
0.0153447510675
152.0 214.0 35.0 51.0
obstacle
0.0153402723372
308.0 29.0 34.0 71.0
obstacle
0.0153280207887
30.0 132.0 51.0 18.0
obstacle
0.0153235634789
183.0 257.0 54.0 20.0
obstacle
0.0152898179367
266.0 107.0 40.0 16.0
obstacle
0.0152810178697
117.0 0.0 32.0 47.0
obstacle
0.015280071646
186.0 81.0 50.0 18.0
obstacle
0.0152751151472
107.0 53.0 55.0 20.0
obstacle
0.0152723034844
185.0 3.0 52.0 17.0
obstacle
0.015251991339
467.0 112.0 26.0 58.0
obstacle
0.0151526015252
311.0 58.0 31.0 64.0
obstacle
0.0151506727561
32.0 47.0 129.0 34.0
obstacle
0.0151397697628
154.0 0.0 34.0 47.0
obstacle
0.0151083348319
467.0 162.0 28.0 60.0
obstacle
0.015093983151
0.0 227.0 119.0 33.0
obstacle
0.0150790158659
219.0 81.0 136.0 123.0
obstacle
0.015078577213
270.0 176.0 112.0 33.0
obstacle
0.015016194433
1.0 0.0 112.0 30.0
obstacle
0.0150068001822
459.0 81.0 41.0 18.0
obstacle
0.0149711156264
419.0 252.0 81.0 36.0
obstacle
0.0149648832157
71.0 3.0 50.0 17.0
obstacle
0.0149200214073
32.0 0.0 283.0 44.0
obstacle
0.0149078117684
146.0 21.0 132.0 34.0
obstacle
0.014898669906
201.0 104.0 17.0 24.0
obstacle
0.0148654310033
93.0 2.0 160.0 124.0
obstacle
0.0148591334
342.0 132.0 46.0 17.0
obstacle
0.0148456646129
260.0 73.0 132.0 34.0
obstacle
0.0147637538612
347.0 0.0 33.0 48.0
obstacle
0.0147588588297
340.0 3.0 49.0 16.0
obstacle
0.0147494021803
0.0 112.0 215.0 57.0
obstacle
0.014741207473
263.0 48.0 128.0 31.0
obstacle
0.0147276287898
461.0 260.0 39.0 19.0
obstacle
0.0147014157847
379.0 106.0 47.0 18.0
obstacle
0.0146952085197
2.0 98.0 112.0 36.0
obstacle
0.0146933495998
42.0 179.0 30.0 78.0
obstacle
0.0146902957931
349.0 110.0 32.0 62.0
obstacle
0.0146142058074
223.0 53.0 54.0 21.0
obstacle
0.0146060474217
28.0 216.0 217.0 50.0
obstacle
0.0146050211042
36.0 179.0 126.0 28.0
obstacle
0.0145886968821
233.0 160.0 23.0 16.0
obstacle
0.0145529545844
72.0 0.0 125.0 32.0
obstacle
0.0145305497572
127.0 7.0 373.0 114.0
obstacle
0.0145171424374
261.0 53.0 55.0 20.0
obstacle
0.0145076960325
314.0 160.0 28.0 64.0
obstacle
0.0144912870601
344.0 0.0 119.0 31.0
obstacle
0.0144891310483
263.0 79.0 50.0 21.0
obstacle
0.0144835533574
311.0 7.0 30.0 63.0
obstacle
0.0144790038466
0.0 4.0 40.0 17.0
obstacle
0.0143985431641
31.0 234.0 52.0 18.0
obstacle
0.014380431734
311.0 132.0 31.0 69.0
obstacle
0.0143240941688
273.0 227.0 109.0 32.0
obstacle
0.0142943793908
223.0 3.0 53.0 17.0
obstacle
0.014273962006
348.0 30.0 31.0 69.0
obstacle
0.0142710441723
188.0 304.0 125.0 29.0
obstacle
0.0142108211294
340.0 148.0 129.0 37.0
obstacle
0.0142042823136
387.0 30.0 31.0 69.0
obstacle
0.0142007693648
150.0 0.0 123.0 31.0
obstacle
0.0141820851713
195.0 264.0 31.0 60.0
obstacle
0.0141767086461
419.0 125.0 81.0 33.0
obstacle
0.0141085721552
340.0 208.0 49.0 19.0
obstacle
0.0141016058624
163.0 103.0 17.0 28.0
obstacle
0.0140963755548
460.0 183.0 40.0 18.0
obstacle
0.0140946879983
300.0 3.0 52.0 17.0
obstacle
0.0140941943973
382.0 201.0 118.0 35.0
obstacle
0.0140397846699
68.0 21.0 133.0 34.0
obstacle
0.0140334619209
31.0 3.0 53.0 17.0
obstacle
0.0140162417665
426.0 56.0 31.0 68.0
obstacle
0.0140042165294
258.0 302.0 140.0 31.0
obstacle
0.0139916213229
184.0 28.0 55.0 19.0
obstacle
0.013988413848
232.0 104.0 265.0 72.0
obstacle
0.0139741525054
79.0 54.0 32.0 70.0
obstacle
0.0139653738588
24.0 110.0 147.0 113.0
obstacle
0.0139633277431
388.0 111.0 31.0 61.0
obstacle
0.0139535404742
304.0 150.0 124.0 33.0
obstacle
0.0139280594885
350.0 86.0 31.0 59.0
obstacle
0.0139155741781
145.0 185.0 355.0 117.0
obstacle
0.0139121990651
378.0 3.0 49.0 16.0
obstacle
0.0138964168727
185.0 284.0 52.0 20.0
obstacle
0.0138935381547
72.0 134.0 46.0 16.0
obstacle
0.0138782029971
379.0 151.0 121.0 32.0
obstacle
0.0138769028708
349.0 57.0 31.0 66.0
obstacle
0.0138704227284
79.0 0.0 31.0 46.0
obstacle
0.0138345528394
127.0 156.0 14.0 22.0
obstacle
0.0138284126297
466.0 31.0 27.0 66.0
obstacle
0.0138160130009
264.0 100.0 125.0 30.0
obstacle
0.013762794435
223.0 21.0 131.0 34.0
obstacle
0.0137441093102
81.0 109.0 28.0 65.0
obstacle
0.0137201631442
261.0 3.0 53.0 17.0
obstacle
0.0136827388778
466.0 239.0 29.0 61.0
obstacle
0.0136782769114
43.0 83.0 27.0 65.0
obstacle
0.0136630227789
161.0 57.0 254.0 64.0
obstacle
0.0136352563277
384.0 48.0 116.0 31.0
obstacle
0.0136261507869
107.0 80.0 53.0 20.0
obstacle
0.013592117466
303.0 235.0 52.0 15.0
obstacle
0.01358398702
378.0 155.0 49.0 20.0
obstacle
0.0135410856456
193.0 163.0 263.0 58.0
obstacle
0.0135245975107
0.0 21.0 115.0 34.0
obstacle
0.0135111287236
146.0 0.0 286.0 44.0
obstacle
0.013506071642
266.0 0.0 121.0 31.0
obstacle
0.0134976599365
223.0 28.0 54.0 19.0
obstacle
0.0134867634624
419.0 107.0 44.0 17.0
obstacle
0.0134750157595
459.0 3.0 41.0 16.0
obstacle
0.0134409395978
0.0 305.0 119.0 28.0
obstacle
0.0133978761733
349.0 213.0 31.0 61.0
obstacle
0.0133873801678
165.0 140.0 244.0 53.0
obstacle
0.013380466029
344.0 47.0 120.0 33.0
obstacle
0.0133795272559
388.0 134.0 31.0 65.0
obstacle
0.0133349886164
3.0 0.0 27.0 44.0
obstacle
0.0133287608624
262.0 28.0 53.0 19.0
obstacle
0.0133086172864
341.0 258.0 50.0 19.0
obstacle
0.0132681811228
264.0 135.0 236.0 61.0
obstacle
0.0132342800498
171.0 21.0 156.0 137.0
obstacle
0.0132164163515
122.0 208.0 29.0 16.0
obstacle
0.0132071245462
148.0 87.0 279.0 55.0
obstacle
0.013203645125
245.0 29.0 255.0 123.0
obstacle
0.0131898345426
300.0 21.0 131.0 34.0
obstacle
0.0131875658408
113.0 298.0 276.0 35.0
obstacle
0.013147668913
346.0 174.0 117.0 36.0
obstacle
0.0131367156282
257.0 32.0 243.0 62.0
obstacle
0.0131264533848
417.0 175.0 83.0 35.0
obstacle
0.0131166568026
468.0 188.0 28.0 59.0
obstacle
0.013108660467
349.0 293.0 28.0 40.0
obstacle
0.0130942119285
468.0 5.0 25.0 66.0
obstacle
0.0130644226447
462.0 313.0 37.0 17.0
obstacle
0.0130504658446
468.0 139.0 27.0 56.0
obstacle
0.01300359983
304.0 251.0 123.0 37.0
obstacle
0.0129807051271
66.0 305.0 138.0 28.0
obstacle
0.0129599971697
242.0 104.0 15.0 24.0
obstacle
0.0129572656006
108.0 28.0 54.0 19.0
obstacle
0.0129414033145
264.0 252.0 125.0 35.0
obstacle
0.0129387853667
273.0 0.0 227.0 42.0
obstacle
0.0129263605922
349.0 134.0 32.0 66.0
obstacle
0.0128999734297
353.0 236.0 147.0 65.0
obstacle
0.0128968693316
299.0 54.0 55.0 19.0
