obstacle
0.529839038849
284.0 146.0 70.0 83.0
obstacle
0.396827727556
253.0 157.0 81.0 61.0
obstacle
0.361844837666
237.0 139.0 106.0 67.0
obstacle
0.320759981871
212.0 157.0 85.0 32.0
obstacle
0.262028187513
8.0 70.0 21.0 36.0
obstacle
0.238203942776
264.0 168.0 55.0 42.0
obstacle
0.230143755674
205.0 142.0 101.0 58.0
obstacle
0.202922552824
6.0 82.0 29.0 16.0
obstacle
0.196757256985
194.0 172.0 184.0 35.0
obstacle
0.18450731039
269.0 166.0 101.0 48.0
obstacle
0.159861043096
29.0 80.0 45.0 19.0
obstacle
0.157902404666
11.0 79.0 81.0 27.0
obstacle
0.151886790991
297.0 151.0 50.0 41.0
obstacle
0.111992299557
0.0 69.0 177.0 45.0
obstacle
0.108395114541
258.0 152.0 135.0 42.0
obstacle
0.0999194681644
7.0 91.0 17.0 41.0
obstacle
0.0931424200535
0.0 31.0 110.0 117.0
obstacle
0.0919373333454
46.0 65.0 25.0 44.0
obstacle
0.0898403674364
46.0 32.0 26.0 71.0
obstacle
0.0868706256151
0.0 104.0 108.0 21.0
obstacle
0.0866220667958
233.0 163.0 40.0 16.0
obstacle
0.0841552168131
202.0 164.0 111.0 52.0
obstacle
0.0818035155535
6.0 32.0 25.0 69.0
obstacle
0.0795677304268
313.0 124.0 24.0 44.0
obstacle
0.0782112032175
273.0 188.0 36.0 44.0
obstacle
0.0764183625579
317.0 140.0 23.0 13.0
obstacle
0.0666975900531
270.0 126.0 33.0 38.0
obstacle
0.0638613328338
269.0 150.0 40.0 39.0
obstacle
0.0607901513577
293.0 132.0 126.0 113.0
obstacle
0.0593875274062
32.0 59.0 50.0 17.0
obstacle
0.0578366294503
0.0 35.0 218.0 114.0
obstacle
0.0575439780951
0.0 90.0 156.0 45.0
obstacle
0.0572485551238
169.0 156.0 106.0 27.0
obstacle
0.0540591590106
2.0 105.0 33.0 13.0
obstacle
0.0540087148547
238.0 201.0 107.0 25.0
obstacle
0.0539756081998
346.0 152.0 30.0 37.0
obstacle
0.0534179247916
275.0 132.0 107.0 28.0
obstacle
0.0524531118572
3.0 58.0 31.0 17.0
obstacle
0.0514307618141
44.0 88.0 26.0 43.0
obstacle
0.0506276227534
30.0 102.0 42.0 16.0
obstacle
0.0475672855973
238.0 170.0 111.0 85.0
obstacle
0.0460872203112
0.0 132.0 37.0 15.0
obstacle
0.0452922955155
75.0 84.0 33.0 15.0
obstacle
0.0441623479128
304.0 175.0 109.0 32.0
obstacle
0.04145110026
0.0 52.0 75.0 30.0
obstacle
0.0408520922065
14.0 81.0 7.0 18.0
obstacle
0.0380573309958
346.0 112.0 36.0 65.0
obstacle
0.0377974957228
229.0 147.0 39.0 40.0
obstacle
0.0365992262959
0.0 116.0 174.0 45.0
obstacle
0.03589297086
26.0 128.0 56.0 19.0
obstacle
0.0356493927538
3.0 126.0 105.0 28.0
obstacle
0.0354376882315
87.0 89.0 23.0 46.0
obstacle
0.034962233156
230.0 108.0 39.0 16.0
obstacle
0.0337030515075
202.0 128.0 240.0 132.0
obstacle
0.0334516875446
317.0 159.0 23.0 19.0
obstacle
0.0331538245082
173.0 192.0 227.0 40.0
obstacle
0.0326223038137
269.0 175.0 41.0 27.0
obstacle
0.0324958153069
279.0 137.0 22.0 15.0
obstacle
0.0318752862513
235.0 91.0 28.0 52.0
obstacle
0.031789008528
271.0 110.0 37.0 15.0
obstacle
0.0309785734862
307.0 127.0 114.0 33.0
obstacle
0.0309263188392
0.0 14.0 75.0 106.0
obstacle
0.0308215841651
85.0 32.0 23.0 68.0
obstacle
0.0306415949017
263.0 158.0 123.0 110.0
obstacle
0.0303641650826
75.0 105.0 36.0 15.0
obstacle
0.0298300422728
0.0 33.0 195.0 64.0
obstacle
0.0297210421413
225.0 100.0 123.0 32.0
obstacle
0.0296645052731
268.0 203.0 41.0 18.0
obstacle
0.029511032626
155.0 208.0 41.0 19.0
obstacle
0.0294320080429
44.0 114.0 28.0 48.0
obstacle
0.0292713847011
5.0 121.0 22.0 37.0
obstacle
0.0292400531471
314.0 156.0 88.0 27.0
obstacle
0.0291473586112
240.0 115.0 252.0 59.0
obstacle
0.0291156135499
84.0 65.0 26.0 50.0
obstacle
0.0287545975298
196.0 88.0 29.0 57.0
obstacle
0.0286504998803
299.0 171.0 45.0 31.0
obstacle
0.0285123344511
236.0 125.0 26.0 39.0
obstacle
0.0284738037735
265.0 143.0 235.0 49.0
obstacle
0.0280893743038
3.0 5.0 28.0 71.0
obstacle
0.0278069172055
82.0 1.0 27.0 77.0
obstacle
0.0277198590338
279.0 158.0 25.0 19.0
obstacle
0.0276150349528
6.0 21.0 98.0 37.0
obstacle
0.0275807287544
42.0 5.0 26.0 72.0
obstacle
0.0275057125837
0.0 7.0 366.0 117.0
obstacle
0.0272658243775
194.0 130.0 115.0 31.0
obstacle
0.0269159339368
204.0 162.0 26.0 13.0
obstacle
0.0268631204963
339.0 169.0 38.0 40.0
obstacle
0.026643788442
239.0 139.0 24.0 12.0
obstacle
0.0265749916434
155.0 189.0 33.0 59.0
obstacle
0.0265098977834
208.0 85.0 292.0 118.0
obstacle
0.0264916010201
91.0 140.0 393.0 154.0
obstacle
0.0263317879289
310.0 109.0 36.0 15.0
obstacle
0.0258250273764
272.0 92.0 31.0 51.0
obstacle
0.0256920978427
241.0 132.0 97.0 27.0
obstacle
0.0256703235209
0.0 226.0 117.0 35.0
obstacle
0.0256652701646
347.0 152.0 105.0 30.0
obstacle
0.0247878320515
282.0 166.0 218.0 48.0
obstacle
0.0246107541025
158.0 84.0 30.0 63.0
obstacle
0.0242929700762
306.0 188.0 37.0 46.0
obstacle
0.0239431280643
2.0 249.0 110.0 41.0
obstacle
0.0238138921559
191.0 107.0 41.0 16.0
obstacle
0.023806668818
230.0 161.0 40.0 50.0
obstacle
0.0236389543861
273.0 102.0 108.0 30.0
obstacle
0.0235027056187
73.0 234.0 47.0 18.0
obstacle
0.0233759935945
72.0 131.0 46.0 17.0
obstacle
0.0233258828521
33.0 234.0 47.0 18.0
obstacle
0.0233062114567
42.0 78.0 100.0 27.0
obstacle
0.0231853611767
355.0 176.0 91.0 33.0
obstacle
0.0231726076454
76.0 46.0 111.0 36.0
obstacle
0.0231411214918
0.0 59.0 356.0 112.0
obstacle
0.0228986851871
120.0 82.0 28.0 65.0
obstacle
0.0227708164603
45.0 22.0 100.0 34.0
obstacle
0.0227123517543
341.0 125.0 125.0 33.0
obstacle
0.0220477357507
110.0 82.0 46.0 15.0
obstacle
0.0220381356776
153.0 131.0 129.0 78.0
obstacle
0.0219972766936
389.0 142.0 27.0 52.0
obstacle
0.0219390839338
0.0 305.0 122.0 28.0
obstacle
0.0218935441226
11.0 51.0 10.0 26.0
obstacle
0.0217112861574
0.0 277.0 121.0 36.0
obstacle
0.0216624736786
150.0 107.0 43.0 16.0
obstacle
0.0216430351138
47.0 122.0 96.0 36.0
obstacle
0.0213968157768
313.0 91.0 28.0 53.0
obstacle
0.02138771303
117.0 30.0 34.0 69.0
obstacle
0.0213228017092
41.0 234.0 34.0 71.0
obstacle
0.0212394706905
50.0 121.0 324.0 99.0
obstacle
0.0212341248989
115.0 106.0 38.0 16.0
obstacle
0.0211304239929
168.0 83.0 241.0 67.0
obstacle
0.0210879575461
71.0 312.0 50.0 18.0
obstacle
0.0210528429598
349.0 136.0 33.0 14.0
obstacle
0.020743560046
235.0 180.0 35.0 17.0
obstacle
0.0207334887236
30.0 258.0 54.0 21.0
obstacle
0.0206689089537
110.0 201.0 130.0 34.0
obstacle
0.0206354707479
79.0 57.0 37.0 16.0
obstacle
0.0204381104559
110.0 55.0 49.0 19.0
obstacle
0.0204342324287
42.0 102.0 102.0 26.0
obstacle
0.0203751623631
390.0 100.0 104.0 29.0
obstacle
0.0203273110092
86.0 111.0 25.0 53.0
obstacle
0.0202065166086
308.0 102.0 114.0 29.0
obstacle
0.0201286580414
45.0 49.0 97.0 31.0
obstacle
0.0200962852687
267.0 83.0 43.0 16.0
obstacle
0.0199843458831
75.0 303.0 121.0 30.0
obstacle
0.0199727583677
250.0 88.0 77.0 114.0
obstacle
0.0198928918689
0.0 201.0 119.0 35.0
obstacle
0.0198901370168
201.0 149.0 25.0 36.0
obstacle
0.0198534484953
41.0 212.0 33.0 63.0
obstacle
0.0197804812342
0.0 0.0 113.0 32.0
obstacle
0.0197109561414
226.0 82.0 46.0 17.0
obstacle
0.0196551904082
0.0 296.0 222.0 37.0
obstacle
0.019499739632
240.0 104.0 15.0 23.0
obstacle
0.0194987244904
119.0 58.0 30.0 63.0
obstacle
0.0194915235043
47.0 187.0 252.0 63.0
obstacle
0.0194472596049
69.0 75.0 125.0 31.0
obstacle
0.0193909145892
0.0 33.0 40.0 14.0
obstacle
0.0193302109838
0.0 157.0 35.0 18.0
obstacle
0.0192925594747
390.0 106.0 27.0 73.0
obstacle
0.0192101132125
342.0 101.0 123.0 30.0
obstacle
0.0192075874656
265.0 89.0 126.0 113.0
obstacle
0.0192015375942
236.0 189.0 28.0 49.0
obstacle
0.0190681219101
72.0 285.0 49.0 19.0
obstacle
0.0190680213273
74.0 3.0 46.0 16.0
obstacle
0.0189169961959
383.0 134.0 40.0 15.0
obstacle
0.0189084801823
296.0 303.0 140.0 30.0
obstacle
0.0187044236809
0.0 138.0 314.0 108.0
obstacle
0.018647428602
195.0 172.0 118.0 86.0
obstacle
0.0185915436596
197.0 135.0 29.0 13.0
obstacle
0.0185627713799
34.0 311.0 48.0 20.0
obstacle
0.0184974819422
74.0 227.0 122.0 33.0
obstacle
0.0184218510985
37.0 0.0 117.0 100.0
obstacle
0.0184202473611
0.0 208.0 36.0 18.0
obstacle
0.0183387603611
4.0 190.0 24.0 57.0
obstacle
0.018323585391
305.0 206.0 37.0 15.0
obstacle
0.0182540677488
118.0 5.0 32.0 68.0
obstacle
0.018222682178
80.0 295.0 30.0 38.0
obstacle
0.0182114616036
215.0 181.0 285.0 123.0
obstacle
0.0181650947779
43.0 292.0 30.0 41.0
obstacle
0.0181612800807
189.0 311.0 46.0 18.0
obstacle
0.0180388651788
80.0 213.0 31.0 61.0
obstacle
0.0179903265089
278.0 105.0 16.0 21.0
obstacle
0.0178757365793
161.0 128.0 101.0 28.0
obstacle
0.0178676676005
111.0 181.0 49.0 19.0
obstacle
0.0178312286735
106.0 201.0 363.0 132.0
obstacle
0.0178156662732
385.0 175.0 113.0 36.0
obstacle
0.0178143437952
194.0 57.0 32.0 66.0
obstacle
0.0178092867136
146.0 31.0 283.0 64.0
obstacle
0.0177729520947
74.0 101.0 120.0 30.0
obstacle
0.017759885639
428.0 138.0 27.0 59.0
obstacle
0.0177544038743
111.0 311.0 48.0 19.0
obstacle
0.0177282132208
2.0 151.0 109.0 32.0
obstacle
0.0177212767303
40.0 0.0 33.0 50.0
obstacle
0.0177207998931
187.0 82.0 47.0 16.0
obstacle
0.0176944006234
74.0 21.0 119.0 34.0
obstacle
0.0176885575056
136.0 0.0 364.0 76.0
obstacle
0.0176658183336
392.0 84.0 27.0 65.0
obstacle
0.0176587328315
110.0 132.0 48.0 16.0
obstacle
0.0176568496972
271.0 62.0 33.0 57.0
obstacle
0.0175402220339
34.0 284.0 46.0 20.0
obstacle
0.0174367949367
154.0 232.0 40.0 17.0
obstacle
0.0174109861255
382.0 303.0 118.0 30.0
obstacle
0.0173643585294
258.0 197.0 211.0 36.0
obstacle
0.0173603203148
5.0 217.0 23.0 53.0
obstacle
0.0173577666283
0.0 231.0 346.0 102.0
obstacle
0.0173529945314
0.0 0.0 206.0 78.0
obstacle
0.0173515304923
140.0 304.0 143.0 29.0
obstacle
0.0173437297344
430.0 87.0 26.0 56.0
obstacle
0.0173403173685
320.0 135.0 14.0 14.0
obstacle
0.017273215577
77.0 30.0 43.0 16.0
obstacle
0.0172443836927
157.0 57.0 31.0 65.0
obstacle
0.0172128304839
151.0 311.0 43.0 18.0
obstacle
0.0172042325139
348.0 109.0 37.0 15.0
obstacle
0.0171443577856
233.0 60.0 32.0 61.0
obstacle
0.0171437282115
304.0 82.0 45.0 17.0
obstacle
0.0171329639852
120.0 111.0 31.0 59.0
obstacle
0.0171245336533
110.0 47.0 126.0 34.0
obstacle
0.0171045679599
33.0 4.0 50.0 15.0
obstacle
0.0170809905976
110.0 73.0 124.0 34.0
obstacle
0.0170674063265
34.0 251.0 125.0 37.0
obstacle
0.0170661024749
0.0 260.0 38.0 19.0
obstacle
0.0170399211347
262.0 73.0 128.0 33.0
obstacle
0.0169781502336
421.0 133.0 41.0 18.0
obstacle
0.0169667098671
310.0 60.0 33.0 61.0
obstacle
0.0169583857059
78.0 124.0 110.0 33.0
obstacle
0.0169113911688
149.0 82.0 45.0 16.0
obstacle
0.0168860759586
109.0 2.0 50.0 19.0
obstacle
0.0168177001178
420.0 311.0 45.0 19.0
obstacle
0.0167976971716
0.0 234.0 37.0 17.0
obstacle
0.0167633742094
267.0 253.0 119.0 32.0
obstacle
0.01670573093
36.0 0.0 119.0 31.0
obstacle
0.0166920926422
42.0 149.0 109.0 33.0
obstacle
0.0166884362698
80.0 185.0 33.0 65.0
obstacle
0.0166877619922
225.0 47.0 128.0 34.0
obstacle
0.0166447740048
385.0 167.0 34.0 49.0
obstacle
0.0165698770434
47.0 58.0 251.0 61.0
obstacle
0.0165582187474
184.0 47.0 132.0 140.0
obstacle
0.0165350362659
155.0 31.0 33.0 67.0
obstacle
0.0165175423026
108.0 29.0 52.0 18.0
obstacle
0.0165018215775
196.0 191.0 29.0 51.0
obstacle
0.0164326671511
31.0 31.0 284.0 64.0
obstacle
0.0163911227137
59.0 7.0 148.0 116.0
obstacle
0.0162963159382
468.0 162.0 28.0 62.0
obstacle
0.0162886567414
117.0 235.0 33.0 68.0
obstacle
0.0162832662463
99.0 295.0 300.0 38.0
obstacle
0.0162401143461
232.0 30.0 33.0 69.0
obstacle
0.0162201076746
151.0 257.0 46.0 20.0
obstacle
0.016216352582
74.0 85.0 277.0 59.0
obstacle
0.016208736226
0.0 266.0 213.0 55.0
obstacle
0.0162038337439
468.0 186.0 27.0 63.0
obstacle
0.0161971375346
384.0 151.0 115.0 32.0
obstacle
0.0161841642112
77.0 175.0 117.0 33.0
obstacle
0.0160786155611
112.0 284.0 42.0 20.0
obstacle
0.016039006412
194.0 30.0 32.0 69.0
obstacle
0.0160321891308
375.0 233.0 59.0 19.0
obstacle
0.0159918610007
462.0 312.0 38.0 19.0
obstacle
0.0159271545708
157.0 101.0 111.0 30.0
obstacle
0.0159035511315
386.0 0.0 111.0 30.0
obstacle
0.0158931706101
147.0 53.0 52.0 20.0
obstacle
0.0158558338881
109.0 258.0 51.0 19.0
obstacle
0.0158533155918
381.0 159.0 39.0 13.0
obstacle
0.0158467758447
112.0 252.0 124.0 37.0
obstacle
0.0158062502742
0.0 60.0 81.0 112.0
obstacle
0.0157977547497
303.0 48.0 125.0 31.0
obstacle
0.0157893206924
348.0 30.0 32.0 68.0
obstacle
0.0157866552472
462.0 208.0 38.0 19.0
obstacle
0.0157741308212
299.0 257.0 52.0 19.0
obstacle
0.0157713163644
227.0 231.0 46.0 20.0
obstacle
0.0157550014555
460.0 183.0 40.0 18.0
obstacle
0.0157398059964
384.0 106.0 40.0 17.0
obstacle
0.015738170594
118.0 162.0 33.0 61.0
obstacle
0.0157360825688
228.0 311.0 46.0 20.0
obstacle
0.0157311093062
388.0 210.0 31.0 65.0
obstacle
0.0156810283661
152.0 134.0 42.0 13.0
obstacle
0.0156768094748
3.0 161.0 263.0 62.0
obstacle
0.0156738422811
383.0 74.0 117.0 33.0
obstacle
0.0156448408961
253.0 83.0 247.0 64.0
obstacle
0.0156440567225
119.0 138.0 32.0 58.0
obstacle
0.0156381912529
52.0 236.0 242.0 65.0
obstacle
0.0156130762771
54.0 79.0 9.0 19.0
obstacle
0.015603447333
0.0 212.0 200.0 63.0
obstacle
0.0155899748206
80.0 264.0 30.0 64.0
obstacle
0.0155618069693
0.0 312.0 36.0 16.0
obstacle
0.0155532257631
111.0 233.0 48.0 19.0
obstacle
0.0155102536082
160.0 115.0 27.0 51.0
obstacle
0.0155038870871
0.0 88.0 227.0 105.0
obstacle
0.0154864704236
4.0 297.0 23.0 36.0
obstacle
0.0154808759689
0.0 4.0 40.0 16.0
obstacle
0.015480177477
85.0 163.0 255.0 54.0
obstacle
0.0154433753341
223.0 3.0 52.0 18.0
obstacle
0.0154324872419
72.0 258.0 47.0 21.0
obstacle
0.0154275149107
428.0 109.0 30.0 65.0
obstacle
0.0154239181429
118.0 294.0 29.0 39.0
obstacle
0.0154166584834
270.0 30.0 34.0 69.0
obstacle
0.0154110435396
316.0 116.0 169.0 104.0
obstacle
0.0153961991891
232.0 0.0 33.0 46.0
obstacle
0.0153363319114
354.0 87.0 27.0 61.0
obstacle
0.0153148723766
116.0 100.0 117.0 32.0
obstacle
0.0153116015717
261.0 54.0 54.0 19.0
obstacle
0.0152508541942
189.0 73.0 122.0 34.0
obstacle
0.01524890773
383.0 185.0 39.0 14.0
obstacle
0.0152255538851
116.0 126.0 115.0 30.0
obstacle
0.0152070187032
428.0 187.0 30.0 63.0
obstacle
0.0151771213859
353.0 228.0 102.0 30.0
