obstacle
0.631843745708
117.0 169.0 192.0 51.0
obstacle
0.602792084217
294.0 89.0 80.0 16.0
obstacle
0.434788107872
312.0 87.0 84.0 21.0
obstacle
0.320918291807
333.0 89.0 46.0 15.0
obstacle
0.265353083611
292.0 97.0 75.0 21.0
obstacle
0.245171844959
105.0 185.0 212.0 53.0
obstacle
0.235947951674
57.0 162.0 309.0 68.0
obstacle
0.229981422424
180.0 176.0 125.0 35.0
obstacle
0.228906214237
90.0 205.0 96.0 25.0
obstacle
0.211168810725
115.0 199.0 112.0 31.0
obstacle
0.209180921316
442.0 112.0 16.0 17.0
obstacle
0.154878601432
309.0 97.0 98.0 23.0
obstacle
0.153975218534
435.0 109.0 25.0 18.0
obstacle
0.143791556358
172.0 153.0 148.0 79.0
obstacle
0.133343189955
341.0 100.0 40.0 14.0
obstacle
0.130951553583
9.0 172.0 332.0 88.0
obstacle
0.125382319093
132.0 165.0 157.0 95.0
obstacle
0.12488604337
463.0 107.0 23.0 27.0
obstacle
0.124187618494
273.0 73.0 178.0 43.0
obstacle
0.121458478272
41.0 191.0 190.0 48.0
obstacle
0.116984508932
147.0 194.0 127.0 39.0
obstacle
0.112381353974
117.0 212.0 39.0 14.0
obstacle
0.109229318798
440.0 123.0 17.0 19.0
obstacle
0.107780136168
435.0 122.0 27.0 24.0
obstacle
0.105241842568
183.0 183.0 63.0 20.0
obstacle
0.0962987393141
249.0 82.0 95.0 22.0
obstacle
0.0937812253833
273.0 84.0 38.0 15.0
obstacle
0.0936257019639
227.0 86.0 201.0 49.0
obstacle
0.0921537652612
108.0 182.0 146.0 30.0
obstacle
0.0875812247396
154.0 207.0 37.0 15.0
obstacle
0.0869353041053
46.0 206.0 106.0 26.0
obstacle
0.0790665522218
316.0 73.0 21.0 40.0
obstacle
0.0772172734141
246.0 99.0 94.0 26.0
obstacle
0.0752217769623
397.0 104.0 87.0 27.0
obstacle
0.0743947848678
270.0 103.0 43.0 15.0
obstacle
0.0740871876478
464.0 115.0 15.0 12.0
obstacle
0.0732372701168
465.0 118.0 23.0 38.0
obstacle
0.0729528293014
217.0 185.0 64.0 14.0
obstacle
0.0670225769281
218.0 178.0 126.0 31.0
obstacle
0.0661493688822
87.0 145.0 396.0 97.0
obstacle
0.0624141395092
355.0 102.0 95.0 28.0
obstacle
0.0604825727642
7.0 113.0 412.0 113.0
obstacle
0.0586020238698
5.0 206.0 106.0 29.0
obstacle
0.057997148484
348.0 72.0 28.0 41.0
obstacle
0.0570640303195
185.0 200.0 121.0 32.0
obstacle
0.0561213120818
429.0 106.0 71.0 28.0
obstacle
0.0550086162984
96.0 143.0 230.0 55.0
obstacle
0.0547694042325
96.0 153.0 164.0 83.0
obstacle
0.0538926944137
188.0 156.0 116.0 31.0
obstacle
0.0527754537761
187.0 201.0 50.0 21.0
obstacle
0.0511629469693
313.0 85.0 24.0 56.0
obstacle
0.0502949766815
79.0 211.0 39.0 18.0
obstacle
0.0497761741281
270.0 75.0 121.0 78.0
obstacle
0.0483166985214
152.0 152.0 118.0 37.0
obstacle
0.0478143282235
336.0 79.0 121.0 26.0
obstacle
0.0478131696582
90.0 79.0 396.0 123.0
obstacle
0.0466931276023
278.0 56.0 102.0 24.0
obstacle
0.045730702579
175.0 69.0 231.0 46.0
obstacle
0.0438761003315
464.0 127.0 20.0 13.0
obstacle
0.0428330823779
306.0 60.0 44.0 14.0
obstacle
0.0418685935438
428.0 85.0 29.0 15.0
obstacle
0.0418501794338
260.0 184.0 46.0 14.0
obstacle
0.0412656068802
233.0 135.0 30.0 63.0
obstacle
0.0392257347703
157.0 188.0 41.0 16.0
obstacle
0.0390156134963
196.0 137.0 30.0 61.0
obstacle
0.0388213023543
391.0 86.0 24.0 12.0
obstacle
0.0380489267409
348.0 86.0 31.0 55.0
obstacle
0.0377310700715
346.0 59.0 38.0 15.0
obstacle
0.0374854840338
155.0 75.0 343.0 81.0
obstacle
0.0368381254375
227.0 105.0 47.0 18.0
obstacle
0.0365393534303
233.0 163.0 32.0 58.0
obstacle
0.0365270860493
386.0 77.0 105.0 25.0
obstacle
0.0359383039176
29.0 210.0 53.0 19.0
obstacle
0.0356380082667
47.0 155.0 182.0 126.0
obstacle
0.0350221022964
227.0 82.0 44.0 18.0
obstacle
0.0342763662338
388.0 123.0 103.0 31.0
obstacle
0.0342371053994
189.0 161.0 48.0 19.0
obstacle
0.0337142497301
316.0 55.0 97.0 25.0
obstacle
0.033588450402
194.0 100.0 114.0 31.0
obstacle
0.0335393287241
194.0 163.0 31.0 58.0
obstacle
0.0335283838212
341.0 51.0 120.0 28.0
obstacle
0.0335021130741
431.0 71.0 25.0 44.0
obstacle
0.033353023231
391.0 95.0 29.0 36.0
obstacle
0.033267326653
270.0 20.0 112.0 39.0
obstacle
0.0330625809729
227.0 53.0 126.0 24.0
obstacle
0.0329463966191
236.0 227.0 102.0 31.0
obstacle
0.0329193808138
198.0 75.0 105.0 32.0
obstacle
0.0328416191041
227.0 161.0 44.0 19.0
obstacle
0.0323073491454
392.0 49.0 101.0 30.0
obstacle
0.0321769155562
298.0 123.0 133.0 34.0
obstacle
0.0317598246038
381.0 110.0 119.0 62.0
obstacle
0.0317109972239
254.0 109.0 220.0 59.0
obstacle
0.0315182767808
183.0 190.0 206.0 51.0
obstacle
0.0314363688231
261.0 44.0 239.0 141.0
obstacle
0.03133033216
162.0 164.0 22.0 56.0
obstacle
0.0312883816659
114.0 227.0 116.0 29.0
obstacle
0.0312569513917
341.0 128.0 47.0 22.0
obstacle
0.0312451627105
187.0 106.0 47.0 19.0
obstacle
0.0309835448861
189.0 132.0 45.0 18.0
obstacle
0.0309422295541
262.0 130.0 53.0 19.0
obstacle
0.0308059770614
237.0 62.0 26.0 55.0
obstacle
0.0307814441621
355.0 122.0 107.0 35.0
obstacle
0.030740737915
426.0 139.0 31.0 46.0
obstacle
0.0307185370475
311.0 22.0 107.0 35.0
obstacle
0.0305010359734
266.0 126.0 121.0 29.0
obstacle
0.0304531324655
75.0 224.0 117.0 32.0
obstacle
0.0303716119379
349.0 36.0 29.0 61.0
obstacle
0.0294923149049
233.0 200.0 109.0 33.0
obstacle
0.029467722401
275.0 63.0 23.0 55.0
obstacle
0.0293316859752
301.0 130.0 50.0 19.0
obstacle
0.0290130246431
149.0 123.0 126.0 37.0
obstacle
0.0286981072277
275.0 86.0 24.0 57.0
obstacle
0.0285635180771
141.0 118.0 139.0 103.0
obstacle
0.0285569187254
393.0 105.0 30.0 14.0
obstacle
0.0282973330468
361.0 76.0 139.0 81.0
obstacle
0.0279251951724
96.0 84.0 310.0 60.0
obstacle
0.0272146239877
348.0 114.0 33.0 51.0
obstacle
0.0271922945976
224.0 204.0 47.0 17.0
obstacle
0.0269708465785
392.0 71.0 23.0 41.0
obstacle
0.0267660245299
191.0 185.0 37.0 57.0
obstacle
0.0266637206078
263.0 235.0 50.0 17.0
obstacle
0.0263361912221
235.0 112.0 265.0 110.0
obstacle
0.0262917969376
112.0 154.0 121.0 30.0
obstacle
0.0262243058532
1.0 223.0 114.0 38.0
obstacle
0.0261718183756
77.0 213.0 264.0 54.0
obstacle
0.026166677475
390.0 121.0 27.0 35.0
obstacle
0.025899713859
148.0 133.0 49.0 17.0
obstacle
0.0258763264865
425.0 154.0 31.0 21.0
obstacle
0.0256169233471
235.0 87.0 28.0 56.0
obstacle
0.0255967751145
122.0 107.0 256.0 69.0
obstacle
0.0254732426256
425.0 162.0 33.0 57.0
obstacle
0.0252096652985
195.0 106.0 30.0 71.0
obstacle
0.0250201784074
121.0 195.0 26.0 43.0
obstacle
0.0246064551175
280.0 139.0 220.0 54.0
obstacle
0.0245825946331
270.0 58.0 36.0 15.0
obstacle
0.0242957174778
191.0 47.0 120.0 33.0
obstacle
0.0242407787591
421.0 59.0 44.0 15.0
obstacle
0.0241252630949
159.0 192.0 30.0 47.0
obstacle
0.0241064094007
313.0 162.0 187.0 57.0
obstacle
0.0239906217903
0.0 211.0 36.0 16.0
obstacle
0.0239563155919
314.0 35.0 23.0 59.0
obstacle
0.0239288434386
66.0 182.0 365.0 119.0
obstacle
0.0239111185074
346.0 21.0 114.0 35.0
obstacle
0.0237851627171
383.0 153.0 41.0 21.0
obstacle
0.0236854031682
197.0 229.0 104.0 28.0
obstacle
0.0235209688544
276.0 200.0 99.0 33.0
obstacle
0.0232992731035
383.0 57.0 43.0 16.0
obstacle
0.0231586433947
229.0 125.0 116.0 31.0
obstacle
0.023143671453
225.0 132.0 50.0 17.0
obstacle
0.0227851178497
196.0 87.0 30.0 57.0
obstacle
0.0227792486548
60.0 36.0 381.0 107.0
obstacle
0.022774649784
310.0 8.0 31.0 62.0
obstacle
0.0227342173457
255.0 149.0 143.0 35.0
obstacle
0.0227075014263
468.0 33.0 26.0 63.0
obstacle
0.022671058774
41.0 190.0 30.0 57.0
obstacle
0.0226537007838
155.0 158.0 41.0 19.0
obstacle
0.0224428083748
303.0 32.0 49.0 16.0
obstacle
0.0224299076945
347.0 139.0 33.0 54.0
obstacle
0.0224239639938
459.0 56.0 41.0 15.0
obstacle
0.0222973078489
44.0 224.0 105.0 34.0
obstacle
0.0220927149057
267.0 174.0 119.0 36.0
obstacle
0.0219190847129
232.0 107.0 33.0 67.0
obstacle
0.0219146199524
303.0 234.0 48.0 17.0
obstacle
0.0218452252448
426.0 38.0 31.0 53.0
obstacle
0.0218137465417
155.0 100.0 115.0 31.0
obstacle
0.0217351317406
0.0 191.0 290.0 103.0
obstacle
0.0216709207743
214.0 7.0 227.0 60.0
obstacle
0.0216610040516
84.0 191.0 28.0 54.0
obstacle
0.0216395072639
74.0 150.0 120.0 32.0
obstacle
0.0215039830655
469.0 135.0 25.0 58.0
obstacle
0.0214961990714
149.0 106.0 45.0 19.0
obstacle
0.0214899610728
180.0 138.0 209.0 109.0
obstacle
0.0213926527649
269.0 171.0 31.0 43.0
obstacle
0.0213528554887
302.0 157.0 49.0 18.0
obstacle
0.0213091429323
468.0 85.0 24.0 13.0
obstacle
0.0211598873138
201.0 59.0 181.0 113.0
obstacle
0.0207157526165
227.0 55.0 44.0 19.0
obstacle
0.0205776561052
151.0 73.0 120.0 34.0
obstacle
0.0205628536642
119.0 161.0 28.0 62.0
obstacle
0.0205468013883
471.0 70.0 22.0 45.0
obstacle
0.0203943792731
274.0 34.0 24.0 62.0
obstacle
0.0202376320958
304.0 209.0 47.0 16.0
obstacle
0.0201573763043
344.0 156.0 43.0 20.0
obstacle
0.0201426669955
275.0 227.0 106.0 32.0
obstacle
0.0200123265386
0.0 0.0 244.0 71.0
obstacle
0.0199087560177
310.0 107.0 32.0 66.0
obstacle
0.0198789108545
37.0 149.0 117.0 35.0
obstacle
0.01984824799
350.0 3.0 28.0 71.0
obstacle
0.0197939835489
339.0 31.0 51.0 16.0
obstacle
0.0197784956545
197.0 59.0 28.0 61.0
obstacle
0.0197042264044
2.0 0.0 108.0 28.0
obstacle
0.0197031740099
187.0 232.0 47.0 20.0
obstacle
0.0195461194962
113.0 158.0 44.0 16.0
obstacle
0.0195155441761
419.0 181.0 44.0 18.0
obstacle
0.0195122100413
269.0 108.0 33.0 63.0
obstacle
0.019475903362
159.0 137.0 25.0 60.0
obstacle
0.0194542054087
191.0 18.0 120.0 41.0
obstacle
0.019346954301
225.0 153.0 118.0 33.0
obstacle
0.0192014165223
235.0 9.0 265.0 112.0
obstacle
0.019184269011
8.0 149.0 100.0 37.0
obstacle
0.0187320467085
115.0 233.0 39.0 19.0
obstacle
0.018679054454
159.0 84.0 27.0 62.0
obstacle
0.0186363663524
34.0 234.0 47.0 15.0
obstacle
0.018470775336
162.0 212.0 251.0 62.0
obstacle
0.0184643771499
61.0 108.0 226.0 65.0
obstacle
0.0184426233172
123.0 35.0 253.0 57.0
obstacle
0.018275115639
187.0 80.0 48.0 20.0
obstacle
0.0182386338711
115.0 183.0 46.0 20.0
obstacle
0.0182256177068
380.0 31.0 47.0 15.0
obstacle
0.0180899910629
338.0 0.0 131.0 31.0
obstacle
0.0180813688785
460.0 183.0 40.0 16.0
obstacle
0.0180028304458
296.0 35.0 204.0 59.0
obstacle
0.0179630573839
234.0 6.0 29.0 66.0
obstacle
0.0179166439921
148.0 303.0 128.0 30.0
obstacle
0.0178675670177
158.0 228.0 107.0 30.0
obstacle
0.01786448434
389.0 161.0 29.0 60.0
obstacle
0.0177757441998
273.0 7.0 30.0 64.0
obstacle
0.0177749749273
346.0 147.0 117.0 37.0
obstacle
0.0177535731345
221.0 233.0 59.0 19.0
obstacle
0.0176057890058
385.0 138.0 35.0 52.0
obstacle
0.0175795629621
378.0 3.0 50.0 17.0
obstacle
0.0175655148923
73.0 180.0 132.0 30.0
obstacle
0.0175475589931
256.0 0.0 143.0 100.0
obstacle
0.0175419747829
470.0 7.0 24.0 64.0
obstacle
0.0174850095063
234.0 35.0 28.0 60.0
obstacle
0.0173068065196
61.0 0.0 377.0 77.0
obstacle
0.0172925852239
23.0 138.0 226.0 57.0
obstacle
0.0172731168568
341.0 4.0 48.0 16.0
obstacle
0.0172685775906
224.0 47.0 139.0 90.0
obstacle
0.0172426160425
0.0 176.0 116.0 33.0
obstacle
0.0172342080623
120.0 133.0 26.0 68.0
obstacle
0.017189219594
80.0 136.0 31.0 62.0
obstacle
0.0171848721802
310.0 137.0 31.0 58.0
obstacle
0.0171109586954
0.0 234.0 38.0 16.0
obstacle
0.0171051509678
4.0 196.0 26.0 46.0
obstacle
0.0170476604253
0.0 210.0 214.0 61.0
obstacle
0.0169919356704
156.0 108.0 31.0 68.0
obstacle
0.016953356564
112.0 107.0 42.0 16.0
obstacle
0.0168628692627
388.0 41.0 27.0 49.0
obstacle
0.0167586021125
108.0 133.0 50.0 17.0
obstacle
0.0167195554823
440.0 111.0 8.0 10.0
obstacle
0.0167041160166
198.0 161.0 255.0 61.0
obstacle
0.0166360773146
389.0 129.0 32.0 18.0
obstacle
0.0166285894811
339.0 259.0 52.0 18.0
obstacle
0.0165846161544
32.0 3.0 50.0 17.0
obstacle
0.0162864141166
469.0 163.0 26.0 55.0
obstacle
0.0162361226976
121.0 86.0 26.0 59.0
obstacle
0.0162084642798
376.0 7.0 124.0 116.0
obstacle
0.01608748734
302.0 4.0 48.0 16.0
obstacle
0.0160698480904
261.0 30.0 53.0 17.0
obstacle
0.0160406827927
225.0 39.0 202.0 52.0
obstacle
0.0160400383174
0.0 157.0 37.0 16.0
obstacle
0.0159868467599
0.0 78.0 330.0 123.0
obstacle
0.015978211537
305.0 183.0 42.0 17.0
obstacle
0.0156108997762
300.0 200.0 130.0 36.0
obstacle
0.0155596183613
387.0 0.0 30.0 48.0
obstacle
0.0155564742163
195.0 237.0 31.0 63.0
obstacle
0.0155195575207
202.0 126.0 19.0 31.0
obstacle
0.0154451280832
338.0 0.0 130.0 110.0
obstacle
0.0154076917097
121.0 56.0 26.0 67.0
obstacle
0.0153984315693
416.0 176.0 84.0 32.0
obstacle
0.0153580354527
187.0 0.0 127.0 31.0
obstacle
0.0153118586168
0.0 166.0 143.0 105.0
obstacle
0.0152621837333
157.0 234.0 34.0 17.0
obstacle
0.015223223716
267.0 160.0 41.0 16.0
obstacle
0.0152014903724
150.0 20.0 125.0 36.0
obstacle
0.0151808774099
69.0 60.0 284.0 60.0
obstacle
0.0150829851627
225.0 3.0 50.0 17.0
obstacle
0.0150312148035
117.0 0.0 31.0 47.0
obstacle
0.0149910654873
72.0 3.0 48.0 16.0
obstacle
0.0149866687134
158.0 57.0 28.0 65.0
obstacle
0.0149759352207
0.0 4.0 38.0 17.0
obstacle
0.0149378711358
109.0 4.0 51.0 15.0
obstacle
0.0149192847311
0.0 277.0 121.0 35.0
obstacle
0.0149132879451
149.0 252.0 123.0 34.0
obstacle
0.0148676438257
3.0 138.0 26.0 57.0
obstacle
0.014765012078
116.0 100.0 115.0 30.0
obstacle
0.0147512229159
204.0 101.0 15.0 28.0
obstacle
0.014562504366
148.0 3.0 49.0 17.0
obstacle
0.0145536363125
70.0 122.0 130.0 39.0
obstacle
0.0145352883264
223.0 0.0 277.0 45.0
obstacle
0.014525196515
271.0 215.0 35.0 55.0
obstacle
0.014519170858
185.0 311.0 51.0 19.0
obstacle
0.0144040063024
71.0 157.0 50.0 17.0
obstacle
0.0143649289384
195.0 8.0 31.0 62.0
obstacle
0.0143619123846
263.0 3.0 49.0 18.0
obstacle
0.014360960573
304.0 252.0 124.0 36.0
obstacle
0.0143281053752
455.0 28.0 45.0 20.0
obstacle
0.0142853530124
427.0 91.0 73.0 97.0
obstacle
0.0142787406221
241.0 235.0 248.0 67.0
obstacle
0.014135482721
308.0 173.0 120.0 38.0
obstacle
0.0141095453873
42.0 101.0 107.0 28.0
obstacle
0.0140797970816
80.0 100.0 109.0 30.0
obstacle
0.0139885898679
105.0 0.0 290.0 44.0
obstacle
0.0139455562457
38.0 0.0 115.0 29.0
obstacle
0.0139251630753
348.0 238.0 32.0 62.0
obstacle
0.0139240063727
155.0 5.0 33.0 67.0
obstacle
0.0139116151258
461.0 311.0 39.0 18.0
obstacle
0.0139093343168
348.0 162.0 30.0 60.0
obstacle
0.0138960657641
79.0 0.0 30.0 46.0
