obstacle
0.871906995773
114.0 156.0 347.0 85.0
obstacle
0.14143230021
274.0 165.0 175.0 63.0
obstacle
0.107222989202
194.0 142.0 193.0 64.0
obstacle
0.0971338450909
354.0 180.0 90.0 30.0
obstacle
0.0967691391706
4.0 146.0 349.0 104.0
obstacle
0.0861633867025
224.0 131.0 195.0 132.0
obstacle
0.060674443841
279.0 130.0 94.0 33.0
obstacle
0.0585635378957
166.0 118.0 334.0 114.0
obstacle
0.0583336167037
304.0 184.0 111.0 25.0
obstacle
0.0581996180117
383.0 180.0 104.0 32.0
obstacle
0.0571095980704
181.0 197.0 212.0 45.0
obstacle
0.0550677925348
304.0 258.0 124.0 34.0
obstacle
0.0520248822868
354.0 234.0 97.0 30.0
obstacle
0.0512815564871
308.0 113.0 32.0 68.0
obstacle
0.0510890111327
73.0 169.0 200.0 51.0
obstacle
0.0468876361847
303.0 141.0 44.0 16.0
obstacle
0.0461911968887
125.0 185.0 101.0 21.0
obstacle
0.0448306053877
97.0 185.0 403.0 121.0
obstacle
0.0425154455006
258.0 221.0 211.0 56.0
obstacle
0.0411526821554
335.0 263.0 62.0 20.0
obstacle
0.0411383248866
314.0 234.0 108.0 32.0
obstacle
0.0402053967118
308.0 136.0 34.0 66.0
obstacle
0.0388521328568
275.0 156.0 98.0 34.0
obstacle
0.0371467210352
276.0 139.0 29.0 18.0
obstacle
0.0357548967004
233.0 245.0 263.0 59.0
obstacle
0.0332678407431
79.0 80.0 418.0 129.0
obstacle
0.0331955254078
233.0 260.0 113.0 30.0
obstacle
0.0330377034843
422.0 188.0 35.0 17.0
obstacle
0.032186049968
247.0 195.0 228.0 49.0
obstacle
0.0320060327649
44.0 219.0 409.0 111.0
obstacle
0.0305650960654
298.0 265.0 58.0 18.0
obstacle
0.0302872415632
0.0 206.0 123.0 36.0
obstacle
0.0302114374936
161.0 188.0 26.0 14.0
obstacle
0.0301697254181
149.0 259.0 128.0 32.0
obstacle
0.0292157996446
264.0 265.0 49.0 17.0
obstacle
0.0291091538966
111.0 192.0 200.0 53.0
obstacle
0.0287611708045
147.0 183.0 129.0 28.0
obstacle
0.0287370532751
84.0 184.0 109.0 26.0
obstacle
0.0282821394503
195.0 242.0 33.0 66.0
obstacle
0.0281054601073
186.0 263.0 51.0 24.0
obstacle
0.0273407641798
254.0 182.0 141.0 31.0
obstacle
0.0271412599832
348.0 242.0 33.0 64.0
obstacle
0.0269030965865
200.0 111.0 252.0 71.0
obstacle
0.0268700458109
239.0 131.0 99.0 30.0
obstacle
0.0268089454621
129.0 245.0 239.0 61.0
obstacle
0.026584783569
256.0 236.0 142.0 25.0
obstacle
0.0263264626265
106.0 138.0 139.0 123.0
obstacle
0.0259695928544
233.0 165.0 40.0 17.0
obstacle
0.0254656914622
422.0 175.0 31.0 43.0
obstacle
0.0252137072384
357.0 209.0 87.0 27.0
obstacle
0.0251688007265
236.0 138.0 29.0 66.0
obstacle
0.0251206029207
347.0 189.0 33.0 13.0
obstacle
0.0251050535589
379.0 4.0 48.0 18.0
obstacle
0.0247895233333
117.0 167.0 36.0 61.0
obstacle
0.0246476009488
72.0 3.0 47.0 19.0
obstacle
0.0246033724397
195.0 0.0 31.0 49.0
obstacle
0.0245631504804
204.0 222.0 169.0 51.0
obstacle
0.024386279285
387.0 0.0 32.0 45.0
obstacle
0.0241740383208
277.0 134.0 26.0 69.0
obstacle
0.0241063404828
274.0 216.0 183.0 119.0
obstacle
0.0239829625934
312.0 161.0 32.0 18.0
obstacle
0.0238559953868
0.0 0.0 280.0 79.0
obstacle
0.023850928992
184.0 3.0 53.0 18.0
obstacle
0.0238193161786
314.0 129.0 100.0 34.0
obstacle
0.0236777868122
383.0 187.0 41.0 17.0
obstacle
0.0230863559991
82.0 258.0 108.0 33.0
obstacle
0.0230566542596
314.0 159.0 91.0 27.0
obstacle
0.0229081213474
332.0 146.0 138.0 100.0
obstacle
0.0228925552219
390.0 9.0 28.0 59.0
obstacle
0.0228517409414
158.0 0.0 30.0 50.0
obstacle
0.0228383652866
348.0 112.0 31.0 70.0
obstacle
0.0225261282176
80.0 0.0 29.0 47.0
obstacle
0.0224559698254
248.0 163.0 252.0 119.0
obstacle
0.0223325248808
276.0 164.0 31.0 16.0
obstacle
0.0222889389843
115.0 241.0 38.0 18.0
obstacle
0.0222568642348
272.0 0.0 228.0 43.0
obstacle
0.0221865791827
273.0 245.0 31.0 58.0
obstacle
0.0220812112093
116.0 187.0 41.0 19.0
obstacle
0.021879857406
275.0 118.0 28.0 57.0
obstacle
0.0218398142606
119.0 220.0 27.0 57.0
obstacle
0.0217363983393
257.0 89.0 140.0 114.0
obstacle
0.021558733657
118.0 0.0 31.0 50.0
obstacle
0.0214027874172
154.0 0.0 117.0 32.0
obstacle
0.0213983133435
148.0 4.0 50.0 18.0
obstacle
0.0213666781783
315.0 210.0 96.0 25.0
obstacle
0.021314419806
341.0 240.0 50.0 18.0
obstacle
0.0212211553007
273.0 0.0 28.0 47.0
obstacle
0.0212066397071
38.0 0.0 119.0 35.0
obstacle
0.0211536642164
282.0 207.0 90.0 27.0
obstacle
0.0208488274366
341.0 0.0 127.0 34.0
obstacle
0.0207729730755
1.0 0.0 116.0 33.0
obstacle
0.0204285029322
309.0 243.0 36.0 63.0
obstacle
0.0203906875104
382.0 240.0 40.0 15.0
obstacle
0.0203807428479
378.0 266.0 47.0 17.0
obstacle
0.0203077103943
0.0 0.0 226.0 42.0
obstacle
0.0202899146825
77.0 234.0 117.0 31.0
obstacle
0.0202642716467
418.0 5.0 47.0 17.0
obstacle
0.0200680196285
226.0 0.0 274.0 81.0
obstacle
0.0200006682426
121.0 245.0 25.0 60.0
obstacle
0.0199345108122
30.0 4.0 54.0 18.0
obstacle
0.0198926459998
229.0 109.0 39.0 18.0
obstacle
0.0198111440986
311.0 0.0 30.0 47.0
obstacle
0.0197866819799
186.0 32.0 49.0 15.0
obstacle
0.0197788309306
50.0 0.0 401.0 72.0
obstacle
0.0197200477123
198.0 188.0 28.0 14.0
obstacle
0.0197091475129
234.0 0.0 29.0 48.0
obstacle
0.0196987502277
135.0 218.0 156.0 114.0
obstacle
0.0196798983961
42.0 0.0 31.0 47.0
obstacle
0.0196541026235
149.0 32.0 45.0 15.0
obstacle
0.0196028240025
350.0 145.0 30.0 50.0
obstacle
0.0195507835597
388.0 174.0 26.0 42.0
obstacle
0.0195447914302
386.0 22.0 114.0 33.0
obstacle
0.0194041337818
0.0 4.0 38.0 18.0
obstacle
0.0193480812013
109.0 4.0 49.0 17.0
obstacle
0.0193257015198
232.0 243.0 34.0 63.0
obstacle
0.0192750636488
347.0 165.0 32.0 13.0
obstacle
0.0191682893783
114.0 22.0 118.0 35.0
obstacle
0.0191554035991
350.0 0.0 30.0 46.0
obstacle
0.0189211554825
462.0 3.0 38.0 17.0
obstacle
0.018610291183
122.0 210.0 108.0 23.0
obstacle
0.0185441337526
223.0 264.0 56.0 22.0
obstacle
0.0184816364199
0.0 75.0 118.0 35.0
obstacle
0.0184659101069
74.0 0.0 275.0 43.0
obstacle
0.018387272954
220.0 159.0 139.0 33.0
obstacle
0.0183825232089
349.0 22.0 109.0 32.0
obstacle
0.0182869285345
469.0 11.0 26.0 58.0
obstacle
0.0182216968387
346.0 139.0 38.0 16.0
obstacle
0.0181784443557
120.0 186.0 28.0 73.0
obstacle
0.0180514473468
0.0 215.0 40.0 17.0
obstacle
0.0180493090302
3.0 9.0 25.0 61.0
obstacle
0.0180062372237
342.0 4.0 45.0 17.0
obstacle
0.0179901439697
1.0 224.0 265.0 49.0
obstacle
0.0179793480784
1.0 233.0 111.0 32.0
obstacle
0.0179573893547
310.0 186.0 38.0 15.0
obstacle
0.0177107341588
381.0 234.0 119.0 31.0
obstacle
0.0176856871694
169.0 123.0 167.0 99.0
obstacle
0.0176831651479
427.0 0.0 30.0 52.0
obstacle
0.0176601447165
378.0 30.0 49.0 16.0
obstacle
0.0176397152245
268.0 210.0 37.0 21.0
obstacle
0.0174377337098
0.0 3.0 359.0 124.0
obstacle
0.0172668769956
42.0 191.0 33.0 66.0
obstacle
0.0172304213047
72.0 128.0 124.0 34.0
obstacle
0.0171606056392
4.0 197.0 26.0 53.0
obstacle
0.017019726336
227.0 4.0 47.0 17.0
obstacle
0.0168800838292
200.0 166.0 177.0 107.0
obstacle
0.0168756097555
2.0 153.0 110.0 36.0
obstacle
0.0168722104281
426.0 178.0 74.0 37.0
obstacle
0.0167434588075
389.0 144.0 30.0 54.0
obstacle
0.0167254079133
0.0 259.0 117.0 33.0
obstacle
0.0167139153928
38.0 208.0 115.0 31.0
obstacle
0.0166602041572
339.0 310.0 130.0 31.0
obstacle
0.0166511461139
424.0 310.0 76.0 31.0
obstacle
0.0166310500354
468.0 0.0 26.0 42.0
obstacle
0.0166307576001
307.0 161.0 31.0 67.0
obstacle
0.016569275409
459.0 320.0 41.0 19.0
obstacle
0.0165439210832
29.0 215.0 55.0 19.0
obstacle
0.0165433268994
301.0 4.0 50.0 17.0
obstacle
0.0165103860199
266.0 4.0 45.0 17.0
obstacle
0.0164866503328
227.0 0.0 124.0 33.0
obstacle
0.0164679996669
339.0 101.0 129.0 34.0
obstacle
0.0163912326097
230.0 137.0 40.0 18.0
obstacle
0.0163840521127
225.0 32.0 47.0 16.0
obstacle
0.0163827687502
4.0 36.0 24.0 62.0
obstacle
0.016346225515
467.0 300.0 24.0 41.0
obstacle
0.016209339723
0.0 242.0 338.0 99.0
obstacle
0.0161860585213
5.0 179.0 105.0 36.0
obstacle
0.0161471385509
141.0 0.0 140.0 67.0
obstacle
0.0161323416978
118.0 260.0 108.0 31.0
obstacle
0.0161053799093
347.0 222.0 34.0 53.0
obstacle
0.0160553287715
39.0 235.0 114.0 28.0
obstacle
0.0160439871252
419.0 32.0 43.0 15.0
obstacle
0.0160220563412
154.0 167.0 34.0 60.0
obstacle
0.016004929319
263.0 239.0 46.0 19.0
obstacle
0.0160019621253
115.0 267.0 39.0 16.0
obstacle
0.0158643443137
194.0 166.0 32.0 59.0
obstacle
0.0158641636372
196.0 236.0 108.0 25.0
obstacle
0.0157829727978
150.0 312.0 124.0 29.0
obstacle
0.0157221537083
203.0 259.0 17.0 34.0
obstacle
0.0155979180709
41.0 260.0 110.0 29.0
obstacle
0.0155503824353
208.0 215.0 163.0 119.0
obstacle
0.0155391525477
197.0 215.0 26.0 14.0
obstacle
0.0155200986192
0.0 31.0 36.0 17.0
obstacle
0.0154839036986
307.0 102.0 118.0 35.0
obstacle
0.0154608944431
203.0 264.0 297.0 77.0
obstacle
0.0154290385544
359.0 159.0 82.0 29.0
obstacle
0.0154198268428
189.0 57.0 43.0 16.0
obstacle
0.0153871905059
191.0 101.0 117.0 34.0
obstacle
0.0153484707698
420.0 0.0 80.0 31.0
obstacle
0.0152727710083
462.0 30.0 37.0 17.0
obstacle
0.0151756042615
269.0 57.0 39.0 17.0
obstacle
0.0151737853885
151.0 234.0 122.0 29.0
obstacle
0.0151481674984
192.0 23.0 114.0 33.0
obstacle
0.0151269156486
84.0 6.0 26.0 66.0
obstacle
0.0151138752699
467.0 171.0 25.0 52.0
obstacle
0.0150338150561
229.0 23.0 117.0 32.0
obstacle
0.0149845695123
356.0 260.0 16.0 31.0
obstacle
0.0148933371529
74.0 101.0 121.0 36.0
obstacle
0.0148597666994
118.0 268.0 31.0 66.0
obstacle
0.0147832119837
387.0 247.0 31.0 57.0
obstacle
0.014767258428
264.0 31.0 47.0 16.0
obstacle
0.0147449076176
317.0 135.0 16.0 22.0
obstacle
0.0147390495986
113.0 57.0 42.0 16.0
obstacle
0.0146758491173
0.0 162.0 205.0 121.0
obstacle
0.0146719366312
305.0 210.0 40.0 18.0
obstacle
0.0146493660286
301.0 239.0 46.0 18.0
obstacle
0.0146438572556
196.0 34.0 29.0 64.0
obstacle
0.014614963904
0.0 309.0 123.0 32.0
obstacle
0.0146080041304
0.0 0.0 131.0 71.0
obstacle
0.0145631181076
151.0 57.0 44.0 16.0
obstacle
0.0145493317395
111.0 31.0 44.0 17.0
obstacle
0.0145282559097
466.0 270.0 28.0 65.0
obstacle
0.0145057290792
147.0 48.0 129.0 35.0
obstacle
0.0144760813564
226.0 239.0 42.0 19.0
obstacle
0.0144338365644
0.0 192.0 337.0 115.0
obstacle
0.0144125055522
73.0 301.0 278.0 40.0
obstacle
0.0143579132855
76.0 209.0 123.0 30.0
obstacle
0.0142612708732
186.0 319.0 49.0 19.0
obstacle
0.0142459459603
228.0 208.0 121.0 28.0
obstacle
0.0142273064703
349.0 172.0 26.0 47.0
obstacle
0.0142203029245
322.0 12.0 178.0 52.0
obstacle
0.0142047954723
286.0 302.0 214.0 39.0
obstacle
0.0141713721678
189.0 239.0 42.0 20.0
obstacle
0.0141606973484
115.0 292.0 42.0 17.0
obstacle
0.0141110708937
347.0 129.0 114.0 34.0
obstacle
0.0140347220004
262.0 75.0 131.0 35.0
obstacle
0.0140197472647
20.0 189.0 228.0 66.0
obstacle
0.0139734800905
462.0 56.0 38.0 18.0
obstacle
0.01395632606
111.0 108.0 46.0 19.0
obstacle
0.0139471227303
195.0 217.0 33.0 65.0
obstacle
0.013929458335
342.0 31.0 44.0 16.0
obstacle
0.0139227155596
0.0 56.0 38.0 17.0
obstacle
0.0139124728739
470.0 39.0 23.0 53.0
obstacle
0.0138819711283
306.0 83.0 42.0 17.0
obstacle
0.013873805292
81.0 285.0 109.0 33.0
obstacle
0.0138545315713
303.0 31.0 46.0 16.0
obstacle
0.0138161610812
0.0 247.0 276.0 54.0
obstacle
0.0137890474871
388.0 35.0 30.0 62.0
obstacle
0.0137481316924
234.0 94.0 29.0 50.0
obstacle
0.0137146012858
265.0 82.0 45.0 19.0
obstacle
0.0137035865337
237.0 220.0 27.0 55.0
obstacle
0.0136955697089
273.0 65.0 29.0 55.0
obstacle
0.0136463847011
383.0 127.0 117.0 36.0
obstacle
0.0136301433668
41.0 242.0 31.0 66.0
obstacle
0.0136097278446
350.0 62.0 28.0 61.0
obstacle
0.0135967470706
272.0 35.0 30.0 63.0
obstacle
0.0135814351961
465.0 244.0 27.0 63.0
obstacle
0.0135734966025
43.0 217.0 31.0 62.0
obstacle
0.013556772843
159.0 222.0 27.0 54.0
obstacle
0.0135537637398
157.0 35.0 29.0 63.0
obstacle
0.0135414302349
346.0 167.0 154.0 56.0
obstacle
0.0135308969766
199.0 145.0 24.0 51.0
obstacle
0.0135251684114
192.0 283.0 119.0 35.0
obstacle
0.0135112917051
0.0 83.0 38.0 17.0
obstacle
0.0134966233745
119.0 35.0 30.0 62.0
obstacle
0.013493238017
42.0 163.0 31.0 68.0
obstacle
0.0134821347892
468.0 221.0 27.0 57.0
obstacle
0.0134161356837
189.0 109.0 42.0 18.0
obstacle
0.0133928041905
2.0 65.0 26.0 55.0
obstacle
0.0133829191327
460.0 265.0 40.0 20.0
obstacle
0.0133776152506
425.0 220.0 30.0 58.0
obstacle
0.0133749721572
379.0 318.0 49.0 20.0
obstacle
0.0133730489761
235.0 102.0 108.0 31.0
obstacle
0.0133571121842
271.0 188.0 31.0 13.0
obstacle
0.0132154738531
225.0 292.0 48.0 18.0
obstacle
0.0132137453184
310.0 35.0 30.0 62.0
obstacle
0.0132041741163
36.0 266.0 45.0 18.0
obstacle
0.0131664955989
351.0 89.0 27.0 60.0
obstacle
0.0131535679102
204.0 24.0 15.0 31.0
obstacle
0.0131260482594
76.0 34.0 273.0 61.0
obstacle
0.0131179336458
110.0 135.0 47.0 17.0
obstacle
0.0131155271083
76.0 32.0 38.0 15.0
obstacle
0.013068402186
270.0 110.0 36.0 17.0
obstacle
0.0130564989522
121.0 233.0 106.0 31.0
obstacle
0.0130284717306
228.0 267.0 38.0 69.0
obstacle
0.0130192143843
418.0 241.0 42.0 15.0
obstacle
0.0129992617294
211.0 0.0 154.0 73.0
obstacle
0.0129944384098
0.0 48.0 117.0 35.0
obstacle
0.0129934819415
312.0 63.0 29.0 58.0
obstacle
0.0129428403452
268.0 24.0 118.0 30.0
obstacle
0.0129230851308
42.0 57.0 29.0 71.0
obstacle
0.0128979347646
386.0 297.0 31.0 44.0
obstacle
0.0128150163218
235.0 35.0 28.0 63.0
obstacle
0.0128146773204
236.0 65.0 28.0 55.0
obstacle
0.01280386094
270.0 267.0 36.0 68.0
obstacle
0.0127852493897
164.0 214.0 27.0 14.0
obstacle
0.0127849215642
86.0 0.0 16.0 28.0
obstacle
0.0127759147435
198.0 166.0 29.0 14.0
obstacle
0.0127518698573
95.0 0.0 157.0 101.0
obstacle
0.0127515150234
208.0 74.0 161.0 142.0
obstacle
0.0126578537747
220.0 312.0 140.0 29.0
obstacle
0.012650356628
195.0 300.0 29.0 41.0
obstacle
0.0126347681507
395.0 0.0 15.0 28.0
obstacle
0.0126296505332
191.0 75.0 122.0 36.0
obstacle
0.0126207293943
37.0 319.0 41.0 20.0
obstacle
0.0126200169325
42.0 133.0 30.0 74.0
obstacle
0.0125987958163
150.0 107.0 45.0 19.0
obstacle
0.0125674484298
0.0 86.0 324.0 117.0
obstacle
0.0125664332882
42.0 32.0 31.0 69.0
obstacle
0.0124882468954
0.0 301.0 198.0 40.0
obstacle
0.0124724544585
118.0 88.0 31.0 61.0
