obstacle
0.236945956945
15.0 129.0 392.0 128.0
obstacle
0.225819081068
170.0 138.0 330.0 112.0
obstacle
0.156157329679
383.0 224.0 117.0 38.0
obstacle
0.153055533767
131.0 23.0 164.0 132.0
obstacle
0.150450259447
106.0 58.0 211.0 60.0
obstacle
0.134529024363
154.0 52.0 116.0 31.0
obstacle
0.134059920907
121.0 74.0 109.0 30.0
obstacle
0.133141368628
123.0 52.0 105.0 30.0
obstacle
0.125143051147
194.0 51.0 110.0 31.0
obstacle
0.124270305037
221.0 161.0 279.0 64.0
obstacle
0.123661860824
391.0 252.0 103.0 30.0
obstacle
0.119502797723
32.0 37.0 359.0 102.0
obstacle
0.113262869418
304.0 256.0 122.0 28.0
obstacle
0.113120764494
278.0 217.0 222.0 54.0
obstacle
0.111145593226
150.0 69.0 129.0 39.0
obstacle
0.108906030655
0.0 62.0 31.0 15.0
obstacle
0.108876891434
264.0 176.0 125.0 34.0
obstacle
0.108363039792
347.0 228.0 120.0 33.0
obstacle
0.0996777638793
88.0 157.0 247.0 71.0
obstacle
0.0959133729339
68.0 188.0 210.0 54.0
obstacle
0.0957680270076
339.0 175.0 128.0 35.0
obstacle
0.0953501388431
97.0 215.0 230.0 55.0
obstacle
0.0936936587095
384.0 176.0 116.0 33.0
obstacle
0.0893849954009
271.0 152.0 115.0 32.0
obstacle
0.0853794068098
59.0 39.0 229.0 53.0
obstacle
0.0847002789378
0.0 51.0 69.0 34.0
obstacle
0.0839731618762
216.0 200.0 284.0 86.0
obstacle
0.0832859799266
22.0 190.0 375.0 106.0
obstacle
0.0819383263588
255.0 134.0 142.0 118.0
obstacle
0.0811544656754
313.0 141.0 30.0 52.0
obstacle
0.078690469265
311.0 156.0 38.0 20.0
obstacle
0.0784645602107
229.0 48.0 115.0 36.0
obstacle
0.0777459144592
189.0 99.0 121.0 31.0
obstacle
0.0769419372082
3.0 48.0 22.0 38.0
obstacle
0.0737788826227
235.0 72.0 101.0 34.0
obstacle
0.0730704516172
84.0 76.0 114.0 26.0
obstacle
0.0723153650761
348.0 257.0 112.0 24.0
obstacle
0.0714565739036
225.0 56.0 50.0 15.0
obstacle
0.0713044553995
417.0 259.0 50.0 17.0
obstacle
0.0708954706788
270.0 229.0 114.0 31.0
obstacle
0.0696767568588
155.0 229.0 111.0 33.0
obstacle
0.0690980628133
325.0 130.0 155.0 124.0
obstacle
0.06883161515
384.0 206.0 116.0 28.0
obstacle
0.0672883540392
212.0 239.0 231.0 59.0
obstacle
0.0669679567218
312.0 159.0 28.0 63.0
obstacle
0.0668167471886
186.0 3.0 127.0 126.0
obstacle
0.0660835132003
211.0 23.0 153.0 134.0
obstacle
0.0657559335232
128.0 37.0 244.0 59.0
obstacle
0.065359018743
382.0 189.0 118.0 108.0
obstacle
0.0642657056451
189.0 57.0 47.0 19.0
obstacle
0.0640643909574
152.0 57.0 42.0 19.0
obstacle
0.0639694109559
199.0 138.0 255.0 59.0
obstacle
0.0634321197867
119.0 134.0 178.0 119.0
obstacle
0.0633826702833
104.0 14.0 141.0 104.0
obstacle
0.0624874196947
307.0 181.0 40.0 20.0
obstacle
0.0624870210886
0.0 169.0 316.0 93.0
obstacle
0.0624591633677
309.0 230.0 111.0 31.0
obstacle
0.0615703612566
173.0 55.0 153.0 119.0
obstacle
0.0603943951428
5.0 70.0 19.0 35.0
obstacle
0.0602966211736
237.0 37.0 31.0 58.0
obstacle
0.0599683746696
106.0 201.0 134.0 30.0
obstacle
0.0595276094973
85.0 50.0 110.0 29.0
obstacle
0.0594973489642
79.0 203.0 110.0 30.0
obstacle
0.0593979880214
196.0 35.0 34.0 61.0
obstacle
0.0593642294407
116.0 55.0 42.0 18.0
obstacle
0.0593354292214
34.0 202.0 125.0 29.0
obstacle
0.057590585202
164.0 154.0 97.0 31.0
obstacle
0.0575853586197
1.0 76.0 31.0 14.0
obstacle
0.0567985549569
174.0 60.0 225.0 57.0
obstacle
0.0567929707468
341.0 262.0 47.0 16.0
obstacle
0.0566555187106
235.0 150.0 104.0 30.0
obstacle
0.0562548749149
197.0 152.0 105.0 32.0
obstacle
0.0561347641051
29.0 55.0 53.0 18.0
obstacle
0.0557420961559
151.0 98.0 124.0 35.0
obstacle
0.0549199692905
130.0 2.0 315.0 127.0
obstacle
0.0547703318298
73.0 140.0 199.0 56.0
obstacle
0.0545966289937
330.0 235.0 170.0 63.0
obstacle
0.0534840337932
110.0 152.0 123.0 32.0
obstacle
0.0534592680633
105.0 90.0 214.0 48.0
obstacle
0.0531955435872
0.0 71.0 111.0 35.0
obstacle
0.0521560907364
346.0 142.0 31.0 53.0
obstacle
0.0513061136007
157.0 39.0 31.0 54.0
obstacle
0.0506184324622
138.0 216.0 362.0 106.0
obstacle
0.0502698943019
120.0 177.0 103.0 35.0
obstacle
0.049939788878
193.0 226.0 114.0 31.0
obstacle
0.049763508141
191.0 207.0 36.0 19.0
obstacle
0.0489045083523
91.0 149.0 166.0 133.0
obstacle
0.0481894351542
16.0 169.0 239.0 49.0
obstacle
0.0478972382843
298.0 259.0 60.0 17.0
obstacle
0.0473114661872
231.0 98.0 110.0 33.0
obstacle
0.0471642240882
117.0 100.0 118.0 30.0
obstacle
0.0467755608261
191.0 149.0 40.0 85.0
obstacle
0.0464574806392
146.0 78.0 54.0 19.0
obstacle
0.0459292978048
343.0 153.0 119.0 32.0
obstacle
0.0449154190719
114.0 81.0 46.0 16.0
obstacle
0.0448483526707
114.0 228.0 119.0 33.0
obstacle
0.0448197871447
272.0 47.0 102.0 36.0
obstacle
0.0445078089833
52.0 0.0 322.0 94.0
obstacle
0.0440223366022
194.0 138.0 35.0 61.0
obstacle
0.0439842380583
39.0 73.0 344.0 136.0
obstacle
0.0438980832696
309.0 58.0 35.0 15.0
obstacle
0.0437815748155
379.0 152.0 121.0 35.0
obstacle
0.043778821826
211.0 172.0 153.0 42.0
obstacle
0.0432899110019
236.0 138.0 31.0 57.0
obstacle
0.0431424602866
219.0 104.0 55.0 21.0
obstacle
0.0422464460135
191.0 187.0 39.0 57.0
obstacle
0.0421263091266
68.0 206.0 52.0 21.0
obstacle
0.0415463447571
417.0 234.0 49.0 17.0
obstacle
0.0413989685476
303.0 237.0 50.0 15.0
obstacle
0.0413704998791
196.0 60.0 30.0 57.0
obstacle
0.0412213169038
380.0 235.0 51.0 15.0
obstacle
0.0409025922418
99.0 109.0 228.0 60.0
obstacle
0.0408069640398
80.0 178.0 110.0 30.0
obstacle
0.0407046712935
232.0 85.0 36.0 58.0
obstacle
0.0403734669089
190.0 79.0 46.0 18.0
obstacle
0.039268437773
125.0 254.0 92.0 30.0
obstacle
0.0392133668065
232.0 157.0 38.0 18.0
obstacle
0.0389673188329
343.0 158.0 41.0 18.0
obstacle
0.0389058813453
125.0 190.0 171.0 104.0
obstacle
0.0384957753122
231.0 254.0 116.0 33.0
obstacle
0.0379905477166
142.0 186.0 210.0 58.0
obstacle
0.0373826250434
195.0 174.0 109.0 36.0
obstacle
0.0371258407831
198.0 23.0 105.0 35.0
obstacle
0.0369231104851
148.0 125.0 127.0 32.0
obstacle
0.0367476865649
161.0 25.0 103.0 31.0
obstacle
0.0364343523979
421.0 240.0 39.0 57.0
obstacle
0.0363415256143
139.0 47.0 293.0 137.0
obstacle
0.0362864471972
189.0 157.0 46.0 19.0
obstacle
0.0361444987357
310.0 41.0 31.0 47.0
obstacle
0.0361227691174
422.0 212.0 40.0 15.0
obstacle
0.0361226722598
229.0 192.0 271.0 50.0
obstacle
0.0359096638858
193.0 108.0 37.0 62.0
obstacle
0.035537224263
186.0 129.0 52.0 24.0
obstacle
0.0353692024946
30.0 79.0 50.0 18.0
obstacle
0.0353280231357
182.0 234.0 54.0 20.0
obstacle
0.0350267477334
114.0 124.0 118.0 35.0
obstacle
0.0342192687094
220.0 227.0 138.0 32.0
obstacle
0.0341614484787
375.0 258.0 56.0 16.0
obstacle
0.0340960845351
269.0 184.0 40.0 18.0
obstacle
0.0340061187744
154.0 157.0 39.0 70.0
obstacle
0.0332236289978
308.0 213.0 37.0 61.0
obstacle
0.0331880785525
196.0 85.0 30.0 57.0
obstacle
0.0331086590886
147.0 131.0 49.0 17.0
obstacle
0.0328349545598
155.0 58.0 36.0 62.0
obstacle
0.0328297056258
149.0 202.0 123.0 32.0
obstacle
0.0326758250594
190.0 104.0 45.0 20.0
obstacle
0.0325455367565
381.0 184.0 49.0 16.0
obstacle
0.0323670506477
149.0 175.0 126.0 39.0
obstacle
0.0316850170493
271.0 39.0 33.0 53.0
obstacle
0.0311365202069
13.0 61.0 242.0 55.0
obstacle
0.031001156196
347.0 158.0 30.0 64.0
obstacle
0.0309898220003
218.0 78.0 62.0 18.0
obstacle
0.030978275463
318.0 154.0 18.0 27.0
obstacle
0.0309730321169
454.0 234.0 46.0 15.0
obstacle
0.0309246331453
44.0 36.0 27.0 59.0
obstacle
0.0309046562761
42.0 62.0 30.0 55.0
obstacle
0.0308634992689
253.0 210.0 151.0 118.0
obstacle
0.030798651278
232.0 154.0 33.0 73.0
obstacle
0.0307098850608
127.0 25.0 95.0 32.0
obstacle
0.03051530011
0.0 0.0 249.0 102.0
obstacle
0.030434248969
142.0 76.0 137.0 130.0
obstacle
0.0300618857145
234.0 60.0 33.0 58.0
obstacle
0.0299353003502
148.0 235.0 49.0 19.0
obstacle
0.0299115329981
190.0 182.0 41.0 21.0
obstacle
0.0297343023121
194.0 203.0 109.0 28.0
obstacle
0.0296736210585
271.0 63.0 32.0 55.0
obstacle
0.0296423174441
342.0 278.0 121.0 34.0
obstacle
0.0294637344778
156.0 106.0 30.0 67.0
obstacle
0.0292800553143
420.0 183.0 43.0 16.0
obstacle
0.0291615519673
3.0 86.0 25.0 58.0
obstacle
0.0288357660174
114.0 209.0 40.0 17.0
obstacle
0.0288048312068
257.0 80.0 61.0 17.0
obstacle
0.0287026874721
424.0 214.0 33.0 59.0
obstacle
0.0285052563995
340.0 205.0 128.0 27.0
obstacle
0.0284405034035
458.0 262.0 42.0 14.0
obstacle
0.0284370221198
462.0 214.0 33.0 59.0
obstacle
0.0283918138593
195.0 256.0 109.0 30.0
obstacle
0.0283768605441
258.0 202.0 137.0 31.0
obstacle
0.028245953843
176.0 213.0 225.0 60.0
obstacle
0.0280719362199
274.0 138.0 31.0 55.0
obstacle
0.028029192239
54.0 136.0 160.0 113.0
obstacle
0.0278210751712
0.0 30.0 37.0 17.0
obstacle
0.0276878271252
32.0 243.0 284.0 51.0
obstacle
0.027584316209
183.0 115.0 131.0 103.0
obstacle
0.027455387637
272.0 156.0 32.0 17.0
obstacle
0.0273712016642
266.0 57.0 43.0 16.0
obstacle
0.0273544806987
226.0 232.0 48.0 19.0
obstacle
0.0273280106485
193.0 279.0 113.0 30.0
obstacle
0.0273211412132
20.0 216.0 231.0 52.0
obstacle
0.0272923540324
79.0 187.0 33.0 61.0
obstacle
0.0272825676948
387.0 161.0 30.0 59.0
obstacle
0.0269347727299
180.0 87.0 218.0 54.0
obstacle
0.0267123915255
122.0 66.0 25.0 48.0
obstacle
0.0267013721168
0.0 231.0 321.0 102.0
obstacle
0.0265205036849
0.0 21.0 114.0 37.0
obstacle
0.0262728389353
424.0 165.0 33.0 54.0
obstacle
0.026259822771
155.0 184.0 39.0 16.0
obstacle
0.0261754132807
270.0 155.0 35.0 73.0
obstacle
0.0260391235352
92.0 10.0 237.0 60.0
obstacle
0.0258009936661
263.0 261.0 45.0 18.0
obstacle
0.0257543958724
103.0 112.0 138.0 108.0
obstacle
0.0256273634732
237.0 127.0 99.0 31.0
obstacle
0.0255949683487
310.0 238.0 32.0 60.0
obstacle
0.0252988729626
235.0 107.0 31.0 63.0
obstacle
0.0249872207642
345.0 182.0 39.0 19.0
obstacle
0.0248868428171
154.0 84.0 40.0 62.0
obstacle
0.024878744036
275.0 164.0 225.0 105.0
obstacle
0.0248569417745
79.0 41.0 116.0 100.0
obstacle
0.0247801858932
266.0 304.0 124.0 29.0
obstacle
0.0247224681079
150.0 207.0 45.0 18.0
obstacle
0.0246670525521
114.0 157.0 45.0 18.0
obstacle
0.0244230590761
156.0 131.0 34.0 71.0
obstacle
0.0242165587842
124.0 39.0 26.0 53.0
obstacle
0.0241685379297
2.0 11.0 26.0 58.0
obstacle
0.024137603119
161.0 153.0 175.0 127.0
obstacle
0.0240745153278
426.0 132.0 30.0 70.0
obstacle
0.0239235255867
40.0 22.0 109.0 33.0
obstacle
0.0238747578114
191.0 209.0 36.0 67.0
obstacle
0.0238544158638
231.0 208.0 35.0 16.0
obstacle
0.0238511729985
149.0 154.0 45.0 24.0
obstacle
0.0238388013095
235.0 5.0 30.0 69.0
obstacle
0.0235984493047
379.0 159.0 49.0 18.0
obstacle
0.0235716402531
148.0 254.0 126.0 32.0
obstacle
0.0235551986843
87.0 253.0 97.0 34.0
obstacle
0.0235114935786
343.0 210.0 38.0 67.0
obstacle
0.0233693700284
418.0 161.0 47.0 18.0
obstacle
0.0233644898981
179.0 264.0 321.0 69.0
obstacle
0.023335320875
273.0 84.0 29.0 61.0
obstacle
0.0232848972082
264.0 234.0 46.0 17.0
obstacle
0.0229425132275
0.0 125.0 114.0 32.0
obstacle
0.0229353904724
83.0 102.0 107.0 26.0
obstacle
0.022879069671
151.0 106.0 41.0 17.0
obstacle
0.022848688066
194.0 302.0 113.0 31.0
obstacle
0.0228011123836
464.0 237.0 32.0 63.0
obstacle
0.0227041617036
234.0 181.0 35.0 21.0
obstacle
0.0225098188967
337.0 234.0 56.0 19.0
obstacle
0.0225040353835
230.0 131.0 39.0 18.0
obstacle
0.022423055023
226.0 30.0 48.0 18.0
obstacle
0.0222748015076
0.0 0.0 115.0 31.0
obstacle
0.0221786629409
149.0 31.0 45.0 16.0
obstacle
0.0221638325602
41.0 8.0 32.0 66.0
obstacle
0.0220593214035
265.0 278.0 126.0 35.0
obstacle
0.0220532994717
117.0 107.0 35.0 15.0
obstacle
0.0220096930861
322.0 140.0 178.0 57.0
obstacle
0.0220012515783
0.0 9.0 85.0 114.0
obstacle
0.021820390597
195.0 3.0 30.0 74.0
obstacle
0.0218079332262
79.0 81.0 35.0 14.0
obstacle
0.021737087518
265.0 106.0 47.0 17.0
obstacle
0.0217323098332
386.0 213.0 33.0 60.0
obstacle
0.0217076390982
155.0 5.0 33.0 71.0
obstacle
0.021693745628
153.0 185.0 37.0 63.0
obstacle
0.0214153360575
303.0 312.0 48.0 18.0
obstacle
0.0214106962085
166.0 0.0 334.0 71.0
obstacle
0.0213871747255
249.0 296.0 234.0 37.0
obstacle
0.021263808012
142.0 0.0 139.0 104.0
obstacle
0.0212473869324
166.0 293.0 246.0 40.0
obstacle
0.0211597960442
83.0 58.0 30.0 13.0
obstacle
0.0211549773812
192.0 30.0 37.0 17.0
obstacle
0.0209693089128
106.0 55.0 138.0 118.0
obstacle
0.020960746333
31.0 30.0 53.0 17.0
obstacle
0.0208761114627
11.0 58.0 9.0 18.0
obstacle
0.0208203103393
372.0 285.0 59.0 17.0
obstacle
0.0203540101647
114.0 162.0 38.0 60.0
obstacle
0.0203375481069
10.0 99.0 93.0 33.0
obstacle
0.0203242059797
387.0 138.0 30.0 57.0
obstacle
0.0201875325292
341.0 98.0 125.0 35.0
obstacle
0.0201609078795
342.0 246.0 41.0 49.0
obstacle
0.0201527494937
78.0 0.0 33.0 49.0
obstacle
0.0201468560845
211.0 81.0 289.0 119.0
obstacle
0.020027583465
29.0 3.0 57.0 18.0
obstacle
0.0200257133693
457.0 212.0 43.0 15.0
obstacle
0.0199947170913
0.0 0.0 183.0 46.0
obstacle
0.0199778769165
36.0 253.0 124.0 32.0
obstacle
0.0199616514146
234.0 215.0 31.0 53.0
obstacle
0.0199551396072
0.0 41.0 145.0 49.0
obstacle
0.0199519023299
305.0 208.0 43.0 17.0
obstacle
0.0199489500374
227.0 261.0 47.0 17.0
obstacle
0.0198894869536
117.0 32.0 36.0 14.0
obstacle
0.0198199320585
230.0 20.0 116.0 39.0
obstacle
0.0197790767998
113.0 183.0 47.0 19.0
obstacle
0.0197773110121
147.0 260.0 51.0 17.0
obstacle
0.0197413805872
242.0 157.0 16.0 22.0
obstacle
0.0194355323911
300.0 115.0 129.0 105.0
obstacle
0.0194104388356
84.0 279.0 104.0 31.0
obstacle
0.019398804754
341.0 313.0 47.0 18.0
obstacle
0.0193118155003
0.0 0.0 30.0 49.0
obstacle
0.0192426815629
42.0 77.0 110.0 24.0
obstacle
0.0192109197378
308.0 47.0 112.0 33.0
obstacle
0.0192001219839
1.0 113.0 29.0 57.0
obstacle
0.019132964313
0.0 3.0 40.0 18.0
obstacle
0.0191060565412
72.0 3.0 48.0 18.0
obstacle
0.0190747641027
463.0 160.0 37.0 18.0
obstacle
0.019025824964
74.0 31.0 45.0 15.0
obstacle
0.0188827756792
223.0 286.0 50.0 16.0
obstacle
0.0188584085554
466.0 294.0 26.0 39.0
obstacle
0.0188226532191
318.0 180.0 18.0 26.0
obstacle
0.0188224725425
427.0 184.0 31.0 69.0
obstacle
0.01876780577
82.0 25.0 109.0 31.0
obstacle
0.0187212433666
116.0 278.0 112.0 33.0
obstacle
0.0187122747302
0.0 105.0 35.0 19.0
