obstacle
0.802574813366
199.0 145.0 183.0 55.0
obstacle
0.725512087345
78.0 171.0 116.0 41.0
obstacle
0.508975982666
424.0 102.0 47.0 13.0
obstacle
0.461762040854
408.0 100.0 75.0 20.0
obstacle
0.343363791704
65.0 163.0 208.0 53.0
obstacle
0.323495328426
389.0 113.0 27.0 10.0
obstacle
0.269707232714
371.0 109.0 74.0 18.0
obstacle
0.24994520843
211.0 116.0 158.0 102.0
obstacle
0.214464217424
306.0 152.0 99.0 26.0
obstacle
0.199715360999
204.0 141.0 296.0 49.0
obstacle
0.186309888959
328.0 109.0 81.0 21.0
obstacle
0.177743583918
234.0 167.0 113.0 38.0
obstacle
0.176097273827
58.0 178.0 101.0 29.0
obstacle
0.144287005067
458.0 104.0 31.0 11.0
obstacle
0.137970641255
104.0 183.0 62.0 21.0
obstacle
0.129482209682
76.0 156.0 117.0 32.0
obstacle
0.128137901425
354.0 114.0 19.0 13.0
obstacle
0.110400795937
130.0 162.0 243.0 51.0
obstacle
0.106928750873
433.0 97.0 18.0 36.0
obstacle
0.104822799563
323.0 111.0 20.0 13.0
obstacle
0.100735783577
143.0 184.0 56.0 16.0
obstacle
0.0885959640145
32.0 144.0 202.0 52.0
obstacle
0.0878227800131
225.0 163.0 201.0 47.0
obstacle
0.0874302238226
0.0 153.0 348.0 80.0
obstacle
0.0819599479437
301.0 159.0 46.0 14.0
obstacle
0.0800182819366
348.0 153.0 98.0 25.0
obstacle
0.0790406242013
294.0 90.0 206.0 49.0
obstacle
0.076271109283
392.0 100.0 18.0 31.0
obstacle
0.0753082707524
205.0 156.0 112.0 32.0
obstacle
0.0729642212391
202.0 171.0 107.0 34.0
obstacle
0.068656809628
393.0 79.0 103.0 30.0
obstacle
0.068623572588
173.0 111.0 231.0 65.0
obstacle
0.0677178576589
80.0 185.0 44.0 15.0
obstacle
0.0664190873504
0.0 120.0 429.0 97.0
obstacle
0.0649818852544
387.0 80.0 113.0 76.0
obstacle
0.0631616786122
349.0 106.0 23.0 25.0
obstacle
0.0630454197526
384.0 159.0 30.0 14.0
obstacle
0.0605329498649
346.0 156.0 31.0 14.0
obstacle
0.0575917772949
103.0 161.0 60.0 18.0
obstacle
0.0571231134236
44.0 158.0 111.0 25.0
obstacle
0.0566204972565
262.0 126.0 128.0 34.0
obstacle
0.0551991574466
279.0 104.0 100.0 29.0
obstacle
0.0551237240434
118.0 135.0 29.0 65.0
obstacle
0.0536353997886
124.0 152.0 332.0 79.0
obstacle
0.050127401948
78.0 195.0 113.0 37.0
obstacle
0.0499372519553
263.0 160.0 52.0 18.0
obstacle
0.0477592758834
236.0 162.0 31.0 15.0
obstacle
0.0476855039597
159.0 177.0 93.0 27.0
obstacle
0.0453602150083
24.0 184.0 223.0 55.0
obstacle
0.0449853613973
72.0 111.0 126.0 115.0
obstacle
0.0446722172201
270.0 118.0 180.0 96.0
obstacle
0.0435175672174
264.0 182.0 49.0 13.0
obstacle
0.0433486141264
78.0 161.0 39.0 14.0
obstacle
0.0424908809364
113.0 123.0 117.0 39.0
obstacle
0.0423994883895
313.0 101.0 29.0 33.0
obstacle
0.0407897531986
468.0 93.0 19.0 42.0
obstacle
0.0406503900886
386.0 150.0 111.0 33.0
obstacle
0.0395648889244
273.0 171.0 98.0 34.0
obstacle
0.0388654619455
382.0 132.0 38.0 13.0
obstacle
0.0382536165416
388.0 148.0 25.0 36.0
obstacle
0.0381441563368
413.0 155.0 56.0 20.0
obstacle
0.0373381562531
234.0 180.0 40.0 16.0
obstacle
0.0370621755719
423.0 90.0 40.0 13.0
obstacle
0.036355111748
25.0 155.0 153.0 78.0
obstacle
0.0362743474543
389.0 123.0 100.0 34.0
obstacle
0.0361506864429
23.0 109.0 222.0 65.0
obstacle
0.035759344697
421.0 128.0 47.0 21.0
obstacle
0.0345717445016
49.0 198.0 100.0 33.0
obstacle
0.0343148782849
243.0 117.0 235.0 51.0
obstacle
0.0342133119702
120.0 200.0 99.0 26.0
obstacle
0.0338604003191
311.0 131.0 33.0 16.0
obstacle
0.0337984338403
93.0 150.0 237.0 39.0
obstacle
0.0335822217166
350.0 80.0 111.0 26.0
obstacle
0.0335442759097
234.0 101.0 109.0 32.0
obstacle
0.0333742722869
116.0 164.0 34.0 52.0
obstacle
0.0331795737147
272.0 108.0 35.0 14.0
obstacle
0.0326598510146
316.0 117.0 25.0 45.0
obstacle
0.0321562737226
425.0 132.0 35.0 67.0
obstacle
0.0310158506036
342.0 48.0 121.0 33.0
obstacle
0.030867209658
261.0 87.0 133.0 113.0
obstacle
0.0308185201138
146.0 133.0 51.0 16.0
obstacle
0.0301853027195
116.0 110.0 37.0 65.0
obstacle
0.030131900683
155.0 137.0 28.0 63.0
obstacle
0.0298624392599
105.0 206.0 58.0 15.0
obstacle
0.0294343791902
388.0 47.0 107.0 34.0
obstacle
0.0293516870588
270.0 86.0 34.0 62.0
obstacle
0.0292437244207
45.0 157.0 406.0 117.0
obstacle
0.029009738937
139.0 90.0 303.0 105.0
obstacle
0.0289711207151
43.0 123.0 110.0 37.0
obstacle
0.0288689490408
111.0 133.0 48.0 16.0
obstacle
0.0283441264182
457.0 87.0 41.0 12.0
obstacle
0.0281540155411
74.0 133.0 44.0 16.0
obstacle
0.0278667192906
338.0 125.0 127.0 29.0
obstacle
0.0277866479009
389.0 175.0 105.0 33.0
obstacle
0.027769735083
83.0 140.0 26.0 55.0
obstacle
0.0273573100567
153.0 169.0 35.0 46.0
obstacle
0.0272805988789
157.0 85.0 264.0 62.0
obstacle
0.0272683873773
0.0 180.0 126.0 25.0
obstacle
0.0268747322261
276.0 114.0 26.0 52.0
obstacle
0.0268164388835
0.0 55.0 36.0 18.0
obstacle
0.0265199355781
0.0 153.0 119.0 28.0
obstacle
0.0262132380158
183.0 187.0 208.0 56.0
obstacle
0.0261118337512
267.0 83.0 41.0 15.0
obstacle
0.025978570804
345.0 151.0 32.0 28.0
obstacle
0.0254661533982
323.0 75.0 85.0 32.0
obstacle
0.0254649538547
155.0 108.0 32.0 68.0
obstacle
0.0253678243607
154.0 161.0 36.0 15.0
obstacle
0.0252181366086
2.0 122.0 113.0 40.0
obstacle
0.025170519948
33.0 133.0 49.0 16.0
obstacle
0.0248933658004
302.0 146.0 44.0 39.0
obstacle
0.0243412386626
0.0 157.0 41.0 18.0
obstacle
0.0242233909667
309.0 84.0 33.0 14.0
obstacle
0.0239527579397
73.0 60.0 427.0 111.0
obstacle
0.0239408854395
469.0 32.0 23.0 64.0
obstacle
0.0239378549159
466.0 137.0 29.0 59.0
obstacle
0.023848567158
350.0 133.0 27.0 14.0
obstacle
0.0236467067152
388.0 115.0 27.0 49.0
obstacle
0.023555777967
348.0 86.0 34.0 12.0
obstacle
0.0234395619482
267.0 133.0 44.0 16.0
obstacle
0.0234354771674
3.0 36.0 25.0 59.0
obstacle
0.0231508873403
151.0 73.0 122.0 35.0
obstacle
0.0231508482248
278.0 72.0 222.0 137.0
obstacle
0.023091500625
419.0 181.0 47.0 19.0
obstacle
0.0229686610401
4.0 79.0 337.0 121.0
obstacle
0.0229404550046
466.0 7.0 29.0 63.0
obstacle
0.022935828194
348.0 65.0 152.0 55.0
obstacle
0.0226937066764
0.0 0.0 326.0 76.0
obstacle
0.022688228637
160.0 156.0 111.0 25.0
obstacle
0.022378988564
9.0 49.0 99.0 31.0
obstacle
0.0221919603646
455.0 155.0 45.0 20.0
obstacle
0.0221139639616
226.0 225.0 126.0 36.0
obstacle
0.0219707414508
302.0 95.0 122.0 96.0
obstacle
0.0219424068928
187.0 81.0 45.0 16.0
obstacle
0.0218716617674
429.0 106.0 27.0 66.0
obstacle
0.0218665357679
78.0 207.0 41.0 15.0
obstacle
0.0218346398324
14.0 213.0 239.0 56.0
obstacle
0.0218163374811
433.0 72.0 19.0 44.0
obstacle
0.0217713937163
194.0 184.0 30.0 12.0
obstacle
0.0217602793127
130.0 183.0 370.0 119.0
obstacle
0.0217212494463
343.0 56.0 45.0 16.0
obstacle
0.021692674607
190.0 133.0 40.0 14.0
obstacle
0.0216213036329
323.0 109.0 9.0 14.0
obstacle
0.0215665176511
80.0 88.0 30.0 55.0
obstacle
0.0214908290654
154.0 127.0 111.0 29.0
obstacle
0.021478228271
427.0 25.0 27.0 81.0
obstacle
0.0214732196182
37.0 157.0 41.0 18.0
obstacle
0.021448770538
79.0 107.0 32.0 71.0
obstacle
0.0213881805539
0.0 183.0 40.0 17.0
obstacle
0.0213809274137
232.0 133.0 34.0 15.0
obstacle
0.0213329233229
0.0 2.0 42.0 19.0
obstacle
0.0212629549205
386.0 85.0 37.0 13.0
obstacle
0.0212371554226
350.0 30.0 28.0 70.0
obstacle
0.0211898013949
40.0 110.0 34.0 63.0
obstacle
0.0211146939546
215.0 0.0 285.0 104.0
obstacle
0.0210862662643
52.0 163.0 166.0 103.0
obstacle
0.0210692528635
45.0 49.0 105.0 31.0
obstacle
0.0209984499961
2.0 140.0 29.0 52.0
obstacle
0.0209237188101
428.0 164.0 28.0 57.0
obstacle
0.0205658078194
356.0 70.0 18.0 44.0
obstacle
0.0204925704747
237.0 148.0 24.0 37.0
obstacle
0.0204541068524
230.0 109.0 37.0 13.0
obstacle
0.0204497370869
353.0 110.0 23.0 60.0
obstacle
0.0204124599695
111.0 224.0 123.0 38.0
obstacle
0.020365640521
86.0 169.0 23.0 45.0
obstacle
0.0203654076904
108.0 72.0 129.0 37.0
obstacle
0.0202537011355
35.0 184.0 48.0 18.0
obstacle
0.0202381312847
151.0 80.0 42.0 17.0
obstacle
0.0202173236758
36.0 100.0 119.0 31.0
obstacle
0.0202104449272
228.0 83.0 41.0 15.0
obstacle
0.0201534647495
42.0 136.0 29.0 61.0
obstacle
0.0198821369559
73.0 227.0 122.0 32.0
obstacle
0.0198460184038
231.0 199.0 116.0 35.0
obstacle
0.019822306931
456.0 2.0 44.0 18.0
obstacle
0.0197860430926
0.0 178.0 295.0 128.0
obstacle
0.0196518823504
268.0 75.0 114.0 29.0
obstacle
0.0196278374642
387.0 27.0 30.0 77.0
obstacle
0.0196011122316
469.0 66.0 24.0 49.0
obstacle
0.0195557083935
419.0 56.0 46.0 17.0
obstacle
0.0194196775556
0.0 207.0 41.0 20.0
obstacle
0.0194171220064
0.0 0.0 33.0 49.0
obstacle
0.0193772036582
153.0 208.0 39.0 71.0
obstacle
0.0192408338189
232.0 76.0 110.0 30.0
obstacle
0.0191994775087
185.0 128.0 132.0 30.0
obstacle
0.0191582329571
237.0 163.0 29.0 53.0
obstacle
0.0190726201981
311.0 31.0 30.0 67.0
obstacle
0.0190668907017
300.0 33.0 200.0 61.0
obstacle
0.0190422590822
0.0 30.0 243.0 119.0
obstacle
0.0188553724438
191.0 227.0 119.0 33.0
obstacle
0.01883036457
76.0 109.0 37.0 14.0
obstacle
0.0188119392842
270.0 46.0 115.0 37.0
obstacle
0.0187587477267
98.0 0.0 380.0 69.0
obstacle
0.0186738632619
198.0 147.0 27.0 42.0
obstacle
0.0186622943729
456.0 29.0 44.0 18.0
obstacle
0.0185646507889
190.0 108.0 42.0 15.0
obstacle
0.0183273758739
0.0 73.0 115.0 35.0
obstacle
0.0183064248413
385.0 0.0 35.0 48.0
obstacle
0.0183055121452
270.0 200.0 111.0 33.0
obstacle
0.0182840991765
119.0 88.0 32.0 56.0
obstacle
0.0182262826711
460.0 56.0 40.0 17.0
obstacle
0.0182184353471
270.0 211.0 36.0 65.0
obstacle
0.0181833188981
0.0 173.0 78.0 37.0
obstacle
0.0181664731354
125.0 126.0 18.0 28.0
obstacle
0.0181129332632
273.0 65.0 31.0 51.0
obstacle
0.0180853996426
303.0 57.0 46.0 15.0
obstacle
0.0180635936558
197.0 93.0 27.0 48.0
obstacle
0.0179709214717
380.0 55.0 47.0 17.0
obstacle
0.0179033763707
259.0 232.0 58.0 21.0
obstacle
0.0178886782378
2.0 166.0 28.0 54.0
obstacle
0.0177429821342
197.0 60.0 27.0 59.0
obstacle
0.0177186727524
231.0 213.0 35.0 61.0
obstacle
0.017642473802
346.0 200.0 117.0 36.0
obstacle
0.0175871122628
228.0 187.0 272.0 58.0
obstacle
0.0175834707916
3.0 86.0 25.0 60.0
obstacle
0.0175581127405
32.0 74.0 128.0 33.0
obstacle
0.0175238717347
377.0 2.0 52.0 19.0
obstacle
0.0174198169261
360.0 110.0 8.0 13.0
obstacle
0.0174037832767
2.0 111.0 27.0 61.0
obstacle
0.0173088405281
459.0 183.0 41.0 19.0
obstacle
0.0172836165875
466.0 0.0 29.0 42.0
obstacle
0.0172378700227
76.0 82.0 38.0 16.0
obstacle
0.0172096602619
150.0 206.0 41.0 15.0
obstacle
0.0171563159674
201.0 161.0 27.0 13.0
obstacle
0.0170455910265
315.0 64.0 23.0 54.0
obstacle
0.0170406233519
0.0 132.0 40.0 16.0
obstacle
0.0170243121684
131.0 210.0 237.0 65.0
obstacle
0.0168518014252
1.0 187.0 31.0 62.0
obstacle
0.0168443452567
0.0 260.0 41.0 18.0
obstacle
0.0168344676495
79.0 31.0 32.0 67.0
obstacle
0.0167960245162
200.0 202.0 101.0 31.0
obstacle
0.0167201831937
0.0 0.0 81.0 32.0
obstacle
0.0167179144919
426.0 188.0 31.0 61.0
obstacle
0.0166967045516
191.0 102.0 116.0 30.0
obstacle
0.0166878271848
418.0 3.0 48.0 18.0
obstacle
0.0166657771915
468.0 166.0 28.0 53.0
obstacle
0.0166300665587
384.0 21.0 116.0 35.0
obstacle
0.0164727009833
310.0 201.0 110.0 33.0
obstacle
0.016437407583
377.0 250.0 123.0 37.0
obstacle
0.0164302624762
233.0 5.0 34.0 68.0
obstacle
0.0163750983775
0.0 82.0 38.0 15.0
obstacle
0.0163624100387
157.0 99.0 109.0 34.0
obstacle
0.016349086538
230.0 47.0 118.0 34.0
obstacle
0.0162739660591
0.0 131.0 203.0 121.0
obstacle
0.0162652749568
344.0 19.0 121.0 38.0
obstacle
0.0162300784141
158.0 89.0 31.0 56.0
obstacle
0.0162245538086
324.0 4.0 160.0 122.0
obstacle
0.01620798558
263.0 56.0 50.0 16.0
obstacle
0.0161882396787
305.0 182.0 37.0 12.0
obstacle
0.0161668453366
359.0 176.0 89.0 28.0
obstacle
0.0161428079009
310.0 175.0 103.0 29.0
obstacle
0.0161250326782
7.0 100.0 103.0 30.0
obstacle
0.0160632822663
75.0 56.0 43.0 16.0
obstacle
0.0160487722605
267.0 143.0 36.0 48.0
obstacle
0.0160328745842
23.0 86.0 300.0 58.0
obstacle
0.0160108674318
347.0 238.0 153.0 61.0
obstacle
0.015994425863
76.0 100.0 115.0 32.0
obstacle
0.0159870591015
158.0 57.0 27.0 65.0
obstacle
0.0159754250199
148.0 32.0 282.0 61.0
obstacle
0.0159738026559
157.0 61.0 262.0 53.0
obstacle
0.0159730818123
265.0 130.0 235.0 123.0
obstacle
0.015970852226
0.0 312.0 38.0 18.0
obstacle
0.0159473698586
347.0 0.0 35.0 47.0
obstacle
0.0158592630178
35.0 108.0 45.0 15.0
obstacle
0.0158489141613
418.0 259.0 50.0 19.0
obstacle
0.0158461891115
35.0 82.0 46.0 15.0
obstacle
0.0158024989069
469.0 191.0 25.0 55.0
obstacle
0.0157963838428
4.0 60.0 24.0 59.0
obstacle
0.0157874133438
155.0 202.0 110.0 29.0
obstacle
0.0157766100019
464.0 283.0 36.0 20.0
obstacle
0.0157553758472
194.0 212.0 34.0 64.0
obstacle
0.015742758289
0.0 302.0 82.0 31.0
obstacle
0.0157194714993
0.0 34.0 229.0 57.0
obstacle
0.0157078802586
222.0 231.0 56.0 21.0
obstacle
0.0156718268991
271.0 31.0 33.0 68.0
obstacle
0.0156649332494
308.0 210.0 34.0 67.0
obstacle
0.0156352017075
153.0 226.0 116.0 34.0
obstacle
0.0156182171777
5.0 200.0 110.0 34.0
obstacle
0.0156107470393
73.0 233.0 49.0 19.0
obstacle
0.0155941238627
0.0 214.0 204.0 110.0
obstacle
0.0155879408121
151.0 109.0 41.0 14.0
obstacle
0.0155632346869
263.0 1.0 48.0 21.0
obstacle
0.0155420210212
85.0 187.0 251.0 55.0
obstacle
0.015522101894
426.0 0.0 31.0 45.0
obstacle
0.0154118798673
460.0 131.0 40.0 19.0
obstacle
0.0154104782268
266.0 250.0 122.0 38.0
obstacle
0.0153793878853
390.0 67.0 24.0 50.0
obstacle
0.0153546687216
467.0 240.0 28.0 58.0
obstacle
0.0153509182855
300.0 234.0 52.0 18.0
obstacle
0.0153326373547
163.0 126.0 17.0 30.0
obstacle
0.0152882030234
263.0 0.0 237.0 45.0
obstacle
0.0152596309781
417.0 0.0 83.0 31.0
obstacle
0.0151208825409
348.0 5.0 152.0 65.0
obstacle
0.0151002611965
468.0 213.0 25.0 61.0
obstacle
0.0150891533121
269.0 0.0 35.0 49.0
obstacle
0.0150539316237
0.0 107.0 34.0 16.0
obstacle
0.0149982748553
107.0 253.0 132.0 33.0
obstacle
0.0149923935533
427.0 210.0 30.0 68.0
obstacle
0.0149654392153
460.0 207.0 40.0 20.0
obstacle
0.014952278696
377.0 206.0 53.0 21.0
obstacle
0.0149471759796
27.0 59.0 292.0 60.0
obstacle
0.014900422655
117.0 185.0 34.0 62.0
