obstacle
0.816474676132
47.0 73.0 400.0 136.0
obstacle
0.188539609313
151.0 109.0 199.0 68.0
obstacle
0.180654659867
198.0 70.0 171.0 144.0
obstacle
0.171266183257
77.0 101.0 120.0 31.0
obstacle
0.131189882755
142.0 99.0 358.0 130.0
obstacle
0.0968189835548
10.0 59.0 326.0 118.0
obstacle
0.0910591259599
114.0 108.0 46.0 18.0
obstacle
0.0844167470932
76.0 63.0 122.0 109.0
obstacle
0.081986874342
48.0 71.0 99.0 35.0
obstacle
0.0800387188792
78.0 76.0 108.0 29.0
obstacle
0.0730423927307
79.0 80.0 41.0 18.0
obstacle
0.06932849437
239.0 203.0 104.0 25.0
obstacle
0.0665932074189
30.0 87.0 205.0 57.0
obstacle
0.065093100071
101.0 87.0 146.0 104.0
obstacle
0.0572652108967
85.0 108.0 34.0 17.0
obstacle
0.05664582178
211.0 124.0 148.0 39.0
obstacle
0.0559332855046
17.0 107.0 313.0 113.0
obstacle
0.0531041137874
121.0 85.0 29.0 61.0
obstacle
0.0518484413624
49.0 100.0 103.0 31.0
obstacle
0.0496580153704
157.0 108.0 31.0 15.0
obstacle
0.0495431572199
82.0 66.0 32.0 49.0
obstacle
0.048976123333
201.0 164.0 174.0 55.0
obstacle
0.0483647622168
71.0 122.0 134.0 31.0
obstacle
0.0478995405138
281.0 199.0 91.0 31.0
obstacle
0.0469099730253
134.0 133.0 228.0 62.0
obstacle
0.0463489480317
260.0 127.0 119.0 29.0
obstacle
0.0429410375655
161.0 48.0 339.0 138.0
obstacle
0.0423991456628
304.0 207.0 43.0 16.0
obstacle
0.0416143164039
94.0 84.0 229.0 64.0
obstacle
0.0404298044741
68.0 23.0 363.0 137.0
obstacle
0.0403992757201
110.0 82.0 42.0 17.0
obstacle
0.040213983506
18.0 113.0 231.0 50.0
obstacle
0.0400491170585
266.0 207.0 47.0 16.0
obstacle
0.0390971414745
59.0 128.0 380.0 118.0
obstacle
0.038829818368
345.0 177.0 118.0 34.0
obstacle
0.0386559888721
224.0 108.0 194.0 68.0
obstacle
0.0376443862915
305.0 177.0 117.0 27.0
obstacle
0.0372860133648
158.0 96.0 30.0 41.0
obstacle
0.0367507264018
43.0 123.0 114.0 35.0
obstacle
0.0361928530037
85.0 114.0 28.0 53.0
obstacle
0.034941803664
379.0 184.0 49.0 20.0
obstacle
0.033460393548
227.0 83.0 47.0 17.0
obstacle
0.0333099290729
225.0 180.0 130.0 27.0
obstacle
0.0325959995389
197.0 204.0 108.0 26.0
obstacle
0.0315540656447
88.0 93.0 25.0 46.0
obstacle
0.0313358828425
0.0 101.0 120.0 31.0
obstacle
0.0309238415211
117.0 67.0 30.0 49.0
obstacle
0.0305636674166
37.0 31.0 126.0 121.0
obstacle
0.0303913336247
189.0 81.0 49.0 18.0
obstacle
0.0299469083548
9.0 73.0 102.0 32.0
obstacle
0.0297023355961
0.0 61.0 191.0 57.0
obstacle
0.0296337734908
265.0 81.0 48.0 18.0
obstacle
0.0296227894723
44.0 82.0 28.0 67.0
obstacle
0.0290036350489
33.0 105.0 48.0 21.0
obstacle
0.028729300946
385.0 173.0 115.0 39.0
obstacle
0.0281409919262
111.0 129.0 49.0 19.0
obstacle
0.0280931591988
191.0 73.0 115.0 37.0
obstacle
0.0276962276548
389.0 165.0 30.0 56.0
obstacle
0.0275436751544
280.0 180.0 100.0 26.0
obstacle
0.0274785906076
30.0 74.0 138.0 132.0
obstacle
0.0273533426225
91.0 167.0 390.0 100.0
obstacle
0.0271539650857
201.0 112.0 179.0 157.0
obstacle
0.0270038414747
223.0 72.0 129.0 37.0
obstacle
0.0267815627158
277.0 158.0 223.0 66.0
obstacle
0.0267556160688
266.0 133.0 45.0 14.0
obstacle
0.0267013609409
310.0 85.0 33.0 64.0
obstacle
0.0254889484495
168.0 188.0 240.0 53.0
obstacle
0.0249821692705
272.0 54.0 32.0 73.0
obstacle
0.0248000025749
310.0 107.0 32.0 67.0
obstacle
0.0246971864253
228.0 55.0 45.0 18.0
obstacle
0.0244240909815
231.0 56.0 35.0 69.0
obstacle
0.0244048461318
267.0 73.0 119.0 34.0
obstacle
0.0244025979191
266.0 47.0 123.0 35.0
obstacle
0.0239947643131
302.0 55.0 51.0 18.0
obstacle
0.0239286888391
228.0 207.0 42.0 19.0
obstacle
0.0237287376076
80.0 49.0 112.0 33.0
obstacle
0.0234246272594
84.0 131.0 30.0 18.0
obstacle
0.0234220866114
271.0 114.0 29.0 52.0
obstacle
0.0233122073114
119.0 111.0 32.0 58.0
obstacle
0.022887898609
193.0 56.0 33.0 68.0
obstacle
0.0228727664798
353.0 201.0 104.0 32.0
obstacle
0.0228598229587
189.0 56.0 45.0 17.0
obstacle
0.0227591451257
149.0 74.0 121.0 34.0
obstacle
0.0226498655975
311.0 190.0 30.0 52.0
obstacle
0.0221640728414
232.0 108.0 29.0 64.0
obstacle
0.0221583601087
139.0 68.0 142.0 97.0
obstacle
0.0219781454653
8.0 127.0 104.0 30.0
obstacle
0.0216607600451
224.0 45.0 130.0 39.0
obstacle
0.0216129347682
264.0 55.0 49.0 17.0
obstacle
0.0215651579201
262.0 22.0 132.0 34.0
obstacle
0.0215240400285
82.0 132.0 32.0 63.0
obstacle
0.0214225128293
0.0 177.0 117.0 32.0
obstacle
0.0213874615729
304.0 201.0 123.0 31.0
obstacle
0.0212905779481
147.0 103.0 120.0 30.0
obstacle
0.0212204027921
191.0 179.0 121.0 26.0
obstacle
0.0210976451635
343.0 45.0 125.0 37.0
obstacle
0.0210274141282
88.0 76.0 16.0 27.0
obstacle
0.0209880433977
2.0 47.0 113.0 37.0
obstacle
0.0209595896304
41.0 47.0 113.0 35.0
obstacle
0.0207451861352
34.0 81.0 45.0 18.0
obstacle
0.0205659046769
113.0 75.0 115.0 33.0
obstacle
0.0204969812185
310.0 34.0 33.0 62.0
obstacle
0.0204564966261
154.0 125.0 120.0 31.0
obstacle
0.020393718034
268.0 102.0 116.0 31.0
obstacle
0.0202939864248
156.0 114.0 37.0 53.0
obstacle
0.0202867072076
304.0 80.0 48.0 19.0
obstacle
0.0202488172799
148.0 47.0 127.0 36.0
obstacle
0.0200721193105
139.0 2.0 361.0 123.0
obstacle
0.0200619213283
225.0 150.0 123.0 28.0
obstacle
0.019944190979
0.0 151.0 119.0 30.0
obstacle
0.0198774989694
271.0 87.0 31.0 58.0
obstacle
0.0197875741869
152.0 202.0 122.0 31.0
obstacle
0.0197765808553
139.0 105.0 148.0 116.0
obstacle
0.0194774419069
0.0 305.0 125.0 28.0
obstacle
0.0193872451782
20.0 176.0 382.0 134.0
obstacle
0.0191747415811
342.0 55.0 46.0 18.0
obstacle
0.0191396437585
0.0 3.0 355.0 123.0
obstacle
0.0190379731357
157.0 131.0 35.0 15.0
obstacle
0.0188489351422
263.0 233.0 51.0 18.0
obstacle
0.0188447330147
310.0 56.0 34.0 67.0
obstacle
0.0188001748174
383.0 22.0 117.0 34.0
obstacle
0.0187237411737
73.0 56.0 48.0 19.0
obstacle
0.0187205914408
149.0 56.0 49.0 16.0
obstacle
0.0186754316092
377.0 70.0 123.0 40.0
obstacle
0.0186738967896
0.0 251.0 118.0 37.0
obstacle
0.0185436028987
193.0 133.0 37.0 14.0
obstacle
0.0184078216553
80.0 41.0 32.0 50.0
obstacle
0.0182666890323
192.0 88.0 37.0 55.0
obstacle
0.0181916356087
155.0 56.0 34.0 70.0
obstacle
0.0181416850537
150.0 22.0 123.0 34.0
obstacle
0.0180690791458
43.0 148.0 111.0 35.0
obstacle
0.0180528014898
0.0 156.0 40.0 18.0
obstacle
0.0179626960307
43.0 59.0 29.0 62.0
obstacle
0.0179298911244
2.0 87.0 29.0 57.0
obstacle
0.0178640913218
155.0 82.0 37.0 15.0
obstacle
0.0178106185049
37.0 176.0 119.0 31.0
obstacle
0.0178006570786
300.0 72.0 132.0 37.0
obstacle
0.0177761670202
4.0 226.0 108.0 37.0
obstacle
0.017579715699
156.0 32.0 30.0 65.0
obstacle
0.0175436548889
233.0 227.0 111.0 32.0
obstacle
0.0175085552037
182.0 5.0 289.0 66.0
obstacle
0.017461437732
232.0 207.0 35.0 73.0
obstacle
0.017422337085
377.0 206.0 54.0 19.0
obstacle
0.0174130070955
467.0 0.0 28.0 43.0
obstacle
0.0172802507877
187.0 32.0 280.0 65.0
obstacle
0.0171913765371
270.0 226.0 113.0 36.0
obstacle
0.0171396136284
465.0 60.0 32.0 60.0
obstacle
0.0171258877963
0.0 79.0 38.0 18.0
obstacle
0.0170954167843
414.0 29.0 58.0 20.0
obstacle
0.0170441605151
3.0 277.0 110.0 37.0
obstacle
0.0170221365988
272.0 0.0 31.0 47.0
obstacle
0.0169427003711
3.0 140.0 27.0 52.0
obstacle
0.0168960485607
349.0 0.0 30.0 47.0
obstacle
0.0168128348887
344.0 126.0 116.0 30.0
obstacle
0.0167966708541
453.0 106.0 47.0 19.0
obstacle
0.0167803317308
417.0 5.0 52.0 16.0
obstacle
0.0167239792645
348.0 34.0 34.0 61.0
obstacle
0.0167063772678
304.0 131.0 41.0 18.0
obstacle
0.0166771616787
0.0 105.0 40.0 20.0
obstacle
0.0166681930423
23.0 137.0 225.0 54.0
obstacle
0.0166481584311
378.0 54.0 52.0 19.0
obstacle
0.0166473910213
388.0 0.0 28.0 46.0
obstacle
0.0166408643126
195.0 186.0 30.0 64.0
obstacle
0.0166142825037
186.0 207.0 48.0 20.0
obstacle
0.0165531374514
425.0 160.0 32.0 63.0
obstacle
0.0165468957275
98.0 60.0 227.0 61.0
obstacle
0.0165392737836
380.0 0.0 120.0 34.0
obstacle
0.0165321864188
298.0 29.0 58.0 20.0
obstacle
0.0165122225881
424.0 0.0 32.0 47.0
obstacle
0.0164212808013
36.0 132.0 44.0 18.0
obstacle
0.0163642764091
1.0 0.0 115.0 31.0
obstacle
0.0163445062935
467.0 83.0 28.0 65.0
obstacle
0.0163219943643
224.0 232.0 51.0 22.0
obstacle
0.0163156911731
454.0 30.0 46.0 18.0
obstacle
0.0163038186729
287.0 132.0 154.0 117.0
obstacle
0.0162774901837
423.0 251.0 77.0 38.0
obstacle
0.0162728633732
317.0 58.0 183.0 62.0
obstacle
0.0162434857339
251.0 142.0 249.0 149.0
obstacle
0.016226908192
285.0 185.0 215.0 62.0
obstacle
0.0162186436355
77.0 6.0 267.0 65.0
obstacle
0.0162148717791
466.0 6.0 30.0 66.0
obstacle
0.0161967426538
0.0 53.0 135.0 128.0
obstacle
0.016194973141
424.0 57.0 34.0 65.0
obstacle
0.016170475632
301.0 183.0 43.0 18.0
obstacle
0.0161536280066
231.0 190.0 35.0 55.0
obstacle
0.0161504913121
156.0 180.0 116.0 27.0
obstacle
0.0161504484713
311.0 208.0 30.0 68.0
obstacle
0.0161487925798
0.0 22.0 119.0 35.0
obstacle
0.0160855595022
272.0 34.0 31.0 62.0
obstacle
0.0160565935075
186.0 226.0 127.0 34.0
obstacle
0.0160121098161
378.0 201.0 122.0 35.0
obstacle
0.0159731376916
75.0 187.0 271.0 60.0
obstacle
0.0159349180758
345.0 4.0 43.0 16.0
obstacle
0.0159160662442
457.0 4.0 43.0 17.0
obstacle
0.0159008130431
117.0 212.0 264.0 61.0
obstacle
0.0158864110708
74.0 21.0 121.0 37.0
obstacle
0.0158657263964
272.0 195.0 31.0 43.0
obstacle
0.0158146265894
2.0 64.0 29.0 52.0
obstacle
0.015755193308
309.0 4.0 34.0 69.0
obstacle
0.0157024599612
194.0 109.0 32.0 12.0
obstacle
0.0157018583268
305.0 233.0 40.0 19.0
obstacle
0.015701116994
304.0 108.0 47.0 18.0
obstacle
0.0156385824084
374.0 98.0 126.0 37.0
obstacle
0.0155918886885
456.0 286.0 44.0 17.0
obstacle
0.0155628677458
108.0 253.0 132.0 33.0
obstacle
0.0155524266884
147.0 0.0 281.0 42.0
obstacle
0.0155277401209
131.0 206.0 369.0 125.0
obstacle
0.0155233107507
301.0 128.0 119.0 27.0
obstacle
0.0154815670103
190.0 91.0 195.0 56.0
obstacle
0.0154794640839
466.0 163.0 28.0 58.0
obstacle
0.0154374325648
225.0 30.0 48.0 19.0
obstacle
0.0153376488015
306.0 7.0 194.0 62.0
obstacle
0.0152816120535
162.0 32.0 176.0 117.0
obstacle
0.0152060100809
187.0 233.0 50.0 19.0
obstacle
0.0151972332969
112.0 57.0 46.0 16.0
obstacle
0.0151967415586
273.0 209.0 31.0 67.0
obstacle
0.0151760578156
33.0 286.0 46.0 18.0
obstacle
0.0151758762076
313.0 171.0 27.0 41.0
obstacle
0.0151587510481
424.0 33.0 34.0 61.0
obstacle
0.015129881911
231.0 132.0 38.0 15.0
obstacle
0.0151161989197
33.0 30.0 48.0 17.0
obstacle
0.0150950821117
260.0 183.0 54.0 19.0
obstacle
0.0150912487879
234.0 0.0 30.0 46.0
obstacle
0.0150323631242
43.0 34.0 27.0 61.0
obstacle
0.0150177450851
0.0 235.0 36.0 16.0
obstacle
0.014958162792
152.0 286.0 41.0 17.0
obstacle
0.0149509562179
302.0 0.0 128.0 31.0
obstacle
0.0148896053433
151.0 259.0 45.0 20.0
obstacle
0.0148711623624
220.0 276.0 138.0 38.0
obstacle
0.0148555478081
386.0 33.0 34.0 63.0
obstacle
0.0148232681677
346.0 83.0 154.0 64.0
obstacle
0.014765528962
233.0 9.0 34.0 60.0
obstacle
0.0147526701912
124.0 101.0 16.0 30.0
obstacle
0.0147169651464
342.0 81.0 47.0 18.0
obstacle
0.0146702434868
85.0 33.0 252.0 60.0
obstacle
0.0146176898852
42.0 261.0 28.0 67.0
obstacle
0.0145983649418
422.0 276.0 78.0 39.0
obstacle
0.0145566677675
454.0 209.0 46.0 17.0
obstacle
0.014521393925
225.0 185.0 47.0 18.0
obstacle
0.0144438967109
0.0 235.0 346.0 98.0
obstacle
0.0144270760939
195.0 9.0 32.0 61.0
obstacle
0.0144253168255
454.0 80.0 46.0 19.0
obstacle
0.0144053343683
415.0 80.0 53.0 19.0
obstacle
0.0143477646634
266.0 252.0 121.0 35.0
obstacle
0.0143372677267
113.0 201.0 121.0 34.0
obstacle
0.0141773717478
382.0 4.0 43.0 16.0
obstacle
0.0141709046438
146.0 225.0 131.0 38.0
obstacle
0.0141683025286
425.0 84.0 33.0 64.0
obstacle
0.0141451088712
466.0 32.0 28.0 63.0
obstacle
0.0141286244616
30.0 55.0 52.0 19.0
obstacle
0.0141147403046
416.0 46.0 84.0 36.0
obstacle
0.0141106089577
74.0 0.0 124.0 32.0
obstacle
0.0141100231558
200.0 59.0 253.0 61.0
obstacle
0.0141065651551
467.0 240.0 29.0 58.0
obstacle
0.0141018321738
186.0 30.0 51.0 18.0
obstacle
0.0140883792192
240.0 75.0 19.0 31.0
obstacle
0.0140208117664
278.0 72.0 20.0 34.0
obstacle
0.0140167307109
35.0 3.0 47.0 17.0
obstacle
0.0139508275315
42.0 236.0 30.0 67.0
obstacle
0.0138782318681
193.0 32.0 35.0 65.0
obstacle
0.0138620687649
0.0 286.0 35.0 16.0
obstacle
0.0138384271413
340.0 29.0 49.0 19.0
obstacle
0.0138213289902
35.0 156.0 46.0 19.0
obstacle
0.0138193732128
459.0 183.0 41.0 19.0
obstacle
0.0138171492144
226.0 0.0 127.0 33.0
obstacle
0.0137919858098
348.0 57.0 33.0 66.0
obstacle
0.0137867806479
119.0 0.0 29.0 45.0
obstacle
0.0137665234506
417.0 54.0 52.0 19.0
obstacle
0.0137600963935
41.0 3.0 32.0 71.0
obstacle
0.0137458508834
158.0 267.0 31.0 55.0
obstacle
0.0137445712462
418.0 183.0 47.0 19.0
obstacle
0.0137354172766
196.0 208.0 31.0 70.0
obstacle
0.0137025155127
465.0 137.0 31.0 59.0
obstacle
0.0136945974082
69.0 110.0 134.0 112.0
obstacle
0.0136651983485
266.0 3.0 44.0 18.0
obstacle
0.0136538399383
82.0 0.0 27.0 43.0
obstacle
0.0136533211917
132.0 4.0 160.0 120.0
obstacle
0.0136336795986
77.0 178.0 114.0 28.0
obstacle
0.0135942483321
233.0 33.0 33.0 64.0
obstacle
0.0135856745765
34.0 312.0 45.0 18.0
obstacle
0.0135456360877
264.0 285.0 50.0 19.0
obstacle
0.0135327428579
117.0 209.0 32.0 68.0
obstacle
0.0135241402313
335.0 183.0 55.0 16.0
obstacle
0.0135180056095
355.0 237.0 145.0 62.0
obstacle
0.0134952906519
269.0 109.0 40.0 15.0
obstacle
0.0134918792173
306.0 3.0 43.0 17.0
obstacle
0.0134699633345
115.0 4.0 40.0 15.0
obstacle
0.013455953449
27.0 32.0 214.0 64.0
obstacle
0.013427676633
92.0 103.0 12.0 23.0
obstacle
0.0134022645652
285.0 76.0 215.0 128.0
obstacle
0.0133999921381
33.0 259.0 48.0 19.0
obstacle
0.0133861294016
194.0 109.0 32.0 63.0
obstacle
0.0133255794644
388.0 185.0 30.0 64.0
obstacle
0.013270935975
378.0 133.0 49.0 17.0
obstacle
0.0132617969066
0.0 234.0 188.0 66.0
obstacle
0.0132202850655
342.0 209.0 46.0 14.0
obstacle
0.0131920296699
457.0 55.0 43.0 18.0
obstacle
0.0131907807663
0.0 261.0 39.0 16.0
obstacle
0.0131906978786
0.0 3.0 38.0 17.0
obstacle
0.0131755350158
73.0 255.0 123.0 30.0
