obstacle
0.183896124363
361.0 145.0 81.0 32.0
obstacle
0.181169137359
79.0 140.0 34.0 45.0
obstacle
0.143560796976
384.0 141.0 35.0 42.0
obstacle
0.127675354481
381.0 151.0 45.0 21.0
obstacle
0.108823642135
77.0 122.0 36.0 42.0
obstacle
0.103189662099
71.0 151.0 49.0 24.0
obstacle
0.0982276797295
79.0 18.0 31.0 73.0
obstacle
0.0966688022017
43.0 147.0 103.0 31.0
obstacle
0.0955652073026
355.0 128.0 96.0 29.0
obstacle
0.0906205549836
275.0 84.0 105.0 27.0
obstacle
0.0905806347728
385.0 133.0 44.0 20.0
obstacle
0.0853184238076
398.0 153.0 13.0 19.0
obstacle
0.08134329319
347.0 128.0 117.0 67.0
obstacle
0.0806453600526
73.0 131.0 50.0 20.0
obstacle
0.0803102105856
0.0 53.0 203.0 48.0
obstacle
0.0779445171356
43.0 23.0 32.0 63.0
obstacle
0.0779201462865
44.0 124.0 102.0 35.0
obstacle
0.0773748755455
81.0 49.0 29.0 51.0
obstacle
0.0764442458749
387.0 118.0 38.0 50.0
obstacle
0.0762513279915
304.0 86.0 119.0 25.0
obstacle
0.0760606825352
34.0 152.0 50.0 19.0
obstacle
0.0722085237503
300.0 89.0 53.0 17.0
obstacle
0.0712498426437
245.0 73.0 239.0 49.0
obstacle
0.0709411501884
317.0 145.0 101.0 31.0
obstacle
0.0707538723946
71.0 70.0 49.0 16.0
obstacle
0.0699787661433
386.0 87.0 114.0 23.0
obstacle
0.0695269107819
6.0 146.0 107.0 30.0
obstacle
0.0690298750997
90.0 152.0 14.0 20.0
obstacle
0.0689037591219
212.0 117.0 288.0 93.0
obstacle
0.0686020031571
119.0 24.0 27.0 62.0
obstacle
0.0668440386653
419.0 116.0 39.0 49.0
obstacle
0.0665399879217
347.0 152.0 45.0 17.0
obstacle
0.0626014322042
44.0 133.0 31.0 56.0
obstacle
0.0623538568616
419.0 91.0 51.0 15.0
obstacle
0.0620346404612
297.0 138.0 203.0 47.0
obstacle
0.0611150227487
341.0 91.0 46.0 15.0
obstacle
0.0610642135143
0.0 115.0 222.0 96.0
obstacle
0.060524020344
25.0 66.0 142.0 24.0
obstacle
0.0603969581425
33.0 122.0 126.0 80.0
obstacle
0.0582468993962
34.0 69.0 46.0 17.0
obstacle
0.0572042688727
387.0 125.0 106.0 34.0
obstacle
0.0563624240458
394.0 148.0 83.0 29.0
obstacle
0.0562758296728
399.0 129.0 16.0 22.0
obstacle
0.0562566816807
2.0 125.0 113.0 32.0
obstacle
0.0560820251703
80.0 154.0 28.0 54.0
obstacle
0.0560078397393
45.0 50.0 27.0 50.0
obstacle
0.0548986196518
386.0 112.0 40.0 14.0
obstacle
0.0544535629451
0.0 140.0 170.0 44.0
obstacle
0.0537375435233
0.0 2.0 294.0 105.0
obstacle
0.0531231015921
312.0 74.0 31.0 45.0
obstacle
0.0530077554286
304.0 126.0 121.0 29.0
obstacle
0.0529582090676
354.0 137.0 29.0 50.0
obstacle
0.0522187426686
388.0 157.0 32.0 48.0
obstacle
0.0521788671613
66.0 44.0 61.0 20.0
obstacle
0.0521747507155
311.0 0.0 110.0 26.0
obstacle
0.0517966635525
0.0 26.0 219.0 57.0
obstacle
0.0515984855592
349.0 120.0 38.0 43.0
obstacle
0.05110540241
2.0 84.0 116.0 24.0
obstacle
0.0508693791926
38.0 89.0 43.0 13.0
obstacle
0.0500868558884
89.0 129.0 16.0 21.0
obstacle
0.0491499565542
42.0 114.0 35.0 56.0
obstacle
0.0490680597723
79.0 90.0 35.0 11.0
obstacle
0.048320595175
304.0 103.0 120.0 32.0
obstacle
0.0481859333813
415.0 132.0 47.0 19.0
obstacle
0.0479449518025
233.0 85.0 112.0 26.0
obstacle
0.0472149811685
172.0 69.0 236.0 56.0
obstacle
0.046971116215
247.0 45.0 161.0 106.0
obstacle
0.04679755494
35.0 29.0 121.0 94.0
obstacle
0.0460136719048
381.0 171.0 47.0 20.0
obstacle
0.0457977503538
102.0 46.0 63.0 18.0
obstacle
0.0456465743482
420.0 112.0 47.0 13.0
obstacle
0.0455860756338
129.0 48.0 371.0 97.0
obstacle
0.0455205105245
342.0 133.0 47.0 16.0
obstacle
0.0452510081232
68.0 172.0 52.0 19.0
obstacle
0.0451296158135
0.0 69.0 41.0 16.0
obstacle
0.0448986291885
380.0 92.0 47.0 14.0
obstacle
0.0448214896023
0.0 105.0 121.0 30.0
obstacle
0.0435268543661
345.0 86.0 116.0 26.0
obstacle
0.0429942682385
119.0 48.0 29.0 53.0
obstacle
0.0425234474242
77.0 148.0 103.0 30.0
obstacle
0.0424633026123
346.0 105.0 113.0 27.0
obstacle
0.0421015881002
0.0 116.0 240.0 49.0
obstacle
0.0418768823147
40.0 168.0 109.0 30.0
obstacle
0.0418196357787
260.0 147.0 133.0 29.0
obstacle
0.0416695699096
351.0 76.0 32.0 43.0
obstacle
0.0416044816375
417.0 134.0 44.0 51.0
obstacle
0.0415192656219
460.0 91.0 38.0 16.0
obstacle
0.0409031249583
377.0 100.0 123.0 80.0
obstacle
0.0405435189605
114.0 140.0 37.0 44.0
obstacle
0.0395663753152
340.0 4.0 54.0 14.0
obstacle
0.0394801907241
264.0 90.0 49.0 15.0
obstacle
0.0390958674252
0.0 156.0 288.0 97.0
obstacle
0.0390289351344
0.0 86.0 147.0 109.0
obstacle
0.0383264794946
305.0 119.0 195.0 42.0
obstacle
0.0382691472769
260.0 96.0 213.0 45.0
obstacle
0.0381847284734
274.0 104.0 108.0 29.0
obstacle
0.0381577797234
360.0 150.0 13.0 24.0
obstacle
0.037941839546
386.0 89.0 38.0 62.0
obstacle
0.0376551300287
391.0 107.0 102.0 25.0
obstacle
0.0375458858907
428.0 67.0 31.0 61.0
obstacle
0.0375413708389
43.0 72.0 28.0 48.0
obstacle
0.0374916903675
83.0 70.0 26.0 50.0
obstacle
0.0372679531574
116.0 116.0 33.0 51.0
obstacle
0.0371285863221
75.0 123.0 114.0 37.0
obstacle
0.0369967035949
0.0 71.0 217.0 48.0
obstacle
0.0365816652775
342.0 111.0 46.0 16.0
obstacle
0.0365770570934
282.0 102.0 169.0 78.0
obstacle
0.0362487882376
51.0 150.0 15.0 25.0
obstacle
0.0360435135663
343.0 97.0 44.0 44.0
obstacle
0.0359524004161
36.0 20.0 122.0 29.0
obstacle
0.0358148142695
388.0 74.0 30.0 48.0
obstacle
0.0357985347509
76.0 6.0 36.0 56.0
obstacle
0.0351829826832
31.0 131.0 54.0 19.0
obstacle
0.0349646434188
3.0 51.0 29.0 49.0
obstacle
0.0346452854574
390.0 16.0 106.0 31.0
obstacle
0.0343205220997
305.0 110.0 47.0 16.0
obstacle
0.0342744141817
1.0 117.0 32.0 48.0
obstacle
0.0342490673065
194.0 28.0 30.0 54.0
obstacle
0.034009385854
42.0 41.0 113.0 29.0
obstacle
0.0340046212077
113.0 90.0 45.0 13.0
obstacle
0.0339145548642
287.0 162.0 213.0 41.0
obstacle
0.0337922498584
387.0 46.0 31.0 59.0
obstacle
0.033637046814
0.0 164.0 201.0 39.0
obstacle
0.0336148515344
304.0 155.0 46.0 15.0
obstacle
0.0336120910943
2.0 138.0 32.0 50.0
obstacle
0.0333024039865
0.0 89.0 298.0 102.0
obstacle
0.0332609191537
78.0 99.0 36.0 43.0
obstacle
0.0327939465642
196.0 68.0 30.0 56.0
obstacle
0.0325257368386
158.0 28.0 27.0 53.0
obstacle
0.0325067974627
159.0 41.0 106.0 29.0
obstacle
0.0324914231896
186.0 89.0 48.0 14.0
obstacle
0.0324813909829
351.0 168.0 101.0 30.0
obstacle
0.0324449650943
80.0 177.0 29.0 57.0
obstacle
0.0323235280812
311.0 121.0 32.0 40.0
obstacle
0.0322102531791
310.0 141.0 34.0 42.0
obstacle
0.0320858359337
358.0 130.0 15.0 21.0
obstacle
0.0319841951132
424.0 89.0 39.0 61.0
obstacle
0.0318928658962
194.0 86.0 111.0 24.0
obstacle
0.0318361073732
32.0 44.0 53.0 20.0
obstacle
0.0315237157047
357.0 86.0 15.0 22.0
obstacle
0.0314154922962
239.0 0.0 261.0 65.0
obstacle
0.0314088016748
224.0 78.0 276.0 82.0
obstacle
0.0313594155014
0.0 152.0 43.0 20.0
obstacle
0.0311794634908
0.0 132.0 43.0 17.0
obstacle
0.0310892593116
310.0 158.0 33.0 51.0
obstacle
0.0310811847448
0.0 12.0 129.0 83.0
obstacle
0.0310373883694
149.0 47.0 47.0 15.0
obstacle
0.0307366549969
0.0 87.0 41.0 16.0
obstacle
0.0305783897638
312.0 18.0 111.0 28.0
obstacle
0.0304506495595
96.0 70.0 232.0 52.0
obstacle
0.0303591769189
80.0 40.0 112.0 29.0
obstacle
0.030298339203
2.0 42.0 117.0 28.0
obstacle
0.0301738437265
233.0 184.0 265.0 43.0
obstacle
0.0301540791988
194.0 18.0 114.0 31.0
obstacle
0.0300702378154
41.0 192.0 108.0 29.0
obstacle
0.0300108268857
304.0 133.0 44.0 15.0
obstacle
0.0298398789018
318.0 85.0 15.0 24.0
obstacle
0.029807060957
121.0 92.0 28.0 55.0
obstacle
0.0292376726866
40.0 92.0 35.0 57.0
obstacle
0.0290991403162
66.0 25.0 60.0 15.0
obstacle
0.0290373917669
311.0 51.0 32.0 52.0
obstacle
0.0289142951369
274.0 17.0 111.0 30.0
obstacle
0.0289070010185
41.0 2.0 32.0 62.0
obstacle
0.0288851577789
0.0 44.0 40.0 19.0
obstacle
0.0288484524935
82.0 97.0 101.0 87.0
obstacle
0.0285828802735
0.0 64.0 80.0 26.0
obstacle
0.0285732224584
3.0 27.0 28.0 55.0
obstacle
0.0285518933088
168.0 153.0 332.0 105.0
obstacle
0.0285302419215
0.0 185.0 232.0 39.0
obstacle
0.028526622802
107.0 67.0 53.0 19.0
obstacle
0.0283223744482
302.0 174.0 49.0 19.0
obstacle
0.0281039066613
350.0 53.0 29.0 47.0
obstacle
0.0280011948198
118.0 85.0 111.0 23.0
obstacle
0.0278694499284
150.0 90.0 46.0 14.0
obstacle
0.0278234090656
200.0 41.0 100.0 26.0
obstacle
0.0276790242642
379.0 3.0 44.0 14.0
obstacle
0.0276653971523
76.0 84.0 116.0 25.0
obstacle
0.0275902226567
73.0 111.0 47.0 16.0
obstacle
0.0275338515639
414.0 150.0 49.0 20.0
obstacle
0.0271918643266
0.0 2.0 222.0 60.0
obstacle
0.0271712299436
364.0 46.0 136.0 105.0
obstacle
0.0271154437214
269.0 167.0 118.0 32.0
obstacle
0.0270997658372
273.0 74.0 29.0 44.0
obstacle
0.0270624496043
298.0 3.0 59.0 14.0
obstacle
0.027012122795
155.0 85.0 112.0 24.0
obstacle
0.0269912760705
47.0 128.0 19.0 24.0
obstacle
0.0269691441208
337.0 213.0 133.0 28.0
obstacle
0.0268541965634
10.0 19.0 401.0 115.0
obstacle
0.0268020685762
84.0 42.0 21.0 24.0
obstacle
0.0266734063625
214.0 138.0 228.0 49.0
obstacle
0.026618199423
210.0 0.0 235.0 33.0
obstacle
0.0265320595354
377.0 217.0 50.0 19.0
obstacle
0.0263693425804
309.0 96.0 34.0 44.0
obstacle
0.0261694025248
0.0 95.0 190.0 47.0
obstacle
0.0260157734156
224.0 125.0 128.0 29.0
obstacle
0.0258681755513
35.0 174.0 43.0 14.0
obstacle
0.0257335752249
212.0 119.0 229.0 44.0
obstacle
0.0257026869804
71.0 46.0 277.0 60.0
obstacle
0.0256548933685
225.0 90.0 49.0 14.0
obstacle
0.0256385877728
67.0 7.0 135.0 96.0
obstacle
0.0254794545472
72.0 196.0 44.0 19.0
obstacle
0.0253143310547
235.0 26.0 29.0 55.0
obstacle
0.0252367332578
161.0 70.0 26.0 52.0
obstacle
0.0252161435783
427.0 27.0 27.0 55.0
obstacle
0.0251956116408
179.0 46.0 63.0 16.0
obstacle
0.0250990819186
3.0 167.0 112.0 30.0
obstacle
0.0250741187483
87.0 65.0 15.0 22.0
obstacle
0.0249732341617
0.0 175.0 40.0 17.0
obstacle
0.0248907953501
435.0 131.0 16.0 20.0
obstacle
0.0248551517725
117.0 8.0 32.0 51.0
obstacle
0.0246574096382
107.0 153.0 49.0 18.0
obstacle
0.0246555134654
34.0 112.0 46.0 16.0
obstacle
0.0246547423303
3.0 0.0 30.0 65.0
obstacle
0.0246022436768
272.0 48.0 30.0 54.0
obstacle
0.0244823694229
83.0 30.0 255.0 47.0
obstacle
0.024406824261
231.0 19.0 117.0 29.0
obstacle
0.024343341589
469.0 6.0 25.0 52.0
obstacle
0.024270772934
231.0 104.0 118.0 29.0
obstacle
0.0241413749754
430.0 50.0 25.0 51.0
obstacle
0.024126932025
113.0 19.0 122.0 29.0
obstacle
0.0240592621267
233.0 49.0 31.0 53.0
obstacle
0.024052105844
467.0 113.0 31.0 55.0
obstacle
0.0240083280951
1.0 160.0 31.0 49.0
obstacle
0.0239833872765
265.0 154.0 45.0 16.0
obstacle
0.0239266995341
180.0 52.0 290.0 48.0
obstacle
0.023915681988
173.0 91.0 231.0 54.0
obstacle
0.0239134263247
378.0 0.0 122.0 28.0
obstacle
0.0238909125328
150.0 126.0 121.0 29.0
obstacle
0.0238174796104
351.0 0.0 28.0 38.0
obstacle
0.0237398743629
156.0 20.0 113.0 28.0
obstacle
0.0236509926617
428.0 8.0 26.0 50.0
obstacle
0.0236106663942
273.0 62.0 107.0 29.0
obstacle
0.0235956571996
156.0 63.0 109.0 28.0
obstacle
0.0235769022256
379.0 40.0 121.0 29.0
obstacle
0.0234118402004
193.0 45.0 34.0 59.0
obstacle
0.0233955923468
418.0 25.0 51.0 14.0
obstacle
0.0233556255698
387.0 0.0 29.0 36.0
obstacle
0.023340921849
157.0 6.0 31.0 55.0
obstacle
0.0232027731836
0.0 24.0 46.0 17.0
obstacle
0.0231719240546
296.0 191.0 139.0 30.0
obstacle
0.0230861641467
296.0 69.0 60.0 15.0
obstacle
0.0229679346085
88.0 0.0 324.0 86.0
obstacle
0.0229182522744
347.0 176.0 32.0 57.0
obstacle
0.0229146312922
273.0 205.0 227.0 44.0
obstacle
0.0228079259396
312.0 1.0 30.0 62.0
obstacle
0.0227648280561
397.0 107.0 16.0 25.0
obstacle
0.0227645337582
2.0 95.0 30.0 50.0
obstacle
0.0226822607219
44.0 156.0 26.0 54.0
obstacle
0.0226633995771
230.0 25.0 46.0 15.0
obstacle
0.0224400013685
235.0 10.0 32.0 47.0
obstacle
0.0223979968578
199.0 158.0 254.0 52.0
obstacle
0.0223749112338
376.0 192.0 124.0 29.0
obstacle
0.0223539173603
417.0 46.0 52.0 16.0
obstacle
0.0221806745976
470.0 74.0 24.0 47.0
obstacle
0.0221635457128
469.0 50.0 24.0 50.0
obstacle
0.0221012290567
121.0 70.0 28.0 52.0
obstacle
0.0220882371068
70.0 192.0 125.0 26.0
obstacle
0.0220599416643
47.0 40.0 18.0 27.0
obstacle
0.0219780877233
0.0 111.0 42.0 15.0
obstacle
0.0219425354153
0.0 49.0 123.0 96.0
obstacle
0.0219337902963
459.0 24.0 41.0 15.0
obstacle
0.021890161559
109.0 64.0 127.0 26.0
obstacle
0.0218317490071
388.0 24.0 27.0 61.0
obstacle
0.0218266174197
386.0 200.0 32.0 53.0
obstacle
0.0215818937868
288.0 141.0 158.0 84.0
obstacle
0.0215584337711
226.0 131.0 48.0 18.0
obstacle
0.0214473865926
384.0 170.0 108.0 27.0
obstacle
0.0214288830757
0.0 2.0 44.0 15.0
obstacle
0.0214277394116
346.0 19.0 116.0 28.0
obstacle
0.021395560354
2.0 71.0 29.0 51.0
obstacle
0.0212560351938
111.0 133.0 43.0 16.0
obstacle
0.0210921540856
31.0 213.0 130.0 28.0
obstacle
0.0210910849273
272.0 140.0 32.0 46.0
obstacle
0.0210269205272
0.0 138.0 150.0 90.0
obstacle
0.0209747534245
0.0 19.0 119.0 29.0
obstacle
0.0209633782506
264.0 132.0 48.0 15.0
obstacle
0.0209531821311
73.0 103.0 121.0 33.0
obstacle
0.0209523141384
308.0 182.0 35.0 47.0
obstacle
0.0208200830966
0.0 196.0 264.0 85.0
obstacle
0.0207966603339
159.0 51.0 26.0 48.0
obstacle
0.0207458827645
70.0 219.0 49.0 18.0
obstacle
0.0207212716341
9.0 129.0 15.0 22.0
obstacle
0.0206775981933
377.0 68.0 56.0 16.0
obstacle
0.020676586777
377.0 195.0 48.0 19.0
obstacle
0.0206064935774
346.0 176.0 39.0 14.0
obstacle
0.0204912852496
113.0 110.0 44.0 15.0
obstacle
0.020464591682
57.0 157.0 229.0 50.0
obstacle
0.0203954949975
19.0 148.0 156.0 115.0
obstacle
0.0203562527895
460.0 110.0 40.0 15.0
obstacle
0.0202889479697
301.0 24.0 51.0 16.0
obstacle
0.0202887170017
84.0 136.0 20.0 10.0
obstacle
0.0202605240047
0.0 190.0 118.0 30.0
obstacle
0.0202053580433
0.0 198.0 40.0 15.0
obstacle
0.0201570950449
0.0 70.0 419.0 96.0
obstacle
0.020117027685
270.0 158.0 36.0 52.0
obstacle
0.0200593322515
349.0 25.0 31.0 60.0
obstacle
0.0200057215989
114.0 158.0 37.0 49.0
obstacle
0.0199614390731
337.0 196.0 51.0 19.0
obstacle
0.0199597738683
387.0 175.0 30.0 58.0
obstacle
0.0199244935066
270.0 25.0 32.0 58.0
