obstacle
0.662144601345
206.0 233.0 164.0 41.0
obstacle
0.558035194874
281.0 183.0 81.0 23.0
obstacle
0.426927298307
266.0 242.0 113.0 30.0
obstacle
0.415808916092
271.0 165.0 108.0 33.0
obstacle
0.347387760878
293.0 188.0 61.0 15.0
obstacle
0.294686675072
195.0 240.0 118.0 32.0
obstacle
0.222124010324
301.0 172.0 47.0 16.0
obstacle
0.197359114885
248.0 184.0 89.0 32.0
obstacle
0.190751850605
173.0 242.0 88.0 29.0
obstacle
0.184703096747
200.0 211.0 174.0 84.0
obstacle
0.182641625404
221.0 174.0 208.0 48.0
obstacle
0.18228264153
199.0 246.0 32.0 20.0
obstacle
0.167157486081
245.0 153.0 166.0 54.0
obstacle
0.162887185812
228.0 244.0 47.0 20.0
obstacle
0.147013559937
260.0 153.0 130.0 95.0
obstacle
0.14645062387
116.0 214.0 351.0 84.0
obstacle
0.140908762813
200.0 236.0 24.0 34.0
obstacle
0.138846248388
174.0 203.0 223.0 58.0
obstacle
0.138756453991
300.0 247.0 54.0 16.0
obstacle
0.136997878551
246.0 159.0 97.0 38.0
obstacle
0.129913896322
306.0 184.0 100.0 27.0
obstacle
0.123100087047
253.0 244.0 66.0 20.0
obstacle
0.113439656794
277.0 190.0 30.0 15.0
obstacle
0.103652633727
230.0 220.0 112.0 27.0
obstacle
0.0928083583713
121.0 239.0 114.0 30.0
obstacle
0.080970659852
239.0 221.0 30.0 16.0
obstacle
0.079891346395
299.0 162.0 116.0 30.0
obstacle
0.0783188045025
202.0 221.0 101.0 20.0
obstacle
0.0772044211626
101.0 230.0 226.0 51.0
obstacle
0.0754862800241
311.0 147.0 27.0 58.0
obstacle
0.0739622190595
341.0 191.0 33.0 12.0
obstacle
0.0729893669486
304.0 245.0 101.0 25.0
obstacle
0.0728147923946
309.0 170.0 31.0 61.0
obstacle
0.0707793682814
183.0 144.0 317.0 112.0
obstacle
0.070277787745
277.0 172.0 29.0 11.0
obstacle
0.0683621615171
263.0 218.0 45.0 21.0
obstacle
0.0658194422722
269.0 216.0 107.0 27.0
obstacle
0.0654611736536
235.0 203.0 25.0 52.0
obstacle
0.0649158358574
198.0 201.0 23.0 56.0
obstacle
0.0645911991596
240.0 193.0 25.0 14.0
obstacle
0.0624107867479
153.0 203.0 125.0 103.0
obstacle
0.0618336983025
159.0 245.0 40.0 21.0
obstacle
0.0612550228834
197.0 189.0 107.0 27.0
obstacle
0.0561641938984
201.0 218.0 26.0 20.0
obstacle
0.0553120598197
168.0 250.0 238.0 49.0
obstacle
0.0542433038354
152.0 217.0 125.0 25.0
obstacle
0.0520965754986
269.0 188.0 30.0 79.0
obstacle
0.051341176033
345.0 254.0 26.0 11.0
obstacle
0.0511238090694
271.0 176.0 29.0 51.0
obstacle
0.050598744303
263.0 263.0 121.0 27.0
obstacle
0.0493355207145
345.0 169.0 35.0 14.0
obstacle
0.0476429313421
199.0 250.0 27.0 57.0
obstacle
0.0461921840906
109.0 180.0 288.0 103.0
obstacle
0.0459450818598
207.0 259.0 86.0 35.0
obstacle
0.0431140363216
163.0 228.0 27.0 51.0
obstacle
0.0431040152907
233.0 230.0 29.0 45.0
obstacle
0.0429130755365
296.0 219.0 56.0 20.0
obstacle
0.0422518663108
74.0 238.0 125.0 35.0
obstacle
0.0414190888405
191.0 169.0 122.0 124.0
obstacle
0.0413534156978
234.0 176.0 26.0 55.0
obstacle
0.0406302623451
275.0 150.0 25.0 49.0
obstacle
0.0404095575213
223.0 126.0 139.0 102.0
obstacle
0.040175896138
155.0 270.0 37.0 17.0
obstacle
0.0398083999753
109.0 246.0 52.0 19.0
obstacle
0.0390291213989
157.0 221.0 37.0 15.0
obstacle
0.0389685891569
138.0 173.0 227.0 57.0
obstacle
0.0389268249273
266.0 226.0 36.0 55.0
obstacle
0.0382636934519
230.0 135.0 117.0 29.0
obstacle
0.037545107305
194.0 267.0 31.0 18.0
obstacle
0.0374847836792
20.0 126.0 385.0 149.0
obstacle
0.0373608358204
227.0 267.0 43.0 20.0
obstacle
0.0373483635485
270.0 145.0 230.0 56.0
obstacle
0.0367820896208
162.0 200.0 26.0 58.0
obstacle
0.0367485173047
119.0 223.0 33.0 62.0
obstacle
0.0357730127871
233.0 169.0 33.0 14.0
obstacle
0.03541957587
224.0 233.0 274.0 44.0
obstacle
0.035234298557
30.0 225.0 363.0 113.0
obstacle
0.035089995712
114.0 209.0 123.0 92.0
obstacle
0.0346762537956
132.0 115.0 312.0 122.0
obstacle
0.0343487747014
0.0 118.0 252.0 112.0
obstacle
0.0342322066426
309.0 118.0 35.0 63.0
obstacle
0.03421927616
2.0 156.0 110.0 37.0
obstacle
0.0337679795921
118.0 265.0 113.0 29.0
obstacle
0.0337343066931
199.0 195.0 31.0 14.0
obstacle
0.0328345224261
233.0 262.0 110.0 31.0
obstacle
0.0328199081123
348.0 175.0 26.0 51.0
obstacle
0.0324912145734
68.0 264.0 133.0 33.0
obstacle
0.0317665748298
351.0 145.0 26.0 60.0
obstacle
0.0317640453577
311.0 133.0 104.0 34.0
obstacle
0.0317571908236
334.0 160.0 134.0 31.0
obstacle
0.0316415429115
114.0 270.0 42.0 19.0
obstacle
0.0314185060561
342.0 238.0 119.0 36.0
obstacle
0.0306576695293
36.0 158.0 119.0 31.0
obstacle
0.0302156750113
168.0 264.0 85.0 28.0
obstacle
0.0300535783172
195.0 161.0 112.0 29.0
obstacle
0.0297773964703
349.0 184.0 107.0 33.0
obstacle
0.0297367535532
113.0 215.0 124.0 29.0
obstacle
0.0292546320707
118.0 247.0 32.0 65.0
obstacle
0.0292156655341
311.0 191.0 26.0 73.0
obstacle
0.0288663208485
292.0 141.0 137.0 118.0
obstacle
0.0286129675806
382.0 166.0 43.0 16.0
obstacle
0.0285120792687
384.0 193.0 38.0 14.0
obstacle
0.0280363913625
274.0 118.0 27.0 61.0
obstacle
0.0274255350232
159.0 252.0 29.0 56.0
obstacle
0.0273729395121
0.0 135.0 190.0 74.0
obstacle
0.0269805956632
207.0 187.0 293.0 137.0
obstacle
0.0268840212375
338.0 133.0 128.0 32.0
obstacle
0.0261730067432
266.0 271.0 40.0 15.0
obstacle
0.0259375888854
165.0 223.0 173.0 111.0
obstacle
0.0257267709821
382.0 159.0 118.0 31.0
obstacle
0.0256888903677
28.0 163.0 58.0 19.0
obstacle
0.0253278203309
31.0 250.0 283.0 59.0
obstacle
0.0252554956824
2.0 144.0 29.0 63.0
obstacle
0.0249954108149
73.0 159.0 120.0 31.0
obstacle
0.0246062427759
72.0 163.0 46.0 18.0
obstacle
0.0245019719005
117.0 137.0 32.0 76.0
obstacle
0.0244564209133
232.0 246.0 38.0 64.0
obstacle
0.0241583976895
350.0 116.0 29.0 64.0
obstacle
0.0241464823484
7.0 225.0 254.0 60.0
obstacle
0.0240659471601
107.0 198.0 210.0 60.0
obstacle
0.0240598972887
304.0 144.0 45.0 14.0
obstacle
0.0238478053361
151.0 160.0 117.0 29.0
obstacle
0.0237459149212
0.0 130.0 116.0 35.0
obstacle
0.0236705485731
179.0 79.0 321.0 137.0
obstacle
0.0235779546201
79.0 139.0 31.0 71.0
obstacle
0.0234557129443
380.0 239.0 120.0 32.0
obstacle
0.0234494302422
109.0 164.0 49.0 18.0
obstacle
0.0233319662511
319.0 165.0 12.0 23.0
obstacle
0.0233088526875
376.0 211.0 124.0 35.0
obstacle
0.0228402614594
304.0 263.0 115.0 32.0
obstacle
0.0228046346456
345.0 143.0 40.0 14.0
obstacle
0.0227178148925
39.0 139.0 35.0 71.0
obstacle
0.0227096173912
133.0 142.0 235.0 64.0
obstacle
0.0225085802376
157.0 189.0 111.0 28.0
obstacle
0.0224797409028
111.0 158.0 119.0 31.0
obstacle
0.0224393866956
224.0 229.0 203.0 102.0
obstacle
0.0224247034639
389.0 171.0 31.0 61.0
obstacle
0.0222971849144
119.0 196.0 29.0 64.0
obstacle
0.0222085993737
387.0 141.0 32.0 68.0
obstacle
0.0221904572099
307.0 227.0 35.0 53.0
obstacle
0.0220524352044
233.0 148.0 29.0 57.0
obstacle
0.0220439005643
3.0 36.0 25.0 64.0
obstacle
0.0219882205129
109.0 218.0 51.0 20.0
obstacle
0.0216094125062
205.0 244.0 11.0 22.0
obstacle
0.0213374849409
380.0 219.0 46.0 16.0
obstacle
0.0212943814695
0.0 210.0 119.0 36.0
obstacle
0.0212916247547
0.0 164.0 42.0 18.0
obstacle
0.0212904568762
271.0 144.0 38.0 11.0
obstacle
0.021253162995
68.0 210.0 134.0 35.0
obstacle
0.0210377909243
229.0 142.0 41.0 14.0
obstacle
0.0210024099797
112.0 310.0 277.0 38.0
obstacle
0.020906150341
147.0 318.0 131.0 30.0
obstacle
0.0207690279931
191.0 76.0 118.0 35.0
obstacle
0.0207461100072
0.0 59.0 30.0 69.0
obstacle
0.0206886641681
0.0 238.0 119.0 33.0
obstacle
0.0206102877855
233.0 55.0 33.0 78.0
obstacle
0.0205815508962
40.0 115.0 31.0 66.0
obstacle
0.0205376539379
352.0 210.0 100.0 34.0
obstacle
0.0205115526915
389.0 116.0 29.0 64.0
obstacle
0.0203702375293
382.0 247.0 40.0 17.0
obstacle
0.020360276103
383.0 132.0 116.0 34.0
obstacle
0.0202980395406
143.0 36.0 357.0 114.0
obstacle
0.0202739872038
418.0 164.0 47.0 16.0
obstacle
0.020101936534
116.0 28.0 33.0 78.0
obstacle
0.020085869357
235.0 117.0 26.0 64.0
obstacle
0.0200720280409
416.0 246.0 53.0 18.0
obstacle
0.0200284663588
79.0 30.0 32.0 74.0
obstacle
0.0199489016086
48.0 198.0 177.0 113.0
obstacle
0.0198452491313
74.0 246.0 43.0 18.0
obstacle
0.019817803055
378.0 184.0 122.0 36.0
obstacle
0.0197817478329
6.0 48.0 104.0 41.0
obstacle
0.0197354983538
2.0 172.0 29.0 59.0
obstacle
0.0196500606835
351.0 237.0 26.0 39.0
obstacle
0.0196007043123
427.0 142.0 30.0 65.0
obstacle
0.019580103457
78.0 167.0 35.0 69.0
obstacle
0.0195300225168
348.0 31.0 33.0 71.0
obstacle
0.0195213966072
270.0 58.0 35.0 72.0
obstacle
0.0193700361997
226.0 326.0 47.0 20.0
obstacle
0.0193389579654
381.0 141.0 42.0 15.0
obstacle
0.0193252991885
217.0 120.0 220.0 60.0
obstacle
0.019260160625
467.0 62.0 26.0 63.0
obstacle
0.019245415926
424.0 222.0 34.0 66.0
obstacle
0.0192365515977
0.0 169.0 258.0 118.0
obstacle
0.0192280504853
428.0 193.0 29.0 70.0
obstacle
0.0191909465939
223.0 318.0 132.0 30.0
obstacle
0.0191655047238
420.0 191.0 46.0 18.0
obstacle
0.0191422216594
305.0 269.0 39.0 14.0
obstacle
0.0191351491958
227.0 74.0 124.0 39.0
obstacle
0.0190935358405
0.0 0.0 329.0 76.0
obstacle
0.0190275907516
427.0 168.0 32.0 66.0
obstacle
0.0189902093261
40.0 194.0 35.0 67.0
obstacle
0.0189050920308
80.0 191.0 31.0 74.0
obstacle
0.0187564957887
112.0 192.0 43.0 17.0
obstacle
0.0187465343624
0.0 192.0 42.0 18.0
obstacle
0.0187355000526
35.0 219.0 47.0 17.0
obstacle
0.018655648455
3.0 199.0 27.0 59.0
obstacle
0.0185905341059
176.0 30.0 149.0 128.0
obstacle
0.0185819454491
74.0 183.0 120.0 37.0
obstacle
0.0185325499624
0.0 8.0 281.0 119.0
obstacle
0.0185276512057
3.0 227.0 27.0 56.0
obstacle
0.0184306818992
146.0 165.0 52.0 17.0
obstacle
0.018338939175
462.0 326.0 38.0 19.0
obstacle
0.0183370821178
72.0 191.0 46.0 18.0
obstacle
0.0182076562196
38.0 50.0 116.0 35.0
obstacle
0.0181499831378
223.0 83.0 52.0 20.0
obstacle
0.0180511698127
34.0 139.0 44.0 17.0
obstacle
0.0180511008948
117.0 166.0 32.0 71.0
obstacle
0.0179723650217
153.0 193.0 41.0 15.0
obstacle
0.0179200544953
198.0 56.0 256.0 74.0
obstacle
0.0177375059575
3.0 180.0 110.0 42.0
obstacle
0.0176774412394
72.0 3.0 46.0 19.0
obstacle
0.0176504291594
82.0 224.0 29.0 59.0
obstacle
0.0176259949803
156.0 139.0 32.0 72.0
obstacle
0.0175665803254
416.0 217.0 52.0 19.0
obstacle
0.0175282862037
0.0 58.0 36.0 19.0
obstacle
0.0174508113414
265.0 82.0 48.0 22.0
obstacle
0.017445653677
255.0 29.0 144.0 129.0
obstacle
0.017316011712
0.0 3.0 39.0 18.0
obstacle
0.0172604955733
311.0 58.0 30.0 71.0
obstacle
0.0172397810966
0.0 112.0 33.0 17.0
obstacle
0.017201486975
80.0 272.0 33.0 17.0
obstacle
0.0171742867678
263.0 326.0 49.0 19.0
obstacle
0.0170503947884
42.0 2.0 30.0 77.0
obstacle
0.0170178655535
41.0 220.0 34.0 69.0
obstacle
0.016998225823
5.0 252.0 25.0 61.0
obstacle
0.0169657468796
166.0 242.0 13.0 26.0
obstacle
0.0169552396983
268.0 113.0 42.0 16.0
obstacle
0.0169406533241
0.0 108.0 137.0 132.0
obstacle
0.0169203169644
33.0 316.0 126.0 32.0
obstacle
0.0168253593147
0.0 84.0 38.0 19.0
obstacle
0.0167803075165
79.0 249.0 33.0 62.0
obstacle
0.0167458374053
182.0 248.0 318.0 100.0
obstacle
0.0167407877743
152.0 132.0 116.0 32.0
obstacle
0.0166952945292
142.0 278.0 217.0 57.0
obstacle
0.0166683439165
5.0 8.0 25.0 66.0
obstacle
0.0166609678417
78.0 0.0 33.0 52.0
obstacle
0.0166491568089
135.0 0.0 365.0 70.0
obstacle
0.0166480019689
36.0 266.0 119.0 29.0
obstacle
0.0166298057884
156.0 25.0 30.0 84.0
obstacle
0.0165932290256
0.0 319.0 117.0 29.0
obstacle
0.0165541078895
195.0 142.0 28.0 68.0
obstacle
0.0165309626609
34.0 246.0 47.0 17.0
obstacle
0.0164946317673
196.0 118.0 27.0 61.0
obstacle
0.0164490528405
110.0 56.0 47.0 21.0
obstacle
0.0164054147899
461.0 164.0 39.0 16.0
obstacle
0.0163832418621
191.0 166.0 42.0 14.0
obstacle
0.0163547676057
281.0 166.0 11.0 19.0
obstacle
0.0163496881723
195.0 174.0 30.0 59.0
obstacle
0.0163265578449
468.0 308.0 25.0 40.0
obstacle
0.0163226686418
271.0 31.0 31.0 73.0
obstacle
0.0163067653775
338.0 76.0 132.0 36.0
obstacle
0.0163048561662
125.0 240.0 16.0 30.0
obstacle
0.0162587147206
302.0 83.0 49.0 19.0
obstacle
0.016189403832
0.0 32.0 225.0 69.0
obstacle
0.0161840543151
131.0 60.0 238.0 66.0
obstacle
0.016163226217
75.0 48.0 120.0 39.0
obstacle
0.0161496605724
350.0 56.0 30.0 74.0
obstacle
0.0161449685693
1.0 74.0 113.0 41.0
obstacle
0.0160470679402
319.0 50.0 94.0 34.0
obstacle
0.0160161424428
0.0 327.0 40.0 16.0
obstacle
0.0160152204335
36.0 192.0 45.0 16.0
obstacle
0.0159349106252
301.0 326.0 51.0 18.0
obstacle
0.0159266777337
379.0 265.0 121.0 31.0
obstacle
0.0159046798944
305.0 317.0 122.0 31.0
obstacle
0.015890982002
388.0 30.0 29.0 74.0
obstacle
0.0158890988678
0.0 245.0 37.0 18.0
obstacle
0.0158710088581
468.0 171.0 27.0 60.0
obstacle
0.0158378314227
72.0 131.0 124.0 34.0
obstacle
0.015808686614
468.0 144.0 25.0 59.0
obstacle
0.0158008746803
0.0 191.0 202.0 73.0
obstacle
0.0156823229045
185.0 2.0 52.0 19.0
obstacle
0.0156755503267
388.0 227.0 31.0 56.0
obstacle
0.0156451426446
266.0 249.0 40.0 60.0
obstacle
0.0156384315342
193.0 0.0 34.0 55.0
obstacle
0.0155934309587
0.0 218.0 38.0 19.0
obstacle
0.0154957808554
40.0 28.0 29.0 79.0
obstacle
0.0154739040881
195.0 278.0 33.0 58.0
obstacle
0.0154289128259
343.0 83.0 43.0 19.0
obstacle
0.0154171064496
0.0 171.0 216.0 58.0
obstacle
0.0152920903638
322.0 191.0 11.0 18.0
obstacle
0.0152671867982
80.0 118.0 29.0 60.0
obstacle
0.0152623727918
310.0 169.0 190.0 62.0
obstacle
0.0152551261708
229.0 50.0 120.0 36.0
obstacle
0.0151908267289
322.0 193.0 178.0 67.0
obstacle
0.0151775339618
310.0 31.0 30.0 71.0
obstacle
0.0151707017794
158.0 57.0 29.0 74.0
obstacle
0.0151559514925
38.0 325.0 41.0 20.0
obstacle
0.0151286805049
194.0 27.0 31.0 80.0
obstacle
0.0151286274195
343.0 54.0 44.0 21.0
obstacle
0.015099347569
456.0 3.0 44.0 17.0
obstacle
0.0150651335716
116.0 0.0 34.0 52.0
obstacle
0.0149753680453
283.0 193.0 11.0 15.0
obstacle
0.0149661581963
40.0 165.0 35.0 73.0
obstacle
0.0149453151971
231.0 0.0 36.0 54.0
obstacle
0.014939673245
72.0 218.0 47.0 18.0
obstacle
0.0149319749326
391.0 200.0 25.0 55.0
obstacle
0.0149209657684
352.0 50.0 107.0 35.0
obstacle
0.0148413423449
264.0 104.0 122.0 36.0
obstacle
0.0148233678192
346.0 114.0 37.0 14.0
obstacle
0.0147953275591
0.0 104.0 82.0 36.0
