obstacle
0.63139206171
44.0 171.0 32.0 28.0
obstacle
0.532673418522
198.0 190.0 179.0 61.0
obstacle
0.469474107027
212.0 130.0 86.0 31.0
obstacle
0.46492010355
45.0 160.0 31.0 27.0
obstacle
0.39153572917
237.0 134.0 91.0 28.0
obstacle
0.37772411108
240.0 150.0 97.0 33.0
obstacle
0.320293337107
197.0 198.0 116.0 36.0
obstacle
0.282921612263
286.0 158.0 69.0 30.0
obstacle
0.249547570944
233.0 202.0 106.0 37.0
obstacle
0.240094900131
193.0 212.0 190.0 54.0
obstacle
0.223938375711
210.0 148.0 90.0 30.0
obstacle
0.212327539921
120.0 222.0 32.0 44.0
obstacle
0.198344558477
288.0 176.0 69.0 26.0
obstacle
0.190694630146
156.0 171.0 339.0 95.0
obstacle
0.187182843685
232.0 135.0 38.0 19.0
obstacle
0.180140048265
207.0 145.0 165.0 43.0
obstacle
0.165629789233
11.0 140.0 95.0 100.0
obstacle
0.160414293408
159.0 47.0 108.0 32.0
obstacle
0.153030529618
55.0 165.0 13.0 16.0
obstacle
0.149959072471
264.0 208.0 44.0 19.0
obstacle
0.149543255568
297.0 162.0 53.0 18.0
obstacle
0.148151576519
306.0 179.0 39.0 15.0
obstacle
0.145935863256
303.0 176.0 114.0 33.0
obstacle
0.142779171467
228.0 206.0 52.0 18.0
obstacle
0.140715911984
115.0 233.0 41.0 23.0
obstacle
0.140558615327
95.0 227.0 79.0 35.0
obstacle
0.135585337877
273.0 194.0 178.0 49.0
obstacle
0.131833344698
180.0 165.0 218.0 54.0
obstacle
0.131383761764
273.0 201.0 99.0 37.0
obstacle
0.127104893327
197.0 119.0 177.0 52.0
obstacle
0.118529289961
305.0 201.0 115.0 32.0
obstacle
0.118423424661
235.0 223.0 111.0 33.0
obstacle
0.111768253148
197.0 183.0 104.0 26.0
obstacle
0.10816834867
239.0 189.0 174.0 101.0
obstacle
0.107559427619
114.0 46.0 124.0 38.0
obstacle
0.104400806129
183.0 52.0 58.0 22.0
obstacle
0.100077904761
264.0 139.0 38.0 13.0
obstacle
0.0988306105137
40.0 190.0 33.0 40.0
obstacle
0.0983787328005
357.0 25.0 97.0 30.0
obstacle
0.0977518483996
43.0 33.0 259.0 61.0
obstacle
0.0953430384398
266.0 158.0 41.0 14.0
obstacle
0.0896830707788
230.0 178.0 120.0 29.0
obstacle
0.0896028727293
171.0 127.0 94.0 29.0
obstacle
0.0889304503798
277.0 158.0 168.0 119.0
obstacle
0.0886867195368
263.0 228.0 49.0 22.0
obstacle
0.0881179347634
344.0 198.0 111.0 36.0
obstacle
0.088094599545
0.0 107.0 41.0 17.0
obstacle
0.086651802063
271.0 130.0 101.0 28.0
obstacle
0.0865939408541
75.0 49.0 122.0 32.0
obstacle
0.086281709373
192.0 136.0 125.0 61.0
obstacle
0.0860496237874
196.0 28.0 33.0 71.0
obstacle
0.0854974463582
310.0 137.0 32.0 61.0
obstacle
0.0851537808776
272.0 228.0 101.0 27.0
obstacle
0.084489248693
11.0 177.0 84.0 30.0
obstacle
0.0843888148665
0.0 99.0 117.0 34.0
obstacle
0.0825864225626
270.0 124.0 29.0 37.0
obstacle
0.0818871632218
384.0 190.0 31.0 52.0
obstacle
0.0816450491548
229.0 130.0 120.0 71.0
obstacle
0.0807076394558
388.0 177.0 29.0 40.0
obstacle
0.0798772424459
201.0 224.0 109.0 30.0
obstacle
0.0793612152338
378.0 29.0 54.0 19.0
obstacle
0.0783921778202
79.0 33.0 32.0 63.0
obstacle
0.0776287913322
42.0 48.0 114.0 34.0
obstacle
0.0763519108295
236.0 151.0 35.0 20.0
obstacle
0.0761238262057
81.0 52.0 32.0 73.0
obstacle
0.0760921835899
272.0 105.0 114.0 26.0
obstacle
0.0743730515242
42.0 7.0 338.0 114.0
obstacle
0.0738785937428
373.0 22.0 127.0 37.0
obstacle
0.0736926272511
341.0 183.0 41.0 14.0
obstacle
0.0735294818878
233.0 140.0 28.0 45.0
obstacle
0.0734444409609
145.0 3.0 135.0 123.0
obstacle
0.0728000551462
390.0 9.0 31.0 60.0
obstacle
0.0727176591754
270.0 183.0 36.0 15.0
obstacle
0.0718212649226
67.0 152.0 42.0 36.0
obstacle
0.071708008647
342.0 109.0 39.0 16.0
obstacle
0.0717017799616
358.0 181.0 84.0 31.0
obstacle
0.0712146237493
309.0 112.0 38.0 12.0
obstacle
0.0708931908011
43.0 59.0 27.0 60.0
obstacle
0.0708407908678
271.0 93.0 33.0 49.0
obstacle
0.0708280131221
69.0 78.0 56.0 22.0
obstacle
0.0706271380186
169.0 192.0 168.0 97.0
obstacle
0.0702845156193
150.0 55.0 47.0 18.0
obstacle
0.0697356015444
315.0 24.0 106.0 31.0
obstacle
0.0695066079497
109.0 191.0 212.0 56.0
obstacle
0.0687617585063
383.0 189.0 33.0 15.0
obstacle
0.0681958049536
352.0 48.0 108.0 30.0
obstacle
0.0670756399632
117.0 226.0 104.0 36.0
obstacle
0.0653682202101
5.0 155.0 102.0 31.0
obstacle
0.0652400329709
157.0 61.0 29.0 56.0
obstacle
0.0646468773484
304.0 206.0 44.0 18.0
obstacle
0.0643776208162
35.0 121.0 41.0 47.0
obstacle
0.0640843808651
382.0 202.0 40.0 20.0
obstacle
0.063667178154
314.0 112.0 26.0 58.0
obstacle
0.0636123269796
307.0 12.0 193.0 55.0
obstacle
0.0632837116718
247.0 211.0 230.0 60.0
obstacle
0.0626386404037
231.0 231.0 45.0 19.0
obstacle
0.0625831782818
20.0 165.0 386.0 104.0
obstacle
0.0622949413955
233.0 184.0 36.0 16.0
obstacle
0.0614182986319
158.0 103.0 109.0 30.0
obstacle
0.0612905286252
42.0 74.0 111.0 33.0
obstacle
0.0610302463174
80.0 85.0 33.0 62.0
obstacle
0.060512304306
236.0 92.0 27.0 49.0
obstacle
0.0601856783032
81.0 219.0 406.0 96.0
obstacle
0.0601782724261
36.0 108.0 42.0 18.0
obstacle
0.0593920424581
119.0 234.0 31.0 62.0
obstacle
0.0593685731292
117.0 117.0 191.0 49.0
obstacle
0.0587827078998
0.0 75.0 119.0 33.0
obstacle
0.0584388114512
194.0 46.0 109.0 34.0
obstacle
0.0583400689065
263.0 35.0 237.0 54.0
obstacle
0.0581870265305
37.0 103.0 117.0 28.0
obstacle
0.0580729655921
308.0 135.0 34.0 14.0
obstacle
0.0578551404178
43.0 87.0 30.0 56.0
obstacle
0.0576779842377
264.0 149.0 122.0 88.0
obstacle
0.0575274191797
200.0 92.0 25.0 47.0
obstacle
0.0572480559349
156.0 33.0 33.0 62.0
obstacle
0.0570529215038
315.0 93.0 24.0 48.0
obstacle
0.0562677681446
311.0 161.0 30.0 55.0
obstacle
0.0562355406582
86.0 251.0 99.0 33.0
obstacle
0.0560713931918
197.0 108.0 29.0 17.0
obstacle
0.0559304691851
120.0 33.0 30.0 63.0
obstacle
0.054679337889
471.0 9.0 24.0 59.0
obstacle
0.0546254701912
121.0 75.0 108.0 28.0
obstacle
0.0541763864458
189.0 106.0 121.0 27.0
obstacle
0.0539818964899
114.0 103.0 119.0 29.0
obstacle
0.0539546571672
195.0 58.0 30.0 61.0
obstacle
0.0535545684397
74.0 54.0 47.0 20.0
obstacle
0.0532466322184
127.0 233.0 14.0 21.0
obstacle
0.0530327185988
62.0 193.0 150.0 103.0
obstacle
0.0530216321349
455.0 29.0 45.0 22.0
obstacle
0.0530071854591
382.0 54.0 45.0 17.0
obstacle
0.0529960617423
310.0 157.0 94.0 28.0
obstacle
0.0529260747135
74.0 106.0 43.0 20.0
obstacle
0.052881911397
121.0 58.0 29.0 61.0
obstacle
0.0521491132677
310.0 47.0 114.0 30.0
obstacle
0.0514040067792
77.0 113.0 37.0 58.0
obstacle
0.0510971732438
37.0 228.0 122.0 30.0
obstacle
0.0510655529797
242.0 167.0 241.0 51.0
obstacle
0.0505904406309
34.0 125.0 122.0 37.0
obstacle
0.0505673140287
148.0 79.0 49.0 21.0
obstacle
0.0504861585796
7.0 168.0 31.0 43.0
obstacle
0.0500233881176
205.0 131.0 27.0 15.0
obstacle
0.0497327260673
271.0 214.0 35.0 53.0
obstacle
0.0495569221675
0.0 217.0 206.0 53.0
obstacle
0.0494676306844
233.0 110.0 27.0 17.0
obstacle
0.0481223277748
0.0 187.0 327.0 111.0
obstacle
0.0476781614125
85.0 72.0 99.0 32.0
obstacle
0.0475767739117
340.0 205.0 40.0 15.0
obstacle
0.0474086292088
113.0 55.0 45.0 19.0
obstacle
0.047297205776
189.0 80.0 46.0 20.0
obstacle
0.0472166538239
268.0 139.0 31.0 51.0
obstacle
0.0470955967903
43.0 34.0 28.0 61.0
obstacle
0.046409714967
5.0 88.0 27.0 55.0
obstacle
0.0463018938899
0.0 58.0 228.0 63.0
obstacle
0.0461560934782
341.0 31.0 52.0 17.0
obstacle
0.0460521504283
32.0 81.0 50.0 19.0
obstacle
0.045945815742
0.0 53.0 263.0 126.0
obstacle
0.0458920709789
121.0 142.0 27.0 49.0
obstacle
0.0458850003779
154.0 73.0 118.0 32.0
obstacle
0.0455643236637
224.0 54.0 49.0 16.0
obstacle
0.0452899225056
415.0 28.0 52.0 23.0
obstacle
0.0447188355029
307.0 127.0 109.0 34.0
obstacle
0.0441464111209
234.0 61.0 29.0 57.0
obstacle
0.0438428744674
269.0 192.0 36.0 50.0
obstacle
0.0438232198358
30.0 31.0 133.0 114.0
obstacle
0.0438097901642
0.0 92.0 199.0 48.0
obstacle
0.0435070842505
0.0 127.0 116.0 30.0
obstacle
0.0428454354405
215.0 0.0 285.0 105.0
obstacle
0.0427566096187
70.0 9.0 130.0 111.0
obstacle
0.042650911957
270.0 111.0 36.0 15.0
obstacle
0.0425566025078
303.0 228.0 43.0 19.0
obstacle
0.042438019067
0.0 48.0 73.0 34.0
obstacle
0.0420612357557
389.0 34.0 28.0 59.0
obstacle
0.0416011027992
76.0 132.0 38.0 17.0
obstacle
0.0411425717175
0.0 56.0 43.0 18.0
obstacle
0.040790528059
149.0 106.0 47.0 20.0
obstacle
0.0407408624887
346.0 53.0 42.0 19.0
obstacle
0.0405472964048
85.0 127.0 95.0 32.0
obstacle
0.0403740517795
316.0 228.0 91.0 29.0
obstacle
0.0402885265648
342.0 0.0 124.0 95.0
obstacle
0.0402071885765
196.0 207.0 38.0 16.0
obstacle
0.0401731207967
4.0 144.0 33.0 48.0
obstacle
0.0400732159615
0.0 37.0 168.0 53.0
obstacle
0.039846342057
122.0 119.0 26.0 47.0
obstacle
0.0396020710468
319.0 59.0 21.0 63.0
obstacle
0.0393386073411
155.0 91.0 267.0 53.0
obstacle
0.0393046624959
0.0 0.0 231.0 108.0
obstacle
0.039285313338
351.0 91.0 26.0 51.0
obstacle
0.0391288623214
40.0 138.0 265.0 59.0
obstacle
0.038995642215
46.0 90.0 252.0 50.0
obstacle
0.0389434918761
13.0 237.0 242.0 59.0
obstacle
0.0389241538942
122.0 193.0 27.0 49.0
obstacle
0.0386048406363
154.0 215.0 32.0 56.0
obstacle
0.0384720936418
67.0 169.0 43.0 43.0
obstacle
0.0384176969528
146.0 233.0 46.0 20.0
obstacle
0.038259293884
6.0 63.0 24.0 55.0
obstacle
0.0380641147494
428.0 14.0 28.0 51.0
obstacle
0.0379827693105
261.0 87.0 124.0 111.0
obstacle
0.037968993187
275.0 47.0 107.0 31.0
obstacle
0.0378063060343
92.0 62.0 240.0 54.0
obstacle
0.0377862527966
177.0 153.0 151.0 83.0
obstacle
0.0376688651741
112.0 25.0 127.0 31.0
obstacle
0.0376192368567
82.0 5.0 29.0 68.0
obstacle
0.0376058481634
185.0 253.0 131.0 31.0
obstacle
0.0374535359442
158.0 3.0 29.0 71.0
obstacle
0.0373461432755
0.0 65.0 95.0 103.0
obstacle
0.0372427515686
113.0 78.0 46.0 21.0
obstacle
0.037101674825
37.0 160.0 269.0 65.0
obstacle
0.037090420723
230.0 188.0 36.0 58.0
obstacle
0.0368998274207
182.0 30.0 53.0 18.0
obstacle
0.0366570241749
41.0 206.0 31.0 20.0
obstacle
0.0366211086512
161.0 202.0 113.0 32.0
obstacle
0.0365549437702
200.0 156.0 28.0 17.0
obstacle
0.0365011952817
389.0 101.0 103.0 28.0
obstacle
0.0363823473454
240.0 49.0 102.0 30.0
obstacle
0.0362693443894
103.0 33.0 142.0 112.0
obstacle
0.0359140112996
0.0 78.0 43.0 21.0
obstacle
0.0356938391924
303.0 142.0 119.0 102.0
obstacle
0.0356409475207
6.0 37.0 26.0 55.0
obstacle
0.035455301404
148.0 240.0 203.0 55.0
obstacle
0.0353737771511
234.0 162.0 28.0 59.0
obstacle
0.0353373400867
86.0 102.0 94.0 31.0
obstacle
0.0353023558855
41.0 134.0 30.0 16.0
obstacle
0.0352179445326
352.0 114.0 27.0 53.0
obstacle
0.035010561347
128.0 126.0 95.0 30.0
obstacle
0.0350096412003
163.0 109.0 326.0 116.0
obstacle
0.0347014591098
121.0 4.0 29.0 68.0
obstacle
0.0343818888068
38.0 202.0 105.0 33.0
obstacle
0.034341558814
109.0 254.0 53.0 23.0
obstacle
0.034256927669
429.0 34.0 28.0 57.0
obstacle
0.0342190153897
194.0 6.0 33.0 69.0
obstacle
0.0339946858585
73.0 151.0 115.0 32.0
obstacle
0.0337854102254
115.0 168.0 35.0 48.0
obstacle
0.0331662036479
117.0 133.0 34.0 13.0
obstacle
0.0330838672817
419.0 53.0 48.0 18.0
obstacle
0.0330567993224
34.0 56.0 46.0 18.0
obstacle
0.0329806543887
158.0 89.0 30.0 52.0
obstacle
0.0327879339457
88.0 51.0 16.0 28.0
obstacle
0.032750800252
114.0 156.0 41.0 17.0
obstacle
0.0326440781355
77.0 191.0 35.0 49.0
obstacle
0.0323977470398
123.0 87.0 24.0 58.0
obstacle
0.0322599112988
235.0 36.0 27.0 56.0
obstacle
0.0316812880337
2.0 119.0 28.0 48.0
obstacle
0.0316078811884
41.0 20.0 114.0 40.0
obstacle
0.0314374938607
194.0 21.0 107.0 37.0
obstacle
0.0313733965158
159.0 130.0 35.0 17.0
obstacle
0.0313347280025
199.0 279.0 103.0 32.0
obstacle
0.031303986907
0.0 108.0 240.0 123.0
obstacle
0.0312070269138
142.0 250.0 138.0 37.0
obstacle
0.031112683937
408.0 0.0 92.0 94.0
obstacle
0.031058890745
397.0 25.0 17.0 27.0
obstacle
0.0309093911201
275.0 253.0 102.0 30.0
obstacle
0.0306710395962
201.0 47.0 21.0 34.0
obstacle
0.0306467302144
105.0 178.0 133.0 30.0
obstacle
0.0306177269667
275.0 163.0 26.0 53.0
obstacle
0.0305130407214
42.0 216.0 32.0 50.0
obstacle
0.0304461270571
115.0 107.0 37.0 18.0
obstacle
0.030240027234
353.0 7.0 27.0 66.0
obstacle
0.0302023198456
0.0 227.0 122.0 34.0
obstacle
0.0300128236413
222.0 56.0 129.0 123.0
obstacle
0.0299938432872
198.0 188.0 28.0 57.0
obstacle
0.0299339331686
82.0 22.0 106.0 34.0
obstacle
0.029555587098
194.0 184.0 35.0 18.0
obstacle
0.0295032020658
42.0 7.0 260.0 64.0
obstacle
0.0295005738735
353.0 30.0 25.0 66.0
obstacle
0.0293853059411
234.0 213.0 33.0 54.0
obstacle
0.0293200965971
377.0 259.0 51.0 18.0
obstacle
0.0293187666684
342.0 233.0 41.0 16.0
obstacle
0.0291225258261
459.0 53.0 41.0 19.0
obstacle
0.0289400182664
342.0 252.0 120.0 32.0
obstacle
0.0289341788739
249.0 114.0 226.0 56.0
obstacle
0.0287554841489
240.0 254.0 99.0 30.0
obstacle
0.0287016667426
331.0 185.0 169.0 61.0
obstacle
0.0286846328527
269.0 55.0 39.0 15.0
obstacle
0.028577318415
427.0 47.0 73.0 33.0
obstacle
0.0285336822271
274.0 61.0 28.0 60.0
obstacle
0.0284062847495
173.0 34.0 233.0 58.0
obstacle
0.0282682944089
0.0 244.0 327.0 89.0
obstacle
0.0282388608903
165.0 50.0 16.0 28.0
obstacle
0.028123287484
0.0 117.0 199.0 52.0
obstacle
0.0280947647989
157.0 149.0 118.0 32.0
obstacle
0.0279869195074
355.0 169.0 24.0 47.0
obstacle
0.0279118902981
347.0 66.0 33.0 51.0
obstacle
0.0278697293252
343.0 133.0 42.0 15.0
obstacle
0.0277594774961
467.0 31.0 26.0 63.0
obstacle
0.0277009699494
302.0 195.0 44.0 45.0
obstacle
0.0274430699646
417.0 5.0 51.0 15.0
obstacle
0.0274168215692
164.0 78.0 16.0 26.0
obstacle
0.0273422561586
196.0 169.0 31.0 47.0
obstacle
0.0273250490427
197.0 233.0 33.0 18.0
obstacle
0.02723698318
322.0 159.0 13.0 16.0
obstacle
0.0271003730595
276.0 77.0 104.0 29.0
obstacle
0.0270252712071
248.0 147.0 231.0 45.0
obstacle
0.0268842577934
86.0 101.0 17.0 27.0
obstacle
0.0268415156752
77.0 233.0 39.0 19.0
obstacle
0.0268410891294
343.0 160.0 39.0 14.0
obstacle
0.0267816130072
150.0 182.0 47.0 19.0
obstacle
0.0267091412097
35.0 0.0 123.0 101.0
obstacle
0.0264496989548
310.0 55.0 37.0 16.0
obstacle
0.0264182537794
275.0 34.0 27.0 60.0
obstacle
0.0264102853835
202.0 58.0 19.0 13.0
