obstacle
0.748859226704
454.0 242.0 36.0 17.0
obstacle
0.598973453045
454.0 247.0 36.0 19.0
obstacle
0.530646979809
364.0 139.0 21.0 79.0
obstacle
0.529949724674
450.0 232.0 42.0 36.0
obstacle
0.49302855134
247.0 134.0 24.0 67.0
obstacle
0.481730043888
303.0 119.0 27.0 75.0
obstacle
0.454804480076
91.0 119.0 28.0 73.0
obstacle
0.450098544359
341.0 118.0 27.0 77.0
obstacle
0.44005009532
130.0 116.0 26.0 80.0
obstacle
0.432217508554
173.0 120.0 22.0 72.0
obstacle
0.419074177742
283.0 122.0 27.0 70.0
obstacle
0.41166177392
265.0 131.0 26.0 73.0
obstacle
0.406185477972
111.0 122.0 25.0 67.0
obstacle
0.396842420101
209.0 119.0 22.0 74.0
obstacle
0.395973026752
323.0 136.0 27.0 63.0
obstacle
0.390174537897
344.0 141.0 22.0 74.0
obstacle
0.362944453955
397.0 110.0 27.0 93.0
obstacle
0.349427103996
75.0 116.0 26.0 59.0
obstacle
0.343091249466
380.0 146.0 25.0 65.0
obstacle
0.340278714895
283.0 152.0 29.0 76.0
obstacle
0.336912035942
361.0 107.0 26.0 78.0
obstacle
0.334090769291
86.0 200.0 151.0 29.0
obstacle
0.329021632671
188.0 132.0 25.0 69.0
obstacle
0.327268660069
246.0 154.0 27.0 72.0
obstacle
0.309936493635
150.0 129.0 26.0 76.0
obstacle
0.298774421215
399.0 144.0 25.0 91.0
obstacle
0.294061720371
226.0 123.0 26.0 68.0
obstacle
0.281283020973
304.0 147.0 26.0 86.0
obstacle
0.274894982576
189.0 212.0 139.0 25.0
obstacle
0.265724986792
220.0 200.0 153.0 31.0
obstacle
0.260820925236
380.0 105.0 27.0 83.0
obstacle
0.249610975385
111.0 146.0 26.0 65.0
obstacle
0.227116897702
92.0 150.0 27.0 58.0
obstacle
0.209161311388
74.0 132.0 27.0 71.0
obstacle
0.206383123994
149.0 163.0 27.0 56.0
obstacle
0.204848214984
169.0 204.0 141.0 25.0
obstacle
0.204341500998
246.0 109.0 28.0 75.0
obstacle
0.198303446174
207.0 137.0 27.0 82.0
obstacle
0.191786885262
110.0 98.0 30.0 73.0
obstacle
0.184902057052
73.0 186.0 142.0 36.0
obstacle
0.184874251485
321.0 110.0 30.0 73.0
obstacle
0.183235749602
317.0 202.0 150.0 26.0
obstacle
0.181668579578
169.0 141.0 27.0 74.0
obstacle
0.175846800208
168.0 78.0 28.0 112.0
obstacle
0.175218597054
253.0 218.0 14.0 13.0
obstacle
0.171190306544
83.0 211.0 159.0 26.0
obstacle
0.158820360899
246.0 210.0 136.0 30.0
obstacle
0.152046129107
272.0 218.0 13.0 14.0
obstacle
0.151671156287
166.0 219.0 35.0 11.0
obstacle
0.151327759027
146.0 53.0 35.0 114.0
obstacle
0.149707317352
264.0 165.0 26.0 74.0
obstacle
0.142144218087
225.0 153.0 28.0 74.0
obstacle
0.14147670567
263.0 95.0 30.0 79.0
obstacle
0.135469824076
233.0 218.0 15.0 13.0
obstacle
0.134638741612
186.0 219.0 32.0 10.0
obstacle
0.131713375449
244.0 220.0 31.0 9.0
obstacle
0.127163261175
174.0 216.0 18.0 17.0
obstacle
0.125611826777
55.0 199.0 217.0 50.0
obstacle
0.125516429543
140.0 219.0 47.0 12.0
obstacle
0.120818853378
251.0 146.0 18.0 42.0
obstacle
0.118913322687
194.0 207.0 14.0 17.0
obstacle
0.116405330598
289.0 216.0 15.0 17.0
obstacle
0.116392306983
212.0 217.0 15.0 15.0
obstacle
0.116290107369
224.0 219.0 32.0 11.0
obstacle
0.11463098973
164.0 40.0 35.0 117.0
obstacle
0.112614125013
39.0 182.0 248.0 43.0
obstacle
0.112594805658
176.0 206.0 13.0 17.0
obstacle
0.112508840859
184.0 69.0 34.0 105.0
obstacle
0.111797899008
368.0 159.0 15.0 40.0
obstacle
0.110517069697
194.0 216.0 15.0 18.0
obstacle
0.109954863787
300.0 94.0 32.0 81.0
obstacle
0.109699361026
153.0 191.0 17.0 23.0
obstacle
0.108736023307
129.0 160.0 30.0 62.0
obstacle
0.107433266938
53.0 111.0 30.0 68.0
obstacle
0.106872104108
144.0 9.0 40.0 86.0
obstacle
0.105919979513
161.0 13.0 39.0 100.0
obstacle
0.104548662901
187.0 152.0 28.0 77.0
obstacle
0.104450762272
184.0 218.0 150.0 34.0
obstacle
0.103489086032
378.0 145.0 30.0 111.0
obstacle
0.102589964867
134.0 205.0 18.0 19.0
obstacle
0.101508587599
310.0 135.0 14.0 42.0
