obstacle
0.343703866005
71.0 141.0 377.0 118.0
obstacle
0.281552612782
105.0 116.0 42.0 12.0
obstacle
0.199631035328
243.0 123.0 68.0 27.0
obstacle
0.177696600556
21.0 115.0 12.0 18.0
obstacle
0.173419862986
105.0 112.0 75.0 20.0
obstacle
0.173216149211
260.0 130.0 37.0 12.0
obstacle
0.172667607665
268.0 122.0 19.0 26.0
obstacle
0.171315088868
238.0 140.0 40.0 13.0
obstacle
0.157626032829
227.0 133.0 67.0 25.0
obstacle
0.14694224298
378.0 87.0 122.0 46.0
obstacle
0.145849660039
11.0 117.0 34.0 13.0
obstacle
0.14129909873
213.0 117.0 167.0 114.0
obstacle
0.140450567007
244.0 130.0 33.0 12.0
obstacle
0.128885179758
155.0 80.0 173.0 111.0
obstacle
0.119551934302
219.0 120.0 117.0 33.0
obstacle
0.111581787467
212.0 152.0 171.0 46.0
obstacle
0.103350512683
138.0 115.0 49.0 15.0
obstacle
0.103256069124
180.0 117.0 124.0 39.0
