obstacle
0.656010210514
298.0 138.0 42.0 43.0
obstacle
0.472368359566
202.0 102.0 38.0 16.0
obstacle
0.429582089186
83.0 160.0 312.0 126.0
obstacle
0.376064568758
303.0 149.0 30.0 39.0
obstacle
0.20239546895
302.0 149.0 36.0 18.0
obstacle
0.197880759835
320.0 137.0 24.0 44.0
obstacle
0.173357561231
219.0 100.0 39.0 18.0
obstacle
0.167047455907
266.0 59.0 25.0 98.0
obstacle
0.1595941782
213.0 100.0 16.0 19.0
obstacle
0.142728492618
107.0 100.0 36.0 15.0
obstacle
0.120358802378
310.0 129.0 43.0 56.0
obstacle
0.113769203424
110.0 167.0 181.0 143.0
obstacle
0.113318882883
183.0 101.0 42.0 15.0
obstacle
0.112182840705
204.0 97.0 67.0 25.0
obstacle
0.102388471365
300.0 162.0 41.0 16.0
