obstacle
0.218882367015
470.0 129.0 30.0 12.0
obstacle
0.206544697285
248.0 184.0 25.0 30.0
obstacle
0.197399586439
77.0 167.0 285.0 66.0
obstacle
0.188943728805
438.0 126.0 62.0 19.0
obstacle
0.182286307216
449.0 130.0 45.0 12.0
obstacle
0.170440614223
249.0 179.0 21.0 22.0
obstacle
0.137007176876
72.0 191.0 144.0 39.0
obstacle
0.127396956086
242.0 192.0 36.0 16.0
obstacle
0.125668674707
261.0 169.0 71.0 20.0
obstacle
0.115799643099
132.0 180.0 135.0 41.0
obstacle
0.107328295708
480.0 123.0 18.0 23.0
obstacle
0.106783114374
229.0 186.0 60.0 27.0
obstacle
0.102032028139
242.0 185.0 36.0 10.0
