obstacle
0.903168678284
90.0 153.0 410.0 112.0
obstacle
0.373219698668
166.0 117.0 26.0 31.0
obstacle
0.229427009821
224.0 113.0 72.0 18.0
obstacle
0.227700918913
259.0 117.0 39.0 10.0
obstacle
0.21161365509
151.0 120.0 31.0 27.0
obstacle
0.209669351578
144.0 105.0 45.0 40.0
obstacle
0.207119971514
240.0 118.0 41.0 9.0
obstacle
0.204179435968
153.0 113.0 27.0 26.0
obstacle
0.184641823173
158.0 108.0 43.0 34.0
obstacle
0.177610233426
385.0 77.0 115.0 30.0
obstacle
0.123360015452
200.0 108.0 119.0 29.0
obstacle
0.123204261065
201.0 108.0 41.0 11.0
