obstacle
0.676164448261
28.0 156.0 385.0 89.0
obstacle
0.536077141762
103.0 126.0 11.0 9.0
obstacle
0.386140793562
221.0 127.0 33.0 10.0
obstacle
0.372105270624
102.0 120.0 12.0 13.0
obstacle
0.352387189865
129.0 126.0 29.0 11.0
obstacle
0.30661508441
110.0 126.0 29.0 10.0
obstacle
0.30461794138
97.0 127.0 23.0 9.0
obstacle
0.253725856543
206.0 127.0 37.0 10.0
obstacle
0.201577723026
209.0 122.0 58.0 19.0
obstacle
0.184604093432
91.0 123.0 65.0 16.0
obstacle
0.170606061816
124.0 119.0 37.0 11.0
obstacle
0.158179953694
107.0 121.0 68.0 21.0
obstacle
0.132327958941
95.0 120.0 25.0 8.0
obstacle
0.12909924984
130.0 176.0 258.0 66.0
obstacle
0.12160025537
220.0 118.0 38.0 12.0
obstacle
0.118650488555
136.0 124.0 14.0 15.0
obstacle
0.115644000471
115.0 126.0 13.0 12.0
obstacle
0.113426685333
228.0 124.0 16.0 16.0
obstacle
0.110968723893
75.0 174.0 218.0 70.0
obstacle
0.10113440454
107.0 120.0 35.0 10.0
