obstacle
0.784147083759
347.0 138.0 90.0 17.0
obstacle
0.773796916008
162.0 145.0 232.0 61.0
obstacle
0.366861045361
217.0 155.0 153.0 42.0
obstacle
0.363232851028
392.0 142.0 40.0 11.0
obstacle
0.289570242167
363.0 141.0 63.0 12.0
obstacle
0.186790540814
343.0 140.0 34.0 11.0
obstacle
0.158533319831
170.0 152.0 146.0 48.0
obstacle
0.138206228614
483.0 313.0 16.0 20.0
obstacle
0.137858614326
325.0 132.0 110.0 29.0
obstacle
0.128002643585
249.0 165.0 24.0 38.0
obstacle
0.127514466643
268.0 165.0 23.0 39.0
obstacle
0.120289646089
402.0 139.0 22.0 16.0
obstacle
0.119825601578
83.0 137.0 356.0 115.0
