obstacle
0.569569051266
282.0 184.0 78.0 17.0
obstacle
0.33160418272
206.0 242.0 146.0 34.0
obstacle
0.250915616751
281.0 188.0 41.0 11.0
obstacle
0.238208547235
281.0 171.0 79.0 25.0
obstacle
0.167642578483
225.0 199.0 35.0 13.0
obstacle
0.133526653051
232.0 193.0 20.0 23.0
obstacle
0.123167313635
250.0 234.0 130.0 35.0
obstacle
0.122899770737
294.0 175.0 48.0 14.0
obstacle
0.119082584977
291.0 247.0 88.0 25.0
obstacle
0.114974558353
263.0 179.0 110.0 28.0
obstacle
0.109848886728
275.0 156.0 86.0 28.0
obstacle
0.101455681026
154.0 235.0 214.0 48.0
