obstacle
0.811554968357
417.0 117.0 67.0 19.0
obstacle
0.77936142683
86.0 155.0 195.0 63.0
obstacle
0.739442527294
305.0 118.0 14.0 14.0
obstacle
0.48047286272
296.0 117.0 16.0 15.0
obstacle
0.413147330284
308.0 122.0 12.0 17.0
obstacle
0.355277150869
406.0 121.0 66.0 19.0
obstacle
0.299899697304
147.0 148.0 144.0 55.0
obstacle
0.297189980745
29.0 155.0 309.0 86.0
obstacle
0.197745546699
296.0 121.0 13.0 21.0
obstacle
0.193832144141
423.0 126.0 56.0 12.0
obstacle
0.193165630102
39.0 167.0 211.0 62.0
obstacle
0.187557011843
424.0 120.0 57.0 11.0
obstacle
0.160862132907
414.0 125.0 42.0 14.0
obstacle
0.155340895057
114.0 169.0 215.0 58.0
obstacle
0.152837172151
424.0 122.0 76.0 19.0
obstacle
0.137452691793
298.0 109.0 34.0 26.0
obstacle
0.134634494781
406.0 115.0 92.0 33.0
obstacle
0.12935115397
308.0 117.0 15.0 9.0
obstacle
0.125777974725
307.0 100.0 18.0 25.0
obstacle
0.1119466573
290.0 117.0 20.0 9.0
obstacle
0.105797611177
301.0 114.0 29.0 38.0
obstacle
0.0981443226337
412.0 120.0 47.0 10.0
obstacle
0.0918572768569
375.0 110.0 120.0 27.0
obstacle
0.0897401049733
283.0 107.0 33.0 29.0
obstacle
0.0855603292584
451.0 118.0 36.0 12.0
obstacle
0.0818645879626
288.0 101.0 19.0 23.0
obstacle
0.0790471285582
424.0 124.0 17.0 15.0
obstacle
0.077722504735
63.0 160.0 128.0 51.0
obstacle
0.0769451931119
104.0 138.0 40.0 70.0
obstacle
0.0726043879986
73.0 140.0 182.0 116.0
obstacle
0.0671095624566
440.0 124.0 23.0 15.0
obstacle
0.0656331777573
285.0 114.0 31.0 37.0
obstacle
0.0654423236847
193.0 174.0 18.0 24.0
obstacle
0.0632054284215
61.0 178.0 171.0 37.0
obstacle
0.0630867555737
272.0 121.0 18.0 27.0
obstacle
0.0625323355198
326.0 113.0 15.0 20.0
obstacle
0.0613033920527
449.0 126.0 40.0 13.0
obstacle
0.0609321966767
189.0 172.0 98.0 25.0
obstacle
0.0598200708628
173.0 175.0 129.0 43.0
obstacle
0.0571651570499
426.0 95.0 52.0 54.0
obstacle
0.0565553717315
175.0 174.0 16.0 24.0
obstacle
0.0542200393975
440.0 115.0 24.0 16.0
obstacle
0.0539397671819
328.0 121.0 14.0 24.0
obstacle
0.0530385226011
291.0 128.0 15.0 34.0
obstacle
0.0511217489839
74.0 142.0 65.0 87.0
obstacle
0.0491453967988
141.0 170.0 117.0 30.0
obstacle
0.0465193875134
310.0 127.0 14.0 34.0
obstacle
0.0458403490484
214.0 161.0 86.0 25.0
obstacle
0.045678216964
271.0 112.0 19.0 22.0
obstacle
0.0456415899098
461.0 114.0 18.0 18.0
obstacle
0.0456156693399
172.0 185.0 19.0 26.0
obstacle
0.0445987917483
407.0 130.0 88.0 29.0
obstacle
0.043134201318
425.0 115.0 17.0 17.0
obstacle
0.042513538152
306.0 126.0 20.0 9.0
obstacle
0.0419152379036
179.0 150.0 45.0 70.0
obstacle
0.0414406135678
462.0 124.0 15.0 16.0
obstacle
0.0414241924882
443.0 110.0 57.0 25.0
obstacle
0.0413480997086
152.0 159.0 215.0 55.0
obstacle
0.040543589741
118.0 149.0 53.0 71.0
obstacle
0.0397235527635
133.0 184.0 99.0 26.0
obstacle
0.0392848029733
52.0 166.0 32.0 90.0
obstacle
0.0388654321432
471.0 116.0 29.0 13.0
obstacle
0.0386298187077
191.0 184.0 19.0 29.0
obstacle
0.038406919688
159.0 151.0 46.0 68.0
obstacle
0.0380886346102
397.0 96.0 103.0 102.0
obstacle
0.0377256348729
410.0 99.0 83.0 25.0
obstacle
0.0374840758741
139.0 151.0 48.0 67.0
obstacle
0.0367225557566
116.0 149.0 13.0 22.0
obstacle
0.0364874787629
156.0 120.0 168.0 106.0
obstacle
0.0364435873926
281.0 104.0 36.0 11.0
obstacle
0.0358367562294
319.0 117.0 32.0 11.0
obstacle
0.0350113064051
165.0 181.0 37.0 10.0
obstacle
0.0350049212575
326.0 99.0 19.0 25.0
obstacle
0.0345847196877
47.0 106.0 155.0 135.0
obstacle
0.0339610427618
150.0 158.0 100.0 31.0
obstacle
0.0336716882885
155.0 174.0 16.0 26.0
obstacle
0.0336469300091
295.0 109.0 72.0 27.0
obstacle
0.0334267020226
279.0 117.0 39.0 59.0
obstacle
0.0333080366254
301.0 104.0 30.0 11.0
obstacle
0.0329711176455
220.0 115.0 121.0 38.0
obstacle
0.0326057635248
249.0 109.0 67.0 28.0
obstacle
0.0321202017367
182.0 181.0 38.0 9.0
obstacle
0.0320851355791
483.0 112.0 15.0 20.0
obstacle
0.0315691754222
246.0 121.0 74.0 27.0
obstacle
0.0312666445971
153.0 186.0 19.0 24.0
obstacle
0.0310774948448
300.0 91.0 33.0 39.0
obstacle
0.0309713166207
0.0 138.0 252.0 72.0
obstacle
0.0305507294834
278.0 103.0 156.0 36.0
obstacle
0.0299788471311
285.0 126.0 29.0 11.0
obstacle
0.0293260738254
374.0 122.0 119.0 45.0
obstacle
0.029214091599
123.0 138.0 159.0 48.0
obstacle
0.0290766097605
58.0 172.0 97.0 29.0
obstacle
0.0290694031864
163.0 192.0 40.0 11.0
obstacle
0.0288438405842
463.0 130.0 17.0 31.0
obstacle
0.0286742597818
259.0 127.0 42.0 14.0
obstacle
0.0281698647887
70.0 124.0 339.0 100.0
obstacle
0.0279445499182
238.0 141.0 42.0 64.0
obstacle
0.0267843604088
264.0 116.0 33.0 11.0
obstacle
0.0266626998782
182.0 169.0 39.0 9.0
obstacle
0.026443136856
288.0 111.0 135.0 45.0
obstacle
0.0264019388705
109.0 154.0 31.0 10.0
obstacle
0.0260408297181
447.0 104.0 47.0 85.0
obstacle
0.0259792413563
164.0 184.0 113.0 26.0
obstacle
0.0258119087666
270.0 129.0 18.0 35.0
obstacle
0.0256630238146
47.0 146.0 121.0 54.0
obstacle
0.0256148781627
322.0 117.0 147.0 35.0
obstacle
0.0254956576973
210.0 173.0 21.0 26.0
obstacle
0.0252305921167
279.0 86.0 38.0 47.0
obstacle
0.0249582286924
411.0 106.0 47.0 57.0
obstacle
0.0240868125111
62.0 149.0 49.0 100.0
obstacle
0.0239795353264
145.0 192.0 38.0 12.0
obstacle
0.0238918382674
346.0 108.0 17.0 28.0
obstacle
0.0236847959459
261.0 60.0 109.0 126.0
obstacle
0.0235422849655
256.0 144.0 44.0 57.0
obstacle
0.0234901253134
314.0 99.0 40.0 46.0
obstacle
0.0234561935067
180.0 193.0 43.0 10.0
obstacle
0.0233167577535
428.0 99.0 46.0 94.0
obstacle
0.0230840723962
424.0 131.0 18.0 28.0
obstacle
0.0230542458594
267.0 100.0 63.0 20.0
obstacle
0.0230056252331
203.0 102.0 155.0 39.0
obstacle
0.0227681174874
210.0 125.0 138.0 44.0
obstacle
0.0226762481034
429.0 105.0 47.0 11.0
obstacle
0.0226518716663
144.0 180.0 40.0 12.0
obstacle
0.0225760247558
334.0 116.0 42.0 12.0
obstacle
0.0224852766842
472.0 127.0 28.0 12.0
obstacle
0.0223962441087
134.0 185.0 18.0 27.0
obstacle
0.0222937166691
298.0 122.0 39.0 74.0
obstacle
0.0220097769052
212.0 143.0 54.0 60.0
obstacle
0.021841423586
234.0 167.0 49.0 13.0
obstacle
0.0215854290873
58.0 195.0 20.0 32.0
obstacle
0.0215155556798
195.0 163.0 16.0 21.0
obstacle
0.0214744471014
197.0 145.0 48.0 80.0
obstacle
0.02140808478
189.0 63.0 311.0 118.0
obstacle
0.0214053168893
398.0 118.0 34.0 10.0
obstacle
0.0213823877275
108.0 171.0 107.0 29.0
obstacle
0.0207615252584
484.0 124.0 13.0 19.0
obstacle
0.0206454396248
243.0 132.0 75.0 29.0
obstacle
0.0204123258591
447.0 140.0 46.0 14.0
obstacle
0.0203093271703
248.0 160.0 23.0 28.0
obstacle
0.0201366245747
116.0 107.0 325.0 55.0
obstacle
0.0199007093906
258.0 116.0 43.0 61.0
obstacle
0.0197245236486
115.0 152.0 18.0 42.0
obstacle
0.0196617282927
87.0 190.0 153.0 39.0
obstacle
0.0196289867163
347.0 117.0 18.0 34.0
obstacle
0.0195095278323
122.0 199.0 83.0 23.0
obstacle
0.0194019861519
378.0 91.0 122.0 39.0
obstacle
0.0189380832016
380.0 122.0 77.0 23.0
obstacle
0.0189367178828
442.0 129.0 18.0 31.0
obstacle
0.0188870057464
449.0 91.0 42.0 61.0
obstacle
0.0188588239253
94.0 147.0 61.0 101.0
obstacle
0.0188195705414
61.0 186.0 88.0 24.0
obstacle
0.0187518261373
270.0 97.0 19.0 27.0
obstacle
0.0186385661364
414.0 105.0 38.0 11.0
obstacle
0.0185737516731
379.0 131.0 73.0 30.0
obstacle
0.0184808205813
319.0 128.0 33.0 10.0
obstacle
0.0184651743621
235.0 134.0 127.0 50.0
obstacle
0.0183793157339
334.0 128.0 42.0 13.0
obstacle
0.0182740893215
287.0 118.0 52.0 25.0
obstacle
0.0182386897504
196.0 78.0 165.0 114.0
obstacle
0.0182379502803
318.0 104.0 36.0 11.0
obstacle
0.0180417653173
269.0 158.0 18.0 31.0
obstacle
0.0179594252259
403.0 132.0 20.0 29.0
obstacle
0.0179046522826
272.0 69.0 168.0 106.0
obstacle
0.0177405234426
196.0 181.0 49.0 10.0
obstacle
0.0173350069672
209.0 95.0 291.0 54.0
obstacle
0.0172048900276
23.0 175.0 131.0 45.0
obstacle
0.0171323157847
449.0 105.0 44.0 11.0
obstacle
0.0171235278249
43.0 140.0 358.0 141.0
obstacle
0.0169235188514
444.0 97.0 16.0 28.0
obstacle
0.0168082360178
95.0 184.0 99.0 27.0
obstacle
0.0167999211699
258.0 103.0 44.0 12.0
obstacle
0.016750510782
316.0 86.0 184.0 123.0
obstacle
0.016672199592
197.0 151.0 162.0 45.0
obstacle
0.0166245661676
309.0 119.0 89.0 31.0
obstacle
0.0166225805879
136.0 171.0 15.0 30.0
obstacle
0.0164141878486
351.0 110.0 88.0 24.0
obstacle
0.0163651369512
289.0 141.0 18.0 35.0
obstacle
0.0161869358271
400.0 127.0 31.0 13.0
obstacle
0.0161224808544
213.0 168.0 54.0 11.0
obstacle
0.0161092057824
234.0 150.0 48.0 96.0
obstacle
0.0161017496139
114.0 168.0 20.0 34.0
obstacle
0.0159783773124
86.0 157.0 77.0 32.0
obstacle
0.0159698929638
330.0 80.0 50.0 83.0
obstacle
0.0157521869987
210.0 181.0 20.0 34.0
obstacle
0.0155909750611
329.0 129.0 16.0 33.0
obstacle
0.0155449789017
306.0 116.0 194.0 62.0
obstacle
0.0154631193727
190.0 199.0 100.0 23.0
obstacle
0.0152866151184
231.0 169.0 19.0 33.0
obstacle
0.0152146201581
207.0 180.0 64.0 11.0
obstacle
0.0151138287038
177.0 162.0 13.0 24.0
obstacle
0.0150595707819
271.0 137.0 53.0 17.0
obstacle
0.015031453222
163.0 169.0 40.0 9.0
obstacle
0.0149613479152
120.0 180.0 48.0 11.0
obstacle
0.0148258125409
257.0 143.0 84.0 31.0
obstacle
0.0148117542267
231.0 159.0 21.0 31.0
obstacle
0.0147305140272
258.0 97.0 43.0 50.0
obstacle
0.0146815581247
410.0 138.0 46.0 16.0
obstacle
0.0145271457732
376.0 114.0 37.0 15.0
obstacle
0.0144470753148
144.0 127.0 310.0 66.0
obstacle
0.0144191505387
98.0 179.0 55.0 13.0
obstacle
0.0143449697644
99.0 166.0 51.0 13.0
obstacle
0.01411930006
425.0 96.0 16.0 29.0
obstacle
0.0137980664149
214.0 184.0 88.0 29.0
obstacle
0.0135807814077
308.0 139.0 18.0 40.0
obstacle
0.0135210333392
298.0 121.0 69.0 23.0
obstacle
0.0134845860302
269.0 144.0 18.0 34.0
obstacle
0.0134163415059
374.0 128.0 41.0 13.0
obstacle
0.0133426263928
93.0 167.0 24.0 37.0
obstacle
0.0133233880624
295.0 98.0 79.0 25.0
obstacle
0.0131035847589
408.0 124.0 14.0 18.0
obstacle
0.0130424853414
471.0 105.0 29.0 83.0
obstacle
0.0130036855116
431.0 62.0 42.0 68.0
obstacle
0.0127748688683
93.0 147.0 65.0 26.0
obstacle
0.0127676120028
244.0 97.0 74.0 25.0
obstacle
0.0126171754673
74.0 137.0 143.0 49.0
obstacle
0.0126092443243
280.0 131.0 69.0 28.0
obstacle
0.0123598380014
160.0 200.0 84.0 21.0
obstacle
0.0123481778428
306.0 81.0 22.0 35.0
obstacle
0.0120031507686
60.0 210.0 16.0 25.0
obstacle
0.0119680156931
413.0 79.0 41.0 60.0
obstacle
0.0119428187609
315.0 61.0 42.0 72.0
obstacle
0.011885760352
190.0 133.0 137.0 56.0
obstacle
0.0118477735668
196.0 127.0 48.0 66.0
obstacle
0.0117591815069
483.0 131.0 16.0 31.0
obstacle
0.0115743372589
254.0 166.0 47.0 14.0
obstacle
0.0115328133106
292.0 88.0 167.0 42.0
obstacle
0.0115152671933
123.0 192.0 43.0 12.0
obstacle
0.0114288832992
137.0 154.0 15.0 38.0
obstacle
0.0113908741623
212.0 161.0 18.0 26.0
obstacle
0.0112783825025
199.0 169.0 43.0 10.0
obstacle
0.0112566864118
111.0 159.0 103.0 30.0
obstacle
0.0111313015223
391.0 139.0 46.0 16.0
obstacle
0.0110668605193
468.0 140.0 32.0 13.0
obstacle
0.0110646514222
214.0 148.0 90.0 26.0
obstacle
0.0110603775829
462.0 95.0 19.0 30.0
obstacle
0.0109851788729
173.0 193.0 133.0 35.0
obstacle
0.0109436931089
79.0 178.0 54.0 17.0
obstacle
0.0109378313646
82.0 198.0 83.0 26.0
obstacle
0.0108615132049
223.0 89.0 152.0 42.0
obstacle
0.0108514614403
450.0 59.0 42.0 75.0
obstacle
0.0108333919197
266.0 151.0 63.0 16.0
obstacle
0.0105884764344
158.0 158.0 13.0 32.0
obstacle
0.0105316657573
408.0 113.0 15.0 19.0
obstacle
0.0105296634138
149.0 72.0 298.0 75.0
obstacle
0.0105112819001
182.0 149.0 77.0 25.0
obstacle
0.0104456748813
346.0 95.0 19.0 30.0
obstacle
0.0103592369705
194.0 192.0 52.0 12.0
obstacle
0.0103158829734
275.0 133.0 46.0 79.0
obstacle
0.010299673304
67.0 133.0 41.0 80.0
obstacle
0.0102717783302
238.0 99.0 158.0 122.0
obstacle
0.0102114891633
139.0 168.0 49.0 10.0
obstacle
0.0100060496479
249.0 171.0 20.0 30.0
