obstacle
0.697093486786
247.0 112.0 253.0 71.0
obstacle
0.587364852428
127.0 99.0 342.0 98.0
obstacle
0.463231354952
319.0 112.0 152.0 45.0
obstacle
0.38114631176
80.0 143.0 282.0 59.0
obstacle
0.367980837822
40.0 126.0 361.0 93.0
obstacle
0.351026982069
126.0 120.0 266.0 56.0
obstacle
0.280137747526
121.0 131.0 201.0 59.0
obstacle
0.2238740623
129.0 150.0 148.0 44.0
obstacle
0.217144191265
347.0 104.0 131.0 40.0
obstacle
0.196493268013
266.0 78.0 27.0 61.0
obstacle
0.187143266201
137.0 114.0 169.0 117.0
obstacle
0.167403146625
291.0 124.0 172.0 45.0
obstacle
0.166943922639
233.0 132.0 267.0 79.0
obstacle
0.161392718554
184.0 105.0 190.0 109.0
obstacle
0.145304322243
283.0 69.0 29.0 79.0
obstacle
0.14066593349
265.0 94.0 28.0 79.0
obstacle
0.139403298497
139.0 124.0 128.0 49.0
obstacle
0.137235060334
173.0 127.0 173.0 40.0
obstacle
0.108803354204
181.0 0.0 319.0 85.0
obstacle
0.0983939170837
412.0 112.0 75.0 21.0
obstacle
0.0960565954447
319.0 26.0 151.0 38.0
obstacle
0.0956375896931
132.0 159.0 100.0 25.0
obstacle
0.0824194103479
278.0 121.0 41.0 76.0
obstacle
0.0816136822104
390.0 0.0 48.0 89.0
obstacle
0.0801440402865
101.0 136.0 131.0 45.0
obstacle
0.0794228166342
258.0 120.0 42.0 78.0
obstacle
0.0780384987593
344.0 83.0 156.0 128.0
obstacle
0.0777780935168
242.0 117.0 36.0 59.0
obstacle
0.0763459056616
192.0 135.0 175.0 47.0
obstacle
0.0744124799967
270.0 135.0 17.0 26.0
obstacle
0.071754835546
176.0 134.0 51.0 74.0
obstacle
0.0702377483249
373.0 0.0 43.0 77.0
obstacle
0.0699618533254
201.0 137.0 40.0 69.0
obstacle
0.0679427012801
157.0 128.0 52.0 86.0
obstacle
0.067665591836
282.0 98.0 31.0 72.0
obstacle
0.0674882382154
210.0 159.0 19.0 28.0
obstacle
0.0674702823162
252.0 28.0 131.0 34.0
obstacle
0.0669316649437
373.0 32.0 81.0 25.0
obstacle
0.0649508833885
258.0 141.0 41.0 12.0
obstacle
0.0635830834508
353.0 0.0 45.0 82.0
obstacle
0.0588215738535
254.0 39.0 128.0 35.0
obstacle
0.0578903742135
252.0 136.0 15.0 25.0
obstacle
0.0567528121173
136.0 147.0 91.0 27.0
obstacle
0.0564080141485
0.0 24.0 136.0 41.0
obstacle
0.0553752370179
191.0 159.0 21.0 27.0
obstacle
0.0547000207007
257.0 0.0 44.0 81.0
obstacle
0.0545829609036
316.0 138.0 155.0 40.0
obstacle
0.0541908182204
241.0 141.0 38.0 12.0
obstacle
0.0540665984154
193.0 146.0 17.0 28.0
obstacle
0.0529046729207
174.0 166.0 55.0 13.0
obstacle
0.050712171942
235.0 123.0 167.0 48.0
obstacle
0.0504840575159
363.0 125.0 134.0 41.0
obstacle
0.0489254780114
362.0 111.0 100.0 24.0
obstacle
0.0474980175495
367.0 137.0 16.0 21.0
obstacle
0.0472679510713
278.0 141.0 40.0 12.0
obstacle
0.0463770106435
226.0 72.0 182.0 125.0
obstacle
0.0457852035761
305.0 11.0 141.0 43.0
obstacle
0.0457687564194
289.0 135.0 17.0 25.0
obstacle
0.0453660823405
289.0 150.0 172.0 43.0
obstacle
0.0452001132071
269.0 147.0 18.0 26.0
obstacle
0.044876370579
406.0 0.0 53.0 81.0
obstacle
0.0443574972451
288.0 146.0 18.0 28.0
obstacle
0.044238910079
113.0 29.0 370.0 160.0
obstacle
0.0441065877676
364.0 149.0 21.0 22.0
obstacle
0.0436741262674
333.0 0.0 46.0 78.0
obstacle
0.0435249097645
203.0 113.0 155.0 44.0
obstacle
0.0433787591755
301.0 104.0 33.0 61.0
obstacle
0.0432070977986
113.0 163.0 143.0 40.0
obstacle
0.0431241802871
345.0 148.0 20.0 24.0
obstacle
0.0430832244456
386.0 136.0 17.0 23.0
obstacle
0.0429044924676
395.0 38.0 37.0 14.0
obstacle
0.0427574962378
258.0 129.0 41.0 12.0
obstacle
0.0427542030811
342.0 41.0 143.0 30.0
obstacle
0.0416397564113
403.0 28.0 21.0 34.0
obstacle
0.0414356850088
137.0 131.0 56.0 81.0
obstacle
0.0414232946932
354.0 116.0 40.0 60.0
obstacle
0.0413817130029
322.0 0.0 178.0 107.0
obstacle
0.0413430482149
426.0 115.0 50.0 14.0
obstacle
0.0400623455644
385.0 133.0 92.0 26.0
obstacle
0.0395899116993
337.0 116.0 38.0 60.0
obstacle
0.0389309264719
237.0 133.0 79.0 27.0
obstacle
0.0389021672308
196.0 167.0 48.0 11.0
obstacle
0.0388793461025
157.0 119.0 15.0 29.0
obstacle
0.038761921227
135.0 171.0 93.0 27.0
obstacle
0.0385133847594
275.0 154.0 45.0 11.0
obstacle
0.037982236594
182.0 114.0 318.0 141.0
obstacle
0.037910271436
274.0 0.0 49.0 79.0
obstacle
0.0377472192049
173.0 155.0 57.0 10.0
obstacle
0.0377200618386
219.0 127.0 41.0 64.0
obstacle
0.0376576818526
181.0 116.0 42.0 60.0
obstacle
0.0372404716909
218.0 152.0 161.0 39.0
obstacle
0.0372206941247
237.0 0.0 45.0 90.0
obstacle
0.0369438640773
408.0 107.0 49.0 80.0
obstacle
0.0368039421737
171.0 156.0 22.0 32.0
obstacle
0.0366637967527
329.0 19.0 92.0 26.0
obstacle
0.0363567881286
338.0 33.0 73.0 24.0
obstacle
0.035632327199
274.0 102.0 11.0 41.0
obstacle
0.0356045626104
212.0 146.0 17.0 28.0
obstacle
0.0351929739118
374.0 113.0 39.0 66.0
obstacle
0.0351452082396
149.0 166.0 67.0 12.0
obstacle
0.035068731755
272.0 121.0 13.0 29.0
obstacle
0.0346724949777
276.0 46.0 83.0 21.0
obstacle
0.0345880575478
0.0 30.0 69.0 29.0
obstacle
0.0345520786941
268.0 112.0 139.0 46.0
obstacle
0.034152649343
242.0 74.0 37.0 71.0
obstacle
0.0332907252014
373.0 38.0 41.0 13.0
obstacle
0.0332009941339
275.0 34.0 84.0 23.0
obstacle
0.0330849774182
383.0 14.0 21.0 37.0
obstacle
0.0330668091774
348.0 137.0 15.0 21.0
obstacle
0.0323253162205
273.0 87.0 14.0 44.0
obstacle
0.0319530256093
276.0 129.0 44.0 11.0
obstacle
0.0318962261081
411.0 32.0 80.0 26.0
obstacle
0.03184100613
354.0 142.0 41.0 10.0
obstacle
0.0318085886538
355.0 38.0 39.0 14.0
obstacle
0.0317360796034
383.0 147.0 21.0 26.0
obstacle
0.0314672850072
147.0 98.0 34.0 72.0
obstacle
0.0312702357769
348.0 25.0 53.0 14.0
obstacle
0.0312633924186
69.0 0.0 421.0 123.0
obstacle
0.0312531813979
319.0 117.0 35.0 58.0
obstacle
0.0310929659754
383.0 28.0 22.0 33.0
obstacle
0.0309754237533
281.0 0.0 219.0 57.0
obstacle
0.0306760519743
369.0 25.0 49.0 14.0
obstacle
0.0305900070816
278.0 96.0 222.0 55.0
obstacle
0.0305253732949
379.0 44.0 69.0 24.0
obstacle
0.0305252186954
81.0 102.0 165.0 117.0
obstacle
0.0302363988012
210.0 169.0 21.0 32.0
obstacle
0.0300228018314
138.0 153.0 52.0 13.0
obstacle
0.0298136826605
168.0 159.0 102.0 27.0
obstacle
0.029721474275
257.0 154.0 44.0 11.0
obstacle
0.0297181028873
392.0 113.0 43.0 68.0
obstacle
0.0291296690702
232.0 147.0 15.0 26.0
obstacle
0.0288079697639
363.0 158.0 25.0 28.0
obstacle
0.0287898611277
153.0 133.0 97.0 29.0
obstacle
0.0285705216229
364.0 14.0 21.0 36.0
obstacle
0.0280565619469
434.0 93.0 35.0 57.0
obstacle
0.0280490834266
299.0 68.0 37.0 82.0
obstacle
0.0278788562864
151.0 156.0 293.0 57.0
obstacle
0.0275147836655
390.0 24.0 110.0 41.0
obstacle
0.0271462053061
292.0 123.0 13.0 25.0
obstacle
0.027141733095
380.0 119.0 102.0 29.0
obstacle
0.0268672350794
221.0 104.0 38.0 61.0
obstacle
0.0266985446215
151.0 26.0 141.0 38.0
obstacle
0.026571534574
166.0 145.0 107.0 28.0
obstacle
0.026484914124
154.0 154.0 57.0 12.0
obstacle
0.0264358259737
356.0 135.0 40.0 74.0
obstacle
0.0264094229788
293.0 128.0 48.0 12.0
obstacle
0.0263055674732
233.0 137.0 15.0 22.0
obstacle
0.0260947104543
251.0 150.0 16.0 21.0
obstacle
0.0260741133243
126.0 110.0 116.0 51.0
obstacle
0.0260549020022
248.0 146.0 99.0 27.0
obstacle
0.0259774532169
386.0 123.0 17.0 23.0
obstacle
0.025549935177
309.0 136.0 16.0 23.0
obstacle
0.0254672598094
296.0 142.0 43.0 11.0
obstacle
0.0252990834415
198.0 0.0 46.0 76.0
obstacle
0.0252878349274
410.0 43.0 83.0 26.0
obstacle
0.0252587758005
292.0 0.0 51.0 74.0
obstacle
0.0251920893788
239.0 33.0 80.0 24.0
obstacle
0.0251810885966
174.0 145.0 18.0 28.0
obstacle
0.0250632856041
177.0 142.0 50.0 11.0
obstacle
0.024998197332
344.0 118.0 96.0 30.0
obstacle
0.024844724685
356.0 154.0 37.0 11.0
obstacle
0.0246935058385
27.0 32.0 82.0 26.0
obstacle
0.0243957322091
374.0 142.0 39.0 11.0
obstacle
0.0243949797004
290.0 86.0 14.0 46.0
obstacle
0.0243280399591
336.0 142.0 39.0 60.0
obstacle
0.0243185367435
371.0 18.0 85.0 28.0
obstacle
0.0242413468659
218.0 142.0 44.0 10.0
obstacle
0.0238746944815
196.0 134.0 85.0 25.0
obstacle
0.023671111092
364.0 31.0 21.0 28.0
obstacle
0.0236598327756
231.0 157.0 16.0 32.0
obstacle
0.0235009714961
368.0 12.0 130.0 40.0
obstacle
0.0234783682972
441.0 108.0 22.0 30.0
obstacle
0.0234781708568
327.0 145.0 92.0 28.0
obstacle
0.0233765933663
122.0 10.0 275.0 70.0
obstacle
0.0232051443309
245.0 167.0 146.0 35.0
obstacle
0.0229866802692
339.0 133.0 105.0 26.0
obstacle
0.0228278394789
201.0 115.0 40.0 64.0
obstacle
0.02279403992
402.0 14.0 23.0 38.0
obstacle
0.0226765312254
444.0 115.0 52.0 15.0
obstacle
0.0226496532559
336.0 142.0 39.0 10.0
obstacle
0.0226352196187
238.0 130.0 44.0 11.0
obstacle
0.02247646451
159.0 115.0 49.0 62.0
obstacle
0.0222999546677
296.0 120.0 43.0 78.0
obstacle
0.0222557485104
107.0 90.0 342.0 64.0
obstacle
0.0222346633673
195.0 155.0 51.0 10.0
obstacle
0.0218521505594
152.0 154.0 22.0 34.0
obstacle
0.0218447800726
249.0 12.0 137.0 41.0
obstacle
0.0217951796949
344.0 159.0 22.0 27.0
obstacle
0.0217919852585
461.0 107.0 17.0 30.0
obstacle
0.0215900857002
332.0 130.0 47.0 10.0
obstacle
0.0215446185321
259.0 124.0 74.0 22.0
obstacle
0.0213901717216
335.0 155.0 41.0 10.0
obstacle
0.021370973438
423.0 131.0 20.0 33.0
obstacle
0.0212244968861
428.0 0.0 47.0 85.0
obstacle
0.0212200898677
160.0 73.0 161.0 124.0
obstacle
0.0212179366499
257.0 137.0 163.0 45.0
obstacle
0.0210193917155
373.0 129.0 42.0 10.0
obstacle
0.0208855774254
187.0 13.0 146.0 38.0
obstacle
0.0208358131349
6.0 0.0 47.0 76.0
obstacle
0.0207440759987
369.0 125.0 13.0 20.0
obstacle
0.020622363314
329.0 138.0 15.0 20.0
obstacle
0.020611397922
196.0 133.0 14.0 30.0
obstacle
0.0206067245454
256.0 116.0 45.0 11.0
obstacle
0.0206030402333
403.0 140.0 58.0 14.0
obstacle
0.0206027701497
217.0 166.0 46.0 13.0
obstacle
0.0204442217946
145.0 128.0 38.0 11.0
obstacle
0.0203314945102
217.0 154.0 44.0 11.0
obstacle
0.0198801811785
311.0 0.0 51.0 76.0
obstacle
0.0198696348816
334.0 158.0 78.0 27.0
obstacle
0.0198460444808
408.0 117.0 48.0 11.0
obstacle
0.019457673654
335.0 38.0 41.0 13.0
obstacle
0.0193505641073
9.0 158.0 311.0 55.0
obstacle
0.0192405264825
161.0 91.0 42.0 62.0
obstacle
0.01921656169
255.0 20.0 86.0 24.0
obstacle
0.0192004796118
216.0 0.0 48.0 81.0
obstacle
0.0191952306777
134.0 165.0 60.0 14.0
obstacle
0.0190656650811
447.0 0.0 47.0 98.0
obstacle
0.0189200658351
198.0 24.0 160.0 169.0
obstacle
0.0187393650413
398.0 102.0 102.0 39.0
obstacle
0.0187270138413
329.0 25.0 52.0 14.0
obstacle
0.0186195299029
238.0 131.0 44.0 82.0
obstacle
0.0185981001705
403.0 134.0 21.0 27.0
obstacle
0.0185179430991
422.0 110.0 22.0 25.0
obstacle
0.018504563719
110.0 148.0 75.0 23.0
obstacle
0.018453611061
384.0 0.0 20.0 40.0
obstacle
0.0183844361454
450.0 89.0 40.0 64.0
obstacle
0.0183783415705
154.0 146.0 18.0 28.0
obstacle
0.0183506198227
221.0 71.0 39.0 76.0
obstacle
0.0182997696102
197.0 142.0 48.0 11.0
obstacle
0.0182796660811
346.0 6.0 97.0 27.0
obstacle
0.0182249136269
388.0 24.0 50.0 16.0
obstacle
0.0181533377618
314.0 130.0 45.0 10.0
obstacle
0.018035441637
318.0 44.0 76.0 24.0
obstacle
0.0179807823151
45.0 0.0 45.0 73.0
obstacle
0.0178598146886
375.0 153.0 37.0 12.0
obstacle
0.0175560712814
16.0 11.0 142.0 43.0
obstacle
0.0175122506917
367.0 12.0 54.0 15.0
obstacle
0.017487552017
255.0 121.0 12.0 30.0
obstacle
0.0172254852951
307.0 134.0 94.0 25.0
obstacle
0.0170972701162
424.0 111.0 55.0 70.0
obstacle
0.0170361045748
243.0 45.0 73.0 24.0
obstacle
0.0167435109615
345.0 14.0 21.0 37.0
obstacle
0.0166736245155
268.0 12.0 21.0 41.0
obstacle
0.0166594721377
64.0 114.0 237.0 67.0
obstacle
0.0165916197002
301.0 69.0 187.0 106.0
obstacle
0.0165625661612
285.0 155.0 25.0 35.0
obstacle
0.0165199171752
240.0 155.0 38.0 9.0
obstacle
0.0165153052658
249.0 158.0 98.0 28.0
obstacle
0.0164800938219
51.0 26.0 147.0 38.0
obstacle
0.0164276529104
313.0 124.0 83.0 22.0
obstacle
0.0164073314518
311.0 121.0 13.0 28.0
obstacle
0.0161843616515
156.0 107.0 19.0 29.0
obstacle
0.0160080455244
214.0 136.0 15.0 24.0
obstacle
0.0159416086972
316.0 88.0 41.0 68.0
obstacle
0.0158839914948
254.0 38.0 49.0 14.0
obstacle
0.0158624146134
292.0 171.0 89.0 27.0
obstacle
0.0158564448357
356.0 130.0 38.0 9.0
obstacle
0.0158377494663
254.0 102.0 49.0 13.0
obstacle
0.0158302281052
354.0 165.0 42.0 14.0
obstacle
0.0157781466842
413.0 92.0 39.0 59.0
obstacle
0.0156396366656
191.0 166.0 137.0 36.0
obstacle
0.015626469627
321.0 53.0 147.0 34.0
obstacle
0.0156104499474
19.0 36.0 135.0 40.0
obstacle
0.0156043181196
286.0 28.0 24.0 33.0
obstacle
0.0154849737883
369.0 117.0 49.0 11.0
obstacle
0.0154727753252
275.0 101.0 45.0 13.0
obstacle
0.0154647296295
209.0 159.0 99.0 27.0
obstacle
0.0154499709606
251.0 24.0 55.0 16.0
obstacle
0.0154353696853
273.0 79.0 15.0 33.0
obstacle
0.0153231667355
0.0 0.0 213.0 101.0
obstacle
0.0152287241071
315.0 142.0 43.0 10.0
obstacle
0.0152264302596
271.0 120.0 170.0 131.0
obstacle
0.0152209019288
124.0 151.0 43.0 16.0
obstacle
0.0151792503893
250.0 28.0 19.0 34.0
obstacle
0.015055373311
274.0 49.0 48.0 16.0
obstacle
0.014969624579
179.0 171.0 81.0 28.0
obstacle
0.0149605069309
197.0 32.0 86.0 24.0
obstacle
0.0149104492739
197.0 177.0 47.0 15.0
obstacle
0.0147807840258
0.0 19.0 72.0 27.0
obstacle
0.0147674512118
274.0 37.0 47.0 16.0
obstacle
0.0147531740367
286.0 13.0 23.0 38.0
obstacle
0.0144768403843
291.0 102.0 12.0 41.0
obstacle
0.01444951538
189.0 167.0 26.0 36.0
obstacle
0.0143876317888
0.0 59.0 352.0 152.0
obstacle
0.0143650211394
214.0 129.0 52.0 12.0
obstacle
0.0143065229058
22.0 18.0 91.0 29.0
obstacle
0.0142550794408
288.0 41.0 20.0 32.0
obstacle
0.0142218023539
472.0 0.0 28.0 93.0
obstacle
0.0142041640356
375.0 127.0 38.0 90.0
obstacle
0.0142036350444
160.0 184.0 83.0 26.0
obstacle
0.0141861503944
275.0 132.0 82.0 30.0
obstacle
0.0139714535326
145.0 122.0 75.0 25.0
obstacle
0.0139599340037
326.0 149.0 18.0 22.0
obstacle
0.0139128034934
276.0 185.0 82.0 23.0
obstacle
0.0139065291733
228.0 88.0 143.0 42.0
obstacle
0.0138563374057
242.0 50.0 152.0 39.0
obstacle
0.0138449976221
296.0 38.0 43.0 14.0
obstacle
0.0137346414849
422.0 12.0 22.0 40.0
obstacle
0.0136930029839
268.0 156.0 20.0 32.0
obstacle
0.0135795734823
363.0 148.0 98.0 22.0
