obstacle
0.494964301586
114.0 0.0 23.0 55.0
obstacle
0.376645982265
95.0 0.0 23.0 63.0
obstacle
0.364054113626
131.0 3.0 26.0 70.0
obstacle
0.300584793091
111.0 9.0 28.0 80.0
obstacle
0.289093852043
119.0 124.0 54.0 24.0
obstacle
0.287142455578
116.0 132.0 58.0 26.0
obstacle
0.285801589489
117.0 116.0 55.0 59.0
obstacle
0.23032130301
85.0 128.0 118.0 36.0
obstacle
0.213930994272
72.0 0.0 30.0 67.0
obstacle
0.209382861853
138.0 109.0 50.0 52.0
obstacle
0.198735013604
90.0 10.0 32.0 76.0
obstacle
0.183180704713
65.0 100.0 160.0 93.0
obstacle
0.179624199867
120.0 130.0 49.0 12.0
obstacle
0.178851366043
150.0 0.0 27.0 67.0
obstacle
0.165215939283
46.0 45.0 157.0 29.0
obstacle
0.153518259525
131.0 121.0 27.0 29.0
obstacle
0.135005220771
107.0 143.0 73.0 24.0
obstacle
0.132303342223
140.0 129.0 45.0 13.0
obstacle
0.132124096155
95.0 117.0 135.0 38.0
obstacle
0.126921504736
31.0 0.0 35.0 63.0
obstacle
0.120528511703
50.0 0.0 34.0 62.0
obstacle
0.120100438595
148.0 121.0 29.0 28.0
obstacle
0.11971308291
119.0 139.0 50.0 13.0
obstacle
0.117237411439
221.0 23.0 154.0 31.0
obstacle
0.106079488993
338.0 0.0 34.0 68.0
obstacle
0.104558371007
132.0 132.0 25.0 26.0
obstacle
0.102610692382
167.0 0.0 31.0 57.0
obstacle
0.101840503514
138.0 138.0 47.0 14.0
obstacle
0.10026025027
51.0 33.0 149.0 32.0
obstacle
0.0971022471786
0.0 0.0 298.0 97.0
obstacle
0.0967937782407
149.0 128.0 26.0 34.0
obstacle
0.0954387336969
12.0 0.0 34.0 65.0
obstacle
0.0889728665352
182.0 34.0 155.0 30.0
obstacle
0.0883717164397
302.0 0.0 31.0 63.0
obstacle
0.0837726891041
283.0 0.0 31.0 61.0
obstacle
0.083469979465
242.0 0.0 34.0 62.0
obstacle
0.0832660198212
52.0 55.0 147.0 30.0
obstacle
0.0803227722645
166.0 22.0 150.0 32.0
obstacle
0.0790978595614
317.0 22.0 156.0 32.0
obstacle
0.0739125907421
314.0 33.0 161.0 32.0
obstacle
0.0737817585468
66.0 139.0 122.0 33.0
obstacle
0.0736890211701
126.0 15.0 34.0 89.0
obstacle
0.0735173970461
114.0 264.0 175.0 17.0
obstacle
0.0722488090396
70.0 22.0 148.0 32.0
obstacle
0.0720847100019
102.0 115.0 50.0 61.0
obstacle
0.0717796757817
178.0 44.0 164.0 30.0
obstacle
0.071438588202
118.0 7.0 15.0 41.0
obstacle
0.0713094100356
321.0 0.0 31.0 63.0
obstacle
0.0711544826627
261.0 0.0 35.0 76.0
obstacle
0.0706401988864
239.0 10.0 157.0 34.0
obstacle
0.068905942142
135.0 20.0 17.0 36.0
obstacle
0.0666541755199
180.0 11.0 159.0 32.0
obstacle
0.0659532696009
0.0 25.0 281.0 48.0
obstacle
0.0647243186831
231.0 34.0 172.0 29.0
obstacle
0.0646668896079
187.0 0.0 29.0 59.0
obstacle
0.0621707998216
139.0 115.0 46.0 82.0
obstacle
0.0596845112741
46.0 0.0 158.0 78.0
obstacle
0.0589607544243
115.0 30.0 20.0 38.0
obstacle
0.0562347956002
98.0 20.0 14.0 37.0
obstacle
0.056031011045
225.0 0.0 30.0 63.0
obstacle
0.0531927570701
45.0 4.0 44.0 89.0
obstacle
0.0531076900661
23.0 119.0 281.0 55.0
obstacle
0.0520776435733
105.0 21.0 38.0 12.0
obstacle
0.05144225806
134.0 31.0 19.0 36.0
obstacle
0.0500028952956
102.0 42.0 45.0 13.0
obstacle
0.0486143231392
374.0 2.0 40.0 73.0
obstacle
0.0485082864761
204.0 0.0 34.0 69.0
obstacle
0.0480547174811
113.0 132.0 25.0 27.0
obstacle
0.0474352799356
121.0 128.0 46.0 78.0
obstacle
0.0473029017448
0.0 81.0 299.0 109.0
obstacle
0.0464665926993
12.0 25.0 72.0 25.0
obstacle
0.0457609593868
285.0 0.0 142.0 33.0
obstacle
0.0449315533042
65.0 14.0 42.0 91.0
obstacle
0.0448943674564
121.0 95.0 48.0 60.0
obstacle
0.0445731543005
102.0 140.0 49.0 12.0
obstacle
0.0445658192039
98.0 12.0 170.0 31.0
obstacle
0.0443609207869
172.0 0.0 328.0 87.0
obstacle
0.0440452024341
84.0 36.0 82.0 24.0
obstacle
0.0439633131027
97.0 32.0 17.0 34.0
obstacle
0.041653059423
38.0 11.0 21.0 34.0
obstacle
0.041240926832
0.0 22.0 115.0 32.0
obstacle
0.0405521057546
134.0 124.0 90.0 22.0
obstacle
0.0396414324641
259.0 12.0 241.0 52.0
obstacle
0.0392949394882
118.0 149.0 51.0 14.0
obstacle
0.0392874963582
234.0 44.0 166.0 30.0
obstacle
0.0389847792685
99.0 10.0 14.0 36.0
obstacle
0.0383390411735
104.0 31.0 40.0 79.0
obstacle
0.0378402397037
122.0 42.0 43.0 13.0
obstacle
0.0377822518349
0.0 5.0 339.0 46.0
obstacle
0.0374584682286
345.0 10.0 21.0 35.0
obstacle
0.0373675152659
131.0 16.0 293.0 45.0
obstacle
0.0373516008258
40.0 21.0 17.0 33.0
obstacle
0.0366974174976
337.0 44.0 154.0 30.0
obstacle
0.0364704877138
28.0 28.0 79.0 20.0
obstacle
0.0361933000386
131.0 138.0 26.0 35.0
obstacle
0.0361657552421
95.0 46.0 19.0 27.0
obstacle
0.0360098034143
170.0 123.0 21.0 24.0
obstacle
0.035784330219
150.0 110.0 24.0 30.0
obstacle
0.035501010716
51.0 65.0 149.0 32.0
obstacle
0.0351210385561
23.0 262.0 204.0 19.0
obstacle
0.0348306857049
346.0 2.0 18.0 29.0
obstacle
0.0346792638302
154.0 100.0 52.0 70.0
obstacle
0.0346527211368
102.0 32.0 43.0 12.0
obstacle
0.0344570875168
91.0 15.0 68.0 25.0
obstacle
0.0341030731797
352.0 26.0 85.0 24.0
obstacle
0.0340466685593
136.0 130.0 16.0 10.0
obstacle
0.0338608436286
393.0 0.0 40.0 77.0
obstacle
0.0338377244771
0.0 0.0 30.0 70.0
obstacle
0.0336469262838
301.0 6.0 71.0 21.0
obstacle
0.0334767438471
9.0 15.0 78.0 25.0
obstacle
0.033082973212
83.0 42.0 45.0 13.0
obstacle
0.0327877625823
83.0 32.0 44.0 11.0
obstacle
0.0322561785579
58.0 22.0 17.0 32.0
obstacle
0.0320683792233
86.0 48.0 78.0 23.0
obstacle
0.0320429354906
222.0 11.0 37.0 76.0
obstacle
0.0319203846157
286.0 22.0 24.0 32.0
obstacle
0.0318697690964
114.0 45.0 20.0 29.0
obstacle
0.0317120105028
258.0 26.0 80.0 23.0
obstacle
0.0317075364292
334.0 10.0 43.0 12.0
obstacle
0.0316286198795
143.0 18.0 39.0 83.0
obstacle
0.0313767679036
162.0 6.0 41.0 85.0
obstacle
0.031073635444
124.0 31.0 38.0 13.0
obstacle
0.0310403704643
22.0 31.0 52.0 13.0
obstacle
0.030909543857
316.0 6.0 41.0 85.0
obstacle
0.0303454101086
358.0 0.0 34.0 56.0
obstacle
0.030266745016
238.0 21.0 43.0 77.0
obstacle
0.0302649121732
278.0 11.0 39.0 76.0
obstacle
0.0302313864231
49.0 10.0 154.0 36.0
obstacle
0.0301529001445
161.0 128.0 41.0 14.0
obstacle
0.0301035381854
88.0 23.0 74.0 29.0
obstacle
0.0300679095089
154.0 19.0 17.0 38.0
obstacle
0.0299907177687
132.0 114.0 62.0 23.0
obstacle
0.0297497026622
102.0 0.0 162.0 34.0
obstacle
0.0295146517456
103.0 0.0 159.0 77.0
obstacle
0.0288421101868
83.0 32.0 45.0 78.0
obstacle
0.0284891892225
123.0 21.0 40.0 12.0
obstacle
0.0284250508994
187.0 0.0 313.0 45.0
obstacle
0.0282874349505
1.0 9.0 135.0 37.0
obstacle
0.0282500591129
354.0 37.0 81.0 23.0
obstacle
0.0280902441591
267.0 22.0 22.0 32.0
obstacle
0.027963032946
221.0 26.0 77.0 23.0
obstacle
0.0278660170734
133.0 46.0 22.0 29.0
obstacle
0.0273119471967
171.0 11.0 23.0 33.0
obstacle
0.0271319840103
125.0 31.0 155.0 35.0
obstacle
0.026911277324
78.0 10.0 16.0 35.0
obstacle
0.0268707312644
25.0 21.0 46.0 12.0
obstacle
0.026837322861
354.0 9.0 42.0 80.0
obstacle
0.0267686285079
248.0 10.0 22.0 35.0
obstacle
0.0266461782157
113.0 142.0 22.0 27.0
obstacle
0.026641651988
188.0 27.0 296.0 43.0
obstacle
0.0263551790267
308.0 11.0 19.0 33.0
obstacle
0.0263065714389
297.0 7.0 40.0 83.0
obstacle
0.0262435600162
304.0 12.0 143.0 30.0
obstacle
0.0261190384626
42.0 32.0 49.0 11.0
obstacle
0.0261158905923
180.0 55.0 159.0 30.0
obstacle
0.0260807387531
83.0 22.0 43.0 10.0
obstacle
0.0260575376451
69.0 149.0 151.0 35.0
obstacle
0.0260451417416
322.0 15.0 68.0 24.0
obstacle
0.0259030088782
382.0 22.0 23.0 31.0
obstacle
0.0258821323514
86.0 53.0 39.0 12.0
obstacle
0.0255082417279
20.0 11.0 18.0 33.0
obstacle
0.0253646019846
247.0 34.0 23.0 30.0
obstacle
0.0253385361284
102.0 52.0 45.0 14.0
obstacle
0.0253233015537
249.0 21.0 20.0 34.0
obstacle
0.0248448159546
124.0 0.0 40.0 40.0
obstacle
0.0248100608587
81.0 4.0 358.0 110.0
obstacle
0.0246544610709
0.0 0.0 133.0 81.0
obstacle
0.0245341025293
328.0 1.0 19.0 31.0
obstacle
0.0244896300137
221.0 36.0 77.0 25.0
obstacle
0.024369424209
219.0 15.0 82.0 24.0
obstacle
0.0242240410298
161.0 266.0 82.0 15.0
obstacle
0.0241043902934
179.0 243.0 83.0 23.0
obstacle
0.0239291656762
140.0 15.0 85.0 24.0
obstacle
0.0238705836236
141.0 118.0 43.0 13.0
obstacle
0.0236240439117
383.0 34.0 21.0 29.0
obstacle
0.0235390178859
333.0 20.0 45.0 14.0
obstacle
0.0234834384173
0.0 37.0 210.0 46.0
obstacle
0.0233967341483
219.0 0.0 159.0 34.0
obstacle
0.0232521537691
157.0 34.0 281.0 51.0
obstacle
0.0232161153108
99.0 150.0 52.0 12.0
obstacle
0.0228616911918
104.0 131.0 42.0 73.0
obstacle
0.022846667096
78.0 0.0 18.0 33.0
obstacle
0.022812275216
102.0 90.0 48.0 69.0
obstacle
0.0225121397525
165.0 0.0 151.0 33.0
obstacle
0.022496253252
154.0 0.0 18.0 34.0
obstacle
0.0224299840629
86.0 58.0 77.0 25.0
obstacle
0.0222185049206
105.0 155.0 77.0 22.0
obstacle
0.0221509821713
59.0 33.0 17.0 32.0
obstacle
0.0220977254212
370.0 30.0 48.0 15.0
obstacle
0.0220692809671
305.0 21.0 24.0 34.0
obstacle
0.0219724811614
218.0 0.0 198.0 72.0
obstacle
0.0216156952083
210.0 22.0 21.0 32.0
obstacle
0.0216117277741
139.0 21.0 48.0 12.0
obstacle
0.0215947292745
62.0 10.0 48.0 12.0
obstacle
0.0215650591999
114.0 122.0 23.0 26.0
obstacle
0.0213067419827
156.0 130.0 15.0 10.0
obstacle
0.0211676061153
274.0 30.0 46.0 15.0
obstacle
0.0210750810802
61.0 21.0 49.0 12.0
obstacle
0.0210390146822
136.0 0.0 15.0 36.0
obstacle
0.0209882818162
261.0 47.0 75.0 24.0
obstacle
0.0209852624685
401.0 22.0 24.0 32.0
obstacle
0.0209735147655
46.0 37.0 81.0 22.0
obstacle
0.0208887346089
168.0 2.0 183.0 94.0
obstacle
0.0208506397903
201.0 226.0 40.0 55.0
obstacle
0.0208175238222
111.0 43.0 181.0 33.0
obstacle
0.0206787064672
308.0 0.0 18.0 33.0
obstacle
0.0205664336681
373.0 42.0 42.0 12.0
obstacle
0.0205116085708
72.0 135.0 72.0 22.0
obstacle
0.0205081067979
179.0 5.0 45.0 88.0
obstacle
0.0201912466437
281.0 15.0 74.0 24.0
obstacle
0.0199864767492
153.0 32.0 19.0 34.0
obstacle
0.0199377201498
130.0 135.0 100.0 20.0
obstacle
0.019882582128
266.0 34.0 22.0 30.0
obstacle
0.0197922699153
139.0 10.0 46.0 12.0
obstacle
0.0196557138115
229.0 21.0 22.0 34.0
obstacle
0.0195338577032
257.0 20.0 43.0 79.0
obstacle
0.0195182915777
43.0 15.0 87.0 24.0
obstacle
0.0194877386093
8.0 0.0 158.0 34.0
obstacle
0.0194829069078
311.0 10.0 50.0 12.0
obstacle
0.0194678530097
157.0 20.0 51.0 14.0
obstacle
0.0194265060127
289.0 12.0 19.0 31.0
obstacle
0.0194104854017
171.0 132.0 20.0 27.0
obstacle
0.0193596240133
224.0 47.0 72.0 25.0
obstacle
0.0192088317126
269.0 10.0 20.0 35.0
obstacle
0.0192080494016
19.0 23.0 20.0 30.0
obstacle
0.019181471318
125.0 3.0 77.0 27.0
obstacle
0.0190901104361
0.0 25.0 51.0 25.0
obstacle
0.0190715063363
56.0 9.0 22.0 38.0
obstacle
0.0190661940724
63.0 43.0 46.0 11.0
obstacle
0.0189596302807
186.0 26.0 69.0 24.0
obstacle
0.0186109431088
0.0 32.0 144.0 34.0
obstacle
0.0185535363853
68.0 145.0 79.0 23.0
obstacle
0.0184856876731
315.0 37.0 82.0 24.0
obstacle
0.018427239731
314.0 26.0 84.0 23.0
obstacle
0.0182992778718
236.0 21.0 46.0 12.0
obstacle
0.0182218290865
47.0 47.0 79.0 25.0
obstacle
0.0179145839065
344.0 33.0 24.0 31.0
obstacle
0.0178624764085
157.0 237.0 166.0 35.0
obstacle
0.0178473852575
413.0 1.0 39.0 74.0
obstacle
0.0178027935326
21.0 19.0 169.0 103.0
obstacle
0.0177520401776
3.0 21.0 51.0 12.0
obstacle
0.0176785048097
200.0 23.0 42.0 74.0
obstacle
0.0176752936095
49.0 3.0 76.0 27.0
obstacle
0.0176420938224
326.0 8.0 21.0 38.0
obstacle
0.0176153965294
103.0 11.0 41.0 12.0
obstacle
0.0175228137523
228.0 34.0 23.0 30.0
obstacle
0.017450382933
117.0 43.0 15.0 11.0
obstacle
0.0172765180469
133.0 110.0 23.0 31.0
obstacle
0.0172566082329
113.0 55.0 23.0 30.0
obstacle
0.0172552634031
238.0 42.0 43.0 13.0
obstacle
0.0171696022153
154.0 142.0 18.0 8.0
obstacle
0.01713341102
82.0 11.0 45.0 10.0
obstacle
0.0171160753816
29.0 207.0 385.0 74.0
obstacle
0.0170972719789
77.0 32.0 17.0 34.0
obstacle
0.0170968733728
63.0 32.0 45.0 12.0
obstacle
0.0170753989369
143.0 42.0 41.0 13.0
obstacle
0.0170332454145
353.0 223.0 44.0 58.0
obstacle
0.016975402832
172.0 0.0 21.0 34.0
obstacle
0.0169521123171
258.0 36.0 81.0 25.0
obstacle
0.0169403795153
257.0 30.0 43.0 15.0
obstacle
0.0169194452465
122.0 37.0 82.0 23.0
obstacle
0.0168751385063
324.0 34.0 25.0 31.0
obstacle
0.0168744921684
317.0 0.0 76.0 17.0
obstacle
0.0167802069336
177.0 204.0 323.0 77.0
obstacle
0.0166000444442
140.0 31.0 46.0 13.0
obstacle
0.0165996700525
123.0 52.0 41.0 15.0
obstacle
0.0165028609335
238.0 31.0 42.0 13.0
obstacle
0.0164571274072
287.0 44.0 22.0 31.0
obstacle
0.0163989774883
120.0 26.0 87.0 24.0
obstacle
0.0163676869124
101.0 130.0 50.0 11.0
obstacle
0.0163297317922
134.0 142.0 19.0 8.0
obstacle
0.0162594970316
248.0 44.0 23.0 31.0
obstacle
0.0162494573742
364.0 35.0 20.0 27.0
obstacle
0.0161829292774
89.0 85.0 36.0 79.0
obstacle
0.0161305852234
131.0 151.0 26.0 32.0
obstacle
0.0160306375474
141.0 76.0 45.0 75.0
obstacle
0.0158330071718
294.0 10.0 46.0 12.0
obstacle
0.0158249251544
85.0 117.0 43.0 79.0
obstacle
0.0157223585993
41.0 21.0 50.0 12.0
obstacle
0.0156460609287
140.0 149.0 45.0 14.0
obstacle
0.0156438015401
89.0 67.0 72.0 28.0
obstacle
0.0154302576557
204.0 5.0 73.0 23.0
obstacle
0.015413120389
295.0 20.0 44.0 13.0
obstacle
0.0153352441266
75.0 45.0 20.0 30.0
obstacle
0.0153229814023
0.0 140.0 291.0 55.0
obstacle
0.0151295373216
212.0 12.0 19.0 30.0
obstacle
0.0150896338746
334.0 0.0 43.0 11.0
obstacle
0.0150451119989
98.0 140.0 168.0 32.0
obstacle
0.0148353772238
121.0 117.0 47.0 15.0
obstacle
0.0147950462997
305.0 33.0 23.0 31.0
obstacle
0.0147618865594
325.0 21.0 24.0 34.0
obstacle
0.014724095352
286.0 33.0 23.0 32.0
obstacle
0.0146727366373
383.0 20.0 117.0 36.0
obstacle
0.0146588068455
184.0 36.0 76.0 25.0
obstacle
0.0145118162036
37.0 114.0 142.0 43.0
obstacle
0.0144349243492
330.0 230.0 51.0 51.0
obstacle
0.0144006898627
160.0 139.0 45.0 12.0
obstacle
0.0143820652738
136.0 44.0 15.0 10.0
obstacle
0.0143187958747
96.0 57.0 18.0 26.0
obstacle
0.0143173467368
41.0 42.0 51.0 13.0
