obstacle
0.864382743835
54.0 112.0 104.0 42.0
obstacle
0.748993992805
136.0 153.0 325.0 113.0
obstacle
0.195890769362
3.0 93.0 169.0 84.0
obstacle
0.164923578501
66.0 98.0 77.0 72.0
obstacle
0.136850789189
21.0 125.0 136.0 36.0
obstacle
0.129748150706
48.0 109.0 82.0 32.0
obstacle
0.124075651169
56.0 140.0 330.0 97.0
obstacle
0.122960790992
1.0 105.0 142.0 41.0
obstacle
0.119262449443
470.0 182.0 30.0 13.0
obstacle
0.118446581066
71.0 122.0 101.0 22.0
obstacle
0.109591551125
437.0 178.0 63.0 22.0
obstacle
0.10432420671
258.0 157.0 242.0 123.0
obstacle
0.100535668433
480.0 178.0 20.0 22.0
obstacle
0.0944670438766
53.0 98.0 107.0 36.0
obstacle
0.093449242413
68.0 106.0 75.0 19.0
obstacle
0.0933860018849
453.0 183.0 38.0 11.0
obstacle
0.084256850183
180.0 136.0 44.0 63.0
obstacle
0.0801421627402
235.0 115.0 265.0 126.0
obstacle
0.078511275351
375.0 161.0 38.0 10.0
obstacle
0.0766830667853
470.0 156.0 30.0 65.0
obstacle
0.0721678584814
0.0 197.0 303.0 83.0
obstacle
0.0718046426773
189.0 184.0 220.0 52.0
obstacle
0.0704333111644
63.0 104.0 156.0 40.0
obstacle
0.0677251443267
451.0 161.0 41.0 55.0
obstacle
0.0661938562989
0.0 108.0 219.0 118.0
obstacle
0.0661159008741
387.0 158.0 14.0 17.0
obstacle
0.0637266114354
3.0 132.0 52.0 71.0
obstacle
0.0629440248013
0.0 156.0 59.0 87.0
obstacle
0.0595257617533
473.0 174.0 27.0 72.0
obstacle
0.0595084354281
158.0 142.0 50.0 72.0
obstacle
0.0588722005486
482.0 198.0 16.0 24.0
obstacle
0.0584074631333
463.0 180.0 19.0 19.0
obstacle
0.0578996688128
375.0 142.0 37.0 51.0
obstacle
0.0569787099957
120.0 113.0 164.0 108.0
obstacle
0.0554843023419
0.0 152.0 29.0 74.0
obstacle
0.0554728917778
197.0 148.0 50.0 82.0
obstacle
0.0554325729609
427.0 183.0 51.0 76.0
obstacle
0.0534340441227
60.0 98.0 55.0 51.0
obstacle
0.0530982837081
84.0 220.0 43.0 60.0
obstacle
0.0506085976958
64.0 227.0 44.0 53.0
obstacle
0.0502849668264
371.0 151.0 129.0 118.0
obstacle
0.0494930148125
0.0 178.0 70.0 22.0
obstacle
0.048892583698
25.0 145.0 46.0 87.0
obstacle
0.0484505333006
47.0 216.0 43.0 64.0
obstacle
0.0483034066856
470.0 205.0 30.0 10.0
obstacle
0.0481447391212
45.0 191.0 455.0 89.0
obstacle
0.0481444559991
140.0 201.0 84.0 19.0
obstacle
0.0479473732412
104.0 207.0 42.0 71.0
obstacle
0.0468524806201
122.0 200.0 44.0 63.0
obstacle
0.0458611361682
390.0 140.0 46.0 76.0
obstacle
0.0448993891478
357.0 156.0 72.0 21.0
obstacle
0.0446647442877
78.0 128.0 54.0 13.0
obstacle
0.0423635989428
0.0 140.0 110.0 97.0
obstacle
0.0420117750764
30.0 121.0 82.0 25.0
obstacle
0.0419063903391
74.0 120.0 26.0 27.0
obstacle
0.0414206981659
61.0 128.0 51.0 12.0
obstacle
0.0397119447589
0.0 162.0 337.0 95.0
obstacle
0.0396296903491
0.0 182.0 30.0 12.0
obstacle
0.0388833545148
130.0 149.0 146.0 38.0
obstacle
0.0385389924049
0.0 177.0 16.0 23.0
obstacle
0.0384134985507
333.0 161.0 167.0 56.0
obstacle
0.0377559959888
214.0 129.0 53.0 76.0
obstacle
0.0376531407237
54.0 103.0 143.0 85.0
obstacle
0.0374438390136
255.0 168.0 50.0 85.0
obstacle
0.0370438508689
159.0 174.0 47.0 72.0
obstacle
0.0370057709515
0.0 178.0 106.0 42.0
obstacle
0.0364811643958
193.0 152.0 18.0 31.0
obstacle
0.0363809093833
91.0 119.0 31.0 28.0
obstacle
0.0360829010606
457.0 200.0 43.0 19.0
obstacle
0.0360820777714
405.0 174.0 95.0 31.0
obstacle
0.0360554493964
0.0 188.0 68.0 23.0
obstacle
0.0355686470866
273.0 174.0 53.0 74.0
obstacle
0.0354757644236
108.0 109.0 342.0 117.0
obstacle
0.0353173092008
135.0 220.0 19.0 24.0
obstacle
0.0353131443262
411.0 141.0 43.0 75.0
obstacle
0.0351995378733
392.0 176.0 44.0 89.0
obstacle
0.035129558295
389.0 189.0 111.0 42.0
obstacle
0.0348833613098
38.0 113.0 212.0 45.0
obstacle
0.0348521545529
48.0 102.0 40.0 86.0
obstacle
0.0347580946982
50.0 133.0 110.0 21.0
obstacle
0.0340777151287
72.0 149.0 261.0 59.0
obstacle
0.033980101347
113.0 160.0 142.0 35.0
obstacle
0.0339294523001
384.0 147.0 17.0 22.0
obstacle
0.0338473841548
91.0 114.0 98.0 20.0
obstacle
0.0336145162582
386.0 161.0 55.0 12.0
obstacle
0.0333359800279
0.0 168.0 134.0 41.0
obstacle
0.0331866331398
3.0 182.0 51.0 14.0
obstacle
0.0328419543803
233.0 163.0 55.0 75.0
obstacle
0.0325355157256
350.0 179.0 51.0 84.0
obstacle
0.0323157459497
450.0 180.0 43.0 60.0
obstacle
0.0320127680898
157.0 174.0 206.0 52.0
obstacle
0.0319415181875
7.0 108.0 44.0 76.0
obstacle
0.031759288162
373.0 152.0 41.0 10.0
obstacle
0.0315652862191
170.0 145.0 64.0 22.0
obstacle
0.0313316322863
256.0 212.0 47.0 68.0
obstacle
0.0304719638079
136.0 188.0 56.0 66.0
obstacle
0.0301161706448
188.0 149.0 143.0 36.0
obstacle
0.03008662723
57.0 110.0 59.0 69.0
obstacle
0.0299685467035
336.0 147.0 76.0 20.0
obstacle
0.0294856186956
164.0 154.0 74.0 25.0
obstacle
0.0292098019272
355.0 161.0 40.0 10.0
obstacle
0.0286225602031
438.0 168.0 62.0 22.0
obstacle
0.0285121276975
149.0 140.0 182.0 119.0
obstacle
0.0280931834131
438.0 185.0 62.0 26.0
obstacle
0.0280496403575
108.0 193.0 150.0 33.0
obstacle
0.0280117057264
314.0 155.0 86.0 23.0
obstacle
0.0277277361602
290.0 149.0 134.0 35.0
obstacle
0.027598656714
121.0 225.0 46.0 12.0
obstacle
0.0275675375015
216.0 161.0 51.0 77.0
obstacle
0.0275390725583
0.0 193.0 34.0 12.0
obstacle
0.0275182742625
172.0 112.0 176.0 110.0
obstacle
0.0273269638419
482.0 185.0 17.0 29.0
obstacle
0.0272055156529
22.0 216.0 52.0 64.0
obstacle
0.0270186532289
0.0 184.0 18.0 29.0
obstacle
0.0268990322948
289.0 185.0 59.0 73.0
obstacle
0.0268879104406
411.0 179.0 45.0 85.0
obstacle
0.0266559608281
180.0 161.0 42.0 11.0
obstacle
0.0266277082264
411.0 172.0 42.0 12.0
obstacle
0.0266133621335
447.0 195.0 49.0 74.0
obstacle
0.0264028776437
224.0 173.0 225.0 53.0
obstacle
0.0260627157986
16.0 174.0 24.0 29.0
obstacle
0.0258149467409
11.0 209.0 73.0 23.0
obstacle
0.0256703421474
45.0 127.0 47.0 13.0
obstacle
0.0255493782461
404.0 156.0 18.0 23.0
obstacle
0.0254651587456
483.0 166.0 16.0 25.0
obstacle
0.025354905054
120.0 128.0 45.0 12.0
obstacle
0.0251617953181
258.0 143.0 242.0 48.0
obstacle
0.0251616183668
36.0 170.0 25.0 37.0
obstacle
0.0250378157943
350.0 151.0 49.0 11.0
obstacle
0.0250132381916
332.0 173.0 49.0 76.0
obstacle
0.024765977636
273.0 213.0 51.0 67.0
obstacle
0.0245643239468
118.0 208.0 91.0 23.0
obstacle
0.0245363116264
93.0 206.0 141.0 30.0
obstacle
0.0244266744703
448.0 172.0 46.0 12.0
obstacle
0.024152379483
105.0 216.0 348.0 53.0
obstacle
0.0241245534271
310.0 131.0 53.0 72.0
obstacle
0.0240999422967
58.0 121.0 16.0 26.0
obstacle
0.0240662302822
0.0 190.0 155.0 90.0
obstacle
0.0240180063993
176.0 151.0 51.0 10.0
obstacle
0.0238670967519
120.0 119.0 44.0 10.0
obstacle
0.0237607229501
219.0 236.0 122.0 34.0
obstacle
0.023657053709
307.0 192.0 193.0 58.0
obstacle
0.0235971268266
310.0 183.0 55.0 77.0
obstacle
0.0235855150968
231.0 130.0 57.0 75.0
obstacle
0.0235217716545
0.0 165.0 15.0 25.0
obstacle
0.0232603494078
134.0 124.0 20.0 22.0
obstacle
0.0231960043311
193.0 144.0 21.0 25.0
obstacle
0.0231731217355
8.0 177.0 42.0 88.0
obstacle
0.022978682071
217.0 227.0 126.0 30.0
obstacle
0.0229535419494
28.0 119.0 41.0 75.0
obstacle
0.0228557158262
18.0 184.0 21.0 30.0
obstacle
0.0224845986813
198.0 126.0 45.0 61.0
obstacle
0.0221921894699
1.0 211.0 56.0 69.0
obstacle
0.0220330506563
52.0 181.0 263.0 57.0
obstacle
0.0220192093402
341.0 151.0 145.0 33.0
obstacle
0.0219556484371
106.0 219.0 75.0 24.0
obstacle
0.0217426307499
120.0 100.0 45.0 68.0
obstacle
0.0217336956412
134.0 153.0 60.0 72.0
obstacle
0.0215243753046
134.0 115.0 21.0 19.0
obstacle
0.0212782584131
19.0 181.0 57.0 14.0
obstacle
0.0211835354567
178.0 172.0 48.0 76.0
obstacle
0.0209264475852
28.0 131.0 81.0 25.0
obstacle
0.0209027007222
329.0 139.0 55.0 77.0
obstacle
0.0208343472332
54.0 225.0 144.0 35.0
obstacle
0.0207586660981
238.0 242.0 83.0 21.0
obstacle
0.0207484718412
0.0 135.0 168.0 63.0
obstacle
0.0207306873053
238.0 209.0 46.0 67.0
obstacle
0.0206798799336
220.0 184.0 43.0 74.0
obstacle
0.0205262545496
97.0 97.0 54.0 95.0
obstacle
0.0203753579408
164.0 159.0 153.0 37.0
obstacle
0.0203620009124
16.0 161.0 24.0 33.0
obstacle
0.0203312058002
93.0 102.0 98.0 24.0
obstacle
0.020246181637
423.0 167.0 17.0 22.0
obstacle
0.0200861133635
0.0 156.0 98.0 43.0
obstacle
0.0200040452182
0.0 166.0 69.0 24.0
obstacle
0.0199573207647
0.0 203.0 112.0 35.0
obstacle
0.0196702443063
234.0 251.0 91.0 25.0
obstacle
0.0196600444615
463.0 167.0 17.0 24.0
obstacle
0.0195695068687
74.0 213.0 143.0 38.0
obstacle
0.0194770526141
0.0 145.0 44.0 22.0
obstacle
0.0192856751382
68.0 109.0 39.0 9.0
obstacle
0.0192690920085
348.0 149.0 56.0 79.0
obstacle
0.0190277229995
123.0 141.0 159.0 31.0
obstacle
0.0187907125801
394.0 168.0 75.0 20.0
obstacle
0.018746746704
0.0 171.0 32.0 13.0
obstacle
0.0186739526689
211.0 155.0 97.0 23.0
obstacle
0.0186523329467
18.0 152.0 21.0 30.0
obstacle
0.0186415314674
133.0 143.0 253.0 49.0
obstacle
0.0184546485543
79.0 119.0 51.0 10.0
obstacle
0.018454182893
96.0 153.0 174.0 115.0
obstacle
0.0183085165918
369.0 158.0 52.0 84.0
obstacle
0.0182602964342
483.0 185.0 15.0 8.0
obstacle
0.018231632188
114.0 121.0 23.0 26.0
obstacle
0.0182073581964
172.0 207.0 20.0 27.0
obstacle
0.0181171279401
469.0 193.0 31.0 11.0
obstacle
0.018032470718
179.0 171.0 46.0 12.0
obstacle
0.0180265307426
305.0 140.0 139.0 33.0
obstacle
0.0180259998888
153.0 205.0 58.0 11.0
obstacle
0.0179578065872
172.0 162.0 21.0 31.0
obstacle
0.0179502665997
0.0 155.0 69.0 24.0
obstacle
0.0178957637399
328.0 161.0 56.0 11.0
obstacle
0.0178853217512
431.0 146.0 41.0 65.0
obstacle
0.0178269632161
66.0 219.0 80.0 26.0
obstacle
0.0178144406527
272.0 130.0 53.0 75.0
obstacle
0.0177355632186
0.0 85.0 292.0 58.0
obstacle
0.0176434200257
0.0 134.0 69.0 24.0
obstacle
0.0176299884915
0.0 121.0 32.0 70.0
obstacle
0.0175309311599
315.0 166.0 45.0 68.0
obstacle
0.0175017751753
372.0 144.0 81.0 25.0
obstacle
0.0174904242158
142.0 207.0 43.0 71.0
obstacle
0.0174866728485
429.0 172.0 45.0 11.0
obstacle
0.0173928532749
155.0 214.0 54.0 12.0
obstacle
0.0172969959676
25.0 180.0 45.0 82.0
obstacle
0.0172410383821
472.0 172.0 28.0 12.0
obstacle
0.0171920023859
292.0 128.0 51.0 79.0
obstacle
0.0171899050474
391.0 161.0 109.0 35.0
obstacle
0.0169969219714
124.0 169.0 158.0 39.0
obstacle
0.0169856715947
0.0 150.0 34.0 13.0
obstacle
0.0168873257935
93.0 192.0 294.0 56.0
obstacle
0.0168333761394
0.0 95.0 119.0 38.0
obstacle
0.0167913530022
294.0 166.0 49.0 69.0
obstacle
0.016709741205
171.0 196.0 24.0 29.0
obstacle
0.0166293978691
81.0 103.0 14.0 20.0
obstacle
0.0165486335754
367.0 148.0 17.0 18.0
obstacle
0.0165387280285
94.0 128.0 22.0 33.0
obstacle
0.0165248848498
385.0 214.0 115.0 36.0
obstacle
0.016447884962
305.0 160.0 63.0 13.0
obstacle
0.0163568314165
276.0 181.0 159.0 36.0
obstacle
0.0163066890091
51.0 118.0 35.0 10.0
obstacle
0.0162752978504
98.0 128.0 52.0 13.0
obstacle
0.0162297058851
81.0 185.0 50.0 72.0
obstacle
0.0161612667143
57.0 83.0 175.0 83.0
obstacle
0.0161463748664
117.0 214.0 55.0 14.0
obstacle
0.0160939898342
270.0 196.0 15.0 28.0
obstacle
0.0160898789763
199.0 196.0 158.0 84.0
obstacle
0.0160523224622
0.0 199.0 70.0 22.0
obstacle
0.0160336848348
157.0 164.0 89.0 26.0
obstacle
0.0159843359143
64.0 194.0 46.0 76.0
obstacle
0.0158987045288
77.0 230.0 18.0 25.0
obstacle
0.01581947878
1.0 160.0 55.0 14.0
obstacle
0.0157975964248
133.0 205.0 22.0 32.0
obstacle
0.0157727748156
290.0 195.0 15.0 30.0
obstacle
0.0157647691667
158.0 171.0 49.0 13.0
obstacle
0.0157130565494
65.0 119.0 45.0 10.0
obstacle
0.0156640578061
195.0 145.0 90.0 22.0
obstacle
0.0155688282102
78.0 225.0 54.0 12.0
obstacle
0.0153990928084
211.0 145.0 17.0 22.0
obstacle
0.0153658827767
87.0 229.0 77.0 26.0
obstacle
0.0153236426413
0.0 236.0 137.0 36.0
obstacle
0.0151877254248
447.0 129.0 48.0 77.0
obstacle
0.0151726286858
7.0 219.0 83.0 24.0
obstacle
0.0151485921815
83.0 110.0 44.0 9.0
obstacle
0.0150868073106
45.0 149.0 43.0 78.0
obstacle
0.0150513350964
61.0 239.0 91.0 28.0
obstacle
0.0150354802608
251.0 128.0 56.0 78.0
obstacle
0.0148335639387
308.0 155.0 136.0 43.0
obstacle
0.014829788357
75.0 127.0 21.0 34.0
obstacle
0.0147737627849
252.0 156.0 92.0 22.0
obstacle
0.0147395459935
32.0 103.0 75.0 22.0
obstacle
0.0146859418601
118.0 108.0 49.0 11.0
obstacle
0.0145594356582
61.0 236.0 51.0 12.0
obstacle
0.0145005490631
32.0 200.0 69.0 20.0
obstacle
0.0143725695089
353.0 127.0 44.0 59.0
obstacle
0.0142628997564
384.0 171.0 58.0 11.0
obstacle
0.0142509751022
463.0 186.0 19.0 25.0
obstacle
0.014229375869
122.0 155.0 46.0 68.0
obstacle
0.0142163587734
89.0 95.0 147.0 36.0
obstacle
0.0141915120184
57.0 130.0 19.0 29.0
obstacle
0.01416142378
444.0 168.0 17.0 21.0
obstacle
0.014114158228
241.0 219.0 77.0 25.0
obstacle
0.0140612777323
122.0 87.0 41.0 52.0
obstacle
0.0140407877043
0.0 138.0 85.0 36.0
obstacle
0.0139954918995
368.0 158.0 16.0 18.0
obstacle
0.0136875361204
200.0 150.0 40.0 12.0
obstacle
0.013671641238
45.0 178.0 44.0 87.0
obstacle
0.0135591858998
0.0 191.0 87.0 38.0
obstacle
0.0134947141632
425.0 178.0 15.0 22.0
obstacle
0.0134007195011
96.0 219.0 19.0 26.0
obstacle
0.0133535861969
25.0 79.0 45.0 69.0
obstacle
0.0133435158059
300.0 105.0 186.0 103.0
obstacle
0.0133094927296
277.0 265.0 82.0 15.0
obstacle
0.0132694095373
75.0 236.0 22.0 34.0
obstacle
0.0131903197616
70.0 126.0 145.0 36.0
obstacle
0.0131452009082
251.0 194.0 15.0 32.0
obstacle
0.0131355617195
133.0 102.0 21.0 24.0
obstacle
0.0131248114631
331.0 151.0 48.0 11.0
obstacle
0.0130424145609
14.0 215.0 145.0 33.0
obstacle
0.0130271315575
228.0 183.0 23.0 32.0
obstacle
0.0130203571171
405.0 163.0 19.0 30.0
obstacle
0.0130064450204
0.0 144.0 18.0 25.0
obstacle
0.0129804722965
59.0 113.0 17.0 22.0
obstacle
0.0129779232666
98.0 235.0 53.0 13.0
obstacle
0.0129763139412
221.0 261.0 155.0 19.0
obstacle
0.0129368212074
25.0 240.0 85.0 26.0
obstacle
0.0128616597503
326.0 151.0 21.0 32.0
obstacle
0.0128178456798
404.0 198.0 96.0 23.0
obstacle
0.0127873942256
411.0 211.0 84.0 20.0
obstacle
0.0127272335812
210.0 169.0 21.0 40.0
obstacle
0.0126267615706
80.0 91.0 51.0 45.0
obstacle
0.0125994719565
191.0 171.0 21.0 35.0
