obstacle
0.653495788574
54.0 172.0 218.0 80.0
obstacle
0.452172905207
49.0 139.0 114.0 44.0
obstacle
0.316832065582
82.0 187.0 164.0 49.0
obstacle
0.249238610268
5.0 137.0 126.0 50.0
obstacle
0.229330956936
0.0 140.0 210.0 66.0
obstacle
0.223453760147
0.0 145.0 335.0 109.0
obstacle
0.221813395619
18.0 150.0 141.0 45.0
obstacle
0.174493521452
138.0 174.0 127.0 53.0
obstacle
0.160423472524
373.0 136.0 80.0 22.0
obstacle
0.14389115572
82.0 163.0 14.0 20.0
obstacle
0.140515863895
2.0 195.0 209.0 57.0
obstacle
0.135403305292
70.0 142.0 109.0 59.0
obstacle
0.121422678232
98.0 197.0 207.0 54.0
obstacle
0.104789398611
0.0 124.0 158.0 124.0
obstacle
0.0993930622935
71.0 168.0 32.0 10.0
obstacle
0.0917024239898
139.0 173.0 47.0 76.0
obstacle
0.0846616327763
35.0 146.0 181.0 131.0
obstacle
0.0827262029052
0.0 168.0 205.0 62.0
obstacle
0.0825200527906
42.0 190.0 132.0 43.0
obstacle
0.0813424512744
65.0 149.0 42.0 72.0
obstacle
0.0786635428667
3.0 159.0 131.0 52.0
obstacle
0.0774406567216
376.0 140.0 37.0 13.0
obstacle
0.0649691969156
198.0 100.0 12.0 21.0
obstacle
0.0640391632915
160.0 166.0 45.0 90.0
obstacle
0.0639631897211
0.0 148.0 68.0 24.0
obstacle
0.0630981400609
188.0 104.0 29.0 10.0
obstacle
0.0622250065207
153.0 208.0 18.0 32.0
obstacle
0.062081694603
154.0 198.0 17.0 28.0
obstacle
0.0601561330259
196.0 110.0 15.0 20.0
obstacle
0.0593776740134
17.0 203.0 143.0 39.0
obstacle
0.0574658326805
122.0 174.0 44.0 73.0
obstacle
0.057212587446
21.0 128.0 132.0 43.0
obstacle
0.0570001453161
161.0 180.0 42.0 12.0
obstacle
0.0568859353662
389.0 141.0 48.0 12.0
obstacle
0.0545855350792
385.0 136.0 17.0 22.0
obstacle
0.0545138679445
63.0 161.0 47.0 100.0
obstacle
0.0538312681019
0.0 175.0 113.0 47.0
obstacle
0.0529857128859
182.0 109.0 77.0 24.0
obstacle
0.0529611036181
108.0 165.0 189.0 118.0
obstacle
0.0526927746832
41.0 160.0 53.0 76.0
obstacle
0.0519668310881
349.0 129.0 129.0 36.0
obstacle
0.0506219081581
71.0 175.0 147.0 48.0
obstacle
0.0491237863898
13.0 204.0 262.0 65.0
obstacle
0.0486155822873
23.0 155.0 50.0 87.0
obstacle
0.0474919266999
1.0 137.0 55.0 97.0
obstacle
0.0473394691944
46.0 159.0 79.0 27.0
obstacle
0.0463489592075
183.0 115.0 39.0 10.0
obstacle
0.0456731170416
201.0 103.0 38.0 13.0
obstacle
0.0450213998556
78.0 143.0 54.0 59.0
obstacle
0.044908721
171.0 196.0 97.0 29.0
obstacle
0.0448478423059
133.0 209.0 97.0 27.0
obstacle
0.0447347164154
87.0 155.0 38.0 11.0
obstacle
0.044672947377
184.0 96.0 72.0 27.0
obstacle
0.0444842576981
0.0 181.0 72.0 34.0
obstacle
0.0444451160729
0.0 172.0 73.0 27.0
obstacle
0.0422492772341
145.0 205.0 36.0 12.0
obstacle
0.0413397103548
133.0 209.0 20.0 30.0
obstacle
0.0411880165339
89.0 136.0 68.0 26.0
obstacle
0.0405953414738
0.0 149.0 98.0 47.0
obstacle
0.0404558293521
164.0 157.0 37.0 57.0
obstacle
0.0392813421786
171.0 209.0 21.0 30.0
obstacle
0.0387805551291
93.0 210.0 101.0 26.0
obstacle
0.0383837968111
127.0 195.0 108.0 31.0
obstacle
0.0365516319871
0.0 160.0 68.0 25.0
obstacle
0.0360830724239
198.0 114.0 46.0 14.0
obstacle
0.0356192812324
143.0 218.0 40.0 11.0
obstacle
0.0351807996631
124.0 157.0 39.0 57.0
obstacle
0.0348980389535
38.0 159.0 19.0 29.0
obstacle
0.0347226113081
123.0 218.0 42.0 10.0
obstacle
0.034538436681
173.0 187.0 132.0 48.0
obstacle
0.0343594737351
24.0 154.0 49.0 11.0
obstacle
0.0341236814857
0.0 108.0 270.0 107.0
obstacle
0.0340731963515
84.0 160.0 44.0 76.0
obstacle
0.0340030752122
102.0 155.0 43.0 11.0
obstacle
0.033421382308
11.0 37.0 383.0 145.0
obstacle
0.0329896062613
138.0 101.0 130.0 41.0
obstacle
0.0329641625285
134.0 150.0 16.0 20.0
obstacle
0.0328726395965
142.0 109.0 84.0 23.0
obstacle
0.0328698828816
174.0 174.0 17.0 25.0
obstacle
0.0323215574026
101.0 172.0 48.0 77.0
obstacle
0.0322803221643
163.0 206.0 39.0 11.0
obstacle
0.0322447903454
100.0 147.0 49.0 76.0
obstacle
0.0322113744915
135.0 197.0 18.0 30.0
obstacle
0.0321260876954
68.0 156.0 39.0 10.0
obstacle
0.0319912582636
88.0 140.0 149.0 41.0
obstacle
0.0319601781666
43.0 210.0 84.0 27.0
obstacle
0.0318057462573
17.0 146.0 100.0 30.0
obstacle
0.0317882224917
108.0 164.0 151.0 46.0
obstacle
0.031344871968
214.0 166.0 51.0 90.0
obstacle
0.0309462063015
3.0 154.0 53.0 12.0
obstacle
0.0306110661477
173.0 196.0 19.0 31.0
obstacle
0.0305139180273
210.0 98.0 18.0 23.0
obstacle
0.030431702733
0.0 178.0 58.0 15.0
obstacle
0.0303259752691
96.0 149.0 20.0 23.0
obstacle
0.0301058329642
162.0 217.0 40.0 13.0
obstacle
0.0300320554525
144.0 193.0 39.0 87.0
obstacle
0.0298935975879
406.0 140.0 53.0 15.0
obstacle
0.0297875069082
187.0 77.0 32.0 64.0
obstacle
0.0294314790517
22.0 171.0 90.0 29.0
obstacle
0.0293368808925
92.0 197.0 101.0 28.0
obstacle
0.0293030999601
74.0 123.0 141.0 101.0
obstacle
0.0291998721659
175.0 174.0 53.0 74.0
obstacle
0.0282787941396
49.0 154.0 38.0 12.0
obstacle
0.0275202933699
87.0 168.0 36.0 11.0
obstacle
0.0274940300733
191.0 196.0 20.0 32.0
obstacle
0.0273660160601
140.0 97.0 87.0 25.0
obstacle
0.0269477348775
211.0 110.0 17.0 23.0
obstacle
0.0264510009438
122.0 206.0 44.0 11.0
obstacle
0.0263588409871
40.0 138.0 53.0 69.0
obstacle
0.0258044488728
43.0 198.0 85.0 28.0
obstacle
0.0257964208722
58.0 160.0 17.0 27.0
obstacle
0.0256153084338
44.0 155.0 276.0 65.0
obstacle
0.0254089776427
147.0 174.0 71.0 24.0
obstacle
0.0253512971103
169.0 184.0 102.0 29.0
obstacle
0.0253453589976
157.0 184.0 13.0 31.0
obstacle
0.0252968799323
47.0 166.0 40.0 12.0
obstacle
0.0247875768691
0.0 126.0 34.0 93.0
obstacle
0.0245977416635
99.0 131.0 49.0 58.0
obstacle
0.0245927963406
0.0 0.0 217.0 102.0
obstacle
0.0245046652853
203.0 73.0 35.0 72.0
obstacle
0.0243445895612
77.0 177.0 57.0 94.0
obstacle
0.02418997325
5.0 197.0 86.0 29.0
obstacle
0.0237760636955
22.0 137.0 52.0 70.0
obstacle
0.0236605573446
80.0 151.0 15.0 20.0
obstacle
0.0235863775015
77.0 215.0 135.0 42.0
obstacle
0.023476017639
192.0 173.0 57.0 77.0
obstacle
0.0233049020171
45.0 156.0 124.0 58.0
obstacle
0.0232245754451
163.0 87.0 118.0 44.0
obstacle
0.0229974817485
20.0 167.0 55.0 12.0
obstacle
0.0229942183942
3.0 173.0 363.0 127.0
obstacle
0.0229077395052
40.0 148.0 17.0 24.0
obstacle
0.0226914808154
158.0 200.0 123.0 45.0
obstacle
0.0224258322269
95.0 88.0 253.0 68.0
obstacle
0.0220139306039
180.0 206.0 42.0 11.0
obstacle
0.0217549279332
401.0 133.0 24.0 27.0
obstacle
0.0216510873288
89.0 143.0 34.0 11.0
obstacle
0.0216396022588
421.0 131.0 22.0 32.0
obstacle
0.0210408195853
21.0 0.0 55.0 75.0
obstacle
0.0208621155471
46.0 300.0 81.0 26.0
obstacle
0.0207465123385
159.0 115.0 48.0 13.0
obstacle
0.0206531267613
113.0 209.0 20.0 30.0
obstacle
0.0204164199531
244.0 88.0 256.0 119.0
obstacle
0.020316356793
141.0 193.0 44.0 12.0
obstacle
0.020211212337
125.0 133.0 35.0 56.0
obstacle
0.0200072713196
38.0 170.0 18.0 30.0
obstacle
0.0199114643037
152.0 218.0 20.0 36.0
obstacle
0.0197527371347
43.0 179.0 49.0 12.0
obstacle
0.0197221077979
94.0 209.0 20.0 29.0
obstacle
0.0196174755692
0.0 191.0 58.0 15.0
obstacle
0.0195464417338
19.0 157.0 18.0 32.0
obstacle
0.0194524414837
134.0 160.0 19.0 25.0
obstacle
0.0193713232875
96.0 160.0 15.0 27.0
obstacle
0.0192669592798
78.0 166.0 15.0 38.0
obstacle
0.0192007310688
42.0 214.0 52.0 18.0
obstacle
0.0191337298602
37.0 208.0 20.0 32.0
obstacle
0.0191293731332
31.0 174.0 36.0 100.0
obstacle
0.0190167166293
18.0 172.0 20.0 28.0
obstacle
0.0188900735229
0.0 0.0 118.0 42.0
obstacle
0.0188309978694
56.0 179.0 21.0 38.0
obstacle
0.0188015569001
19.0 185.0 96.0 27.0
obstacle
0.018581032753
101.0 217.0 47.0 12.0
obstacle
0.0185015462339
98.0 144.0 86.0 31.0
obstacle
0.0184932779521
57.0 170.0 18.0 31.0
obstacle
0.0184306763113
6.0 136.0 84.0 26.0
obstacle
0.018265016377
8.0 161.0 43.0 101.0
obstacle
0.0181862264872
115.0 149.0 24.0 23.0
obstacle
0.0181185025722
122.0 224.0 82.0 25.0
obstacle
0.0180962532759
36.0 193.0 21.0 36.0
obstacle
0.0180837474763
56.0 206.0 21.0 36.0
obstacle
0.0174626745284
291.0 118.0 209.0 58.0
obstacle
0.0172743331641
1.0 157.0 16.0 31.0
obstacle
0.0170725192875
60.0 150.0 16.0 22.0
obstacle
0.0168508961797
373.0 122.0 80.0 29.0
obstacle
0.0168290920556
374.0 108.0 40.0 78.0
obstacle
0.0167152862996
100.0 136.0 14.0 25.0
obstacle
0.0166219063103
75.0 208.0 21.0 31.0
obstacle
0.0165324974805
130.0 154.0 27.0 10.0
obstacle
0.0164352674037
119.0 38.0 164.0 143.0
obstacle
0.0162777490914
390.0 109.0 47.0 77.0
obstacle
0.0162147711962
359.0 138.0 141.0 42.0
obstacle
0.0161912441254
83.0 217.0 45.0 13.0
obstacle
0.0160893518478
18.0 183.0 20.0 31.0
obstacle
0.0160784088075
391.0 144.0 83.0 31.0
obstacle
0.0160141959786
116.0 184.0 93.0 29.0
obstacle
0.0159838255495
43.0 191.0 50.0 15.0
obstacle
0.015967329964
123.0 170.0 234.0 60.0
obstacle
0.0159137826413
23.0 204.0 51.0 14.0
obstacle
0.0158351380378
72.0 127.0 144.0 43.0
obstacle
0.0157976485789
37.0 181.0 20.0 35.0
obstacle
0.0157162752002
0.0 168.0 17.0 35.0
obstacle
0.0156584195793
44.0 135.0 88.0 28.0
obstacle
0.0156360268593
42.0 225.0 88.0 23.0
obstacle
0.0156304184347
0.0 166.0 35.0 13.0
obstacle
0.0153447985649
143.0 156.0 40.0 59.0
obstacle
0.0152697302401
260.0 308.0 191.0 25.0
obstacle
0.0152337346226
189.0 207.0 22.0 34.0
obstacle
0.0150381997228
45.0 181.0 45.0 111.0
obstacle
0.014925208874
42.0 204.0 51.0 15.0
obstacle
0.0147183611989
122.0 193.0 43.0 12.0
obstacle
0.0147167304531
64.0 178.0 44.0 14.0
obstacle
0.0144989276305
159.0 121.0 47.0 79.0
obstacle
0.0144801298156
175.0 183.0 16.0 32.0
obstacle
0.0144664365798
163.0 193.0 39.0 10.0
obstacle
0.0144581692293
154.0 141.0 173.0 117.0
obstacle
0.0144129311666
169.0 210.0 100.0 25.0
obstacle
0.0143939182162
6.0 17.0 84.0 30.0
obstacle
0.0143088810146
160.0 102.0 47.0 13.0
obstacle
0.0142384767532
56.0 193.0 21.0 37.0
obstacle
0.0141982706264
141.0 130.0 44.0 63.0
obstacle
0.0141980573535
22.0 141.0 53.0 13.0
obstacle
0.0141907297075
63.0 131.0 47.0 58.0
obstacle
0.0141017101705
218.0 66.0 44.0 85.0
obstacle
0.0140472790226
0.0 161.0 33.0 101.0
obstacle
0.0139034409076
47.0 129.0 232.0 64.0
obstacle
0.0138603607193
409.0 106.0 47.0 83.0
obstacle
0.0136060910299
137.0 186.0 15.0 27.0
obstacle
0.0135907419026
60.0 217.0 53.0 14.0
obstacle
0.0135661605746
1.0 182.0 16.0 33.0
obstacle
0.0134277064353
20.0 146.0 17.0 29.0
obstacle
0.0133486827835
76.0 194.0 19.0 35.0
obstacle
0.0133321778849
136.0 136.0 15.0 25.0
obstacle
0.0133002605289
76.0 181.0 19.0 34.0
obstacle
0.0132274189964
20.0 192.0 55.0 13.0
obstacle
0.0130727179348
196.0 152.0 50.0 68.0
obstacle
0.0130549976602
4.0 0.0 50.0 75.0
obstacle
0.0128668965772
141.0 153.0 45.0 14.0
obstacle
0.0128465490416
162.0 72.0 41.0 74.0
obstacle
0.0126152243465
0.0 114.0 181.0 68.0
obstacle
0.0126025881618
214.0 101.0 53.0 16.0
obstacle
0.0125387078151
9.0 209.0 80.0 30.0
obstacle
0.0122234858572
61.0 204.0 50.0 14.0
obstacle
0.0122217992321
177.0 172.0 88.0 30.0
obstacle
0.012191417627
98.0 190.0 54.0 93.0
obstacle
0.0120003381744
173.0 109.0 19.0 25.0
obstacle
0.0119330417365
39.0 0.0 57.0 75.0
obstacle
0.0118761770427
64.0 143.0 46.0 11.0
obstacle
0.0118112005293
167.0 119.0 69.0 29.0
obstacle
0.0118055948988
192.0 184.0 19.0 30.0
obstacle
0.0117035070434
129.0 114.0 146.0 41.0
obstacle
0.0116877751425
154.0 146.0 19.0 30.0
obstacle
0.0116459690034
116.0 195.0 17.0 33.0
obstacle
0.0116311609745
36.0 12.0 24.0 40.0
obstacle
0.0115566691384
80.0 224.0 91.0 25.0
obstacle
0.0115153854713
214.0 192.0 51.0 13.0
obstacle
0.0115035222843
26.0 112.0 44.0 70.0
obstacle
0.0114944791421
178.0 193.0 48.0 12.0
obstacle
0.0114751104265
178.0 217.0 46.0 13.0
obstacle
0.0113968662918
228.0 91.0 24.0 35.0
obstacle
0.0112800523639
182.0 97.0 40.0 75.0
obstacle
0.0111318547279
26.0 217.0 46.0 14.0
obstacle
0.0111199719831
236.0 154.0 46.0 89.0
obstacle
0.0109003353864
157.0 206.0 13.0 10.0
obstacle
0.0104354517534
2.0 204.0 53.0 13.0
obstacle
0.0104271415621
194.0 120.0 17.0 27.0
obstacle
0.0104257343337
470.0 176.0 30.0 97.0
obstacle
0.0104134464636
0.0 125.0 99.0 48.0
obstacle
0.0103926584125
15.0 294.0 143.0 39.0
obstacle
0.0103369839489
228.0 192.0 24.0 40.0
obstacle
0.0102994665504
194.0 205.0 54.0 13.0
obstacle
0.0102577889338
104.0 143.0 40.0 11.0
obstacle
0.0101764248684
173.0 95.0 21.0 29.0
obstacle
0.0100942878053
98.0 205.0 54.0 13.0
obstacle
0.0100690443069
0.0 5.0 67.0 28.0
