obstacle
0.566162288189
134.0 185.0 134.0 53.0
obstacle
0.36581709981
190.0 148.0 58.0 50.0
obstacle
0.307133048773
130.0 146.0 146.0 105.0
obstacle
0.303987830877
175.0 143.0 54.0 59.0
obstacle
0.253340184689
176.0 161.0 51.0 72.0
obstacle
0.166048869491
159.0 155.0 48.0 60.0
obstacle
0.14594425261
141.0 147.0 43.0 77.0
obstacle
0.140265122056
208.0 142.0 26.0 39.0
obstacle
0.136864930391
194.0 161.0 51.0 72.0
obstacle
0.13572268188
102.0 196.0 201.0 56.0
obstacle
0.100190453231
56.0 168.0 252.0 64.0
obstacle
0.0997670218349
219.0 161.0 42.0 74.0
obstacle
0.0833321064711
149.0 196.0 101.0 29.0
obstacle
0.0800987780094
148.0 153.0 107.0 67.0
obstacle
0.0770626068115
191.0 149.0 22.0 50.0
obstacle
0.0751685351133
107.0 166.0 119.0 67.0
obstacle
0.0638248771429
123.0 159.0 45.0 79.0
obstacle
0.0545268170536
155.0 169.0 55.0 83.0
obstacle
0.0503121241927
91.0 204.0 151.0 36.0
obstacle
0.0501271411777
88.0 114.0 151.0 169.0
obstacle
0.04773735255
154.0 155.0 18.0 35.0
obstacle
0.044787902385
130.0 178.0 221.0 67.0
obstacle
0.0442439690232
148.0 211.0 108.0 24.0
obstacle
0.0436698049307
190.0 196.0 23.0 31.0
obstacle
0.0396401546896
175.0 149.0 54.0 24.0
obstacle
0.0389851517975
209.0 161.0 22.0 49.0
obstacle
0.0372748412192
238.0 166.0 40.0 64.0
obstacle
0.0361490137875
135.0 166.0 58.0 89.0
obstacle
0.0339537933469
202.0 164.0 37.0 15.0
obstacle
0.033866263926
204.0 151.0 33.0 18.0
obstacle
0.0318607166409
192.0 145.0 52.0 31.0
obstacle
0.0318430475891
0.0 143.0 328.0 111.0
obstacle
0.0316937565804
181.0 205.0 40.0 13.0
obstacle
0.0305415336043
120.0 198.0 86.0 27.0
obstacle
0.0287374164909
156.0 147.0 16.0 31.0
obstacle
0.0282995738089
110.0 151.0 111.0 46.0
obstacle
0.0282815359533
128.0 216.0 148.0 37.0
obstacle
0.0277460869402
199.0 225.0 80.0 22.0
obstacle
0.0275912415236
182.0 153.0 41.0 15.0
obstacle
0.0275700520724
163.0 145.0 117.0 57.0
obstacle
0.0271478258073
159.0 172.0 158.0 55.0
obstacle
0.026827191934
178.0 178.0 47.0 15.0
obstacle
0.0261962711811
180.0 192.0 41.0 14.0
obstacle
0.0258447732776
213.0 141.0 49.0 64.0
obstacle
0.0258162617683
228.0 157.0 19.0 32.0
obstacle
0.0256577506661
163.0 169.0 76.0 33.0
obstacle
0.0240607429296
170.0 156.0 65.0 32.0
obstacle
0.0227677728981
229.0 180.0 22.0 39.0
obstacle
0.0226079933345
164.0 181.0 108.0 34.0
obstacle
0.0223370585591
161.0 226.0 82.0 20.0
obstacle
0.0218212157488
148.0 166.0 30.0 11.0
obstacle
0.0216244906187
147.0 133.0 34.0 55.0
obstacle
0.0215352606028
120.0 185.0 88.0 28.0
obstacle
0.0215132441372
229.0 167.0 22.0 38.0
obstacle
0.0212992839515
170.0 127.0 140.0 118.0
obstacle
0.02048195526
198.0 177.0 43.0 17.0
obstacle
0.0204182323068
209.0 194.0 22.0 35.0
obstacle
0.0198327731341
171.0 152.0 25.0 42.0
obstacle
0.0193970911205
117.0 210.0 93.0 26.0
obstacle
0.0190892908722
172.0 178.0 59.0 89.0
obstacle
0.0190210863948
131.0 137.0 142.0 48.0
obstacle
0.0189787689596
60.0 126.0 399.0 145.0
obstacle
0.0189360324293
252.0 169.0 16.0 35.0
obstacle
0.0183550994843
112.0 184.0 30.0 80.0
obstacle
0.0182414539158
190.0 207.0 23.0 33.0
obstacle
0.017947178334
183.0 165.0 38.0 16.0
obstacle
0.0174271762371
171.0 193.0 21.0 36.0
obstacle
0.0171855539083
126.0 95.0 153.0 131.0
obstacle
0.0169773120433
125.0 151.0 231.0 72.0
obstacle
0.0167753417045
192.0 172.0 89.0 27.0
obstacle
0.0167401786894
249.0 181.0 19.0 36.0
obstacle
0.0164247564971
21.0 172.0 363.0 129.0
obstacle
0.0161687303334
153.0 157.0 21.0 59.0
obstacle
0.0161151271313
108.0 161.0 35.0 75.0
obstacle
0.0158437378705
191.0 199.0 93.0 24.0
obstacle
0.0154886115342
130.0 137.0 32.0 72.0
obstacle
0.0150166060776
183.0 217.0 37.0 14.0
obstacle
0.0148369017988
195.0 205.0 50.0 13.0
obstacle
0.0147093236446
134.0 157.0 61.0 31.0
obstacle
0.0146188205108
216.0 191.0 47.0 16.0
obstacle
0.0140883103013
120.0 224.0 86.0 24.0
obstacle
0.0138066783547
160.0 204.0 44.0 14.0
obstacle
0.0132849579677
196.0 192.0 47.0 13.0
obstacle
0.0132082914934
146.0 155.0 35.0 11.0
obstacle
0.0127455005422
171.0 207.0 22.0 32.0
obstacle
0.0125155393034
197.0 211.0 83.0 26.0
obstacle
0.0121374232695
80.0 162.0 132.0 48.0
obstacle
0.0119416741654
160.0 166.0 45.0 13.0
obstacle
0.0119085451588
122.0 185.0 46.0 103.0
obstacle
0.0116477645934
214.0 178.0 50.0 16.0
obstacle
0.0115488655865
228.0 145.0 20.0 33.0
obstacle
0.0114745814353
139.0 192.0 50.0 14.0
obstacle
0.0114310095087
39.0 96.0 326.0 129.0
obstacle
0.0113738644868
156.0 147.0 56.0 29.0
obstacle
0.0112563744187
215.0 173.0 50.0 101.0
obstacle
0.0111050298437
79.0 207.0 284.0 58.0
obstacle
0.0110514601693
238.0 179.0 42.0 14.0
obstacle
0.0109655177221
183.0 162.0 151.0 49.0
obstacle
0.0101026948541
120.0 168.0 87.0 35.0
