obstacle
0.787835419178
448.0 114.0 19.0 18.0
obstacle
0.711572289467
176.0 176.0 127.0 42.0
obstacle
0.648814201355
305.0 89.0 65.0 17.0
obstacle
0.511441111565
456.0 113.0 19.0 19.0
obstacle
0.379476726055
64.0 163.0 313.0 97.0
obstacle
0.346841484308
434.0 107.0 39.0 29.0
obstacle
0.269081056118
84.0 170.0 237.0 59.0
obstacle
0.253557652235
333.0 90.0 42.0 14.0
obstacle
0.227780297399
190.0 173.0 96.0 27.0
obstacle
0.214482694864
446.0 113.0 18.0 35.0
obstacle
0.210310399532
446.0 104.0 44.0 35.0
obstacle
0.205466389656
150.0 189.0 144.0 40.0
obstacle
0.187693297863
212.0 183.0 89.0 28.0
obstacle
0.175202429295
306.0 93.0 62.0 24.0
obstacle
0.172927930951
445.0 116.0 17.0 9.0
obstacle
0.166320130229
283.0 82.0 107.0 29.0
obstacle
0.13391917944
202.0 165.0 148.0 42.0
obstacle
0.131681129336
445.0 100.0 16.0 25.0
obstacle
0.124328538775
182.0 157.0 157.0 84.0
obstacle
0.120660565794
295.0 91.0 48.0 13.0
obstacle
0.119415946305
92.0 189.0 145.0 43.0
obstacle
0.102338552475
343.0 85.0 22.0 23.0
obstacle
0.0978509113193
134.0 164.0 143.0 48.0
obstacle
0.0827502161264
325.0 87.0 24.0 20.0
obstacle
0.0819324105978
327.0 94.0 18.0 25.0
obstacle
0.0767776817083
460.0 117.0 15.0 27.0
obstacle
0.0741735547781
459.0 95.0 20.0 34.0
obstacle
0.0737484395504
313.0 100.0 47.0 13.0
obstacle
0.0733622685075
237.0 192.0 44.0 12.0
obstacle
0.0711408853531
8.0 180.0 273.0 64.0
obstacle
0.070185303688
236.0 172.0 80.0 28.0
obstacle
0.0690983906388
296.0 101.0 45.0 13.0
obstacle
0.0690706148744
211.0 198.0 20.0 26.0
obstacle
0.0657608285546
246.0 86.0 144.0 42.0
obstacle
0.0643759667873
347.0 95.0 16.0 24.0
obstacle
0.0643134489655
309.0 96.0 18.0 23.0
obstacle
0.0619594417512
424.0 110.0 22.0 25.0
obstacle
0.0614169538021
313.0 69.0 48.0 55.0
obstacle
0.0594515576959
406.0 107.0 62.0 32.0
obstacle
0.0568845830858
193.0 199.0 19.0 24.0
obstacle
0.0550162792206
158.0 185.0 88.0 27.0
obstacle
0.054914034903
172.0 197.0 96.0 27.0
obstacle
0.0546221658587
258.0 191.0 39.0 13.0
obstacle
0.0531561225653
140.0 198.0 83.0 26.0
obstacle
0.0523480139673
432.0 88.0 40.0 44.0
obstacle
0.0522167645395
353.0 89.0 42.0 15.0
obstacle
0.0504172742367
250.0 187.0 19.0 21.0
obstacle
0.0503525324166
229.0 78.0 141.0 36.0
obstacle
0.0501148328185
332.0 101.0 46.0 11.0
obstacle
0.049854286015
286.0 41.0 140.0 111.0
obstacle
0.0488983355463
328.0 85.0 85.0 24.0
obstacle
0.0486849620938
300.0 79.0 149.0 36.0
obstacle
0.0483358576894
197.0 181.0 48.0 10.0
obstacle
0.0479949228466
215.0 194.0 50.0 10.0
obstacle
0.0477891266346
217.0 182.0 44.0 10.0
obstacle
0.0466474741697
336.0 67.0 39.0 58.0
obstacle
0.0462940223515
309.0 87.0 19.0 21.0
obstacle
0.0456443801522
98.0 212.0 93.0 21.0
obstacle
0.0447415262461
256.0 181.0 43.0 11.0
obstacle
0.0442856885493
258.0 85.0 84.0 23.0
obstacle
0.0440238118172
198.0 205.0 44.0 12.0
obstacle
0.0435627885163
143.0 160.0 271.0 54.0
obstacle
0.0434908717871
175.0 154.0 133.0 44.0
obstacle
0.0421949550509
158.0 193.0 51.0 12.0
obstacle
0.0420295707881
437.0 103.0 32.0 12.0
obstacle
0.0414438731968
77.0 204.0 135.0 37.0
obstacle
0.0411317870021
257.0 96.0 85.0 25.0
obstacle
0.0409761667252
233.0 188.0 19.0 20.0
obstacle
0.0409626960754
482.0 109.0 15.0 27.0
obstacle
0.0401494652033
425.0 117.0 20.0 32.0
obstacle
0.0400570891798
200.0 176.0 44.0 69.0
obstacle
0.0400317721069
275.0 89.0 48.0 15.0
obstacle
0.0394642204046
213.0 187.0 18.0 22.0
obstacle
0.0388037711382
276.0 101.0 45.0 14.0
obstacle
0.0367562323809
268.0 187.0 20.0 22.0
obstacle
0.0359947644174
160.0 206.0 46.0 11.0
obstacle
0.0359174050391
181.0 205.0 42.0 12.0
obstacle
0.0358789674938
270.0 175.0 19.0 24.0
obstacle
0.0357717387378
218.0 174.0 47.0 74.0
obstacle
0.0354875288904
182.0 165.0 42.0 65.0
obstacle
0.0351200327277
124.0 43.0 349.0 132.0
obstacle
0.0350565500557
100.0 200.0 90.0 24.0
obstacle
0.0345083512366
234.0 160.0 49.0 77.0
obstacle
0.0344451665878
229.0 47.0 176.0 125.0
obstacle
0.0341100357473
426.0 98.0 51.0 24.0
obstacle
0.0335757434368
194.0 187.0 18.0 23.0
obstacle
0.032718077302
423.0 98.0 22.0 24.0
obstacle
0.0326281376183
201.0 194.0 40.0 9.0
obstacle
0.0325828492641
163.0 161.0 40.0 74.0
obstacle
0.0325660929084
173.0 198.0 19.0 26.0
obstacle
0.031843572855
230.0 196.0 21.0 29.0
obstacle
0.0315787605941
303.0 74.0 68.0 24.0
obstacle
0.030908960849
389.0 64.0 111.0 119.0
obstacle
0.0307951420546
434.0 109.0 37.0 73.0
obstacle
0.0307293143123
170.0 77.0 256.0 65.0
obstacle
0.0302049387246
289.0 95.0 19.0 26.0
obstacle
0.0301005523652
181.0 193.0 43.0 12.0
obstacle
0.0299594309181
141.0 206.0 46.0 12.0
obstacle
0.0297299176455
145.0 170.0 38.0 81.0
obstacle
0.029030000791
238.0 182.0 42.0 10.0
obstacle
0.028986915946
365.0 85.0 16.0 23.0
obstacle
0.0289381146431
214.0 150.0 52.0 71.0
obstacle
0.0284196007997
151.0 180.0 256.0 63.0
obstacle
0.0272818468511
192.0 69.0 308.0 56.0
obstacle
0.0270045213401
100.0 124.0 396.0 125.0
obstacle
0.0264848098159
443.0 124.0 18.0 41.0
obstacle
0.0262181423604
295.0 75.0 47.0 67.0
obstacle
0.0256915949285
200.0 154.0 43.0 62.0
obstacle
0.0256087575108
217.0 163.0 82.0 23.0
obstacle
0.0255590043962
454.0 104.0 32.0 11.0
obstacle
0.0254532862455
214.0 204.0 50.0 13.0
obstacle
0.0251182299107
217.0 178.0 158.0 42.0
obstacle
0.0246008578688
175.0 185.0 15.0 28.0
obstacle
0.0242931414396
474.0 116.0 26.0 11.0
obstacle
0.0240539591759
156.0 199.0 15.0 25.0
obstacle
0.0236952546984
252.0 177.0 18.0 19.0
obstacle
0.0224290769547
416.0 102.0 37.0 13.0
obstacle
0.0223897900432
415.0 115.0 39.0 12.0
obstacle
0.0221182443202
316.0 78.0 43.0 12.0
obstacle
0.0216208528727
288.0 81.0 20.0 31.0
obstacle
0.0215734075755
214.0 176.0 17.0 19.0
obstacle
0.0214847438037
207.0 188.0 141.0 44.0
obstacle
0.0214566458017
403.0 117.0 67.0 32.0
obstacle
0.0214307103306
210.0 198.0 97.0 26.0
obstacle
0.0213715415448
413.0 109.0 43.0 50.0
obstacle
0.0209223218262
118.0 206.0 53.0 12.0
obstacle
0.0204280037433
274.0 179.0 47.0 14.0
obstacle
0.0202114395797
468.0 85.0 32.0 73.0
obstacle
0.0198717508465
122.0 172.0 44.0 78.0
obstacle
0.0192475393414
116.0 217.0 56.0 13.0
obstacle
0.0192378349602
329.0 96.0 87.0 23.0
obstacle
0.0192286949605
436.0 125.0 33.0 12.0
obstacle
0.019220655784
256.0 161.0 43.0 76.0
obstacle
0.0191514343023
288.0 171.0 20.0 30.0
obstacle
0.0191458705813
337.0 90.0 155.0 38.0
obstacle
0.0178469736129
355.0 102.0 40.0 11.0
obstacle
0.0177592728287
230.0 177.0 23.0 18.0
obstacle
0.0176068767905
134.0 211.0 95.0 25.0
obstacle
0.0176025275141
366.0 104.0 134.0 35.0
obstacle
0.0175700820982
139.0 217.0 49.0 13.0
obstacle
0.0173043515533
366.0 97.0 15.0 22.0
obstacle
0.0171922724694
274.0 60.0 49.0 72.0
obstacle
0.0171913728118
294.0 64.0 123.0 42.0
obstacle
0.017021715641
277.0 147.0 42.0 77.0
obstacle
0.0166720449924
253.0 167.0 50.0 13.0
obstacle
0.0163627881557
483.0 99.0 16.0 24.0
obstacle
0.0163084547967
375.0 113.0 119.0 40.0
obstacle
0.0161838978529
328.0 69.0 18.0 32.0
obstacle
0.0160335730761
101.0 169.0 48.0 84.0
obstacle
0.0158975627273
45.0 147.0 198.0 129.0
obstacle
0.0156107628718
164.0 173.0 80.0 28.0
obstacle
0.0154865588993
201.0 127.0 194.0 118.0
obstacle
0.0154472729191
97.0 217.0 55.0 13.0
obstacle
0.0154272466898
161.0 180.0 45.0 11.0
obstacle
0.01517515257
371.0 95.0 89.0 28.0
obstacle
0.0150089515373
153.0 209.0 20.0 29.0
obstacle
0.0149114849046
256.0 59.0 125.0 51.0
obstacle
0.0145786134526
85.0 171.0 43.0 80.0
obstacle
0.0145654343069
331.0 78.0 47.0 12.0
obstacle
0.014513110742
452.0 112.0 38.0 68.0
obstacle
0.0144234998152
353.0 59.0 40.0 75.0
obstacle
0.014387675561
33.0 309.0 185.0 24.0
obstacle
0.0142794568092
37.0 191.0 139.0 41.0
obstacle
0.0142330387607
251.0 185.0 90.0 26.0
obstacle
0.014046413824
484.0 119.0 14.0 29.0
obstacle
0.0140060754493
259.0 137.0 39.0 73.0
obstacle
0.0138617157936
346.0 68.0 20.0 33.0
obstacle
0.0137800816447
248.0 194.0 21.0 33.0
obstacle
0.0137159507722
370.0 88.0 48.0 15.0
obstacle
0.0136988833547
175.0 211.0 92.0 25.0
obstacle
0.0129583971575
54.0 175.0 145.0 49.0
obstacle
0.012877330184
134.0 209.0 19.0 29.0
obstacle
0.0128490589559
186.0 181.0 36.0 10.0
obstacle
0.012775907293
220.0 151.0 155.0 44.0
obstacle
0.0126738641411
94.0 204.0 63.0 16.0
obstacle
0.0126674417406
71.0 198.0 72.0 27.0
obstacle
0.0124357212335
373.0 55.0 42.0 83.0
obstacle
0.0123442001641
253.0 89.0 52.0 14.0
obstacle
0.0122960563749
135.0 198.0 19.0 27.0
obstacle
0.0120187988505
138.0 203.0 167.0 40.0
obstacle
0.0118184359744
138.0 194.0 54.0 10.0
obstacle
0.0118088163435
269.0 158.0 20.0 32.0
obstacle
0.0115991998464
448.0 95.0 52.0 30.0
obstacle
0.0115477070212
349.0 92.0 14.0 10.0
obstacle
0.0114989476278
258.0 57.0 43.0 79.0
obstacle
0.0114323999733
189.0 164.0 66.0 23.0
obstacle
0.0113885272294
370.0 101.0 49.0 15.0
obstacle
0.0112386373803
230.0 203.0 57.0 15.0
obstacle
0.0112383831292
409.0 125.0 50.0 16.0
obstacle
0.0111739346758
121.0 186.0 86.0 28.0
obstacle
0.0111338514835
385.0 81.0 18.0 30.0
obstacle
0.0111177898943
255.0 158.0 86.0 30.0
obstacle
0.0110215637833
0.0 167.0 328.0 139.0
obstacle
0.0109580177814
413.0 78.0 41.0 63.0
obstacle
0.0109277153388
473.0 102.0 27.0 13.0
obstacle
0.0108257271349
330.0 70.0 86.0 27.0
obstacle
0.010743833147
373.0 138.0 127.0 43.0
obstacle
0.0106551591307
68.0 212.0 78.0 23.0
obstacle
0.0105738593265
434.0 117.0 65.0 28.0
obstacle
0.010513683781
330.0 92.0 14.0 10.0
obstacle
0.0104588447139
171.0 208.0 21.0 31.0
obstacle
0.0104353763163
0.0 127.0 356.0 119.0
obstacle
0.0104208691046
235.0 142.0 49.0 63.0
obstacle
0.0102458642796
389.0 102.0 51.0 13.0
