obstacle
0.876723706722
303.0 35.0 73.0 16.0
obstacle
0.8457249403
101.0 26.0 85.0 19.0
obstacle
0.61074501276
0.0 103.0 302.0 90.0
obstacle
0.417585611343
113.0 90.0 293.0 115.0
obstacle
0.378038644791
330.0 39.0 48.0 12.0
obstacle
0.181689724326
281.0 32.0 112.0 23.0
obstacle
0.169791445136
248.0 111.0 136.0 49.0
obstacle
0.160769149661
0.0 113.0 195.0 69.0
obstacle
0.159052431583
73.0 18.0 109.0 29.0
obstacle
0.142752125859
84.0 113.0 275.0 69.0
obstacle
0.138429194689
157.0 104.0 243.0 64.0
obstacle
0.137064322829
121.0 30.0 74.0 21.0
obstacle
0.13378380239
7.0 64.0 388.0 119.0
obstacle
0.127252981067
48.0 83.0 192.0 129.0
obstacle
0.124776624143
100.0 22.0 90.0 38.0
obstacle
0.12462746352
303.0 38.0 36.0 12.0
obstacle
0.122730337083
65.0 113.0 158.0 43.0
obstacle
0.115534417331
88.0 28.0 83.0 26.0
obstacle
0.10628054291
0.0 86.0 157.0 123.0
obstacle
0.102324381471
96.0 27.0 63.0 13.0
obstacle
0.0949125662446
345.0 37.0 18.0 12.0
obstacle
0.0825871601701
233.0 137.0 15.0 23.0
obstacle
0.076918490231
46.0 102.0 158.0 43.0
obstacle
0.0764099657536
317.0 26.0 69.0 21.0
obstacle
0.0751328095794
291.0 113.0 51.0 69.0
obstacle
0.075041808188
303.0 40.0 73.0 27.0
obstacle
0.0735059827566
47.0 115.0 41.0 65.0
obstacle
0.0721497684717
153.0 32.0 20.0 19.0
obstacle
0.0693899989128
356.0 40.0 33.0 10.0
obstacle
0.0668529123068
142.0 28.0 39.0 13.0
obstacle
0.0660006850958
194.0 99.0 169.0 121.0
obstacle
0.0657213181257
325.0 38.0 22.0 11.0
obstacle
0.0647213533521
0.0 137.0 145.0 45.0
obstacle
0.0621698610485
323.0 35.0 91.0 19.0
obstacle
0.0620694942772
264.0 123.0 142.0 48.0
obstacle
0.0598273128271
231.0 147.0 20.0 25.0
obstacle
0.0584872327745
112.0 10.0 65.0 67.0
obstacle
0.0582873262465
273.0 116.0 50.0 63.0
obstacle
0.0571029596031
250.0 136.0 16.0 24.0
obstacle
0.0570566393435
132.0 30.0 26.0 23.0
obstacle
0.05695329234
206.0 124.0 149.0 44.0
obstacle
0.05609555915
120.0 35.0 49.0 15.0
obstacle
0.0533998981118
310.0 37.0 16.0 14.0
obstacle
0.0533129349351
178.0 129.0 241.0 62.0
obstacle
0.0532776899636
290.0 124.0 90.0 22.0
obstacle
0.0523255951703
102.0 11.0 84.0 24.0
obstacle
0.0522904507816
57.0 145.0 21.0 29.0
obstacle
0.0522106029093
59.0 136.0 17.0 24.0
obstacle
0.0511750020087
149.0 23.0 28.0 21.0
obstacle
0.0509333200753
139.0 35.0 46.0 14.0
obstacle
0.0501538440585
0.0 89.0 256.0 69.0
obstacle
0.0499382503331
0.0 126.0 252.0 120.0
obstacle
0.0493222177029
249.0 135.0 135.0 49.0
obstacle
0.0484089963138
309.0 21.0 57.0 47.0
obstacle
0.0481154173613
309.0 103.0 54.0 89.0
obstacle
0.0476993769407
258.0 115.0 42.0 64.0
obstacle
0.0474787652493
251.0 122.0 93.0 24.0
obstacle
0.0472675226629
0.0 154.0 406.0 115.0
obstacle
0.0462944097817
0.0 142.0 191.0 62.0
obstacle
0.045971609652
0.0 166.0 139.0 39.0
obstacle
0.0458536036313
202.0 102.0 155.0 42.0
obstacle
0.045582164079
88.0 122.0 150.0 49.0
obstacle
0.0449244640768
258.0 187.0 80.0 23.0
obstacle
0.0449125468731
327.0 44.0 18.0 22.0
obstacle
0.0443162582815
105.0 17.0 153.0 31.0
obstacle
0.043822709471
23.0 118.0 51.0 84.0
obstacle
0.0433587469161
114.0 29.0 22.0 27.0
obstacle
0.0431490764022
129.0 193.0 145.0 36.0
obstacle
0.0429939702153
220.0 125.0 42.0 70.0
obstacle
0.0429763309658
127.0 200.0 71.0 23.0
obstacle
0.0429174415767
238.0 115.0 43.0 65.0
obstacle
0.0427300184965
275.0 130.0 45.0 11.0
obstacle
0.0426659174263
269.0 131.0 94.0 31.0
obstacle
0.0426195189357
162.0 198.0 79.0 26.0
obstacle
0.0422189459205
101.0 5.0 52.0 55.0
obstacle
0.0419138520956
259.0 83.0 155.0 128.0
obstacle
0.0418935716152
65.0 115.0 43.0 64.0
obstacle
0.0417980104685
184.0 110.0 153.0 49.0
obstacle
0.0411735586822
252.0 130.0 52.0 10.0
obstacle
0.0408262237906
142.0 116.0 43.0 63.0
obstacle
0.0405670553446
309.0 42.0 17.0 27.0
obstacle
0.0403515510261
40.0 153.0 54.0 14.0
obstacle
0.0402182675898
46.0 129.0 42.0 10.0
obstacle
0.0401483848691
220.0 142.0 39.0 11.0
obstacle
0.0401334948838
266.0 1.0 144.0 90.0
obstacle
0.0400439947844
139.0 111.0 357.0 122.0
obstacle
0.0398032329977
85.0 110.0 42.0 73.0
obstacle
0.0394323170185
0.0 168.0 239.0 60.0
obstacle
0.0387504436076
118.0 114.0 166.0 41.0
obstacle
0.038694575429
13.0 126.0 150.0 42.0
obstacle
0.0383475907147
160.0 114.0 46.0 92.0
obstacle
0.0381598733366
0.0 101.0 144.0 43.0
obstacle
0.03765790537
123.0 113.0 42.0 68.0
obstacle
0.0372284576297
307.0 133.0 18.0 29.0
obstacle
0.0369730293751
60.0 184.0 283.0 56.0
obstacle
0.0368293002248
138.0 206.0 164.0 35.0
obstacle
0.0360686965287
293.0 128.0 46.0 13.0
obstacle
0.0359323211014
0.0 152.0 126.0 40.0
obstacle
0.0358814634383
45.0 142.0 44.0 11.0
obstacle
0.0358779393137
290.0 26.0 64.0 19.0
obstacle
0.0358095988631
16.0 146.0 101.0 27.0
obstacle
0.035788372159
16.0 180.0 142.0 35.0
obstacle
0.0352601371706
78.0 137.0 14.0 22.0
obstacle
0.03503055498
248.0 146.0 19.0 26.0
obstacle
0.0349546484649
313.0 112.0 15.0 20.0
obstacle
0.0331027098
83.0 6.0 124.0 79.0
obstacle
0.0328832305968
110.0 101.0 144.0 44.0
obstacle
0.032852742821
123.0 118.0 43.0 10.0
obstacle
0.0328154377639
198.0 130.0 47.0 9.0
obstacle
0.0325660891831
308.0 121.0 19.0 27.0
obstacle
0.032411750406
5.0 107.0 49.0 81.0
obstacle
0.0319503583014
125.0 93.0 37.0 57.0
obstacle
0.0319424271584
365.0 39.0 12.0 12.0
obstacle
0.0318211168051
60.0 125.0 13.0 19.0
obstacle
0.0313798561692
396.0 135.0 73.0 24.0
obstacle
0.0309652741998
43.0 124.0 48.0 96.0
obstacle
0.0308487229049
279.0 31.0 116.0 46.0
obstacle
0.0305446647108
238.0 130.0 43.0 9.0
obstacle
0.0304217599332
334.0 112.0 43.0 95.0
obstacle
0.0303842760623
0.0 112.0 126.0 48.0
obstacle
0.0301070865244
211.0 136.0 19.0 25.0
obstacle
0.030081693083
23.0 174.0 87.0 24.0
obstacle
0.0297758579254
347.0 42.0 17.0 26.0
obstacle
0.029518276453
181.0 212.0 79.0 24.0
obstacle
0.0294604692608
293.0 141.0 46.0 13.0
obstacle
0.0294174421579
141.0 10.0 43.0 67.0
obstacle
0.0293993558735
103.0 35.0 46.0 15.0
obstacle
0.029336027801
299.0 117.0 36.0 10.0
obstacle
0.0293007902801
22.0 129.0 53.0 10.0
obstacle
0.0292302630842
136.0 135.0 15.0 25.0
obstacle
0.0292023550719
111.0 21.0 26.0 22.0
obstacle
0.0289768315852
26.0 122.0 81.0 24.0
obstacle
0.0289048328996
271.0 124.0 16.0 23.0
obstacle
0.0287469793111
217.0 152.0 45.0 15.0
obstacle
0.0287264343351
75.0 146.0 21.0 27.0
obstacle
0.0286699552089
103.0 114.0 43.0 65.0
obstacle
0.0282500609756
86.0 3.0 120.0 37.0
obstacle
0.0280208792537
214.0 125.0 16.0 21.0
obstacle
0.0279509723186
184.0 59.0 189.0 126.0
obstacle
0.0278414208442
259.0 90.0 40.0 64.0
obstacle
0.0277880523354
271.0 134.0 15.0 27.0
obstacle
0.0276884157211
21.0 133.0 91.0 28.0
obstacle
0.0275241173804
200.0 120.0 42.0 55.0
obstacle
0.0274924393743
136.0 124.0 16.0 21.0
obstacle
0.0274781156331
238.0 178.0 120.0 40.0
obstacle
0.0274756513536
252.0 126.0 14.0 19.0
obstacle
0.0273647643626
198.0 199.0 85.0 26.0
obstacle
0.0273305308074
173.0 134.0 19.0 27.0
obstacle
0.0266784578562
289.0 131.0 18.0 33.0
obstacle
0.0266738589853
97.0 136.0 14.0 24.0
obstacle
0.0262192673981
71.0 89.0 300.0 68.0
obstacle
0.0261081457138
130.0 124.0 183.0 46.0
obstacle
0.0260341037065
302.0 97.0 31.0 49.0
obstacle
0.025991871953
155.0 124.0 16.0 20.0
obstacle
0.0257576107979
291.0 18.0 130.0 33.0
obstacle
0.0257458128035
126.0 21.0 36.0 23.0
obstacle
0.025662638247
67.0 186.0 77.0 24.0
obstacle
0.0256610587239
80.0 125.0 13.0 20.0
obstacle
0.0255122724921
274.0 151.0 48.0 94.0
obstacle
0.0253376979381
224.0 150.0 149.0 45.0
obstacle
0.0250381417572
210.0 139.0 139.0 41.0
obstacle
0.0248802602291
65.0 130.0 43.0 9.0
obstacle
0.0248547382653
154.0 134.0 17.0 27.0
obstacle
0.0245466586202
140.0 129.0 46.0 11.0
obstacle
0.0245298389345
336.0 16.0 38.0 55.0
obstacle
0.0244750324637
183.0 111.0 39.0 73.0
obstacle
0.0244405250996
40.0 122.0 16.0 24.0
obstacle
0.0244346838444
39.0 134.0 15.0 27.0
obstacle
0.0240631327033
233.0 127.0 14.0 17.0
obstacle
0.0240461565554
320.0 31.0 36.0 9.0
obstacle
0.0240266174078
218.0 130.0 45.0 10.0
obstacle
0.0240003038198
484.0 135.0 13.0 23.0
obstacle
0.0239205118269
0.0 125.0 67.0 21.0
obstacle
0.0237395111471
45.0 112.0 81.0 24.0
obstacle
0.0237234588712
406.0 141.0 53.0 13.0
obstacle
0.0237132627517
178.0 123.0 84.0 23.0
obstacle
0.0229366086423
117.0 136.0 15.0 23.0
obstacle
0.0227751620114
285.0 111.0 61.0 24.0
obstacle
0.0227437764406
104.0 111.0 78.0 25.0
obstacle
0.0225966088474
238.0 141.0 42.0 11.0
obstacle
0.0225590132177
37.0 143.0 21.0 32.0
obstacle
0.0225383415818
161.0 162.0 275.0 73.0
obstacle
0.0225001312792
291.0 123.0 15.0 24.0
obstacle
0.022456901148
176.0 204.0 51.0 14.0
obstacle
0.0218236111104
70.0 179.0 149.0 39.0
obstacle
0.021822925657
137.0 112.0 14.0 23.0
obstacle
0.0218090321869
196.0 133.0 86.0 28.0
obstacle
0.0216712225229
0.0 134.0 66.0 27.0
obstacle
0.0215978082269
51.0 142.0 264.0 61.0
obstacle
0.0215647276491
432.0 134.0 68.0 26.0
obstacle
0.0215069856495
95.0 145.0 19.0 29.0
obstacle
0.0215047933161
113.0 120.0 98.0 28.0
obstacle
0.0213678199798
98.0 125.0 14.0 20.0
obstacle
0.0213098954409
310.0 129.0 52.0 11.0
obstacle
0.0212968569249
322.0 27.0 143.0 35.0
obstacle
0.0212656706572
105.0 136.0 156.0 47.0
obstacle
0.0210963524878
222.0 90.0 38.0 65.0
obstacle
0.0210940744728
299.0 50.0 39.0 13.0
obstacle
0.0208742786199
287.0 141.0 20.0 37.0
obstacle
0.0206854064018
318.0 117.0 35.0 10.0
obstacle
0.0206578690559
103.0 118.0 44.0 10.0
obstacle
0.0206079855561
118.0 126.0 13.0 18.0
obstacle
0.020370464772
180.0 168.0 44.0 86.0
obstacle
0.0201894622296
29.0 101.0 41.0 67.0
obstacle
0.0201563742012
33.0 185.0 70.0 26.0
obstacle
0.0201452150941
63.0 152.0 45.0 16.0
obstacle
0.0200786702335
194.0 124.0 16.0 23.0
obstacle
0.0200096666813
5.0 159.0 86.0 27.0
obstacle
0.0199465174228
286.0 119.0 62.0 108.0
obstacle
0.0198313482106
256.0 117.0 46.0 11.0
obstacle
0.0198192745447
263.0 16.0 113.0 37.0
obstacle
0.0198152549565
164.0 26.0 33.0 14.0
obstacle
0.019780959934
67.0 142.0 38.0 10.0
obstacle
0.019779196009
198.0 142.0 45.0 11.0
obstacle
0.0197561401874
194.0 145.0 91.0 29.0
obstacle
0.019654052332
235.0 152.0 47.0 15.0
obstacle
0.0195211116225
241.0 90.0 37.0 65.0
obstacle
0.0194493532181
46.0 90.0 44.0 64.0
obstacle
0.019222188741
122.0 178.0 160.0 42.0
obstacle
0.0192220490426
155.0 141.0 53.0 13.0
obstacle
0.0190268475562
209.0 108.0 291.0 55.0
obstacle
0.0189963560551
173.0 130.0 57.0 10.0
obstacle
0.0189396515489
61.0 137.0 50.0 97.0
obstacle
0.0188495572656
335.0 30.0 40.0 9.0
obstacle
0.0187458638102
298.0 109.0 75.0 27.0
obstacle
0.0187404695898
84.0 130.0 44.0 9.0
obstacle
0.018719388172
213.0 123.0 90.0 23.0
obstacle
0.0186279360205
139.0 205.0 48.0 13.0
obstacle
0.0186261236668
86.0 199.0 79.0 23.0
obstacle
0.0185168012977
192.0 135.0 18.0 25.0
obstacle
0.0184122212231
264.0 146.0 104.0 27.0
obstacle
0.0183650087565
184.0 91.0 36.0 62.0
obstacle
0.018188489601
210.0 144.0 23.0 30.0
obstacle
0.0181536842138
123.0 130.0 41.0 9.0
obstacle
0.0181088037789
191.0 195.0 22.0 32.0
obstacle
0.018053945154
61.0 166.0 127.0 40.0
obstacle
0.0180231016129
374.0 38.0 40.0 13.0
obstacle
0.0179964490235
65.0 88.0 43.0 67.0
obstacle
0.017788503319
253.0 164.0 128.0 42.0
obstacle
0.0177618581802
43.0 117.0 49.0 11.0
obstacle
0.0177341345698
76.0 170.0 21.0 32.0
obstacle
0.0177312344313
456.0 224.0 44.0 25.0
obstacle
0.0176621712744
274.0 141.0 46.0 12.0
obstacle
0.0176036115736
179.0 191.0 159.0 40.0
obstacle
0.0175654180348
66.0 118.0 43.0 10.0
obstacle
0.0175447110087
257.0 141.0 42.0 12.0
obstacle
0.0175406690687
472.0 141.0 28.0 12.0
obstacle
0.0171978678554
49.0 190.0 153.0 40.0
obstacle
0.0171894226223
302.0 29.0 37.0 10.0
obstacle
0.0171705521643
134.0 134.0 96.0 26.0
obstacle
0.0170998908579
433.0 213.0 67.0 24.0
obstacle
0.0170802157372
106.0 92.0 38.0 59.0
obstacle
0.0170773155987
326.0 118.0 20.0 32.0
obstacle
0.0169774536043
136.0 142.0 52.0 12.0
obstacle
0.0167477242649
142.0 6.0 79.0 27.0
obstacle
0.016737356782
62.0 178.0 48.0 15.0
obstacle
0.0167322773486
299.0 8.0 75.0 25.0
obstacle
0.0166620444506
484.0 224.0 14.0 24.0
obstacle
0.0166303478181
316.0 48.0 43.0 14.0
obstacle
0.0165969673544
90.0 66.0 185.0 113.0
obstacle
0.0165964905173
104.0 186.0 79.0 26.0
obstacle
0.0165282357484
154.0 144.0 17.0 31.0
obstacle
0.0162962898612
85.0 142.0 40.0 11.0
obstacle
0.0162302609533
172.0 142.0 20.0 36.0
obstacle
0.0160556845367
306.0 138.0 21.0 43.0
obstacle
0.0159764774144
227.0 132.0 104.0 29.0
obstacle
0.0159188080579
451.0 107.0 41.0 81.0
obstacle
0.0158513374627
429.0 141.0 45.0 13.0
obstacle
0.0157579965889
270.0 144.0 17.0 31.0
obstacle
0.0157538671046
123.0 142.0 41.0 11.0
obstacle
0.0157287809998
139.0 124.0 50.0 98.0
obstacle
0.0156956538558
180.0 121.0 45.0 104.0
obstacle
0.0156420003623
239.0 110.0 79.0 26.0
obstacle
0.0155589981005
56.0 122.0 96.0 24.0
obstacle
0.0154863512143
236.0 117.0 47.0 10.0
obstacle
0.0153562081978
164.0 100.0 37.0 69.0
obstacle
0.0153437312692
267.0 122.0 61.0 102.0
obstacle
0.0152564756572
271.0 191.0 54.0 15.0
obstacle
0.0150448000059
472.0 108.0 28.0 79.0
obstacle
0.0150270778686
152.0 153.0 60.0 14.0
obstacle
0.0150208259001
0.0 91.0 31.0 87.0
obstacle
0.0149966515601
114.0 0.0 61.0 49.0
obstacle
0.0149301271886
196.0 204.0 50.0 14.0
obstacle
0.0148340165615
22.0 151.0 52.0 17.0
obstacle
0.0148293143138
445.0 140.0 52.0 14.0
obstacle
0.0147293284535
89.0 26.0 38.0 13.0
obstacle
0.014672672376
46.0 136.0 157.0 48.0
obstacle
0.0146691277623
157.0 152.0 51.0 93.0
obstacle
0.0145166153088
172.0 23.0 17.0 19.0
obstacle
0.0145145794377
141.0 15.0 44.0 11.0
obstacle
0.0144583610818
346.0 129.0 19.0 37.0
obstacle
0.0144562199712
336.0 49.0 38.0 13.0
obstacle
0.0143853193149
327.0 130.0 18.0 34.0
obstacle
0.0143676549196
328.0 25.0 19.0 20.0
obstacle
0.0143632581457
473.0 192.0 27.0 90.0
obstacle
0.0143324974924
156.0 130.0 53.0 9.0
obstacle
0.0143148917705
292.0 153.0 51.0 91.0
obstacle
0.0142496833578
213.0 117.0 54.0 11.0
obstacle
0.0142493592575
336.0 0.0 39.0 50.0
obstacle
0.0141971604899
470.0 230.0 30.0 12.0
