obstacle
0.90591609478
230.0 49.0 23.0 21.0
obstacle
0.598901093006
94.0 103.0 330.0 114.0
obstacle
0.589964866638
11.0 17.0 117.0 33.0
obstacle
0.524626076221
363.0 52.0 100.0 17.0
obstacle
0.441228896379
38.0 30.0 93.0 23.0
obstacle
0.379746884108
62.0 267.0 49.0 21.0
obstacle
0.348834723234
357.0 44.0 115.0 30.0
obstacle
0.34604626894
226.0 51.0 30.0 34.0
obstacle
0.334368646145
67.0 128.0 270.0 66.0
obstacle
0.325974792242
362.0 56.0 103.0 23.0
obstacle
0.296477407217
170.0 130.0 219.0 61.0
obstacle
0.272953957319
0.0 109.0 311.0 103.0
obstacle
0.20754288137
234.0 51.0 13.0 11.0
obstacle
0.204649373889
233.0 36.0 16.0 26.0
obstacle
0.191225469112
68.0 97.0 153.0 126.0
obstacle
0.1706174016
17.0 21.0 73.0 24.0
obstacle
0.147970452905
215.0 121.0 207.0 55.0
obstacle
0.14612197876
228.0 95.0 178.0 105.0
obstacle
0.143048793077
243.0 46.0 24.0 24.0
obstacle
0.133808672428
73.0 264.0 26.0 25.0
obstacle
0.127017244697
89.0 131.0 148.0 57.0
obstacle
0.121765695512
58.0 272.0 57.0 28.0
obstacle
0.118125900626
81.0 36.0 46.0 14.0
obstacle
0.114492587745
89.0 121.0 37.0 77.0
obstacle
0.109908632934
30.0 0.0 77.0 67.0
obstacle
0.106143139303
41.0 28.0 53.0 12.0
obstacle
0.105040840805
95.0 34.0 21.0 18.0
obstacle
0.102954044938
76.0 122.0 103.0 51.0
obstacle
0.102841570973
233.0 40.0 47.0 35.0
obstacle
0.101190529764
215.0 47.0 22.0 23.0
obstacle
0.100014410913
333.0 49.0 127.0 37.0
obstacle
0.0969587564468
220.0 28.0 40.0 37.0
obstacle
0.0967401713133
381.0 54.0 66.0 12.0
obstacle
0.0939781963825
47.0 270.0 44.0 13.0
obstacle
0.0915529057384
403.0 56.0 22.0 25.0
obstacle
0.09070789814
56.0 4.0 60.0 80.0
obstacle
0.0866383388638
314.0 133.0 44.0 79.0
obstacle
0.0863457992673
1.0 259.0 133.0 34.0
obstacle
0.0824904590845
220.0 140.0 154.0 38.0
obstacle
0.0812295824289
385.0 63.0 57.0 13.0
obstacle
0.080753788352
182.0 125.0 158.0 47.0
obstacle
0.0803951844573
193.0 150.0 18.0 24.0
obstacle
0.0798093900084
40.0 25.0 127.0 35.0
obstacle
0.0787522345781
27.0 143.0 234.0 60.0
obstacle
0.0777449086308
66.0 253.0 40.0 46.0
obstacle
0.0774294734001
200.0 44.0 47.0 28.0
obstacle
0.0745770484209
146.0 141.0 151.0 38.0
obstacle
0.0716943517327
59.0 265.0 20.0 23.0
obstacle
0.0716488733888
57.0 22.0 88.0 24.0
obstacle
0.0703655481339
0.0 0.0 144.0 94.0
obstacle
0.0696985423565
99.0 116.0 53.0 87.0
obstacle
0.0696539804339
82.0 269.0 45.0 14.0
obstacle
0.0679752230644
340.0 29.0 148.0 85.0
obstacle
0.0676966384053
132.0 85.0 368.0 174.0
obstacle
0.0670018047094
182.0 155.0 40.0 12.0
obstacle
0.0647645071149
127.0 125.0 151.0 46.0
obstacle
0.0644588321447
245.0 32.0 24.0 30.0
obstacle
0.0643494054675
372.0 63.0 45.0 11.0
obstacle
0.0628432482481
53.0 30.0 29.0 25.0
obstacle
0.0625683069229
55.0 37.0 63.0 14.0
obstacle
0.0623685754836
63.0 279.0 45.0 15.0
obstacle
0.0622544363141
210.0 149.0 20.0 24.0
obstacle
0.0619027540088
198.0 128.0 46.0 64.0
obstacle
0.0608762130141
63.0 28.0 47.0 12.0
obstacle
0.0593342781067
199.0 154.0 43.0 13.0
obstacle
0.0581863969564
115.0 120.0 59.0 80.0
obstacle
0.0575372874737
13.0 29.0 77.0 26.0
obstacle
0.0571855157614
385.0 57.0 18.0 23.0
obstacle
0.0560190603137
37.0 36.0 62.0 16.0
obstacle
0.0558229461312
270.0 133.0 91.0 27.0
obstacle
0.0548588447273
75.0 31.0 26.0 24.0
obstacle
0.0541088245809
408.0 53.0 49.0 14.0
obstacle
0.0536029972136
215.0 53.0 18.0 30.0
obstacle
0.0535268262029
390.0 191.0 46.0 15.0
obstacle
0.052774861455
241.0 114.0 37.0 67.0
obstacle
0.0525342561305
384.0 30.0 59.0 79.0
obstacle
0.0506164729595
178.0 146.0 83.0 29.0
obstacle
0.0502327829599
54.0 18.0 28.0 27.0
obstacle
0.0502151399851
295.0 110.0 44.0 76.0
obstacle
0.0501958578825
43.0 280.0 49.0 15.0
obstacle
0.0500075817108
192.0 159.0 19.0 27.0
obstacle
0.0499395616353
313.0 112.0 45.0 70.0
obstacle
0.0494434460998
358.0 186.0 74.0 24.0
obstacle
0.0492243207991
181.0 132.0 41.0 56.0
obstacle
0.0482657887042
207.0 48.0 34.0 43.0
obstacle
0.0474841296673
214.0 35.0 18.0 23.0
obstacle
0.0471938699484
182.0 3.0 115.0 113.0
obstacle
0.0466096252203
406.0 49.0 84.0 20.0
obstacle
0.0455255806446
84.0 90.0 43.0 65.0
obstacle
0.0446502715349
259.0 123.0 40.0 74.0
obstacle
0.0446018539369
276.0 124.0 44.0 71.0
obstacle
0.0444082021713
444.0 61.0 14.0 16.0
obstacle
0.0442840531468
360.0 53.0 34.0 11.0
obstacle
0.0437837876379
93.0 263.0 21.0 26.0
obstacle
0.0431656166911
227.0 39.0 26.0 12.0
obstacle
0.0431443303823
222.0 113.0 151.0 46.0
obstacle
0.0431228838861
288.0 148.0 19.0 23.0
obstacle
0.0427698418498
408.0 63.0 48.0 11.0
obstacle
0.0423693954945
74.0 273.0 23.0 28.0
obstacle
0.0423315428197
7.0 265.0 84.0 24.0
obstacle
0.0414092317224
179.0 142.0 47.0 11.0
obstacle
0.0411363393068
270.0 148.0 18.0 24.0
obstacle
0.0409394837916
346.0 48.0 66.0 23.0
obstacle
0.0403815470636
198.0 142.0 46.0 12.0
obstacle
0.0395645312965
135.0 122.0 55.0 76.0
obstacle
0.0388748943806
220.0 116.0 41.0 63.0
obstacle
0.038129363209
424.0 59.0 20.0 19.0
obstacle
0.0380874536932
236.0 143.0 48.0 10.0
obstacle
0.0380560718477
25.0 26.0 49.0 13.0
obstacle
0.0377038903534
308.0 135.0 19.0 25.0
obstacle
0.0376026295125
255.0 154.0 47.0 11.0
obstacle
0.0367970913649
82.0 27.0 43.0 13.0
obstacle
0.0364558845758
223.0 46.0 35.0 71.0
obstacle
0.0362151376903
103.0 38.0 41.0 11.0
obstacle
0.0358991697431
45.0 245.0 47.0 61.0
obstacle
0.0354021415114
74.0 22.0 24.0 20.0
obstacle
0.0352747216821
242.0 51.0 29.0 13.0
obstacle
0.0349308848381
433.0 63.0 34.0 10.0
obstacle
0.0349285565317
161.0 130.0 42.0 60.0
obstacle
0.0347593165934
96.0 23.0 19.0 20.0
obstacle
0.0347224697471
58.0 274.0 20.0 27.0
obstacle
0.0346013382077
30.0 268.0 114.0 38.0
obstacle
0.0344279818237
403.0 59.0 90.0 19.0
obstacle
0.0343307517469
270.0 155.0 53.0 10.0
obstacle
0.0342857316136
82.0 149.0 128.0 46.0
obstacle
0.0336747020483
96.0 138.0 20.0 43.0
obstacle
0.0336141474545
33.0 138.0 150.0 43.0
obstacle
0.033384911716
289.0 141.0 55.0 12.0
obstacle
0.0333352610469
395.0 186.0 74.0 25.0
obstacle
0.0330638922751
236.0 154.0 46.0 12.0
obstacle
0.0329503193498
66.0 262.0 40.0 71.0
obstacle
0.0324833542109
195.0 134.0 16.0 29.0
obstacle
0.0324482060969
112.0 149.0 180.0 46.0
obstacle
0.0324171297252
56.0 11.0 136.0 43.0
obstacle
0.0324125215411
403.0 184.0 21.0 28.0
obstacle
0.0321711972356
96.0 131.0 19.0 33.0
obstacle
0.0320662371814
213.0 147.0 90.0 26.0
obstacle
0.0320621281862
165.0 136.0 71.0 25.0
obstacle
0.0320498794317
217.0 155.0 46.0 12.0
obstacle
0.031900074333
326.0 133.0 19.0 29.0
obstacle
0.0318024791777
258.0 143.0 43.0 9.0
obstacle
0.0317829102278
267.0 127.0 137.0 41.0
obstacle
0.0315192043781
102.0 163.0 124.0 43.0
obstacle
0.03117688559
58.0 153.0 288.0 65.0
obstacle
0.0306363403797
85.0 140.0 44.0 14.0
obstacle
0.0305842831731
20.0 4.0 58.0 81.0
obstacle
0.0305215027183
369.0 49.0 15.0 20.0
obstacle
0.0303949471563
248.0 145.0 97.0 28.0
obstacle
0.0302432924509
270.0 142.0 56.0 11.0
obstacle
0.0298948027194
0.0 205.0 262.0 128.0
obstacle
0.0296449903399
0.0 18.0 196.0 54.0
obstacle
0.029560662806
50.0 257.0 149.0 37.0
obstacle
0.0294260624796
78.0 263.0 92.0 24.0
obstacle
0.0293827746063
231.0 150.0 19.0 22.0
obstacle
0.0292868278921
403.0 47.0 22.0 22.0
obstacle
0.029109954834
354.0 26.0 122.0 41.0
obstacle
0.0290705375373
214.0 136.0 15.0 26.0
obstacle
0.0282973255962
50.0 110.0 117.0 50.0
obstacle
0.0282128974795
250.0 148.0 19.0 24.0
obstacle
0.0281796716154
241.0 39.0 35.0 12.0
obstacle
0.0276449974626
204.0 38.0 149.0 39.0
obstacle
0.0275628399104
327.0 154.0 19.0 36.0
obstacle
0.0275368262082
141.0 98.0 313.0 75.0
obstacle
0.027428528294
173.0 149.0 18.0 24.0
obstacle
0.027420822531
310.0 39.0 136.0 38.0
obstacle
0.0270841158926
199.0 19.0 45.0 53.0
obstacle
0.0270755775273
227.0 60.0 27.0 13.0
obstacle
0.026867588982
371.0 33.0 48.0 74.0
obstacle
0.0268643535674
50.0 286.0 72.0 28.0
obstacle
0.0268526095897
86.0 12.0 37.0 64.0
obstacle
0.0268358457834
39.0 27.0 17.0 33.0
obstacle
0.0264745149761
367.0 57.0 16.0 23.0
obstacle
0.0263595059514
210.0 158.0 19.0 28.0
obstacle
0.0263364985585
278.0 105.0 40.0 61.0
obstacle
0.0260214265436
289.0 135.0 20.0 25.0
obstacle
0.0258532129228
250.0 56.0 13.0 22.0
obstacle
0.025811649859
310.0 141.0 52.0 12.0
obstacle
0.0257776789367
216.0 143.0 49.0 10.0
obstacle
0.0256988499314
388.0 39.0 112.0 38.0
obstacle
0.0256246253848
394.0 162.0 39.0 74.0
obstacle
0.0256210677326
206.0 39.0 33.0 11.0
obstacle
0.0254993923008
370.0 35.0 86.0 25.0
obstacle
0.0254842042923
276.0 124.0 77.0 24.0
obstacle
0.0254138093442
252.0 136.0 17.0 25.0
obstacle
0.0253293421119
366.0 68.0 95.0 27.0
obstacle
0.0250598490238
41.0 43.0 91.0 25.0
obstacle
0.0249868147075
216.0 135.0 85.0 27.0
obstacle
0.0247773211449
328.0 144.0 15.0 33.0
obstacle
0.024479676038
160.0 155.0 44.0 11.0
obstacle
0.0244697928429
349.0 178.0 130.0 39.0
obstacle
0.0243210177869
271.0 137.0 17.0 22.0
obstacle
0.0242752227932
90.0 95.0 69.0 78.0
obstacle
0.0242548044771
2.0 0.0 135.0 45.0
obstacle
0.023989059031
106.0 160.0 113.0 26.0
obstacle
0.0238227434456
7.0 239.0 159.0 94.0
obstacle
0.023675641045
442.0 47.0 19.0 25.0
obstacle
0.0236744713038
72.0 134.0 69.0 26.0
obstacle
0.0235940571874
384.0 47.0 20.0 23.0
obstacle
0.0234810840338
116.0 35.0 12.0 19.0
obstacle
0.0233560148627
0.0 126.0 344.0 144.0
obstacle
0.0233377758414
195.0 33.0 56.0 25.0
obstacle
0.0232305116951
76.0 33.0 91.0 22.0
obstacle
0.023129593581
82.0 280.0 45.0 15.0
obstacle
0.023068010807
177.0 137.0 13.0 22.0
obstacle
0.023024847731
28.0 9.0 81.0 27.0
obstacle
0.0230181962252
23.0 36.0 52.0 15.0
obstacle
0.0229838788509
430.0 53.0 40.0 12.0
obstacle
0.0229173228145
102.0 171.0 85.0 29.0
obstacle
0.0225606132299
339.0 58.0 79.0 21.0
obstacle
0.0223588310182
153.0 146.0 20.0 29.0
obstacle
0.0220767725259
274.0 129.0 50.0 12.0
obstacle
0.0219723042101
6.0 273.0 87.0 29.0
obstacle
0.0218390487134
366.0 191.0 56.0 14.0
obstacle
0.0217887591571
27.0 117.0 234.0 64.0
obstacle
0.0216983966529
95.0 102.0 19.0 39.0
obstacle
0.0215215757489
201.0 29.0 156.0 32.0
obstacle
0.021470554173
206.0 51.0 34.0 11.0
obstacle
0.0212921854109
223.0 31.0 66.0 29.0
obstacle
0.0211153738201
268.0 42.0 18.0 32.0
obstacle
0.0210668090731
300.0 172.0 73.0 27.0
obstacle
0.0209041945636
193.0 155.0 288.0 61.0
obstacle
0.0208886265755
0.0 246.0 248.0 60.0
obstacle
0.0206786282361
231.0 59.0 19.0 43.0
obstacle
0.0205051973462
181.0 167.0 42.0 10.0
obstacle
0.0204691402614
81.0 245.0 46.0 61.0
obstacle
0.0204591210932
95.0 132.0 95.0 31.0
obstacle
0.0203347839415
157.0 158.0 87.0 27.0
obstacle
0.0202111322433
358.0 62.0 37.0 13.0
obstacle
0.020119227469
266.0 168.0 234.0 61.0
obstacle
0.0201136507094
24.0 31.0 124.0 48.0
obstacle
0.0199061390013
83.0 151.0 47.0 16.0
obstacle
0.019884839654
174.0 159.0 17.0 29.0
obstacle
0.0196254439652
422.0 49.0 23.0 19.0
obstacle
0.0195849388838
21.0 81.0 169.0 108.0
obstacle
0.0194713063538
233.0 134.0 15.0 29.0
obstacle
0.0192011110485
129.0 147.0 103.0 28.0
obstacle
0.0190653447062
84.0 275.0 80.0 26.0
obstacle
0.01896610111
407.0 30.0 50.0 79.0
obstacle
0.0188381168991
23.0 268.0 50.0 16.0
obstacle
0.0187928602099
273.0 164.0 127.0 43.0
obstacle
0.0187028907239
46.0 259.0 42.0 74.0
obstacle
0.018690707162
332.0 124.0 45.0 71.0
obstacle
0.0186376888305
165.0 143.0 37.0 10.0
obstacle
0.0185589268804
94.0 273.0 20.0 27.0
obstacle
0.0184776037931
403.0 66.0 20.0 31.0
obstacle
0.018110467121
102.0 25.0 43.0 14.0
obstacle
0.0179479885846
81.0 143.0 89.0 32.0
obstacle
0.0179374124855
71.0 95.0 33.0 79.0
obstacle
0.0177791845053
408.0 191.0 50.0 15.0
obstacle
0.0177285019308
79.0 272.0 15.0 8.0
obstacle
0.0176596082747
75.0 281.0 20.0 39.0
obstacle
0.0173607934266
291.0 123.0 16.0 27.0
obstacle
0.017316121608
198.0 53.0 52.0 29.0
obstacle
0.017301376909
102.0 141.0 48.0 13.0
obstacle
0.0172507259995
115.0 21.0 19.0 24.0
obstacle
0.0171500239521
137.0 155.0 49.0 12.0
obstacle
0.017065487802
101.0 122.0 163.0 127.0
obstacle
0.0170200131834
318.0 145.0 182.0 108.0
obstacle
0.016744852066
484.0 57.0 15.0 26.0
obstacle
0.0167447291315
295.0 130.0 46.0 11.0
obstacle
0.0167330391705
134.0 142.0 19.0 37.0
obstacle
0.0166330710053
37.0 20.0 21.0 25.0
obstacle
0.0163606870919
108.0 114.0 148.0 42.0
obstacle
0.0162697266787
325.0 167.0 21.0 36.0
obstacle
0.0162503533065
355.0 173.0 78.0 28.0
obstacle
0.0162304975092
142.0 141.0 41.0 13.0
obstacle
0.0162058845162
225.0 44.0 103.0 27.0
obstacle
0.0160649884492
391.0 52.0 109.0 36.0
obstacle
0.0159264933318
265.0 28.0 235.0 62.0
obstacle
0.0159031786025
191.0 42.0 25.0 32.0
obstacle
0.0158982072026
420.0 172.0 64.0 27.0
obstacle
0.0158874243498
451.0 59.0 49.0 24.0
obstacle
0.0158523228019
98.0 152.0 54.0 15.0
obstacle
0.015794435516
451.0 64.0 40.0 12.0
obstacle
0.0157745890319
101.0 268.0 48.0 15.0
obstacle
0.0156404189765
114.0 142.0 19.0 35.0
obstacle
0.015418372117
106.0 0.0 346.0 116.0
obstacle
0.0152499452233
361.0 59.0 139.0 46.0
obstacle
0.0152075961232
328.0 126.0 15.0 21.0
obstacle
0.015155415982
68.0 118.0 40.0 83.0
obstacle
0.0151259563863
471.0 24.0 29.0 93.0
obstacle
0.0149482674897
181.0 147.0 42.0 77.0
obstacle
0.0149066234007
336.0 103.0 39.0 62.0
obstacle
0.0148794753477
75.0 42.0 20.0 28.0
obstacle
0.0147491358221
68.0 158.0 76.0 30.0
obstacle
0.0147380651906
298.0 133.0 41.0 106.0
obstacle
0.0147211058065
410.0 160.0 44.0 77.0
obstacle
0.0145960748196
62.0 293.0 48.0 16.0
obstacle
0.0145727619529
96.0 116.0 18.0 36.0
obstacle
0.014561095275
14.0 277.0 145.0 46.0
obstacle
0.0145223159343
53.0 252.0 66.0 25.0
obstacle
0.0143830804154
449.0 50.0 42.0 16.0
obstacle
0.0143523551524
96.0 155.0 20.0 35.0
obstacle
0.0142974453047
159.0 166.0 48.0 13.0
obstacle
0.0142739256844
0.0 0.0 241.0 124.0
obstacle
0.0142284696922
140.0 51.0 127.0 38.0
obstacle
0.0141276018694
268.0 31.0 21.0 29.0
obstacle
0.0140324607491
308.0 146.0 17.0 28.0
obstacle
0.0139171639457
162.0 74.0 193.0 122.0
obstacle
0.0137560898438
3.0 269.0 53.0 15.0
