obstacle
0.674714446068
268.0 152.0 66.0 22.0
obstacle
0.667834758759
145.0 184.0 118.0 54.0
obstacle
0.637129426003
21.0 122.0 55.0 27.0
obstacle
0.562238156796
190.0 111.0 62.0 20.0
obstacle
0.444092810154
247.0 160.0 18.0 21.0
obstacle
0.415457159281
129.0 167.0 148.0 90.0
obstacle
0.350254356861
236.0 160.0 19.0 22.0
obstacle
0.347654879093
275.0 157.0 48.0 11.0
obstacle
0.334993392229
233.0 151.0 21.0 24.0
obstacle
0.297175258398
28.0 131.0 40.0 11.0
obstacle
0.264192253351
0.0 117.0 107.0 36.0
obstacle
0.233868226409
113.0 174.0 143.0 51.0
obstacle
0.225959867239
246.0 152.0 21.0 23.0
obstacle
0.211377248168
277.0 158.0 75.0 22.0
obstacle
0.203679040074
5.0 132.0 56.0 25.0
obstacle
0.194616153836
133.0 105.0 139.0 33.0
obstacle
0.19167342782
262.0 147.0 108.0 28.0
obstacle
0.189669251442
23.0 114.0 51.0 21.0
obstacle
0.187088027596
169.0 197.0 99.0 28.0
obstacle
0.179463475943
184.0 116.0 39.0 12.0
obstacle
0.17476837337
25.0 137.0 44.0 15.0
obstacle
0.173536285758
145.0 128.0 36.0 11.0
obstacle
0.164587572217
226.0 152.0 33.0 39.0
obstacle
0.15807826817
243.0 164.0 30.0 12.0
obstacle
0.153500661254
52.0 118.0 29.0 9.0
obstacle
0.153417110443
291.0 157.0 50.0 11.0
obstacle
0.150581404567
237.0 146.0 42.0 53.0
obstacle
0.147256985307
103.0 115.0 160.0 36.0
obstacle
0.146538466215
131.0 121.0 66.0 26.0
obstacle
0.140448078513
154.0 208.0 94.0 28.0
obstacle
0.130820959806
39.0 126.0 18.0 16.0
obstacle
0.129243791103
219.0 139.0 44.0 43.0
obstacle
0.126149579883
227.0 155.0 29.0 11.0
obstacle
0.121312007308
241.0 147.0 115.0 46.0
obstacle
0.121088676155
161.0 179.0 81.0 88.0
obstacle
0.117844536901
12.0 130.0 38.0 12.0
obstacle
0.117574460804
218.0 115.0 42.0 13.0
obstacle
0.117509908974
38.0 110.0 90.0 25.0
obstacle
0.113514319062
277.0 164.0 41.0 13.0
obstacle
0.113214105368
49.0 128.0 34.0 12.0
obstacle
0.110491260886
155.0 122.0 16.0 23.0
obstacle
0.110119313002
21.0 133.0 84.0 23.0
obstacle
0.108375929296
146.0 111.0 79.0 24.0
obstacle
0.107835993171
164.0 119.0 77.0 26.0
obstacle
0.106615737081
25.0 109.0 46.0 51.0
obstacle
0.106541141868
154.0 172.0 59.0 78.0
obstacle
0.106220699847
239.0 148.0 85.0 28.0
obstacle
0.100743226707
157.0 111.0 12.0 24.0
obstacle
0.0999011397362
33.0 119.0 30.0 8.0
obstacle
0.0997813716531
150.0 117.0 28.0 11.0
obstacle
0.0989513620734
288.0 153.0 19.0 17.0
obstacle
0.0980248004198
187.0 100.0 69.0 24.0
obstacle
0.0943505316973
271.0 159.0 14.0 23.0
obstacle
0.0941910818219
125.0 186.0 78.0 26.0
obstacle
0.0934793800116
22.0 124.0 18.0 23.0
obstacle
0.0918102487922
316.0 155.0 39.0 13.0
obstacle
0.0916653499007
161.0 126.0 42.0 15.0
obstacle
0.0913381874561
153.0 184.0 97.0 29.0
obstacle
0.0901147499681
294.0 164.0 45.0 13.0
obstacle
0.0901051983237
97.0 197.0 212.0 54.0
obstacle
0.0866022109985
263.0 157.0 35.0 9.0
obstacle
0.0863981097937
226.0 166.0 32.0 11.0
obstacle
0.0860841274261
213.0 112.0 18.0 17.0
obstacle
0.0844612270594
16.0 102.0 139.0 40.0
obstacle
0.0842732638121
37.0 134.0 19.0 20.0
obstacle
0.0834096446633
247.0 155.0 24.0 11.0
obstacle
0.079373806715
175.0 204.0 53.0 17.0
obstacle
0.0768161416054
227.0 154.0 59.0 31.0
obstacle
0.0756464600563
60.0 115.0 10.0 15.0
obstacle
0.07544092834
196.0 112.0 14.0 19.0
obstacle
0.0751548111439
170.0 171.0 134.0 57.0
obstacle
0.0746968463063
288.0 158.0 19.0 25.0
obstacle
0.0746652260423
36.0 121.0 93.0 24.0
obstacle
0.0702172145247
161.0 140.0 159.0 117.0
obstacle
0.0688572749496
172.0 164.0 60.0 69.0
obstacle
0.0677665024996
6.0 140.0 49.0 13.0
obstacle
0.0668522492051
43.0 114.0 12.0 17.0
obstacle
0.0655035749078
3.0 126.0 126.0 37.0
obstacle
0.0639865919948
272.0 153.0 14.0 17.0
obstacle
0.0637640580535
186.0 190.0 31.0 42.0
obstacle
0.0625144317746
65.0 117.0 41.0 11.0
obstacle
0.0619513504207
306.0 160.0 21.0 20.0
obstacle
0.0612791180611
0.0 90.0 121.0 92.0
obstacle
0.0612760409713
215.0 170.0 48.0 57.0
obstacle
0.0607097968459
203.0 105.0 37.0 12.0
obstacle
0.0604192502797
18.0 106.0 290.0 58.0
obstacle
0.0586931481957
237.0 158.0 85.0 25.0
obstacle
0.0585362426937
65.0 127.0 42.0 12.0
obstacle
0.0585345029831
164.0 116.0 38.0 13.0
obstacle
0.0574898310006
58.0 124.0 15.0 18.0
obstacle
0.0573313906789
71.0 179.0 149.0 40.0
obstacle
0.056499928236
184.0 126.0 37.0 15.0
obstacle
0.0559416413307
272.0 142.0 52.0 60.0
obstacle
0.0558569990098
175.0 120.0 15.0 26.0
obstacle
0.0554947890341
226.0 130.0 145.0 87.0
obstacle
0.0546287931502
120.0 193.0 51.0 13.0
obstacle
0.0542501285672
280.0 151.0 110.0 39.0
obstacle
0.0542011074722
37.0 156.0 291.0 111.0
obstacle
0.0536591224372
146.0 193.0 79.0 35.0
obstacle
0.0534547008574
190.0 205.0 60.0 14.0
obstacle
0.0533642470837
0.0 122.0 48.0 26.0
obstacle
0.0527604706585
306.0 153.0 21.0 15.0
obstacle
0.0527105331421
140.0 167.0 129.0 41.0
obstacle
0.0525460354984
207.0 191.0 29.0 40.0
obstacle
0.0520266368985
143.0 101.0 39.0 66.0
obstacle
0.0516792833805
0.0 128.0 27.0 13.0
obstacle
0.0512651912868
263.0 165.0 33.0 12.0
obstacle
0.0501109585166
74.0 85.0 179.0 100.0
obstacle
0.0497391670942
326.0 152.0 18.0 17.0
obstacle
0.0485955663025
240.0 169.0 37.0 58.0
obstacle
0.0485899224877
193.0 119.0 18.0 28.0
obstacle
0.0485565401614
283.0 139.0 145.0 42.0
obstacle
0.0484332926571
314.0 165.0 43.0 13.0
obstacle
0.0484280660748
213.0 99.0 17.0 24.0
obstacle
0.0477761551738
5.0 117.0 50.0 60.0
obstacle
0.0476469099522
193.0 166.0 55.0 64.0
obstacle
0.047472499311
200.0 89.0 42.0 65.0
obstacle
0.0466337874532
230.0 111.0 16.0 19.0
obstacle
0.0458111688495
116.0 203.0 139.0 39.0
obstacle
0.0455694384873
122.0 129.0 46.0 12.0
obstacle
0.0449419356883
0.0 70.0 386.0 131.0
obstacle
0.0449407622218
195.0 184.0 83.0 30.0
obstacle
0.0429148487747
234.0 165.0 14.0 40.0
obstacle
0.0415051579475
138.0 192.0 52.0 14.0
obstacle
0.0411455668509
0.0 140.0 32.0 14.0
obstacle
0.041115321219
176.0 193.0 51.0 13.0
obstacle
0.0398310050368
133.0 215.0 139.0 40.0
obstacle
0.0391226522624
0.0 122.0 18.0 25.0
obstacle
0.0389890708029
133.0 184.0 24.0 31.0
obstacle
0.0386382378638
78.0 124.0 15.0 19.0
obstacle
0.0383574143052
14.0 118.0 31.0 8.0
obstacle
0.0378485098481
305.0 160.0 99.0 24.0
obstacle
0.0376178398728
177.0 89.0 50.0 64.0
obstacle
0.0374761112034
161.0 192.0 45.0 12.0
obstacle
0.0371347405016
116.0 164.0 248.0 73.0
obstacle
0.0361906141043
171.0 193.0 23.0 36.0
obstacle
0.0359928943217
47.0 140.0 39.0 12.0
obstacle
0.0356183797121
179.0 90.0 123.0 40.0
obstacle
0.0355806015432
20.0 134.0 20.0 23.0
obstacle
0.0355532579124
77.0 112.0 18.0 21.0
obstacle
0.035527870059
107.0 196.0 79.0 27.0
obstacle
0.0345564670861
218.0 104.0 43.0 12.0
obstacle
0.0344548709691
0.0 108.0 179.0 55.0
obstacle
0.0344191752374
24.0 113.0 11.0 19.0
obstacle
0.0332242399454
174.0 110.0 16.0 24.0
obstacle
0.0325900353491
0.0 104.0 95.0 39.0
obstacle
0.031644359231
58.0 134.0 15.0 21.0
obstacle
0.0314806848764
152.0 224.0 99.0 22.0
obstacle
0.0314419232309
273.0 137.0 84.0 27.0
obstacle
0.0309094395489
230.0 182.0 21.0 35.0
obstacle
0.0305547509342
0.0 132.0 17.0 29.0
obstacle
0.0300359595567
229.0 96.0 20.0 28.0
obstacle
0.0299250967801
139.0 77.0 165.0 91.0
obstacle
0.0298739951104
68.0 96.0 269.0 53.0
obstacle
0.0296813361347
305.0 147.0 98.0 27.0
obstacle
0.0295579880476
162.0 203.0 45.0 16.0
obstacle
0.0293505229056
100.0 124.0 128.0 46.0
obstacle
0.0288911983371
0.0 168.0 302.0 61.0
obstacle
0.0283941626549
151.0 175.0 65.0 26.0
obstacle
0.0283776260912
124.0 159.0 43.0 79.0
obstacle
0.0283481441438
254.0 142.0 48.0 60.0
obstacle
0.0283125657588
159.0 96.0 46.0 76.0
obstacle
0.0281379651278
15.0 99.0 68.0 24.0
obstacle
0.0281321015209
326.0 161.0 18.0 21.0
obstacle
0.0278621762991
231.0 133.0 17.0 32.0
obstacle
0.0274760890752
141.0 163.0 47.0 71.0
obstacle
0.0274592116475
190.0 104.0 138.0 114.0
obstacle
0.027206139639
213.0 120.0 16.0 26.0
obstacle
0.0266365632415
122.0 202.0 46.0 15.0
obstacle
0.0265075471252
0.0 85.0 203.0 125.0
obstacle
0.0264089740813
0.0 115.0 27.0 12.0
obstacle
0.0262939184904
264.0 127.0 144.0 43.0
obstacle
0.0262803081423
185.0 104.0 35.0 13.0
obstacle
0.0262801516801
209.0 203.0 23.0 40.0
obstacle
0.0262619368732
109.0 109.0 74.0 28.0
obstacle
0.026260226965
193.0 194.0 55.0 12.0
obstacle
0.0259800124913
123.0 130.0 81.0 32.0
obstacle
0.0257669892162
33.0 85.0 30.0 49.0
obstacle
0.0255304798484
173.0 183.0 20.0 31.0
obstacle
0.0253460910171
293.0 139.0 47.0 67.0
obstacle
0.0250377319753
251.0 137.0 17.0 25.0
obstacle
0.0250348839909
108.0 129.0 341.0 138.0
obstacle
0.0249947737902
176.0 148.0 132.0 48.0
obstacle
0.0248713456094
250.0 166.0 18.0 36.0
obstacle
0.0247197523713
136.0 145.0 247.0 57.0
obstacle
0.0246397834271
192.0 205.0 19.0 13.0
obstacle
0.0245164502412
133.0 193.0 22.0 34.0
obstacle
0.0243943501264
66.0 123.0 348.0 74.0
obstacle
0.0242635440081
0.0 107.0 51.0 29.0
obstacle
0.0242539122701
156.0 141.0 169.0 39.0
obstacle
0.0240503232926
269.0 163.0 19.0 42.0
obstacle
0.02392924577
137.0 121.0 16.0 26.0
obstacle
0.0237828828394
169.0 202.0 25.0 42.0
obstacle
0.0236864518374
180.0 102.0 159.0 39.0
obstacle
0.0235486682504
28.0 104.0 38.0 12.0
obstacle
0.0232437551022
192.0 99.0 21.0 23.0
obstacle
0.0229290574789
330.0 165.0 52.0 14.0
obstacle
0.022896302864
171.0 214.0 60.0 20.0
obstacle
0.0228764042258
0.0 113.0 34.0 69.0
obstacle
0.0227974653244
173.0 113.0 133.0 40.0
obstacle
0.022792223841
113.0 87.0 141.0 46.0
obstacle
0.0226787831634
219.0 76.0 42.0 67.0
obstacle
0.0226633045822
213.0 192.0 52.0 14.0
obstacle
0.0223227199167
123.0 115.0 44.0 14.0
obstacle
0.0220694430172
146.0 97.0 77.0 28.0
obstacle
0.0219803191721
48.0 89.0 36.0 66.0
obstacle
0.0219686422497
192.0 137.0 289.0 49.0
obstacle
0.0218225046992
154.0 130.0 18.0 32.0
obstacle
0.021818485111
189.0 183.0 24.0 30.0
obstacle
0.0217562448233
188.0 216.0 64.0 17.0
obstacle
0.021440776065
250.0 183.0 19.0 32.0
obstacle
0.0214240457863
0.0 143.0 63.0 30.0
obstacle
0.021236538887
234.0 115.0 49.0 14.0
obstacle
0.0211712289602
232.0 119.0 15.0 29.0
obstacle
0.021051293239
211.0 182.0 22.0 34.0
obstacle
0.0202146656811
85.0 127.0 41.0 13.0
obstacle
0.0200887639076
126.0 98.0 38.0 73.0
obstacle
0.0200176872313
162.0 103.0 41.0 14.0
obstacle
0.019980141893
209.0 131.0 24.0 33.0
obstacle
0.0198070015758
184.0 210.0 108.0 25.0
obstacle
0.0197955593467
192.0 119.0 91.0 27.0
obstacle
0.019719125703
14.0 104.0 30.0 11.0
obstacle
0.0196067206562
199.0 125.0 45.0 15.0
obstacle
0.0194308888167
28.0 60.0 41.0 72.0
obstacle
0.0193659886718
14.0 92.0 31.0 59.0
obstacle
0.0192299056798
212.0 148.0 21.0 26.0
obstacle
0.0191419608891
240.0 142.0 39.0 11.0
obstacle
0.0190990865231
203.0 109.0 110.0 24.0
obstacle
0.0189043134451
151.0 185.0 24.0 27.0
obstacle
0.0189031846821
158.0 181.0 52.0 12.0
obstacle
0.01868124865
217.0 140.0 48.0 14.0
obstacle
0.0184907335788
39.0 98.0 16.0 25.0
obstacle
0.018351200968
26.0 115.0 42.0 88.0
obstacle
0.0182714145631
155.0 130.0 16.0 9.0
obstacle
0.0182595402002
275.0 170.0 83.0 29.0
obstacle
0.0180656109005
256.0 168.0 45.0 60.0
obstacle
0.0178949479014
1.0 109.0 15.0 25.0
obstacle
0.0175941567868
0.0 88.0 135.0 46.0
obstacle
0.0175198446959
190.0 130.0 22.0 33.0
obstacle
0.017503477633
129.0 128.0 145.0 37.0
obstacle
0.0171483140439
228.0 194.0 23.0 35.0
obstacle
0.0171167198569
183.0 145.0 80.0 31.0
obstacle
0.0170022603124
47.0 115.0 157.0 39.0
obstacle
0.0169009175152
22.0 99.0 15.0 22.0
obstacle
0.0165611878037
63.0 139.0 48.0 14.0
obstacle
0.016505677253
28.0 94.0 76.0 32.0
obstacle
0.0164792854339
13.0 50.0 33.0 93.0
obstacle
0.0162915010005
158.0 133.0 88.0 27.0
obstacle
0.0162423979491
202.0 133.0 75.0 29.0
obstacle
0.0162243563682
141.0 140.0 46.0 13.0
obstacle
0.0161758195609
83.0 115.0 44.0 14.0
obstacle
0.0161603260785
213.0 177.0 51.0 93.0
obstacle
0.0161081831902
146.0 180.0 151.0 114.0
obstacle
0.015905207023
96.0 120.0 20.0 29.0
obstacle
0.0158892665058
48.0 55.0 40.0 82.0
obstacle
0.0158493071795
173.0 130.0 19.0 32.0
obstacle
0.0158391352743
182.0 108.0 40.0 79.0
obstacle
0.0157253872603
217.0 127.0 45.0 13.0
obstacle
0.0153102660552
238.0 70.0 44.0 77.0
obstacle
0.0150880822912
344.0 158.0 23.0 30.0
obstacle
0.0149300610647
78.0 133.0 16.0 26.0
obstacle
0.0147574367002
77.0 121.0 97.0 27.0
obstacle
0.0147131923586
248.0 91.0 22.0 37.0
obstacle
0.0146291684359
114.0 75.0 291.0 68.0
obstacle
0.0144685385749
156.0 139.0 54.0 15.0
obstacle
0.0144121823832
331.0 153.0 49.0 15.0
obstacle
0.0143745541573
172.0 97.0 21.0 26.0
obstacle
0.0143204061314
64.0 84.0 43.0 76.0
obstacle
0.0142972059548
0.0 51.0 255.0 117.0
obstacle
0.014239769429
72.0 56.0 375.0 106.0
obstacle
0.0141840064898
58.0 96.0 17.0 29.0
obstacle
0.0141559252515
25.0 147.0 81.0 25.0
obstacle
0.0141273448244
256.0 159.0 122.0 51.0
obstacle
0.014079939574
249.0 195.0 20.0 32.0
obstacle
0.0139915449545
143.0 73.0 43.0 72.0
obstacle
0.0138170290738
43.0 104.0 48.0 11.0
obstacle
0.0136033119634
233.0 101.0 52.0 17.0
obstacle
0.0132116572931
250.0 109.0 17.0 25.0
obstacle
0.0131405023858
281.0 144.0 37.0 11.0
obstacle
0.0130827249959
202.0 154.0 42.0 13.0
obstacle
0.0130289774388
201.0 60.0 42.0 73.0
obstacle
0.0130263539031
137.0 109.0 15.0 26.0
obstacle
0.0129002509639
202.0 110.0 39.0 74.0
obstacle
0.0127813508734
197.0 139.0 50.0 16.0
obstacle
0.0126991076395
346.0 146.0 21.0 28.0
obstacle
0.0126221338287
174.0 138.0 56.0 17.0
obstacle
0.0125821782276
290.0 137.0 17.0 26.0
obstacle
0.0124424258247
275.0 121.0 47.0 54.0
obstacle
0.0124022411183
208.0 204.0 62.0 14.0
obstacle
0.0123365195468
43.0 112.0 44.0 70.0
obstacle
0.0121052032337
184.0 159.0 80.0 28.0
obstacle
0.0120965065435
236.0 170.0 85.0 28.0
obstacle
0.0120845520869
96.0 108.0 19.0 29.0
obstacle
0.0120232841
232.0 192.0 51.0 15.0
obstacle
0.012019963935
130.0 190.0 260.0 69.0
obstacle
0.0119573362172
100.0 128.0 50.0 13.0
obstacle
0.0118509633467
175.0 172.0 18.0 30.0
obstacle
0.0117521760985
314.0 142.0 42.0 13.0
obstacle
0.0115981427953
177.0 103.0 319.0 116.0
obstacle
0.0115733416751
317.0 131.0 39.0 59.0
