obstacle
0.688146531582
221.0 90.0 80.0 17.0
obstacle
0.573011815548
70.0 126.0 340.0 97.0
obstacle
0.379583656788
64.0 153.0 238.0 65.0
obstacle
0.340678006411
231.0 93.0 59.0 10.0
obstacle
0.268556654453
255.0 92.0 45.0 10.0
obstacle
0.245827928185
223.0 94.0 74.0 23.0
obstacle
0.226003661752
153.0 141.0 252.0 64.0
obstacle
0.220664545894
198.0 85.0 124.0 23.0
obstacle
0.210573375225
18.0 75.0 58.0 20.0
obstacle
0.198408260942
28.0 88.0 39.0 12.0
obstacle
0.190241038799
29.0 79.0 36.0 12.0
obstacle
0.174545511603
2.0 84.0 60.0 21.0
obstacle
0.161836579442
0.0 136.0 315.0 99.0
obstacle
0.153015583754
107.0 163.0 152.0 43.0
obstacle
0.152656674385
40.0 84.0 15.0 20.0
obstacle
0.148440375924
142.0 107.0 351.0 131.0
obstacle
0.138858631253
220.0 93.0 44.0 11.0
obstacle
0.131624549627
38.0 162.0 137.0 47.0
obstacle
0.1193895787
223.0 100.0 36.0 12.0
obstacle
0.118757754564
38.0 75.0 18.0 20.0
obstacle
0.117616459727
8.0 88.0 45.0 13.0
obstacle
0.103361278772
103.0 123.0 43.0 74.0
obstacle
0.103038236499
9.0 140.0 232.0 67.0
obstacle
0.102858148515
167.0 151.0 148.0 44.0
obstacle
0.102484636009
232.0 98.0 16.0 18.0
obstacle
0.100019790232
7.0 78.0 45.0 12.0
obstacle
0.0994799509645
235.0 100.0 48.0 14.0
obstacle
0.0924569815397
177.0 138.0 164.0 46.0
obstacle
0.0883058160543
250.0 96.0 18.0 21.0
obstacle
0.0880588367581
80.0 151.0 168.0 45.0
obstacle
0.0879471004009
25.0 168.0 239.0 61.0
obstacle
0.0873206183314
275.0 153.0 124.0 39.0
obstacle
0.0850028544664
222.0 113.0 190.0 120.0
obstacle
0.0827339738607
236.0 141.0 161.0 40.0
obstacle
0.0736159831285
252.0 89.0 17.0 16.0
obstacle
0.0696902573109
198.0 131.0 123.0 36.0
obstacle
0.0689588859677
22.0 84.0 17.0 22.0
obstacle
0.0674829855561
176.0 87.0 132.0 39.0
obstacle
0.0659301653504
25.0 85.0 80.0 20.0
obstacle
0.0659268423915
187.0 68.0 145.0 82.0
obstacle
0.0650589317083
270.0 89.0 19.0 14.0
obstacle
0.0641688406467
37.0 102.0 176.0 143.0
obstacle
0.0631081238389
43.0 78.0 45.0 13.0
obstacle
0.0618495680392
28.0 179.0 120.0 36.0
obstacle
0.0588012859225
236.0 73.0 48.0 71.0
obstacle
0.0577911697328
238.0 138.0 43.0 68.0
obstacle
0.0560848303139
103.0 163.0 274.0 70.0
obstacle
0.0556146763265
220.0 138.0 41.0 69.0
obstacle
0.0548482686281
256.0 142.0 43.0 12.0
obstacle
0.0544577054679
308.0 156.0 19.0 33.0
obstacle
0.0542681403458
104.0 139.0 43.0 14.0
obstacle
0.0541702732444
0.0 74.0 96.0 42.0
obstacle
0.053098782897
124.0 135.0 41.0 76.0
obstacle
0.0527562052011
222.0 129.0 230.0 64.0
obstacle
0.0521348975599
218.0 137.0 84.0 24.0
obstacle
0.0520401448011
37.0 136.0 408.0 149.0
obstacle
0.0517941974103
60.0 141.0 53.0 89.0
obstacle
0.0517921485007
190.0 88.0 69.0 20.0
obstacle
0.0515716150403
44.0 145.0 47.0 107.0
obstacle
0.050264544785
279.0 91.0 34.0 10.0
obstacle
0.0501995570958
29.0 66.0 38.0 60.0
obstacle
0.0495538376272
233.0 90.0 16.0 15.0
obstacle
0.0478391349316
292.0 136.0 51.0 74.0
obstacle
0.047708209604
239.0 74.0 75.0 24.0
obstacle
0.0472876988351
22.0 74.0 18.0 20.0
obstacle
0.0468690618873
116.0 132.0 19.0 30.0
obstacle
0.0466084815562
258.0 134.0 42.0 77.0
obstacle
0.0465787313879
310.0 159.0 90.0 27.0
obstacle
0.046234831214
44.0 89.0 46.0 12.0
obstacle
0.0462039746344
270.0 96.0 17.0 22.0
obstacle
0.0457476042211
142.0 126.0 42.0 68.0
obstacle
0.0450101085007
63.0 125.0 125.0 46.0
obstacle
0.0444760210812
3.0 66.0 129.0 37.0
obstacle
0.0442043803632
251.0 85.0 84.0 22.0
obstacle
0.0434236936271
134.0 173.0 96.0 25.0
obstacle
0.0415084026754
81.0 134.0 127.0 53.0
obstacle
0.0412684492767
223.0 164.0 36.0 94.0
obstacle
0.0405994541943
189.0 96.0 70.0 23.0
obstacle
0.0402474179864
202.0 139.0 39.0 67.0
obstacle
0.0401453711092
84.0 179.0 159.0 36.0
obstacle
0.0395534262061
0.0 89.0 32.0 14.0
obstacle
0.0391055867076
256.0 101.0 43.0 11.0
obstacle
0.0388280004263
83.0 123.0 46.0 74.0
obstacle
0.0386312603951
0.0 40.0 126.0 114.0
obstacle
0.0384578853846
204.0 92.0 36.0 10.0
obstacle
0.0379953421652
0.0 16.0 235.0 136.0
obstacle
0.0379188023508
250.0 161.0 18.0 25.0
obstacle
0.0374735556543
203.0 102.0 38.0 11.0
obstacle
0.0374116301537
294.0 154.0 46.0 13.0
obstacle
0.0369011834264
38.0 171.0 97.0 30.0
obstacle
0.0366233550012
245.0 126.0 143.0 44.0
obstacle
0.0366001203656
188.0 165.0 144.0 39.0
obstacle
0.0365797020495
162.0 181.0 41.0 11.0
obstacle
0.0363241620362
310.0 129.0 53.0 88.0
obstacle
0.0363110676408
193.0 90.0 172.0 115.0
obstacle
0.0362477265298
273.0 129.0 51.0 88.0
obstacle
0.0361655019224
96.0 111.0 289.0 74.0
obstacle
0.0361544825137
326.0 155.0 20.0 36.0
obstacle
0.0360842011869
294.0 166.0 46.0 13.0
obstacle
0.0357876159251
11.0 76.0 150.0 38.0
obstacle
0.0357625186443
51.0 70.0 417.0 130.0
obstacle
0.0343122668564
250.0 105.0 19.0 32.0
obstacle
0.0340728163719
309.0 146.0 16.0 30.0
obstacle
0.0339908190072
7.0 61.0 46.0 70.0
obstacle
0.0333932712674
315.0 166.0 43.0 14.0
obstacle
0.0328865237534
164.0 127.0 37.0 66.0
obstacle
0.0324961096048
316.0 150.0 115.0 45.0
obstacle
0.0324021354318
111.0 143.0 181.0 112.0
obstacle
0.032050229609
0.0 77.0 31.0 13.0
obstacle
0.0315910875797
221.0 117.0 39.0 61.0
obstacle
0.0314957424998
333.0 106.0 46.0 83.0
obstacle
0.0314294248819
288.0 89.0 15.0 14.0
obstacle
0.0312738902867
31.0 163.0 36.0 96.0
obstacle
0.0311397016048
149.0 79.0 149.0 35.0
obstacle
0.0309987589717
93.0 134.0 64.0 25.0
obstacle
0.030951032415
260.0 115.0 36.0 65.0
obstacle
0.0306852944195
196.0 67.0 130.0 37.0
obstacle
0.030632449314
269.0 159.0 18.0 29.0
obstacle
0.0304582379758
1.0 83.0 16.0 26.0
obstacle
0.0302313603461
270.0 138.0 17.0 20.0
obstacle
0.0298534166068
28.0 149.0 120.0 51.0
obstacle
0.0297271870077
231.0 173.0 17.0 25.0
obstacle
0.0296741686761
220.0 75.0 42.0 68.0
obstacle
0.0295945741236
79.0 140.0 53.0 92.0
obstacle
0.0295594632626
232.0 162.0 17.0 24.0
obstacle
0.029348436743
173.0 173.0 19.0 26.0
obstacle
0.0293242298067
295.0 110.0 44.0 75.0
obstacle
0.0290790311992
268.0 105.0 19.0 32.0
obstacle
0.0290655586869
257.0 71.0 42.0 75.0
obstacle
0.029059804976
212.0 175.0 17.0 22.0
obstacle
0.0289317183197
138.0 145.0 51.0 81.0
obstacle
0.0289283338934
267.0 147.0 96.0 26.0
obstacle
0.0289250984788
200.0 181.0 41.0 10.0
obstacle
0.0288218408823
182.0 181.0 39.0 10.0
obstacle
0.0287554562092
159.0 145.0 47.0 80.0
obstacle
0.0285213813186
57.0 71.0 19.0 26.0
obstacle
0.0284988433123
343.0 114.0 62.0 117.0
obstacle
0.0280947163701
221.0 106.0 76.0 29.0
obstacle
0.0280501022935
58.0 84.0 16.0 21.0
obstacle
0.0278774220496
309.0 145.0 94.0 31.0
obstacle
0.0276300106198
217.0 142.0 49.0 11.0
obstacle
0.0276229474694
192.0 175.0 19.0 23.0
obstacle
0.0275628622621
226.0 80.0 141.0 32.0
obstacle
0.0273901578039
154.0 172.0 17.0 28.0
obstacle
0.0272306222469
183.0 145.0 38.0 80.0
obstacle
0.0268452893943
253.0 168.0 49.0 11.0
obstacle
0.0267964880913
61.0 88.0 51.0 15.0
obstacle
0.0267018359154
206.0 73.0 74.0 26.0
obstacle
0.026511805132
214.0 98.0 15.0 19.0
obstacle
0.0264488514513
174.0 99.0 134.0 43.0
obstacle
0.0261013507843
179.0 174.0 81.0 22.0
obstacle
0.0260708723217
217.0 180.0 46.0 11.0
obstacle
0.0260401945561
102.0 185.0 83.0 26.0
obstacle
0.0260381437838
288.0 158.0 20.0 31.0
obstacle
0.0259297788143
200.0 168.0 43.0 11.0
obstacle
0.0259277056903
328.0 125.0 55.0 96.0
obstacle
0.0258856005967
115.0 81.0 254.0 57.0
obstacle
0.025853857398
215.0 145.0 88.0 30.0
obstacle
0.0256291627884
218.0 168.0 44.0 11.0
obstacle
0.0255288090557
143.0 180.0 41.0 12.0
obstacle
0.0254262778908
0.0 71.0 54.0 26.0
obstacle
0.0253064520657
185.0 91.0 35.0 10.0
obstacle
0.0252482779324
249.0 172.0 19.0 27.0
obstacle
0.0251229908317
1.0 70.0 16.0 26.0
obstacle
0.0250413063914
256.0 80.0 44.0 10.0
obstacle
0.0249488670379
236.0 168.0 46.0 10.0
obstacle
0.024516357109
0.0 54.0 33.0 84.0
obstacle
0.0243319738656
277.0 167.0 120.0 35.0
obstacle
0.024197075516
99.0 144.0 51.0 83.0
obstacle
0.0239634737372
246.0 159.0 103.0 29.0
obstacle
0.0235335435718
231.0 104.0 18.0 34.0
obstacle
0.0230970494449
0.0 52.0 220.0 64.0
obstacle
0.0229882486165
236.0 154.0 48.0 88.0
obstacle
0.0228521693498
234.0 143.0 52.0 11.0
obstacle
0.0227350518107
13.0 95.0 69.0 25.0
obstacle
0.022208834067
196.0 161.0 85.0 23.0
obstacle
0.0221796259284
177.0 112.0 128.0 45.0
obstacle
0.0221111625433
271.0 148.0 14.0 26.0
obstacle
0.0216714832932
68.0 122.0 38.0 76.0
obstacle
0.0209811888635
58.0 178.0 17.0 40.0
obstacle
0.0209641736001
117.0 138.0 15.0 45.0
obstacle
0.0209507253021
95.0 100.0 174.0 121.0
obstacle
0.020905803889
214.0 164.0 15.0 21.0
obstacle
0.0208961423486
51.0 190.0 148.0 41.0
obstacle
0.0207639448345
263.0 82.0 187.0 131.0
obstacle
0.0207422021776
120.0 155.0 47.0 85.0
obstacle
0.0207187365741
74.0 160.0 101.0 26.0
obstacle
0.0204901099205
315.0 107.0 44.0 81.0
obstacle
0.0204640496522
137.0 186.0 91.0 24.0
obstacle
0.0203518811613
231.0 195.0 21.0 32.0
obstacle
0.0201933402568
183.0 127.0 37.0 66.0
obstacle
0.0201256498694
0.0 115.0 268.0 66.0
obstacle
0.0200311150402
234.0 133.0 15.0 31.0
obstacle
0.0199138559401
160.0 167.0 46.0 12.0
obstacle
0.0199045557529
29.0 41.0 38.0 60.0
obstacle
0.0198204126209
241.0 80.0 40.0 9.0
obstacle
0.0197655428201
126.0 137.0 154.0 49.0
obstacle
0.0197459124029
8.0 38.0 43.0 65.0
obstacle
0.0193335432559
77.0 81.0 20.0 30.0
obstacle
0.0193264223635
133.0 183.0 21.0 31.0
obstacle
0.0191717930138
217.0 155.0 47.0 11.0
obstacle
0.0191442202777
0.0 135.0 173.0 127.0
obstacle
0.0189925432205
251.0 171.0 93.0 28.0
obstacle
0.0188817065209
273.0 167.0 49.0 12.0
obstacle
0.0183744374663
118.0 110.0 50.0 76.0
obstacle
0.0182593446225
223.0 159.0 227.0 53.0
obstacle
0.0182444024831
234.0 155.0 49.0 10.0
obstacle
0.0181334204972
235.0 179.0 48.0 13.0
obstacle
0.0178818944842
98.0 172.0 92.0 27.0
obstacle
0.0178756546229
289.0 96.0 15.0 23.0
obstacle
0.0177413318306
256.0 155.0 44.0 10.0
obstacle
0.0175642259419
275.0 154.0 48.0 12.0
obstacle
0.0174891836941
311.0 133.0 90.0 30.0
obstacle
0.0174815878272
235.0 113.0 50.0 15.0
obstacle
0.017477389425
61.0 76.0 50.0 15.0
obstacle
0.0174719970673
214.0 173.0 88.0 24.0
obstacle
0.0173177365214
152.0 183.0 22.0 30.0
obstacle
0.0172931440175
214.0 114.0 53.0 15.0
obstacle
0.0172434821725
137.0 75.0 285.0 45.0
obstacle
0.0172164198011
191.0 184.0 20.0 28.0
obstacle
0.0171663854271
45.0 49.0 42.0 69.0
obstacle
0.0169969275594
254.0 114.0 50.0 15.0
obstacle
0.0169891901314
128.0 159.0 107.0 28.0
obstacle
0.016898104921
182.0 197.0 76.0 27.0
obstacle
0.0168654900044
171.0 184.0 21.0 29.0
obstacle
0.0168085899204
221.0 79.0 43.0 11.0
obstacle
0.0167098920792
162.0 128.0 193.0 142.0
obstacle
0.0166652947664
133.0 171.0 19.0 30.0
obstacle
0.0166124235839
151.0 122.0 142.0 51.0
obstacle
0.0166069809347
62.0 52.0 50.0 89.0
obstacle
0.016485279426
370.0 121.0 47.0 78.0
obstacle
0.0164592023939
113.0 45.0 295.0 129.0
obstacle
0.0163022633642
181.0 169.0 42.0 10.0
obstacle
0.0162251889706
235.0 95.0 50.0 79.0
obstacle
0.0159035976976
117.0 167.0 55.0 12.0
obstacle
0.015900220722
289.0 149.0 16.0 25.0
obstacle
0.0157542340457
271.0 74.0 16.0 23.0
obstacle
0.0156635623425
253.0 148.0 14.0 25.0
obstacle
0.0156348869205
39.0 93.0 17.0 29.0
obstacle
0.0155936013907
107.0 107.0 38.0 56.0
obstacle
0.015586135909
326.0 143.0 20.0 34.0
obstacle
0.0153075885028
114.0 154.0 20.0 39.0
obstacle
0.0151031110436
215.0 88.0 14.0 17.0
obstacle
0.0150809008628
234.0 146.0 15.0 28.0
obstacle
0.0150283873081
229.0 183.0 21.0 31.0
obstacle
0.0149890743196
194.0 85.0 17.0 22.0
obstacle
0.0148820448667
135.0 154.0 17.0 40.0
obstacle
0.014853307046
123.0 180.0 42.0 11.0
obstacle
0.0148254837841
312.0 124.0 125.0 47.0
obstacle
0.0146909039468
253.0 178.0 51.0 15.0
obstacle
0.0146707314998
139.0 167.0 49.0 13.0
obstacle
0.0146049689502
100.0 153.0 50.0 13.0
obstacle
0.0145763354376
82.0 198.0 85.0 26.0
obstacle
0.0144536811858
345.0 153.0 22.0 39.0
obstacle
0.0143649093807
139.0 192.0 48.0 13.0
obstacle
0.0143386041746
205.0 121.0 72.0 28.0
obstacle
0.0143141038716
0.0 59.0 68.0 25.0
obstacle
0.0141294207424
49.0 122.0 38.0 76.0
obstacle
0.0140404459089
76.0 68.0 20.0 30.0
obstacle
0.0140293436125
99.0 168.0 51.0 11.0
obstacle
0.0139172170311
154.0 140.0 18.0 43.0
obstacle
0.0138491140679
267.0 169.0 21.0 33.0
obstacle
0.0138476751745
291.0 141.0 52.0 14.0
obstacle
0.0137288784608
3.0 263.0 51.0 70.0
obstacle
0.0137239787728
315.0 154.0 43.0 12.0
obstacle
0.0136933065951
115.0 118.0 21.0 37.0
obstacle
0.0136310020462
343.0 142.0 23.0 37.0
obstacle
0.0135404914618
174.0 159.0 17.0 31.0
obstacle
0.0134751573205
38.0 54.0 19.0 36.0
obstacle
0.0134397754446
198.0 171.0 47.0 82.0
obstacle
0.0133898379281
329.0 140.0 54.0 15.0
obstacle
0.0133723132312
259.0 48.0 39.0 71.0
obstacle
0.01319317054
19.0 94.0 20.0 27.0
obstacle
0.0129713593051
4.0 184.0 49.0 107.0
obstacle
0.0129377478734
120.0 191.0 47.0 14.0
obstacle
0.0129349008203
23.0 66.0 49.0 12.0
obstacle
0.0129316812381
250.0 95.0 90.0 25.0
obstacle
0.0128544364125
344.0 128.0 22.0 40.0
obstacle
0.0127996951342
135.0 154.0 55.0 13.0
obstacle
0.0127984862775
273.0 94.0 49.0 80.0
obstacle
0.0127872666344
81.0 145.0 88.0 30.0
obstacle
0.0127672757953
112.0 181.0 24.0 35.0
obstacle
0.0127195259556
309.0 128.0 17.0 40.0
obstacle
0.0125818680972
310.0 168.0 16.0 10.0
obstacle
0.012389363721
200.0 91.0 44.0 87.0
obstacle
0.0123786944896
26.0 194.0 43.0 85.0
obstacle
0.0123612470925
219.0 204.0 43.0 15.0
obstacle
0.0122523745522
40.0 160.0 95.0 27.0
obstacle
0.0121704880148
159.0 192.0 47.0 13.0
obstacle
0.012151545845
24.0 101.0 47.0 13.0
obstacle
0.0121268043295
269.0 133.0 96.0 30.0
obstacle
0.0121013401076
45.0 190.0 44.0 15.0
obstacle
0.0120856687427
179.0 192.0 45.0 12.0
obstacle
0.0120127992705
329.0 165.0 54.0 17.0
obstacle
0.0119788553566
278.0 102.0 39.0 11.0
obstacle
0.0118943341076
176.0 175.0 167.0 46.0
obstacle
0.011827301234
43.0 79.0 11.0 9.0
obstacle
0.0116934254766
214.0 126.0 55.0 16.0
obstacle
0.0115893371403
197.0 155.0 49.0 11.0
obstacle
0.011583997868
231.0 115.0 18.0 38.0
