obstacle
0.686972916126
280.0 179.0 78.0 24.0
obstacle
0.652512252331
229.0 238.0 140.0 42.0
obstacle
0.447680085897
258.0 175.0 119.0 32.0
obstacle
0.287855356932
288.0 186.0 60.0 14.0
obstacle
0.203952550888
186.0 226.0 112.0 46.0
obstacle
0.186035618186
292.0 170.0 79.0 27.0
obstacle
0.167621195316
288.0 249.0 94.0 21.0
obstacle
0.152004688978
160.0 222.0 238.0 53.0
obstacle
0.131052732468
270.0 162.0 132.0 42.0
obstacle
0.129165738821
193.0 235.0 14.0 25.0
obstacle
0.125281602144
277.0 228.0 114.0 44.0
obstacle
0.122053809464
248.0 246.0 102.0 27.0
obstacle
0.118151903152
159.0 239.0 128.0 42.0
obstacle
0.111428648233
185.0 235.0 75.0 27.0
obstacle
0.103161282837
284.0 187.0 34.0 12.0
obstacle
0.101185917854
180.0 248.0 82.0 23.0
obstacle
0.100793607533
212.0 170.0 137.0 47.0
obstacle
0.0996825695038
306.0 183.0 21.0 20.0
obstacle
0.0964756309986
239.0 150.0 159.0 89.0
obstacle
0.0905266478658
211.0 247.0 98.0 25.0
obstacle
0.0895532816648
234.0 254.0 127.0 35.0
obstacle
0.0860296189785
326.0 183.0 22.0 18.0
obstacle
0.0811536237597
90.0 241.0 148.0 40.0
obstacle
0.0811203271151
290.0 159.0 55.0 69.0
obstacle
0.07859890908
189.0 221.0 27.0 78.0
obstacle
0.0774434953928
217.0 234.0 84.0 30.0
obstacle
0.0749237686396
211.0 245.0 17.0 28.0
obstacle
0.0714596807957
347.0 185.0 13.0 16.0
obstacle
0.0706161260605
292.0 184.0 14.0 17.0
obstacle
0.0693730637431
261.0 238.0 113.0 25.0
obstacle
0.0691914409399
267.0 187.0 26.0 12.0
obstacle
0.068177908659
303.0 177.0 32.0 10.0
obstacle
0.0681390538812
244.0 198.0 33.0 71.0
obstacle
0.0680527761579
108.0 223.0 151.0 50.0
obstacle
0.0651098191738
335.0 187.0 38.0 12.0
obstacle
0.0624511241913
202.0 253.0 40.0 13.0
obstacle
0.0619854815304
188.0 241.0 29.0 11.0
obstacle
0.060364164412
122.0 249.0 85.0 24.0
obstacle
0.0603598318994
198.0 242.0 48.0 12.0
obstacle
0.0602601207793
106.0 155.0 383.0 131.0
obstacle
0.0582131706178
234.0 190.0 17.0 32.0
obstacle
0.0544572211802
195.0 245.0 16.0 29.0
obstacle
0.0541344992816
234.0 186.0 18.0 19.0
obstacle
0.0537329986691
198.0 212.0 47.0 71.0
obstacle
0.05287206918
272.0 184.0 13.0 19.0
obstacle
0.0525797791779
211.0 234.0 20.0 28.0
obstacle
0.0518288575113
314.0 152.0 43.0 83.0
obstacle
0.0517968833447
290.0 192.0 17.0 28.0
obstacle
0.0517358481884
175.0 231.0 56.0 33.0
obstacle
0.0512029677629
273.0 168.0 57.0 30.0
obstacle
0.0501155480742
78.0 234.0 288.0 55.0
obstacle
0.0488920025527
259.0 199.0 39.0 69.0
obstacle
0.0485808961093
237.0 178.0 86.0 32.0
obstacle
0.0482100993395
299.0 242.0 109.0 35.0
obstacle
0.0468024499714
315.0 176.0 43.0 12.0
obstacle
0.0460758395493
138.0 146.0 281.0 71.0
obstacle
0.0460382737219
157.0 170.0 168.0 157.0
obstacle
0.0460218451917
260.0 254.0 39.0 12.0
obstacle
0.0448356494308
193.0 222.0 13.0 27.0
obstacle
0.0448128767312
267.0 176.0 26.0 9.0
obstacle
0.0443420596421
166.0 208.0 113.0 55.0
obstacle
0.0440990850329
264.0 189.0 70.0 34.0
obstacle
0.0431826375425
307.0 182.0 86.0 21.0
obstacle
0.042871825397
185.0 202.0 36.0 65.0
obstacle
0.0419695861638
227.0 188.0 29.0 13.0
obstacle
0.0415403731167
160.0 174.0 275.0 67.0
obstacle
0.0414806678891
118.0 213.0 322.0 97.0
obstacle
0.0412581674755
214.0 213.0 131.0 45.0
obstacle
0.0412479117513
157.0 246.0 243.0 55.0
obstacle
0.0410460419953
185.0 222.0 74.0 28.0
obstacle
0.0388337448239
186.0 228.0 33.0 12.0
obstacle
0.0383629128337
224.0 222.0 73.0 26.0
obstacle
0.0383191667497
245.0 166.0 72.0 32.0
obstacle
0.0381330698729
214.0 206.0 53.0 82.0
obstacle
0.0381162837148
219.0 241.0 43.0 14.0
obstacle
0.0376989208162
190.0 148.0 178.0 119.0
obstacle
0.0374787263572
224.0 178.0 34.0 84.0
obstacle
0.0362683944404
0.0 202.0 347.0 118.0
obstacle
0.0357938148081
253.0 218.0 15.0 33.0
obstacle
0.0357023142278
278.0 254.0 41.0 13.0
obstacle
0.035333968699
269.0 190.0 18.0 32.0
obstacle
0.03481201455
219.0 192.0 79.0 27.0
obstacle
0.0345850475132
248.0 179.0 138.0 51.0
obstacle
0.0345443561673
269.0 248.0 17.0 24.0
obstacle
0.0343480333686
224.0 200.0 35.0 13.0
obstacle
0.0343228839338
240.0 199.0 36.0 14.0
obstacle
0.0343212857842
93.0 108.0 334.0 146.0
obstacle
0.0337285473943
272.0 172.0 13.0 20.0
obstacle
0.0334379300475
22.0 216.0 283.0 65.0
obstacle
0.0333348065615
137.0 253.0 54.0 17.0
obstacle
0.0332146659493
276.0 199.0 44.0 14.0
obstacle
0.0330675542355
313.0 238.0 80.0 23.0
obstacle
0.0327717959881
236.0 255.0 48.0 10.0
obstacle
0.0325124748051
142.0 215.0 44.0 91.0
obstacle
0.0314979329705
218.0 260.0 84.0 26.0
obstacle
0.0313562937081
242.0 188.0 33.0 12.0
obstacle
0.0312164872885
234.0 228.0 52.0 13.0
obstacle
0.0307784993201
251.0 184.0 15.0 22.0
obstacle
0.0307593997568
267.0 261.0 102.0 22.0
obstacle
0.0304633174092
231.0 233.0 19.0 29.0
obstacle
0.0304276067764
284.0 250.0 101.0 43.0
obstacle
0.0299354046583
151.0 242.0 25.0 38.0
obstacle
0.0294379480183
310.0 172.0 16.0 19.0
obstacle
0.0290563385934
250.0 232.0 18.0 32.0
obstacle
0.0288354661316
236.0 242.0 45.0 11.0
obstacle
0.0279269870371
213.0 182.0 56.0 28.0
obstacle
0.0278672482818
149.0 229.0 69.0 38.0
obstacle
0.0278157796711
186.0 186.0 150.0 41.0
obstacle
0.027768291533
309.0 191.0 16.0 30.0
obstacle
0.0271391645074
165.0 213.0 36.0 68.0
obstacle
0.0270674154162
271.0 180.0 54.0 81.0
obstacle
0.027010159567
253.0 227.0 50.0 14.0
obstacle
0.0270004104823
250.0 193.0 14.0 27.0
obstacle
0.02684051916
328.0 171.0 19.0 21.0
obstacle
0.0268315598369
294.0 192.0 82.0 26.0
obstacle
0.0264349766076
229.0 195.0 139.0 50.0
obstacle
0.0264157485217
289.0 177.0 22.0 9.0
obstacle
0.0263505894691
291.0 254.0 52.0 13.0
obstacle
0.0258650090545
184.0 254.0 37.0 12.0
obstacle
0.0258325226605
240.0 174.0 40.0 12.0
obstacle
0.0253554582596
177.0 233.0 16.0 28.0
obstacle
0.0248749628663
197.0 228.0 50.0 13.0
obstacle
0.0245220437646
113.0 195.0 178.0 107.0
obstacle
0.0239114202559
289.0 248.0 17.0 25.0
obstacle
0.0238208509982
259.0 164.0 40.0 87.0
obstacle
0.0236893016845
366.0 250.0 15.0 22.0
obstacle
0.0234682690352
255.0 242.0 46.0 11.0
obstacle
0.0233373753726
258.0 148.0 156.0 42.0
obstacle
0.0229490995407
191.0 147.0 177.0 43.0
obstacle
0.0229468084872
249.0 246.0 20.0 28.0
obstacle
0.0227557290345
332.0 253.0 47.0 14.0
obstacle
0.0225389488041
163.0 241.0 40.0 13.0
obstacle
0.0220287460834
235.0 215.0 50.0 91.0
obstacle
0.0218199770898
72.0 201.0 298.0 69.0
obstacle
0.0216777771711
203.0 229.0 37.0 90.0
obstacle
0.021670665592
327.0 192.0 17.0 28.0
obstacle
0.0212506521493
257.0 199.0 43.0 15.0
obstacle
0.0210102684796
78.0 253.0 171.0 40.0
obstacle
0.0208862740546
292.0 179.0 51.0 83.0
obstacle
0.0208426006138
270.0 216.0 15.0 37.0
obstacle
0.0205755382776
221.0 102.0 279.0 131.0
obstacle
0.0202108956873
140.0 240.0 48.0 15.0
obstacle
0.019638562575
254.0 213.0 49.0 95.0
obstacle
0.0195055436343
153.0 230.0 21.0 36.0
obstacle
0.0194200668484
201.0 174.0 43.0 95.0
obstacle
0.0193475168198
192.0 255.0 19.0 36.0
obstacle
0.0192940291017
235.0 159.0 47.0 72.0
obstacle
0.0192312952131
297.0 156.0 78.0 27.0
obstacle
0.0191146247089
252.0 170.0 15.0 24.0
obstacle
0.0189071856439
166.0 259.0 72.0 29.0
obstacle
0.0185070261359
215.0 169.0 282.0 52.0
obstacle
0.0182987581939
176.0 160.0 169.0 43.0
obstacle
0.018287697807
269.0 231.0 18.0 34.0
obstacle
0.0180568508804
351.0 174.0 46.0 14.0
obstacle
0.0179689154029
210.0 219.0 21.0 31.0
obstacle
0.0178946815431
352.0 137.0 45.0 87.0
obstacle
0.0174298863858
309.0 249.0 19.0 23.0
obstacle
0.017370628193
219.0 254.0 45.0 13.0
obstacle
0.0173523686826
218.0 153.0 84.0 30.0
obstacle
0.0170692782849
274.0 155.0 50.0 77.0
obstacle
0.0170300081372
366.0 166.0 18.0 31.0
obstacle
0.0167948752642
239.0 129.0 42.0 77.0
obstacle
0.0167499817908
317.0 166.0 111.0 30.0
obstacle
0.0166838746518
230.0 246.0 19.0 27.0
obstacle
0.0164554342628
293.0 174.0 13.0 16.0
obstacle
0.0163882486522
173.0 245.0 19.0 30.0
obstacle
0.0163476485759
353.0 255.0 41.0 11.0
obstacle
0.0163410659879
152.0 193.0 141.0 56.0
obstacle
0.0161884091794
192.0 219.0 175.0 111.0
obstacle
0.0160715784878
235.0 161.0 50.0 12.0
obstacle
0.0159422867
308.0 159.0 173.0 43.0
obstacle
0.0157086662948
224.0 164.0 35.0 62.0
obstacle
0.0154749099165
318.0 137.0 36.0 62.0
obstacle
0.015437591821
304.0 254.0 64.0 12.0
obstacle
0.015220310539
346.0 170.0 16.0 22.0
obstacle
0.0151933748275
123.0 260.0 82.0 27.0
obstacle
0.0150798577815
331.0 152.0 87.0 31.0
obstacle
0.0148037550971
337.0 175.0 34.0 12.0
obstacle
0.0146490000188
270.0 217.0 55.0 88.0
obstacle
0.0145025029778
172.0 252.0 139.0 41.0
obstacle
0.0144988074899
251.0 205.0 93.0 31.0
obstacle
0.0144389579073
290.0 185.0 130.0 42.0
obstacle
0.0141962701455
309.0 221.0 52.0 80.0
obstacle
0.01408790797
288.0 197.0 20.0 46.0
obstacle
0.0140621466562
324.0 235.0 25.0 28.0
obstacle
0.0140331229195
330.0 249.0 83.0 24.0
obstacle
0.0138633772731
335.0 132.0 40.0 71.0
obstacle
0.0138055682182
311.0 244.0 50.0 10.0
obstacle
0.0136927301064
289.0 219.0 56.0 84.0
obstacle
0.0136803686619
294.0 199.0 46.0 14.0
obstacle
0.0136569524184
289.0 244.0 55.0 10.0
obstacle
0.0133339660242
276.0 242.0 43.0 12.0
obstacle
0.0132968574762
289.0 173.0 169.0 40.0
obstacle
0.0132373981178
318.0 260.0 71.0 24.0
obstacle
0.0132307587191
233.0 167.0 16.0 30.0
obstacle
0.0132063468918
260.0 162.0 38.0 11.0
obstacle
0.0131646785885
367.0 136.0 53.0 90.0
obstacle
0.0131254652515
298.0 116.0 153.0 131.0
obstacle
0.0130666075274
192.0 201.0 19.0 41.0
obstacle
0.0128094144166
160.0 254.0 46.0 14.0
obstacle
0.0127394068986
328.0 157.0 16.0 25.0
obstacle
0.0126166390255
196.0 199.0 243.0 72.0
obstacle
0.0125621128827
196.0 213.0 51.0 16.0
obstacle
0.0124083645642
345.0 249.0 24.0 23.0
obstacle
0.0123974494636
211.0 204.0 19.0 34.0
obstacle
0.0123243080452
333.0 212.0 44.0 72.0
obstacle
0.0122722992674
307.0 198.0 20.0 45.0
obstacle
0.012212049216
92.0 211.0 146.0 49.0
obstacle
0.0121886786073
385.0 163.0 19.0 35.0
obstacle
0.0121670560911
321.0 163.0 32.0 10.0
obstacle
0.0119618680328
247.0 185.0 180.0 126.0
obstacle
0.0119438683614
217.0 223.0 46.0 102.0
obstacle
0.0119388746098
232.0 236.0 247.0 52.0
obstacle
0.0117242913693
252.0 154.0 16.0 29.0
obstacle
0.0115456022322
346.0 193.0 18.0 27.0
obstacle
0.0113563537598
251.0 201.0 17.0 40.0
obstacle
0.0113503625616
219.0 127.0 43.0 81.0
obstacle
0.0112836798653
214.0 161.0 54.0 13.0
obstacle
0.0112575506791
269.0 196.0 17.0 48.0
obstacle
0.011149642989
164.0 228.0 39.0 13.0
obstacle
0.0111371828243
308.0 179.0 57.0 84.0
obstacle
0.0110583947971
218.0 175.0 46.0 11.0
obstacle
0.0109505318105
349.0 161.0 52.0 13.0
obstacle
0.0108913825825
260.0 135.0 39.0 65.0
obstacle
0.0108613539487
178.0 223.0 14.0 24.0
obstacle
0.0108160125092
231.0 219.0 18.0 32.0
obstacle
0.0107293874025
267.0 155.0 66.0 29.0
obstacle
0.0106476731598
0.0 147.0 125.0 42.0
obstacle
0.0106462407857
267.0 257.0 22.0 33.0
obstacle
0.0106331156567
328.0 248.0 20.0 25.0
obstacle
0.010618114844
181.0 206.0 83.0 31.0
obstacle
0.010610264726
141.0 146.0 161.0 43.0
obstacle
0.010610065423
210.0 256.0 19.0 34.0
obstacle
0.0105676036328
329.0 243.0 50.0 12.0
obstacle
0.0104844821617
374.0 147.0 126.0 41.0
obstacle
0.0104531897232
232.0 201.0 17.0 39.0
obstacle
0.0104319490492
0.0 112.0 220.0 138.0
obstacle
0.0103828739375
332.0 181.0 47.0 79.0
obstacle
0.0103524401784
305.0 234.0 25.0 29.0
obstacle
0.0103517714888
161.0 103.0 198.0 129.0
obstacle
0.0103433122858
154.0 255.0 19.0 13.0
obstacle
0.0102527188137
315.0 199.0 41.0 14.0
obstacle
0.0102111864835
218.0 227.0 46.0 14.0
obstacle
0.0102000068873
179.0 166.0 47.0 84.0
obstacle
0.0101952916011
258.0 265.0 42.0 17.0
obstacle
0.0101330168545
329.0 233.0 89.0 31.0
obstacle
0.0101148653775
4.0 119.0 51.0 97.0
obstacle
0.0101146902889
369.0 173.0 51.0 15.0
obstacle
0.0100749973208
285.0 212.0 140.0 46.0
obstacle
0.010057236068
334.0 162.0 43.0 11.0
