obstacle
0.936967611313
84.0 150.0 194.0 71.0
obstacle
0.926711022854
417.0 121.0 66.0 15.0
obstacle
0.88926678896
417.0 118.0 66.0 19.0
obstacle
0.815841794014
67.0 154.0 198.0 63.0
obstacle
0.760371267796
306.0 121.0 11.0 11.0
obstacle
0.543312907219
86.0 144.0 189.0 86.0
obstacle
0.447498142719
93.0 161.0 179.0 46.0
obstacle
0.442014098167
70.0 165.0 220.0 61.0
obstacle
0.44060882926
307.0 123.0 11.0 12.0
obstacle
0.411060214043
75.0 143.0 213.0 67.0
obstacle
0.403668433428
102.0 150.0 193.0 71.0
obstacle
0.363470375538
54.0 138.0 220.0 98.0
obstacle
0.362413913012
49.0 149.0 262.0 77.0
obstacle
0.307369381189
14.0 144.0 297.0 87.0
obstacle
0.297453850508
298.0 116.0 14.0 17.0
obstacle
0.27180352807
411.0 121.0 61.0 17.0
obstacle
0.264214009047
42.0 147.0 247.0 59.0
obstacle
0.255344986916
57.0 166.0 216.0 58.0
obstacle
0.242783606052
408.0 117.0 67.0 19.0
obstacle
0.201706469059
76.0 159.0 185.0 49.0
obstacle
0.190777406096
427.0 122.0 71.0 16.0
obstacle
0.174809724092
419.0 119.0 62.0 15.0
obstacle
0.168611600995
11.0 156.0 305.0 80.0
obstacle
0.149154737592
432.0 117.0 61.0 18.0
obstacle
0.143818497658
112.0 152.0 140.0 48.0
obstacle
0.132781773806
46.0 131.0 305.0 112.0
obstacle
0.125657886267
411.0 124.0 52.0 12.0
obstacle
0.121784597635
82.0 152.0 197.0 94.0
obstacle
0.11825953424
85.0 144.0 228.0 65.0
obstacle
0.104722373188
297.0 121.0 13.0 19.0
obstacle
0.104342073202
408.0 117.0 82.0 25.0
obstacle
0.10381552577
85.0 153.0 163.0 47.0
