obstacle
0.866941809654
456.0 235.0 34.0 31.0
obstacle
0.794855713844
454.0 232.0 37.0 34.0
obstacle
0.631173074245
366.0 114.0 20.0 108.0
obstacle
0.629152357578
452.0 235.0 39.0 43.0
obstacle
0.627910494804
94.0 115.0 26.0 80.0
obstacle
0.615352571011
193.0 124.0 19.0 65.0
obstacle
0.600624978542
397.0 116.0 26.0 81.0
obstacle
0.581617832184
250.0 134.0 21.0 67.0
obstacle
0.578219652176
251.0 125.0 18.0 66.0
obstacle
0.564515471458
364.0 118.0 24.0 119.0
obstacle
0.506326377392
175.0 114.0 20.0 86.0
obstacle
0.495835214853
133.0 111.0 23.0 90.0
obstacle
0.491717636585
327.0 117.0 21.0 101.0
obstacle
0.485077381134
114.0 114.0 22.0 84.0
obstacle
0.479093044996
236.0 203.0 164.0 24.0
obstacle
0.477754205465
365.0 106.0 21.0 105.0
obstacle
0.473078429699
213.0 204.0 172.0 24.0
obstacle
0.472933351994
89.0 122.0 34.0 88.0
obstacle
0.467973202467
287.0 123.0 23.0 90.0
obstacle
0.467943042517
398.0 113.0 25.0 109.0
obstacle
0.467251807451
153.0 112.0 22.0 88.0
obstacle
0.466879397631
288.0 132.0 22.0 91.0
obstacle
0.45920842886
327.0 118.0 20.0 80.0
obstacle
0.458246797323
380.0 104.0 26.0 126.0
obstacle
0.454376250505
347.0 112.0 18.0 91.0
obstacle
0.423289746046
269.0 130.0 22.0 76.0
obstacle
0.421903669834
269.0 132.0 22.0 91.0
obstacle
0.416238546371
346.0 112.0 20.0 110.0
obstacle
0.409573048353
94.0 111.0 25.0 70.0
obstacle
0.407808661461
212.0 122.0 18.0 71.0
obstacle
0.398312658072
191.0 204.0 180.0 24.0
obstacle
0.396169394255
189.0 104.0 26.0 86.0
obstacle
0.394173592329
249.0 129.0 22.0 97.0
obstacle
0.388745009899
231.0 128.0 21.0 78.0
obstacle
0.383467704058
259.0 202.0 154.0 26.0
obstacle
0.380424380302
287.0 126.0 22.0 63.0
obstacle
0.378233760595
308.0 120.0 21.0 95.0
obstacle
0.368667721748
76.0 117.0 26.0 78.0
obstacle
0.368050575256
326.0 128.0 22.0 100.0
obstacle
0.366664558649
397.0 114.0 26.0 66.0
obstacle
0.364467918873
210.0 129.0 24.0 74.0
obstacle
0.362056463957
383.0 112.0 22.0 91.0
obstacle
0.356749922037
133.0 111.0 21.0 70.0
obstacle
0.35447075963
190.0 122.0 26.0 87.0
obstacle
0.350697368383
345.0 129.0 24.0 97.0
obstacle
0.3479385674
169.0 122.0 29.0 88.0
obstacle
0.34593257308
0.0 145.0 374.0 115.0
obstacle
0.339536190033
38.0 172.0 250.0 62.0
obstacle
0.33710500598
111.0 122.0 28.0 86.0
obstacle
0.333397775888
174.0 107.0 21.0 79.0
obstacle
0.329306721687
113.0 110.0 24.0 73.0
obstacle
0.328597784042
209.0 110.0 22.0 74.0
obstacle
0.319353282452
75.0 148.0 176.0 111.0
obstacle
0.318886339664
309.0 121.0 19.0 74.0
obstacle
0.315687268972
380.0 130.0 28.0 94.0
obstacle
0.314810961485
77.0 112.0 24.0 67.0
obstacle
0.314330428839
203.0 211.0 150.0 26.0
obstacle
0.307676881552
219.0 211.0 154.0 26.0
obstacle
0.306884348392
287.0 153.0 23.0 72.0
obstacle
0.299125790596
326.0 149.0 23.0 80.0
obstacle
0.293835073709
307.0 133.0 22.0 89.0
obstacle
0.289346247911
153.0 102.0 24.0 89.0
obstacle
0.287884056568
346.0 107.0 19.0 81.0
obstacle
0.278473049402
343.0 143.0 26.0 92.0
obstacle
0.278031796217
0.0 161.0 368.0 83.0
obstacle
0.277808219194
269.0 123.0 19.0 70.0
obstacle
0.275354623795
360.0 143.0 30.0 93.0
obstacle
0.273353129625
30.0 185.0 230.0 57.0
obstacle
0.272687524557
93.0 135.0 26.0 85.0
obstacle
0.258308529854
129.0 126.0 29.0 81.0
obstacle
0.258051335812
399.0 130.0 26.0 96.0
obstacle
0.255332440138
454.0 235.0 34.0 25.0
obstacle
0.254050523043
365.0 109.0 20.0 77.0
obstacle
0.248382270336
147.0 123.0 34.0 87.0
obstacle
0.245434120297
43.0 200.0 202.0 50.0
obstacle
0.244221314788
227.0 127.0 28.0 100.0
obstacle
0.235003173351
232.0 125.0 17.0 66.0
obstacle
0.234652042389
27.0 183.0 272.0 62.0
obstacle
0.231597572565
267.0 111.0 25.0 72.0
obstacle
0.221706569195
268.0 153.0 24.0 71.0
obstacle
0.219678729773
456.0 235.0 28.0 42.0
obstacle
0.217278048396
397.0 144.0 29.0 92.0
obstacle
0.213013604283
27.0 156.0 349.0 113.0
obstacle
0.212648719549
238.0 210.0 154.0 28.0
obstacle
0.209007307887
74.0 126.0 29.0 82.0
obstacle
0.207571923733
149.0 161.0 28.0 61.0
obstacle
0.207376986742
278.0 203.0 152.0 25.0
obstacle
0.207143291831
46.0 173.0 272.0 59.0
obstacle
0.206988856196
71.0 207.0 145.0 35.0
obstacle
0.205715537071
327.0 115.0 20.0 65.0
obstacle
0.205056741834
0.0 78.0 341.0 133.0
obstacle
0.202686905861
74.0 141.0 27.0 75.0
obstacle
0.202020183206
73.0 71.0 372.0 150.0
obstacle
0.200014427304
62.0 181.0 165.0 89.0
obstacle
0.199403584003
147.0 196.0 304.0 35.0
obstacle
0.195077687502
381.0 143.0 28.0 93.0
obstacle
0.191625341773
193.0 211.0 135.0 27.0
obstacle
0.188494563103
206.0 121.0 31.0 113.0
obstacle
0.188040494919
130.0 89.0 25.0 91.0
obstacle
0.187700778246
286.0 110.0 24.0 73.0
obstacle
0.185220941901
290.0 200.0 166.0 30.0
obstacle
0.184560835361
170.0 87.0 26.0 95.0
obstacle
0.183443665504
247.0 147.0 26.0 83.0
obstacle
0.182377710938
165.0 196.0 304.0 34.0
obstacle
0.179437994957
66.0 79.0 385.0 153.0
obstacle
0.175188347697
23.0 156.0 355.0 93.0
obstacle
0.175011739135
106.0 83.0 345.0 125.0
obstacle
0.173893451691
248.0 111.0 24.0 72.0
obstacle
0.173681944609
179.0 204.0 166.0 23.0
obstacle
0.172981694341
101.0 152.0 161.0 103.0
obstacle
0.172652989626
91.0 97.0 28.0 75.0
obstacle
0.172212228179
362.0 160.0 26.0 85.0
obstacle
0.172014787793
304.0 150.0 26.0 78.0
obstacle
0.170407801867
108.0 90.0 379.0 110.0
obstacle
0.170013636351
380.0 159.0 28.0 88.0
obstacle
0.169680193067
379.0 175.0 31.0 77.0
obstacle
0.167269781232
252.0 133.0 13.0 45.0
obstacle
0.165624171495
11.0 150.0 419.0 105.0
obstacle
0.161123946309
399.0 160.0 26.0 87.0
obstacle
0.159806162119
45.0 163.0 351.0 99.0
obstacle
0.156921193004
129.0 125.0 30.0 108.0
obstacle
0.154952511191
147.0 51.0 34.0 118.0
obstacle
0.153572544456
61.0 194.0 166.0 39.0
obstacle
0.152151063085
382.0 112.0 25.0 70.0
obstacle
0.150030866265
142.0 169.0 40.0 66.0
obstacle
0.148548394442
52.0 174.0 185.0 82.0
obstacle
0.148216560483
186.0 131.0 31.0 93.0
obstacle
0.147567883134
74.0 102.0 29.0 65.0
obstacle
0.147074952722
91.0 149.0 30.0 83.0
obstacle
0.141098082066
360.0 180.0 29.0 67.0
obstacle
0.139953717589
304.0 168.0 27.0 67.0
obstacle
0.139799118042
167.0 66.0 29.0 112.0
obstacle
0.138808086514
166.0 131.0 33.0 94.0
obstacle
0.137069255114
150.0 42.0 30.0 114.0
obstacle
0.136267751455
287.0 166.0 23.0 72.0
obstacle
0.134990260005
143.0 21.0 42.0 109.0
obstacle
0.134943112731
145.0 129.0 37.0 99.0
obstacle
0.130587115884
323.0 186.0 29.0 54.0
obstacle
0.130406156182
249.0 208.0 169.0 32.0
obstacle
0.130091950297
0.0 85.0 357.0 141.0
obstacle
0.129583030939
340.0 181.0 31.0 65.0
obstacle
0.127974554896
111.0 136.0 28.0 84.0
obstacle
0.126120314002
343.0 162.0 26.0 81.0
obstacle
0.125382438302
63.0 83.0 353.0 124.0
obstacle
0.125370085239
207.0 193.0 257.0 40.0
obstacle
0.12501847744
123.0 197.0 313.0 33.0
obstacle
0.124303713441
324.0 163.0 25.0 78.0
obstacle
0.123834468424
0.0 161.0 364.0 103.0
obstacle
0.123761184514
80.0 168.0 165.0 93.0
obstacle
0.12350461632
167.0 50.0 30.0 120.0
obstacle
0.122704274952
0.0 75.0 375.0 140.0
obstacle
0.122033156455
142.0 196.0 45.0 12.0
obstacle
0.121737897396
366.0 198.0 16.0 31.0
obstacle
0.11996627599
149.0 65.0 29.0 114.0
obstacle
0.119103364646
153.0 185.0 20.0 33.0
obstacle
0.117864347994
164.0 142.0 34.0 98.0
obstacle
0.116634704173
275.0 207.0 156.0 36.0
obstacle
0.115061625838
106.0 90.0 394.0 130.0
obstacle
0.1149648875
37.0 71.0 369.0 148.0
obstacle
0.114876747131
318.0 201.0 149.0 29.0
obstacle
0.113805264235
306.0 200.0 19.0 29.0
obstacle
0.113100267947
129.0 151.0 32.0 80.0
obstacle
0.112974353135
83.0 195.0 158.0 37.0
obstacle
0.112189225852
38.0 156.0 403.0 92.0
obstacle
0.110219471157
224.0 149.0 32.0 80.0
obstacle
0.108135960996
398.0 183.0 32.0 62.0
obstacle
0.107853524387
194.0 131.0 15.0 47.0
obstacle
0.105644464493
6.0 175.0 314.0 77.0
obstacle
0.103968404233
309.0 115.0 18.0 65.0
obstacle
0.103640951216
97.0 132.0 16.0 45.0
obstacle
0.103059984744
33.0 183.0 298.0 62.0
obstacle
0.101555787027
140.0 78.0 360.0 134.0
obstacle
0.101482026279
77.0 127.0 18.0 38.0
obstacle
0.101290002465
304.0 185.0 28.0 56.0
obstacle
0.1010819152
74.0 156.0 28.0 67.0
obstacle
0.10038524121
172.0 211.0 139.0 27.0
obstacle
0.10010150075
382.0 205.0 58.0 21.0
