obstacle
0.390916973352
63.0 125.0 395.0 122.0
obstacle
0.380075633526
64.0 112.0 392.0 125.0
obstacle
0.367662191391
108.0 114.0 39.0 15.0
obstacle
0.345588475466
111.0 114.0 333.0 122.0
obstacle
0.321419805288
103.0 114.0 81.0 15.0
obstacle
0.294979512691
111.0 125.0 333.0 123.0
obstacle
0.288652688265
35.0 120.0 412.0 108.0
obstacle
0.238358050585
110.0 133.0 390.0 156.0
obstacle
0.234863594174
133.0 111.0 367.0 178.0
obstacle
0.233191251755
41.0 116.0 399.0 139.0
obstacle
0.215561777353
101.0 113.0 56.0 17.0
obstacle
0.213152259588
117.0 115.0 51.0 13.0
obstacle
0.2107873559
131.0 116.0 333.0 142.0
obstacle
0.209318846464
100.0 131.0 397.0 135.0
obstacle
0.199324995279
229.0 140.0 57.0 12.0
obstacle
0.155343562365
15.0 118.0 26.0 10.0
obstacle
0.145846709609
139.0 149.0 361.0 125.0
obstacle
0.145433336496
101.0 132.0 355.0 131.0
obstacle
0.141862183809
107.0 238.0 76.0 21.0
obstacle
0.141490876675
67.0 136.0 344.0 122.0
obstacle
0.138137251139
370.0 88.0 130.0 41.0
obstacle
0.134549587965
20.0 118.0 11.0 13.0
obstacle
0.132256954908
115.0 112.0 94.0 20.0
obstacle
0.132195129991
30.0 144.0 342.0 109.0
obstacle
0.128589838743
224.0 136.0 71.0 23.0
obstacle
0.128437906504
138.0 115.0 49.0 14.0
obstacle
0.124239400029
60.0 135.0 398.0 123.0
obstacle
0.123023293912
223.0 129.0 148.0 114.0
obstacle
0.119489699602
14.0 128.0 28.0 9.0
obstacle
0.119422771037
185.0 312.0 72.0 22.0
obstacle
0.118357956409
28.0 128.0 39.0 10.0
obstacle
0.11815764755
56.0 128.0 329.0 115.0
obstacle
0.118083916605
115.0 114.0 20.0 16.0
obstacle
0.116356693208
63.0 141.0 314.0 113.0
obstacle
0.116036131978
142.0 142.0 272.0 65.0
obstacle
0.114623017609
240.0 149.0 153.0 101.0
obstacle
0.11265385896
105.0 105.0 155.0 34.0
obstacle
0.111924849451
29.0 118.0 36.0 11.0
obstacle
0.107015796006
70.0 179.0 225.0 63.0
obstacle
0.102407895029
175.0 305.0 92.0 23.0
obstacle
0.102225333452
222.0 141.0 45.0 12.0
