obstacle
0.571243047714
61.0 94.0 129.0 34.0
obstacle
0.532797276974
53.0 87.0 143.0 38.0
obstacle
0.52439814806
442.0 95.0 11.0 14.0
obstacle
0.435019105673
173.0 126.0 175.0 84.0
obstacle
0.431617885828
42.0 87.0 133.0 50.0
obstacle
0.370563864708
72.0 88.0 135.0 35.0
obstacle
0.360259413719
74.0 94.0 129.0 34.0
obstacle
0.308506518602
177.0 131.0 166.0 94.0
obstacle
0.293979883194
0.0 77.0 239.0 55.0
obstacle
0.285519123077
25.0 84.0 166.0 41.0
obstacle
0.27662178874
1.0 86.0 209.0 55.0
obstacle
0.269076645374
22.0 69.0 169.0 68.0
obstacle
0.266114294529
0.0 64.0 176.0 79.0
obstacle
0.258032351732
83.0 100.0 87.0 23.0
obstacle
0.255037069321
0.0 73.0 226.0 62.0
obstacle
0.255019038916
186.0 126.0 183.0 84.0
obstacle
0.249761089683
336.0 176.0 39.0 68.0
obstacle
0.243514165282
16.0 72.0 28.0 64.0
obstacle
0.224755719304
359.0 152.0 32.0 96.0
obstacle
0.213870257139
6.0 88.0 236.0 49.0
obstacle
0.209016561508
23.0 78.0 54.0 69.0
obstacle
0.205511257052
0.0 74.0 181.0 78.0
obstacle
0.200200289488
354.0 167.0 40.0 86.0
obstacle
0.198015764356
0.0 81.0 266.0 46.0
obstacle
0.192733153701
156.0 137.0 211.0 62.0
obstacle
0.191671743989
11.0 88.0 156.0 49.0
obstacle
0.189876079559
27.0 69.0 41.0 70.0
obstacle
0.185080304742
92.0 145.0 371.0 85.0
obstacle
0.180651217699
314.0 162.0 44.0 78.0
obstacle
0.171488434076
97.0 98.0 85.0 25.0
obstacle
0.170960217714
147.0 152.0 228.0 52.0
obstacle
0.169374927878
357.0 148.0 37.0 83.0
obstacle
0.160817220807
13.0 77.0 186.0 73.0
obstacle
0.158121779561
154.0 163.0 248.0 51.0
obstacle
0.157281905413
93.0 93.0 98.0 23.0
obstacle
0.147807821631
339.0 163.0 33.0 74.0
obstacle
0.145267620683
29.0 150.0 460.0 76.0
obstacle
0.143063724041
169.0 135.0 219.0 65.0
obstacle
0.142487734556
130.0 164.0 261.0 48.0
obstacle
0.141700133681
14.0 77.0 37.0 72.0
obstacle
0.140018105507
76.0 86.0 18.0 32.0
obstacle
0.13792771101
169.0 131.0 149.0 73.0
obstacle
0.135764703155
0.0 61.0 144.0 85.0
obstacle
0.134743973613
84.0 76.0 44.0 52.0
obstacle
0.133805632591
230.0 101.0 14.0 21.0
obstacle
0.132809624076
0.0 90.0 143.0 45.0
obstacle
0.132293343544
96.0 131.0 401.0 114.0
obstacle
0.130839064717
377.0 162.0 32.0 77.0
obstacle
0.130548909307
174.0 119.0 173.0 77.0
obstacle
0.129658639431
192.0 137.0 171.0 82.0
obstacle
0.128946453333
229.0 95.0 14.0 21.0
obstacle
0.128788515925
93.0 82.0 23.0 42.0
obstacle
0.127619385719
40.0 68.0 169.0 70.0
obstacle
0.126925244927
21.0 83.0 17.0 36.0
obstacle
0.124402806163
375.0 177.0 36.0 66.0
obstacle
0.123460523784
183.0 138.0 153.0 102.0
obstacle
0.123210631311
192.0 146.0 138.0 44.0
obstacle
0.123140305281
11.0 85.0 154.0 39.0
obstacle
0.122683465481
134.0 117.0 325.0 101.0
obstacle
0.118883691728
46.0 75.0 42.0 57.0
obstacle
0.118551880121
172.0 149.0 211.0 57.0
obstacle
0.114265486598
0.0 74.0 148.0 78.0
obstacle
0.105525314808
67.0 74.0 37.0 59.0
obstacle
0.102678477764
440.0 95.0 18.0 13.0
obstacle
0.101394690573
117.0 124.0 383.0 129.0
