obstacle
0.361588090658
440.0 127.0 60.0 20.0
obstacle
0.3522785604
21.0 138.0 400.0 103.0
obstacle
0.350950300694
11.0 148.0 380.0 103.0
obstacle
0.350513607264
48.0 144.0 192.0 112.0
obstacle
0.32917997241
19.0 143.0 364.0 93.0
obstacle
0.323162138462
60.0 146.0 205.0 109.0
obstacle
0.313580453396
460.0 126.0 40.0 20.0
obstacle
0.30238121748
37.0 176.0 254.0 49.0
obstacle
0.247686088085
22.0 150.0 319.0 98.0
obstacle
0.238792777061
74.0 174.0 254.0 52.0
obstacle
0.237284615636
129.0 153.0 182.0 95.0
obstacle
0.237023308873
93.0 171.0 256.0 57.0
obstacle
0.221726730466
479.0 122.0 21.0 26.0
obstacle
0.221060290933
64.0 174.0 238.0 52.0
obstacle
0.219249546528
100.0 149.0 201.0 103.0
obstacle
0.219063699245
243.0 66.0 34.0 72.0
obstacle
0.207541361451
5.0 155.0 314.0 89.0
obstacle
0.203479588032
31.0 150.0 377.0 99.0
obstacle
0.201784163713
28.0 178.0 236.0 45.0
obstacle
0.189943790436
468.0 129.0 32.0 14.0
obstacle
0.188228055835
56.0 135.0 368.0 89.0
obstacle
0.184896796942
89.0 149.0 300.0 81.0
obstacle
0.183737203479
76.0 151.0 211.0 98.0
obstacle
0.183341443539
262.0 68.0 33.0 69.0
obstacle
0.173482865095
224.0 65.0 33.0 74.0
obstacle
0.165523484349
106.0 138.0 305.0 102.0
obstacle
0.164596691728
72.0 137.0 374.0 85.0
obstacle
0.158593952656
282.0 66.0 31.0 73.0
obstacle
0.157363295555
0.0 123.0 427.0 114.0
obstacle
0.155457124114
437.0 136.0 63.0 15.0
obstacle
0.149700179696
40.0 138.0 362.0 84.0
obstacle
0.12804992497
415.0 126.0 78.0 20.0
obstacle
0.122822739184
470.0 139.0 30.0 10.0
obstacle
0.121835969388
244.0 52.0 32.0 80.0
obstacle
0.118859194219
299.0 67.0 36.0 70.0
obstacle
0.118437185884
205.0 64.0 33.0 77.0
obstacle
0.117734096944
80.0 161.0 320.0 57.0
obstacle
0.116579152644
0.0 145.0 328.0 91.0
obstacle
0.116031460464
153.0 179.0 134.0 43.0
obstacle
0.114623434842
278.0 80.0 39.0 65.0
obstacle
0.114365793765
82.0 179.0 162.0 41.0
obstacle
0.113740302622
153.0 156.0 172.0 89.0
obstacle
0.11373232305
70.0 180.0 152.0 40.0
obstacle
0.109597936273
59.0 158.0 170.0 105.0
obstacle
0.106334611773
258.0 82.0 41.0 61.0
obstacle
0.105549000204
457.0 134.0 43.0 20.0
obstacle
0.105306789279
452.0 130.0 42.0 13.0
obstacle
0.104581870139
239.0 83.0 41.0 58.0
obstacle
0.103937931359
60.0 159.0 323.0 62.0
obstacle
0.103413440287
451.0 139.0 43.0 10.0
obstacle
0.101781047881
221.0 82.0 38.0 61.0
