obstacle
0.743756175041
121.0 187.0 156.0 47.0
obstacle
0.663997709751
119.0 183.0 136.0 55.0
obstacle
0.627704024315
112.0 180.0 180.0 62.0
obstacle
0.623050630093
194.0 145.0 49.0 56.0
obstacle
0.611500382423
130.0 164.0 141.0 96.0
obstacle
0.587663888931
106.0 173.0 156.0 77.0
obstacle
0.516608595848
181.0 145.0 49.0 56.0
obstacle
0.453976839781
71.0 181.0 228.0 60.0
obstacle
0.44331946969
122.0 176.0 155.0 51.0
obstacle
0.426933586597
123.0 160.0 155.0 79.0
obstacle
0.343491256237
120.0 178.0 133.0 48.0
obstacle
0.317032754421
126.0 200.0 148.0 43.0
obstacle
0.292235404253
195.0 135.0 47.0 56.0
obstacle
0.283259958029
107.0 168.0 191.0 65.0
obstacle
0.282304912806
103.0 160.0 161.0 79.0
obstacle
0.280674695969
102.0 192.0 198.0 60.0
obstacle
0.266878038645
118.0 173.0 165.0 102.0
obstacle
0.248087987304
188.0 150.0 30.0 44.0
obstacle
0.238090768456
205.0 149.0 29.0 45.0
obstacle
0.165228128433
186.0 130.0 38.0 66.0
obstacle
0.158863857388
124.0 214.0 154.0 41.0
obstacle
0.144570350647
82.0 169.0 207.0 64.0
obstacle
0.132853940129
120.0 198.0 134.0 45.0
obstacle
0.124087817967
142.0 162.0 44.0 74.0
obstacle
0.123658508062
123.0 133.0 156.0 106.0
obstacle
0.111416243017
188.0 156.0 61.0 31.0
obstacle
0.105740375817
175.0 148.0 55.0 73.0
obstacle
0.105432160199
157.0 161.0 52.0 75.0
obstacle
0.104920610785
143.0 174.0 145.0 51.0
obstacle
0.104459501803
149.0 147.0 27.0 55.0
obstacle
0.102093763649
124.0 160.0 45.0 77.0
obstacle
0.101982779801
115.0 177.0 138.0 93.0
obstacle
0.10175947845
151.0 170.0 62.0 78.0
obstacle
0.101517744362
154.0 153.0 15.0 35.0
obstacle
0.101184226573
133.0 179.0 173.0 64.0
obstacle
0.10065124929
202.0 138.0 35.0 49.0
