obstacle
0.950994551182
51.0 122.0 301.0 98.0
obstacle
0.923622250557
14.0 127.0 339.0 87.0
obstacle
0.922801554203
47.0 121.0 345.0 100.0
obstacle
0.835948228836
241.0 73.0 67.0 16.0
obstacle
0.834184765816
41.0 113.0 320.0 101.0
obstacle
0.753379106522
27.0 122.0 310.0 83.0
obstacle
0.708828926086
183.0 79.0 33.0 10.0
obstacle
0.645891308784
0.0 134.0 327.0 74.0
obstacle
0.629676401615
56.0 111.0 325.0 104.0
obstacle
0.624970257282
235.0 72.0 64.0 17.0
obstacle
0.539192438126
53.0 120.0 298.0 85.0
obstacle
0.528779923916
308.0 76.0 12.0 10.0
obstacle
0.496009886265
178.0 77.0 45.0 13.0
obstacle
0.49416667223
316.0 76.0 41.0 10.0
obstacle
0.48047375679
73.0 130.0 293.0 82.0
obstacle
0.462246775627
253.0 75.0 45.0 12.0
obstacle
0.458111852407
55.0 128.0 257.0 69.0
obstacle
0.456631988287
70.0 125.0 263.0 91.0
obstacle
0.3914719522
307.0 74.0 56.0 15.0
obstacle
0.368173390627
306.0 77.0 23.0 9.0
obstacle
0.352755844593
55.0 114.0 366.0 114.0
obstacle
0.347898632288
237.0 76.0 49.0 11.0
obstacle
0.295974612236
44.0 130.0 278.0 81.0
obstacle
0.292166829109
74.0 115.0 292.0 94.0
obstacle
0.288402557373
114.0 124.0 249.0 77.0
obstacle
0.244279950857
32.0 135.0 265.0 71.0
obstacle
0.241650506854
22.0 130.0 286.0 64.0
obstacle
0.234227791429
174.0 80.0 28.0 9.0
obstacle
0.214916348457
239.0 64.0 73.0 22.0
obstacle
0.211794227362
231.0 68.0 92.0 25.0
obstacle
0.207865923643
285.0 72.0 65.0 19.0
obstacle
0.195882469416
332.0 78.0 38.0 8.0
obstacle
0.19304715097
255.0 74.0 76.0 18.0
obstacle
0.179234221578
37.0 131.0 326.0 101.0
obstacle
0.177599132061
230.0 64.0 68.0 21.0
obstacle
0.165976151824
227.0 59.0 103.0 31.0
obstacle
0.157084882259
115.0 133.0 245.0 75.0
obstacle
0.156308233738
192.0 78.0 17.0 12.0
obstacle
0.144741252065
321.0 68.0 31.0 11.0
obstacle
0.139059618115
170.0 63.0 64.0 21.0
obstacle
0.137753501534
225.0 58.0 141.0 31.0
obstacle
0.137683600187
268.0 75.0 17.0 12.0
obstacle
0.131001994014
316.0 75.0 68.0 15.0
obstacle
0.128413230181
280.0 78.0 30.0 9.0
obstacle
0.127141833305
186.0 67.0 33.0 10.0
obstacle
0.126086726785
17.0 135.0 258.0 55.0
obstacle
0.12534737587
58.0 122.0 322.0 119.0
obstacle
0.121870085597
231.0 79.0 26.0 8.0
obstacle
0.120647989213
245.0 65.0 139.0 32.0
obstacle
0.11882019043
15.0 142.0 263.0 57.0
obstacle
0.116342879832
163.0 76.0 52.0 16.0
obstacle
0.116315081716
203.0 79.0 28.0 8.0
obstacle
0.103909850121
203.0 65.0 36.0 12.0
obstacle
0.100091524422
240.0 67.0 42.0 13.0
