obstacle
0.957234382629
230.0 52.0 26.0 19.0
obstacle
0.874564051628
70.0 114.0 340.0 88.0
obstacle
0.853614807129
57.0 112.0 329.0 93.0
obstacle
0.848662614822
95.0 103.0 325.0 108.0
obstacle
0.801853179932
57.0 98.0 401.0 103.0
obstacle
0.776607692242
31.0 21.0 82.0 29.0
obstacle
0.766414165497
99.0 92.0 356.0 131.0
obstacle
0.758728444576
58.0 104.0 361.0 92.0
obstacle
0.701340377331
33.0 19.0 94.0 32.0
obstacle
0.685985267162
82.0 88.0 390.0 123.0
obstacle
0.668879806995
21.0 20.0 103.0 40.0
obstacle
0.658416569233
361.0 52.0 99.0 18.0
obstacle
0.629090130329
62.0 267.0 46.0 21.0
obstacle
0.604348957539
356.0 51.0 88.0 21.0
obstacle
0.602292001247
31.0 102.0 379.0 96.0
obstacle
0.580376386642
41.0 21.0 78.0 27.0
obstacle
0.578790009022
33.0 24.0 95.0 33.0
obstacle
0.550429999828
364.0 49.0 96.0 23.0
obstacle
0.521967172623
27.0 26.0 90.0 28.0
obstacle
0.495596915483
366.0 57.0 92.0 18.0
obstacle
0.477751672268
40.0 26.0 82.0 29.0
obstacle
0.476384609938
226.0 49.0 26.0 22.0
obstacle
0.456551969051
127.0 89.0 337.0 139.0
obstacle
0.431578636169
68.0 270.0 36.0 14.0
obstacle
0.426596790552
53.0 106.0 299.0 107.0
obstacle
0.382261514664
230.0 54.0 20.0 21.0
obstacle
0.37985393405
103.0 79.0 386.0 141.0
obstacle
0.315212726593
358.0 57.0 83.0 17.0
obstacle
0.300820499659
40.0 266.0 67.0 21.0
obstacle
0.293866217136
115.0 87.0 385.0 123.0
obstacle
0.253006666899
353.0 50.0 117.0 31.0
obstacle
0.21514710784
350.0 46.0 100.0 29.0
obstacle
0.212958261371
12.0 97.0 380.0 106.0
obstacle
0.201595544815
145.0 96.0 340.0 125.0
obstacle
0.199150592089
228.0 44.0 27.0 26.0
obstacle
0.197421878576
73.0 265.0 27.0 24.0
obstacle
0.180726140738
0.0 106.0 363.0 108.0
obstacle
0.172728210688
36.0 18.0 67.0 49.0
obstacle
0.17044121027
220.0 47.0 37.0 39.0
obstacle
0.165376618505
233.0 51.0 18.0 12.0
obstacle
0.146121993661
65.0 248.0 41.0 58.0
obstacle
0.144200146198
402.0 60.0 18.0 14.0
obstacle
0.143570229411
392.0 58.0 70.0 17.0
obstacle
0.140771329403
242.0 48.0 20.0 22.0
obstacle
0.1303499192
49.0 270.0 43.0 14.0
obstacle
0.126520216465
50.0 89.0 379.0 99.0
obstacle
0.125539973378
387.0 62.0 49.0 11.0
obstacle
0.125131458044
19.0 21.0 74.0 26.0
obstacle
0.124863512814
57.0 272.0 56.0 24.0
obstacle
0.123516134918
391.0 51.0 70.0 19.0
obstacle
0.120047956705
93.0 123.0 258.0 72.0
obstacle
0.119461759925
0.0 9.0 114.0 50.0
obstacle
0.119106844068
67.0 115.0 345.0 68.0
obstacle
0.117153905332
64.0 265.0 71.0 22.0
obstacle
0.11416323483
86.0 93.0 40.0 83.0
obstacle
0.107904694974
93.0 123.0 292.0 71.0
obstacle
0.107255510986
38.0 111.0 365.0 116.0
obstacle
0.105989806354
57.0 106.0 363.0 124.0
obstacle
0.105159603059
0.0 89.0 383.0 122.0
obstacle
0.104876719415
381.0 186.0 60.0 22.0
obstacle
0.103906109929
100.0 100.0 355.0 137.0
obstacle
0.100096084177
103.0 77.0 387.0 121.0
