obstacle
0.915040493011
37.0 133.0 290.0 105.0
obstacle
0.802392542362
49.0 140.0 266.0 89.0
obstacle
0.787746906281
9.0 138.0 310.0 94.0
obstacle
0.641423761845
46.0 142.0 237.0 84.0
obstacle
0.565072953701
40.0 124.0 320.0 124.0
obstacle
0.448175311089
71.0 130.0 221.0 112.0
obstacle
0.43507501483
29.0 124.0 305.0 106.0
obstacle
0.40734064579
56.0 129.0 253.0 94.0
obstacle
0.397832512856
32.0 136.0 299.0 119.0
obstacle
0.393036991358
84.0 143.0 231.0 84.0
obstacle
0.312656700611
0.0 152.0 330.0 86.0
obstacle
0.28614154458
46.0 142.0 237.0 68.0
obstacle
0.241450458765
44.0 152.0 207.0 64.0
obstacle
0.236893177032
64.0 129.0 198.0 114.0
obstacle
0.234603568912
19.0 128.0 287.0 97.0
obstacle
0.174263894558
54.0 162.0 255.0 68.0
obstacle
0.151724427938
115.0 132.0 171.0 109.0
obstacle
0.148520559072
34.0 113.0 331.0 126.0
obstacle
0.118444867432
87.0 121.0 190.0 106.0
obstacle
0.111488558352
33.0 147.0 227.0 57.0
obstacle
0.107484176755
40.0 160.0 250.0 71.0
obstacle
0.106820732355
30.0 122.0 339.0 147.0
obstacle
0.102196715772
34.0 110.0 370.0 151.0
