obstacle
0.851185560226
88.0 198.0 111.0 50.0
obstacle
0.814053595066
322.0 202.0 155.0 46.0
obstacle
0.78489869833
324.0 201.0 170.0 48.0
obstacle
0.740833520889
371.0 147.0 7.0 6.0
obstacle
0.735400140285
325.0 198.0 175.0 54.0
obstacle
0.708312094212
9.0 196.0 39.0 29.0
obstacle
0.668003320694
126.0 146.0 8.0 7.0
obstacle
0.62155610323
298.0 198.0 198.0 54.0
obstacle
0.605916440487
75.0 185.0 140.0 79.0
obstacle
0.591299593449
320.0 178.0 180.0 95.0
obstacle
0.586266875267
6.0 188.0 44.0 46.0
obstacle
0.568980753422
71.0 196.0 120.0 55.0
obstacle
0.545339524746
301.0 189.0 189.0 71.0
obstacle
0.483044058084
79.0 192.0 128.0 46.0
obstacle
0.46612983942
278.0 137.0 33.0 12.0
obstacle
0.458508312702
326.0 212.0 167.0 43.0
obstacle
0.402657389641
85.0 212.0 117.0 43.0
obstacle
0.394458681345
330.0 191.0 165.0 48.0
obstacle
0.390183150768
45.0 191.0 165.0 66.0
obstacle
0.384291708469
279.0 133.0 32.0 10.0
obstacle
0.368240296841
311.0 208.0 189.0 53.0
obstacle
0.357662469149
11.0 193.0 31.0 32.0
obstacle
0.353416979313
328.0 212.0 139.0 42.0
obstacle
0.328313291073
266.0 132.0 32.0 10.0
obstacle
0.326827853918
308.0 183.0 192.0 61.0
obstacle
0.311414450407
266.0 138.0 34.0 11.0
obstacle
0.28928360343
3.0 207.0 49.0 25.0
obstacle
0.275950968266
54.0 188.0 181.0 73.0
obstacle
0.267976164818
3.0 190.0 50.0 62.0
obstacle
0.253923803568
320.0 169.0 180.0 88.0
obstacle
0.248396664858
69.0 172.0 150.0 82.0
obstacle
0.24213424325
326.0 188.0 171.0 97.0
obstacle
0.23362185061
0.0 200.0 48.0 24.0
obstacle
0.226049572229
0.0 192.0 77.0 39.0
obstacle
0.220063850284
88.0 188.0 76.0 71.0
obstacle
0.21873600781
10.0 202.0 36.0 18.0
obstacle
0.207646220922
267.0 133.0 56.0 19.0
obstacle
0.203841850162
4.0 197.0 71.0 28.0
obstacle
0.201567709446
359.0 204.0 134.0 41.0
obstacle
0.181479215622
324.0 203.0 117.0 45.0
obstacle
0.167469546199
121.0 143.0 15.0 8.0
obstacle
0.16643665731
312.0 196.0 173.0 39.0
obstacle
0.160433620214
18.0 189.0 18.0 27.0
obstacle
0.16034668684
272.0 129.0 48.0 19.0
obstacle
0.159802109003
286.0 131.0 15.0 15.0
obstacle
0.152648359537
76.0 195.0 159.0 58.0
obstacle
0.149532020092
0.0 211.0 46.0 21.0
obstacle
0.146576479077
257.0 134.0 53.0 20.0
obstacle
0.146259143949
255.0 128.0 55.0 20.0
obstacle
0.145864546299
28.0 185.0 196.0 82.0
obstacle
0.144064158201
371.0 143.0 12.0 8.0
obstacle
0.142510101199
275.0 205.0 225.0 59.0
obstacle
0.139779210091
368.0 178.0 124.0 43.0
obstacle
0.138719007373
318.0 202.0 153.0 69.0
obstacle
0.137316957116
369.0 147.0 10.0 16.0
obstacle
0.135074853897
68.0 209.0 123.0 48.0
obstacle
0.13477614522
275.0 130.0 16.0 15.0
obstacle
0.13410487771
91.0 209.0 132.0 51.0
obstacle
0.133126541972
382.0 177.0 118.0 43.0
obstacle
0.132042467594
72.0 187.0 145.0 98.0
obstacle
0.128725737333
397.0 177.0 69.0 23.0
obstacle
0.128031820059
295.0 130.0 39.0 11.0
obstacle
0.127217039466
110.0 191.0 62.0 67.0
obstacle
0.126364246011
315.0 129.0 42.0 12.0
obstacle
0.125229164958
287.0 136.0 15.0 14.0
obstacle
0.119571715593
280.0 186.0 220.0 56.0
obstacle
0.117557056248
46.0 184.0 162.0 102.0
obstacle
0.115876942873
0.0 194.0 92.0 36.0
obstacle
0.113283760846
14.0 178.0 30.0 47.0
obstacle
0.108658656478
349.0 187.0 151.0 52.0
obstacle
0.107572823763
358.0 210.0 138.0 49.0
obstacle
0.105657026172
4.0 190.0 50.0 26.0
obstacle
0.103771597147
131.0 141.0 12.0 13.0
obstacle
0.102093778551
2.0 205.0 18.0 32.0
obstacle
0.102020598948
396.0 0.0 70.0 17.0
obstacle
0.100109823048
392.0 2.0 43.0 9.0
