obstacle
0.522386014462
169.0 139.0 22.0 32.0
obstacle
0.488324344158
163.0 140.0 31.0 32.0
obstacle
0.389433443546
168.0 135.0 24.0 28.0
obstacle
0.283969908953
163.0 128.0 35.0 40.0
obstacle
0.237510919571
254.0 265.0 203.0 16.0
obstacle
0.200538039207
176.0 167.0 13.0 19.0
obstacle
0.182918593287
166.0 146.0 29.0 38.0
obstacle
0.17805556953
248.0 264.0 179.0 17.0
obstacle
0.171751916409
263.0 264.0 221.0 17.0
obstacle
0.157261759043
0.0 58.0 10.0 22.0
obstacle
0.135461032391
102.0 101.0 163.0 26.0
obstacle
0.129395335913
124.0 100.0 155.0 27.0
obstacle
0.11651173979
174.0 150.0 14.0 32.0
obstacle
0.11591232568
318.0 107.0 71.0 18.0
obstacle
0.110508188605
145.0 101.0 153.0 25.0
obstacle
0.109962575138
247.0 99.0 140.0 30.0
obstacle
0.107124596834
293.0 265.0 89.0 16.0
