obstacle
0.879665315151
264.0 92.0 182.0 61.0
obstacle
0.868859648705
6.0 69.0 122.0 47.0
obstacle
0.338419795036
484.0 53.0 9.0 10.0
obstacle
0.287102669477
479.0 54.0 19.0 8.0
obstacle
0.238758280873
282.0 103.0 118.0 38.0
obstacle
0.176132887602
347.0 106.0 21.0 34.0
obstacle
0.159753546119
55.0 85.0 24.0 33.0
obstacle
0.157049819827
201.0 83.0 299.0 82.0
obstacle
0.127686262131
486.0 45.0 9.0 13.0
obstacle
0.109923049808
24.0 87.0 83.0 27.0
obstacle
0.109339006245
476.0 45.0 24.0 9.0
obstacle
0.103109814227
460.0 54.0 29.0 8.0
