obstacle
0.945705771446
238.0 136.0 54.0 25.0
obstacle
0.839467644691
50.0 171.0 24.0 18.0
obstacle
0.543715715408
205.0 189.0 113.0 43.0
obstacle
0.450196564198
117.0 235.0 47.0 25.0
obstacle
0.34775480628
92.0 45.0 27.0 75.0
obstacle
0.347035378218
126.0 241.0 34.0 14.0
obstacle
0.332285881042
217.0 199.0 120.0 46.0
obstacle
0.280523002148
73.0 47.0 28.0 72.0
obstacle
0.272431045771
223.0 130.0 76.0 19.0
obstacle
0.254639565945
185.0 188.0 225.0 71.0
obstacle
0.249522432685
109.0 46.0 29.0 72.0
obstacle
0.218814596534
228.0 143.0 70.0 23.0
obstacle
0.199318364263
52.0 44.0 31.0 78.0
obstacle
0.19474093616
187.0 44.0 66.0 26.0
obstacle
0.189672112465
380.0 182.0 31.0 36.0
obstacle
0.182712718844
378.0 203.0 36.0 14.0
obstacle
0.180443689227
414.0 117.0 36.0 11.0
obstacle
0.177858397365
366.0 196.0 57.0 26.0
obstacle
0.173687562346
207.0 130.0 34.0 8.0
obstacle
0.172222986817
111.0 242.0 37.0 13.0
obstacle
0.163941189647
13.0 37.0 29.0 66.0
obstacle
0.160428404808
56.0 177.0 23.0 10.0
obstacle
0.149429276586
51.0 170.0 28.0 12.0
obstacle
0.138287141919
116.0 236.0 25.0 26.0
obstacle
0.136089727283
234.0 133.0 11.0 9.0
obstacle
0.135272249579
128.0 43.0 31.0 80.0
obstacle
0.135135740042
228.0 132.0 30.0 7.0
obstacle
0.125671580434
213.0 128.0 66.0 17.0
obstacle
0.121716909111
275.0 134.0 10.0 7.0
obstacle
0.11943307519
301.0 129.0 29.0 10.0
obstacle
0.118886008859
129.0 226.0 26.0 30.0
obstacle
0.118057496846
190.0 27.0 21.0 35.0
obstacle
0.11083227396
30.0 44.0 36.0 77.0
obstacle
0.110598064959
18.0 42.0 21.0 33.0
obstacle
0.108700312674
409.0 25.0 91.0 40.0
obstacle
0.107581026852
198.0 49.0 46.0 17.0
obstacle
0.105582274497
221.0 130.0 141.0 31.0
obstacle
0.104728989303
282.0 192.0 147.0 41.0
obstacle
0.102801866829
240.0 141.0 40.0 15.0
obstacle
0.102604232728
263.0 202.0 146.0 43.0
obstacle
0.102442927659
137.0 37.0 129.0 42.0
