obstacle
0.955891788006
54.0 179.0 97.0 35.0
obstacle
0.859119772911
304.0 170.0 31.0 28.0
obstacle
0.832130551338
424.0 172.0 63.0 25.0
obstacle
0.784794211388
369.0 238.0 90.0 27.0
obstacle
0.627245903015
225.0 167.0 75.0 19.0
obstacle
0.488591909409
27.0 227.0 72.0 21.0
obstacle
0.458581268787
303.0 178.0 34.0 13.0
obstacle
0.356633067131
28.0 217.0 114.0 37.0
obstacle
0.273362994194
173.0 202.0 53.0 23.0
obstacle
0.266179233789
254.0 169.0 48.0 13.0
obstacle
0.245473012328
166.0 206.0 37.0 14.0
obstacle
0.187782496214
175.0 200.0 21.0 26.0
obstacle
0.183810025454
102.0 136.0 398.0 100.0
obstacle
0.179869413376
198.0 150.0 240.0 70.0
obstacle
0.166789889336
230.0 161.0 99.0 30.0
obstacle
0.1560215801
87.0 229.0 40.0 12.0
obstacle
0.153858006001
234.0 177.0 53.0 11.0
obstacle
0.139496162534
357.0 254.0 40.0 13.0
obstacle
0.138686448336
219.0 169.0 46.0 14.0
obstacle
0.13750512898
288.0 173.0 23.0 21.0
obstacle
0.135762810707
15.0 230.0 67.0 15.0
obstacle
0.133751988411
406.0 244.0 53.0 14.0
obstacle
0.133353739977
384.0 242.0 63.0 18.0
obstacle
0.131784290075
104.0 229.0 41.0 12.0
obstacle
0.129028663039
352.0 246.0 88.0 25.0
obstacle
0.123567081988
401.0 241.0 27.0 23.0
obstacle
0.119889810681
122.0 229.0 46.0 13.0
obstacle
0.118155539036
69.0 224.0 70.0 21.0
obstacle
0.10981144011
94.0 190.0 26.0 18.0
obstacle
0.10668990761
313.0 180.0 9.0 9.0
obstacle
0.105492241681
165.0 215.0 38.0 14.0
obstacle
0.104253478348
297.0 156.0 39.0 40.0
obstacle
0.102208219469
440.0 175.0 27.0 20.0
obstacle
0.101756095886
142.0 229.0 42.0 13.0
obstacle
0.101110287011
221.0 178.0 43.0 10.0
