obstacle
0.880614936352
37.0 140.0 287.0 91.0
obstacle
0.639427423477
40.0 129.0 316.0 113.0
obstacle
0.618312776089
59.0 142.0 211.0 86.0
obstacle
0.433373183012
6.0 147.0 315.0 96.0
obstacle
0.278003484011
0.0 125.0 335.0 104.0
obstacle
0.24081414938
69.0 148.0 262.0 73.0
obstacle
0.237250909209
71.0 132.0 222.0 85.0
obstacle
0.23389865458
57.0 123.0 212.0 125.0
obstacle
0.19674320519
98.0 123.0 17.0 23.0
obstacle
0.173432081938
95.0 130.0 25.0 10.0
obstacle
0.119801342487
31.0 163.0 266.0 65.0
obstacle
0.114046238363
6.0 133.0 386.0 124.0
obstacle
0.0965390056372
53.0 126.0 33.0 69.0
obstacle
0.0879827141762
19.0 134.0 253.0 82.0
obstacle
0.0836295336485
91.0 115.0 28.0 65.0
obstacle
0.0770351737738
90.0 105.0 183.0 138.0
obstacle
0.0676668658853
95.0 162.0 138.0 45.0
obstacle
0.0613558031619
89.0 125.0 34.0 70.0
obstacle
0.0606069564819
49.0 112.0 38.0 72.0
obstacle
0.0551555044949
106.0 118.0 188.0 136.0
obstacle
0.0526211857796
180.0 142.0 47.0 14.0
obstacle
0.0523779392242
53.0 144.0 37.0 59.0
obstacle
0.0505525432527
56.0 107.0 179.0 134.0
obstacle
0.0500375628471
0.0 140.0 260.0 92.0
