obstacle
0.917089641094
44.2250289917 162.875915527 223.491119385 60.0660095215
obstacle
0.870357275009
186.514160156 216.056015015 125.878875732 34.4490966797
obstacle
0.865413665771
169.109268188 164.131988525 33.1663818359 21.6926879883
obstacle
0.779419600964
188.533752441 157.749343872 240.222167969 79.2207946777
obstacle
0.667045176029
427.060241699 186.594482422 31.8762817383 18.183380127
obstacle
0.6411049366
239.526565552 222.984603882 40.8776702881 22.7611694336
obstacle
0.616058349609
329.348022461 196.898132324 36.7098999023 28.3560180664
obstacle
0.563903748989
74.7845306396 180.177276611 38.9091796875 29.3074035645
obstacle
0.552505373955
176.18460083 172.654373169 37.5645751953 22.8658447266
obstacle
0.477895349264
144.682159424 163.702804565 34.9621276855 23.8604125977
obstacle
0.462741374969
103.711341858 179.091217041 38.3519515991 23.9823303223
obstacle
0.443106561899
122.30619812 197.711868286 262.016662598 55.1804504395
obstacle
0.404719382524
263.782012939 155.704910278 119.5703125 47.4892883301
obstacle
0.394679784775
211.4609375 220.118057251 37.0078735352 29.8194274902
obstacle
0.357384502888
263.090789795 221.48588562 30.9802856445 23.1449890137
obstacle
0.294822126627
269.782775879 191.993911743 112.703735352 40.6045532227
obstacle
0.26721534133
58.9703559875 183.818344116 32.5863456726 19.8967895508
obstacle
0.243884846568
125.782417297 187.016830444 35.3136520386 19.5558166504
obstacle
0.231926143169
132.602661133 174.007446289 36.2308959961 24.6537475586
obstacle
0.231786429882
302.55291748 163.58770752 43.7615356445 45.3343811035
obstacle
0.227278754115
329.815795898 174.986312866 25.9655151367 25.1542358398
obstacle
0.20098747313
64.4318161011 192.995574951 37.0646514893 22.9373779297
obstacle
0.158021301031
195.283004761 210.181838989 42.9817199707 28.8046875
obstacle
0.15637087822
88.2531661987 195.698135376 31.9289245605 19.1288146973
obstacle
0.135191470385
309.762756348 185.801345825 39.8826293945 42.2529602051
obstacle
0.11492189765
267.518066406 174.022216797 33.4334716797 18.065612793
obstacle
0.105957001448
117.717018127 166.29385376 33.4103775024 25.0982666016
obstacle
0.105838373303
283.701965332 168.740356445 36.9417724609 25.6544494629
obstacle
0.0874483287334
189.979919434 226.004455566 33.8004760742 19.4535217285
obstacle
0.077491119504
148.608398438 181.678268433 32.1276550293 20.0300598145
obstacle
0.0625579282641
272.114715576 183.957946777 41.2969970703 31.9196472168
obstacle
0.0587765164673
140.615097046 193.492919922 29.3523254395 17.4333190918
obstacle
0.0354488790035
227.234420776 200.101531982 44.1615753174 39.6188659668
obstacle
0.0341842398047
269.356689453 203.194091797 34.9063110352 32.2237243652
obstacle
0.0324862115085
183.386566162 213.427185059 30.8062744141 19.2398681641
obstacle
0.0282874237746
255.706466675 181.714416504 39.3093109131 21.2324829102
obstacle
0.0280523970723
279.081726074 0.0 205.61315918 279.187011719
obstacle
0.0264314394444
143.856292725 0.0 207.871673584 298.041473389
obstacle
0.0254587680101
212.192382812 199.893447876 29.3915405273 24.574005127
obstacle
0.0231052041054
437.202362061 192.670227051 30.7575073242 18.5113525391
obstacle
0.0219628289342
189.681549072 191.8931427 41.5874328613 34.4553527832
obstacle
0.0218192487955
347.813018799 186.026062012 24.9180297852 32.9414367676
obstacle
0.0157871693373
168.072906494 186.076095581 34.3787536621 21.0918273926
obstacle
0.0145413829014
287.793945312 196.721618652 36.3115844727 25.7364501953
obstacle
0.0116086341441
15.4332885742 27.8048706055 160.401275635 221.659515381
