obstacle
0.981459975243
188.946029663 120.666809082 252.265640259 113.113739014
obstacle
0.743269920349
0.0 61.5392303467 137.809753418 89.4959106445
obstacle
0.690109670162
0.0943603515625 6.43703460693 19.1235866547 105.975624084
obstacle
0.611478984356
363.454650879 168.050872803 35.9350585938 65.3416137695
obstacle
0.595065832138
318.693847656 170.712905884 181.306152344 81.7120056152
obstacle
0.584518611431
1.4649553299 85.973815918 19.6525382996 90.6059265137
obstacle
0.480511248112
321.405639648 131.465591431 178.594360352 72.907409668
obstacle
0.480073094368
0.0 225.903686523 23.8601875305 52.4224853516
obstacle
0.462491184473
458.769348145 2.46800994873 32.8735961914 69.6690826416
obstacle
0.424467414618
461.926300049 216.629241943 32.9936523438 61.1721496582
obstacle
0.399946480989
225.918273926 128.682388306 43.0267944336 73.025390625
obstacle
0.356915384531
296.447570801 167.684570312 113.557617188 43.6555786133
obstacle
0.339227050543
461.139892578 83.5617523193 33.6043701172 68.42628479
obstacle
0.270840287209
459.775512695 40.0011520386 29.4339599609 64.4496917725
obstacle
0.26289960742
331.911499023 139.207077026 44.6839599609 68.0324707031
obstacle
0.248318612576
278.720611572 125.197433472 41.166015625 58.6630554199
obstacle
0.236008003354
461.18560791 159.381958008 28.5090332031 59.5032348633
obstacle
0.216086059809
203.342559814 141.511535645 156.998352051 42.1802368164
obstacle
0.192380726337
296.605224609 0.0 196.847961426 276.752960205
obstacle
0.138970732689
293.815673828 194.165328979 118.083312988 34.6675109863
obstacle
0.109191074967
0.0 70.4016418457 413.106506348 134.406646729
obstacle
0.106296218932
238.382019043 168.911315918 39.0375976562 60.5100402832
obstacle
0.100835710764
293.980895996 142.396118164 44.5946044922 64.7926330566
obstacle
0.0903178602457
250.02432251 118.35168457 48.5589599609 72.6173706055
obstacle
0.0890050530434
5.92588806152 74.9269180298 36.2764930725 55.9432601929
obstacle
0.0641104951501
297.907226562 100.976715088 202.092773438 61.677734375
obstacle
0.0577577874064
424.825714111 204.323501587 75.1742858887 36.2637634277
obstacle
0.0511843971908
173.864624023 163.609924316 144.153991699 34.2169494629
obstacle
0.0466795861721
210.919464111 151.930755615 39.4897766113 56.2908325195
obstacle
0.042810022831
422.231201172 98.7406845093 77.7687988281 182.259307861
obstacle
0.03475689888
459.209472656 117.999801636 27.3672485352 63.3023986816
obstacle
0.0330934152007
337.62399292 175.435455322 42.0205078125 64.8105163574
obstacle
0.0163201466203
374.283782959 5.54166984558 125.716217041 57.4553146362
obstacle
0.0123249795288
0.0 211.379516602 123.408149719 67.5048217773
obstacle
0.0111268088222
84.3573074341 21.2694320679 173.923828125 159.400848389
obstacle
0.0102645978332
0.0 7.53051757812 185.148956299 72.7659454346
