obstacle
0.998020172119
213.684783936 123.677261353 272.139038086 79.9404907227
obstacle
0.997445940971
52.802444458 144.058563232 260.664489746 73.7788696289
obstacle
0.772669196129
307.594024658 114.918365479 54.5874633789 80.7463989258
obstacle
0.753236532211
269.432098389 134.211914062 45.2837524414 55.0223693848
obstacle
0.715954065323
387.507110596 134.837661743 44.7826538086 43.189666748
obstacle
0.658639550209
51.8340530396 164.230377197 38.1293487549 72.7173156738
obstacle
0.651442050934
110.83631897 137.460876465 51.1943054199 77.9860229492
obstacle
0.62634152174
353.867248535 122.387443542 47.0869140625 66.5450515747
obstacle
0.465859860182
239.205581665 154.229354858 37.8586273193 45.96484375
obstacle
0.40266007185
147.257675171 145.142349243 53.7906799316 81.079284668
obstacle
0.372523635626
428.680267334 152.439239502 41.9742431641 34.972076416
obstacle
0.368512898684
63.041885376 180.443084717 47.4840240479 30.55078125
obstacle
0.313196510077
84.9001235962 147.130889893 50.2031326294 84.8836669922
obstacle
0.297675818205
292.269165039 133.874267578 44.9475097656 42.1398925781
obstacle
0.255756109953
208.512985229 157.63760376 45.6814880371 37.4190368652
obstacle
0.240519568324
410.614379883 146.000793457 41.1596069336 35.6103820801
obstacle
0.239037975669
19.6778869629 175.682327271 142.326751709 40.5293884277
obstacle
0.217469722033
128.451553345 167.575805664 41.8789978027 34.5459289551
obstacle
0.201649859548
333.724975586 128.57359314 46.9606933594 38.0418395996
obstacle
0.184605002403
337.00100708 155.905807495 36.4741210938 33.9396362305
obstacle
0.148408591747
29.8343887329 198.095962524 53.0471878052 27.4261474609
obstacle
0.124492011964
175.707794189 158.702957153 142.693145752 41.2899475098
obstacle
0.121387347579
150.90814209 52.9741592407 224.561035156 189.329711914
obstacle
0.108995690942
184.676742554 151.265975952 47.8969421387 37.7969055176
obstacle
0.0661173835397
171.887512207 170.35395813 44.3484191895 47.0059814453
obstacle
0.0632082819939
366.657562256 25.8120346069 133.342437744 207.511657715
obstacle
0.0582857578993
42.0449905396 178.21522522 33.8980255127 35.1114807129
obstacle
0.0503915213048
252.406906128 144.128555298 168.611038208 37.9796142578
obstacle
0.0378333963454
13.6547908783 171.470825195 54.0748748779 67.3374938965
obstacle
0.0230771806091
25.6036148071 7.16635131836 233.291503906 264.345184326
obstacle
0.0155758969486
99.6820678711 165.930740356 41.6537322998 36.3286743164
obstacle
0.0126105882227
9.68755722046 194.043884277 38.6167068481 31.0077514648
