obstacle
0.977723002434
0.0 99.1796875 345.145935059 95.5268859863
obstacle
0.941203415394
0.0 39.0248031616 206.514221191 82.5465087891
obstacle
0.920710265636
0.0 190.960723877 258.492919922 176.641906738
obstacle
0.813809394836
79.7258529663 35.3862609863 251.121398926 309.578765869
obstacle
0.799362897873
126.623687744 132.652984619 350.368591309 76.6042480469
obstacle
0.787364900112
92.6160125732 234.23425293 373.883544922 139.76574707
obstacle
0.720128417015
325.829162598 286.877258301 46.9836425781 82.7855224609
obstacle
0.690165400505
271.725799561 117.393234253 55.0785522461 82.3038330078
obstacle
0.677854478359
32.6765823364 49.8288421631 52.2077636719 51.8456726074
obstacle
0.600656449795
303.781829834 134.887695312 49.8055419922 63.0194091797
obstacle
0.488411575556
0.0 16.8013458252 137.834457397 303.753845215
obstacle
0.484925329685
238.689605713 302.301727295 168.558227539 52.090637207
obstacle
0.411671727896
9.38762283325 115.666702271 52.0250396729 68.3288269043
obstacle
0.345503926277
128.919677734 118.699569702 175.406524658 53.2622375488
obstacle
0.305914789438
64.3532867432 253.81803894 49.1968688965 62.6060028076
obstacle
0.29725497961
312.652618408 118.628189087 179.823547363 255.371810913
obstacle
0.262120217085
259.097412109 290.33581543 56.3973999023 70.3374633789
obstacle
0.25840935111
2.51558685303 299.135406494 127.448921204 53.0498657227
obstacle
0.237415671349
146.039398193 85.4710006714 49.9274902344 72.0808792114
obstacle
0.23249541223
128.289596558 195.607345581 63.5216674805 56.0928039551
obstacle
0.228395834565
204.548446655 191.706283569 47.675994873 56.1787414551
obstacle
0.228217914701
228.442016602 117.309776306 55.3351135254 71.2926101685
obstacle
0.206008657813
193.716064453 108.889511108 57.4489440918 60.9888305664
obstacle
0.201774165034
25.2374420166 266.434356689 189.570892334 51.4981689453
obstacle
0.186402380466
198.992416382 267.320861816 52.8257141113 70.1727294922
obstacle
0.177880048752
302.051513672 293.779937744 43.0447387695 67.4895019531
obstacle
0.167569205165
1.25628662109 231.604034424 49.4832382202 62.757019043
obstacle
0.162218466401
151.419586182 138.270553589 56.7943725586 58.5166015625
obstacle
0.159014940262
42.966796875 261.740631104 43.0749053955 65.5188598633
obstacle
0.145785108209
170.510620117 269.471466064 52.5084228516 66.2677612305
obstacle
0.128931581974
230.345596313 283.160583496 54.9664154053 72.6871337891
obstacle
0.108295112848
106.722412109 259.248443604 55.3198547363 77.0602416992
obstacle
0.0988780111074
364.801513672 299.801605225 54.8281860352 74.1983947754
obstacle
0.0737773478031
11.7127590179 280.72543335 43.1080551147 66.1422729492
obstacle
0.0691429227591
170.141281128 94.296585083 50.3219909668 73.933013916
obstacle
0.0495375916362
230.087890625 140.034484863 157.903076172 47.248840332
obstacle
0.04292171821
75.0944442749 280.620849609 50.0803375244 61.5100097656
obstacle
0.027409600094
187.916915894 241.231124878 52.7356567383 63.0471954346
obstacle
0.0236340425909
226.653930664 8.66982269287 242.71685791 237.330169678
obstacle
0.0196685940027
49.3330383301 224.741394043 56.446182251 67.1339111328
obstacle
0.0181425362825
194.451385498 330.424133301 190.91015625 40.3413085938
obstacle
0.0176808424294
184.299575806 133.573806763 49.3654174805 62.7963256836
obstacle
0.0158613584936
20.9630317688 85.5756454468 55.0624351501 62.7200698853
