obstacle
0.970567464828
65.6818695068 113.893417358 418.423034668 134.294921875
obstacle
0.946650385857
0.0 104.044631958 210.926849365 71.0119934082
obstacle
0.931800723076
375.140319824 107.279876709 124.21862793 163.597869873
obstacle
0.908534765244
0.0 69.6707229614 102.609985352 195.612457275
obstacle
0.58539056778
399.261627197 166.636108398 34.7111816406 68.8305053711
obstacle
0.506162822247
10.9297637939 134.815734863 232.254516602 143.052947998
obstacle
0.442358911037
342.749969482 183.341918945 146.742980957 39.6420593262
obstacle
0.41322183609
223.461776733 181.448425293 255.832351685 71.6599731445
obstacle
0.388962417841
27.6522006989 141.684906006 35.4188156128 65.1721191406
obstacle
0.341413408518
374.697998047 197.015167236 37.6640625 73.5377197266
obstacle
0.315139114857
189.770050049 152.016143799 41.9258728027 60.0880126953
obstacle
0.276867181063
116.827560425 222.002288818 38.8147277832 55.2854003906
obstacle
0.236384943128
293.91809082 170.72114563 44.6192626953 56.7253417969
obstacle
0.210640758276
124.478088379 172.89213562 41.970703125 60.9445495605
obstacle
0.187176674604
7.27965545654 143.023010254 35.6717834473 68.8354797363
obstacle
0.186483442783
163.419494629 157.681335449 154.178466797 43.421081543
obstacle
0.175698399544
317.449890137 184.197357178 47.665222168 64.5986938477
obstacle
0.17467148602
98.7151947021 180.682601929 149.9269104 46.1729125977
obstacle
0.153739407659
229.391723633 221.394424438 140.682006836 36.2251739502
obstacle
0.150552377105
210.70892334 144.961288452 47.7906799316 74.7028198242
obstacle
0.150423824787
1.96967697144 167.160476685 110.85357666 40.3552246094
obstacle
0.14651119709
42.4484977722 163.259353638 31.0605506897 56.0986022949
obstacle
0.143748223782
273.873291016 163.724975586 36.1742553711 54.8679199219
obstacle
0.142230957747
270.279571533 202.103729248 40.3851928711 60.9536132812
obstacle
0.129700496793
142.480072021 213.955993652 292.89251709 64.6534423828
obstacle
0.126071706414
159.634399414 155.623931885 45.9594726562 61.407989502
obstacle
0.121282674372
369.261779785 172.884979248 49.0664672852 54.0002746582
obstacle
0.0826182588935
337.721618652 175.478607178 48.9948120117 49.3143310547
obstacle
0.0819373801351
41.8874015808 123.558547974 39.3672218323 72.28125
obstacle
0.074104771018
0.415504455566 146.908721924 130.431915283 36.5993347168
obstacle
0.0705051347613
297.273742676 61.109752655 202.726257324 115.155151367
obstacle
0.0673393085599
76.4196929932 38.1752853394 202.458297729 175.676177979
obstacle
0.0502938479185
105.849380493 112.383293152 47.6253051758 58.423789978
obstacle
0.0363341681659
0.0 189.661209106 97.305770874 32.9138793945
obstacle
0.0315795391798
117.798919678 142.106384277 49.3189697266 59.2635803223
obstacle
0.010205751285
4.52462768555 178.631454468 165.779846191 62.9804382324
