obstacle
0.99614584446
0.0 138.698822021 137.444641113 67.9389343262
obstacle
0.977452993393
184.965988159 204.910614014 135.995864868 35.0238037109
obstacle
0.898772597313
139.977966309 195.352966309 325.830505371 50.5145263672
obstacle
0.833481669426
182.840560913 207.187072754 41.8610534668 30.0954284668
obstacle
0.819103062153
206.218444824 209.068969727 38.0321655273 20.109954834
obstacle
0.786906838417
73.0694656372 155.064880371 49.3913574219 53.2251281738
obstacle
0.609725892544
410.979614258 209.278701782 30.7301635742 20.9309692383
obstacle
0.607199788094
276.529083252 209.889663696 36.6569824219 28.4599914551
obstacle
0.574351787567
339.127319336 216.058883667 32.9022216797 18.0302429199
obstacle
0.566323161125
246.793792725 209.328033447 42.1967163086 28.7153930664
obstacle
0.532513856888
27.0407009125 151.517562866 49.7451095581 58.7168579102
obstacle
0.502829015255
166.074310303 209.742248535 37.7067871094 19.3497314453
obstacle
0.459888547659
52.3666992188 160.308166504 39.8274993896 27.1850585938
obstacle
0.431158304214
105.531791687 174.00604248 23.1121063232 28.6354675293
obstacle
0.426029980183
0.800944328308 166.568740845 28.655330658 32.8164672852
obstacle
0.397012174129
224.649688721 205.817611694 40.8439331055 30.571685791
obstacle
0.268519610167
0.0 103.547302246 311.407775879 120.995300293
obstacle
0.224781289697
303.996704102 215.477584839 36.9218139648 22.5584106445
obstacle
0.211338609457
118.267379761 181.847961426 20.6284179688 23.8314819336
obstacle
0.198025554419
138.265213013 206.198776245 29.2058105469 23.146484375
obstacle
0.17973934114
40.8012580872 168.314926147 28.5885810852 20.3120117188
obstacle
0.176906734705
87.5196838379 168.269790649 27.9710845947 20.392791748
obstacle
0.150492817163
72.8995819092 177.531677246 33.0213317871 22.4274902344
obstacle
0.140629202127
154.864486694 204.248962402 26.7889404297 19.6052856445
obstacle
0.0631482899189
120.569320679 194.886123657 33.4521789551 29.1120300293
obstacle
0.0548568665981
92.4294815063 182.54725647 28.1172637939 23.916229248
obstacle
0.054769769311
9.2610168457 177.556838989 117.114440918 23.5478210449
obstacle
0.0410107597709
52.2204666138 179.615325928 135.967895508 35.1499023438
obstacle
0.027457524091
196.903503418 200.272399902 24.450378418 19.8655700684
obstacle
0.0225420258939
0.366374969482 187.350204468 35.0708618164 24.2336120605
