obstacle
0.998652696609
128.17086792 162.019592285 262.086853027 80.5897521973
obstacle
0.926415979862
83.694480896 183.653564453 139.102722168 47.310546875
obstacle
0.80781853199
274.40133667 180.072280884 114.877929688 42.9827270508
obstacle
0.637223958969
358.921478271 182.344192505 34.5341796875 35.7922363281
obstacle
0.495770305395
101.466400146 124.970016479 37.3641204834 24.7163391113
obstacle
0.478340417147
77.91355896 192.065979004 37.9598693848 40.372253418
obstacle
0.341852247715
334.450927734 181.994644165 39.8717651367 26.7657470703
obstacle
0.334865063429
87.9961700439 166.522994995 44.4697113037 77.3442993164
obstacle
0.306363910437
174.386764526 197.596359253 39.1047668457 24.9593505859
obstacle
0.302244275808
135.397720337 186.786941528 39.4246826172 32.5215148926
obstacle
0.257557243109
265.578979492 160.952362061 50.2337646484 76.3372497559
obstacle
0.210781231523
309.519348145 185.934051514 43.3020019531 27.2593078613
obstacle
0.20552828908
246.8853302 179.388336182 47.3633880615 32.645904541
obstacle
0.193684995174
231.501022339 217.520202637 37.8992156982 24.7024536133
obstacle
0.146432176232
338.507781982 197.107437134 44.7830200195 26.9869689941
obstacle
0.145103722811
234.357925415 186.546783447 42.3266143799 50.8599853516
obstacle
0.132795810699
195.534408569 194.386703491 37.9250488281 23.5817565918
obstacle
0.124672077596
155.907363892 180.662094116 43.2286071777 41.7538452148
obstacle
0.117622755468
139.781234741 165.802047729 30.402923584 37.5727844238
obstacle
0.115956373513
187.762786865 203.713150024 152.514160156 40.294708252
obstacle
0.102450624108
281.515441895 181.830734253 47.3735351562 31.0748901367
obstacle
0.0871886983514
213.082305908 183.735183716 47.5889282227 31.8627929688
obstacle
0.0721433833241
212.577606201 206.233230591 40.0569152832 32.5994567871
obstacle
0.0543487332761
106.148162842 192.049209595 44.293762207 41.3715209961
obstacle
0.0475510172546
259.876525879 199.236938477 37.553527832 32.1329345703
obstacle
0.0173009354621
117.862815857 140.444793701 40.3114700317 28.3740844727
obstacle
0.0171818826348
266.444519043 25.8918609619 182.065734863 231.89982605
obstacle
0.0146307684481
214.33770752 132.824935913 37.8483886719 21.9502258301
obstacle
0.012168282643
61.7411117554 211.339797974 39.4695892334 27.2305908203
