obstacle
0.97032892704
110.486602783 150.532287598 281.211090088 55.2848510742
obstacle
0.664747774601
253.591491699 130.992172241 201.304748535 53.0430908203
obstacle
0.61516815424
400.996704102 144.997970581 33.9237060547 17.8321228027
obstacle
0.494386404753
335.590148926 163.351699829 37.9337768555 27.288482666
obstacle
0.483754128218
168.60597229 155.645080566 46.7494812012 57.0543518066
obstacle
0.476756900549
446.405670166 101.906036377 29.6694335938 18.7532348633
obstacle
0.467440575361
262.092041016 157.644592285 44.8870849609 43.4090576172
obstacle
0.410108596087
285.348937988 144.076431274 49.0960693359 60.8260192871
obstacle
0.342816591263
218.522827148 170.966278076 41.1760559082 26.0880432129
obstacle
0.296333670616
185.042770386 163.864685059 34.0856628418 25.436920166
obstacle
0.291210651398
344.623291016 142.191848755 23.7691650391 18.4332580566
obstacle
0.233414947987
417.611816406 137.335861206 32.3452758789 23.4913330078
obstacle
0.231264576316
312.965881348 153.464477539 48.083984375 44.6236877441
obstacle
0.228119015694
153.858169556 173.017578125 30.8210449219 21.0153808594
obstacle
0.20411041379
239.034729004 167.013961792 41.0990600586 31.6133422852
obstacle
0.162717834115
200.198165894 156.071548462 45.046295166 44.9632263184
obstacle
0.162385478616
346.513122559 148.547012329 27.0466308594 29.478729248
obstacle
0.152693644166
278.467895508 164.152908325 25.2963867188 20.2770690918
obstacle
0.117150373757
139.782150269 180.52645874 32.4027709961 18.6601257324
obstacle
0.106400445104
195.755172729 173.764587402 34.2380371094 21.1784973145
obstacle
0.103663310409
381.273986816 144.743743896 35.4407958984 21.2083740234
obstacle
0.0842248424888
295.733673096 167.519378662 43.3146362305 22.5673828125
obstacle
0.0671336129308
357.500610352 172.919754028 25.2964477539 22.229888916
obstacle
0.0646130517125
234.120391846 167.183074951 148.824707031 29.934753418
obstacle
0.0600402615964
329.556671143 146.618774414 31.8453979492 22.0105285645
obstacle
0.058834888041
241.703460693 38.9511489868 200.30480957 195.347381592
obstacle
0.0435690395534
135.27142334 172.47479248 144.102813721 27.5885009766
obstacle
0.0364236347377
432.017089844 106.847877502 38.6602783203 23.7388839722
obstacle
0.0307883601636
117.314361572 10.0099411011 219.24697876 238.18270874
obstacle
0.0201997552067
161.076309204 179.338485718 43.6017150879 23.3351745605
obstacle
0.0143766943365
364.045135498 146.627609253 35.0457763672 27.5426330566
obstacle
0.0117167960852
2.4380569458 15.439201355 101.379898071 244.027496338
obstacle
0.0113030960783
280.030609131 174.517684937 36.78125 20.8258666992
