obstacle
0.969514727592
128.164031982 162.996109009 244.603546143 75.7518615723
obstacle
0.876165390015
223.097061157 198.592147827 137.059616089 37.2452087402
obstacle
0.62689101696
338.024353027 91.9818878174 32.9203491211 18.9747772217
obstacle
0.496080726385
250.636489868 175.710021973 44.7714691162 54.7614440918
obstacle
0.494813799858
179.075469971 174.669448853 47.3775634766 56.5434570312
obstacle
0.473317891359
449.888977051 112.803771973 24.9641113281 24.427444458
obstacle
0.463976979256
307.719024658 212.523620605 35.1340332031 19.8047180176
obstacle
0.415866672993
424.634307861 117.96434021 72.0869140625 29.3026733398
obstacle
0.414248108864
281.363250732 213.485656738 35.4568481445 21.373626709
obstacle
0.319018870592
212.128616333 173.448486328 46.8141326904 46.5693969727
obstacle
0.267772972584
239.32611084 187.432556152 35.5163574219 22.8074035645
obstacle
0.224320665002
262.96081543 206.80418396 37.9472045898 25.4256591797
obstacle
0.219466969371
137.456420898 199.032913208 148.887207031 30.0380249023
obstacle
0.213146388531
158.424133301 185.70526123 43.8848571777 36.0490112305
obstacle
0.188552156091
197.440292358 178.638793945 33.9014282227 24.1522216797
obstacle
0.184078112245
249.190750122 174.987319946 25.8975372314 20.4866638184
obstacle
0.17763876915
446.182250977 127.295570374 29.264831543 18.8444290161
obstacle
0.17645919323
231.637680054 178.406234741 31.6417999268 23.2453918457
obstacle
0.155810341239
279.952331543 186.432510376 23.3787231445 18.5390625
obstacle
0.134786620736
156.914978027 164.718185425 122.718170166 40.8858032227
obstacle
0.127230763435
233.736312866 209.951690674 35.8078765869 20.2972717285
obstacle
0.126033559442
261.862915039 186.7787323 28.0285644531 21.519744873
obstacle
0.116353161633
288.690032959 195.385620117 23.3173217773 18.287322998
obstacle
0.108185783029
338.898162842 101.570907593 25.1942749023 18.8032226562
obstacle
0.107318274677
299.817016602 209.549987793 25.5973510742 17.6658325195
obstacle
0.107274964452
146.30897522 206.105041504 37.0467224121 19.886138916
obstacle
0.104006484151
197.429595947 207.448913574 37.2851867676 21.9441223145
obstacle
0.0998665392399
355.054382324 96.0755157471 21.3135375977 18.9268951416
obstacle
0.0904652252793
276.808410645 198.759124756 27.7238769531 23.2694702148
obstacle
0.0566885024309
181.01524353 174.439605713 26.292175293 19.4884033203
obstacle
0.0517952814698
3.24131774902 0.6096534729 229.12210083 57.5071258545
obstacle
0.0506852045655
181.410903931 188.956237793 31.5227966309 22.6751098633
obstacle
0.0433161780238
203.501663208 189.725570679 39.9746398926 22.1410217285
obstacle
0.0430534631014
463.114013672 110.066307068 19.6339111328 19.4061965942
obstacle
0.0423312298954
290.608398438 79.5250854492 199.665344238 71.9730834961
obstacle
0.0231982078403
469.856292725 123.878967285 26.8127441406 27.7152709961
obstacle
0.0214271917939
220.952880859 199.468734741 32.9495239258 26.9498596191
obstacle
0.0178741272539
192.266433716 23.9691238403 190.285324097 224.00390625
obstacle
0.0169174708426
12.0983276367 280.367523193 215.737045288 52.6324768066
