obstacle
0.982297539711
227.770553589 204.011413574 138.858047485 36.6782226562
obstacle
0.831099510193
250.323120117 202.276031494 41.3944091797 34.6805725098
obstacle
0.791436493397
176.956100464 198.015716553 316.540283203 58.7851867676
obstacle
0.670146107674
323.016906738 212.114852905 37.799987793 29.5967407227
obstacle
0.611119329929
220.436141968 205.372146606 45.861618042 29.6303710938
obstacle
0.51892375946
389.699249268 45.2199859619 24.6873168945 17.8399658203
obstacle
0.476674556732
289.546539307 213.754821777 40.904296875 26.4694519043
obstacle
0.435231208801
396.922363281 52.179069519 103.077636719 34.3063201904
obstacle
0.403986275196
346.740112305 221.762069702 30.2253417969 19.6500549316
obstacle
0.341103792191
452.979766846 81.7040328979 40.2569580078 29.6061401367
obstacle
0.315861821175
476.031524658 140.714935303 23.9684753418 19.5192565918
obstacle
0.304883360863
458.57208252 55.3359069824 34.0681762695 31.9147033691
obstacle
0.279213577509
275.27545166 215.609954834 29.2460327148 20.2302246094
obstacle
0.241401463747
465.066253662 148.885406494 27.6366577148 16.0586242676
obstacle
0.19079862535
472.636932373 91.2602767944 27.363067627 29.3653564453
obstacle
0.175376832485
465.83215332 72.5465774536 31.0836791992 24.8513336182
obstacle
0.161520689726
472.142791748 46.0647010803 27.857208252 30.6530265808
obstacle
0.150913178921
446.17010498 73.8999786377 35.8671875 21.9668121338
obstacle
0.138638228178
412.700927734 72.0010986328 87.2990722656 30.6142272949
obstacle
0.105884455144
481.138427734 249.980026245 18.8615722656 17.5864715576
obstacle
0.101047120988
474.772033691 117.857872009 25.2279663086 23.6605148315
obstacle
0.0828624814749
232.087799072 219.576080322 41.7890319824 22.5966796875
obstacle
0.0738252326846
327.581970215 18.6750106812 172.418029785 67.1929244995
obstacle
0.0638638064265
448.658233643 45.325969696 31.0115966797 20.719417572
obstacle
0.0579839721322
320.224182129 227.879226685 30.2067871094 18.3822021484
obstacle
0.0576917976141
436.596343994 64.3583755493 35.5464477539 22.6013641357
obstacle
0.0556889288127
481.165985107 278.926452637 18.8340148926 17.5257568359
obstacle
0.0457775816321
207.490585327 219.282043457 32.3120422363 18.8262329102
obstacle
0.044027261436
434.098205566 34.1325378418 65.9017944336 39.4582595825
obstacle
0.0405058376491
457.966217041 115.267417908 29.7015380859 21.5504379272
obstacle
0.0393205694854
341.189819336 299.915588379 158.810180664 33.0844116211
obstacle
0.0388671569526
303.802337646 232.337463379 30.0258178711 17.5259094238
obstacle
0.0385975427926
477.898406982 154.519622803 22.1015930176 20.2259521484
obstacle
0.026471035555
186.373794556 193.709152222 118.947250366 35.1098022461
obstacle
0.0253295451403
481.352386475 28.3585109711 18.6476135254 18.9240894318
obstacle
0.0202912110835
481.078613281 170.247329712 18.9213867188 20.4872436523
obstacle
0.0193038340658
15.8372268677 281.710845947 248.117858887 51.2891540527
obstacle
0.0176941305399
432.147674561 93.1320419312 31.3462524414 16.8416442871
obstacle
0.0175065975636
202.748962402 40.6622314453 184.893127441 232.078277588
obstacle
0.0155878700316
0.178108215332 9.05462646484 116.809753418 314.853240967
obstacle
0.0104922689497
0.0 24.2786483765 168.856048584 70.2304458618
