obstacle
0.960923016071
115.891830444 140.845077515 307.747558594 72.6007080078
obstacle
0.863471925259
344.750305176 145.122909546 57.1527709961 47.6731872559
obstacle
0.8143466115
54.7755737305 228.618469238 440.774047852 141.991943359
obstacle
0.498697638512
378.142944336 158.628082275 121.857055664 216.371917725
obstacle
0.48685336113
303.646850586 159.730026245 65.110168457 53.8220214844
obstacle
0.482762247324
270.122558594 158.280014038 51.0718383789 56.1242370605
obstacle
0.402185410261
360.755126953 311.457824707 139.244873047 50.4117431641
obstacle
0.375852614641
0.0 55.8177337646 279.285644531 319.182250977
obstacle
0.322812080383
448.179138184 300.727020264 47.1255493164 71.7828369141
obstacle
0.272558897734
7.88347053528 289.002288818 58.0192337036 73.7872314453
obstacle
0.272416561842
108.306037903 286.581237793 58.5186691284 76.5593261719
obstacle
0.270552039146
344.144927979 271.243255615 58.8352661133 92.4585571289
obstacle
0.262813717127
76.1137619019 280.513336182 60.0420303345 84.7896118164
obstacle
0.250650167465
271.71206665 286.073364258 197.525756836 54.7691650391
obstacle
0.248730972409
305.70880127 272.821655273 57.5506591797 88.477355957
obstacle
0.248094558716
0.934638977051 265.355285645 215.916595459 97.6689453125
obstacle
0.220991745591
266.621154785 273.626220703 58.6807250977 89.7002563477
obstacle
0.213330313563
195.808029175 268.062438965 59.1865844727 89.5139770508
obstacle
0.209474742413
175.63343811 276.648468018 197.614547729 55.0025024414
obstacle
0.204284608364
235.345016479 267.006591797 60.2995452881 92.8647460938
obstacle
0.201722070575
390.875427246 284.679748535 43.5308227539 77.1193847656
obstacle
0.199325501919
147.434371948 280.27331543 59.1661987305 82.0720825195
obstacle
0.17611990869
51.0025787354 286.846588135 43.3720550537 74.6901855469
obstacle
0.169869467616
81.9776687622 306.153991699 213.021392822 52.0148925781
obstacle
0.143378928304
246.192077637 172.869216919 49.4185791016 42.7213745117
obstacle
0.138213410974
222.892150879 36.3525543213 237.414978027 326.148925781
obstacle
0.134001404047
220.101547241 307.473907471 157.267837524 49.9271850586
obstacle
0.0951012372971
418.711669922 287.237731934 43.6256103516 84.5065307617
obstacle
0.0843548923731
330.393676758 265.485748291 44.4454345703 57.8511352539
