obstacle
0.981773793697
95.1799926758 202.31942749 116.119018555 33.4089050293
obstacle
0.946860909462
339.41583252 185.966293335 51.2272338867 25.8699645996
obstacle
0.941040456295
224.065322876 177.712966919 89.1951141357 21.1570129395
obstacle
0.889417409897
48.8624839783 163.154800415 49.5297279358 16.3217163086
obstacle
0.861925303936
149.807174683 165.378326416 43.1613769531 18.1747131348
obstacle
0.84711176157
150.578277588 172.267486572 44.3114624023 17.2571105957
obstacle
0.773628652096
303.766693115 198.626571655 21.0568237305 18.4432067871
obstacle
0.677125811577
291.571777344 195.074829102 29.5915527344 20.7468261719
obstacle
0.640274822712
54.9828262329 167.006347656 55.6537017822 15.3050231934
obstacle
0.556080818176
344.216156006 194.688446045 38.6503295898 22.6792297363
obstacle
0.483776986599
260.066589355 176.342575073 68.470703125 19.9481506348
obstacle
0.478454828262
95.1632385254 213.602920532 77.0353393555 23.6434020996
obstacle
0.466200977564
242.814544678 172.427978516 72.4539794922 16.6008300781
obstacle
0.435044795275
60.8885421753 173.360427856 60.0399169922 15.8858032227
obstacle
0.432749837637
121.55770874 198.003295898 74.9097900391 30.7827453613
obstacle
0.330252170563
292.954071045 204.407943726 28.1812744141 19.9537963867
obstacle
0.258515268564
170.008911133 317.824523926 26.9956054688 15.1754760742
obstacle
0.198125764728
310.879211426 192.836532593 22.1804199219 18.0927429199
obstacle
0.156823769212
97.9519958496 203.368499756 72.0630493164 25.308013916
obstacle
0.137605592608
231.697570801 183.487136841 57.6801147461 16.5893249512
obstacle
0.110157705843
357.837402344 194.527984619 33.2352905273 20.4422912598
obstacle
0.0834419429302
341.70501709 189.689071655 29.235168457 18.2274475098
obstacle
0.0814788341522
285.324462891 193.19644165 29.327331543 18.4201660156
obstacle
0.0540427342057
306.120025635 196.414596558 27.5790405273 26.1813964844
obstacle
0.0526292845607
235.152862549 189.065826416 47.8505859375 15.7933959961
