obstacle
0.674528717995
205.625610352 163.052444458 112.321655273 39.9956359863
obstacle
0.496228933334
195.291763306 152.056030273 206.79057312 47.7134094238
obstacle
0.484932899475
410.604736328 82.6180725098 37.2406005859 17.9007263184
obstacle
0.408383190632
413.248168945 86.7808532715 28.7067871094 18.401473999
obstacle
0.35093125701
412.194091797 79.181022644 25.0278930664 18.3361206055
obstacle
0.189425379038
411.054626465 87.0531234741 18.8565063477 16.1132659912
obstacle
0.112351410091
279.913391113 153.12562561 93.2224121094 38.1944580078
obstacle
0.0670439004898
284.359344482 161.351715088 75.8101806641 23.16796875
obstacle
0.0594203174114
207.926315308 162.89352417 93.8807525635 22.6190795898
