obstacle
0.559487462044
160.451538086 120.022735596 36.0596008301 23.2767333984
obstacle
0.459806680679
153.389099121 115.130447388 32.0243530273 27.951965332
obstacle
0.338268071413
420.534729004 82.8607559204 69.2944946289 21.0934295654
obstacle
0.301611185074
0.0 264.225982666 183.545776367 14.774017334
obstacle
0.270322620869
100.588256836 162.819107056 383.658569336 116.180892944
obstacle
0.233422368765
164.790679932 139.419067383 211.534973145 139.580932617
obstacle
0.191268831491
231.582611084 263.333709717 251.236083984 15.6662902832
obstacle
0.179152771831
166.142822266 112.083106995 22.6636962891 21.4237747192
obstacle
0.153119847178
247.152114868 129.027862549 220.757492065 149.972137451
obstacle
0.11663518101
196.353408813 184.22744751 64.8780670166 40.1005859375
obstacle
0.0831630155444
155.016403198 124.497962952 34.5947265625 29.1173934937
obstacle
0.0820416733623
258.335083008 108.122344971 48.3060302734 22.5255889893
obstacle
0.0813745707273
270.024017334 100.069038391 40.2739868164 19.4075469971
obstacle
0.0623725503683
194.872390747 183.74798584 39.9521179199 29.6107177734
obstacle
0.056438472122
416.091247559 88.0100784302 56.3827514648 20.1500091553
