obstacle
0.994900524616
88.2846908569 190.472610474 116.206031799 41.7694702148
obstacle
0.959903597832
297.185119629 197.276473999 198.471008301 52.0718688965
obstacle
0.936237990856
77.9019775391 171.667480469 133.64175415 86.8615722656
obstacle
0.926092684269
317.398529053 210.550384521 130.307434082 36.5657958984
obstacle
0.861070096493
326.283569336 203.889266968 73.3510131836 42.3316955566
obstacle
0.594031214714
403.807220459 214.10194397 89.9976196289 24.7376403809
obstacle
0.585744976997
329.508483887 206.193557739 41.4369506836 27.5226745605
obstacle
0.429272711277
0.0 193.142028809 59.5601387024 32.4905700684
obstacle
0.333426684141
274.687561035 135.219924927 33.6358032227 17.2794799805
obstacle
0.31144541502
97.0009155273 198.615341187 63.3478088379 26.8079528809
obstacle
0.22109952569
363.232910156 151.234069824 30.0709838867 16.9178771973
obstacle
0.113025538623
367.316589355 207.416503906 121.995849609 35.8165283203
obstacle
0.070073209703
8.05506896973 202.218338013 40.8302688599 25.340423584
obstacle
0.0503186285496
331.117614746 211.805877686 59.3436889648 25.0524597168
