obstacle
0.988986611366
243.143035889 149.951629639 173.395812988 55.8449401855
obstacle
0.90079498291
154.158477783 135.674285889 278.608886719 80.6044921875
obstacle
0.785501360893
117.989707947 145.654815674 29.2829360962 31.9507141113
obstacle
0.632655262947
128.19128418 147.969100952 28.5609436035 31.5039367676
obstacle
0.626291632652
122.617401123 138.040344238 31.2825927734 32.5713500977
obstacle
0.485817968845
109.390007019 148.515014648 52.082862854 38.2059020996
obstacle
0.255709409714
465.541503906 91.2789916992 26.0308837891 14.4376525879
obstacle
0.217766240239
100.325469971 107.185043335 23.2433013916 18.3001556396
obstacle
0.194985702634
105.074966431 138.393127441 43.4764556885 34.8986816406
obstacle
0.127606078982
116.38142395 133.875656128 20.2476501465 30.978515625
obstacle
0.118451416492
282.994873047 144.272338867 123.539550781 44.6828918457
obstacle
0.10397297889
108.090194702 132.349136353 44.5140686035 29.1775512695
obstacle
0.0812844932079
123.59727478 133.128234863 34.6810913086 58.8505249023
obstacle
0.0736554861069
125.000396729 135.688476562 20.9185791016 20.1785583496
obstacle
0.0639611184597
84.8363494873 116.301559448 119.734954834 111.976013184
obstacle
0.061395585537
118.625114441 128.876373291 23.3517990112 22.1883850098
obstacle
0.061009246856
128.473464966 128.661682129 28.2779846191 22.1795349121
obstacle
0.0607307814062
121.977355957 129.584960938 20.6700744629 46.4961853027
obstacle
0.050077021122
108.015144348 145.882293701 31.8693161011 49.572265625
