obstacle
0.996478736401
147.753875732 147.708618164 163.16986084 49.7648925781
obstacle
0.988704025745
273.852416992 57.587223053 89.3412475586 23.4583396912
obstacle
0.962872862816
297.348571777 66.7120437622 66.0690917969 17.1275787354
obstacle
0.953842639923
284.914978027 59.6843185425 69.1810913086 26.5757904053
obstacle
0.899108409882
400.760620117 62.5473670959 99.2021484375 28.2629890442
obstacle
0.889020383358
292.202209473 59.6102981567 66.1358032227 18.609085083
obstacle
0.887912094593
288.734680176 53.7481384277 65.0179443359 21.9535675049
obstacle
0.864367604256
185.09387207 149.470291138 113.999786377 44.1659851074
obstacle
0.825050532818
410.743835449 60.1402282715 72.4604492188 26.6057891846
obstacle
0.80646198988
289.189331055 54.4795684814 42.5565795898 24.532409668
obstacle
0.740786850452
283.905548096 51.3780899048 39.8137207031 18.8036575317
obstacle
0.700877606869
118.441207886 148.438095093 228.024124146 56.1301269531
obstacle
0.697088837624
286.676849365 49.4421577454 52.5686035156 24.8489646912
obstacle
0.692060887814
419.59979248 66.7317123413 49.6621704102 18.6643676758
obstacle
0.576472103596
275.186279297 60.5944900513 63.6505737305 21.1210021973
obstacle
0.531720638275
422.800201416 59.1578102112 65.2772827148 21.1749839783
obstacle
0.511377930641
282.76461792 70.9301681519 78.3260498047 17.1651611328
obstacle
0.497783213854
279.638793945 57.440071106 32.7502441406 19.6495056152
obstacle
0.383417367935
416.458770752 66.2556762695 70.4774780273 26.0646972656
obstacle
0.371092021465
415.940429688 66.3086700439 84.0595703125 35.2572021484
obstacle
0.285688519478
401.531402588 52.1753921509 98.4685974121 54.0157928467
obstacle
0.246094793081
205.766220093 153.24446106 95.2894439697 33.3348388672
obstacle
0.242081344128
290.583557129 62.0028877258 37.5726318359 22.9547691345
obstacle
0.196140006185
298.80355835 71.9547424316 55.5642700195 13.7402496338
obstacle
0.195647418499
155.953430176 156.895950317 140.026245117 30.8705749512
obstacle
0.129327058792
423.664306641 55.6357040405 47.5241088867 23.0179290771
obstacle
0.125630930066
290.282043457 64.2229995728 26.1489257812 21.2615203857
obstacle
0.0711608529091
416.506591797 48.3492126465 63.2465209961 29.2399368286
obstacle
0.070293225348
170.934173584 160.999542236 120.263916016 35.3018493652
obstacle
0.0688451230526
278.736114502 61.5516433716 19.8178710938 20.239440918
obstacle
0.0637421011925
424.300842285 71.9494400024 63.1903686523 25.612411499
obstacle
0.0618483349681
419.649780273 51.8184509277 77.8313598633 31.6217346191
obstacle
0.0618371218443
173.086288452 156.404998779 88.6232452393 32.9861450195
obstacle
0.0561585314572
292.892364502 48.5714874268 46.7578125 15.9702682495
obstacle
0.0553217232227
272.305389404 60.2703170776 48.5968017578 25.1341552734
obstacle
0.0538138449192
423.674865723 63.710723877 39.8574829102 18.3162689209
obstacle
0.0527412109077
215.420761108 150.944702148 71.1718902588 31.1569213867
obstacle
0.0520552843809
419.851074219 56.6252479553 60.2386474609 16.7587394714
obstacle
0.0508940033615
286.427001953 49.1816101074 42.1402587891 16.803817749
obstacle
0.0501980409026
288.182678223 57.3815994263 29.2210083008 21.1872406006
