obstacle
0.803439855576
70.9147262573 205.538116455 178.82989502 80.9951782227
obstacle
0.699241518974
79.125579834 213.2681427 104.182434082 60.2910308838
obstacle
0.666607141495
74.5645370483 222.905929565 146.053405762 46.7804412842
obstacle
0.549545884132
59.1680374146 213.852325439 191.061004639 41.5551452637
obstacle
0.54582798481
60.8348083496 208.204864502 284.154724121 60.0961303711
obstacle
0.3708512187
95.4002838135 105.032455444 120.590606689 22.6256408691
obstacle
0.356241464615
72.8590698242 216.765869141 98.5136566162 34.673248291
obstacle
0.344899535179
255.318817139 135.920028687 102.381225586 41.8551330566
obstacle
0.328741312027
112.340209961 110.933502197 73.9760742188 17.9637908936
obstacle
0.316112518311
64.7797775269 229.064880371 193.056793213 35.1016235352
obstacle
0.247318774462
261.392089844 124.406539917 84.8331298828 37.8711547852
obstacle
0.175965070724
259.90234375 131.283721924 71.7962646484 43.2157592773
obstacle
0.173010706902
261.298309326 151.882080078 85.4378051758 24.9585266113
obstacle
0.168913260102
140.976470947 117.947860718 32.4304199219 16.484085083
obstacle
0.15083783865
120.280166626 114.382392883 68.6176452637 18.8225479126
obstacle
0.146380707622
87.0626525879 220.937210083 101.771514893 40.0937347412
obstacle
0.145459786057
271.599822998 143.561431885 80.2202148438 31.1296081543
obstacle
0.130923256278
369.037872314 102.138168335 64.0394287109 25.5598602295
obstacle
0.128645300865
204.87677002 213.991195679 94.6518859863 35.0101928711
obstacle
0.128464609385
133.403961182 112.828399658 49.7659301758 18.2429046631
obstacle
0.127081856132
274.380737305 137.396820068 66.8591308594 24.0848999023
obstacle
0.123614728451
55.9527206421 212.257217407 228.631622314 29.8635559082
obstacle
0.121921643615
92.013130188 213.801269531 73.1903915405 50.5226745605
obstacle
0.11588884145
254.712875366 143.357070923 83.2144927979 27.4374389648
obstacle
0.107908174396
257.874023438 135.271865845 76.0635986328 24.5420227051
obstacle
0.101972982287
267.357879639 128.586837769 58.8206176758 32.9026794434
obstacle
0.101558953524
90.8540496826 199.667205811 113.299316406 105.04989624
obstacle
0.0957065969706
188.769134521 207.163208008 81.7052001953 32.4799804688
obstacle
0.0927373096347
288.221069336 128.119979858 28.3665771484 33.9617004395
obstacle
0.0921275541186
61.9651184082 201.568664551 323.709594727 51.5945739746
obstacle
0.0914700552821
130.338928223 110.984008789 77.4280395508 20.6770935059
obstacle
0.0891490057111
377.923461914 99.6990356445 46.2152709961 20.0399780273
obstacle
0.0855919420719
255.54095459 138.890609741 63.3797607422 24.811706543
obstacle
0.0854581296444
50.9950256348 187.051254272 176.026672363 107.984512329
obstacle
0.0854120850563
280.256896973 128.4322052 62.9748535156 42.2124328613
obstacle
0.0842935815454
129.365203857 106.730575562 66.3293762207 21.0059204102
obstacle
0.0796907395124
251.330856323 118.978935242 89.4904937744 34.4740982056
obstacle
0.0766329988837
102.903594971 218.612319946 59.3071899414 38.4253997803
obstacle
0.0747087746859
99.7914581299 235.910583496 108.055328369 35.9273681641
obstacle
0.0717195346951
0.82656955719 103.615318298 17.1887321472 32.0138473511
obstacle
0.0707636848092
288.07635498 134.208404541 41.3829956055 35.876953125
obstacle
0.0701921656728
283.755615234 137.26385498 53.6560058594 38.3706054688
obstacle
0.0656017959118
104.082199097 115.304718018 108.511016846 18.6760253906
obstacle
0.0645654797554
200.196060181 211.680862427 85.6072845459 30.3226318359
obstacle
0.0644377470016
83.38671875 218.029556274 39.9325714111 27.2645874023
obstacle
0.064405746758
84.6865692139 240.305969238 114.499755859 40.6341552734
obstacle
0.0636983886361
247.609359741 126.811752319 115.111953735 27.9892272949
obstacle
0.0609804019332
139.6459198 101.713241577 49.4761352539 19.8162384033
obstacle
0.0567867122591
125.503425598 115.761169434 35.2700424194 14.9522399902
obstacle
0.0539468675852
109.4246521 116.14806366 61.4978942871 17.3765029907
obstacle
0.0538516938686
299.65411377 130.408981323 34.2529907227 39.8312988281
obstacle
0.0533815734088
151.109237671 112.014389038 52.9901733398 17.3943481445
obstacle
0.0524476915598
246.047607422 125.68497467 80.1489868164 23.2679824829
obstacle
0.0509353689849
140.288253784 105.810317993 62.3231811523 17.9931030273
