obstacle
0.968725860119
169.796066284 138.476715088 268.707885742 83.2041931152
obstacle
0.706003010273
252.884536743 152.722076416 185.285079956 79.7375793457
obstacle
0.55924397707
177.348693848 151.687576294 78.6556091309 43.0205688477
obstacle
0.5350933671
169.862960815 124.203514099 242.438247681 77.924079895
obstacle
0.507264435291
262.829681396 170.020462036 154.083312988 51.984954834
obstacle
0.464948832989
242.566711426 152.645401001 175.586303711 45.9794311523
obstacle
0.329948663712
167.042816162 147.810028076 254.694763184 42.0101318359
obstacle
0.328939646482
262.002044678 146.300216675 113.78918457 58.375
obstacle
0.317803829908
297.658843994 176.628265381 95.5336303711 45.9333496094
obstacle
0.29359048605
258.600494385 129.317626953 122.891601562 110.265014648
obstacle
0.287402927876
274.567382812 146.121704102 80.3998413086 51.3326721191
obstacle
0.255887806416
293.529785156 143.975112915 121.158935547 107.579315186
obstacle
0.221643477678
365.244537354 164.621994019 23.3065185547 30.3441772461
obstacle
0.184933394194
352.084289551 164.786697388 28.9086914062 37.2824707031
obstacle
0.181952998042
349.524749756 169.370437622 39.3928833008 45.0473327637
obstacle
0.16516970098
356.631622314 156.444290161 29.6346435547 42.1896057129
obstacle
0.164247199893
333.356140137 171.934875488 58.7895507812 45.5172424316
obstacle
0.14438290894
353.842163086 162.875656128 48.1168823242 42.419128418
obstacle
0.125756368041
338.659393311 167.941375732 63.6329956055 41.4612426758
obstacle
0.125026702881
359.060180664 165.782958984 30.2510986328 41.6658630371
obstacle
0.124778479338
318.322540283 159.371582031 71.4251098633 49.6286621094
obstacle
0.123558990657
214.277420044 126.250076294 84.4460601807 36.7687683105
obstacle
0.117722786963
175.13482666 135.227935791 147.262695312 49.2872619629
obstacle
0.108685880899
294.011932373 172.906539917 120.352111816 41.252746582
obstacle
0.092874661088
339.048797607 166.199111938 41.6061401367 40.0516357422
obstacle
0.0927511155605
180.617584229 106.881919861 213.27911377 130.39163208
obstacle
0.0859279707074
246.172302246 141.094604492 153.207885742 42.407409668
obstacle
0.0842880755663
171.519439697 155.036834717 134.939056396 51.6806030273
obstacle
0.0827635750175
210.501953125 173.045898438 194.733337402 32.3589782715
obstacle
0.0810933187604
197.068847656 121.563491821 136.899291992 32.8368225098
obstacle
0.0806824192405
234.609115601 183.205047607 171.706008911 32.0619506836
obstacle
0.080185636878
0.0 73.4296112061 188.473098755 56.340713501
obstacle
0.0690298676491
0.0 76.2473220825 56.4855270386 41.4756469727
obstacle
0.0635559856892
175.248809814 127.484352112 167.700195312 35.1237106323
obstacle
0.0605663433671
359.905578613 159.79927063 22.4661865234 30.5926818848
obstacle
0.0569342002273
241.363510132 150.672302246 126.13142395 42.0873718262
obstacle
0.0564004443586
220.392547607 128.565734863 58.036895752 37.7705688477
obstacle
0.0557127520442
271.575744629 156.374908447 118.24420166 68.1135253906
obstacle
0.0543316602707
314.773284912 167.621398926 61.9785766602 46.7951965332
obstacle
0.0532780177891
283.075195312 161.746520996 96.6537475586 50.5914001465
obstacle
0.0530728138983
210.526031494 122.11026001 54.1897277832 45.4970397949
