obstacle
0.650501072407
186.011260986 211.923538208 196.105041504 35.1307983398
obstacle
0.343582004309
161.171829224 205.147491455 277.449523926 55.9560852051
obstacle
0.327596008778
190.666900635 167.244689941 139.557067871 24.145690918
obstacle
0.326285302639
279.405059814 213.29045105 94.905090332 36.7489013672
obstacle
0.299822390079
216.689178467 206.858551025 86.2965087891 45.8647766113
obstacle
0.253526300192
217.304656982 222.380859375 165.622680664 31.9757995605
obstacle
0.247195720673
202.32131958 172.658981323 70.3346862793 24.9439086914
obstacle
0.220885410905
305.5418396 214.446777344 68.2872924805 28.6038208008
obstacle
0.204838290811
192.853286743 214.423233032 122.200942993 40.3804931641
obstacle
0.190981581807
205.848602295 172.027175903 48.618560791 22.3343811035
obstacle
0.188797384501
212.980148315 220.281402588 89.743637085 27.4132995605
obstacle
0.18271510303
218.507873535 209.253173828 72.5784301758 33.4909057617
obstacle
0.177417457104
253.939376831 111.03503418 36.5503387451 31.366897583
obstacle
0.159598618746
254.850036621 108.832359314 44.1071777344 42.3912734985
obstacle
0.150867640972
191.922470093 164.957366943 107.084457397 23.2707519531
obstacle
0.147649586201
228.180541992 210.402236938 154.557800293 30.5132446289
obstacle
0.134757578373
258.057006836 114.565177917 29.0303955078 36.8332290649
obstacle
0.126869469881
233.321655273 211.860046387 52.5328979492 27.1598815918
obstacle
0.126609891653
200.350860596 156.692382812 127.832641602 27.0564880371
obstacle
0.124791048467
205.876831055 151.928421021 135.362792969 26.5244750977
obstacle
0.118314526975
205.534408569 165.406097412 62.9552154541 21.4729614258
obstacle
0.117455780506
216.465255737 167.92288208 48.9939422607 23.521697998
obstacle
0.11131016165
201.854629517 170.505325317 38.4682922363 22.6036682129
obstacle
0.110776484013
287.053039551 212.256912231 74.6115112305 29.9166870117
obstacle
0.106563895941
136.72895813 189.570236206 273.504089355 62.3416442871
obstacle
0.103870250285
160.417419434 200.600250244 213.032592773 38.0595397949
obstacle
0.100870087743
199.003845215 207.223464966 130.623596191 33.9381713867
obstacle
0.098414555192
256.130889893 216.917892456 105.565490723 28.491973877
obstacle
0.096397086978
138.049697876 209.629486084 216.343185425 32.610748291
obstacle
0.0919988900423
237.062179565 196.980606079 72.6358795166 31.527557373
obstacle
0.0886850506067
201.266296387 163.701156616 45.8472595215 21.5081481934
obstacle
0.0874336734414
225.916351318 169.310775757 40.9106445312 27.495513916
obstacle
0.0868251621723
234.131958008 203.369232178 80.9898681641 34.9762878418
obstacle
0.0866492465138
162.882598877 170.385620117 224.000061035 61.6466369629
obstacle
0.0839209184051
222.873916626 163.821929932 33.0232849121 26.5854187012
obstacle
0.082968890667
230.594985962 207.696685791 46.8092498779 25.0843505859
obstacle
0.0810852274299
219.626403809 214.157852173 105.810241699 33.3847351074
obstacle
0.08019977808
203.446960449 177.535049438 146.254272461 20.504486084
obstacle
0.0781654566526
220.827789307 159.432144165 67.0477905273 32.51953125
obstacle
0.0768598765135
262.173706055 117.085868835 18.283996582 32.4788894653
obstacle
0.0734902247787
218.496826172 202.50428772 107.225524902 28.4526977539
obstacle
0.0726981163025
314.013153076 197.910217285 46.0088500977 36.6413879395
obstacle
0.0703217238188
225.069137573 163.972229004 48.786819458 25.2831726074
obstacle
0.0658018887043
237.337738037 156.582687378 34.2238464355 30.479095459
obstacle
0.0644822642207
245.296127319 193.406524658 72.7422943115 25.6531066895
obstacle
0.0598284043372
150.458587646 218.175964355 208.303985596 27.4163208008
obstacle
0.0575810112059
233.095046997 217.952606201 55.0407562256 26.4213867188
obstacle
0.0573734380305
202.241027832 174.485366821 42.5028076172 24.7577819824
obstacle
0.0566720254719
265.028686523 121.952255249 19.7592773438 27.359161377
obstacle
0.0530524998903
251.715652466 182.434906006 51.1652984619 22.9977111816
obstacle
0.0512159988284
245.802490234 116.084587097 51.083984375 42.1960830688
obstacle
0.0501606538892
242.584518433 185.253097534 77.1757049561 22.5825805664
