obstacle
0.255545169115
122.007125854 130.439193726 51.0885314941 27.6292114258
obstacle
0.222627460957
130.339950562 116.845497131 47.508026123 31.9699020386
obstacle
0.20536108315
88.4630584717 14.461192131 58.6797180176 29.399433136
obstacle
0.178265929222
116.986099243 122.946502686 66.9868469238 34.6637878418
obstacle
0.17690910399
162.220947266 0.0 70.6150817871 16.9352817535
obstacle
0.176033273339
102.14276886 24.5609645844 47.0998001099 27.6167545319
obstacle
0.170503899455
132.21270752 125.793441772 49.2610473633 26.797668457
obstacle
0.139788210392
131.369979858 122.904159546 35.4423217773 25.2319641113
obstacle
0.136835351586
126.029327393 113.275054932 48.8081054688 27.9505310059
obstacle
0.12974075973
100.669570923 9.60554409027 34.6269226074 30.7869415283
obstacle
0.126197606325
83.9579544067 21.5293197632 65.9510421753 27.8342285156
obstacle
0.118531398475
125.684829712 128.464553833 44.1799316406 22.9559020996
obstacle
0.113484397531
92.4865722656 9.50398254395 36.1062927246 36.5548324585
obstacle
0.0968668311834
126.179573059 132.808319092 64.9256973267 30.6012878418
obstacle
0.0897038280964
133.878143311 117.443107605 28.0793151855 24.1095809937
obstacle
0.0820525288582
94.2453842163 0.0 42.635017395 42.3346252441
obstacle
0.0738367885351
128.983291626 125.585731506 31.9346313477 17.9355545044
obstacle
0.0666863769293
95.5742034912 14.9512329102 43.1099700928 39.36743927
obstacle
0.0630367770791
80.9998092651 16.8237190247 51.2806930542 26.2907028198
obstacle
0.0625750124454
90.9282226562 15.8107337952 37.0122833252 22.0080070496
obstacle
0.0610068924725
105.116607666 14.7505779266 31.9219818115 33.4760437012
obstacle
0.0608808062971
97.7441635132 7.50069904327 30.0782012939 29.1974182129
obstacle
0.0545429550111
114.926467896 125.242721558 50.1018981934 27.9415588379
obstacle
0.0503385365009
131.168121338 104.898635864 38.9873657227 29.5871734619
