obstacle
0.570770084858
288.654083252 302.410339355 76.055847168 71.5896606445
obstacle
0.532834351063
272.004852295 314.968902588 112.115539551 51.4125976562
obstacle
0.48925280571
284.163146973 305.548583984 68.1932983398 41.8036499023
obstacle
0.33708781004
239.353408813 290.198760986 162.619003296 83.8012390137
obstacle
0.320483416319
381.016357422 188.648590088 111.25994873 46.5347900391
obstacle
0.299607276917
283.91418457 331.545379639 89.4619140625 42.4546203613
obstacle
0.232972443104
370.538024902 196.452819824 129.461975098 32.2486572266
obstacle
0.227950319648
243.448196411 308.368438721 156.664840698 53.2886962891
obstacle
0.200506433845
273.030090332 322.959259033 79.6132202148 51.0407409668
obstacle
0.197248831391
263.792785645 327.242462158 104.344909668 38.7849731445
obstacle
0.141436442733
312.397888184 312.296173096 63.0475463867 61.7038269043
obstacle
0.133420348167
415.637939453 190.774490356 64.4848022461 26.9566345215
obstacle
0.117070674896
412.047729492 185.557388306 58.1900634766 27.7948608398
obstacle
0.113916642964
390.714599609 184.576293945 88.9932250977 40.5269775391
obstacle
0.113653555512
230.547149658 352.67666626 93.010925293 21.3233337402
obstacle
0.103173665702
297.564331055 325.755310059 66.0861206055 41.0665283203
obstacle
0.102637954056
256.79864502 323.129150391 73.428894043 50.8708496094
obstacle
0.100061401725
241.767410278 317.340881348 128.430221558 56.6591186523
obstacle
0.0942697674036
361.588562012 185.555023193 138.411437988 36.5622253418
obstacle
0.0825849100947
404.75201416 190.554397583 83.9321899414 37.5328674316
obstacle
0.0786103755236
251.865753174 318.905456543 96.3713989258 43.0302734375
obstacle
0.0784718245268
393.31149292 194.754074097 69.4967041016 29.6597900391
obstacle
0.0715941041708
284.204956055 311.075683594 45.0022583008 62.9243164062
obstacle
0.0671775117517
313.485565186 293.653991699 23.6574707031 51.5080566406
obstacle
0.0650971159339
384.008300781 200.977081299 76.3508911133 29.5227661133
obstacle
0.0626230761409
237.304763794 318.459747314 82.137008667 44.9147338867
obstacle
0.0621873699129
244.629486084 337.209655762 133.882263184 36.7903442383
obstacle
0.0595409274101
309.90057373 319.963378906 45.3198242188 54.0366210938
obstacle
0.0583375990391
242.819458008 319.390472412 53.5920410156 40.4107055664
obstacle
0.0581694208086
269.991149902 311.352416992 94.7082519531 45.1279907227
obstacle
0.0555056668818
301.605712891 300.782470703 48.1767578125 73.2175292969
obstacle
0.054459169507
410.492584229 197.03843689 67.0997314453 26.4170227051
obstacle
0.0529853105545
397.714782715 196.524475098 77.6787719727 34.8336791992
