obstacle
0.393479973078
32.5676078796 260.579528809 121.297637939 18.4204711914
obstacle
0.316621392965
149.179672241 120.189361572 50.6622619629 31.3098449707
obstacle
0.307195961475
305.413116455 261.949737549 145.041442871 17.0502624512
obstacle
0.293188154697
99.1001586914 263.601745605 124.909240723 15.3982543945
obstacle
0.257767438889
268.561920166 102.148109436 37.8049926758 17.991973877
obstacle
0.257767438889
274.017791748 105.976524353 28.0079345703 18.2202453613
obstacle
0.24175684154
352.491943359 215.8956604 44.6661987305 49.4730224609
obstacle
0.231415092945
323.539642334 158.851318359 95.1780395508 120.148681641
obstacle
0.212708413601
334.010406494 219.624832153 60.9450073242 59.181137085
obstacle
0.209303870797
74.8545455933 226.956436157 48.9533996582 35.5924530029
obstacle
0.183968603611
68.9647674561 161.080657959 393.289306641 117.919342041
obstacle
0.167225793004
338.158752441 219.080932617 47.0415039062 32.926361084
obstacle
0.163461819291
221.578765869 217.058227539 80.2076416016 45.3613891602
obstacle
0.152222082019
54.2295379639 252.915771484 87.2101745605 26.0842285156
obstacle
0.147155612707
159.46736145 127.220603943 27.1645812988 20.2389297485
obstacle
0.146996080875
267.731719971 213.784332275 163.875610352 46.9324035645
obstacle
0.143093064427
316.566650391 219.372360229 87.9940185547 42.46434021
obstacle
0.142308846116
281.53894043 106.400054932 28.1255493164 17.1979980469
obstacle
0.14185257256
163.984191895 113.654968262 190.480224609 165.345031738
obstacle
0.138169154525
212.274581909 197.970703125 50.6803436279 37.0364379883
obstacle
0.137882009149
354.859893799 228.030212402 40.8632202148 50.9697875977
obstacle
0.131894081831
438.844543457 84.3133850098 48.9581298828 17.3569030762
obstacle
0.125720947981
190.712661743 185.632965088 86.4646759033 47.4678955078
obstacle
0.117294669151
267.819671631 97.5077133179 34.0443115234 17.9326324463
obstacle
0.108834043145
30.6870956421 256.408691406 173.761413574 22.5913085938
obstacle
0.106589920819
326.672424316 223.611709595 59.1676025391 39.1605072021
obstacle
0.0993035286665
126.857925415 181.523895264 90.4258117676 39.2833557129
obstacle
0.0960485413671
64.0007629395 217.661376953 86.9712982178 48.4522094727
obstacle
0.0942071527243
133.711853027 169.509811401 78.4020996094 43.2806396484
obstacle
0.0939028486609
64.7276535034 230.856399536 67.4074172974 36.9436798096
obstacle
0.0922863334417
215.213851929 200.419494629 59.8060455322 45.5450439453
obstacle
0.0846500471234
245.877227783 206.792663574 173.62701416 43.1929321289
obstacle
0.0821509584785
322.969085693 229.116958618 80.123840332 40.9749603271
obstacle
0.0797664299607
140.694366455 220.742675781 51.4394226074 37.0255432129
obstacle
0.0797132700682
315.191619873 206.966018677 81.7066650391 44.3144226074
obstacle
0.0763654485345
292.432434082 227.572906494 137.561523438 41.8161315918
obstacle
0.0755571573973
152.595092773 139.381866455 347.404907227 131.976348877
obstacle
0.070421949029
104.251457214 128.977661133 221.368225098 147.731170654
obstacle
0.0704031959176
218.264541626 134.156402588 224.383529663 144.843597412
obstacle
0.0688387155533
265.302368164 157.827667236 233.619445801 121.172332764
obstacle
0.0683663487434
204.220596313 205.925567627 91.3513641357 55.6995849609
obstacle
0.067418217659
422.595794678 80.7727890015 57.5889892578 21.6629486084
obstacle
0.067066706717
426.813690186 88.0010452271 62.4680175781 18.9258728027
obstacle
0.0664490908384
127.362182617 226.439117432 64.543548584 37.043762207
obstacle
0.0658107921481
223.262298584 208.024154663 99.7760620117 45.4322509766
obstacle
0.0649615675211
328.361999512 185.709197998 42.6326904297 23.8916625977
obstacle
0.061870303005
267.207763672 96.473991394 46.3186645508 24.6705780029
obstacle
0.0616738051176
225.048950195 209.975814819 64.0720214844 45.552734375
obstacle
0.0612063445151
139.312774658 191.600463867 177.106689453 35.5881347656
obstacle
0.061003614217
131.39465332 217.452835083 78.7968444824 44.44871521
obstacle
0.0592977702618
349.033508301 184.869995117 42.4088745117 23.7781982422
obstacle
0.0565103106201
68.9619903564 120.611984253 372.873962402 141.076553345
obstacle
0.0561803206801
79.1370315552 201.726699829 160.920196533 30.5246276855
obstacle
0.0560838356614
97.713973999 196.072296143 93.4465332031 40.308380127
obstacle
0.0556530877948
232.657470703 220.229827881 211.268615723 31.5146789551
obstacle
0.0550428442657
141.261871338 219.420288086 36.3214111328 29.9416809082
obstacle
0.0540770962834
347.20602417 191.465270996 88.153137207 37.8391113281
obstacle
0.0534249506891
443.505157471 77.3650436401 43.0603027344 18.784286499
obstacle
0.0533531606197
83.9739074707 202.017913818 95.8015136719 38.4781799316
obstacle
0.0518097653985
204.925765991 185.237060547 286.467224121 87.4378356934
obstacle
0.0508797653019
240.70324707 206.355194092 71.6424560547 41.7854309082
