obstacle
0.992458105087
13.5983734131 112.344413757 333.23059082 87.9329605103
obstacle
0.968143939972
189.577789307 183.694671631 175.46875 69.6271362305
obstacle
0.964154958725
190.573074341 118.882148743 148.286178589 35.977684021
obstacle
0.935481667519
30.0526733398 188.422286987 404.807220459 83.6242828369
obstacle
0.928868949413
162.200241089 195.221969604 216.542434692 47.8049316406
obstacle
0.916001498699
276.643859863 122.199539185 47.7323608398 20.7762451172
obstacle
0.893847048283
186.238555908 163.135192871 178.819213867 118.500244141
obstacle
0.89057469368
150.394378662 118.427642822 194.065338135 44.4812011719
obstacle
0.876378118992
254.101043701 125.13874054 68.9224243164 20.7135543823
obstacle
0.826519072056
153.786499023 180.482131958 246.594116211 83.916885376
obstacle
0.788896977901
26.6695404053 207.305023193 183.215194702 61.7659606934
obstacle
0.785976111889
232.995864868 117.17729187 98.1660614014 25.8465881348
obstacle
0.783554673195
101.926818848 107.661026001 104.285247803 62.8642578125
obstacle
0.757935106754
330.262573242 63.8667449951 137.625427246 32.5854492188
obstacle
0.749299824238
18.6017913818 96.9170837402 316.166259766 80.5155944824
obstacle
0.729273498058
42.52368927 104.976867676 168.684997559 39.0376281738
obstacle
0.71150457859
48.18724823 92.0421600342 222.984405518 101.011474609
obstacle
0.642237246037
264.208099365 117.587554932 52.1626586914 18.9214324951
obstacle
0.583187043667
67.356300354 102.876609802 179.782714844 60.1799240112
obstacle
0.570759296417
46.5287628174 203.28565979 110.977890015 68.6224212646
obstacle
0.566416680813
370.338378906 65.1451950073 87.6407470703 33.4110412598
obstacle
0.553217351437
25.7177352905 188.290252686 194.666992188 100.343597412
obstacle
0.528737843037
349.691558838 45.4781112671 41.2708740234 41.0017700195
obstacle
0.509404718876
3.71636962891 194.195831299 304.761627197 81.4786682129
obstacle
0.500148892403
185.568389893 114.680145264 137.106292725 57.8230285645
obstacle
0.497175008059
26.1054382324 144.228485107 344.048187256 148.011260986
obstacle
0.496277302504
237.413726807 182.719665527 109.938476562 68.2633361816
obstacle
0.484024256468
343.299041748 38.7937889099 43.217590332 44.2050056458
obstacle
0.467589497566
18.1864929199 99.6931381226 226.782287598 183.653900146
obstacle
0.394345313311
163.39553833 108.719398499 205.739257812 175.957946777
obstacle
0.393610626459
84.4424743652 111.431594849 99.9889526367 29.8679962158
obstacle
0.392031431198
386.127838135 63.6480331421 56.9678344727 25.7796325684
obstacle
0.373549461365
39.8984985352 109.392242432 364.96697998 129.450683594
obstacle
0.372993886471
384.02142334 69.4727935791 62.1465454102 30.0766906738
obstacle
0.345668107271
125.795425415 193.574676514 237.934188843 64.0806884766
obstacle
0.308304041624
39.2416763306 201.748352051 194.331207275 53.6682128906
obstacle
0.30455493927
341.288391113 39.0243415833 63.9342651367 55.2878684998
obstacle
0.303148955107
38.0116119385 109.577377319 233.574752808 44.8756103516
obstacle
0.279617905617
346.151672363 42.6913757324 48.0419921875 60.6461334229
obstacle
0.268376678228
42.9559326172 95.5871200562 382.314178467 99.8639907837
obstacle
0.257638543844
336.322021484 62.4101638794 61.2359619141 39.4768371582
obstacle
0.246685221791
337.274414062 54.8577575684 86.1413574219 40.9068450928
obstacle
0.23329693079
341.720214844 57.8854141235 42.0623168945 30.5030517578
obstacle
0.229690015316
336.168304443 46.8112754822 49.5703735352 50.4632301331
obstacle
0.20021109283
92.0436096191 99.4480285645 57.0682678223 36.9595184326
obstacle
0.194430291653
85.7029724121 196.826553345 96.6939697266 51.5200195312
obstacle
0.194157347083
108.005935669 102.178184509 69.5178833008 48.1980056763
obstacle
0.188479438424
346.832733154 54.1439743042 48.8371582031 36.8380889893
obstacle
0.176346883178
93.561630249 205.152374268 105.661651611 48.6003112793
obstacle
0.175023674965
52.31615448 107.024681091 68.8003692627 52.0332260132
obstacle
0.172588780522
53.8959693909 190.779083252 86.5370635986 65.7462158203
obstacle
0.171745851636
222.664459229 187.079544067 105.373962402 56.9465332031
obstacle
0.162657216191
371.212585449 66.7754669189 57.1728515625 29.4870452881
obstacle
0.159759923816
95.5128860474 122.409072876 106.540458679 59.4102172852
obstacle
0.134995147586
56.0822906494 196.479125977 60.9659729004 47.1690063477
obstacle
0.113276995718
68.8479766846 201.445831299 74.7983398438 38.7763671875
obstacle
0.106999479234
337.291900635 64.2624588013 39.0137939453 22.2854309082
obstacle
0.104527436197
306.539367676 56.35389328 173.730529785 53.1126747131
obstacle
0.102357037365
49.9031295776 210.594100952 101.457313538 43.9177246094
obstacle
0.089512348175
86.5904846191 76.7399673462 253.207092285 186.539489746
obstacle
0.0875193700194
55.6972503662 107.311599731 82.2387542725 38.8860931396
obstacle
0.0839767605066
101.876441956 201.550415039 60.7584762573 54.3427734375
obstacle
0.0835931971669
45.6665153503 99.771987915 62.630191803 50.2913513184
obstacle
0.0814291909337
274.593048096 113.328041077 31.1410522461 16.0890274048
obstacle
0.0805608332157
71.4336700439 202.810668945 97.192779541 56.2255249023
obstacle
0.0771815106273
77.8957748413 96.4822235107 130.257415771 42.0871582031
obstacle
0.0765124186873
212.503631592 127.559753418 121.559997559 164.11138916
obstacle
0.0716158375144
45.1696662903 206.688659668 72.8084564209 56.6946411133
obstacle
0.0697714090347
306.738006592 51.223274231 142.524475098 40.3531341553
obstacle
0.0676494091749
267.893432617 113.831222534 46.2911987305 18.8794555664
obstacle
0.0676483884454
341.126251221 68.0220947266 29.2423706055 22.4420623779
obstacle
0.0653237104416
105.249824524 95.6322097778 54.1802902222 36.9223251343
obstacle
0.0647259578109
352.75213623 58.9953460693 61.6974487305 33.879196167
obstacle
0.0646665841341
9.62908172607 213.595016479 206.745483398 38.958984375
obstacle
0.060923922807
95.1283874512 158.430862427 321.364746094 100.031143188
obstacle
0.0599633865058
249.624588013 175.37701416 89.0103912354 59.5668945312
obstacle
0.0597001090646
268.760314941 179.911834717 61.0458984375 41.3145446777
obstacle
0.0564615093172
101.204017639 67.2511672974 113.692588806 186.229248047
obstacle
0.0562723763287
218.449768066 167.668945312 128.988037109 64.492767334
obstacle
0.055390778929
27.3775482178 116.746353149 215.818664551 48.4946594238
obstacle
0.0552484802902
357.317779541 54.1656608582 30.9649047852 34.7652320862
obstacle
0.0517719872296
31.0437850952 82.7947387695 187.135406494 91.6753540039
obstacle
0.0516589395702
352.784545898 53.5215263367 27.5397338867 33.9944648743
