obstacle
0.997520387173
103.979644775 185.254440308 78.8579711914 21.0317993164
obstacle
0.996694922447
117.650039673 189.812973022 61.4644470215 15.4085998535
obstacle
0.984959542751
77.558631897 182.168228149 102.439079285 20.1330871582
obstacle
0.982188999653
306.610900879 180.351791382 109.066162109 30.4839477539
obstacle
0.980655193329
91.4831390381 179.106948853 91.9121398926 16.7939758301
obstacle
0.9681224823
315.175323486 188.637863159 106.857666016 23.5537719727
obstacle
0.96452921629
79.7151412964 189.540710449 85.3682632446 16.8819274902
obstacle
0.955128252506
103.701118469 183.668792725 63.0078659058 18.5641479492
obstacle
0.8236104846
87.0609741211 180.73928833 101.600769043 41.4213256836
obstacle
0.816044747829
328.270385742 184.115112305 76.9431762695 25.5213317871
obstacle
0.620059251785
415.414459229 272.060852051 84.5855407715 60.9391479492
obstacle
0.576879799366
354.751342773 191.253204346 44.9515991211 19.036895752
obstacle
0.57648897171
427.032409668 284.431671143 65.0051879883 48.5683288574
obstacle
0.557063937187
467.520263672 180.23109436 27.5645141602 18.5596923828
obstacle
0.530607640743
107.036491394 178.21446228 59.8534469604 16.8940734863
obstacle
0.399829000235
342.052276611 187.633148193 68.8588867188 24.7214660645
obstacle
0.387262672186
370.087402344 190.089065552 36.1986694336 18.9771118164
obstacle
0.373550504446
404.683502197 313.24230957 95.3164978027 19.7576904297
obstacle
0.326759815216
425.244262695 288.913604736 58.8846435547 32.6783447266
obstacle
0.30216127634
423.772247314 302.11239624 69.9544677734 30.8876037598
obstacle
0.203501552343
470.438598633 174.524353027 22.1588134766 17.6972045898
obstacle
0.159350216389
329.339355469 186.969177246 77.2010498047 33.8690490723
obstacle
0.124051332474
419.438262939 294.245239258 57.724609375 24.3151245117
obstacle
0.117965213954
387.49029541 279.605957031 112.50970459 37.7903442383
obstacle
0.112473390996
442.069915771 173.374450684 57.9300842285 19.3673095703
obstacle
0.106051176786
336.579986572 180.605621338 64.3233642578 20.3149719238
obstacle
0.096269518137
409.275360107 282.199005127 70.5402832031 50.800994873
obstacle
0.0817873626947
308.759399414 178.35748291 110.107299805 55.7890625
obstacle
0.0787498503923
413.817138672 294.56463623 83.8311767578 34.4864501953
obstacle
0.0716723650694
342.691101074 176.333862305 54.4658203125 19.8422546387
obstacle
0.0695190131664
334.528717041 169.646316528 57.9310913086 26.600402832
obstacle
0.0682656690478
439.16506958 291.246002197 51.204284668 36.7919921875
obstacle
0.064907990396
461.253723145 174.378311157 38.7462768555 22.385559082
obstacle
0.0639875531197
371.373565674 256.278869629 128.626434326 76.7211303711
obstacle
0.0621487051249
419.778503418 299.81338501 45.3426513672 33.1866149902
obstacle
0.0543646812439
375.435668945 188.098403931 28.0634765625 17.6156616211
obstacle
0.0532208569348
329.00982666 183.994842529 44.2233276367 19.9045410156
obstacle
0.0511959716678
362.039093018 186.266052246 43.6997070312 20.2137756348
