obstacle
0.998381495476
13.7481193542 25.0426063538 112.965637207 29.0200576782
obstacle
0.992364764214
71.0105438232 116.124038696 380.055297852 85.3602294922
obstacle
0.966078698635
61.0854911804 32.4088668823 65.1414489746 18.5031814575
obstacle
0.94411021471
200.095367432 120.587783813 187.106933594 70.4805908203
obstacle
0.921615421772
41.0000534058 28.9074859619 83.5626983643 23.4941253662
obstacle
0.907327950001
91.8428955078 38.3844833374 36.5361480713 16.7925872803
obstacle
0.907327950001
95.8506317139 40.3785591125 25.2666473389 16.5346984863
obstacle
0.903493106365
67.9749755859 37.3981056213 56.9817504883 17.471496582
obstacle
0.874833166599
29.5074691772 22.1232681274 86.0157012939 24.7542419434
obstacle
0.86906927824
84.4152908325 40.8283576965 30.9394836426 16.4084777832
obstacle
0.852081775665
369.641418457 52.1898803711 97.0372924805 17.3818817139
obstacle
0.846926748753
357.291870117 54.380027771 76.1246948242 16.8677520752
obstacle
0.793166875839
251.717559814 109.65625 124.538818359 82.6921081543
obstacle
0.702766001225
230.320571899 55.2038955688 24.6856994629 22.6110076904
obstacle
0.643677949905
261.309661865 117.189224243 109.174865723 57.5139160156
obstacle
0.58370912075
235.347442627 52.9879226685 20.4727172852 21.2651443481
obstacle
0.578681886196
228.071685791 52.8679656982 38.1411743164 23.1328582764
obstacle
0.578681886196
227.316040039 48.0186233521 34.410949707 21.0621261597
obstacle
0.577925682068
241.103027344 120.284385681 92.4419555664 76.3641433716
obstacle
0.569854080677
224.56439209 49.129360199 25.2808532715 21.413028717
obstacle
0.453764796257
68.2649002075 139.143295288 248.895080566 54.0327453613
obstacle
0.450919121504
232.165527344 48.7489356995 21.0089111328 21.3200950623
obstacle
0.425790816545
144.202957153 137.598999023 130.55241394 54.1950073242
obstacle
0.410806715488
381.975158691 47.9210700989 82.6746826172 16.3046569824
obstacle
0.409604668617
64.5234222412 158.447814941 92.4872741699 41.1952209473
obstacle
0.31469681859
351.511230469 51.1448822021 74.8134155273 17.5407104492
obstacle
0.298914968967
225.6065979 46.0589141846 18.753112793 21.3715744019
obstacle
0.293366104364
210.515960693 129.846206665 137.624328613 58.6797180176
obstacle
0.237986728549
227.44203186 35.2657966614 20.3665161133 29.6883087158
obstacle
0.220506995916
261.604797363 125.003173828 83.1981811523 55.0326538086
obstacle
0.198741495609
225.51373291 39.8034896851 50.4600830078 26.2887191772
obstacle
0.184550091624
358.749511719 59.1314201355 69.872253418 16.245388031
obstacle
0.166718110442
245.73727417 126.852005005 78.6235961914 53.5765380859
obstacle
0.127283513546
58.4768066406 145.622146606 198.23046875 55.6452636719
obstacle
0.125904217362
228.534133911 52.5799407959 23.1292724609 20.522315979
obstacle
0.115727283061
239.0887146 109.858520508 131.446411133 52.3415527344
obstacle
0.111687615514
222.94078064 43.5917472839 18.1753234863 25.4299964905
obstacle
0.108133271337
80.8112030029 136.735733032 316.856201172 43.5810546875
obstacle
0.106494650245
94.3547363281 130.16394043 180.088317871 66.9064331055
obstacle
0.106042996049
217.806167603 45.8972511292 51.8354034424 23.4807167053
obstacle
0.105827793479
228.288223267 48.4229774475 17.9927368164 27.2876396179
obstacle
0.103389710188
71.366569519 161.096054077 62.3433914185 33.5864257812
obstacle
0.0870033875108
271.229370117 117.751159668 82.8079223633 44.185546875
obstacle
0.0758015438914
201.493774414 129.940322876 129.096008301 42.7692260742
obstacle
0.0750874504447
77.1173324585 132.191467285 198.904510498 44.3374328613
obstacle
0.0725973844528
217.524505615 44.3369216919 34.3023986816 25.1536560059
obstacle
0.0674132108688
244.852844238 107.230041504 90.4220581055 66.7573547363
obstacle
0.061816431582
276.612945557 124.293106079 47.7761230469 55.6108093262
obstacle
0.0587640218437
218.250854492 123.6431427 157.421691895 36.4329223633
obstacle
0.0584149062634
285.734466553 122.3826828 50.2210693359 48.5560379028
obstacle
0.0576570630074
254.438873291 121.217071533 66.0419311523 48.7053222656
obstacle
0.0551211424172
36.4403800964 17.4710006714 64.5986366272 25.4742622375
obstacle
0.0546127185225
24.8022003174 26.2963638306 28.1234512329 20.7409667969
obstacle
0.0507463216782
184.768218994 124.585998535 75.4934387207 46.8620300293
