obstacle
0.961182415485
423.568786621 104.953704834 62.7421264648 17.5209655762
obstacle
0.956463515759
185.102325439 149.882156372 202.122680664 45.3917541504
obstacle
0.951585173607
59.8857345581 171.001327515 164.580932617 35.2633056641
obstacle
0.941965937614
444.997528076 97.251373291 38.1448974609 18.9795684814
obstacle
0.916021406651
201.290786743 145.452453613 212.040023804 41.1173706055
obstacle
0.915310561657
154.091003418 145.211029053 264.436401367 56.9757080078
obstacle
0.91390812397
444.531738281 103.191459656 39.5061035156 17.1013946533
obstacle
0.90470790863
453.143737793 104.388168335 25.6128540039 17.6104125977
obstacle
0.899531006813
443.936706543 110.888237 40.2074584961 15.1946258545
obstacle
0.899146676064
203.609771729 153.303527832 103.896453857 42.8497314453
obstacle
0.864365458488
424.40512085 97.9256439209 68.959777832 16.9618225098
obstacle
0.81450176239
79.7908859253 170.184005737 106.249000549 38.696105957
obstacle
0.746961474419
423.619689941 111.619918823 49.4097290039 14.7516174316
obstacle
0.676467299461
50.5169525146 167.990631104 302.473205566 47.9331054688
obstacle
0.627853751183
57.2040100098 179.048492432 200.812744141 31.5187683105
obstacle
0.617427647114
214.113800049 134.177154541 226.144958496 59.9616699219
obstacle
0.590668857098
191.002288818 162.196670532 173.641662598 31.5331420898
obstacle
0.560038685799
369.751281738 111.692871094 50.6988525391 16.1258544922
obstacle
0.55151540041
265.918304443 140.911743164 143.455505371 36.0843200684
obstacle
0.544849514961
310.377044678 141.491500854 88.5696411133 37.0220031738
obstacle
0.472658187151
64.4773712158 159.370361328 176.177978516 63.6078796387
obstacle
0.454159319401
96.1481018066 179.561096191 131.746704102 26.8473815918
obstacle
0.434190839529
218.726776123 160.569564819 77.9520874023 35.0872192383
obstacle
0.414984405041
214.698760986 142.448684692 182.925170898 66.1973266602
obstacle
0.398584276438
369.027374268 118.200157166 49.2760009766 14.5138473511
obstacle
0.339559465647
351.679046631 108.737487793 75.3886108398 14.9704284668
obstacle
0.245764046907
316.746154785 100.356658936 183.253845215 40.2586364746
obstacle
0.235569581389
263.682800293 132.548019409 149.617370605 31.2360839844
obstacle
0.22815836966
292.541290283 136.000183105 92.1589355469 35.595489502
obstacle
0.197006031871
257.032745361 151.055633545 103.136352539 42.0166320801
obstacle
0.195361122489
109.78490448 184.476699829 132.768310547 32.0493469238
obstacle
0.180523857474
436.988800049 99.0169830322 56.9714355469 20.525680542
obstacle
0.179429784417
442.937438965 96.8355102539 34.1752929688 15.1173858643
obstacle
0.174502715468
354.869262695 105.32964325 75.6945800781 14.7169647217
obstacle
0.127929240465
219.339294434 157.365814209 51.6105651855 30.0987854004
obstacle
0.100317373872
216.923828125 147.497512817 125.211608887 45.9379882812
obstacle
0.0888428017497
90.9610900879 165.771072388 71.2197723389 31.4192504883
obstacle
0.0849786773324
104.768676758 153.412704468 64.8746337891 39.6207885742
obstacle
0.0735821202397
277.009796143 147.269088745 56.5963134766 34.1551208496
obstacle
0.0732322484255
432.153381348 99.9967193604 53.6854858398 26.1761779785
obstacle
0.0718896314502
253.434875488 146.659683228 122.292419434 37.7571716309
obstacle
0.0714193955064
320.189544678 124.54574585 56.4580078125 44.4017333984
obstacle
0.0676367133856
100.206222534 160.74937439 71.622833252 40.361907959
obstacle
0.0658968836069
80.0398101807 166.473953247 159.48626709 31.8135986328
obstacle
0.0636870488524
317.856994629 145.335632324 39.505065918 21.8403625488
obstacle
0.0621927417815
219.670837402 142.776260376 83.9360351562 46.1973266602
obstacle
0.0601993352175
446.430511475 101.71396637 53.5694885254 20.5119934082
obstacle
0.0584735348821
98.5062484741 169.123733521 53.9947433472 32.4736022949
obstacle
0.0575641468167
38.1751327515 174.476272583 242.334991455 27.4580383301
obstacle
0.0573097243905
92.3006210327 154.785446167 52.5447769165 40.5158996582
obstacle
0.056229736656
432.815979004 91.3074188232 60.2340698242 22.0840301514
obstacle
0.0542373917997
235.44468689 107.793121338 261.878173828 76.8943786621
obstacle
0.0511706024408
281.373931885 125.570068359 127.406555176 33.1169128418
obstacle
0.0504363887012
311.78729248 140.252853394 56.0415039062 23.8486938477
