obstacle
0.988142073154
272.8125 153.593673706 70.1592407227 23.8572998047
obstacle
0.987315535545
135.093109131 189.556991577 162.60546875 56.5636901855
obstacle
0.979243695736
122.271026611 187.539245605 158.766021729 44.8167419434
obstacle
0.951155245304
250.729385376 156.361206055 102.547714233 23.8622436523
obstacle
0.941570401192
277.848480225 161.067733765 54.0629882812 21.4255981445
obstacle
0.925467252731
24.7615718842 136.439208984 31.7538928986 19.3116760254
obstacle
0.922116279602
258.801177979 149.940124512 84.151184082 22.1766357422
obstacle
0.914787530899
16.7455158234 132.829238892 48.2797546387 17.8197631836
obstacle
0.900162577629
25.9462356567 131.615219116 28.210647583 19.8890991211
obstacle
0.873111307621
279.110015869 146.960754395 51.9797363281 22.4226379395
obstacle
0.871623456478
120.402618408 178.851608276 165.403503418 80.4401397705
obstacle
0.870259344578
171.83744812 183.768081665 103.329391479 59.3147888184
obstacle
0.756627321243
122.878692627 191.183914185 101.646209717 26.4215698242
obstacle
0.746095955372
19.4013557434 129.562759399 37.6502075195 18.5364685059
obstacle
0.709433078766
212.725341797 112.945358276 33.5537109375 17.30519104
obstacle
0.667969286442
284.897003174 157.893707275 49.1084594727 19.616027832
obstacle
0.511406898499
275.310119629 161.019683838 30.8489990234 18.0014648438
obstacle
0.488273382187
130.465789795 192.586791992 62.2796936035 21.606628418
obstacle
0.447254657745
126.337036133 186.046066284 120.913726807 38.0864562988
obstacle
0.429527789354
272.923583984 156.146942139 27.0121459961 18.1498718262
obstacle
0.398279249668
132.403869629 184.953170776 71.5992736816 28.0799255371
obstacle
0.380827158689
12.7862358093 123.534454346 58.0130805969 20.9334106445
obstacle
0.376591622829
201.560852051 113.544891357 52.952331543 18.8959503174
obstacle
0.367025285959
262.85333252 157.961105347 65.4166259766 20.5900268555
obstacle
0.346162348986
208.16557312 120.416313171 29.3873596191 16.5081558228
obstacle
0.342588037252
235.667282104 153.843856812 29.9558868408 25.7926330566
obstacle
0.334315687418
239.504547119 160.963668823 20.7934570312 23.7600402832
obstacle
0.328940868378
234.249313354 165.050827026 33.62840271 19.4206237793
obstacle
0.326906621456
230.94883728 157.971893311 30.2171783447 20.069152832
obstacle
0.30583781004
283.86138916 162.376800537 38.9758300781 16.644317627
obstacle
0.261141240597
196.422576904 112.380737305 74.9024963379 21.7745513916
obstacle
0.259152501822
244.1512146 153.656326294 20.2720031738 20.1910400391
obstacle
0.257783830166
237.338562012 148.356231689 31.2900085449 19.8332519531
obstacle
0.256089687347
282.913574219 142.671981812 44.1565551758 19.9745788574
obstacle
0.250443816185
230.457580566 153.282623291 51.7075195312 26.9458618164
obstacle
0.235340207815
127.456130981 189.886352539 47.1504821777 20.0512084961
obstacle
0.230841010809
154.187103271 183.201446533 84.6314697266 52.2915344238
obstacle
0.224211916327
137.118591309 197.5050354 44.283782959 19.0377502441
obstacle
0.217474237084
230.394332886 161.570449829 49.422744751 22.699005127
obstacle
0.20768584311
192.90612793 110.362854004 64.1087646484 19.0816345215
obstacle
0.206200882792
246.110977173 162.436004639 30.4282989502 18.6580200195
obstacle
0.19319960475
124.744514465 196.206954956 66.9907150269 24.1536865234
obstacle
0.164178013802
11.0260047913 138.799224854 48.2865447998 16.1205444336
obstacle
0.143183633685
285.399963379 137.478927612 39.3336181641 21.4836730957
obstacle
0.127608180046
273.937530518 146.620193481 36.4711303711 17.5802612305
obstacle
0.112706117332
144.092193604 167.967041016 171.770690918 79.6979980469
obstacle
0.112247765064
253.238174438 158.186065674 24.9226837158 17.3426818848
obstacle
0.103986419737
146.693237305 181.111450195 65.1973876953 38.9989013672
obstacle
0.0940889269114
161.975830078 189.660217285 101.165008545 39.1937866211
obstacle
0.0821930915117
24.3442173004 113.599113464 25.4941310883 21.0194015503
obstacle
0.0725037530065
16.0630474091 115.723587036 55.9037094116 26.8761291504
obstacle
0.0723734050989
44.9469184875 110.464820862 18.4649505615 21.3355331421
obstacle
0.070715598762
241.509857178 165.416244507 22.5205383301 22.5122070312
obstacle
0.0673969686031
134.875762939 192.885772705 72.8246154785 33.7991638184
obstacle
0.0636851787567
134.909988403 180.640258789 62.9495544434 26.8293457031
obstacle
0.0606786198914
233.235946655 139.961166382 29.5075531006 33.4700927734
obstacle
0.0598727539182
170.980422974 180.560165405 51.7276000977 53.1704406738
obstacle
0.0579694807529
253.10206604 162.719390869 21.0755767822 23.7565612793
obstacle
0.05795969069
221.211746216 153.58984375 105.998855591 18.1242675781
obstacle
0.0576226040721
278.203430176 138.458526611 46.1394042969 28.4252624512
obstacle
0.05669458583
25.684387207 119.149475098 42.3869400024 28.7113342285
obstacle
0.0564496517181
27.0624694824 125.886581421 20.6573791504 20.3934020996
obstacle
0.054671574384
252.220352173 140.346908569 84.9145355225 31.7484436035
obstacle
0.0527329593897
197.322601318 117.555145264 57.6683044434 18.7242889404
obstacle
0.0520835109055
255.599990845 158.74407959 19.4348602295 23.8994140625
obstacle
0.0504809096456
140.379394531 176.85496521 98.1680297852 42.5253601074
