obstacle
0.9983548522
36.3511962891 138.536972046 290.272247314 92.9755859375
obstacle
0.749018788338
57.9787902832 146.399505615 237.830871582 57.8199462891
obstacle
0.511154830456
127.550559998 130.127288818 136.726776123 123.070922852
obstacle
0.489377111197
105.616401672 128.03213501 182.84475708 91.9074401855
obstacle
0.370011687279
66.8238220215 149.077728271 282.86126709 106.597625732
obstacle
0.363649129868
78.788772583 124.332794189 294.901428223 99.9977111816
obstacle
0.357028156519
91.7098388672 137.956237793 187.252624512 46.2304382324
obstacle
0.355036944151
96.5551986694 155.140991211 129.92956543 53.8856201172
obstacle
0.351111590862
38.4601974487 159.00062561 254.35546875 54.5451965332
obstacle
0.312080770731
103.653358459 143.160064697 159.857208252 66.1758117676
obstacle
0.27877163887
108.990692139 150.762939453 89.0498046875 47.846862793
obstacle
0.244104504585
71.7185592651 146.179351807 147.161621094 69.6120910645
obstacle
0.171405240893
98.4003143311 123.477340698 141.684661865 116.972412109
obstacle
0.122235924006
144.137298584 145.777496338 111.335235596 58.3327636719
obstacle
0.076317794621
111.286094666 156.039672852 107.092384338 35.9130554199
obstacle
0.0756565257907
114.081306458 134.118743896 140.317657471 37.8174438477
obstacle
0.0738022476435
162.099243164 137.497344971 127.24331665 120.991149902
obstacle
0.0667325109243
97.3715667725 137.485992432 27.0367126465 19.7065429688
obstacle
0.0665973499417
76.2036437988 164.836425781 103.234405518 41.6943969727
obstacle
0.0663903355598
76.6422424316 156.203475952 200.29699707 34.6832885742
obstacle
0.0639301165938
155.151702881 153.572753906 100.221252441 37.1468505859
obstacle
0.0638966709375
62.7940216064 163.777191162 178.397186279 42.5823059082
obstacle
0.0591785721481
102.383407593 138.544952393 22.0525512695 24.6605529785
obstacle
0.0535731799901
138.236495972 68.8759078979 165.530349731 167.949798584
obstacle
0.0532061271369
124.363464355 147.575469971 54.2690734863 48.5385437012
