obstacle
0.997710347176
32.7303314209 136.235992432 412.867858887 81.7021484375
obstacle
0.986739039421
223.056411743 94.4394073486 71.7580413818 17.2957000732
obstacle
0.98014074564
213.920349121 88.0579681396 87.0139160156 19.2832946777
obstacle
0.976997375488
239.287139893 92.6729660034 62.0916137695 15.9160766602
obstacle
0.936938166618
219.598800659 101.927734375 80.7531280518 16.2065124512
obstacle
0.897597253323
111.703948975 136.829971313 262.252471924 84.3149719238
obstacle
0.834320664406
223.615371704 82.3693389893 75.9104156494 17.6798553467
obstacle
0.768418490887
195.746154785 103.218177795 132.382080078 139.817047119
obstacle
0.690056085587
34.4806060791 157.627349854 259.253845215 50.5709838867
obstacle
0.371839135885
140.224487305 142.649032593 188.595825195 70.6484985352
obstacle
0.274755656719
48.958240509 162.712646484 87.4197998047 43.4113464355
obstacle
0.24963247776
90.6574859619 99.2997741699 316.870178223 117.495361328
obstacle
0.241101786494
102.882652283 152.601638794 247.568328857 51.1005859375
obstacle
0.214147135615
121.909164429 145.817352295 274.174621582 51.8990478516
obstacle
0.211088731885
174.298126221 118.358047485 131.443756104 119.427459717
obstacle
0.192020609975
31.5261230469 143.748382568 232.861999512 78.3232727051
obstacle
0.172126829624
148.160614014 132.841217041 202.614654541 132.992370605
obstacle
0.137755766511
139.77507019 140.190444946 259.46105957 43.4644165039
obstacle
0.12511639297
55.9855499268 164.867050171 172.372833252 40.9499206543
obstacle
0.0939187407494
157.65574646 141.407897949 136.218032837 105.209655762
obstacle
0.0910213068128
104.10319519 163.858078003 109.631713867 35.9671325684
obstacle
0.0669395327568
221.011993408 110.993713379 125.210266113 119.923797607
obstacle
0.0596870109439
258.757385254 135.746902466 134.998779297 45.3680114746
obstacle
0.0531290695071
164.463638306 77.7260665894 184.441818237 137.353942871
