obstacle
0.548832416534
169.119613647 144.776031494 24.6738586426 23.4723815918
obstacle
0.528407871723
161.703811646 135.837646484 34.3652648926 42.361541748
obstacle
0.516573190689
170.829360962 137.641784668 24.7782592773 25.720123291
obstacle
0.461497426033
165.643722534 145.977050781 29.6282348633 29.1615905762
obstacle
0.431875288486
157.707580566 146.817886353 41.6364135742 34.4706420898
obstacle
0.431413769722
165.268157959 146.266281128 21.396697998 24.4493713379
obstacle
0.371663719416
159.303039551 139.014892578 40.455291748 29.2303466797
obstacle
0.329872697592
163.276351929 133.746932983 41.2167358398 27.1815795898
obstacle
0.326432794333
164.895523071 140.420333862 26.2203979492 22.5574951172
obstacle
0.286369472742
168.90788269 133.135604858 24.0083312988 22.8737792969
obstacle
0.245301291347
319.283874512 255.647323608 75.5899047852 25.3526763916
obstacle
0.227559328079
175.014907837 133.236602783 20.4316101074 20.5954284668
obstacle
0.169425264001
287.098327637 260.42880249 117.604370117 20.5711975098
obstacle
0.0928661525249
167.312606812 153.693771362 26.7332458496 25.403503418
obstacle
0.0899894237518
161.130569458 144.933914185 26.0270385742 19.2192077637
obstacle
0.0899094492197
153.668212891 132.19303894 46.6671142578 24.8335876465
obstacle
0.083064481616
160.718261719 147.728607178 20.9657897949 21.528717041
obstacle
0.0747820734978
158.593902588 147.394744873 33.3653259277 22.7553405762
obstacle
0.070639103651
306.474884033 263.634155273 80.8014526367 17.3658447266
obstacle
0.0677828118205
171.788391113 141.399581909 16.5620727539 24.4825439453
obstacle
0.0609341338277
159.752166748 154.473251343 34.2449645996 31.7426757812
