obstacle
0.392532199621
396.52557373 132.571517944 32.8439331055 30.4384155273
obstacle
0.387566864491
35.664806366 73.3571166992 119.228042603 21.3296813965
obstacle
0.383709609509
401.597808838 136.682250977 35.0313720703 35.1531066895
obstacle
0.332976311445
360.216918945 133.361526489 80.1331787109 40.8445129395
obstacle
0.320705860853
393.735809326 138.789520264 32.5736694336 27.8008422852
obstacle
0.301170319319
375.360290527 142.90385437 56.9924316406 33.4407348633
obstacle
0.298601597548
67.3902282715 143.126724243 43.03125 31.8344421387
obstacle
0.296943545341
401.845489502 134.013778687 19.2669677734 21.7069396973
obstacle
0.28961789608
390.61730957 145.269592285 33.4649047852 23.3095092773
obstacle
0.28961789608
388.114715576 138.111526489 30.1667480469 33.5095214844
obstacle
0.28002384305
394.584503174 143.773605347 22.5241699219 29.1848144531
obstacle
0.268836826086
392.586120605 141.639587402 35.932434082 41.5641174316
obstacle
0.268009722233
378.559753418 140.882217407 36.352722168 25.6637268066
obstacle
0.268009722233
377.015869141 145.695541382 39.7044677734 27.4811706543
obstacle
0.25571206212
375.871948242 146.723236084 28.4208374023 24.5715332031
obstacle
0.251721739769
70.3487701416 74.3564300537 67.0560760498 20.6719818115
obstacle
0.248538807034
379.902954102 138.934783936 37.6923828125 44.6064453125
obstacle
0.237014055252
69.4849472046 149.466293335 35.0602722168 28.6687316895
obstacle
0.232319176197
369.120697021 139.525817871 36.1674194336 28.6602783203
obstacle
0.225300177932
380.220092773 129.876098633 49.8469848633 36.1513366699
obstacle
0.220554232597
74.5532226562 139.753967285 28.5070648193 30.9810791016
obstacle
0.220305979252
369.043212891 145.726455688 35.6505126953 32.2874145508
obstacle
0.214868947864
68.9301605225 152.416000366 26.9598846436 23.6875915527
obstacle
0.209160417318
387.284454346 149.087387085 28.8480224609 22.893737793
obstacle
0.191909044981
77.9632949829 65.1874694824 37.447265625 21.2311859131
obstacle
0.191729843616
383.384124756 147.860061646 19.9650878906 19.499786377
obstacle
0.18436819315
78.4801940918 68.6649627686 41.3592681885 22.5139465332
obstacle
0.178212061524
372.100585938 146.312103271 21.9146118164 25.8274841309
obstacle
0.178130447865
398.455108643 152.708404541 25.3564453125 22.8706665039
obstacle
0.173474997282
79.6398468018 74.6606140137 37.0920410156 23.168838501
obstacle
0.165115833282
372.746582031 150.933883667 45.315246582 29.0896911621
obstacle
0.157201558352
72.3586273193 68.3724746704 29.0979309082 25.3392944336
obstacle
0.1562641114
388.638519287 131.917602539 33.3118286133 31.4606933594
obstacle
0.154485762119
61.4389228821 146.587677002 30.7785301208 30.1674804688
obstacle
0.151195675135
83.4360351562 131.689910889 27.5059356689 33.7514343262
obstacle
0.142532005906
375.239044189 151.21105957 21.955871582 22.5298156738
obstacle
0.142424210906
57.2324714661 73.603187561 66.0625 25.6703796387
obstacle
0.140687972307
81.8611221313 76.929145813 52.6959457397 24.6360931396
obstacle
0.139923661947
362.887084961 136.614608765 61.5978393555 32.3833618164
obstacle
0.135707274079
363.12890625 143.324905396 59.2299194336 37.087890625
obstacle
0.130714848638
394.266876221 133.297409058 26.9642944336 46.1711120605
obstacle
0.130526050925
369.894378662 136.863525391 40.4829711914 45.0833435059
obstacle
0.129913404584
53.242767334 71.1633911133 61.8849334717 22.6015777588
obstacle
0.129799023271
73.4870147705 155.463897705 23.5459289551 25.4039611816
obstacle
0.128056302667
63.2599182129 66.5035095215 32.7082672119 24.7505950928
obstacle
0.122104071081
77.8846893311 70.5448379517 31.3872375488 23.1796722412
obstacle
0.118329115212
27.1619644165 68.4220504761 112.003349304 21.0676879883
obstacle
0.117876894772
90.7824478149 74.8077087402 33.7085723877 20.1826324463
obstacle
0.117381699383
66.9234542847 152.168548584 48.0005340576 31.848449707
obstacle
0.114785008132
54.0611915588 144.546630859 55.3652000427 35.9514770508
obstacle
0.11426731199
376.924438477 122.068092346 57.1164550781 32.7946243286
obstacle
0.10980772227
70.0717544556 73.228225708 29.8641204834 26.3394927979
obstacle
0.107346788049
389.118896484 146.27305603 31.5115966797 34.9310302734
obstacle
0.10671069473
66.5967178345 146.712371826 20.7909851074 25.0373535156
obstacle
0.103618346155
58.8619995117 152.172866821 40.934967041 30.3464050293
obstacle
0.0992910712957
61.9238815308 72.1148376465 33.1226959229 26.2845153809
obstacle
0.0966235697269
394.096252441 128.577484131 25.8125610352 28.9342651367
obstacle
0.0965126529336
79.8423614502 73.6461639404 24.467956543 28.7417755127
obstacle
0.0956639200449
367.045043945 150.686309814 31.2862548828 33.4931945801
obstacle
0.0940521135926
38.1198501587 75.1661987305 70.7669067383 22.3914794922
obstacle
0.0908579602838
382.67288208 152.429595947 49.1908569336 28.7569274902
obstacle
0.0825384929776
77.7221603394 147.339126587 37.0270690918 33.257019043
obstacle
0.0807135999203
71.2931365967 155.051315308 36.1385498047 33.2938842773
obstacle
0.0792903676629
396.633636475 154.563980103 20.8616943359 20.1666870117
obstacle
0.0712235718966
78.7678070068 79.768699646 42.7912597656 22.6170196533
obstacle
0.0645338445902
356.059326172 146.453323364 42.3906860352 40.8096618652
obstacle
0.0642379894853
49.2146759033 69.8251113892 46.1772003174 21.260269165
obstacle
0.058821156621
78.6426544189 138.501037598 34.935546875 31.0806274414
obstacle
0.0578168444335
374.682952881 125.390960693 48.19140625 35.5877685547
obstacle
0.0554710291326
366.62286377 144.665863037 21.3715209961 29.4130859375
obstacle
0.0500041618943
68.3546447754 156.033615112 17.3236541748 24.5139770508
