obstacle
0.920482695103
280.239196777 177.589019775 87.6491088867 28.987487793
obstacle
0.916942715645
299.520111084 249.109313965 83.3368530273 23.5483398438
obstacle
0.913720965385
293.945739746 188.551055908 75.4671630859 21.3284912109
obstacle
0.913490891457
275.400360107 239.677719116 110.992431641 29.9598846436
obstacle
0.897180199623
210.370574951 240.325256348 195.866882324 29.2310180664
obstacle
0.895753622055
292.604095459 246.544616699 80.7435913086 21.731262207
obstacle
0.868307828903
168.261154175 236.760360718 219.272293091 29.9348297119
obstacle
0.855647206306
303.698059082 184.398071289 64.4572753906 18.3259277344
obstacle
0.8291888237
327.212280273 253.198486328 46.0380859375 18.9102172852
obstacle
0.801122009754
298.783843994 182.688018799 54.0867919922 24.8546447754
obstacle
0.773615181446
275.065246582 187.061706543 80.8957519531 22.9317626953
obstacle
0.757211983204
307.742675781 182.195846558 42.7722167969 17.9867553711
obstacle
0.74928599596
289.118621826 174.209655762 70.254699707 22.4736022949
obstacle
0.731213152409
279.065643311 183.153457642 72.782043457 19.5405578613
obstacle
0.677024185658
304.060516357 191.146820068 45.0295410156 17.6870117188
obstacle
0.668183922768
293.886413574 182.161712646 44.1781616211 20.0638427734
obstacle
0.59704965353
321.828857422 190.763290405 39.9383544922 17.5848693848
obstacle
0.583713471889
287.313751221 179.479217529 61.5437011719 20.1550292969
obstacle
0.580917835236
296.534393311 189.688537598 34.9460449219 20.7000427246
obstacle
0.57261121273
308.467498779 241.577423096 61.5742797852 20.1292114258
obstacle
0.448315024376
317.609130859 189.390411377 56.3735351562 22.672454834
obstacle
0.446258246899
205.973022461 245.335357666 186.892456055 31.7717895508
obstacle
0.422100275755
319.140441895 181.566894531 44.2655639648 17.7781066895
obstacle
0.350315690041
279.963745117 191.984100342 90.6669311523 21.5110168457
obstacle
0.309934914112
328.315490723 185.474685669 40.4235229492 19.1918029785
obstacle
0.281506806612
185.593399048 244.331237793 63.8769836426 35.4025878906
obstacle
0.264424741268
193.361968994 244.913635254 46.231048584 29.884765625
obstacle
0.248297035694
165.266418457 242.87197876 182.246490479 27.6596069336
obstacle
0.247038021684
182.876663208 255.657608032 60.9230041504 26.1647796631
obstacle
0.228874832392
184.007781982 234.947418213 224.662109375 46.3762207031
obstacle
0.222994685173
224.530899048 234.249053955 95.8419952393 34.6748352051
obstacle
0.181968450546
298.324554443 179.963317871 28.6198730469 18.2556152344
obstacle
0.176048234105
185.033706665 241.750518799 117.52684021 34.3370361328
obstacle
0.175136521459
198.335708618 248.275146484 55.3571777344 26.6117553711
obstacle
0.164636641741
197.160675049 235.020187378 54.4782409668 33.3756256104
obstacle
0.143257662654
193.126464844 245.359649658 72.6705627441 24.0845947266
obstacle
0.139866635203
236.70954895 224.722930908 65.348739624 40.6816101074
obstacle
0.13709820807
202.800460815 244.292556763 31.6617431641 23.4216766357
obstacle
0.135083884001
176.168991089 249.013778687 62.5697937012 27.5828704834
obstacle
0.12742510438
256.015106201 167.514770508 112.770324707 70.4874267578
obstacle
0.121054522693
242.509506226 221.800445557 56.1168365479 34.1704101562
obstacle
0.117372862995
178.278930664 231.754196167 142.822540283 30.9761810303
obstacle
0.117318019271
299.594421387 236.757217407 65.1971435547 27.6556243896
obstacle
0.115524083376
316.488952637 199.033828735 44.4189453125 20.7094421387
obstacle
0.114897020161
244.335174561 253.956100464 145.682312012 25.3889312744
obstacle
0.11145799607
211.284698486 233.657043457 81.8874511719 32.5826721191
obstacle
0.0958781242371
312.668243408 237.944091797 52.2682495117 20.4961242676
obstacle
0.0932902321219
236.527023315 197.310653687 22.8230743408 22.7696228027
obstacle
0.0832400843501
201.201126099 242.857589722 79.0489654541 30.2427215576
obstacle
0.0810703784227
191.429763794 250.688903809 66.4611663818 32.9142456055
obstacle
0.080770522356
297.918701172 194.523178101 54.3024902344 22.2491455078
obstacle
0.0778281912208
207.376022339 239.574279785 48.2666320801 31.5314331055
obstacle
0.0769638121128
196.32585144 238.030609131 24.4137878418 21.311706543
obstacle
0.0708874538541
172.970001221 256.438323975 62.1434936523 30.3698120117
obstacle
0.0686644911766
185.472396851 219.768127441 148.475479126 36.1551208496
obstacle
0.0680067911744
281.382873535 184.471984863 52.6527709961 20.5558166504
obstacle
0.0671034455299
345.540252686 255.694580078 32.2686157227 16.4229125977
obstacle
0.0667211487889
202.05305481 222.092803955 98.0984039307 40.857421875
obstacle
0.065004914999
184.239715576 239.240661621 43.3679199219 30.2442626953
obstacle
0.0647409260273
318.490447998 245.608764648 44.0354614258 19.6638183594
obstacle
0.0621322393417
335.589691162 196.629653931 32.3635864258 17.3986206055
obstacle
0.0595398023725
188.16758728 265.516326904 53.9136657715 23.1954345703
obstacle
0.0560007952154
230.846084595 227.079040527 51.2238006592 26.3018798828
obstacle
0.055683478713
191.53503418 240.61315918 28.6411743164 25.9866638184
obstacle
0.0550178214908
287.532775879 164.803527832 70.0277099609 27.9125366211
obstacle
0.0542023591697
300.290344238 186.268814087 28.0380249023 21.6626586914
obstacle
0.0507467575371
311.841674805 177.121871948 49.9229125977 25.7773742676
obstacle
0.0502469241619
301.452423096 177.422943115 40.5664672852 28.3309936523
