obstacle
0.956905305386
286.641235352 172.441268921 70.7261962891 19.067779541
obstacle
0.944991767406
275.090881348 168.28187561 91.7235107422 24.339050293
obstacle
0.818818986416
295.45300293 167.272079468 50.4739990234 18.860168457
obstacle
0.802670657635
50.8352584839 168.847412109 27.5500183105 29.6161499023
obstacle
0.735867917538
188.197738647 193.984344482 167.630874634 48.5054626465
obstacle
0.719298303127
183.336547852 161.825042725 274.817871094 97.2659301758
obstacle
0.70787113905
287.348876953 165.155639648 47.8388061523 20.9955444336
obstacle
0.697057306767
46.7577629089 166.570831299 22.7697944641 25.9926147461
obstacle
0.695440292358
50.4745101929 160.704559326 24.2688446045 32.6460571289
obstacle
0.682211041451
46.4630661011 161.802612305 34.7471618652 38.2608337402
obstacle
0.652244329453
208.577545166 136.142074585 99.9430541992 29.3182373047
obstacle
0.622679114342
55.6063919067 169.498443604 21.2566375732 23.0420227051
obstacle
0.599153518677
174.441894531 192.029663086 251.997253418 66.8434143066
obstacle
0.589549720287
233.617721558 197.094268799 104.212600708 62.361907959
obstacle
0.575231134892
45.4474601746 169.652099609 24.8815345764 31.3824157715
obstacle
0.505780518055
281.191345215 164.767089844 83.1415405273 21.1368713379
obstacle
0.496750682592
58.3200187683 163.655212402 23.5960426331 29.7383422852
obstacle
0.496750682592
59.1947135925 160.002029419 19.4772148132 27.9488525391
obstacle
0.474074333906
362.583007812 189.219100952 69.5419311523 47.9444885254
obstacle
0.46833011508
196.476364136 182.659942627 84.7184906006 53.1528930664
obstacle
0.44699460268
292.47088623 162.798721313 56.3715820312 19.8213195801
obstacle
0.403029173613
55.6839790344 161.718429565 18.5537757874 22.8540344238
obstacle
0.393935114145
181.951919556 204.499450684 218.327865601 39.4878845215
obstacle
0.365031391382
217.312194824 134.201522827 59.3149414062 26.8251647949
obstacle
0.347208350897
382.969848633 187.744110107 33.8427734375 31.4745788574
obstacle
0.344391584396
370.51550293 183.281402588 54.8890991211 44.9170532227
obstacle
0.332834005356
301.741821289 170.397384644 67.7286376953 18.0983581543
obstacle
0.329302787781
221.910064697 138.110733032 43.7299804688 22.2140197754
obstacle
0.323219716549
108.097961426 232.548080444 49.3272094727 30.8546295166
obstacle
0.300717771053
119.198043823 227.656906128 24.0855407715 23.132232666
obstacle
0.279397457838
221.920288086 194.26802063 99.6049804688 47.525390625
obstacle
0.274905800819
126.517410278 228.808288574 25.1290283203 25.2236938477
obstacle
0.252208739519
119.133674622 234.215713501 29.4652328491 24.0442962646
obstacle
0.251945972443
114.417053223 239.72807312 37.1762084961 26.1515045166
obstacle
0.226483672857
290.896911621 175.131973267 53.9175415039 19.2956848145
obstacle
0.222895756364
114.679985046 232.180511475 24.5892410278 22.9124755859
obstacle
0.221341341734
208.674407959 191.42401123 94.0177001953 45.0878601074
obstacle
0.206397458911
107.906906128 228.511642456 33.1301574707 32.6006317139
obstacle
0.201903909445
199.699615479 168.428436279 59.6643066406 54.0088500977
obstacle
0.193208903074
128.059524536 180.899429321 293.372497559 100.75239563
obstacle
0.190328225493
204.260787964 189.397857666 55.3009185791 40.4500427246
obstacle
0.188958570361
96.4193725586 234.009094238 73.1701049805 24.9320983887
obstacle
0.183121472597
225.390594482 132.528701782 31.3167724609 20.092010498
obstacle
0.175205096602
38.8701820374 168.82232666 19.9126968384 27.8319396973
obstacle
0.174198925495
187.997680664 168.646331787 76.7925720215 36.9982910156
obstacle
0.158907815814
211.432449341 184.940826416 42.4296569824 35.173034668
obstacle
0.157725721598
46.7399749756 169.876953125 41.868270874 33.2223510742
obstacle
0.145321965218
269.096282959 174.936691284 185.243896484 73.8181762695
obstacle
0.144629344344
106.384010315 240.103759766 29.6156234741 24.6841125488
obstacle
0.131988942623
242.887512207 143.964935303 48.6688232422 25.6751098633
obstacle
0.128604188561
336.793640137 196.789916992 91.7391357422 40.7501220703
obstacle
0.128373265266
248.405014038 207.147842407 93.005355835 40.8545532227
obstacle
0.126731112599
376.093475342 190.27432251 34.2534790039 28.4010009766
obstacle
0.120976366103
371.649719238 173.389846802 44.0791015625 48.7560424805
obstacle
0.120593473315
113.619140625 233.960220337 28.6526184082 30.200302124
obstacle
0.120562121272
186.475494385 155.744674683 176.197143555 135.83442688
obstacle
0.116428650916
222.237960815 140.179046631 60.7963409424 30.4566650391
obstacle
0.113559536636
303.467224121 191.061538696 139.541259766 40.2081298828
obstacle
0.113040775061
402.993652344 36.887008667 67.2288818359 29.3866348267
obstacle
0.111639790237
191.724746704 162.163192749 234.450790405 63.888458252
obstacle
0.106865927577
97.0830688477 107.644943237 34.5000915527 24.6024017334
obstacle
0.104261502624
83.5715332031 184.926239014 350.65057373 63.0718078613
obstacle
0.0936503261328
99.2829208374 92.5948104858 26.8131103516 34.7674255371
obstacle
0.0879840105772
228.064468384 133.889816284 25.2613525391 24.5947570801
obstacle
0.0872483626008
53.7883110046 175.713623047 26.2907447815 28.9497375488
obstacle
0.0821160376072
86.9514312744 107.410369873 34.7667541504 25.1739044189
obstacle
0.0769159570336
233.581329346 128.175033569 49.1368408203 27.9040222168
obstacle
0.0766155198216
116.111213684 105.872619629 26.9819564819 21.6939849854
obstacle
0.0727509856224
200.664276123 178.86907959 54.7285766602 36.7267456055
obstacle
0.0726509541273
222.360305786 126.249763489 28.5708312988 20.8935012817
obstacle
0.0694680064917
41.8712463379 162.093536377 26.1991271973 35.147857666
obstacle
0.0672996416688
290.410614014 156.316360474 48.1976318359 23.286315918
obstacle
0.0644188895822
211.311294556 197.135147095 37.3933410645 31.8500061035
obstacle
0.0629049837589
81.4076843262 108.096176147 32.3178405762 26.4639587402
obstacle
0.060877725482
174.487548828 185.215026855 144.559143066 48.4647216797
obstacle
0.0607387274504
38.5229797363 168.075042725 26.8518371582 34.923614502
obstacle
0.0600944459438
90.5077362061 95.6354064941 28.0481414795 33.4872131348
obstacle
0.0586655288935
343.83883667 200.589706421 61.7415771484 30.7972106934
obstacle
0.0557969324291
284.145935059 158.493835449 72.1979980469 25.3947753906
obstacle
0.054644189775
43.1185684204 157.11239624 42.5777359009 34.2255554199
obstacle
0.0521333031356
209.508071899 177.457397461 58.5171356201 48.2224121094
obstacle
0.0516382753849
360.129974365 197.258895874 54.0186767578 32.8517456055
obstacle
0.0510662682354
264.13369751 192.980636597 53.5513916016 46.6652526855
obstacle
0.0506913512945
195.25567627 198.882507324 116.477661133 47.8505249023
obstacle
0.050170365721
41.4842033386 167.403106689 40.8630867004 42.758392334
