obstacle
0.992673814297
228.350082397 173.834793091 87.7274932861 17.8371276855
obstacle
0.989204764366
230.253921509 171.396972656 97.2797698975 27.1258239746
obstacle
0.975766718388
44.3266143799 182.329788208 135.107437134 37.7281799316
obstacle
0.975034952164
242.458221436 167.625289917 68.7470703125 23.1209411621
obstacle
0.972466170788
21.8348026276 224.410324097 61.7498779297 24.5182189941
obstacle
0.952552199364
20.5985565186 228.137908936 66.2668228149 27.6052856445
obstacle
0.93952023983
431.598144531 179.015411377 68.4018554688 21.8949890137
obstacle
0.914999186993
230.373001099 178.507415771 85.5718231201 18.1782226562
obstacle
0.831433355808
221.02104187 177.673400879 78.4312286377 14.4530944824
obstacle
0.811846613884
241.087966919 169.275436401 103.57258606 25.6458740234
obstacle
0.788624703884
31.6617355347 165.705184937 146.479675293 82.8948364258
obstacle
0.76168680191
360.107543945 240.724807739 55.6264038086 24.6684112549
obstacle
0.757770657539
58.5018005371 177.953460693 83.8091430664 34.4195251465
obstacle
0.685699701309
392.802124023 239.811981201 74.1854858398 24.5713195801
obstacle
0.660268604755
254.441192627 176.042922974 85.8649902344 23.7734375
obstacle
0.637934446335
414.252685547 175.350646973 82.4061279297 23.1557006836
obstacle
0.623510360718
74.0028762817 188.680450439 89.4754867554 29.5835571289
obstacle
0.613148510456
311.7762146 172.820877075 22.3051757812 28.3556213379
obstacle
0.593482553959
354.228118896 234.705352783 125.097961426 24.1104431152
obstacle
0.58949816227
315.952270508 174.269378662 22.5769042969 22.4513244629
obstacle
0.568142354488
310.07244873 167.752487183 23.3599243164 18.6487731934
obstacle
0.556012868881
353.989135742 245.585067749 71.6851196289 27.0086517334
obstacle
0.550361037254
366.144226074 244.180755615 78.649230957 20.8883972168
obstacle
0.537051141262
307.162384033 174.728668213 21.010559082 23.4918212891
obstacle
0.535132288933
260.174377441 178.694732666 70.8170166016 17.024017334
obstacle
0.518526077271
440.336303711 172.506896973 40.8003540039 16.4479370117
obstacle
0.511359930038
301.736328125 176.874160767 37.2150268555 24.5495605469
obstacle
0.480437785387
299.011047363 170.956665039 34.9517211914 27.4367675781
obstacle
0.474366337061
404.128448486 237.370025635 52.5883789062 22.6798400879
obstacle
0.462111085653
279.100708008 181.196517944 57.0078125 20.5209960938
obstacle
0.438329994678
274.432403564 172.124145508 71.4251098633 25.9508972168
obstacle
0.435050368309
52.0954589844 177.833129883 91.5660400391 51.0783081055
obstacle
0.410302400589
26.6147537231 213.278961182 165.171264648 44.3969726562
obstacle
0.40788602829
341.215087891 236.792480469 113.800720215 29.9477844238
obstacle
0.402806192636
435.754241943 173.829452515 36.7686157227 16.6823425293
obstacle
0.390388071537
304.636810303 168.824569702 24.2149658203 23.650177002
obstacle
0.304841250181
275.940216064 174.392211914 53.7595825195 19.9427185059
obstacle
0.289835780859
354.648284912 242.13218689 41.3323974609 24.0724334717
obstacle
0.28332605958
83.4328155518 212.000732422 88.0733184814 29.1145935059
obstacle
0.27424415946
360.991241455 249.236679077 56.0388793945 28.3195037842
obstacle
0.257968038321
298.689544678 176.192077637 28.5777587891 26.2862854004
obstacle
0.238421842456
298.724731445 172.90737915 27.1591796875 20.1567382812
obstacle
0.227141782641
235.853179932 183.983322144 58.4465332031 13.8830871582
obstacle
0.218175247312
289.161407471 175.505310059 46.9313354492 23.8957519531
obstacle
0.216131240129
238.356536865 165.485855103 62.145690918 18.3839111328
obstacle
0.193186596036
254.694030762 183.557556152 86.1848144531 23.1828613281
obstacle
0.191484779119
291.601257324 173.373748779 42.8442993164 19.3434448242
obstacle
0.185925066471
360.041046143 237.208969116 39.5574951172 21.5045318604
obstacle
0.165108039975
28.2816467285 233.519485474 55.5784835815 25.1313323975
obstacle
0.164444744587
88.5981292725 223.084197998 71.1497802734 18.7477111816
obstacle
0.153295427561
352.003936768 250.703125 40.2619628906 20.6647949219
obstacle
0.146054148674
114.791412354 216.976531982 71.8975219727 23.6478271484
obstacle
0.136653989553
307.702056885 179.730651855 22.0866699219 22.6637268066
obstacle
0.130997508764
301.701538086 182.986907959 39.4842529297 22.2898254395
obstacle
0.124906077981
86.7995529175 217.726776123 71.3677749634 19.7481689453
obstacle
0.118146561086
437.805267334 168.446426392 39.0384521484 17.087097168
obstacle
0.109682254493
19.58568573 222.386291504 98.3172149658 27.2326049805
obstacle
0.106130853295
281.075592041 164.20300293 58.6301879883 28.2747497559
obstacle
0.105490535498
288.148193359 170.918991089 37.8394775391 19.3618469238
obstacle
0.105098165572
204.856185913 174.696380615 167.505325317 37.731048584
obstacle
0.102997042239
409.646850586 233.016296387 41.8800048828 17.1494445801
obstacle
0.100557222962
428.915313721 169.975494385 39.3914794922 17.5374755859
obstacle
0.0876276120543
413.797302246 236.590667725 35.5791625977 19.1962585449
obstacle
0.0863579884171
361.982513428 229.362457275 107.494689941 26.0433349609
obstacle
0.0851208120584
300.907104492 168.502807617 38.8182983398 38.3293762207
obstacle
0.0794881284237
417.085754395 228.748916626 37.6353759766 20.5151367188
obstacle
0.073520116508
390.696746826 240.644012451 57.4116821289 19.3439331055
obstacle
0.0719121471047
29.1033477783 221.23878479 43.7199859619 31.6771850586
obstacle
0.0717672333121
278.282409668 175.858398438 64.3389892578 29.6084289551
obstacle
0.0687571242452
305.364776611 173.950820923 27.6319580078 33.6142578125
obstacle
0.0685052797198
414.417480469 170.187179565 62.6055297852 22.2660827637
obstacle
0.067012257874
246.0 156.936752319 89.903137207 30.1607055664
obstacle
0.0654279142618
266.186767578 162.934295654 67.9630126953 25.0194396973
obstacle
0.061786301434
68.0762023926 166.737548828 47.7805175781 31.5405578613
obstacle
0.0604555681348
27.5014266968 212.253875732 42.6308364868 36.4448852539
obstacle
0.0508871898055
65.6016387939 172.58972168 69.1131744385 32.3503112793
obstacle
0.050688739866
79.1831665039 166.874572754 63.7019805908 41.4823913574
obstacle
0.0502446852624
12.5031204224 212.054244995 96.4207382202 35.7391662598
obstacle
0.050151694566
439.021697998 176.397903442 60.978302002 19.3205566406
