obstacle
0.984102845192
459.695251465 237.261566162 28.9841308594 31.3007202148
obstacle
0.606398224831
467.999786377 233.223999023 32.000213623 42.3813171387
obstacle
0.580158650875
247.570480347 140.797439575 23.6710357666 50.8681030273
obstacle
0.524887382984
317.945587158 135.041366577 29.9595336914 64.2621765137
obstacle
0.508169174194
332.073974609 143.471832275 31.7983398438 54.4799499512
obstacle
0.472744703293
347.800292969 145.131378174 26.2048339844 51.5127258301
obstacle
0.454027026892
71.9208374023 122.295471191 396.518005371 120.348144531
obstacle
0.440629839897
310.325439453 133.087371826 27.4844970703 61.2260131836
obstacle
0.4404989779
241.570205688 145.133117676 21.5097808838 46.606048584
obstacle
0.428694486618
256.366333008 136.602142334 26.4593505859 67.2021789551
