obstacle
0.956026732922
41.3365020752 140.497177124 268.809387207 72.2788696289
obstacle
0.948688983917
262.469085693 117.898788452 227.330749512 80.070098877
obstacle
0.927871644497
149.269805908 144.559875488 124.28326416 51.2643127441
obstacle
0.915122151375
332.858947754 126.816566467 129.081970215 65.4119491577
obstacle
0.874739646912
29.6356544495 173.025878906 47.31042099 38.0411987305
obstacle
0.679266631603
154.271270752 200.108032227 74.7567749023 25.5851745605
obstacle
0.555816292763
16.8529891968 167.288925171 57.8778762817 58.0453186035
