obstacle
0.993589043617
423.24395752 175.087722778 72.1636962891 24.1299133301
obstacle
0.988376021385
45.5220298767 178.015914917 115.902191162 40.8373413086
obstacle
0.968676507473
304.665802002 171.694946289 26.6038818359 23.9344177246
obstacle
0.962006032467
352.271362305 236.395889282 116.975952148 26.5015411377
obstacle
0.950235843658
314.681121826 173.074645996 26.2164306641 21.7712097168
obstacle
0.934451460838
222.363677979 171.714797974 95.3798217773 22.2227172852
obstacle
0.902394235134
303.2996521 177.361450195 36.0895385742 23.3302307129
obstacle
0.735228002071
300.376678467 173.208831787 21.2317504883 25.2731933594
obstacle
0.722071409225
19.9919490814 224.656341553 59.6429595947 26.5348815918
obstacle
0.719868183136
234.231628418 169.277877808 113.074890137 31.0334472656
obstacle
0.644555568695
393.060882568 237.205856323 64.6317749023 23.5488433838
obstacle
0.506180763245
87.3064117432 180.013870239 67.3101348877 52.6141357422
obstacle
0.471509516239
277.489196777 170.807128906 56.2462768555 24.3836975098
