obstacle
0.991268157959
206.811172485 220.390869141 91.45262146 29.3288269043
obstacle
0.967306852341
82.1001739502 182.085784912 66.7403411865 23.1984863281
obstacle
0.95753633976
146.173614502 165.021057129 56.6411132812 16.2586669922
obstacle
0.927213072777
147.985168457 170.025604248 55.5640258789 16.8327941895
obstacle
0.888561964035
85.8919525146 175.918182373 53.5805511475 19.6405029297
obstacle
0.828804433346
296.057739258 175.196685791 76.1916503906 27.2981567383
obstacle
0.782292544842
334.427764893 205.956268311 25.1171875 22.590637207
obstacle
0.450451165438
339.613220215 210.772781372 23.2026367188 21.5900878906
obstacle
0.38596919179
429.163482666 188.020019531 27.3872680664 20.5379638672
obstacle
0.335088729858
431.236297607 185.021224976 19.7523193359 17.5545043945
obstacle
0.328914344311
293.359588623 168.286148071 73.3841552734 21.3469848633
obstacle
0.317844301462
208.454833984 214.475723267 84.9837036133 23.6600646973
obstacle
0.208023503423
285.654418945 162.541122437 69.4780883789 21.5816650391
obstacle
0.186288028955
293.491088867 158.525115967 56.9455566406 17.6495666504
obstacle
0.177394255996
328.275512695 212.114624023 29.3839111328 21.5810852051
