obstacle
0.607772946358
152.154373169 139.128997803 259.149169922 76.4376220703
obstacle
0.480057656765
176.02192688 144.675186157 93.3636322021 58.1985778809
obstacle
0.231654942036
355.703338623 156.993087769 34.9718017578 57.2900085449
obstacle
0.204707056284
368.723968506 160.310897827 24.3148803711 39.2344970703
obstacle
0.195385232568
279.189697266 154.336044312 151.148864746 87.8214416504
obstacle
0.166394293308
286.50579834 182.546646118 137.839477539 39.5967712402
obstacle
0.152962371707
331.460571289 170.79838562 67.2664794922 41.5680236816
