obstacle
0.797841906548
152.569213867 198.867950439 248.928649902 61.1793518066
obstacle
0.647905766964
206.478729248 212.186157227 178.11126709 37.4854431152
obstacle
0.327493160963
265.952575684 115.88432312 17.4415283203 36.4521789551
obstacle
0.295902490616
268.976654053 109.553863525 23.5032348633 48.6647338867
obstacle
0.231989920139
263.017211914 117.652229309 31.2523803711 28.8765792847
obstacle
0.191410914063
255.70640564 112.124511719 17.6837310791 34.5092773438
obstacle
0.168495297432
264.598114014 112.153335571 25.3150634766 25.4368286133
obstacle
0.165245249867
256.387756348 108.899734497 29.4989013672 34.2050476074
