obstacle
0.959769845009
234.947143555 122.831459045 265.052856445 72.036857605
obstacle
0.949126958847
141.78163147 142.656051636 143.144577026 53.2746276855
obstacle
0.924188137054
36.0532531738 141.717590332 270.283599854 70.6319274902
obstacle
0.839080452919
331.252319336 126.730255127 128.487548828 60.8684997559
obstacle
0.827660381794
23.2032299042 164.602722168 58.6252059937 49.7334594727
obstacle
0.6738717556
152.563964844 207.172698975 74.8231506348 21.0624389648
obstacle
0.500378549099
267.121337891 134.626327515 215.751464844 43.1882019043
obstacle
0.328612953424
36.7074584961 151.059310913 171.715637207 53.0850219727
obstacle
0.237831547856
143.481628418 197.330123901 83.4554443359 24.4284362793
obstacle
0.227213948965
25.4182929993 183.905654907 61.5113182068 40.6572875977
obstacle
0.187330842018
26.6787319183 178.010650635 34.5677490234 35.4364929199
