obstacle
0.942172646523
303.524200439 146.359344482 37.5344848633 37.9221496582
obstacle
0.903967261314
60.8618621826 165.410919189 410.934143066 147.957672119
obstacle
0.897511780262
303.750732422 136.259521484 24.7489013672 39.7108459473
obstacle
0.889625787735
311.428070068 144.473632812 23.516418457 28.6726989746
obstacle
0.873183071613
285.613250732 138.81968689 54.1411132812 57.3845825195
obstacle
0.834564566612
16.551651001 172.965042114 337.075378418 108.255233765
obstacle
0.778171241283
294.097442627 134.192886353 51.4502563477 41.0433654785
obstacle
0.382146984339
84.827507019 181.78137207 246.803588867 64.6988830566
obstacle
0.362378031015
318.905548096 149.811340332 24.0122070312 37.6547851562
obstacle
0.237708464265
321.10559082 139.399017334 26.1260986328 27.7032470703
obstacle
0.210219934583
213.83052063 109.690422058 21.0897216797 19.8518447876
obstacle
0.198850616813
322.675201416 134.920043945 18.6992797852 21.147857666
obstacle
0.181559458375
210.185562134 102.623184204 22.7978515625 22.6825561523
