obstacle
0.964869916439
91.8865356445 168.542327881 247.432678223 62.6481628418
obstacle
0.936051487923
303.723693848 91.2124023438 74.485534668 18.878616333
obstacle
0.921857953072
449.407470703 119.388954163 25.6378173828 19.6540298462
obstacle
0.887299835682
450.726837158 112.76197052 20.1323852539 19.0308303833
obstacle
0.850032269955
147.43270874 171.378631592 165.334075928 37.5928649902
obstacle
0.728517353535
307.542663574 99.7571716309 67.6233520508 16.2007446289
obstacle
0.726485490799
152.101593018 176.017822266 116.864044189 49.4719848633
obstacle
0.682071149349
459.855682373 117.754066467 21.9588623047 17.6036605835
obstacle
0.58758944273
100.124015808 186.444030762 175.165252686 30.6498413086
obstacle
0.559783577919
440.125 122.641532898 33.7291870117 22.3826675415
obstacle
0.481979817152
455.314849854 125.980422974 25.2640991211 17.416595459
obstacle
0.359052032232
90.1311264038 197.710723877 121.095497131 31.8937988281
obstacle
0.228609696031
451.87310791 106.698356628 23.0842895508 19.6364135742
obstacle
0.155513375998
445.376678467 102.327384949 22.0498657227 26.8782424927
obstacle
0.151390686631
439.716796875 111.849205017 39.6930541992 18.111289978
