obstacle
0.994184434414
306.355010986 40.9484481812 75.84375 17.0703811646
obstacle
0.991966247559
305.762145996 35.8146896362 76.2813110352 15.5721588135
obstacle
0.984490573406
0.0 109.302520752 335.965606689 87.7467956543
obstacle
0.980929374695
104.482574463 24.4350242615 78.4979553223 24.534286499
obstacle
0.911290824413
315.50567627 33.561580658 39.9431152344 17.1138076782
obstacle
0.886742472649
309.246795654 31.2948493958 74.9973144531 14.4849319458
obstacle
0.855457246304
140.227828979 30.8813285828 30.5118713379 17.4909591675
obstacle
0.656683087349
297.046813965 39.7012214661 58.3483276367 16.0781097412
obstacle
0.612738907337
0.0 109.454521179 163.629516602 83.9047012329
obstacle
0.56710255146
110.332969666 30.7093200684 53.1913528442 20.1691207886
obstacle
0.178093925118
211.148742676 111.419784546 168.788208008 72.3033752441
