obstacle
0.849942266941
107.800941467 45.4693489075 221.594696045 70.4903564453
obstacle
0.730847835541
261.062774658 62.6919174194 72.6503295898 34.1769256592
obstacle
0.565818548203
319.31463623 143.181915283 25.5138549805 29.3239135742
obstacle
0.500174760818
59.3106384277 164.47265625 366.588684082 68.0450134277
obstacle
0.370800286531
321.891998291 169.402450562 178.108001709 43.9913635254
obstacle
0.310083180666
170.631317139 56.7349395752 171.520263672 38.0055389404
obstacle
0.256425887346
300.84552002 143.513641357 46.7982177734 33.3894042969
obstacle
0.237211287022
219.842041016 171.868225098 148.245117188 59.1525878906
obstacle
0.223116204143
231.793930054 154.170013428 268.206054688 67.7919616699
obstacle
0.220372244716
136.692810059 48.7770080566 125.786773682 59.0347900391
