obstacle
0.991658985615
272.756530762 149.328277588 64.5177001953 21.6145935059
obstacle
0.979610681534
127.732208252 188.168487549 153.796478271 41.5906677246
obstacle
0.967251777649
166.210952759 181.90512085 102.773788452 68.1051940918
obstacle
0.884753406048
277.052856445 157.80519104 53.5140380859 19.7777404785
obstacle
0.818133056164
24.3157482147 132.790176392 33.7587738037 21.9800720215
obstacle
0.794429719448
127.356452942 189.926757812 77.8916244507 23.7048950195
obstacle
0.766305327415
18.0162391663 129.636138916 47.7536582947 18.9221496582
obstacle
0.471626579762
236.82194519 162.63861084 27.4529876709 21.2154846191
obstacle
0.463891983032
200.907684326 112.592033386 48.936340332 16.2881469727
obstacle
0.461901158094
241.529190063 155.797424316 24.7206268311 22.8443603516
obstacle
0.228202030063
130.724685669 193.03352356 110.392333984 26.6144714355
obstacle
0.187231138349
36.0289115906 125.750556946 32.0495262146 16.5386276245
