obstacle
0.891882419586
155.27015686 141.852798462 38.6125488281 39.6842346191
obstacle
0.815603673458
157.697219849 145.284912109 27.4599609375 24.6952514648
obstacle
0.704868674278
167.986465454 140.221588135 28.2045288086 30.1452026367
obstacle
0.643764615059
164.389694214 151.537353516 24.4775695801 25.1255187988
obstacle
0.418805658817
332.746795654 244.435821533 61.3094482422 36.5641784668
obstacle
0.410690814257
171.29447937 138.247695923 20.2040100098 23.7286376953
obstacle
0.199993520975
282.947723389 256.664672852 142.174133301 22.5989990234
obstacle
0.185434445739
160.832015991 132.401931763 38.7830200195 26.1572265625
obstacle
0.174245715141
320.763244629 261.542663574 86.6831665039 19.4573364258
