obstacle
0.992092132568
425.106018066 176.804534912 70.0786743164 23.0463562012
obstacle
0.991759240627
49.3333740234 181.60824585 118.531784058 40.4495544434
obstacle
0.954975962639
318.201477051 170.404022217 22.2355957031 26.5182800293
obstacle
0.954446792603
306.176818848 170.612014771 27.2125854492 23.0885314941
obstacle
0.94493663311
222.911727905 172.45880127 90.7443695068 20.1234130859
obstacle
0.910500526428
303.626190186 176.116653442 38.0543823242 23.1578674316
obstacle
0.903386712074
346.912353516 243.87020874 106.248046875 23.5669555664
obstacle
0.780789256096
18.8830032349 228.419769287 61.0783615112 21.0289611816
obstacle
0.714995324612
293.557312012 174.540252686 34.0216064453 25.1209716797
obstacle
0.710405111313
85.8305053711 185.958770752 69.6677093506 42.5365905762
obstacle
0.708587408066
392.992614746 241.630813599 64.6120605469 21.4777069092
obstacle
0.535627603531
240.217926025 162.163238525 82.158203125 25.6975097656
obstacle
0.473288446665
277.493713379 171.283966064 57.0589599609 23.1924743652
obstacle
0.438668787479
364.179962158 249.484069824 41.0726318359 22.4135742188
obstacle
0.438668787479
361.818481445 242.582122803 49.7864990234 23.2322387695
obstacle
0.356483191252
231.514419556 178.387039185 104.261032104 19.7444763184
obstacle
0.261731147766
314.777496338 163.408493042 20.4842529297 23.6846923828
obstacle
0.192381635308
367.488220215 238.009094238 103.280395508 22.201385498
obstacle
0.181388020515
423.379089355 180.791900635 43.8438720703 20.4537353516
obstacle
0.159764528275
435.465423584 175.419128418 40.9936523438 17.5062866211
obstacle
0.159365773201
292.850250244 170.922409058 24.5832519531 21.865814209
