obstacle
0.984102845192
459.695251465 237.261566162 28.9841308594 31.3007202148
obstacle
0.606398224831
467.999786377 233.223999023 32.000213623 42.3813171387
obstacle
0.580158650875
247.570480347 140.797439575 23.6710357666 50.8681030273
obstacle
0.524887382984
317.945587158 135.041366577 29.9595336914 64.2621765137
obstacle
0.508169174194
332.073974609 143.471832275 31.7983398438 54.4799499512
obstacle
0.472744703293
347.800292969 145.131378174 26.2048339844 51.5127258301
obstacle
0.454027026892
71.9208374023 122.295471191 396.518005371 120.348144531
obstacle
0.440629839897
310.325439453 133.087371826 27.4844970703 61.2260131836
obstacle
0.4404989779
241.570205688 145.133117676 21.5097808838 46.606048584
obstacle
0.428694486618
256.366333008 136.602142334 26.4593505859 67.2021789551
obstacle
0.377583056688
355.380950928 151.710388184 24.8354492188 55.7583618164
obstacle
0.375846385956
307.124450684 143.736312866 52.9567260742 51.7469177246
obstacle
0.367979079485
377.818237305 119.33707428 23.2499389648 54.2623519897
obstacle
0.365642219782
388.193939209 118.914299011 21.5305175781 50.724067688
obstacle
0.322318315506
238.267425537 143.336135864 48.1524658203 51.6728210449
obstacle
0.321183443069
203.109695435 128.378097534 25.0108032227 54.4306640625
obstacle
0.298685699701
89.1345291138 120.203109741 32.0849151611 58.1670227051
obstacle
0.291273444891
35.0704345703 170.087356567 292.117004395 72.1376953125
obstacle
0.244157090783
102.254455566 123.263214111 25.1307373047 63.7830810547
obstacle
0.240714818239
75.7190093994 116.641815186 57.4063568115 66.6710205078
obstacle
0.235172837973
233.703323364 130.768280029 181.703659058 84.7066040039
obstacle
0.226457193494
79.4094619751 117.604866028 31.0453796387 59.2036361694
obstacle
0.225541457534
379.229034424 121.006950378 39.3489990234 39.8601455688
obstacle
0.21127769351
262.199645996 151.006561279 130.388977051 43.1676330566
obstacle
0.208611696959
237.991409302 150.560287476 29.7310638428 56.3015136719
obstacle
0.202110171318
209.689712524 124.451728821 25.2743530273 65.5090560913
