obstacle
0.995706260204
18.369304657 24.1672840118 106.657684326 31.4896755219
obstacle
0.993398308754
60.1266479492 111.329597473 368.246826172 94.0899276733
obstacle
0.981128692627
28.7736473083 17.5047111511 84.2391815186 28.2565383911
obstacle
0.923551499844
233.50100708 49.8418159485 18.9002380371 19.8362922668
obstacle
0.923551499844
233.368408203 56.4049491882 20.4527893066 18.947177887
obstacle
0.911738038063
226.611572266 51.2254333496 30.8487854004 22.9492034912
obstacle
0.870059669018
223.912094116 52.903427124 18.4804992676 18.0665740967
obstacle
0.613037765026
352.762237549 53.9742622375 90.1451416016 19.8393363953
obstacle
0.575942635536
53.4173545837 29.7081489563 66.8170623779 19.5553131104
obstacle
0.575430631638
168.985595703 113.303024292 218.50604248 74.6103820801
obstacle
0.528534471989
226.932510376 47.4170227051 20.0187683105 18.8662948608
obstacle
0.280755102634
229.856430054 29.2665195465 19.025970459 33.0052947998
