obstacle
0.794381916523
118.773147583 194.678115845 84.2173461914 44.7997131348
obstacle
0.769392728806
334.883911133 188.880249023 53.3703613281 27.9309082031
obstacle
0.606233477592
236.243453979 183.533554077 36.1725006104 16.7370300293
obstacle
0.588808298111
163.190444946 198.112518311 37.9217529297 29.2608337402
obstacle
0.575009584427
151.498916626 168.280151367 42.1692504883 17.4586181641
obstacle
0.556698560715
136.418807983 205.925231934 40.2255249023 27.8186035156
obstacle
0.541910946369
104.718955994 202.886642456 45.2294845581 25.1812133789
obstacle
0.405767500401
305.031951904 204.451690674 35.5069580078 21.9317932129
obstacle
0.399392813444
324.727539062 181.934646606 38.5194091797 18.9845275879
obstacle
0.379122257233
99.6615371704 178.924072266 39.6797103882 25.8915405273
obstacle
0.371137112379
88.7113189697 195.532501221 32.2342987061 18.7713928223
obstacle
0.297751814127
83.2392578125 172.632171631 35.6257629395 19.2623291016
obstacle
0.258425980806
177.461624146 308.655334473 31.0014648438 17.1232299805
obstacle
0.25462692976
168.939910889 180.935028076 30.850402832 19.8097839355
obstacle
0.208281159401
129.941497803 173.388046265 31.1438598633 17.7666015625
obstacle
0.148245170712
126.060966492 183.118911743 33.4111099243 19.1877746582
obstacle
0.112307228148
150.012084961 182.033981323 31.4389343262 21.8525390625
obstacle
0.104494951665
55.6886825562 183.566696167 162.855957031 82.8551483154
obstacle
0.0924774482846
111.071922302 189.354156494 35.3750076294 26.7938232422
obstacle
0.06860614568
127.391624451 196.12487793 38.7869949341 25.4949035645
obstacle
0.0644704699516
292.33682251 208.45123291 22.6152954102 22.595489502
obstacle
0.05025055632
325.585021973 193.646484375 34.5527954102 18.9620666504
obstacle
0.0443517789245
118.577682495 182.153457642 279.498352051 53.8544006348
obstacle
0.044039580971
175.993713379 191.476531982 29.7936401367 21.8844909668
obstacle
0.0214061308652
116.882637024 107.856842041 150.608947754 170.563568115
obstacle
0.0181382372975
172.803100586 63.6222915649 144.7315979 165.049224854
obstacle
0.0156879760325
39.3681335449 94.84715271 181.691894531 77.7095031738
obstacle
0.0141069693491
76.5094299316 164.748580933 34.6978607178 18.825378418
obstacle
0.0132942805067
302.137207031 189.604187012 161.077270508 68.0614624023
obstacle
0.0129442103207
324.510620117 150.188079834 168.879333496 56.0869140625
obstacle
0.0125355515629
69.8081893921 78.7376403809 217.515838623 55.3249053955
obstacle
0.0117116607726
66.628074646 160.040924072 222.146697998 47.4888305664
obstacle
0.011064411141
328.585388184 99.4654693604 167.599609375 61.5260009766
obstacle
0.0107103269547
431.078430176 43.5314903259 65.5506591797 96.7231750488
obstacle
0.0104933455586
263.411254883 149.530929565 145.324890137 150.042678833
