obstacle
0.853751063347
42.3067016602 147.573913574 451.121948242 152.609161377
obstacle
0.833913385868
109.858390808 240.698989868 78.2479019165 45.7761993408
obstacle
0.818018078804
260.568328857 241.130111694 97.7294921875 56.3651275635
obstacle
0.765553593636
245.765594482 277.199066162 54.8376464844 39.1884765625
obstacle
0.677513957024
38.505191803 245.13710022 68.6890563965 44.6838226318
obstacle
0.648819744587
363.653320312 222.596481323 66.5491333008 59.9214630127
obstacle
0.62641954422
293.673095703 169.918701172 78.5684204102 105.982147217
obstacle
0.56888127327
123.606216431 180.676757812 117.479156494 62.693359375
obstacle
0.557721018791
236.426818848 176.645767212 74.637512207 51.3662719727
obstacle
0.546416759491
331.043792725 208.143341064 73.0924072266 49.9940490723
obstacle
0.536343157291
57.893409729 196.542984009 72.4032211304 45.8558349609
obstacle
0.503723859787
175.854614258 144.740264893 63.120880127 35.3749389648
obstacle
0.447537869215
185.550750732 185.011535645 69.6355285645 38.8430175781
obstacle
0.444717437029
304.42401123 223.216125488 48.7680053711 42.9455566406
obstacle
0.428073734045
105.761276245 199.771606445 60.0355529785 37.7276611328
obstacle
0.425174564123
232.388961792 245.924133301 56.2401885986 38.6425170898
obstacle
0.419401407242
282.797393799 184.681137085 59.2388916016 46.4153137207
obstacle
0.391081154346
191.78855896 204.829406738 53.4236755371 42.8479003906
obstacle
0.349928230047
62.750957489 180.683776855 47.4972724915 37.4310913086
obstacle
0.336685478687
303.579284668 112.130897522 52.7291259766 42.490196228
obstacle
0.262413680553
302.246398926 149.6431427 52.7446899414 56.5759277344
obstacle
0.260372191668
243.570007324 148.461257935 55.6916503906 26.3153686523
obstacle
0.256523221731
53.0953712463 225.918945312 48.1839256287 39.3376464844
obstacle
0.226070508361
21.809211731 142.231323242 139.46383667 174.536651611
obstacle
0.210571184754
272.384246826 136.373260498 45.2221679688 27.7497253418
obstacle
0.167184427381
481.562316895 411.371246338 18.4376831055 16.6287536621
obstacle
0.131394729018
129.828033447 180.937438965 58.2109985352 36.2188720703
obstacle
0.103840760887
244.055679321 163.889892578 49.8634185791 37.5892333984
obstacle
0.0995698720217
163.408035278 203.532226562 46.5213623047 43.671295166
obstacle
0.0915884450078
276.019927979 167.656158447 53.3349609375 41.0183410645
obstacle
0.0847960487008
109.105285645 117.879600525 284.860565186 105.333320618
obstacle
0.0665658116341
72.8119659424 245.977706909 74.3985900879 33.4285736084
obstacle
0.0657332390547
216.901916504 193.270980835 54.0676879883 46.5195007324
obstacle
0.0634731277823
354.058837891 125.377586365 139.442321777 157.336364746
obstacle
0.060449320823
244.698760986 164.489776611 166.434448242 58.3489990234
obstacle
0.0596940591931
320.231079102 173.285964966 50.7421264648 45.5308532715
obstacle
0.0112185552716
253.247177124 67.6638183594 162.142593384 226.120056152
obstacle
0.0101723810658
126.985641479 79.3863525391 105.015930176 270.375732422
