obstacle
0.695855140686
160.506378174 165.901519775 58.0998535156 38.3982543945
obstacle
0.648576259613
210.787780762 179.707183838 45.4430847168 34.9507446289
obstacle
0.524648368359
288.78793335 273.190887451 53.7307128906 35.9626464844
obstacle
0.412397772074
238.024291992 323.849273682 48.3533325195 31.4256591797
obstacle
0.351614058018
278.142974854 284.608551025 95.5178222656 55.5928955078
obstacle
0.337233245373
150.834152222 159.301177979 38.1435852051 25.781036377
obstacle
0.331685990095
288.807434082 337.348907471 110.139099121 36.6510925293
obstacle
0.264656454325
290.703735352 315.223724365 42.7987060547 27.4656982422
obstacle
0.223986312747
279.469024658 330.322265625 43.3912353516 36.548828125
obstacle
0.21663865447
306.728271484 309.233886719 50.9998779297 41.7728881836
obstacle
0.20070785284
0.0 0.0 36.5080413818 26.7725849152
obstacle
0.197291269898
300.98739624 297.393463135 41.9302368164 32.6962280273
obstacle
0.184084072709
332.851318359 314.326690674 47.6365356445 47.1748046875
obstacle
0.15241150558
258.147521973 351.217651367 55.9400634766 22.7823486328
obstacle
0.145378023386
320.647491455 286.752471924 40.4219970703 37.3176269531
obstacle
0.143956869841
487.11505127 159.925872803 12.8849487305 40.3916015625
obstacle
0.135549560189
143.140945435 131.192611694 327.172668457 58.6426696777
obstacle
0.134154811502
363.650115967 320.507995605 35.6403808594 33.9356689453
obstacle
0.118769571185
236.939880371 338.803436279 38.8534851074 35.1965637207
obstacle
0.110174499452
467.410552979 145.8855896 32.5894470215 29.6985473633
obstacle
0.104527562857
368.960693359 352.581054688 42.1268310547 21.4189453125
obstacle
0.0939507111907
228.829177856 328.928863525 29.2760772705 31.6491088867
obstacle
0.0836700350046
220.323348999 358.653808594 37.0702362061 15.3461914062
obstacle
0.0761559680104
0.0 347.797241211 32.4692878723 26.2027587891
obstacle
0.0697078108788
483.286315918 330.624725342 16.713684082 43.3752746582
obstacle
0.0468278340995
265.830474854 323.499176025 36.4484863281 28.2237548828
obstacle
0.0426848195493
466.712097168 355.550750732 33.287902832 18.4492492676
obstacle
0.0401683598757
248.340087891 309.428100586 215.880126953 64.5718994141
obstacle
0.0322156846523
119.108772278 328.410430908 253.176330566 45.5895690918
obstacle
0.028674768284
1.79336166382 325.009338379 24.4579925537 39.8956298828
obstacle
0.0205886252224
30.1037845612 6.50400257111 28.0132198334 19.9653739929
obstacle
0.01816999726
376.125427246 327.328613281 39.184387207 40.1599731445
obstacle
0.0160077530891
480.238555908 0.0 19.7614440918 27.5856399536
obstacle
0.0128093892708
485.333648682 124.194015503 14.035949707 60.6323547363
obstacle
0.0126863829792
145.596160889 54.1508255005 139.3230896 151.606903076
obstacle
0.0107340961695
26.2082672119 324.151000977 107.815505981 49.8489990234
obstacle
0.0105296550319
276.977416992 64.4416732788 150.615112305 121.460029602
