obstacle
0.720372617245
0.0 173.662338257 25.100320816 47.4053039551
obstacle
0.590857744217
445.397705078 189.881637573 48.0399169922 47.3995361328
obstacle
0.516109406948
124.787155151 182.840591431 45.6846923828 41.827911377
obstacle
0.495010495186
267.922851562 222.084365845 162.570983887 57.9156341553
obstacle
0.48190626502
280.972290039 217.406219482 56.0158691406 51.9886169434
obstacle
0.441444665194
162.365615845 205.606628418 52.3031921387 51.1899108887
obstacle
0.436688363552
212.644668579 225.178665161 59.1660919189 45.1488494873
obstacle
0.427949994802
78.4664764404 181.512802124 391.999511719 95.5663604736
obstacle
0.379144757986
125.914756775 222.176681519 50.7930679321 50.4078826904
obstacle
0.377398878336
387.370391846 221.799316406 53.2623901367 58.165802002
obstacle
0.36774751544
409.615753174 157.279556274 90.3842468262 99.5946350098
obstacle
0.337623238564
61.3744506836 236.426467896 52.6708679199 43.5735321045
obstacle
0.322870701551
364.756286621 185.163574219 47.8496704102 52.2397766113
obstacle
0.295982003212
328.032623291 252.51109314 95.9104614258 27.4889068604
obstacle
0.26950070262
310.189147949 194.91204834 55.725769043 60.0648193359
obstacle
0.266356676817
84.5582275391 250.871566772 55.2870941162 29.1284332275
obstacle
0.252627849579
272.096099854 198.823410034 43.6282958984 47.6559448242
obstacle
0.241995275021
236.983215332 137.848724365 263.016784668 108.612182617
obstacle
0.237643137574
469.63571167 169.480560303 30.3642883301 50.772064209
obstacle
0.237177595496
318.027862549 245.254547119 42.5061645508 34.7454528809
obstacle
0.226093173027
351.357727051 215.435302734 48.5629882812 57.5574951172
obstacle
0.184275701642
8.65863037109 100.774368286 186.868804932 106.42980957
obstacle
0.182304814458
115.864830017 245.124359131 43.6390457153 34.8756408691
obstacle
0.109160415828
67.5170288086 175.79246521 74.2698516846 104.20753479
obstacle
0.0810336917639
367.543762207 158.372924805 84.8067016602 118.444793701
obstacle
0.0774463936687
106.05909729 108.943275452 155.974594116 162.5234375
obstacle
0.0598126091063
85.9713668823 234.682830811 148.539916992 45.3171691895
obstacle
0.0547748170793
275.344543457 145.541259766 78.2045288086 134.458740234
obstacle
0.0301517453045
90.0230331421 7.479637146 120.709877014 50.6622009277
obstacle
0.0226185321808
309.157989502 50.1435012817 127.633483887 159.214416504
obstacle
0.0198240820318
12.5598602295 26.0679855347 92.1305847168 152.369140625
obstacle
0.0160608999431
229.238739014 49.4795303345 130.324951172 166.565673828
obstacle
0.014882276766
144.930999756 35.4140930176 127.341339111 140.893493652
obstacle
0.0119275301695
44.3054885864 6.07168674469 124.027183533 26.6162376404
obstacle
0.0119244772941
190.304077148 8.84379386902 130.488708496 50.2982940674
obstacle
0.0114895710722
17.5552597046 1.50008773804 82.9906311035 48.6635513306
obstacle
0.0112746236846
241.490478516 15.6220664978 112.990966797 74.7920379639
obstacle
0.0107089225203
285.597015381 6.47977638245 107.062072754 35.8523635864
obstacle
0.010495965369
432.180908203 70.2274627686 65.8930664062 111.033035278
