obstacle
0.767788767815
113.264213562 150.572296143 149.829284668 101.174102783
obstacle
0.712086498737
204.092590332 170.911712646 63.1998291016 65.3872375488
obstacle
0.622394323349
154.228637695 180.596725464 88.8803710938 48.6920471191
obstacle
0.567239642143
121.974868774 182.687347412 54.5225219727 38.0013427734
obstacle
0.515050888062
212.766403198 214.399002075 35.0966491699 30.1822509766
obstacle
0.330516695976
182.084457397 145.796386719 47.3713989258 25.608581543
obstacle
0.278866529465
172.047103882 155.031784058 55.5718994141 54.7264404297
obstacle
0.262761086226
221.31741333 162.397369385 36.2831726074 31.0297546387
obstacle
0.261532127857
169.780853271 160.764129639 29.979675293 18.6230163574
obstacle
0.25369271636
218.27645874 147.138473511 38.3626098633 25.7835388184
obstacle
0.233656734228
146.691162109 166.66305542 42.8463745117 33.8269348145
obstacle
0.177587136626
154.117614746 155.180343628 33.033203125 26.8903808594
obstacle
0.126579061151
169.136322021 197.564956665 37.5791320801 28.3131408691
obstacle
0.108293756843
227.324172974 181.374435425 37.2900238037 27.6112060547
obstacle
0.0533919222653
149.200942993 194.700332642 37.1927185059 28.4854125977
obstacle
0.0524105094373
192.454315186 194.834625244 36.5810546875 38.1581726074
obstacle
0.0227366946638
90.2942123413 230.552886963 216.154174805 66.3521118164
obstacle
0.0196493621916
325.236633301 212.641937256 146.42791748 59.9543762207
obstacle
0.0186073891819
177.513183594 136.682006836 167.201538086 138.667419434
obstacle
0.0121064372361
336.586303711 159.400680542 140.00213623 60.1152038574
obstacle
0.0119694983587
425.231567383 122.499420166 64.4041748047 138.190734863
obstacle
0.010551655665
323.053649902 249.593505859 153.82989502 61.4069213867
