obstacle
0.786694407463
239.248687744 117.355102539 143.192443848 127.75189209
obstacle
0.773708879948
105.962295532 189.886795044 55.9331970215 31.4758300781
obstacle
0.768554568291
0.0 22.7826633453 59.2326011658 36.7630386353
obstacle
0.753671765327
83.8803482056 128.634841919 182.75479126 113.162017822
obstacle
0.69753575325
339.883544922 153.691482544 54.2421875 65.1626586914
obstacle
0.682763934135
296.592834473 165.393798828 64.1804199219 71.9208679199
obstacle
0.666742146015
173.191848755 136.402709961 67.2443237305 83.4065856934
obstacle
0.541892468929
256.601348877 194.257064819 47.1024780273 37.149810791
obstacle
0.535653173923
156.932037354 173.631225586 51.4073791504 45.1907043457
obstacle
0.507932782173
201.862518311 161.069885254 58.1578979492 49.3937683105
obstacle
0.491565346718
275.096130371 180.209594727 56.3526000977 44.9868164062
obstacle
0.485655605793
100.614753723 139.435623169 56.515296936 45.7403259277
obstacle
0.455185502768
122.866203308 163.453918457 43.6339645386 49.1338195801
obstacle
0.411769509315
238.44631958 164.92250061 49.755065918 42.4643554688
obstacle
0.383979797363
147.302246094 141.043502808 61.5168151855 54.5749206543
obstacle
0.378118783236
280.798828125 128.12310791 81.5864257812 60.5834350586
obstacle
0.377293258905
262.867614746 146.20930481 48.9543457031 46.392791748
obstacle
0.241098970175
0.335910797119 9.7677230835 23.956401825 40.5549316406
obstacle
0.0841462239623
20.4245300293 7.77042579651 45.4592208862 36.9599609375
obstacle
0.0764022171497
322.727325439 131.111404419 44.9208984375 38.9143371582
obstacle
0.0564599633217
306.134033203 107.373023987 176.286376953 168.708618164
obstacle
0.0412005223334
0.0 13.4449424744 154.580703735 47.5256652832
obstacle
0.0383180752397
8.36128807068 1.42222595215 30.4785938263 36.3186759949
obstacle
0.0257489271462
0.0 89.3106079102 447.835754395 177.561706543
obstacle
0.0236783754081
17.0807228088 118.617500305 92.7199859619 139.288391113
obstacle
0.0229908693582
334.043579102 190.543502808 47.8049316406 47.5668945312
obstacle
0.0155674479902
323.659881592 277.118041992 150.397583008 45.8812255859
obstacle
0.0146494749933
19.7960853577 26.1855735779 95.3115081787 120.000152588
obstacle
0.0121296681464
43.7167625427 63.7406082153 123.745376587 154.971557617
