obstacle
0.718047618866
327.901947021 88.9883117676 49.9385375977 21.1374816895
obstacle
0.61446672678
218.188644409 176.092468262 46.725479126 32.9673156738
obstacle
0.589404702187
79.6233444214 158.414718628 249.402984619 62.0545959473
obstacle
0.561491131783
194.201675415 187.834442139 38.2297363281 22.2247314453
obstacle
0.554559290409
137.214599609 200.507843018 38.5271911621 18.5843811035
obstacle
0.517517566681
113.207717896 197.740966797 39.0169677734 22.4590759277
obstacle
0.494285553694
148.505752563 174.832443237 43.619934082 31.7565307617
obstacle
0.425013333559
240.642715454 171.0806427 40.8677520752 21.3869934082
obstacle
0.406598985195
183.754699707 176.835891724 40.7512207031 24.7433166504
obstacle
0.399868965149
206.869796753 166.263824463 45.113494873 27.838470459
obstacle
0.395151227713
136.22555542 173.43862915 32.512878418 17.561920166
obstacle
0.394074529409
171.966491699 188.873031616 36.197265625 17.3919372559
obstacle
0.391392827034
174.383850098 150.869827271 37.7499694824 21.8748168945
obstacle
0.387546062469
327.559783936 74.0739059448 35.4690551758 22.9460449219
obstacle
0.385091632605
445.877502441 117.862014771 36.0888061523 28.0737304688
obstacle
0.36168679595
225.623458862 147.083862305 32.915145874 17.5779724121
obstacle
0.361055999994
199.44744873 147.418273926 38.9749145508 22.4645690918
obstacle
0.344369888306
126.87210083 186.960281372 39.361114502 24.1862792969
obstacle
0.333169311285
117.904006958 180.157073975 32.8939208984 18.9897766113
obstacle
0.326043814421
110.33152771 190.484329224 31.0079956055 17.5056762695
obstacle
0.316183596849
157.2578125 164.09463501 41.3421325684 22.4597167969
obstacle
0.297734439373
183.675216675 160.227005005 34.6066589355 22.3784484863
obstacle
0.289699673653
246.674331665 154.572372437 33.2435760498 17.751159668
obstacle
0.267523825169
228.31439209 155.447998047 38.2526245117 26.7481079102
obstacle
0.21060949564
46.8317871094 183.417648315 193.88470459 56.6350097656
obstacle
0.0759831443429
248.16053772 181.419387817 31.1150970459 20.0994567871
obstacle
0.045529384166
144.088272095 138.145843506 263.00177002 55.0879821777
obstacle
0.0307378098369
297.622253418 100.129364014 180.946105957 67.815612793
obstacle
0.0231301747262
319.306671143 181.499740601 150.225280762 49.4631652832
obstacle
0.0185008645058
52.876701355 208.872055054 148.764648438 87.7561187744
obstacle
0.0175592415035
310.904876709 146.274902344 152.947692871 54.8125915527
obstacle
0.0160519275814
51.8395767212 124.766563416 171.506744385 77.3943252563
obstacle
0.015944737941
35.6051483154 122.871261597 444.093261719 118.184539795
obstacle
0.0142466779798
269.340087891 89.7943344116 130.666381836 137.796356201
obstacle
0.0100034363568
333.648895264 210.188140869 139.030029297 51.1265258789
