obstacle
0.847338080406
63.7277297974 90.4468765259 172.435180664 92.0107345581
obstacle
0.828574597836
222.159484863 89.6862487793 155.788024902 119.701171875
obstacle
0.785218536854
112.870658875 116.07434845 83.5864028931 56.4249038696
obstacle
0.778658509254
167.006591797 109.214408875 68.8433532715 65.2144851685
obstacle
0.703683555126
286.850708008 117.826423645 86.0995483398 63.2770614624
obstacle
0.503550410271
86.6080856323 135.323425293 47.4448623657 34.9129333496
obstacle
0.498369663954
259.729278564 123.044830322 59.0260620117 51.931427002
obstacle
0.475611418486
242.879730225 136.409347534 47.6229248047 30.1147155762
obstacle
0.417991131544
204.431854248 125.974937439 50.028717041 37.0006790161
obstacle
0.412855386734
93.1346206665 88.875541687 45.4738082886 31.9756469727
obstacle
0.35422578454
316.171539307 114.118667603 44.4733886719 34.1518249512
obstacle
0.316643893719
269.22946167 97.3166351318 42.7932128906 33.6107788086
obstacle
0.314226984978
230.741226196 116.039611816 44.0818328857 30.1549682617
obstacle
0.281996041536
142.461181641 107.212860107 48.4907226562 30.0054931641
obstacle
0.258308708668
110.890411377 99.4094848633 44.7071838379 33.089553833
obstacle
0.257334023714
254.703689575 108.811470032 40.1197662354 27.6635055542
obstacle
0.131937161088
288.939300537 110.325386047 43.9073486328 40.3426437378
obstacle
0.0917716026306
99.15259552 115.717529297 49.0373764038 43.7883300781
obstacle
0.0729024484754
299.632110596 147.171859741 33.924987793 32.2673034668
obstacle
0.070839650929
20.8179626465 44.7910690308 103.809768677 139.063934326
obstacle
0.0680526942015
157.766113281 129.562927246 51.2269897461 29.4383544922
obstacle
0.0618479140103
191.810760498 110.505950928 42.8515319824 31.3727416992
obstacle
0.0474126562476
309.981323242 56.4930038452 159.947143555 153.147644043
obstacle
0.036129295826
294.520141602 2.75130748749 140.136230469 12.1576404572
obstacle
0.0346057526767
111.649742126 138.036529541 41.8544387817 37.3355407715
obstacle
0.0333406366408
134.310913086 2.91240596771 132.859344482 13.5106735229
obstacle
0.0318054482341
202.331192017 2.50403022766 117.825424194 18.8723258972
obstacle
0.0280349515378
431.048095703 89.1253662109 61.9356079102 165.822662354
obstacle
0.0220563653857
0.0 56.7481460571 395.306213379 140.102111816
obstacle
0.0218219105154
18.702167511 7.42838096619 86.3309020996 36.0146102905
obstacle
0.0206974875182
26.5624656677 18.380355835 107.222183228 64.8508453369
obstacle
0.0190196819603
46.1072998047 4.23536586761 118.419250488 17.2828788757
obstacle
0.0189846381545
387.723052979 3.18080425262 88.3585205078 10.1931495667
obstacle
0.0174622479826
216.548187256 14.2425708771 126.350646973 60.8171691895
obstacle
0.0159897953272
98.243019104 29.5951576233 134.599121094 96.6827087402
obstacle
0.0151523761451
118.716415405 5.39379310608 131.99407959 33.9040985107
obstacle
0.0136084221303
318.393249512 30.3728218079 131.23236084 74.8607788086
obstacle
0.0134043190628
278.701660156 5.66008853912 129.428466797 32.8963775635
obstacle
0.0121686104685
174.07824707 142.495605469 279.034851074 124.133666992
obstacle
0.0121567621827
64.3461303711 10.1703395844 123.257583618 47.9638214111
