obstacle
0.787074506283
114.50579071 183.154541016 63.4851150513 59.3095092773
obstacle
0.753035068512
7.86773681641 187.532745361 49.429359436 47.7209777832
obstacle
0.647353172302
91.9406585693 208.694564819 44.3889007568 32.9198303223
obstacle
0.605527877808
86.2923049927 159.704345703 107.144004822 39.5201416016
obstacle
0.581608831882
336.032409668 214.231033325 49.4772338867 30.4578552246
obstacle
0.559776902199
441.325531006 215.833251953 42.76953125 24.4365844727
obstacle
0.557074308395
0.228407859802 188.304046631 22.0605773926 35.763671875
obstacle
0.55275374651
387.959197998 204.751373291 43.2668457031 25.4264526367
obstacle
0.538591623306
398.725402832 184.994781494 45.1000366211 24.8139038086
obstacle
0.51407968998
280.332946777 132.171020508 31.1873779297 18.2443847656
obstacle
0.486700981855
348.488525391 170.743011475 43.7565307617 26.7603759766
obstacle
0.472717702389
101.609024048 168.146850586 40.5924835205 29.368347168
obstacle
0.470176190138
364.420959473 165.061187744 37.6274414062 20.5886535645
obstacle
0.463101476431
135.722045898 188.383987427 52.4363098145 27.2616882324
obstacle
0.441358745098
386.155059814 219.278656006 36.3123779297 24.1110229492
obstacle
0.440355300903
415.103881836 180.242156982 40.3069458008 20.2508544922
obstacle
0.38171595335
0.0 177.053863525 193.846618652 63.6233215332
obstacle
0.373840719461
368.640319824 212.933639526 40.0810546875 21.0896606445
obstacle
0.366243124008
274.089752197 156.597412109 31.5017089844 18.4677429199
obstacle
0.311164975166
99.05027771 193.941162109 43.0895080566 32.452545166
obstacle
0.310822725296
456.335906982 225.885192871 42.7817382812 20.7554016113
obstacle
0.294917941093
441.566619873 196.99609375 32.9872436523 20.8323974609
obstacle
0.281318753958
324.130981445 182.331741333 175.869018555 69.5102539062
obstacle
0.276246666908
341.239837646 204.475753784 37.1130981445 20.7972412109
obstacle
0.265388101339
91.5297546387 179.420135498 35.1778869629 24.9865112305
obstacle
0.265333294868
144.817337036 170.691802979 39.5420837402 22.6099243164
obstacle
0.260147750378
76.3799438477 173.949890137 41.8192443848 20.399017334
obstacle
0.18983207643
130.410369873 176.756698608 32.0866699219 27.0343017578
obstacle
0.173174723983
393.166931152 2.52928256989 39.5753173828 13.5636501312
obstacle
0.140740573406
481.463043213 228.214447021 18.5369567871 30.4897460938
obstacle
0.0502175167203
425.53112793 3.92885065079 30.3007202148 13.1064777374
obstacle
0.0288132634014
400.025421143 6.9330329895 77.2475585938 17.9956264496
obstacle
0.0234140586108
450.731140137 5.56361198425 28.3070068359 13.9174575806
obstacle
0.0229992717505
31.9448699951 194.076919556 350.965881348 63.9849395752
obstacle
0.0142157040536
223.188949585 157.354660034 229.896316528 54.427947998
obstacle
0.01233272627
475.37411499 8.58901786804 24.6258850098 15.0759315491
