obstacle
0.788130283356
186.898422241 135.041229248 34.1081848145 21.8304748535
obstacle
0.363329142332
195.438339233 126.99433136 22.9737548828 18.4122390747
obstacle
0.0697829350829
11.8203582764 102.299682617 144.501556396 33.207824707
obstacle
0.0291185937822
23.4212875366 117.113693237 182.03918457 33.2005615234
obstacle
0.0288450177759
315.698242188 204.415588379 171.075439453 32.1925354004
obstacle
0.0226632431149
23.3079986572 23.0075302124 120.562683105 99.1374969482
obstacle
0.0154293412343
118.611495972 44.4028549194 113.837890625 109.29322052
obstacle
0.0150543926284
96.0529251099 106.188819885 229.820709229 26.9340286255
obstacle
0.0124595658854
178.48626709 220.9947052 253.725769043 32.626739502
obstacle
0.0103819016367
349.20199585 172.300872803 133.151000977 42.1011352539
