obstacle
0.835181474686
372.983398438 235.316192627 59.7536621094 33.194152832
obstacle
0.821838617325
429.081085205 171.961883545 64.5081176758 27.2309875488
obstacle
0.768821179867
49.8991928101 182.207244873 135.072479248 37.4050598145
obstacle
0.765052258968
26.6204948425 225.60357666 56.744052887 26.7994384766
obstacle
0.755139291286
249.481307983 165.003540039 49.1865081787 24.1496887207
obstacle
0.73695898056
106.522369385 217.496673584 39.9556427002 20.061340332
obstacle
0.699073851109
297.183929443 152.195465088 44.3711547852 65.8748779297
obstacle
0.667091071606
59.3292007446 186.862319946 42.93409729 22.9763793945
obstacle
0.593749165535
53.5323562622 223.122436523 41.3906097412 19.0493164062
obstacle
0.541564106941
120.216407776 191.824035645 52.2054977417 22.5600891113
obstacle
0.514366745949
273.891235352 164.301361084 53.067199707 33.9172363281
obstacle
0.498563915491
3.07640075684 168.131958008 234.082260132 75.9844665527
obstacle
0.482376039028
167.427017212 192.333267212 34.1696472168 22.2069702148
obstacle
0.430918246508
49.4778289795 158.27394104 35.2890777588 21.5725097656
obstacle
0.430674046278
82.8521194458 183.137207031 51.7007980347 28.8754272461
obstacle
0.297187298536
358.822814941 230.635009766 34.8862915039 26.9674072266
obstacle
0.281467348337
289.064605713 144.414276123 34.1095581055 20.4751586914
obstacle
0.260139942169
59.8290328979 197.690933228 31.7504425049 28.3613586426
obstacle
0.21173723042
480.860839844 170.24798584 19.1391601562 28.1631469727
obstacle
0.194829970598
108.748497009 177.762832642 40.488899231 23.7799377441
obstacle
0.193390458822
383.634368896 228.934158325 38.3843383789 23.2964172363
obstacle
0.156309634447
281.01940918 152.37550354 34.3612060547 22.7529907227
obstacle
0.109369516373
299.780212402 177.92010498 31.8781738281 23.3056030273
obstacle
0.0948557034135
63.3917503357 171.575149536 32.6107597351 27.8440856934
obstacle
0.0663049295545
308.108703613 147.513092041 29.958984375 34.3092651367
obstacle
0.0397329218686
110.00189209 194.761184692 34.3403015137 29.1207275391
obstacle
0.0381031706929
399.014862061 165.033126831 89.3823852539 111.537612915
obstacle
0.0335045233369
131.262405396 155.684753418 269.785644531 51.6442871094
obstacle
0.0239147171378
408.66229248 240.589889526 33.4970703125 23.7541656494
obstacle
0.0156617239118
258.070281982 183.951065063 214.924560547 66.0937194824
