obstacle
0.57016646862
115.0 126.0 349.0 112.0
obstacle
0.372013777494
438.0 91.0 20.0 18.0
obstacle
0.365546196699
65.0 95.0 129.0 38.0
obstacle
0.292289227247
84.0 104.0 95.0 19.0
obstacle
0.175172477961
51.0 75.0 96.0 52.0
obstacle
0.150649726391
66.0 104.0 67.0 19.0
obstacle
0.136477485299
202.0 127.0 164.0 71.0
obstacle
0.131901443005
74.0 84.0 52.0 26.0
obstacle
0.124737195671
87.0 71.0 17.0 51.0
obstacle
0.121277168393
0.0 63.0 220.0 74.0
obstacle
0.103265218437
171.0 149.0 161.0 69.0
obstacle
0.0996801331639
102.0 89.0 55.0 23.0
obstacle
0.0924334675074
138.0 165.0 362.0 116.0
obstacle
0.0916485562921
5.0 88.0 30.0 19.0
obstacle
0.0895550996065
110.0 96.0 359.0 99.0
obstacle
0.088379599154
226.0 120.0 121.0 50.0
obstacle
0.0877621248364
187.0 177.0 132.0 51.0
obstacle
0.0828007757664
231.0 107.0 33.0 21.0
obstacle
0.0785760357976
48.0 114.0 335.0 99.0
obstacle
0.0751863270998
188.0 153.0 46.0 19.0
obstacle
0.075114607811
36.0 143.0 358.0 120.0
obstacle
0.0722079649568
116.0 92.0 100.0 48.0
obstacle
0.0711138546467
271.0 112.0 37.0 20.0
obstacle
0.0697100162506
77.0 47.0 28.0 13.0
obstacle
0.0693974420428
220.0 197.0 136.0 55.0
obstacle
0.0688379406929
144.0 106.0 43.0 16.0
obstacle
0.0676480680704
221.0 212.0 54.0 27.0
obstacle
0.0660773813725
182.0 174.0 54.0 18.0
obstacle
0.0659069567919
123.0 75.0 17.0 45.0
obstacle
0.0658134147525
433.0 105.0 29.0 17.0
obstacle
0.0637470707297
147.0 93.0 40.0 17.0
obstacle
0.0618172883987
230.0 92.0 30.0 17.0
obstacle
0.0581497140229
269.0 115.0 107.0 58.0
obstacle
0.0575848259032
347.0 237.0 41.0 20.0
obstacle
0.0569901168346
156.0 130.0 37.0 16.0
obstacle
0.0552468262613
388.0 133.0 27.0 17.0
obstacle
0.0533520467579
1.0 67.0 29.0 18.0
obstacle
0.0526517629623
0.0 240.0 32.0 19.0
obstacle
0.0525257140398
2.0 82.0 125.0 68.0
obstacle
0.0523600354791
160.0 151.0 38.0 19.0
obstacle
0.0523532703519
279.0 115.0 17.0 51.0
obstacle
0.0523340404034
381.0 195.0 40.0 22.0
obstacle
0.0521997101605
234.0 178.0 188.0 54.0
obstacle
0.0521328523755
340.0 214.0 51.0 24.0
obstacle
0.0516849607229
424.0 49.0 35.0 12.0
obstacle
0.0516591109335
384.0 150.0 34.0 21.0
obstacle
0.0497379116714
86.0 89.0 19.0 56.0
obstacle
0.0485759824514
431.0 70.0 25.0 17.0
obstacle
0.0480840541422
239.0 146.0 169.0 78.0
obstacle
0.0463237129152
318.0 133.0 83.0 64.0
obstacle
0.0459851771593
346.0 172.0 109.0 67.0
obstacle
0.0448937788606
382.0 217.0 33.0 19.0
obstacle
0.0447573512793
0.0 218.0 34.0 18.0
obstacle
0.0437051653862
391.0 89.0 32.0 16.0
obstacle
0.0436985269189
345.0 87.0 42.0 20.0
obstacle
0.043697308749
0.0 262.0 36.0 18.0
obstacle
0.0432519093156
301.0 132.0 43.0 22.0
obstacle
0.0425467640162
222.0 151.0 52.0 20.0
obstacle
0.0423825308681
346.0 107.0 40.0 22.0
obstacle
0.0420343987644
301.0 212.0 52.0 26.0
obstacle
0.0413952991366
466.0 45.0 34.0 17.0
obstacle
0.0411689542234
307.0 198.0 114.0 54.0
obstacle
0.0410358048975
460.0 0.0 40.0 18.0
obstacle
0.0408672988415
464.0 152.0 36.0 20.0
obstacle
0.0392858572304
264.0 132.0 48.0 19.0
obstacle
0.0392321310937
120.0 75.0 90.0 51.0
obstacle
0.0391693077981
228.0 134.0 49.0 16.0
obstacle
0.0389658361673
464.0 88.0 32.0 21.0
obstacle
0.0389618314803
361.0 132.0 77.0 66.0
obstacle
0.0384235493839
201.0 93.0 24.0 15.0
obstacle
0.0383693724871
39.0 88.0 38.0 20.0
obstacle
0.0380385108292
309.0 111.0 34.0 18.0
obstacle
0.0376421809196
226.0 193.0 47.0 21.0
obstacle
0.0375843495131
466.0 132.0 34.0 18.0
obstacle
0.0373367406428
0.0 57.0 347.0 122.0
obstacle
0.0370905473828
306.0 47.0 39.0 15.0
obstacle
0.0368969850242
386.0 69.0 30.0 14.0
obstacle
0.0365048460662
0.0 46.0 30.0 17.0
obstacle
0.0364638715982
207.0 91.0 84.0 61.0
obstacle
0.03626133129
241.0 119.0 14.0 42.0
obstacle
0.036124560982
0.0 2.0 37.0 18.0
obstacle
0.0359307155013
343.0 48.0 41.0 15.0
obstacle
0.0356024987996
312.0 89.0 33.0 17.0
obstacle
0.0354179218411
1.0 110.0 33.0 18.0
obstacle
0.0352745726705
41.0 106.0 42.0 21.0
obstacle
0.0350437276065
237.0 88.0 99.0 65.0
obstacle
0.0350241400301
344.0 66.0 37.0 17.0
obstacle
0.0350224412978
424.0 219.0 38.0 14.0
obstacle
0.0348543003201
466.0 240.0 34.0 18.0
obstacle
0.0345953665674
0.0 197.0 35.0 18.0
obstacle
0.03444076702
10.0 65.0 102.0 67.0
obstacle
0.0343099609017
404.0 68.0 81.0 61.0
obstacle
0.0341680757701
71.0 24.0 49.0 20.0
obstacle
0.0337422043085
469.0 68.0 31.0 16.0
obstacle
0.0336803235114
184.0 21.0 52.0 23.0
obstacle
0.0336567088962
356.0 156.0 19.0 56.0
obstacle
0.0335185043514
240.0 102.0 260.0 121.0
obstacle
0.0333829633892
306.0 67.0 40.0 15.0
obstacle
0.0333772785962
346.0 171.0 43.0 21.0
obstacle
0.0333558991551
83.0 72.0 33.0 14.0
obstacle
0.0333030112088
392.0 108.0 26.0 18.0
obstacle
0.0331814922392
297.0 21.0 61.0 23.0
obstacle
0.0331060774624
205.0 108.0 27.0 17.0
obstacle
0.0330195315182
461.0 23.0 39.0 19.0
obstacle
0.0326835662127
383.0 51.0 41.0 11.0
obstacle
0.0322043709457
265.0 47.0 44.0 16.0
obstacle
0.0321754701436
107.0 131.0 45.0 14.0
obstacle
0.0319276601076
463.0 218.0 37.0 18.0
obstacle
0.0319269485772
151.0 47.0 41.0 14.0
obstacle
0.0318396240473
116.0 73.0 29.0 11.0
obstacle
0.0317681021988
260.0 151.0 54.0 17.0
obstacle
0.0317374877632
196.0 131.0 36.0 17.0
obstacle
0.0316594801843
0.0 175.0 33.0 19.0
obstacle
0.0315914936364
260.0 1.0 57.0 19.0
obstacle
0.0310315303504
50.0 71.0 16.0 51.0
obstacle
0.0308554954827
223.0 1.0 51.0 19.0
obstacle
0.0308049600571
466.0 175.0 34.0 19.0
obstacle
0.0304484572262
143.0 133.0 148.0 61.0
obstacle
0.030156146735
464.0 196.0 36.0 19.0
obstacle
0.0300019048154
156.0 169.0 120.0 68.0
obstacle
0.0299918018281
258.0 20.0 61.0 24.0
obstacle
0.0298374481499
145.0 23.0 56.0 23.0
obstacle
0.0297495238483
225.0 48.0 47.0 14.0
obstacle
0.0294833518565
70.0 1.0 52.0 19.0
obstacle
0.0293184183538
255.0 212.0 61.0 25.0
obstacle
0.0292861778289
36.0 46.0 46.0 15.0
obstacle
0.0291796959937
337.0 0.0 59.0 20.0
obstacle
0.0290691517293
304.0 196.0 45.0 17.0
obstacle
0.0289941895753
2.0 131.0 27.0 17.0
obstacle
0.0289203617722
337.0 21.0 56.0 22.0
obstacle
0.0287698004395
272.0 91.0 34.0 16.0
obstacle
0.0287580322474
260.0 237.0 53.0 20.0
obstacle
0.0286344438791
126.0 93.0 16.0 50.0
obstacle
0.0285614524037
276.0 139.0 19.0 44.0
obstacle
0.0281466133893
186.0 48.0 43.0 14.0
obstacle
0.028046336025
298.0 1.0 58.0 18.0
obstacle
0.0279013644904
380.0 2.0 48.0 17.0
obstacle
0.0277863666415
355.0 180.0 19.0 51.0
obstacle
0.0277355145663
221.0 21.0 57.0 23.0
obstacle
0.0276484154165
186.0 193.0 49.0 19.0
obstacle
0.0276428665966
349.0 152.0 43.0 18.0
obstacle
0.0273921713233
384.0 238.0 38.0 18.0
obstacle
0.0271459706128
220.0 0.0 280.0 73.0
obstacle
0.0270062033087
345.0 193.0 40.0 21.0
obstacle
0.0267001260072
422.0 3.0 43.0 17.0
obstacle
0.0266024600714
466.0 109.0 33.0 19.0
obstacle
0.0265234746039
374.0 23.0 58.0 20.0
obstacle
0.0264899805188
0.0 82.0 200.0 110.0
obstacle
0.0264095962048
186.0 216.0 48.0 19.0
obstacle
0.0263144746423
195.0 69.0 29.0 15.0
obstacle
0.0262038465589
76.0 196.0 40.0 18.0
obstacle
0.0261803437024
71.0 263.0 49.0 18.0
obstacle
0.0261761657894
111.0 2.0 47.0 17.0
obstacle
0.0259220600128
163.0 114.0 107.0 53.0
obstacle
0.0258521605283
0.0 154.0 28.0 17.0
obstacle
0.0258264672011
0.0 23.0 33.0 19.0
obstacle
0.0258013382554
318.0 118.0 14.0 44.0
obstacle
0.0257789995521
111.0 23.0 47.0 21.0
obstacle
0.0257689133286
349.0 201.0 107.0 51.0
obstacle
0.0256161894649
347.0 133.0 37.0 20.0
obstacle
0.0255699120462
161.0 173.0 35.0 18.0
obstacle
0.0253465045244
309.0 111.0 109.0 65.0
obstacle
0.0251767877489
149.0 1.0 49.0 18.0
obstacle
0.0251546110958
305.0 0.0 120.0 66.0
obstacle
0.0251500308514
153.0 216.0 42.0 22.0
obstacle
0.02502341941
428.0 131.0 33.0 16.0
obstacle
0.0247385259718
187.0 2.0 48.0 18.0
obstacle
0.024560187012
395.0 183.0 18.0 43.0
obstacle
0.0244815684855
38.0 128.0 40.0 20.0
obstacle
0.0242089536041
232.0 66.0 112.0 65.0
obstacle
0.0240281037986
63.0 48.0 71.0 62.0
obstacle
0.0239410381764
154.0 26.0 345.0 100.0
obstacle
0.0236832909286
114.0 172.0 39.0 22.0
obstacle
0.0235416349024
0.0 14.0 160.0 125.0
obstacle
0.0233524087816
71.0 130.0 42.0 15.0
obstacle
0.0232694223523
271.0 68.0 36.0 14.0
obstacle
0.0232249777764
389.0 161.0 103.0 87.0
obstacle
0.02303128317
0.0 122.0 300.0 121.0
obstacle
0.0229423493147
396.0 120.0 89.0 83.0
obstacle
0.0228706113994
424.0 239.0 38.0 19.0
obstacle
0.0227261204273
232.0 68.0 35.0 16.0
obstacle
0.0226151831448
350.0 0.0 104.0 69.0
obstacle
0.0224032644182
155.0 1.0 110.0 65.0
obstacle
0.0223742742091
259.0 262.0 60.0 18.0
obstacle
0.0223717615008
290.0 42.0 210.0 110.0
obstacle
0.0222120452672
229.0 0.0 119.0 67.0
obstacle
0.0221303347498
418.0 262.0 48.0 19.0
obstacle
0.0220597889274
108.0 263.0 51.0 18.0
obstacle
0.0220352560282
178.0 213.0 299.0 68.0
obstacle
0.0219066981226
382.0 173.0 37.0 17.0
obstacle
0.0219055712223
0.0 64.0 64.0 70.0
obstacle
0.0218648351729
115.0 196.0 37.0 17.0
obstacle
0.0218339599669
41.0 69.0 35.0 17.0
obstacle
0.0218294542283
420.0 26.0 42.0 17.0
obstacle
0.0216636434197
114.0 237.0 43.0 22.0
obstacle
0.0216270331293
275.0 92.0 24.0 54.0
obstacle
0.0216220766306
0.0 214.0 61.0 67.0
obstacle
0.0216011535376
155.0 193.0 116.0 65.0
obstacle
0.0214188247919
339.0 261.0 51.0 20.0
obstacle
0.0212507285178
119.0 0.0 107.0 68.0
obstacle
0.021086210385
83.0 0.0 102.0 70.0
obstacle
0.0209308769554
192.0 0.0 114.0 66.0
obstacle
0.0209160111845
15.0 34.0 87.0 85.0
obstacle
0.0206933133304
117.0 48.0 32.0 13.0
obstacle
0.0206671860069
223.0 217.0 129.0 60.0
obstacle
0.0205516722053
464.0 263.0 36.0 16.0
obstacle
0.0205481089652
316.0 182.0 22.0 44.0
obstacle
0.0205345973372
226.0 234.0 47.0 22.0
obstacle
0.0204695537686
162.0 71.0 24.0 11.0
obstacle
0.0201624333858
311.0 65.0 109.0 65.0
obstacle
0.0200778562576
377.0 262.0 51.0 19.0
obstacle
0.0200451370329
298.0 261.0 56.0 20.0
obstacle
0.0198420286179
191.0 236.0 41.0 21.0
obstacle
0.0198259428144
355.0 203.0 20.0 48.0
obstacle
0.0197347849607
181.0 262.0 60.0 19.0
obstacle
0.0196650344878
167.0 96.0 87.0 47.0
obstacle
0.0195058304816
395.0 144.0 16.0 38.0
obstacle
0.0194640420377
144.0 262.0 54.0 19.0
obstacle
0.0193872544914
30.0 239.0 132.0 42.0
obstacle
0.0193837732077
78.0 218.0 39.0 17.0
obstacle
0.0193648226559
0.0 13.0 66.0 84.0
obstacle
0.0190017465502
319.0 78.0 91.0 82.0
obstacle
0.018994115293
357.0 140.0 17.0 45.0
obstacle
0.0189216397703
315.0 204.0 21.0 46.0
obstacle
0.0189196560532
0.0 213.0 289.0 68.0
obstacle
0.0188600067049
22.0 0.0 301.0 69.0
obstacle
0.0186943262815
95.0 47.0 72.0 63.0
obstacle
0.0186036676168
81.0 148.0 109.0 71.0
obstacle
0.0185865946114
30.0 23.0 54.0 18.0
obstacle
0.0184959210455
49.0 0.0 93.0 71.0
obstacle
0.0184641592205
94.0 81.0 312.0 83.0
obstacle
0.0184458438307
115.0 217.0 37.0 20.0
obstacle
0.0183290019631
304.0 153.0 40.0 14.0
obstacle
0.0183125529438
0.0 170.0 58.0 72.0
obstacle
0.0182998906821
445.0 0.0 55.0 70.0
obstacle
0.0182906445116
35.0 196.0 44.0 18.0
obstacle
0.0181395504624
73.0 174.0 44.0 18.0
obstacle
0.0180728752166
33.0 262.0 48.0 19.0
obstacle
0.0180651322007
240.0 134.0 18.0 54.0
obstacle
0.0179684218019
303.0 240.0 126.0 41.0
obstacle
0.0179132409394
315.0 142.0 17.0 41.0
obstacle
0.0178426131606
303.0 239.0 47.0 17.0
obstacle
0.0177986528724
34.0 1.0 48.0 19.0
obstacle
0.0177909266204
108.0 0.0 287.0 113.0
obstacle
0.0177320986986
71.0 151.0 45.0 19.0
obstacle
0.0175850987434
426.0 194.0 38.0 20.0
obstacle
0.0175192113966
263.0 194.0 47.0 21.0
obstacle
0.0173292774707
266.0 173.0 44.0 19.0
obstacle
0.0171390511096
152.0 237.0 40.0 22.0
obstacle
0.0170752499253
91.0 59.0 12.0 35.0
obstacle
0.0170457623899
239.0 202.0 21.0 49.0
obstacle
0.0169844776392
147.0 236.0 131.0 45.0
obstacle
0.0168884657323
36.0 217.0 43.0 17.0
obstacle
0.0167651232332
388.0 24.0 106.0 61.0
obstacle
0.0167305655777
0.0 0.0 117.0 50.0
obstacle
0.0166948940605
114.0 149.0 38.0 21.0
obstacle
0.0166461803019
239.0 98.0 18.0 42.0
obstacle
0.0166238583624
364.0 108.0 76.0 71.0
obstacle
0.0166158061475
278.0 164.0 19.0 38.0
obstacle
0.0165999401361
46.0 148.0 100.0 70.0
obstacle
0.0165828708559
222.0 261.0 54.0 19.0
obstacle
0.016477547586
238.0 182.0 23.0 45.0
obstacle
0.0163849554956
440.0 124.0 60.0 77.0
obstacle
0.0163727663457
131.0 139.0 98.0 49.0
obstacle
0.016294689849
159.0 194.0 34.0 20.0
obstacle
0.0162408370525
121.0 147.0 111.0 72.0
obstacle
0.0162004660815
394.0 159.0 16.0 48.0
obstacle
0.0161774680018
387.0 0.0 109.0 52.0
obstacle
0.0161652117968
429.0 174.0 32.0 17.0
obstacle
0.0161579828709
167.0 73.0 86.0 54.0
obstacle
0.0161212272942
35.0 173.0 40.0 19.0
obstacle
0.0161000899971
183.0 68.0 317.0 105.0
obstacle
0.0160888060927
322.0 95.0 178.0 93.0
obstacle
0.0158150978386
37.0 239.0 42.0 17.0
obstacle
0.0156434588134
303.0 45.0 125.0 63.0
obstacle
0.0156295392662
267.0 0.0 119.0 48.0
obstacle
0.0155770778656
166.0 76.0 13.0 43.0
obstacle
0.0154995108023
202.0 139.0 14.0 44.0
obstacle
0.0154865719378
359.0 71.0 92.0 52.0
obstacle
0.0154273035005
239.0 161.0 18.0 43.0
obstacle
0.0153923649341
330.0 170.0 170.0 111.0
obstacle
0.0151453474537
0.0 196.0 160.0 85.0
obstacle
0.0148683674634
75.0 239.0 40.0 17.0
obstacle
0.0148531179875
334.0 127.0 166.0 114.0
obstacle
0.0148152625188
10.0 79.0 12.0 37.0
obstacle
0.0147931063548
443.0 65.0 57.0 66.0
obstacle
0.0145047632977
254.0 25.0 145.0 59.0
obstacle
0.0144440047443
226.0 173.0 42.0 18.0
obstacle
0.0143571551889
194.0 63.0 108.0 72.0
obstacle
0.0143212648109
76.0 173.0 117.0 65.0
obstacle
0.0142674315721
116.0 218.0 114.0 62.0
obstacle
0.0142590804026
279.0 88.0 89.0 65.0
obstacle
0.0142048653215
5.0 190.0 105.0 73.0
obstacle
0.0141734033823
48.0 191.0 98.0 71.0
obstacle
0.0140540115535
75.0 216.0 120.0 65.0
obstacle
0.0139824198559
437.0 166.0 63.0 79.0
obstacle
0.013908546418
361.0 82.0 87.0 73.0
obstacle
0.0138369649649
280.0 182.0 21.0 44.0
obstacle
0.0138079756871
354.0 3.0 21.0 59.0
obstacle
0.0138036059216
392.0 203.0 20.0 46.0
