obstacle
0.850131392479
252.0 151.0 132.0 53.0
obstacle
0.407642155886
416.0 78.0 60.0 20.0
obstacle
0.28715056181
226.0 142.0 136.0 46.0
obstacle
0.273317366838
197.0 157.0 127.0 41.0
obstacle
0.263332992792
252.0 176.0 143.0 43.0
obstacle
0.205221906304
450.0 75.0 50.0 20.0
obstacle
0.182033717632
221.0 155.0 56.0 16.0
obstacle
0.16939021647
269.0 166.0 49.0 22.0
obstacle
0.142856091261
297.0 151.0 55.0 22.0
obstacle
0.131031557918
338.0 192.0 46.0 20.0
obstacle
0.123362578452
297.0 138.0 119.0 50.0
obstacle
0.113251432776
396.0 60.0 104.0 52.0
obstacle
0.111552670598
294.0 188.0 61.0 24.0
obstacle
0.101558625698
198.0 153.0 39.0 18.0
obstacle
0.0902821719646
298.0 173.0 120.0 55.0
obstacle
0.0839280560613
329.0 165.0 64.0 23.0
obstacle
0.0801776722074
265.0 187.0 51.0 22.0
obstacle
0.0796063765883
297.0 213.0 59.0 25.0
obstacle
0.0792746543884
230.0 168.0 47.0 14.0
obstacle
0.0760105252266
459.0 98.0 41.0 16.0
obstacle
0.0716624259949
416.0 96.0 51.0 18.0
obstacle
0.0710122361779
271.0 153.0 42.0 20.0
obstacle
0.0681617036462
397.0 80.0 30.0 14.0
obstacle
0.0644496232271
154.0 170.0 39.0 20.0
obstacle
0.0638123452663
200.0 167.0 35.0 19.0
obstacle
0.0637247785926
127.0 144.0 253.0 75.0
obstacle
0.0595357902348
283.0 165.0 72.0 24.0
obstacle
0.0571432746947
340.0 216.0 48.0 22.0
obstacle
0.056070715189
420.0 53.0 41.0 20.0
obstacle
0.0552797578275
340.0 153.0 51.0 16.0
obstacle
0.0515136122704
159.0 158.0 122.0 45.0
obstacle
0.0499484203756
166.0 115.0 248.0 92.0
obstacle
0.0490397624671
270.0 194.0 113.0 64.0
obstacle
0.0489814430475
459.0 121.0 41.0 21.0
obstacle
0.0479039773345
264.0 213.0 54.0 23.0
obstacle
0.04640218243
229.0 192.0 48.0 17.0
obstacle
0.0455633066595
380.0 151.0 37.0 16.0
obstacle
0.0447609908879
463.0 195.0 37.0 19.0
obstacle
0.0431905277073
216.0 144.0 284.0 75.0
obstacle
0.0429944619536
421.0 170.0 44.0 21.0
obstacle
0.0412661060691
163.0 135.0 110.0 53.0
obstacle
0.0410249307752
388.0 28.0 111.0 69.0
obstacle
0.0409443378448
194.0 190.0 39.0 23.0
obstacle
0.0395458005369
234.0 197.0 112.0 58.0
obstacle
0.0393676497042
377.0 196.0 45.0 19.0
obstacle
0.0393329411745
267.0 240.0 44.0 22.0
obstacle
0.0387344583869
412.0 120.0 57.0 23.0
obstacle
0.0386250726879
154.0 190.0 37.0 24.0
obstacle
0.0376271046698
227.0 122.0 46.0 24.0
obstacle
0.036703042686
465.0 171.0 35.0 19.0
obstacle
0.0366003215313
457.0 2.0 43.0 19.0
obstacle
0.0354925990105
466.0 244.0 34.0 19.0
obstacle
0.0346985682845
231.0 104.0 114.0 64.0
obstacle
0.0345233380795
466.0 266.0 34.0 21.0
obstacle
0.034399650991
35.0 168.0 43.0 22.0
obstacle
0.0342347882688
464.0 219.0 36.0 20.0
obstacle
0.0335852690041
71.0 169.0 46.0 22.0
obstacle
0.033342693001
379.0 123.0 50.0 20.0
obstacle
0.0330914370716
182.0 177.0 147.0 47.0
obstacle
0.0320819616318
414.0 265.0 55.0 23.0
obstacle
0.0314283445477
346.0 123.0 42.0 21.0
obstacle
0.0313258729875
191.0 122.0 40.0 22.0
obstacle
0.031098017469
111.0 170.0 49.0 21.0
obstacle
0.0308986399323
155.0 150.0 37.0 18.0
obstacle
0.0307954773307
108.0 241.0 53.0 25.0
obstacle
0.0307166390121
380.0 169.0 37.0 16.0
obstacle
0.0304679553956
467.0 148.0 33.0 18.0
obstacle
0.0302312597632
105.0 48.0 57.0 25.0
obstacle
0.0302214864641
301.0 98.0 52.0 22.0
obstacle
0.0298317018896
224.0 1.0 51.0 22.0
obstacle
0.0294515509158
302.0 239.0 47.0 22.0
obstacle
0.0293696671724
266.0 125.0 46.0 21.0
obstacle
0.0291437003762
69.0 218.0 51.0 22.0
obstacle
0.0291316006333
109.0 217.0 52.0 24.0
obstacle
0.0291235279292
147.0 121.0 50.0 23.0
obstacle
0.0290525089949
70.0 48.0 51.0 25.0
obstacle
0.0289752855897
282.0 69.0 218.0 127.0
obstacle
0.0289156138897
321.0 135.0 12.0 44.0
obstacle
0.0285669919103
353.0 57.0 116.0 58.0
obstacle
0.0285029318184
226.0 242.0 45.0 21.0
obstacle
0.0283473487943
17.0 123.0 313.0 117.0
obstacle
0.0283381156623
24.0 291.0 62.0 21.0
obstacle
0.0281815845519
425.0 148.0 37.0 21.0
obstacle
0.028016993776
72.0 147.0 45.0 21.0
obstacle
0.0279646944255
339.0 149.0 114.0 59.0
obstacle
0.0279505811632
126.0 0.0 326.0 105.0
obstacle
0.027734419331
109.0 193.0 50.0 22.0
obstacle
0.0276416931301
69.0 192.0 54.0 24.0
obstacle
0.0273812469095
299.0 48.0 55.0 25.0
obstacle
0.0273540038615
378.0 72.0 122.0 69.0
obstacle
0.0273401904851
419.0 216.0 49.0 26.0
obstacle
0.0272839851677
277.0 134.0 14.0 46.0
obstacle
0.0271376743913
229.0 216.0 46.0 21.0
obstacle
0.0269030835479
418.0 193.0 48.0 24.0
obstacle
0.0268253944814
264.0 25.0 49.0 23.0
obstacle
0.026800358668
29.0 216.0 56.0 24.0
obstacle
0.0267422292382
301.0 1.0 52.0 21.0
obstacle
0.02665181458
0.0 1.0 40.0 20.0
obstacle
0.0266292244196
389.0 97.0 38.0 18.0
obstacle
0.0265088640153
462.0 53.0 38.0 19.0
obstacle
0.026500845328
186.0 0.0 51.0 23.0
obstacle
0.0264264512807
340.0 1.0 49.0 21.0
obstacle
0.0264177918434
149.0 216.0 47.0 24.0
obstacle
0.0263779051602
0.0 0.0 259.0 124.0
obstacle
0.0262733735144
301.0 75.0 52.0 20.0
obstacle
0.0262627284974
261.0 76.0 54.0 20.0
obstacle
0.0262208767235
307.0 196.0 111.0 61.0
obstacle
0.0261892750859
356.0 26.0 98.0 71.0
obstacle
0.0261307302862
193.0 94.0 116.0 81.0
obstacle
0.0260098576546
0.0 147.0 33.0 20.0
obstacle
0.0259638242424
148.0 242.0 48.0 23.0
obstacle
0.0259371772408
72.0 242.0 47.0 22.0
obstacle
0.025894485414
13.0 64.0 320.0 137.0
obstacle
0.0258165895939
380.0 218.0 42.0 20.0
obstacle
0.0257773492485
463.0 293.0 37.0 18.0
obstacle
0.0257574673742
110.0 265.0 47.0 22.0
obstacle
0.0256496984512
38.0 148.0 38.0 18.0
obstacle
0.0255551598966
69.0 121.0 52.0 23.0
obstacle
0.0254942029715
73.0 267.0 44.0 20.0
obstacle
0.0254356469959
0.0 25.0 37.0 21.0
obstacle
0.0254145525396
311.0 3.0 189.0 118.0
obstacle
0.02535790205
192.0 217.0 39.0 22.0
obstacle
0.0253374986351
145.0 292.0 55.0 21.0
obstacle
0.0252776108682
342.0 265.0 48.0 22.0
obstacle
0.02522713691
339.0 241.0 47.0 21.0
obstacle
0.0251336973161
187.0 25.0 52.0 22.0
obstacle
0.0250159632415
114.0 152.0 120.0 58.0
obstacle
0.0248051639646
186.0 242.0 49.0 23.0
obstacle
0.0247741546482
263.0 1.0 50.0 21.0
obstacle
0.0246515031904
113.0 148.0 43.0 18.0
obstacle
0.0245761889964
150.0 265.0 45.0 21.0
obstacle
0.024554727599
306.0 126.0 44.0 20.0
obstacle
0.0245178584009
108.0 26.0 55.0 23.0
obstacle
0.024440260604
411.0 293.0 60.0 20.0
obstacle
0.0243552643806
343.0 98.0 45.0 21.0
obstacle
0.0243373848498
107.0 93.0 130.0 79.0
obstacle
0.0243074297905
263.0 99.0 50.0 20.0
obstacle
0.0242310017347
145.0 49.0 54.0 23.0
obstacle
0.0242236964405
0.0 170.0 35.0 20.0
obstacle
0.0241525080055
33.0 192.0 50.0 25.0
obstacle
0.0241366084665
259.0 20.0 134.0 81.0
obstacle
0.0240840297192
147.0 99.0 50.0 20.0
obstacle
0.0240577720106
222.0 48.0 53.0 25.0
obstacle
0.0239856895059
418.0 3.0 49.0 18.0
obstacle
0.0238550361246
375.0 293.0 58.0 20.0
obstacle
0.0238220728934
224.0 26.0 52.0 21.0
obstacle
0.0238070972264
0.0 218.0 37.0 20.0
obstacle
0.0237058326602
71.0 0.0 48.0 24.0
obstacle
0.0236218646169
33.0 47.0 45.0 26.0
obstacle
0.0235923044384
221.0 75.0 55.0 21.0
obstacle
0.0235855523497
240.0 134.0 12.0 44.0
obstacle
0.0234389044344
69.0 25.0 55.0 23.0
obstacle
0.023388126865
69.0 22.0 130.0 76.0
obstacle
0.0232919733971
269.0 106.0 109.0 59.0
obstacle
0.0232106875628
32.0 120.0 50.0 24.0
obstacle
0.0231826864183
68.0 96.0 54.0 23.0
obstacle
0.0231521427631
263.0 48.0 51.0 24.0
obstacle
0.0229945722967
183.0 48.0 55.0 26.0
obstacle
0.0228913519531
390.0 53.0 36.0 19.0
obstacle
0.0227855090052
0.0 292.0 37.0 20.0
obstacle
0.022732809186
378.0 3.0 49.0 18.0
obstacle
0.0226399116218
310.0 102.0 102.0 64.0
obstacle
0.0224692691118
383.0 266.0 42.0 19.0
obstacle
0.0224041584879
380.0 241.0 46.0 22.0
obstacle
0.0223561227322
143.0 75.0 59.0 20.0
obstacle
0.0222773943096
224.0 99.0 50.0 19.0
obstacle
0.0222615394741
185.0 99.0 51.0 20.0
obstacle
0.0222299639136
420.0 242.0 45.0 21.0
obstacle
0.0221904311329
36.0 166.0 121.0 78.0
obstacle
0.0221742652357
148.0 0.0 49.0 23.0
obstacle
0.0221678968519
31.0 241.0 51.0 22.0
obstacle
0.0221246033907
104.0 266.0 140.0 47.0
obstacle
0.0221085958183
384.0 88.0 116.0 90.0
obstacle
0.0221059471369
218.0 221.0 282.0 92.0
obstacle
0.0220401287079
0.0 243.0 37.0 20.0
obstacle
0.0220391973853
0.0 195.0 35.0 19.0
obstacle
0.0219784863293
109.0 122.0 49.0 21.0
obstacle
0.0219482444227
182.0 75.0 58.0 21.0
obstacle
0.0218820851296
73.0 215.0 123.0 76.0
obstacle
0.02183553949
300.0 163.0 200.0 131.0
obstacle
0.021779447794
299.0 293.0 53.0 20.0
obstacle
0.0217689983547
33.0 97.0 45.0 22.0
obstacle
0.0216133948416
376.0 187.0 124.0 81.0
obstacle
0.0216010976583
429.0 35.0 22.0 52.0
obstacle
0.0215930137783
306.0 26.0 45.0 22.0
obstacle
0.0214803088456
104.0 291.0 58.0 22.0
obstacle
0.0214645788074
66.0 292.0 56.0 20.0
obstacle
0.0213972683996
337.0 293.0 56.0 20.0
obstacle
0.0213844757527
107.0 74.0 56.0 21.0
obstacle
0.0213672891259
364.0 265.0 136.0 48.0
obstacle
0.021317563951
231.0 73.0 109.0 74.0
obstacle
0.0213163848966
0.0 264.0 128.0 49.0
obstacle
0.0212978757918
0.0 75.0 34.0 19.0
obstacle
0.021269928664
30.0 74.0 51.0 21.0
obstacle
0.0212657991797
305.0 265.0 44.0 22.0
obstacle
0.0212564691901
148.0 26.0 52.0 23.0
obstacle
0.0212496183813
220.0 293.0 58.0 20.0
obstacle
0.021233594045
466.0 28.0 34.0 18.0
obstacle
0.0211443193257
310.0 0.0 110.0 83.0
obstacle
0.0211321637034
343.0 76.0 45.0 18.0
obstacle
0.021012859419
272.0 75.0 107.0 70.0
obstacle
0.0207760576159
0.0 171.0 277.0 115.0
obstacle
0.0205607134849
176.0 264.0 150.0 49.0
obstacle
0.0203969366848
150.0 28.0 281.0 113.0
obstacle
0.0203420054168
189.0 265.0 45.0 22.0
obstacle
0.0203355047852
114.0 128.0 119.0 60.0
obstacle
0.0202170163393
30.0 1.0 51.0 22.0
obstacle
0.0200594235212
191.0 166.0 270.0 121.0
obstacle
0.0200426056981
29.0 125.0 132.0 64.0
obstacle
0.0199343301356
186.0 292.0 51.0 20.0
obstacle
0.0198248624802
30.0 25.0 55.0 21.0
obstacle
0.0197765678167
259.0 292.0 58.0 21.0
obstacle
0.0197493620217
109.0 0.0 129.0 87.0
obstacle
0.0196865703911
21.0 237.0 305.0 76.0
obstacle
0.0195884313434
0.0 121.0 34.0 23.0
obstacle
0.0195282548666
341.0 49.0 49.0 24.0
obstacle
0.0194667056203
108.0 98.0 51.0 21.0
obstacle
0.0194354932755
29.0 145.0 133.0 71.0
obstacle
0.0193172004074
34.0 73.0 121.0 72.0
obstacle
0.0192927513272
416.0 0.0 84.0 52.0
obstacle
0.0192191787064
71.0 74.0 50.0 20.0
obstacle
0.0192074719816
109.0 0.0 50.0 24.0
obstacle
0.0192011855543
222.0 219.0 134.0 66.0
obstacle
0.0191840007901
1.0 0.0 113.0 82.0
obstacle
0.0191478859633
187.0 0.0 125.0 50.0
obstacle
0.0190719533712
35.0 0.0 123.0 85.0
obstacle
0.0190067775548
0.0 190.0 119.0 76.0
obstacle
0.018886545673
0.0 49.0 33.0 21.0
obstacle
0.0188663192093
344.0 94.0 117.0 79.0
obstacle
0.0188428703696
305.0 46.0 121.0 75.0
obstacle
0.0188403818756
191.0 74.0 116.0 70.0
obstacle
0.0188381411135
0.0 43.0 241.0 131.0
obstacle
0.0188092663884
0.0 96.0 241.0 121.0
obstacle
0.0186425689608
381.0 145.0 119.0 72.0
obstacle
0.018623156473
181.0 46.0 134.0 76.0
obstacle
0.0185712464154
3.0 72.0 108.0 72.0
obstacle
0.0183769874275
114.0 0.0 115.0 48.0
obstacle
0.0183383468539
227.0 0.0 122.0 82.0
obstacle
0.0183353535831
0.0 98.0 34.0 21.0
obstacle
0.0182937532663
303.0 218.0 121.0 68.0
obstacle
0.0182599071413
342.0 27.0 47.0 20.0
obstacle
0.0182177163661
73.0 0.0 119.0 49.0
obstacle
0.0182073488832
188.0 20.0 121.0 81.0
obstacle
0.0180373322219
152.0 72.0 116.0 73.0
obstacle
0.0180027578026
228.0 267.0 44.0 20.0
obstacle
0.0179657544941
53.0 182.0 318.0 131.0
obstacle
0.0179320722818
0.0 216.0 116.0 73.0
obstacle
0.0178653970361
267.0 265.0 43.0 21.0
obstacle
0.0178145486861
124.0 60.0 331.0 149.0
obstacle
0.0176682285964
69.0 190.0 130.0 77.0
obstacle
0.0176392365247
69.0 169.0 132.0 70.0
obstacle
0.017312284559
423.0 29.0 41.0 19.0
obstacle
0.0172611884773
0.0 266.0 33.0 21.0
obstacle
0.0172423683107
116.0 171.0 117.0 64.0
obstacle
0.0170797277242
308.0 75.0 109.0 69.0
obstacle
0.0168099459261
293.0 264.0 145.0 49.0
obstacle
0.0167510844767
263.0 0.0 125.0 50.0
obstacle
0.0166385509074
381.0 28.0 43.0 20.0
obstacle
0.0165716744959
35.0 266.0 41.0 19.0
obstacle
0.0158797614276
107.0 44.0 130.0 81.0
obstacle
0.0158656947315
30.0 93.0 130.0 79.0
obstacle
0.0157806035131
124.0 225.0 21.0 57.0
obstacle
0.0155551126227
316.0 31.0 20.0 58.0
obstacle
0.0154725024477
277.0 103.0 18.0 61.0
obstacle
0.0154612818733
431.0 61.0 20.0 48.0
obstacle
0.0153614068404
344.0 219.0 120.0 69.0
obstacle
0.0153170684353
320.0 113.0 180.0 135.0
obstacle
0.0152487680316
0.0 0.0 75.0 54.0
obstacle
0.0151022030041
73.0 70.0 120.0 78.0
obstacle
0.0150942951441
0.0 155.0 155.0 148.0
obstacle
0.0150321274996
423.0 237.0 77.0 76.0
obstacle
0.0149679593742
66.0 239.0 135.0 74.0
obstacle
0.0147873722017
162.0 98.0 103.0 73.0
obstacle
0.0146144013852
316.0 162.0 14.0 35.0
obstacle
0.0145595781505
146.0 218.0 132.0 72.0
obstacle
0.0145037174225
124.0 199.0 21.0 59.0
obstacle
0.0144705567509
474.0 103.0 17.0 59.0
obstacle
0.0144431795925
358.0 130.0 17.0 55.0
obstacle
0.0142048466951
278.0 159.0 11.0 40.0
obstacle
0.014171381481
0.0 19.0 71.0 83.0
obstacle
0.0140070235357
239.0 103.0 17.0 57.0
obstacle
0.0137750413269
0.0 144.0 73.0 72.0
obstacle
0.0137454485521
471.0 33.0 19.0 55.0
obstacle
0.0136957243085
346.0 0.0 112.0 50.0
obstacle
0.013587183319
85.0 200.0 21.0 58.0
obstacle
0.0135752856731
124.0 176.0 20.0 57.0
obstacle
0.0135658467188
0.0 65.0 162.0 135.0
obstacle
0.0135262971744
86.0 175.0 19.0 59.0
obstacle
0.0135062746704
261.0 243.0 132.0 69.0
obstacle
0.0134718343616
339.0 244.0 131.0 67.0
obstacle
0.0133553808555
123.0 153.0 23.0 55.0
obstacle
0.0131984381005
317.0 199.0 20.0 58.0
obstacle
0.0130452224985
163.0 106.0 18.0 53.0
obstacle
0.0129910213873
0.0 123.0 76.0 68.0
obstacle
0.0128584690392
0.0 169.0 69.0 72.0
obstacle
0.0128340944648
122.0 31.0 23.0 59.0
obstacle
0.0127699784935
348.0 175.0 101.0 58.0
obstacle
0.0127280186862
31.0 46.0 129.0 77.0
obstacle
0.012696845457
85.0 154.0 22.0 53.0
obstacle
0.0124041428789
162.0 226.0 21.0 54.0
