obstacle
0.383424073458
132.0 126.0 61.0 29.0
obstacle
0.37394964695
119.0 110.0 91.0 66.0
obstacle
0.139564871788
52.0 0.0 86.0 67.0
obstacle
0.133488789201
109.0 146.0 56.0 21.0
obstacle
0.129916846752
95.0 117.0 90.0 83.0
obstacle
0.129412949085
98.0 1.0 67.0 66.0
obstacle
0.0989264547825
15.0 0.0 86.0 70.0
obstacle
0.0963240340352
122.0 0.0 26.0 67.0
obstacle
0.0888779014349
134.0 149.0 66.0 20.0
obstacle
0.071061745286
0.0 0.0 46.0 23.0
obstacle
0.0672948583961
355.0 26.0 28.0 19.0
obstacle
0.0670948326588
86.0 1.0 22.0 64.0
obstacle
0.0643094107509
102.0 19.0 64.0 29.0
obstacle
0.0627160891891
463.0 0.0 37.0 19.0
obstacle
0.0614765100181
87.0 131.0 29.0 18.0
obstacle
0.0580888800323
0.0 0.0 236.0 88.0
obstacle
0.0577388852835
60.0 96.0 223.0 91.0
obstacle
0.0576586350799
82.0 23.0 99.0 59.0
obstacle
0.0560972094536
72.0 0.0 50.0 24.0
obstacle
0.0551348589361
144.0 112.0 51.0 21.0
obstacle
0.0548759996891
42.0 54.0 108.0 86.0
obstacle
0.0547570884228
0.0 0.0 70.0 48.0
obstacle
0.054689001292
341.0 0.0 45.0 19.0
obstacle
0.053779322654
78.0 108.0 35.0 23.0
obstacle
0.0536849088967
61.0 106.0 85.0 72.0
obstacle
0.0529838725924
33.0 0.0 52.0 25.0
obstacle
0.0515481978655
102.0 43.0 61.0 19.0
obstacle
0.0511972755194
183.0 263.0 55.0 18.0
obstacle
0.050851713866
125.0 6.0 93.0 55.0
obstacle
0.0508428327739
164.0 121.0 17.0 39.0
obstacle
0.0499530881643
126.0 116.0 14.0 49.0
obstacle
0.0490805618465
101.0 66.0 61.0 20.0
obstacle
0.0469340980053
28.0 19.0 55.0 28.0
obstacle
0.0454241521657
93.0 88.0 87.0 69.0
obstacle
0.0445702075958
86.0 0.0 20.0 36.0
obstacle
0.0443668402731
117.0 113.0 42.0 21.0
obstacle
0.043872077018
81.0 149.0 42.0 18.0
obstacle
0.0431605763733
40.0 23.0 108.0 58.0
obstacle
0.0426028855145
340.0 25.0 126.0 57.0
obstacle
0.0421840175986
349.0 42.0 37.0 16.0
obstacle
0.0412666089833
0.0 110.0 227.0 104.0
obstacle
0.0411772802472
379.0 0.0 48.0 20.0
obstacle
0.0411703623831
108.0 86.0 50.0 23.0
obstacle
0.0404980629683
27.0 43.0 57.0 18.0
obstacle
0.0404015816748
82.0 63.0 102.0 68.0
obstacle
0.0397615544498
262.0 1.0 238.0 107.0
obstacle
0.0395181141794
417.0 105.0 51.0 26.0
obstacle
0.0394073873758
70.0 17.0 63.0 28.0
obstacle
0.039249420166
0.0 22.0 44.0 20.0
obstacle
0.0390292555094
123.0 0.0 20.0 41.0
obstacle
0.0384498536587
153.0 107.0 106.0 66.0
obstacle
0.0375250503421
49.0 2.0 19.0 62.0
obstacle
0.0375230759382
388.0 42.0 34.0 19.0
obstacle
0.0374443978071
101.0 171.0 65.0 18.0
obstacle
0.0373929478228
227.0 0.0 45.0 21.0
obstacle
0.0373187549412
463.0 23.0 37.0 18.0
obstacle
0.0372390188277
395.0 145.0 93.0 77.0
obstacle
0.0372315570712
336.0 260.0 56.0 21.0
obstacle
0.0371575467288
74.0 48.0 115.0 56.0
obstacle
0.0366155058146
418.0 0.0 47.0 21.0
obstacle
0.0363341756165
383.0 25.0 40.0 20.0
obstacle
0.0360604263842
0.0 263.0 40.0 17.0
obstacle
0.035982158035
262.0 171.0 54.0 26.0
obstacle
0.035887952894
31.0 108.0 53.0 23.0
obstacle
0.0355069413781
388.0 78.0 103.0 80.0
obstacle
0.0354597009718
1.0 54.0 113.0 87.0
obstacle
0.0345440283418
163.0 95.0 18.0 48.0
obstacle
0.0343219935894
304.0 0.0 45.0 20.0
obstacle
0.0341915786266
139.0 173.0 63.0 20.0
obstacle
0.0340654440224
65.0 42.0 60.0 18.0
obstacle
0.0338892750442
0.0 217.0 37.0 18.0
obstacle
0.0338576547801
0.0 69.0 255.0 105.0
obstacle
0.0338256843388
185.0 237.0 50.0 23.0
obstacle
0.0335980542004
141.0 261.0 64.0 20.0
obstacle
0.0335534885526
69.0 67.0 55.0 15.0
obstacle
0.033477704972
0.0 44.0 40.0 17.0
obstacle
0.0333179980516
380.0 0.0 120.0 43.0
obstacle
0.0332734510303
188.0 61.0 122.0 71.0
obstacle
0.0331431701779
265.0 22.0 51.0 22.0
obstacle
0.0329320952296
265.0 0.0 49.0 20.0
obstacle
0.0328906029463
460.0 64.0 40.0 21.0
obstacle
0.0322163291276
265.0 148.0 50.0 27.0
obstacle
0.0321271531284
303.0 262.0 52.0 17.0
obstacle
0.0319190807641
125.0 61.0 90.0 75.0
obstacle
0.0318904183805
70.0 86.0 50.0 22.0
obstacle
0.0318810753524
0.0 19.0 113.0 67.0
obstacle
0.0318310074508
195.0 0.0 34.0 20.0
obstacle
0.0317512415349
149.0 85.0 46.0 23.0
obstacle
0.0315387360752
229.0 107.0 45.0 23.0
obstacle
0.031534448266
47.0 0.0 18.0 39.0
obstacle
0.031502187252
266.0 105.0 48.0 26.0
obstacle
0.0314428061247
85.0 193.0 97.0 68.0
obstacle
0.0313635878265
122.0 26.0 28.0 56.0
obstacle
0.0313461311162
31.0 87.0 50.0 20.0
obstacle
0.031179247424
461.0 109.0 39.0 20.0
obstacle
0.0310518722981
149.0 43.0 45.0 18.0
obstacle
0.0309994257987
110.0 1.0 48.0 22.0
obstacle
0.0307870451361
266.0 128.0 46.0 25.0
obstacle
0.0307314731181
420.0 236.0 47.0 25.0
obstacle
0.0306956041604
124.0 0.0 330.0 111.0
obstacle
0.0306404549628
142.0 240.0 138.0 41.0
obstacle
0.0306127667427
378.0 215.0 50.0 22.0
obstacle
0.0304207559675
224.0 261.0 49.0 20.0
obstacle
0.0302745569497
230.0 130.0 40.0 22.0
obstacle
0.0302433799952
234.0 0.0 110.0 64.0
obstacle
0.0301908347756
457.0 87.0 43.0 20.0
obstacle
0.030126195401
145.0 22.0 51.0 23.0
obstacle
0.0301205441356
0.0 75.0 70.0 86.0
obstacle
0.0300049092621
151.0 65.0 43.0 20.0
obstacle
0.0299762729555
421.0 44.0 47.0 18.0
obstacle
0.0299732908607
415.0 148.0 53.0 27.0
obstacle
0.0298922974616
180.0 195.0 58.0 22.0
obstacle
0.0298638995737
25.0 66.0 58.0 18.0
obstacle
0.0298087056726
416.0 127.0 50.0 25.0
obstacle
0.0297811515629
66.0 216.0 292.0 65.0
obstacle
0.029762679711
117.0 171.0 110.0 68.0
obstacle
0.0297263413668
459.0 44.0 41.0 18.0
obstacle
0.0296831950545
350.0 168.0 105.0 73.0
obstacle
0.0295237209648
265.0 63.0 50.0 23.0
obstacle
0.029459791258
36.0 131.0 41.0 20.0
obstacle
0.029442217201
140.0 193.0 64.0 22.0
obstacle
0.0292899236083
0.0 172.0 37.0 21.0
obstacle
0.0292380023748
422.0 22.0 45.0 21.0
obstacle
0.0291053522378
263.0 262.0 48.0 19.0
obstacle
0.0288674216717
418.0 40.0 82.0 72.0
obstacle
0.0288544036448
156.0 2.0 110.0 63.0
obstacle
0.0288124270737
45.0 17.0 334.0 116.0
obstacle
0.0287873335183
272.0 57.0 109.0 80.0
obstacle
0.0287322755903
0.0 151.0 38.0 21.0
obstacle
0.0287045966834
182.0 173.0 52.0 22.0
obstacle
0.0287034083158
265.0 237.0 49.0 23.0
obstacle
0.0286940764636
227.0 44.0 48.0 21.0
obstacle
0.0286686830223
223.0 194.0 53.0 21.0
obstacle
0.0285513792187
151.0 0.0 47.0 23.0
obstacle
0.0285401251167
78.0 147.0 114.0 71.0
obstacle
0.0281471721828
414.0 170.0 57.0 27.0
obstacle
0.0280002839863
226.0 149.0 47.0 23.0
obstacle
0.027986433357
224.0 84.0 48.0 26.0
obstacle
0.0279530510306
0.0 131.0 37.0 19.0
obstacle
0.0279525164515
162.0 4.0 20.0 58.0
obstacle
0.0278233550489
192.0 4.0 117.0 58.0
obstacle
0.0278223529458
222.0 172.0 51.0 23.0
obstacle
0.0277876984328
158.0 169.0 103.0 73.0
obstacle
0.0276741571724
264.0 193.0 51.0 25.0
obstacle
0.0276383794844
0.0 86.0 36.0 22.0
obstacle
0.0273948572576
224.0 217.0 50.0 19.0
obstacle
0.0273875389248
188.0 66.0 46.0 20.0
obstacle
0.0273787472397
226.0 65.0 47.0 22.0
obstacle
0.027318418026
108.0 151.0 122.0 62.0
obstacle
0.0272041577846
462.0 130.0 38.0 21.0
obstacle
0.0271889381111
386.0 187.0 109.0 78.0
obstacle
0.0270761549473
419.0 86.0 46.0 22.0
obstacle
0.0269998535514
379.0 106.0 54.0 24.0
obstacle
0.0269767586142
374.0 193.0 58.0 22.0
obstacle
0.0269231591374
226.0 237.0 48.0 22.0
obstacle
0.0267129689455
146.0 216.0 51.0 20.0
obstacle
0.0266940705478
415.0 192.0 54.0 27.0
obstacle
0.0264765024185
193.0 111.0 40.0 17.0
obstacle
0.0261820182204
190.0 130.0 37.0 19.0
obstacle
0.0261779967695
417.0 261.0 51.0 20.0
obstacle
0.0261446293443
74.0 173.0 48.0 18.0
obstacle
0.0257324073464
0.0 194.0 39.0 20.0
obstacle
0.0257178600878
381.0 150.0 51.0 22.0
obstacle
0.025702117011
382.0 237.0 44.0 23.0
obstacle
0.0254905447364
0.0 65.0 36.0 19.0
obstacle
0.0254416801035
108.0 215.0 53.0 20.0
obstacle
0.0254294034094
384.0 63.0 42.0 24.0
obstacle
0.0254089832306
418.0 214.0 49.0 25.0
obstacle
0.0253927204758
185.0 216.0 49.0 20.0
obstacle
0.0253206603229
378.0 128.0 55.0 24.0
obstacle
0.0251275319606
0.0 107.0 39.0 22.0
obstacle
0.0250916834921
224.0 79.0 127.0 79.0
obstacle
0.0250793918967
12.0 144.0 321.0 123.0
obstacle
0.0250684581697
257.0 236.0 140.0 45.0
obstacle
0.0248889643699
108.0 262.0 53.0 17.0
obstacle
0.0248572155833
267.0 43.0 44.0 19.0
obstacle
0.0247730650008
150.0 146.0 119.0 73.0
obstacle
0.0247500501573
304.0 44.0 44.0 17.0
obstacle
0.0246630497277
66.0 262.0 62.0 19.0
obstacle
0.0246133953333
122.0 90.0 21.0 58.0
obstacle
0.0245553031564
193.0 44.0 38.0 18.0
obstacle
0.0244177188724
378.0 172.0 56.0 24.0
obstacle
0.0243181157857
229.0 148.0 119.0 73.0
obstacle
0.0243017692119
106.0 24.0 132.0 59.0
obstacle
0.0242974068969
460.0 152.0 40.0 19.0
obstacle
0.0242894366384
459.0 216.0 41.0 20.0
obstacle
0.0242426171899
78.0 85.0 347.0 111.0
obstacle
0.0242059789598
302.0 83.0 51.0 28.0
obstacle
0.0241690222174
348.0 65.0 37.0 22.0
obstacle
0.0240699443966
309.0 61.0 114.0 75.0
obstacle
0.023971227929
153.0 61.0 113.0 73.0
obstacle
0.0238984171301
9.0 0.0 18.0 37.0
obstacle
0.0237582214177
346.0 5.0 112.0 58.0
obstacle
0.0237250942737
310.0 1.0 111.0 65.0
obstacle
0.0236733127385
301.0 106.0 51.0 24.0
obstacle
0.0236164927483
459.0 237.0 41.0 21.0
obstacle
0.0236138235778
228.0 209.0 118.0 72.0
obstacle
0.0234852228314
148.0 236.0 52.0 22.0
obstacle
0.023254269734
0.0 238.0 38.0 20.0
obstacle
0.0232203416526
225.0 21.0 50.0 24.0
obstacle
0.0231187157333
461.0 173.0 39.0 20.0
obstacle
0.0230586230755
121.0 48.0 27.0 56.0
obstacle
0.0230150334537
169.0 36.0 318.0 122.0
obstacle
0.0228334702551
306.0 64.0 42.0 22.0
obstacle
0.0227632038295
208.0 0.0 292.0 61.0
obstacle
0.0225665345788
459.0 261.0 41.0 19.0
obstacle
0.0225494392216
71.0 217.0 48.0 18.0
obstacle
0.0223367735744
228.0 41.0 120.0 69.0
obstacle
0.0222600214183
420.0 63.0 44.0 22.0
obstacle
0.0221906471997
84.0 91.0 20.0 57.0
obstacle
0.0220936909318
266.0 216.0 45.0 22.0
obstacle
0.0218824110925
193.0 104.0 110.0 72.0
obstacle
0.0217092614621
192.0 21.0 44.0 24.0
obstacle
0.0215983036906
347.0 212.0 113.0 69.0
obstacle
0.0215882100165
302.0 152.0 49.0 22.0
obstacle
0.0215872433037
192.0 86.0 39.0 22.0
obstacle
0.0215240344405
125.0 134.0 16.0 55.0
obstacle
0.0214977394789
21.0 240.0 151.0 41.0
obstacle
0.0214922875166
347.0 107.0 42.0 21.0
obstacle
0.021462244913
182.0 151.0 52.0 18.0
obstacle
0.0212680269033
301.0 129.0 52.0 23.0
obstacle
0.0211066883057
304.0 196.0 45.0 19.0
obstacle
0.0210994128138
184.0 23.0 131.0 63.0
obstacle
0.0210204552859
354.0 124.0 95.0 76.0
obstacle
0.020996844396
264.0 85.0 50.0 23.0
obstacle
0.0209566168487
381.0 85.0 44.0 23.0
obstacle
0.0209230966866
326.0 166.0 174.0 115.0
obstacle
0.0209159720689
347.0 84.0 44.0 23.0
obstacle
0.0209119580686
344.0 81.0 114.0 76.0
obstacle
0.0208872705698
378.0 261.0 50.0 18.0
obstacle
0.0208467375487
317.0 81.0 97.0 77.0
obstacle
0.020744709298
346.0 196.0 43.0 21.0
obstacle
0.0207251831889
7.0 95.0 106.0 89.0
obstacle
0.0206289328635
41.0 196.0 110.0 63.0
obstacle
0.0206180009991
320.0 119.0 93.0 87.0
obstacle
0.0206079017371
0.0 29.0 172.0 136.0
obstacle
0.0205773469061
309.0 24.0 42.0 21.0
obstacle
0.0205123126507
346.0 150.0 43.0 23.0
obstacle
0.0204841159284
113.0 43.0 115.0 67.0
obstacle
0.0204009674489
418.0 213.0 82.0 68.0
obstacle
0.0203757900745
344.0 172.0 46.0 22.0
obstacle
0.0200330168009
31.0 263.0 51.0 18.0
obstacle
0.0200307928026
260.0 21.0 134.0 67.0
obstacle
0.0198788698763
426.0 123.0 74.0 79.0
obstacle
0.0197377577424
342.0 42.0 121.0 67.0
obstacle
0.0197032354772
103.0 192.0 62.0 22.0
obstacle
0.0195715017617
459.0 195.0 41.0 19.0
obstacle
0.0195005927235
189.0 171.0 121.0 69.0
obstacle
0.0194785855711
125.0 127.0 329.0 113.0
obstacle
0.0194554310292
11.0 12.0 17.0 44.0
obstacle
0.019437994808
162.0 0.0 18.0 35.0
obstacle
0.019376212731
348.0 216.0 39.0 20.0
obstacle
0.019368885085
304.0 240.0 47.0 18.0
obstacle
0.0193448550999
303.0 173.0 48.0 22.0
obstacle
0.0192845351994
116.0 194.0 346.0 87.0
obstacle
0.0191780589521
292.0 56.0 208.0 127.0
obstacle
0.0191553812474
289.0 121.0 211.0 126.0
obstacle
0.0191054139286
82.0 69.0 23.0 59.0
obstacle
0.0190528258681
270.0 1.0 114.0 64.0
obstacle
0.0190191995353
120.0 66.0 26.0 63.0
obstacle
0.018909515813
264.0 188.0 124.0 76.0
obstacle
0.0188918635249
39.0 176.0 113.0 60.0
obstacle
0.0188867468387
148.0 190.0 122.0 74.0
obstacle
0.0188756026328
421.0 0.0 79.0 68.0
obstacle
0.0187784712762
122.0 25.0 23.0 14.0
obstacle
0.018681852147
201.0 116.0 16.0 48.0
obstacle
0.0186294876039
314.0 210.0 103.0 71.0
obstacle
0.0186010506004
0.0 130.0 183.0 151.0
obstacle
0.0183480326086
269.0 102.0 114.0 77.0
obstacle
0.0183469094336
0.0 189.0 68.0 76.0
obstacle
0.0181964132935
310.0 172.0 111.0 68.0
obstacle
0.0181864872575
46.0 154.0 103.0 59.0
obstacle
0.0178142506629
122.0 211.0 101.0 70.0
obstacle
0.0175771266222
425.0 169.0 75.0 73.0
obstacle
0.0174167435616
88.0 0.0 325.0 61.0
obstacle
0.0174033939838
256.0 213.0 244.0 68.0
obstacle
0.0173080079257
303.0 218.0 49.0 19.0
obstacle
0.0172806829214
0.0 214.0 241.0 67.0
obstacle
0.0171635150909
0.0 238.0 81.0 43.0
obstacle
0.0170938912779
315.0 73.0 23.0 49.0
obstacle
0.0170296765864
347.0 239.0 41.0 20.0
obstacle
0.0169934239239
82.0 25.0 26.0 16.0
obstacle
0.0169309414923
162.0 131.0 19.0 60.0
obstacle
0.0168367810547
306.0 43.0 116.0 65.0
obstacle
0.0167025942355
393.0 154.0 23.0 59.0
obstacle
0.0166813023388
202.0 248.0 21.0 33.0
obstacle
0.016503514722
393.0 202.0 22.0 49.0
obstacle
0.0164818800986
67.0 193.0 57.0 21.0
obstacle
0.016217013821
200.0 92.0 21.0 54.0
obstacle
0.0162103381008
163.0 26.0 21.0 55.0
obstacle
0.0161238200963
124.0 197.0 20.0 59.0
obstacle
0.0160479433835
344.0 130.0 48.0 21.0
obstacle
0.0159453339875
7.0 147.0 100.0 73.0
obstacle
0.0156593061984
116.0 237.0 43.0 19.0
obstacle
0.0155198490247
430.0 153.0 23.0 61.0
obstacle
0.015487998724
430.0 177.0 23.0 55.0
obstacle
0.0152230868116
200.0 4.0 20.0 57.0
obstacle
0.0152153531089
238.0 91.0 24.0 55.0
obstacle
0.0151259116828
163.0 198.0 19.0 58.0
obstacle
0.0148787070066
162.0 224.0 21.0 48.0
