obstacle
0.738119065762
139.0 157.0 361.0 122.0
obstacle
0.623156070709
396.0 82.0 93.0 25.0
obstacle
0.501772224903
161.0 116.0 27.0 18.0
obstacle
0.466652333736
159.0 122.0 27.0 24.0
obstacle
0.356243669987
262.0 107.0 45.0 14.0
obstacle
0.33172494173
231.0 109.0 43.0 15.0
obstacle
0.253000408411
450.0 67.0 50.0 17.0
obstacle
0.236612603068
414.0 70.0 65.0 20.0
obstacle
0.224579080939
273.0 95.0 38.0 14.0
obstacle
0.22120937705
388.0 89.0 54.0 13.0
obstacle
0.208236411214
439.0 86.0 61.0 17.0
obstacle
0.196032837033
389.0 60.0 108.0 38.0
obstacle
0.195040792227
224.0 126.0 52.0 21.0
obstacle
0.151262313128
199.0 113.0 28.0 13.0
obstacle
0.150063037872
460.0 178.0 40.0 18.0
obstacle
0.13390134275
226.0 93.0 116.0 48.0
obstacle
0.133150905371
16.0 148.0 392.0 113.0
obstacle
0.132656887174
461.0 192.0 39.0 18.0
obstacle
0.131754294038
420.0 71.0 80.0 48.0
obstacle
0.131666839123
194.0 100.0 106.0 39.0
obstacle
0.128799900413
401.0 104.0 86.0 20.0
obstacle
0.12751737237
161.0 126.0 259.0 115.0
obstacle
0.115310005844
156.0 114.0 106.0 52.0
obstacle
0.11366635561
194.0 149.0 36.0 19.0
obstacle
0.112305618823
286.0 259.0 74.0 16.0
obstacle
0.105405658484
380.0 104.0 54.0 21.0
obstacle
0.105200879276
346.0 75.0 135.0 43.0
obstacle
0.0996876880527
380.0 152.0 39.0 21.0
obstacle
0.0948216766119
139.0 116.0 69.0 45.0
obstacle
0.0940673649311
257.0 128.0 58.0 21.0
obstacle
0.0931809842587
157.0 146.0 37.0 20.0
obstacle
0.0921414867043
301.0 90.0 41.0 18.0
obstacle
0.0905668437481
191.0 125.0 34.0 25.0
obstacle
0.0896346867085
451.0 106.0 49.0 20.0
obstacle
0.0767385363579
79.0 111.0 36.0 18.0
obstacle
0.0765634551644
42.0 195.0 264.0 84.0
obstacle
0.0742790326476
189.0 202.0 277.0 77.0
obstacle
0.0730477645993
234.0 78.0 109.0 45.0
obstacle
0.0719776079059
230.0 92.0 46.0 15.0
obstacle
0.0697958692908
93.0 115.0 87.0 45.0
obstacle
0.0680357664824
185.0 114.0 120.0 48.0
obstacle
0.0678676590323
128.0 126.0 27.0 20.0
obstacle
0.0673028081656
52.0 209.0 92.0 70.0
obstacle
0.0661116242409
154.0 210.0 38.0 19.0
obstacle
0.0659126415849
388.0 71.0 40.0 14.0
obstacle
0.0651133581996
120.0 131.0 108.0 54.0
obstacle
0.0643989741802
297.0 130.0 55.0 21.0
obstacle
0.0634358301759
154.0 136.0 106.0 51.0
obstacle
0.0632811039686
200.0 73.0 101.0 53.0
obstacle
0.0610691681504
80.0 172.0 34.0 17.0
obstacle
0.0605904646218
424.0 172.0 40.0 17.0
obstacle
0.0586522892118
256.0 236.0 57.0 16.0
obstacle
0.0583656542003
305.0 107.0 35.0 15.0
obstacle
0.0577446706593
0.0 237.0 38.0 20.0
obstacle
0.0570364929736
414.0 149.0 52.0 26.0
obstacle
0.0564432293177
101.0 120.0 220.0 85.0
obstacle
0.0560557357967
302.0 152.0 46.0 16.0
obstacle
0.055741738528
224.0 115.0 122.0 48.0
obstacle
0.0555474162102
441.0 19.0 59.0 71.0
obstacle
0.0547606982291
44.0 109.0 110.0 61.0
obstacle
0.0539888516068
387.0 174.0 32.0 14.0
obstacle
0.0531558394432
429.0 43.0 18.0 64.0
obstacle
0.0525739975274
119.0 151.0 32.0 14.0
obstacle
0.052158202976
126.0 112.0 28.0 15.0
obstacle
0.0520740635693
170.0 104.0 83.0 38.0
obstacle
0.051821436733
134.0 102.0 81.0 42.0
obstacle
0.0517763867974
341.0 258.0 49.0 18.0
obstacle
0.0498048625886
274.0 218.0 27.0 15.0
obstacle
0.0493846461177
79.0 128.0 34.0 20.0
obstacle
0.0490968935192
204.0 53.0 296.0 90.0
obstacle
0.0487246774137
146.0 196.0 47.0 19.0
obstacle
0.0483824200928
270.0 70.0 109.0 59.0
obstacle
0.0481765270233
270.0 152.0 39.0 15.0
obstacle
0.047418564558
348.0 106.0 39.0 19.0
obstacle
0.0469795688987
474.0 52.0 16.0 45.0
obstacle
0.0466355234385
306.0 236.0 41.0 16.0
obstacle
0.0464839451015
405.0 20.0 68.0 71.0
obstacle
0.0456624850631
70.0 65.0 53.0 20.0
obstacle
0.0455958433449
195.0 169.0 35.0 22.0
obstacle
0.0454985834658
452.0 125.0 48.0 27.0
obstacle
0.0448434129357
112.0 230.0 126.0 49.0
obstacle
0.044521484524
196.0 151.0 112.0 62.0
obstacle
0.0443440824747
313.0 12.0 104.0 84.0
obstacle
0.0442601144314
345.0 154.0 39.0 17.0
obstacle
0.0442570783198
162.0 152.0 96.0 59.0
obstacle
0.0442146100104
357.0 12.0 96.0 84.0
obstacle
0.0439295992255
89.0 207.0 91.0 72.0
obstacle
0.0435788780451
430.0 168.0 70.0 69.0
obstacle
0.042688023299
145.0 232.0 54.0 24.0
obstacle
0.042326439172
380.0 22.0 48.0 22.0
obstacle
0.0422520004213
168.0 0.0 319.0 97.0
obstacle
0.0418944060802
122.0 147.0 102.0 70.0
obstacle
0.0418843626976
383.0 154.0 113.0 58.0
obstacle
0.0415970012546
233.0 153.0 33.0 17.0
obstacle
0.0412627831101
241.0 136.0 169.0 54.0
obstacle
0.040856435895
413.0 126.0 59.0 23.0
obstacle
0.0406508110464
335.0 71.0 165.0 93.0
obstacle
0.0404414050281
181.0 140.0 137.0 44.0
obstacle
0.0401958823204
270.0 13.0 111.0 83.0
obstacle
0.0401233583689
351.0 234.0 37.0 22.0
obstacle
0.0401163846254
0.0 257.0 42.0 22.0
obstacle
0.0401035547256
152.0 64.0 44.0 23.0
obstacle
0.0398932024837
68.0 234.0 57.0 27.0
obstacle
0.0398820340633
111.0 66.0 49.0 21.0
obstacle
0.0394521951675
78.0 88.0 36.0 18.0
obstacle
0.0390497371554
231.0 155.0 112.0 55.0
obstacle
0.0387895144522
337.0 131.0 136.0 62.0
obstacle
0.0381221063435
154.0 90.0 38.0 18.0
obstacle
0.0380105115473
119.0 171.0 31.0 18.0
obstacle
0.0375698208809
0.0 221.0 226.0 58.0
obstacle
0.037404615432
41.0 130.0 35.0 16.0
obstacle
0.0373383238912
143.0 257.0 58.0 22.0
obstacle
0.037174526602
29.0 0.0 55.0 20.0
obstacle
0.0371587797999
78.0 151.0 34.0 18.0
obstacle
0.0368944294751
199.0 92.0 31.0 14.0
obstacle
0.0367386415601
118.0 213.0 43.0 21.0
obstacle
0.0366380624473
0.0 157.0 240.0 122.0
obstacle
0.0363540239632
61.0 256.0 68.0 23.0
obstacle
0.0362780243158
263.0 1.0 49.0 20.0
obstacle
0.036199811846
4.0 234.0 110.0 45.0
obstacle
0.0360272340477
342.0 41.0 50.0 25.0
obstacle
0.0360060594976
341.0 87.0 132.0 57.0
obstacle
0.03588379547
429.0 104.0 71.0 71.0
obstacle
0.0354508161545
155.0 168.0 39.0 27.0
obstacle
0.0349280014634
70.0 0.0 51.0 21.0
obstacle
0.0348686762154
379.0 127.0 46.0 20.0
obstacle
0.0346149578691
118.0 89.0 40.0 18.0
obstacle
0.034534946084
461.0 150.0 39.0 23.0
obstacle
0.034356482327
461.0 214.0 39.0 18.0
obstacle
0.0342459604144
385.0 45.0 43.0 19.0
obstacle
0.0341755375266
350.0 88.0 37.0 17.0
obstacle
0.0341470241547
305.0 235.0 126.0 44.0
obstacle
0.0340942628682
458.0 260.0 42.0 18.0
obstacle
0.0337798297405
256.0 257.0 69.0 19.0
obstacle
0.0334780141711
342.0 68.0 47.0 18.0
obstacle
0.0333313830197
426.0 47.0 40.0 19.0
obstacle
0.0332521311939
302.0 21.0 51.0 24.0
obstacle
0.0331599190831
0.0 194.0 34.0 19.0
obstacle
0.0330625213683
31.0 192.0 50.0 22.0
obstacle
0.0330431610346
467.0 47.0 33.0 18.0
obstacle
0.0329250954092
302.0 42.0 49.0 23.0
obstacle
0.0326150879264
301.0 1.0 49.0 21.0
obstacle
0.0325323604047
470.0 25.0 19.0 57.0
obstacle
0.0325084589422
340.0 20.0 50.0 25.0
obstacle
0.0324780195951
456.0 0.0 44.0 20.0
obstacle
0.0324188359082
184.0 2.0 54.0 19.0
obstacle
0.0320245176554
224.0 2.0 50.0 19.0
obstacle
0.0318534560502
129.0 189.0 92.0 70.0
obstacle
0.0317302495241
0.0 0.0 42.0 19.0
obstacle
0.0315078534186
264.0 112.0 121.0 59.0
obstacle
0.0311203245074
306.0 72.0 127.0 51.0
obstacle
0.0309504903853
463.0 23.0 37.0 17.0
obstacle
0.0309120081365
189.0 67.0 47.0 19.0
obstacle
0.030881959945
39.0 110.0 37.0 17.0
obstacle
0.030756784603
261.0 22.0 52.0 22.0
obstacle
0.0307499431074
389.0 217.0 26.0 13.0
obstacle
0.0305671598762
235.0 170.0 33.0 18.0
obstacle
0.0303862206638
0.0 201.0 67.0 78.0
obstacle
0.0303082466125
34.0 259.0 53.0 20.0
obstacle
0.0301959048957
223.0 22.0 52.0 22.0
obstacle
0.0301130637527
109.0 1.0 49.0 20.0
obstacle
0.0300831124187
86.0 221.0 20.0 53.0
obstacle
0.0300737749785
77.0 134.0 120.0 50.0
obstacle
0.0300103127956
106.0 257.0 54.0 22.0
obstacle
0.0300071891397
415.0 83.0 85.0 67.0
obstacle
0.0299194697291
428.0 25.0 23.0 56.0
obstacle
0.029903749004
355.0 219.0 26.0 13.0
obstacle
0.0293364003301
392.0 133.0 100.0 55.0
obstacle
0.0293242484331
69.0 22.0 52.0 21.0
obstacle
0.0292508117855
111.0 233.0 49.0 24.0
obstacle
0.02916120179
318.0 216.0 25.0 15.0
obstacle
0.0290005039424
262.0 239.0 129.0 40.0
obstacle
0.0290000401437
268.0 42.0 45.0 22.0
obstacle
0.0286069978029
100.0 0.0 298.0 77.0
obstacle
0.0279840808362
240.0 215.0 26.0 19.0
obstacle
0.0279631856829
392.0 54.0 18.0 45.0
obstacle
0.0278962049633
36.0 91.0 124.0 56.0
obstacle
0.0277567412704
313.0 148.0 98.0 68.0
obstacle
0.0276612695307
71.0 45.0 47.0 19.0
obstacle
0.0275837238878
161.0 218.0 21.0 58.0
obstacle
0.0274242386222
189.0 23.0 46.0 19.0
obstacle
0.0272642094642
232.0 231.0 43.0 21.0
obstacle
0.0271163601428
271.0 67.0 40.0 18.0
obstacle
0.0270862523466
85.0 243.0 20.0 36.0
obstacle
0.026823181659
147.0 2.0 50.0 18.0
obstacle
0.0268078651279
303.0 65.0 47.0 21.0
obstacle
0.026784081012
12.0 157.0 92.0 93.0
obstacle
0.0266448184848
269.0 203.0 114.0 47.0
obstacle
0.0265461392701
0.0 89.0 35.0 18.0
obstacle
0.0265077762306
223.0 12.0 126.0 83.0
obstacle
0.0264849588275
30.0 0.0 129.0 48.0
obstacle
0.0262479037046
240.0 220.0 103.0 50.0
obstacle
0.0260844547302
270.0 176.0 109.0 59.0
obstacle
0.0259432401508
145.0 23.0 57.0 19.0
obstacle
0.0259068906307
375.0 2.0 56.0 20.0
obstacle
0.0256739854813
335.0 126.0 165.0 115.0
obstacle
0.0256269369274
104.0 21.0 59.0 23.0
obstacle
0.0254978202283
357.0 153.0 90.0 59.0
obstacle
0.0254426952451
0.0 0.0 297.0 92.0
obstacle
0.0253735817969
197.0 213.0 24.0 20.0
obstacle
0.0253528170288
422.0 24.0 43.0 17.0
obstacle
0.0253188479692
74.0 216.0 49.0 19.0
obstacle
0.0251512546092
252.0 111.0 248.0 102.0
obstacle
0.0251014940441
36.0 65.0 45.0 21.0
obstacle
0.0250920746475
39.0 214.0 43.0 22.0
obstacle
0.0249962005764
0.0 215.0 36.0 20.0
obstacle
0.0249690357596
343.0 33.0 157.0 87.0
obstacle
0.0249139145017
111.0 46.0 121.0 62.0
obstacle
0.0249065216631
382.0 229.0 118.0 50.0
obstacle
0.0247503593564
207.0 198.0 90.0 58.0
obstacle
0.0246693603694
78.0 71.0 116.0 51.0
obstacle
0.0246120002121
339.0 1.0 53.0 20.0
obstacle
0.0246026031673
0.0 43.0 36.0 20.0
obstacle
0.024491455406
1.0 108.0 116.0 63.0
obstacle
0.0244772285223
347.0 130.0 36.0 20.0
obstacle
0.0243659205735
122.0 196.0 34.0 18.0
obstacle
0.0242886114866
459.0 235.0 41.0 21.0
obstacle
0.0237624105066
114.0 18.0 114.0 72.0
obstacle
0.0237388387322
33.0 21.0 49.0 23.0
obstacle
0.0236268285662
0.0 173.0 33.0 18.0
obstacle
0.0236027725041
280.0 36.0 92.0 80.0
obstacle
0.0235642660409
51.0 150.0 92.0 61.0
obstacle
0.0235526449978
309.0 110.0 116.0 58.0
obstacle
0.0235360749066
277.0 218.0 105.0 53.0
obstacle
0.0235146712512
183.0 43.0 58.0 21.0
obstacle
0.0234946105629
384.0 235.0 32.0 18.0
obstacle
0.0234521962702
184.0 257.0 51.0 21.0
obstacle
0.0234430897981
84.0 98.0 104.0 45.0
obstacle
0.0233716089278
28.0 41.0 133.0 70.0
obstacle
0.0229181423783
385.0 259.0 33.0 17.0
obstacle
0.0227572098374
198.0 197.0 26.0 13.0
obstacle
0.0226923562586
159.0 78.0 259.0 127.0
obstacle
0.0226322021335
415.0 1.0 54.0 20.0
obstacle
0.0226059369743
36.0 237.0 44.0 23.0
obstacle
0.0226010270417
122.0 72.0 97.0 55.0
obstacle
0.0225390512496
0.0 132.0 32.0 14.0
obstacle
0.0225181393325
393.0 29.0 18.0 50.0
obstacle
0.0225047450513
76.0 45.0 113.0 62.0
obstacle
0.0224750451744
47.0 124.0 252.0 120.0
obstacle
0.0224367082119
110.0 43.0 48.0 20.0
obstacle
0.0223293341696
37.0 172.0 38.0 18.0
obstacle
0.0223273634911
433.0 74.0 16.0 45.0
obstacle
0.0223224163055
123.0 218.0 19.0 57.0
obstacle
0.0222252421081
316.0 177.0 184.0 97.0
obstacle
0.0222185514867
316.0 169.0 95.0 71.0
obstacle
0.0222101956606
393.0 195.0 28.0 16.0
obstacle
0.0221836660057
0.0 66.0 36.0 19.0
obstacle
0.0221215896308
0.0 166.0 66.0 75.0
obstacle
0.0221097432077
0.0 110.0 34.0 18.0
obstacle
0.0218563023955
230.0 67.0 44.0 17.0
obstacle
0.0218127965927
229.0 44.0 43.0 18.0
obstacle
0.0216261763126
431.0 209.0 69.0 70.0
obstacle
0.0215732883662
90.0 151.0 96.0 61.0
obstacle
0.0212469398975
422.0 0.0 78.0 47.0
obstacle
0.0211951825768
405.0 162.0 73.0 81.0
obstacle
0.0210228823125
345.0 0.0 113.0 53.0
obstacle
0.0209560152143
60.0 165.0 77.0 77.0
obstacle
0.0209494326264
239.0 35.0 94.0 82.0
obstacle
0.0208979286253
187.0 235.0 43.0 20.0
obstacle
0.0207610577345
187.0 0.0 123.0 47.0
obstacle
0.0205911379308
40.0 87.0 36.0 20.0
obstacle
0.0205733347684
149.0 43.0 49.0 21.0
obstacle
0.0204199738801
352.0 2.0 23.0 60.0
obstacle
0.0203405246139
155.0 19.0 107.0 72.0
obstacle
0.0202720463276
0.0 22.0 38.0 20.0
obstacle
0.0202589388937
79.0 195.0 37.0 16.0
obstacle
0.0199845116585
36.0 43.0 45.0 21.0
obstacle
0.0197684746236
1.0 152.0 30.0 16.0
obstacle
0.0197445768863
390.0 3.0 23.0 59.0
obstacle
0.0196550097317
62.0 0.0 145.0 76.0
obstacle
0.0196479763836
168.0 166.0 92.0 76.0
obstacle
0.019576003775
166.0 72.0 93.0 53.0
obstacle
0.0195091273636
418.0 257.0 50.0 22.0
obstacle
0.0194930229336
316.0 199.0 93.0 55.0
obstacle
0.0194677636027
289.0 0.0 211.0 69.0
obstacle
0.0193282067776
348.0 53.0 125.0 52.0
obstacle
0.019089281559
257.0 0.0 136.0 49.0
obstacle
0.0188580285758
197.0 173.0 112.0 65.0
obstacle
0.018628148362
226.0 259.0 45.0 18.0
obstacle
0.0185299143195
135.0 103.0 235.0 79.0
obstacle
0.0183810871094
51.0 75.0 249.0 91.0
obstacle
0.0182978622615
39.0 151.0 35.0 17.0
obstacle
0.0182776618749
145.0 18.0 285.0 117.0
obstacle
0.0181565452367
111.0 0.0 119.0 48.0
obstacle
0.0180045068264
95.0 170.0 87.0 68.0
obstacle
0.017868546769
240.0 197.0 21.0 14.0
obstacle
0.0176145881414
352.0 175.0 31.0 11.0
obstacle
0.0173499695957
200.0 212.0 109.0 67.0
obstacle
0.0171441640705
0.0 0.0 74.0 52.0
obstacle
0.0170737206936
123.0 243.0 21.0 36.0
obstacle
0.0170299857855
272.0 225.0 228.0 54.0
obstacle
0.0170184075832
314.0 5.0 23.0 54.0
obstacle
0.0169736463577
475.0 109.0 18.0 60.0
obstacle
0.0167356096208
422.0 237.0 44.0 16.0
obstacle
0.0165317468345
242.0 200.0 15.0 51.0
obstacle
0.0165209639817
278.0 173.0 23.0 14.0
obstacle
0.0165063552558
352.0 26.0 21.0 55.0
obstacle
0.0164690781385
0.0 91.0 233.0 99.0
obstacle
0.0164588931948
188.0 16.0 119.0 75.0
obstacle
0.0164326373488
0.0 17.0 67.0 73.0
