obstacle
0.857851564884
337.0 37.0 60.0 56.0
obstacle
0.788914382458
33.0 83.0 352.0 114.0
obstacle
0.781683385372
50.0 155.0 319.0 120.0
obstacle
0.396727144718
394.0 63.0 79.0 42.0
obstacle
0.274613261223
357.0 47.0 86.0 50.0
obstacle
0.241315230727
0.0 186.0 293.0 107.0
obstacle
0.212808459997
408.0 59.0 50.0 26.0
obstacle
0.183395251632
27.0 206.0 152.0 74.0
obstacle
0.164872810245
351.0 34.0 32.0 28.0
obstacle
0.142442747951
339.0 70.0 56.0 21.0
obstacle
0.129412963986
92.0 213.0 170.0 55.0
obstacle
0.122167989612
296.0 58.0 204.0 65.0
obstacle
0.12095490098
210.0 188.0 141.0 60.0
obstacle
0.113399915397
325.0 16.0 81.0 61.0
obstacle
0.10927927494
116.0 110.0 185.0 64.0
obstacle
0.104659147561
69.0 187.0 137.0 68.0
obstacle
0.10270024091
378.0 53.0 49.0 35.0
obstacle
0.0978798121214
0.0 120.0 268.0 144.0
obstacle
0.0841759294271
264.0 202.0 44.0 26.0
obstacle
0.0838717967272
319.0 45.0 39.0 28.0
obstacle
0.0816896557808
99.0 138.0 373.0 114.0
obstacle
0.0809623748064
161.0 82.0 36.0 21.0
obstacle
0.0790532305837
330.0 41.0 87.0 80.0
obstacle
0.0777574107051
374.0 69.0 73.0 28.0
obstacle
0.0745743736625
123.0 182.0 176.0 77.0
obstacle
0.0744848325849
68.0 228.0 59.0 28.0
obstacle
0.0693090781569
93.0 133.0 160.0 59.0
obstacle
0.0679075792432
42.0 128.0 41.0 24.0
obstacle
0.0678282901645
73.0 110.0 48.0 19.0
obstacle
0.0676539167762
288.0 36.0 100.0 55.0
obstacle
0.0658871233463
110.0 89.0 127.0 63.0
obstacle
0.0657287538052
420.0 3.0 40.0 19.0
obstacle
0.0644187554717
262.0 183.0 52.0 27.0
obstacle
0.0616610534489
255.0 52.0 245.0 122.0
obstacle
0.0611044317484
462.0 234.0 38.0 23.0
obstacle
0.0605709925294
415.0 34.0 85.0 65.0
obstacle
0.0579566955566
216.0 162.0 137.0 69.0
obstacle
0.0562341846526
43.0 110.0 36.0 19.0
obstacle
0.0555431582034
347.0 6.0 34.0 18.0
obstacle
0.05531289801
67.0 103.0 142.0 74.0
obstacle
0.0516995638609
383.0 80.0 107.0 63.0
obstacle
0.0511248856783
148.0 227.0 53.0 25.0
obstacle
0.0503451488912
130.0 155.0 162.0 76.0
obstacle
0.0500466115773
268.0 52.0 43.0 21.0
obstacle
0.049642700702
101.0 47.0 377.0 139.0
obstacle
0.0486805774271
70.0 254.0 49.0 22.0
obstacle
0.0473548918962
415.0 232.0 55.0 26.0
obstacle
0.0464051626623
465.0 4.0 32.0 18.0
obstacle
0.0457596890628
264.0 127.0 36.0 20.0
obstacle
0.0457168035209
40.0 154.0 119.0 78.0
obstacle
0.0456607416272
108.0 255.0 51.0 24.0
obstacle
0.0452489368618
61.0 237.0 147.0 57.0
obstacle
0.0451940186322
384.0 3.0 36.0 18.0
obstacle
0.0445887632668
459.0 55.0 41.0 22.0
obstacle
0.0440943390131
298.0 203.0 37.0 27.0
obstacle
0.0436443910003
266.0 110.0 38.0 17.0
obstacle
0.0433906503022
44.0 178.0 117.0 83.0
obstacle
0.0433072671294
317.0 75.0 33.0 18.0
obstacle
0.0432755835354
219.0 109.0 124.0 62.0
obstacle
0.0428670868278
113.0 207.0 44.0 22.0
obstacle
0.0424783788621
357.0 41.0 17.0 42.0
obstacle
0.0423867441714
310.0 6.0 36.0 19.0
obstacle
0.0421195812523
1.0 233.0 35.0 22.0
obstacle
0.0420279614627
76.0 208.0 45.0 20.0
obstacle
0.0418469645083
40.0 232.0 35.0 22.0
obstacle
0.041664943099
184.0 0.0 52.0 23.0
obstacle
0.0415565036237
230.0 54.0 44.0 20.0
obstacle
0.0414954870939
468.0 29.0 32.0 18.0
obstacle
0.0412632934749
191.0 82.0 32.0 20.0
obstacle
0.040950872004
391.0 32.0 20.0 24.0
obstacle
0.0406516306102
305.0 184.0 31.0 24.0
obstacle
0.039362680167
307.0 103.0 40.0 18.0
obstacle
0.0391074046493
85.0 162.0 404.0 155.0
obstacle
0.0390568189323
187.0 28.0 52.0 20.0
obstacle
0.038571678102
261.0 23.0 216.0 87.0
obstacle
0.0383213683963
341.0 228.0 48.0 25.0
obstacle
0.0382860526443
265.0 30.0 47.0 20.0
obstacle
0.0380216725171
412.0 59.0 88.0 58.0
obstacle
0.0379825867712
459.0 80.0 37.0 20.0
obstacle
0.0375394448638
461.0 130.0 39.0 21.0
obstacle
0.0365184508264
46.0 88.0 113.0 66.0
obstacle
0.035969581455
225.0 2.0 47.0 20.0
obstacle
0.0357991680503
268.0 3.0 41.0 19.0
obstacle
0.0357465967536
410.0 98.0 62.0 26.0
obstacle
0.0356509648263
0.0 179.0 43.0 24.0
obstacle
0.0349482409656
71.0 177.0 45.0 24.0
obstacle
0.0348645634949
381.0 230.0 43.0 24.0
obstacle
0.0348397344351
2.0 257.0 37.0 19.0
obstacle
0.0346562452614
0.0 84.0 210.0 111.0
obstacle
0.0346512235701
194.0 93.0 109.0 56.0
obstacle
0.0340198837221
191.0 224.0 37.0 24.0
obstacle
0.0336500778794
0.0 106.0 35.0 21.0
obstacle
0.0336203351617
0.0 1.0 38.0 20.0
obstacle
0.0336006432772
38.0 112.0 128.0 59.0
obstacle
0.0331719331443
275.0 78.0 32.0 17.0
obstacle
0.0331277363002
144.0 1.0 54.0 23.0
obstacle
0.0329958721995
465.0 256.0 35.0 24.0
obstacle
0.0327081419528
304.0 230.0 37.0 20.0
obstacle
0.0327012166381
387.0 0.0 107.0 51.0
obstacle
0.0325238779187
39.0 153.0 43.0 19.0
obstacle
0.0320061594248
39.0 256.0 38.0 18.0
obstacle
0.031932938844
118.0 80.0 41.0 23.0
obstacle
0.0314868092537
191.0 257.0 36.0 23.0
obstacle
0.0314128436148
16.0 133.0 169.0 63.0
obstacle
0.0309297982603
290.0 209.0 152.0 64.0
obstacle
0.0307619832456
390.0 39.0 16.0 47.0
obstacle
0.0307112745941
193.0 109.0 37.0 15.0
obstacle
0.0303748901933
119.0 127.0 35.0 22.0
obstacle
0.029502119869
187.0 25.0 126.0 78.0
obstacle
0.0294289402664
35.0 79.0 43.0 22.0
obstacle
0.029355565086
463.0 208.0 37.0 22.0
obstacle
0.0293365139514
188.0 54.0 43.0 22.0
obstacle
0.0290461480618
154.0 259.0 39.0 20.0
obstacle
0.0289419367909
198.0 123.0 95.0 81.0
obstacle
0.0287165883929
84.0 0.0 332.0 142.0
obstacle
0.0285496432334
19.0 105.0 87.0 74.0
obstacle
0.0280556399375
360.0 0.0 86.0 50.0
obstacle
0.0280073415488
106.0 1.0 55.0 23.0
obstacle
0.027782311663
464.0 156.0 36.0 22.0
obstacle
0.0277750603855
221.0 101.0 279.0 133.0
obstacle
0.0277658589184
72.0 1.0 45.0 20.0
obstacle
0.0275994576514
231.0 208.0 40.0 23.0
obstacle
0.0274970177561
350.0 101.0 40.0 18.0
obstacle
0.0272706318647
149.0 28.0 48.0 22.0
obstacle
0.0271414294839
465.0 182.0 35.0 21.0
obstacle
0.0267884302884
429.0 30.0 31.0 23.0
obstacle
0.0265765134245
117.0 111.0 35.0 15.0
obstacle
0.0263599846512
341.0 152.0 49.0 27.0
obstacle
0.0263508781791
122.0 62.0 98.0 65.0
obstacle
0.0263271871954
275.0 0.0 100.0 52.0
obstacle
0.0262810252607
229.0 31.0 45.0 17.0
obstacle
0.0262648742646
316.0 30.0 33.0 22.0
obstacle
0.0262194890529
73.0 283.0 43.0 20.0
obstacle
0.0262101404369
153.0 56.0 45.0 22.0
obstacle
0.0261151231825
32.0 0.0 47.0 21.0
obstacle
0.0260098651052
425.0 1.0 75.0 77.0
obstacle
0.0259612165391
373.0 97.0 66.0 26.0
obstacle
0.0258447825909
412.0 309.0 59.0 24.0
obstacle
0.0252692736685
418.0 179.0 51.0 27.0
obstacle
0.0252346098423
86.0 217.0 14.0 51.0
obstacle
0.0251162555069
194.0 181.0 34.0 19.0
obstacle
0.0250536240637
0.0 201.0 209.0 132.0
obstacle
0.024825964123
185.0 36.0 295.0 106.0
obstacle
0.0245597418398
0.0 231.0 131.0 70.0
obstacle
0.0245516132563
267.0 254.0 40.0 25.0
obstacle
0.0244880504906
460.0 104.0 40.0 20.0
obstacle
0.0244852732867
161.0 208.0 172.0 65.0
obstacle
0.0243057012558
0.0 207.0 39.0 22.0
obstacle
0.0241872202605
375.0 309.0 56.0 24.0
obstacle
0.0241206530482
230.0 151.0 32.0 23.0
obstacle
0.0240577869117
381.0 208.0 119.0 73.0
obstacle
0.023803004995
417.0 126.0 50.0 26.0
obstacle
0.023674197495
114.0 227.0 44.0 27.0
obstacle
0.0236734040082
162.0 60.0 17.0 59.0
obstacle
0.0235984046012
193.0 154.0 29.0 26.0
obstacle
0.0234695225954
158.0 54.0 100.0 76.0
obstacle
0.0234539415687
418.0 255.0 53.0 24.0
obstacle
0.0233957096934
463.0 284.0 37.0 22.0
obstacle
0.0232834741473
0.0 153.0 37.0 23.0
obstacle
0.0231617670506
108.0 28.0 50.0 21.0
obstacle
0.0230562631041
29.0 39.0 292.0 112.0
obstacle
0.0230091493577
321.0 0.0 88.0 51.0
obstacle
0.0230082962662
239.0 129.0 27.0 18.0
obstacle
0.0228207688779
72.0 158.0 135.0 67.0
obstacle
0.0227395147085
371.0 279.0 129.0 54.0
obstacle
0.0226140394807
346.0 124.0 41.0 27.0
obstacle
0.0225629713386
155.0 280.0 39.0 23.0
obstacle
0.0224202424288
73.0 54.0 43.0 20.0
obstacle
0.0223125424236
416.0 154.0 53.0 24.0
obstacle
0.0223099049181
0.0 283.0 34.0 20.0
obstacle
0.0221150089055
149.0 151.0 35.0 24.0
obstacle
0.0220891721547
269.0 185.0 107.0 64.0
obstacle
0.0220283158123
379.0 255.0 52.0 26.0
obstacle
0.0220069121569
32.0 27.0 50.0 22.0
obstacle
0.0219643432647
71.0 28.0 50.0 21.0
obstacle
0.0219419971108
227.0 256.0 43.0 23.0
obstacle
0.0217978265136
298.0 309.0 55.0 24.0
obstacle
0.0217607934028
157.0 110.0 37.0 15.0
obstacle
0.0217274390161
384.0 180.0 40.0 22.0
obstacle
0.0215440317988
0.0 79.0 30.0 20.0
obstacle
0.0214327443391
81.0 58.0 109.0 68.0
obstacle
0.0213868003339
155.0 212.0 36.0 19.0
obstacle
0.0212203413248
256.0 309.0 62.0 24.0
obstacle
0.0211274847388
342.0 311.0 46.0 22.0
obstacle
0.0210743676871
112.0 23.0 120.0 86.0
obstacle
0.021039377898
73.0 310.0 45.0 21.0
obstacle
0.0209011808038
262.0 84.0 131.0 59.0
obstacle
0.0206994451582
27.0 309.0 56.0 23.0
obstacle
0.020589729771
378.0 152.0 52.0 26.0
obstacle
0.0205008946359
0.0 27.0 36.0 20.0
obstacle
0.0201921463013
462.0 312.0 38.0 19.0
obstacle
0.0199904367328
10.0 84.0 100.0 72.0
obstacle
0.019948747009
228.0 228.0 32.0 21.0
obstacle
0.0199428927153
421.0 227.0 79.0 84.0
obstacle
0.0199361033738
289.0 205.0 211.0 128.0
obstacle
0.0198561716825
76.0 127.0 33.0 19.0
obstacle
0.0197235532105
199.0 131.0 29.0 12.0
obstacle
0.0196829140186
115.0 152.0 41.0 23.0
obstacle
0.0196604710072
233.0 81.0 32.0 17.0
obstacle
0.0195730719715
154.0 128.0 32.0 20.0
obstacle
0.0195703171194
304.0 279.0 44.0 27.0
obstacle
0.0194538831711
114.0 55.0 41.0 21.0
obstacle
0.0194205269217
385.0 125.0 110.0 82.0
obstacle
0.0193752404302
0.0 151.0 73.0 83.0
obstacle
0.0193744767457
146.0 309.0 52.0 24.0
obstacle
0.0193645935506
226.0 0.0 119.0 53.0
obstacle
0.0191971249878
35.0 283.0 43.0 21.0
obstacle
0.0191821921617
105.0 309.0 54.0 24.0
obstacle
0.0191456750035
230.0 280.0 39.0 25.0
obstacle
0.0190157592297
270.0 230.0 39.0 23.0
obstacle
0.0189960710704
145.0 0.0 131.0 54.0
obstacle
0.0189867056906
378.0 104.0 122.0 74.0
obstacle
0.0188962854445
306.0 0.0 194.0 85.0
obstacle
0.0188151504844
238.0 25.0 99.0 77.0
obstacle
0.0187756177038
78.0 82.0 41.0 19.0
obstacle
0.0187525376678
3.0 130.0 27.0 21.0
obstacle
0.0187155436724
189.0 278.0 42.0 24.0
obstacle
0.0187006983906
384.0 208.0 38.0 22.0
obstacle
0.0186772178859
92.0 233.0 314.0 100.0
obstacle
0.0185244325548
295.0 78.0 148.0 64.0
obstacle
0.0182034149766
219.0 279.0 141.0 54.0
obstacle
0.0181803144515
58.0 0.0 306.0 79.0
obstacle
0.0181603953242
0.0 206.0 76.0 78.0
obstacle
0.0180935841054
113.0 280.0 119.0 53.0
obstacle
0.0178653039038
305.0 103.0 119.0 74.0
obstacle
0.0177598521113
424.0 206.0 39.0 24.0
obstacle
0.0176132358611
296.0 127.0 136.0 79.0
obstacle
0.0175583176315
37.0 27.0 115.0 77.0
obstacle
0.0175183229148
190.0 257.0 122.0 73.0
obstacle
0.017404133454
233.0 184.0 33.0 20.0
obstacle
0.0173940639943
221.0 310.0 56.0 23.0
obstacle
0.0171697810292
122.0 216.0 18.0 55.0
obstacle
0.0171125307679
184.0 309.0 51.0 24.0
obstacle
0.0168693512678
43.0 179.0 34.0 21.0
obstacle
0.0168497823179
116.0 283.0 37.0 20.0
obstacle
0.0168062001467
436.0 41.0 11.0 47.0
obstacle
0.0167662650347
0.0 311.0 39.0 20.0
obstacle
0.0167253222317
123.0 60.0 17.0 57.0
obstacle
0.0167193505913
352.0 108.0 103.0 62.0
obstacle
0.0166544467211
304.0 258.0 40.0 20.0
obstacle
0.0165214799345
420.0 177.0 80.0 83.0
obstacle
0.0163298677653
67.0 0.0 132.0 53.0
obstacle
0.0163076836616
126.0 189.0 16.0 56.0
obstacle
0.0161205176264
114.0 184.0 39.0 16.0
obstacle
0.0161098819226
278.0 145.0 222.0 144.0
obstacle
0.0160728823394
167.0 86.0 13.0 57.0
obstacle
0.0160339605063
344.0 254.0 42.0 25.0
obstacle
0.0158459190279
177.0 236.0 148.0 65.0
obstacle
0.0157595723867
415.0 282.0 57.0 25.0
obstacle
0.0157167930156
348.0 208.0 35.0 21.0
obstacle
0.0156534165144
263.0 258.0 126.0 74.0
obstacle
0.0156001476571
307.0 154.0 37.0 22.0
obstacle
0.0154552608728
339.0 225.0 130.0 88.0
obstacle
0.0154409203678
0.0 53.0 31.0 20.0
obstacle
0.0152820367366
303.0 276.0 124.0 57.0
obstacle
0.0152036789805
384.0 125.0 43.0 25.0
obstacle
0.0151735879481
75.0 26.0 114.0 79.0
obstacle
0.0151530001312
345.0 281.0 39.0 26.0
obstacle
0.0149399489164
0.0 0.0 279.0 114.0
obstacle
0.0148273017257
201.0 60.0 17.0 61.0
obstacle
0.0147883789614
43.0 209.0 33.0 19.0
obstacle
0.014651954174
151.0 257.0 117.0 73.0
obstacle
0.0146309975535
0.0 280.0 128.0 53.0
obstacle
0.0146071603522
280.0 167.0 14.0 50.0
obstacle
0.0144538450986
71.0 156.0 35.0 20.0
obstacle
0.0144427241758
357.0 11.0 12.0 51.0
obstacle
0.0144188478589
0.0 0.0 117.0 87.0
obstacle
0.0143719306216
426.0 152.0 74.0 82.0
obstacle
0.0141463205218
193.0 211.0 35.0 18.0
obstacle
0.0140473973006
0.0 0.0 77.0 55.0
obstacle
0.0138904424384
324.0 73.0 176.0 136.0
obstacle
0.0137267662212
347.0 182.0 31.0 20.0
obstacle
0.0136670423672
473.0 36.0 14.0 57.0
obstacle
0.0134882992133
299.0 230.0 131.0 77.0
obstacle
0.0134540861472
36.0 53.0 40.0 20.0
obstacle
0.013450014405
319.0 0.0 14.0 42.0
obstacle
0.0134407309815
0.0 125.0 76.0 81.0
obstacle
0.0133959827945
310.0 128.0 27.0 18.0
obstacle
0.013373028487
346.0 123.0 116.0 87.0
obstacle
0.0133168511093
303.0 185.0 124.0 68.0
obstacle
0.0132970679551
201.0 0.0 20.0 42.0
obstacle
0.0130973402411
343.0 176.0 120.0 83.0
obstacle
0.0129694873467
266.0 280.0 45.0 25.0
obstacle
0.0126661462709
164.0 194.0 15.0 48.0
obstacle
0.0124880215153
0.0 252.0 170.0 81.0
obstacle
0.0124479020014
204.0 53.0 89.0 74.0
obstacle
0.0123167820275
152.0 182.0 37.0 17.0
obstacle
0.0122581040487
0.0 79.0 66.0 75.0
obstacle
0.0122581003234
339.0 153.0 128.0 77.0
obstacle
0.0120736118406
204.0 86.0 14.0 59.0
obstacle
0.0119825210422
198.0 0.0 104.0 83.0
obstacle
0.0119552537799
0.0 19.0 158.0 142.0
obstacle
0.0119007425383
10.0 170.0 17.0 48.0
obstacle
0.0118355043232
86.0 192.0 14.0 50.0
obstacle
0.0114691928029
9.0 46.0 96.0 89.0
obstacle
0.0113362101838
280.0 197.0 19.0 43.0
obstacle
0.0113268271089
275.0 53.0 117.0 63.0
obstacle
0.0113041177392
431.0 0.0 19.0 40.0
obstacle
0.0112893786281
73.0 262.0 124.0 65.0
obstacle
0.011267663911
163.0 0.0 19.0 43.0
