obstacle
0.416863054037
198.0 144.0 111.0 57.0
obstacle
0.414808958769
221.0 154.0 55.0 28.0
obstacle
0.365699201822
279.0 153.0 84.0 71.0
obstacle
0.353582024574
233.0 142.0 108.0 63.0
obstacle
0.317088633776
297.0 163.0 54.0 49.0
obstacle
0.213362216949
3.0 79.0 38.0 22.0
obstacle
0.148025244474
268.0 171.0 53.0 36.0
obstacle
0.12988884747
317.0 137.0 16.0 18.0
obstacle
0.120123364031
308.0 155.0 94.0 73.0
obstacle
0.105046637356
300.0 199.0 48.0 25.0
obstacle
0.1006815359
232.0 138.0 41.0 20.0
obstacle
0.0957431718707
312.0 155.0 32.0 35.0
obstacle
0.0930771976709
193.0 143.0 193.0 93.0
obstacle
0.0920002758503
0.0 19.0 57.0 93.0
obstacle
0.0796602070332
0.0 101.0 39.0 20.0
obstacle
0.0794865861535
201.0 158.0 39.0 20.0
obstacle
0.0775207355618
32.0 83.0 41.0 17.0
obstacle
0.0767727270722
266.0 198.0 52.0 23.0
obstacle
0.0761124193668
7.0 63.0 90.0 54.0
obstacle
0.0701232179999
191.0 132.0 276.0 79.0
obstacle
0.0663823261857
157.0 209.0 36.0 22.0
obstacle
0.0662371739745
339.0 173.0 32.0 30.0
obstacle
0.0642347335815
0.0 106.0 108.0 64.0
obstacle
0.0623019523919
109.0 80.0 49.0 19.0
obstacle
0.062265176326
0.0 127.0 37.0 20.0
obstacle
0.0610306560993
26.0 127.0 56.0 22.0
obstacle
0.0589059256017
226.0 171.0 46.0 25.0
obstacle
0.0572906844318
73.0 80.0 46.0 16.0
obstacle
0.0565236844122
38.0 60.0 110.0 58.0
obstacle
0.0558084957302
113.0 129.0 42.0 21.0
obstacle
0.0557985790074
21.0 26.0 65.0 77.0
obstacle
0.0556940957904
194.0 135.0 39.0 18.0
obstacle
0.0540423132479
320.0 140.0 76.0 64.0
obstacle
0.0533615760505
266.0 156.0 38.0 26.0
obstacle
0.0529724992812
148.0 132.0 46.0 20.0
obstacle
0.0515145026147
48.0 24.0 90.0 82.0
obstacle
0.0513385161757
195.0 116.0 115.0 62.0
obstacle
0.0493517816067
47.0 62.0 18.0 55.0
obstacle
0.0489347912371
10.0 70.0 14.0 40.0
obstacle
0.0455235205591
0.0 77.0 63.0 73.0
obstacle
0.0451489016414
143.0 80.0 56.0 21.0
obstacle
0.0450305044651
188.0 106.0 41.0 20.0
obstacle
0.0449854880571
34.0 105.0 41.0 16.0
obstacle
0.0440093427896
463.0 207.0 37.0 22.0
obstacle
0.0433258265257
70.0 119.0 288.0 99.0
obstacle
0.0427670441568
2.0 57.0 38.0 22.0
obstacle
0.0421439148486
419.0 154.0 42.0 22.0
obstacle
0.0420863255858
253.0 177.0 80.0 66.0
obstacle
0.0417752079666
189.0 204.0 40.0 24.0
obstacle
0.0410833470523
336.0 80.0 55.0 22.0
obstacle
0.0408846251667
229.0 107.0 40.0 19.0
obstacle
0.0404277257621
157.0 228.0 36.0 20.0
obstacle
0.040286950767
38.0 56.0 36.0 21.0
obstacle
0.0402112714946
464.0 106.0 36.0 18.0
obstacle
0.0401458144188
73.0 127.0 46.0 21.0
obstacle
0.0400297380984
0.0 25.0 239.0 133.0
obstacle
0.0398993231356
73.0 54.0 46.0 20.0
obstacle
0.0398530401289
282.0 173.0 85.0 76.0
obstacle
0.0395865477622
114.0 105.0 41.0 18.0
obstacle
0.0392829813063
461.0 79.0 39.0 22.0
obstacle
0.0385706722736
47.0 29.0 20.0 71.0
obstacle
0.0382292047143
341.0 159.0 32.0 23.0
obstacle
0.0380578935146
465.0 156.0 35.0 23.0
obstacle
0.0372614115477
319.0 143.0 15.0 46.0
obstacle
0.0372429899871
115.0 154.0 42.0 23.0
obstacle
0.0370644144714
300.0 80.0 50.0 21.0
obstacle
0.0369041413069
389.0 132.0 29.0 17.0
obstacle
0.0368727147579
148.0 106.0 44.0 19.0
obstacle
0.0366902463138
108.0 52.0 53.0 24.0
obstacle
0.0361972898245
191.0 176.0 273.0 79.0
obstacle
0.0360068269074
74.0 105.0 42.0 17.0
obstacle
0.0356230661273
309.0 109.0 30.0 18.0
obstacle
0.0353283770382
73.0 231.0 47.0 23.0
obstacle
0.0351514071226
415.0 312.0 54.0 21.0
obstacle
0.0351511947811
11.0 41.0 15.0 48.0
obstacle
0.0348528251052
262.0 81.0 49.0 20.0
obstacle
0.0347246602178
73.0 28.0 44.0 21.0
obstacle
0.0347119495273
351.0 133.0 21.0 18.0
obstacle
0.0343280546367
462.0 183.0 38.0 22.0
obstacle
0.0343240238726
277.0 138.0 22.0 17.0
obstacle
0.0340534932911
374.0 80.0 58.0 22.0
obstacle
0.0340354368091
462.0 53.0 38.0 24.0
obstacle
0.0335620939732
224.0 81.0 50.0 20.0
obstacle
0.0335224792361
2.0 29.0 33.0 21.0
obstacle
0.0334219671786
457.0 0.0 43.0 24.0
obstacle
0.0331398434937
384.0 107.0 37.0 19.0
obstacle
0.0330604724586
85.0 31.0 20.0 68.0
obstacle
0.0326605029404
269.0 108.0 34.0 19.0
obstacle
0.0322341322899
264.0 283.0 48.0 23.0
obstacle
0.0320687070489
184.0 80.0 53.0 20.0
obstacle
0.0320018865168
109.0 27.0 49.0 23.0
obstacle
0.0318333022296
421.0 105.0 41.0 21.0
obstacle
0.03146802634
154.0 181.0 38.0 18.0
obstacle
0.0313588604331
460.0 27.0 40.0 23.0
obstacle
0.0309226531535
187.0 229.0 43.0 23.0
obstacle
0.0308708623052
315.0 166.0 20.0 49.0
obstacle
0.0308291874826
415.0 27.0 55.0 24.0
obstacle
0.0306712910533
42.0 102.0 102.0 75.0
obstacle
0.0305016636848
346.0 135.0 112.0 66.0
obstacle
0.0303034260869
239.0 118.0 13.0 47.0
obstacle
0.0301968492568
199.0 175.0 35.0 25.0
obstacle
0.0301140770316
174.0 153.0 89.0 70.0
obstacle
0.0297604426742
348.0 107.0 33.0 18.0
obstacle
0.0297097302973
112.0 180.0 44.0 23.0
obstacle
0.0295897722244
420.0 180.0 46.0 24.0
obstacle
0.0293525252491
464.0 258.0 36.0 21.0
obstacle
0.0293277986348
41.0 80.0 102.0 67.0
obstacle
0.0290471296757
421.0 130.0 38.0 22.0
obstacle
0.0290313251317
415.0 80.0 55.0 23.0
obstacle
0.0287500005215
305.0 20.0 120.0 90.0
obstacle
0.0287240948528
29.0 0.0 289.0 116.0
obstacle
0.0287097413093
79.0 22.0 108.0 85.0
obstacle
0.0285622403026
41.0 28.0 36.0 22.0
obstacle
0.0285579748452
192.0 80.0 114.0 76.0
obstacle
0.0283800233155
226.0 230.0 44.0 21.0
obstacle
0.0282844640315
0.0 153.0 37.0 21.0
obstacle
0.0282519869506
459.0 311.0 41.0 22.0
obstacle
0.0281835868955
64.0 311.0 62.0 21.0
obstacle
0.0281581543386
466.0 133.0 34.0 18.0
obstacle
0.0281302351505
112.0 18.0 120.0 93.0
obstacle
0.0281115081161
466.0 234.0 34.0 22.0
obstacle
0.0280929598957
145.0 26.0 55.0 24.0
obstacle
0.0276999399066
245.0 112.0 80.0 69.0
obstacle
0.0275859348476
156.0 159.0 34.0 16.0
obstacle
0.0275284275413
33.0 152.0 48.0 23.0
obstacle
0.0273257698864
298.0 26.0 57.0 24.0
obstacle
0.0271029174328
337.0 26.0 56.0 24.0
obstacle
0.0270920433104
111.0 3.0 49.0 20.0
obstacle
0.0270396396518
0.0 260.0 35.0 19.0
obstacle
0.0270353965461
0.0 89.0 190.0 104.0
obstacle
0.0269799306989
459.0 284.0 41.0 22.0
obstacle
0.026881499216
423.0 205.0 39.0 23.0
obstacle
0.0268247239292
0.0 0.0 140.0 133.0
obstacle
0.026805954054
419.0 231.0 46.0 26.0
obstacle
0.0267654769123
349.0 157.0 100.0 69.0
obstacle
0.0266086105257
147.0 3.0 52.0 21.0
obstacle
0.0265825111419
231.0 0.0 269.0 135.0
obstacle
0.0264393277466
72.0 206.0 50.0 24.0
obstacle
0.0263802520931
0.0 311.0 42.0 22.0
obstacle
0.0262075159699
345.0 18.0 116.0 94.0
obstacle
0.026189589873
74.0 2.0 45.0 20.0
obstacle
0.0260071083903
114.0 206.0 41.0 23.0
obstacle
0.0258609969169
341.0 282.0 50.0 23.0
obstacle
0.0256332866848
223.0 3.0 53.0 20.0
obstacle
0.0255938917398
376.0 27.0 56.0 23.0
obstacle
0.025579078123
387.0 11.0 107.0 107.0
obstacle
0.0254624895751
415.0 52.0 56.0 25.0
obstacle
0.025439735502
153.0 18.0 116.0 92.0
obstacle
0.0253903120756
268.0 230.0 39.0 19.0
obstacle
0.0253379810601
336.0 52.0 59.0 26.0
obstacle
0.025328502059
229.0 19.0 118.0 92.0
obstacle
0.0252908505499
415.0 1.0 55.0 24.0
obstacle
0.0252615921199
185.0 26.0 53.0 24.0
obstacle
0.0252205263823
385.0 180.0 34.0 26.0
obstacle
0.0248415265232
113.0 231.0 43.0 23.0
obstacle
0.0247313342988
88.0 56.0 18.0 65.0
obstacle
0.0247083436698
104.0 309.0 60.0 24.0
obstacle
0.024665357545
0.0 2.0 37.0 21.0
obstacle
0.0246170517057
264.0 51.0 125.0 77.0
obstacle
0.0245981905609
222.0 26.0 55.0 24.0
obstacle
0.0244347471744
0.0 181.0 35.0 20.0
obstacle
0.0244254283607
185.0 3.0 52.0 20.0
obstacle
0.0244233123958
373.0 311.0 61.0 22.0
obstacle
0.0243156813085
227.0 284.0 45.0 20.0
obstacle
0.0243136063218
260.0 26.0 56.0 24.0
obstacle
0.024222003296
303.0 283.0 50.0 23.0
obstacle
0.0241411868483
242.0 147.0 9.0 36.0
obstacle
0.0241109859198
185.0 51.0 126.0 78.0
obstacle
0.0240931455046
376.0 53.0 55.0 23.0
obstacle
0.0240544974804
194.0 197.0 267.0 136.0
obstacle
0.0240396093577
261.0 2.0 54.0 21.0
obstacle
0.0238764118403
236.0 104.0 264.0 130.0
obstacle
0.0238589793444
303.0 231.0 46.0 20.0
obstacle
0.0237542800605
146.0 52.0 54.0 26.0
obstacle
0.0234154611826
75.0 180.0 44.0 23.0
obstacle
0.0233312081546
0.0 206.0 39.0 22.0
obstacle
0.0231754574925
299.0 3.0 55.0 20.0
obstacle
0.0231362115592
287.0 45.0 213.0 142.0
obstacle
0.0231282822788
233.0 204.0 37.0 18.0
obstacle
0.022950982675
124.0 181.0 100.0 77.0
obstacle
0.0228132940829
350.0 253.0 106.0 80.0
obstacle
0.0227093994617
27.0 312.0 58.0 20.0
obstacle
0.0227090101689
338.0 2.0 54.0 22.0
obstacle
0.022673824802
35.0 178.0 45.0 25.0
obstacle
0.0225051958114
335.0 310.0 60.0 23.0
obstacle
0.0225018020719
341.0 233.0 48.0 22.0
obstacle
0.0223964322358
390.0 156.0 31.0 17.0
obstacle
0.0223863776773
108.0 80.0 128.0 74.0
obstacle
0.022350165993
180.0 280.0 140.0 53.0
obstacle
0.0223364382982
335.0 50.0 134.0 81.0
obstacle
0.0222366265953
377.0 232.0 51.0 22.0
obstacle
0.0222263466567
75.0 152.0 40.0 24.0
obstacle
0.0222040880471
300.0 52.0 55.0 25.0
obstacle
0.0222026221454
0.0 233.0 39.0 20.0
obstacle
0.022126570344
377.0 3.0 53.0 21.0
obstacle
0.022009184584
383.0 257.0 41.0 22.0
obstacle
0.0218442641199
278.0 146.0 14.0 38.0
obstacle
0.0218185130507
146.0 0.0 288.0 113.0
obstacle
0.0218131393194
150.0 255.0 45.0 25.0
obstacle
0.0217106249183
218.0 310.0 62.0 23.0
obstacle
0.0216301176697
378.0 281.0 51.0 25.0
obstacle
0.0215872135013
384.0 150.0 114.0 82.0
obstacle
0.0215052235872
112.0 125.0 126.0 83.0
obstacle
0.0214116051793
73.0 56.0 120.0 66.0
obstacle
0.0213639680296
381.0 73.0 119.0 84.0
obstacle
0.0211081448942
298.0 309.0 57.0 24.0
obstacle
0.0210904590786
69.0 283.0 131.0 50.0
obstacle
0.0210821963847
261.0 52.0 56.0 25.0
obstacle
0.0210587251931
273.0 229.0 106.0 79.0
obstacle
0.0210136007518
38.0 283.0 39.0 21.0
obstacle
0.0209276452661
0.0 285.0 34.0 19.0
obstacle
0.0207399576902
145.0 310.0 56.0 23.0
obstacle
0.0206728428602
262.0 0.0 130.0 87.0
obstacle
0.0206570364535
70.0 258.0 49.0 22.0
obstacle
0.0205684527755
305.0 255.0 118.0 78.0
obstacle
0.0205521993339
343.0 206.0 38.0 19.0
obstacle
0.0205238219351
344.0 79.0 117.0 74.0
obstacle
0.0203997697681
0.0 97.0 292.0 139.0
obstacle
0.0202651228756
425.0 257.0 39.0 23.0
obstacle
0.0202107783407
193.0 207.0 113.0 69.0
obstacle
0.0200592409819
184.0 52.0 56.0 25.0
obstacle
0.0200483966619
90.0 24.0 323.0 133.0
obstacle
0.0200448147953
69.0 282.0 52.0 26.0
obstacle
0.0199381075799
424.0 0.0 76.0 60.0
obstacle
0.0199150778353
428.0 46.0 72.0 88.0
obstacle
0.0198418851942
316.0 232.0 99.0 74.0
obstacle
0.0197425633669
0.0 259.0 292.0 74.0
obstacle
0.0197185985744
421.0 179.0 79.0 79.0
obstacle
0.0197077151388
263.0 282.0 126.0 51.0
obstacle
0.0196838490665
424.0 125.0 76.0 85.0
obstacle
0.0195996798575
78.0 204.0 114.0 78.0
obstacle
0.019443390891
0.0 129.0 114.0 69.0
obstacle
0.0192689187825
185.0 310.0 52.0 22.0
obstacle
0.0191482696682
223.0 52.0 55.0 25.0
obstacle
0.0190912242979
0.0 0.0 61.0 65.0
obstacle
0.0190554223955
228.0 257.0 43.0 22.0
obstacle
0.0190410204232
186.0 256.0 51.0 26.0
obstacle
0.0190124213696
40.0 175.0 112.0 86.0
obstacle
0.0190110262483
102.0 169.0 302.0 147.0
obstacle
0.0189941935241
112.0 283.0 47.0 24.0
obstacle
0.0188759248704
344.0 257.0 43.0 24.0
obstacle
0.0187503732741
165.0 179.0 96.0 75.0
obstacle
0.0186649747193
0.0 280.0 121.0 53.0
obstacle
0.0184962246567
302.0 256.0 48.0 24.0
obstacle
0.0184165947139
184.0 0.0 133.0 88.0
obstacle
0.0183967221528
418.0 280.0 82.0 53.0
obstacle
0.0183949749917
260.0 311.0 56.0 22.0
obstacle
0.0182345770299
228.0 255.0 118.0 78.0
obstacle
0.0182055607438
117.0 227.0 116.0 83.0
obstacle
0.018176054582
34.0 232.0 47.0 23.0
obstacle
0.0178455375135
352.0 105.0 101.0 74.0
obstacle
0.0178099684417
419.0 282.0 49.0 24.0
obstacle
0.017779795453
30.0 49.0 288.0 134.0
obstacle
0.0177712626755
318.0 209.0 91.0 68.0
obstacle
0.0177189782262
338.0 0.0 162.0 76.0
obstacle
0.0176994334906
0.0 169.0 70.0 98.0
obstacle
0.0175865907222
78.0 102.0 112.0 80.0
obstacle
0.0173453837633
188.0 283.0 46.0 21.0
obstacle
0.0173099786043
319.0 148.0 181.0 139.0
obstacle
0.0172685403377
90.0 254.0 320.0 79.0
obstacle
0.0172481052577
387.0 206.0 33.0 19.0
obstacle
0.0171774346381
45.0 229.0 101.0 80.0
obstacle
0.0171527564526
34.0 257.0 47.0 23.0
obstacle
0.0170958992094
24.0 157.0 301.0 123.0
obstacle
0.0170609150082
33.0 205.0 49.0 24.0
obstacle
0.0170225799084
232.0 83.0 110.0 70.0
obstacle
0.0170087534934
6.0 225.0 103.0 88.0
obstacle
0.01694701612
237.0 203.0 106.0 75.0
obstacle
0.0168471429497
154.0 283.0 39.0 22.0
obstacle
0.0168209262192
315.0 184.0 93.0 59.0
obstacle
0.0166937820613
277.0 167.0 18.0 47.0
obstacle
0.0164216905832
161.0 203.0 102.0 76.0
obstacle
0.0162214785814
356.0 204.0 91.0 78.0
obstacle
0.0161749180406
348.0 183.0 107.0 64.0
obstacle
0.0161239039153
195.0 230.0 110.0 78.0
obstacle
0.0161044187844
114.0 257.0 40.0 23.0
obstacle
0.0160212181509
43.0 128.0 105.0 75.0
obstacle
0.0159471072257
432.0 228.0 68.0 83.0
obstacle
0.0159397553653
160.0 31.0 23.0 65.0
obstacle
0.0158537793905
33.0 2.0 46.0 21.0
obstacle
0.0158529933542
264.0 255.0 46.0 27.0
obstacle
0.0158415455371
288.0 113.0 73.0 68.0
obstacle
0.0158003922552
122.0 32.0 22.0 65.0
obstacle
0.0157943684608
239.0 255.0 261.0 78.0
obstacle
0.015684356913
85.0 6.0 22.0 66.0
obstacle
0.0156023288146
163.0 56.0 20.0 65.0
obstacle
0.0155445747077
0.0 152.0 114.0 78.0
obstacle
0.0154195977375
118.0 152.0 114.0 81.0
obstacle
0.0153270000592
269.0 205.0 113.0 71.0
obstacle
0.01528860908
387.0 202.0 107.0 82.0
obstacle
0.0152566479519
0.0 181.0 219.0 126.0
obstacle
0.0151976970956
161.0 8.0 23.0 60.0
obstacle
0.014951582998
38.0 253.0 115.0 80.0
obstacle
0.014929083176
85.0 109.0 23.0 63.0
obstacle
0.0149245997891
352.0 32.0 24.0 64.0
obstacle
0.0147769236937
200.0 173.0 110.0 80.0
obstacle
0.0147396707907
391.0 253.0 102.0 80.0
obstacle
0.0145299509168
81.0 146.0 105.0 92.0
obstacle
0.0143844587728
46.0 0.0 99.0 70.0
obstacle
0.0142792090774
87.0 85.0 19.0 60.0
