obstacle
0.807183265686
8.0 121.0 336.0 97.0
obstacle
0.466874748468
248.0 75.0 69.0 12.0
obstacle
0.464996337891
235.0 77.0 48.0 13.0
obstacle
0.438333362341
302.0 73.0 43.0 17.0
obstacle
0.315277129412
190.0 78.0 33.0 11.0
obstacle
0.28402325511
32.0 253.0 42.0 22.0
obstacle
0.274852186441
237.0 70.0 98.0 29.0
obstacle
0.25185239315
168.0 80.0 28.0 11.0
obstacle
0.201151490211
192.0 73.0 122.0 27.0
obstacle
0.155150026083
79.0 91.0 341.0 110.0
obstacle
0.153505295515
194.0 64.0 33.0 13.0
obstacle
0.14238512516
39.0 135.0 130.0 66.0
obstacle
0.139314308763
5.0 256.0 36.0 18.0
obstacle
0.139191567898
340.0 78.0 33.0 15.0
obstacle
0.125944584608
262.0 68.0 116.0 38.0
obstacle
0.122700631618
211.0 140.0 146.0 52.0
obstacle
0.121218435466
430.0 229.0 36.0 21.0
obstacle
0.119361683726
259.0 64.0 55.0 17.0
obstacle
0.113041125238
68.0 254.0 51.0 22.0
obstacle
0.108982086182
303.0 63.0 46.0 17.0
obstacle
0.108795829117
231.0 64.0 49.0 16.0
obstacle
0.102551646531
162.0 129.0 176.0 75.0
obstacle
0.101718395948
464.0 234.0 33.0 19.0
obstacle
0.0995362922549
37.0 153.0 49.0 24.0
obstacle
0.0963103473186
52.0 158.0 162.0 60.0
obstacle
0.0902010798454
196.0 107.0 36.0 17.0
obstacle
0.0854127630591
6.0 237.0 102.0 59.0
obstacle
0.0842853784561
77.0 128.0 39.0 22.0
obstacle
0.0832437500358
70.0 178.0 44.0 23.0
obstacle
0.077438570559
160.0 62.0 34.0 14.0
obstacle
0.0769589617848
344.0 103.0 39.0 22.0
obstacle
0.0730972662568
266.0 106.0 47.0 19.0
obstacle
0.0716470703483
423.0 209.0 42.0 24.0
obstacle
0.0702157691121
219.0 129.0 52.0 22.0
obstacle
0.0701594203711
301.0 204.0 47.0 20.0
obstacle
0.0700525939465
223.0 45.0 125.0 52.0
obstacle
0.0699949488044
37.0 133.0 39.0 20.0
obstacle
0.0679692551494
342.0 62.0 37.0 15.0
obstacle
0.067376293242
160.0 69.0 108.0 35.0
obstacle
0.0641299262643
122.0 67.0 108.0 46.0
obstacle
0.0621849149466
58.0 154.0 68.0 24.0
obstacle
0.0617124885321
85.0 135.0 181.0 69.0
obstacle
0.061541762203
231.0 104.0 39.0 20.0
obstacle
0.0609942190349
187.0 112.0 126.0 70.0
obstacle
0.0604856312275
301.0 150.0 43.0 26.0
obstacle
0.060459010303
72.0 233.0 47.0 20.0
obstacle
0.0576536506414
31.0 235.0 48.0 25.0
obstacle
0.0576032549143
193.0 32.0 40.0 19.0
obstacle
0.0575915835798
82.0 108.0 35.0 21.0
obstacle
0.056327264756
121.0 82.0 29.0 15.0
obstacle
0.0554852299392
12.0 132.0 105.0 70.0
obstacle
0.055183917284
193.0 133.0 44.0 19.0
obstacle
0.0532757081091
463.0 209.0 37.0 21.0
obstacle
0.0502486974001
229.0 32.0 40.0 19.0
obstacle
0.0486673861742
150.0 29.0 47.0 20.0
obstacle
0.0483844578266
301.0 103.0 43.0 21.0
obstacle
0.0481557324529
0.0 235.0 41.0 23.0
obstacle
0.0453740209341
41.0 113.0 114.0 63.0
obstacle
0.0447693243623
259.0 155.0 58.0 20.0
obstacle
0.0446155630052
67.0 27.0 54.0 23.0
obstacle
0.044217441231
301.0 181.0 44.0 21.0
obstacle
0.0440708138049
457.0 2.0 43.0 21.0
obstacle
0.043617926538
153.0 134.0 41.0 16.0
obstacle
0.0432806052268
73.0 204.0 45.0 20.0
obstacle
0.0431352332234
422.0 257.0 44.0 22.0
obstacle
0.0425368957222
268.0 31.0 42.0 19.0
obstacle
0.0418617203832
420.0 58.0 43.0 15.0
obstacle
0.0418110303581
37.0 238.0 114.0 60.0
obstacle
0.0416328832507
466.0 57.0 33.0 16.0
obstacle
0.0411459282041
467.0 256.0 33.0 21.0
obstacle
0.040475089103
78.0 82.0 35.0 16.0
obstacle
0.0396384447813
163.0 106.0 28.0 17.0
obstacle
0.0394610986114
230.0 177.0 118.0 78.0
obstacle
0.0390744172037
386.0 59.0 34.0 14.0
obstacle
0.0386526994407
107.0 28.0 55.0 22.0
obstacle
0.0380622670054
127.0 157.0 165.0 66.0
obstacle
0.037576623261
0.0 131.0 36.0 21.0
obstacle
0.0374442078173
116.0 109.0 31.0 18.0
obstacle
0.0373022332788
0.0 150.0 372.0 127.0
obstacle
0.0370387844741
389.0 213.0 107.0 60.0
obstacle
0.0369751229882
60.0 180.0 147.0 66.0
obstacle
0.0368769466877
262.0 128.0 52.0 23.0
obstacle
0.0367470607162
108.0 256.0 51.0 20.0
obstacle
0.0366245359182
461.0 283.0 39.0 24.0
obstacle
0.0357936136425
116.0 60.0 35.0 13.0
obstacle
0.0350538603961
72.0 59.0 39.0 15.0
obstacle
0.0350457504392
38.0 179.0 38.0 20.0
obstacle
0.0349424406886
108.0 201.0 47.0 26.0
obstacle
0.0348784066737
114.0 130.0 40.0 20.0
obstacle
0.0342933796346
340.0 28.0 53.0 22.0
obstacle
0.0342628955841
52.0 84.0 91.0 68.0
obstacle
0.0342435762286
106.0 230.0 52.0 22.0
obstacle
0.0341827683151
459.0 311.0 41.0 21.0
obstacle
0.0341611541808
262.0 202.0 54.0 24.0
obstacle
0.0339800529182
1.0 211.0 111.0 69.0
obstacle
0.0335172899067
303.0 64.0 116.0 49.0
obstacle
0.0335023105145
383.0 81.0 36.0 15.0
obstacle
0.0330250635743
463.0 28.0 37.0 23.0
obstacle
0.0323569402099
305.0 30.0 47.0 20.0
obstacle
0.0322573669255
109.0 282.0 127.0 51.0
obstacle
0.0321081504226
0.0 1.0 41.0 22.0
obstacle
0.0317237377167
298.0 2.0 57.0 21.0
obstacle
0.0316907688975
202.0 112.0 17.0 59.0
obstacle
0.0315404832363
465.0 81.0 34.0 16.0
obstacle
0.0313970148563
40.0 206.0 35.0 21.0
obstacle
0.0313533209264
149.0 50.0 349.0 82.0
obstacle
0.0312692075968
79.0 65.0 114.0 52.0
obstacle
0.0312517248094
463.0 130.0 37.0 22.0
obstacle
0.0312272142619
462.0 156.0 38.0 23.0
obstacle
0.0311451759189
7.0 110.0 110.0 68.0
obstacle
0.0309037622064
0.0 208.0 37.0 19.0
obstacle
0.0308989658952
264.0 184.0 121.0 67.0
obstacle
0.0305677000433
0.0 309.0 41.0 24.0
obstacle
0.0305599439889
307.0 134.0 31.0 20.0
obstacle
0.0301249846816
143.0 230.0 57.0 26.0
obstacle
0.0300845839083
464.0 106.0 36.0 19.0
obstacle
0.0300400517881
70.0 1.0 49.0 21.0
obstacle
0.0300351437181
88.0 123.0 15.0 36.0
obstacle
0.0299288071692
389.0 154.0 32.0 21.0
obstacle
0.0297244116664
413.0 2.0 57.0 21.0
obstacle
0.0296313595027
387.0 231.0 38.0 23.0
obstacle
0.0296299364418
419.0 80.0 43.0 16.0
obstacle
0.0295738335699
382.0 105.0 39.0 20.0
obstacle
0.0294764004648
337.0 3.0 55.0 20.0
obstacle
0.0292545277625
464.0 181.0 36.0 23.0
obstacle
0.028957972303
140.0 308.0 64.0 25.0
obstacle
0.0287557449192
23.0 306.0 65.0 27.0
obstacle
0.0287040639669
60.0 309.0 68.0 22.0
obstacle
0.028608776629
145.0 4.0 54.0 18.0
obstacle
0.028415504843
345.0 258.0 39.0 21.0
obstacle
0.0284148100764
34.0 213.0 121.0 66.0
obstacle
0.0282400920987
386.0 131.0 37.0 22.0
obstacle
0.0279819499701
31.0 281.0 53.0 23.0
obstacle
0.0278430879116
37.0 56.0 36.0 16.0
obstacle
0.0274805370718
100.0 309.0 67.0 24.0
obstacle
0.0274365376681
377.0 2.0 53.0 22.0
obstacle
0.0272151343524
80.0 114.0 111.0 61.0
obstacle
0.0269059780985
262.0 3.0 51.0 20.0
obstacle
0.0268718712032
32.0 26.0 50.0 24.0
obstacle
0.0266121085733
2.0 181.0 37.0 20.0
obstacle
0.0265857260674
271.0 134.0 100.0 64.0
obstacle
0.0265547409654
148.0 257.0 51.0 24.0
obstacle
0.0265001654625
217.0 155.0 61.0 20.0
obstacle
0.0264489520341
107.0 109.0 357.0 157.0
obstacle
0.026346039027
349.0 132.0 32.0 18.0
obstacle
0.0263036377728
0.0 256.0 253.0 77.0
obstacle
0.026271160692
108.0 2.0 52.0 20.0
obstacle
0.0260914992541
0.0 122.0 205.0 138.0
obstacle
0.0260073021054
188.0 284.0 47.0 23.0
obstacle
0.0256639048457
37.0 0.0 115.0 86.0
obstacle
0.0255462434143
262.0 182.0 44.0 18.0
obstacle
0.0255306456238
377.0 29.0 52.0 21.0
obstacle
0.0254274886101
118.0 32.0 111.0 70.0
obstacle
0.0252507869154
0.0 26.0 37.0 24.0
obstacle
0.0251391045749
150.0 179.0 43.0 25.0
obstacle
0.0251005515456
339.0 62.0 129.0 56.0
obstacle
0.0248998366296
105.0 178.0 50.0 25.0
obstacle
0.0245729703456
420.0 181.0 50.0 24.0
obstacle
0.024546502158
0.0 105.0 36.0 20.0
obstacle
0.0244982726872
185.0 2.0 51.0 22.0
obstacle
0.0244393963367
159.0 2.0 104.0 76.0
obstacle
0.0243805721402
12.0 52.0 324.0 131.0
obstacle
0.0243754126132
416.0 27.0 52.0 23.0
obstacle
0.0243396256119
385.0 207.0 43.0 22.0
obstacle
0.0243363454938
0.0 56.0 32.0 17.0
obstacle
0.024273134768
234.0 1.0 107.0 77.0
obstacle
0.0242538396269
227.0 256.0 45.0 25.0
obstacle
0.0241693593562
0.0 282.0 124.0 51.0
obstacle
0.0240956190974
3.0 284.0 31.0 20.0
obstacle
0.0239594392478
39.0 104.0 36.0 22.0
obstacle
0.0238218605518
383.0 258.0 40.0 19.0
obstacle
0.0236742831767
0.0 86.0 253.0 119.0
obstacle
0.0236668866128
73.0 280.0 45.0 25.0
obstacle
0.023564375937
419.0 280.0 50.0 25.0
obstacle
0.0234680119902
229.0 284.0 41.0 21.0
obstacle
0.0234504025429
162.0 44.0 98.0 53.0
obstacle
0.0234447941184
180.0 309.0 61.0 24.0
obstacle
0.0234061013907
197.0 3.0 102.0 74.0
obstacle
0.0233637038618
36.0 80.0 38.0 17.0
obstacle
0.0232654325664
393.0 180.0 99.0 78.0
obstacle
0.0232251621783
142.0 203.0 57.0 24.0
obstacle
0.0231918748468
225.0 2.0 47.0 21.0
obstacle
0.023093605414
266.0 257.0 43.0 24.0
obstacle
0.0230198130012
260.0 312.0 55.0 21.0
obstacle
0.0229061264545
343.0 229.0 46.0 27.0
obstacle
0.0228437744081
306.0 257.0 44.0 24.0
obstacle
0.0228247046471
130.0 166.0 317.0 154.0
obstacle
0.0228128954768
47.0 240.0 18.0 59.0
obstacle
0.0227189362049
112.0 115.0 123.0 61.0
obstacle
0.0226007718593
418.0 104.0 50.0 22.0
obstacle
0.0225496925414
418.0 130.0 49.0 23.0
obstacle
0.0225471984595
146.0 282.0 53.0 25.0
obstacle
0.0224477332085
0.0 174.0 274.0 141.0
obstacle
0.0224219150841
185.0 232.0 129.0 74.0
obstacle
0.0223036501557
132.0 71.0 311.0 91.0
obstacle
0.0223027747124
302.0 36.0 124.0 64.0
obstacle
0.0222107172012
111.0 156.0 42.0 21.0
obstacle
0.0221788715571
106.0 204.0 133.0 78.0
obstacle
0.0220623146743
224.0 180.0 45.0 21.0
obstacle
0.0220389794558
189.0 257.0 47.0 26.0
obstacle
0.0219872314483
323.0 253.0 177.0 80.0
obstacle
0.0219824593514
383.0 179.0 43.0 24.0
obstacle
0.0219132322818
263.0 0.0 125.0 57.0
obstacle
0.0218522921205
412.0 282.0 88.0 51.0
obstacle
0.0218174662441
348.0 208.0 114.0 70.0
obstacle
0.0217504277825
418.0 0.0 82.0 54.0
obstacle
0.0217004977167
384.0 231.0 116.0 75.0
obstacle
0.0215114280581
410.0 309.0 67.0 24.0
obstacle
0.021489135921
300.0 229.0 51.0 27.0
obstacle
0.0214692149311
212.0 157.0 145.0 70.0
obstacle
0.0213750600815
337.0 311.0 56.0 22.0
obstacle
0.021282799542
224.0 201.0 50.0 25.0
obstacle
0.021078703925
106.0 0.0 131.0 57.0
obstacle
0.0206606201828
374.0 311.0 58.0 21.0
obstacle
0.0203994270414
186.0 202.0 45.0 26.0
obstacle
0.0203890558332
0.0 0.0 70.0 60.0
obstacle
0.0202070623636
261.0 229.0 55.0 27.0
obstacle
0.020167298615
207.0 87.0 293.0 107.0
obstacle
0.0201174411923
112.0 282.0 45.0 23.0
obstacle
0.0199916791171
240.0 112.0 17.0 56.0
obstacle
0.0198237691075
419.0 155.0 46.0 24.0
obstacle
0.0197619851679
0.0 80.0 30.0 17.0
obstacle
0.0195842366666
0.0 0.0 284.0 88.0
obstacle
0.0193874966353
420.0 74.0 80.0 85.0
obstacle
0.0193565990776
126.0 115.0 15.0 51.0
obstacle
0.0193542856723
307.0 0.0 113.0 84.0
obstacle
0.0193077400327
345.0 206.0 38.0 20.0
obstacle
0.019226135686
153.0 158.0 33.0 15.0
obstacle
0.0191771518439
43.0 59.0 106.0 65.0
obstacle
0.0190535821021
33.0 1.0 46.0 22.0
obstacle
0.0189085844904
189.0 179.0 38.0 25.0
obstacle
0.0188185852021
4.0 155.0 33.0 20.0
obstacle
0.0186176337302
137.0 84.0 151.0 66.0
obstacle
0.0184090491384
266.0 284.0 45.0 22.0
obstacle
0.0183216445148
165.0 0.0 322.0 80.0
obstacle
0.0183210577816
73.0 230.0 121.0 77.0
obstacle
0.0182474590838
0.0 101.0 66.0 81.0
obstacle
0.0182304009795
88.0 0.0 324.0 111.0
obstacle
0.0179098471999
350.0 154.0 26.0 19.0
obstacle
0.0177148859948
0.0 180.0 75.0 75.0
obstacle
0.0177137553692
204.0 204.0 296.0 129.0
obstacle
0.0176865942776
421.0 127.0 79.0 81.0
obstacle
0.0176816135645
352.0 181.0 106.0 73.0
obstacle
0.0175906457007
322.0 93.0 178.0 147.0
obstacle
0.0175886191428
125.0 142.0 15.0 48.0
obstacle
0.017578329891
165.0 110.0 16.0 60.0
obstacle
0.0174910593778
383.0 0.0 114.0 84.0
obstacle
0.0174742564559
298.0 227.0 139.0 84.0
obstacle
0.0174400117248
0.0 125.0 77.0 86.0
obstacle
0.0172882694751
184.0 230.0 55.0 24.0
obstacle
0.0171995349228
185.0 206.0 131.0 75.0
obstacle
0.0171789992601
224.0 309.0 49.0 22.0
obstacle
0.017177220434
346.0 105.0 116.0 72.0
obstacle
0.0170399639755
385.0 97.0 112.0 86.0
obstacle
0.0169848501682
188.0 154.0 43.0 22.0
obstacle
0.0169391036034
388.0 149.0 106.0 87.0
obstacle
0.0168726034462
266.0 110.0 118.0 68.0
obstacle
0.0168534144759
298.0 311.0 56.0 22.0
obstacle
0.0168265886605
268.0 150.0 109.0 84.0
obstacle
0.016818376258
303.0 281.0 47.0 25.0
obstacle
0.0166659187526
416.0 54.0 84.0 73.0
obstacle
0.0165727715939
76.0 79.0 114.0 76.0
obstacle
0.0165044423193
149.0 259.0 121.0 72.0
obstacle
0.0162365250289
325.0 0.0 175.0 130.0
obstacle
0.0162095557898
302.0 283.0 127.0 50.0
obstacle
0.0161791220307
71.0 204.0 284.0 129.0
obstacle
0.0161671955138
221.0 228.0 57.0 27.0
obstacle
0.0161606390029
8.0 73.0 98.0 87.0
obstacle
0.0158604830503
6.0 163.0 113.0 57.0
obstacle
0.0158359166235
0.0 42.0 165.0 148.0
obstacle
0.0157960224897
301.0 177.0 199.0 135.0
obstacle
0.0157098844647
193.0 257.0 112.0 76.0
obstacle
0.0156831834465
133.0 182.0 158.0 69.0
obstacle
0.0156314410269
305.0 181.0 119.0 73.0
obstacle
0.0155666200444
263.0 201.0 127.0 82.0
obstacle
0.0155517179519
416.0 30.0 84.0 70.0
obstacle
0.0155510054901
219.0 84.0 132.0 60.0
obstacle
0.0152828525752
342.0 0.0 121.0 54.0
obstacle
0.0151392733678
86.0 87.0 18.0 58.0
obstacle
0.0150403892621
381.0 282.0 47.0 23.0
obstacle
0.0150163806975
345.0 127.0 115.0 78.0
obstacle
0.0149551620707
203.0 140.0 17.0 53.0
obstacle
0.0149386972189
85.0 236.0 20.0 65.0
obstacle
0.014720896259
219.0 285.0 138.0 48.0
obstacle
0.0146966753528
4.0 0.0 104.0 79.0
obstacle
0.0145989945158
0.0 198.0 160.0 135.0
obstacle
0.0143168345094
319.0 70.0 16.0 39.0
obstacle
0.014052985236
151.0 256.0 276.0 77.0
obstacle
0.0139844352379
242.0 39.0 15.0 51.0
obstacle
0.0139323435724
271.0 78.0 105.0 70.0
obstacle
0.0137546341866
28.0 34.0 133.0 62.0
obstacle
0.0137138329446
349.0 152.0 110.0 78.0
obstacle
0.0135947950184
308.0 133.0 112.0 65.0
obstacle
0.0135841723531
308.0 205.0 117.0 76.0
obstacle
0.0134347127751
270.0 257.0 114.0 74.0
obstacle
0.0130280563608
345.0 284.0 42.0 21.0
obstacle
0.0129474969581
320.0 50.0 180.0 131.0
obstacle
0.0128823593259
353.0 233.0 102.0 73.0
obstacle
0.0128597049043
312.0 84.0 102.0 60.0
obstacle
0.0127737736329
47.0 119.0 15.0 44.0
