obstacle
0.694693744183
145.0 169.0 132.0 55.0
obstacle
0.643210351467
301.0 87.0 76.0 21.0
obstacle
0.378296107054
445.0 113.0 18.0 15.0
obstacle
0.362279117107
129.0 180.0 164.0 63.0
obstacle
0.298647433519
329.0 97.0 58.0 20.0
obstacle
0.285607814789
303.0 97.0 60.0 18.0
obstacle
0.271535158157
77.0 153.0 268.0 86.0
obstacle
0.240383982658
436.0 119.0 30.0 25.0
obstacle
0.205830901861
282.0 75.0 101.0 41.0
obstacle
0.198301568627
76.0 189.0 132.0 52.0
obstacle
0.194686457515
110.0 204.0 55.0 23.0
obstacle
0.192368894815
140.0 199.0 62.0 26.0
obstacle
0.191661953926
457.0 114.0 26.0 17.0
obstacle
0.137587800622
36.0 210.0 43.0 21.0
obstacle
0.126356884837
216.0 175.0 62.0 30.0
obstacle
0.12272028625
177.0 177.0 69.0 34.0
obstacle
0.111696265638
0.0 164.0 295.0 105.0
obstacle
0.0997296571732
387.0 106.0 37.0 14.0
obstacle
0.0914759114385
381.0 83.0 39.0 18.0
obstacle
0.086346000433
309.0 90.0 102.0 41.0
obstacle
0.0843021124601
83.0 211.0 30.0 17.0
obstacle
0.0829071998596
222.0 167.0 118.0 56.0
obstacle
0.0808464586735
0.0 210.0 40.0 20.0
obstacle
0.0786008164287
270.0 232.0 36.0 25.0
obstacle
0.077797986567
335.0 128.0 57.0 23.0
obstacle
0.0760148540139
275.0 104.0 34.0 15.0
obstacle
0.0748106911778
177.0 200.0 60.0 26.0
obstacle
0.0727327167988
33.0 226.0 46.0 24.0
obstacle
0.0690520480275
458.0 123.0 33.0 23.0
obstacle
0.068363584578
36.0 196.0 131.0 47.0
obstacle
0.0666953101754
257.0 181.0 48.0 22.0
obstacle
0.0657122284174
181.0 232.0 56.0 22.0
obstacle
0.063158325851
215.0 186.0 136.0 57.0
obstacle
0.0621980875731
275.0 86.0 32.0 15.0
obstacle
0.0595657341182
188.0 160.0 51.0 25.0
obstacle
0.0580042861402
100.0 138.0 373.0 112.0
obstacle
0.0572967715561
0.0 190.0 125.0 58.0
obstacle
0.0555683299899
224.0 160.0 49.0 22.0
obstacle
0.0553009547293
297.0 128.0 60.0 24.0
obstacle
0.0546362251043
303.0 206.0 41.0 22.0
obstacle
0.0532675795257
153.0 182.0 55.0 27.0
obstacle
0.0518944822252
151.0 230.0 46.0 22.0
obstacle
0.0511977188289
385.0 127.0 38.0 20.0
obstacle
0.0506252758205
147.0 137.0 132.0 72.0
obstacle
0.0490053780377
116.0 228.0 44.0 22.0
obstacle
0.0485410802066
259.0 204.0 59.0 25.0
obstacle
0.048144929111
37.0 175.0 350.0 128.0
obstacle
0.0466413535178
230.0 107.0 40.0 18.0
obstacle
0.046339135617
464.0 83.0 32.0 20.0
obstacle
0.0439437627792
215.0 202.0 64.0 24.0
obstacle
0.0433087311685
303.0 60.0 50.0 16.0
obstacle
0.0430884473026
423.0 205.0 46.0 25.0
obstacle
0.042250521481
429.0 100.0 71.0 80.0
obstacle
0.0414832793176
78.0 159.0 127.0 72.0
obstacle
0.0412197038531
173.0 216.0 150.0 52.0
obstacle
0.0407513715327
266.0 55.0 47.0 19.0
obstacle
0.0406460426748
199.0 171.0 17.0 42.0
obstacle
0.04064386338
466.0 179.0 33.0 22.0
obstacle
0.0402534008026
426.0 83.0 29.0 19.0
obstacle
0.039486117661
408.0 104.0 74.0 66.0
obstacle
0.038731738925
264.0 157.0 47.0 21.0
obstacle
0.0380820967257
217.0 230.0 61.0 25.0
obstacle
0.0377810262144
267.0 131.0 40.0 20.0
obstacle
0.0373942144215
230.0 83.0 39.0 18.0
obstacle
0.0372695736587
187.0 79.0 47.0 22.0
obstacle
0.0371990650892
80.0 229.0 39.0 23.0
obstacle
0.0371103100479
3.0 203.0 108.0 75.0
obstacle
0.0368654578924
238.0 171.0 19.0 43.0
obstacle
0.0368330106139
184.0 130.0 51.0 23.0
obstacle
0.0366992689669
199.0 140.0 18.0 53.0
obstacle
0.0366670265794
16.0 101.0 321.0 138.0
obstacle
0.0362765826285
154.0 158.0 44.0 22.0
obstacle
0.0360746607184
148.0 78.0 49.0 24.0
obstacle
0.0354474149644
347.0 72.0 101.0 42.0
obstacle
0.035400763154
120.0 183.0 34.0 23.0
obstacle
0.0352944992483
465.0 208.0 35.0 20.0
obstacle
0.0347285345197
227.0 131.0 43.0 22.0
obstacle
0.0343767665327
98.0 207.0 154.0 65.0
obstacle
0.0342986173928
343.0 59.0 46.0 18.0
obstacle
0.034180149436
463.0 157.0 37.0 21.0
obstacle
0.0338124446571
455.0 1.0 45.0 23.0
obstacle
0.0337844006717
462.0 53.0 38.0 22.0
obstacle
0.0337214320898
183.0 26.0 57.0 25.0
obstacle
0.0336854346097
1.0 230.0 37.0 21.0
obstacle
0.0336187630892
458.0 30.0 42.0 18.0
obstacle
0.0332765094936
110.0 0.0 49.0 23.0
obstacle
0.0330870449543
417.0 54.0 50.0 24.0
obstacle
0.0329034402966
111.0 78.0 49.0 23.0
obstacle
0.0327783226967
146.0 131.0 49.0 22.0
obstacle
0.0322219356894
116.0 156.0 40.0 23.0
obstacle
0.0318023078144
146.0 26.0 56.0 25.0
obstacle
0.0309230070561
147.0 1.0 52.0 24.0
obstacle
0.0308473408222
72.0 1.0 49.0 22.0
obstacle
0.0308065004647
423.0 154.0 37.0 21.0
obstacle
0.030588272959
190.0 107.0 41.0 18.0
obstacle
0.0303699877113
185.0 1.0 53.0 23.0
obstacle
0.0301748290658
223.0 27.0 56.0 22.0
obstacle
0.0300349835306
462.0 260.0 38.0 21.0
obstacle
0.0297766849399
0.0 257.0 35.0 22.0
obstacle
0.0296642389148
72.0 106.0 42.0 18.0
obstacle
0.0295323953032
222.0 0.0 54.0 24.0
obstacle
0.0290074087679
313.0 62.0 187.0 107.0
obstacle
0.0289748236537
114.0 101.0 119.0 82.0
obstacle
0.0285679213703
0.0 78.0 33.0 21.0
obstacle
0.0285433493555
262.0 0.0 51.0 24.0
obstacle
0.0283603034914
299.0 1.0 52.0 23.0
obstacle
0.0281873028725
195.0 234.0 111.0 69.0
obstacle
0.0280201192945
382.0 58.0 43.0 18.0
obstacle
0.0279530100524
66.0 79.0 56.0 22.0
obstacle
0.0274961870164
153.0 231.0 117.0 74.0
obstacle
0.0274137333035
343.0 254.0 46.0 25.0
obstacle
0.0273741781712
221.0 210.0 136.0 64.0
obstacle
0.0273652318865
349.0 152.0 35.0 27.0
obstacle
0.0272290855646
261.0 28.0 52.0 24.0
obstacle
0.0269940812141
181.0 254.0 58.0 22.0
obstacle
0.0269769858569
0.0 0.0 37.0 23.0
obstacle
0.0269583817571
0.0 309.0 40.0 22.0
obstacle
0.0268644820899
69.0 27.0 50.0 22.0
obstacle
0.0268026310951
0.0 53.0 36.0 22.0
obstacle
0.026780821383
343.0 230.0 43.0 26.0
obstacle
0.0267428122461
338.0 2.0 53.0 21.0
obstacle
0.0266503449529
154.0 103.0 114.0 79.0
obstacle
0.0265020225197
463.0 233.0 37.0 22.0
obstacle
0.0264931488782
378.0 283.0 122.0 50.0
obstacle
0.0264000575989
238.0 139.0 19.0 56.0
obstacle
0.0263518784195
339.0 29.0 50.0 20.0
obstacle
0.0262003596872
236.0 63.0 116.0 61.0
obstacle
0.0259405933321
389.0 27.0 99.0 77.0
obstacle
0.0259320996702
256.0 309.0 65.0 24.0
obstacle
0.0259071793407
32.0 26.0 47.0 23.0
obstacle
0.0258732698858
108.0 130.0 52.0 22.0
obstacle
0.0258252453059
108.0 26.0 56.0 25.0
obstacle
0.0256915073842
466.0 285.0 34.0 21.0
obstacle
0.0256517007947
223.0 255.0 54.0 25.0
obstacle
0.0256173368543
111.0 106.0 44.0 20.0
obstacle
0.0255753435194
386.0 156.0 34.0 21.0
obstacle
0.0254048053175
413.0 310.0 58.0 23.0
obstacle
0.0253778714687
0.0 28.0 35.0 19.0
obstacle
0.0252657085657
457.0 311.0 43.0 21.0
obstacle
0.0250833146274
224.0 52.0 52.0 24.0
obstacle
0.0249710138887
271.0 254.0 35.0 22.0
obstacle
0.0247048456222
302.0 231.0 44.0 22.0
obstacle
0.024506142363
0.0 187.0 198.0 113.0
obstacle
0.0243671126664
303.0 254.0 48.0 27.0
obstacle
0.0241912994534
301.0 30.0 50.0 21.0
obstacle
0.0240707062185
150.0 107.0 42.0 18.0
obstacle
0.0238487739116
142.0 309.0 62.0 24.0
obstacle
0.0238307565451
82.0 33.0 339.0 114.0
obstacle
0.0238126516342
102.0 281.0 144.0 52.0
obstacle
0.0237990282476
0.0 154.0 35.0 23.0
obstacle
0.023778969422
227.0 0.0 122.0 82.0
obstacle
0.0237775612622
411.0 101.0 70.0 38.0
obstacle
0.0237475056201
318.0 0.0 91.0 80.0
obstacle
0.0236924532801
268.0 236.0 119.0 66.0
obstacle
0.0235173329711
381.0 4.0 44.0 18.0
obstacle
0.0235030371696
421.0 177.0 44.0 27.0
obstacle
0.0234531778842
76.0 47.0 113.0 85.0
obstacle
0.0234521050006
78.0 182.0 41.0 19.0
obstacle
0.0233172792941
161.0 166.0 13.0 50.0
obstacle
0.0232705008239
73.0 129.0 45.0 22.0
obstacle
0.0232600979507
78.0 129.0 115.0 78.0
obstacle
0.0231358911842
1.0 285.0 31.0 20.0
obstacle
0.0231254789978
182.0 309.0 57.0 24.0
obstacle
0.0229194853455
415.0 29.0 54.0 20.0
obstacle
0.0226684156805
308.0 154.0 38.0 23.0
obstacle
0.02265086025
419.0 2.0 46.0 20.0
obstacle
0.0223677419126
73.0 254.0 45.0 28.0
obstacle
0.0221918541938
74.0 155.0 42.0 24.0
obstacle
0.0221670679748
66.0 0.0 293.0 110.0
obstacle
0.0221225488931
218.0 86.0 151.0 57.0
obstacle
0.0221118368208
277.0 0.0 100.0 80.0
obstacle
0.0220278035849
0.0 180.0 36.0 22.0
obstacle
0.0219640992582
352.0 96.0 102.0 38.0
obstacle
0.0218944773078
343.0 104.0 130.0 72.0
obstacle
0.0217687524855
152.0 24.0 117.0 80.0
obstacle
0.0216892641038
33.0 0.0 47.0 23.0
obstacle
0.0215701814741
67.0 51.0 54.0 25.0
obstacle
0.0214797314256
379.0 29.0 48.0 19.0
obstacle
0.0214774832129
169.0 66.0 243.0 98.0
obstacle
0.0211605560035
349.0 178.0 34.0 23.0
obstacle
0.0210700444877
151.0 254.0 48.0 24.0
obstacle
0.0210697352886
103.0 310.0 62.0 23.0
obstacle
0.0210629999638
112.0 48.0 118.0 85.0
obstacle
0.0209875646979
35.0 101.0 121.0 81.0
obstacle
0.0209352560341
375.0 311.0 56.0 22.0
obstacle
0.0206907689571
109.0 52.0 48.0 24.0
obstacle
0.0206230860204
0.0 14.0 70.0 101.0
obstacle
0.0205554254353
188.0 15.0 123.0 98.0
obstacle
0.0205088723451
0.0 129.0 29.0 20.0
obstacle
0.0204917471856
279.0 0.0 221.0 112.0
obstacle
0.0204340498894
420.0 0.0 80.0 59.0
obstacle
0.0203805919737
40.0 157.0 115.0 74.0
obstacle
0.0203686337918
335.0 310.0 59.0 23.0
obstacle
0.0202982723713
36.0 154.0 42.0 24.0
obstacle
0.0202793795615
36.0 129.0 119.0 77.0
obstacle
0.0202271472663
19.0 254.0 309.0 79.0
obstacle
0.020197764039
382.0 204.0 45.0 25.0
obstacle
0.0201284233481
37.0 45.0 114.0 88.0
obstacle
0.0201280601323
0.0 28.0 301.0 123.0
obstacle
0.019852085039
146.0 51.0 51.0 27.0
obstacle
0.0197967272252
36.0 179.0 40.0 24.0
obstacle
0.0197668224573
344.0 207.0 38.0 22.0
obstacle
0.019763154909
305.0 106.0 118.0 67.0
obstacle
0.0197191406041
27.0 309.0 60.0 24.0
obstacle
0.0196254886687
0.0 72.0 258.0 137.0
obstacle
0.0195441339165
424.0 127.0 76.0 78.0
obstacle
0.0195113904774
150.0 52.0 120.0 77.0
obstacle
0.0194055065513
302.0 102.0 198.0 128.0
obstacle
0.0193458776921
349.0 0.0 106.0 82.0
obstacle
0.0191312991083
296.0 310.0 62.0 23.0
obstacle
0.019024014473
186.0 52.0 48.0 24.0
obstacle
0.0189328081906
223.0 279.0 130.0 54.0
obstacle
0.0189199652523
0.0 125.0 73.0 82.0
obstacle
0.0189164951444
67.0 310.0 60.0 23.0
obstacle
0.0188649278134
0.0 0.0 149.0 132.0
obstacle
0.0188554171473
111.0 282.0 47.0 25.0
obstacle
0.018803037703
35.0 254.0 46.0 28.0
obstacle
0.0187098290771
149.0 282.0 49.0 26.0
obstacle
0.0186520852149
180.0 204.0 294.0 129.0
obstacle
0.0186315588653
111.0 254.0 48.0 26.0
obstacle
0.0185071974993
32.0 79.0 46.0 21.0
obstacle
0.0184255093336
306.0 232.0 119.0 73.0
obstacle
0.0182888023555
189.0 0.0 121.0 61.0
obstacle
0.0181985348463
78.0 229.0 118.0 79.0
obstacle
0.0181917380542
324.0 156.0 176.0 123.0
obstacle
0.0181686766446
37.0 281.0 40.0 24.0
obstacle
0.0181601084769
75.0 282.0 44.0 22.0
obstacle
0.0181510094553
97.0 80.0 310.0 125.0
obstacle
0.018118230626
220.0 310.0 60.0 23.0
obstacle
0.0180568024516
31.0 51.0 49.0 24.0
obstacle
0.0180192161351
224.0 132.0 122.0 75.0
obstacle
0.0180154927075
36.0 104.0 38.0 18.0
obstacle
0.0180044844747
32.0 128.0 48.0 24.0
obstacle
0.0180028006434
184.0 81.0 133.0 70.0
obstacle
0.0179793592542
0.0 107.0 27.0 15.0
obstacle
0.0179366711527
386.0 231.0 36.0 23.0
obstacle
0.0179360266775
28.0 280.0 137.0 53.0
obstacle
0.0179120711982
419.0 285.0 48.0 21.0
obstacle
0.0178853850812
423.0 182.0 77.0 73.0
obstacle
0.017846301198
276.0 127.0 102.0 79.0
obstacle
0.0178416445851
147.0 0.0 283.0 80.0
obstacle
0.0178321488202
194.0 102.0 109.0 80.0
obstacle
0.0177031923085
380.0 256.0 44.0 24.0
obstacle
0.0176921933889
419.0 258.0 46.0 20.0
obstacle
0.017689589411
138.0 254.0 302.0 79.0
obstacle
0.0176414884627
422.0 232.0 41.0 20.0
obstacle
0.0176032986492
161.0 135.0 18.0 63.0
obstacle
0.0175717677921
308.0 31.0 109.0 73.0
obstacle
0.0175353046507
345.0 35.0 110.0 64.0
obstacle
0.017451737076
268.0 253.0 232.0 80.0
obstacle
0.017369363457
263.0 160.0 126.0 63.0
obstacle
0.0172627940774
264.0 281.0 50.0 26.0
obstacle
0.0172600075603
387.0 153.0 112.0 78.0
obstacle
0.0172291398048
314.0 128.0 104.0 77.0
obstacle
0.0172038841993
387.0 180.0 34.0 22.0
obstacle
0.0171300396323
337.0 282.0 55.0 23.0
obstacle
0.0170691870153
111.0 0.0 122.0 86.0
obstacle
0.0169504638761
106.0 80.0 131.0 70.0
obstacle
0.0169055778533
212.0 55.0 288.0 74.0
obstacle
0.016806954518
421.0 227.0 79.0 87.0
obstacle
0.0163200125098
0.0 0.0 213.0 80.0
obstacle
0.0161734595895
226.0 282.0 48.0 24.0
obstacle
0.0158409066498
298.0 280.0 134.0 53.0
obstacle
0.0156599599868
235.0 102.0 107.0 78.0
obstacle
0.0156320407987
0.0 155.0 81.0 77.0
obstacle
0.0155526259914
40.0 0.0 110.0 60.0
obstacle
0.0154246967286
162.0 192.0 17.0 49.0
obstacle
0.0150900678709
379.0 284.0 49.0 21.0
obstacle
0.015051452443
342.0 181.0 126.0 71.0
obstacle
0.0150173539296
72.0 257.0 124.0 76.0
obstacle
0.0149681549519
310.0 182.0 33.0 24.0
obstacle
0.0149352112785
124.0 60.0 19.0 58.0
obstacle
0.0148851759732
76.0 0.0 116.0 60.0
obstacle
0.0148663623258
301.0 281.0 52.0 25.0
obstacle
0.0148098729551
3.0 248.0 110.0 85.0
obstacle
0.0147026358172
185.0 282.0 51.0 25.0
obstacle
0.0146867036819
0.0 0.0 70.0 64.0
obstacle
0.0146297058091
276.0 134.0 19.0 64.0
obstacle
0.0146227609366
238.0 193.0 20.0 48.0
obstacle
0.0142521401867
37.0 226.0 121.0 84.0
obstacle
0.0142024001107
304.0 202.0 120.0 82.0
obstacle
0.0141015565023
277.0 167.0 17.0 49.0
obstacle
0.0137848239392
330.0 201.0 170.0 132.0
obstacle
0.0137300584465
436.0 110.0 16.0 58.0
obstacle
0.0137155186385
198.0 110.0 21.0 62.0
obstacle
0.0136791309342
421.0 58.0 79.0 68.0
obstacle
0.0135769564658
3.0 48.0 104.0 82.0
obstacle
0.0135402269661
199.0 9.0 22.0 58.0
obstacle
0.0134671693668
0.0 231.0 188.0 102.0
obstacle
0.0133952917531
318.0 71.0 14.0 39.0
obstacle
0.0130606358871
0.0 229.0 66.0 79.0
obstacle
0.0130535438657
161.0 10.0 23.0 55.0
obstacle
0.0129119623452
235.0 229.0 107.0 79.0
obstacle
0.0127720162272
0.0 133.0 181.0 119.0
obstacle
0.012514562346
162.0 63.0 20.0 53.0
obstacle
0.0123975696042
125.0 189.0 15.0 56.0
obstacle
0.0123134739697
0.0 278.0 76.0 55.0
obstacle
0.0122714247555
198.0 190.0 21.0 53.0
obstacle
0.0122164897621
123.0 168.0 15.0 47.0
obstacle
0.0120896883309
264.0 25.0 119.0 85.0
