obstacle
0.928979575634
159.0 150.0 264.0 99.0
obstacle
0.138439714909
274.0 165.0 167.0 63.0
obstacle
0.127910539508
35.0 161.0 364.0 112.0
obstacle
0.105843268335
273.0 146.0 101.0 64.0
obstacle
0.0964688658714
198.0 189.0 183.0 59.0
obstacle
0.0929503515363
306.0 138.0 38.0 24.0
obstacle
0.0824583023787
244.0 137.0 256.0 119.0
obstacle
0.0730612203479
420.0 182.0 36.0 24.0
obstacle
0.0703918784857
278.0 139.0 35.0 20.0
obstacle
0.0651542618871
385.0 185.0 42.0 18.0
obstacle
0.0643462464213
337.0 169.0 122.0 55.0
obstacle
0.0599530637264
125.0 169.0 187.0 63.0
obstacle
0.059548638761
144.0 178.0 356.0 130.0
obstacle
0.0541121698916
375.0 235.0 52.0 23.0
obstacle
0.0533154942095
30.0 212.0 50.0 26.0
obstacle
0.0530599914491
460.0 2.0 40.0 21.0
obstacle
0.051717966795
416.0 237.0 46.0 19.0
obstacle
0.0511451773345
122.0 184.0 32.0 29.0
obstacle
0.0486455634236
151.0 187.0 46.0 21.0
obstacle
0.0477638095617
269.0 187.0 179.0 64.0
obstacle
0.0466876216233
0.0 214.0 38.0 23.0
obstacle
0.0436983518302
303.0 262.0 47.0 24.0
obstacle
0.0433325059712
73.0 1.0 46.0 23.0
obstacle
0.0397826656699
119.0 262.0 33.0 22.0
obstacle
0.0397089496255
304.0 159.0 44.0 21.0
obstacle
0.039104193449
340.0 0.0 49.0 27.0
obstacle
0.0389347411692
222.0 1.0 55.0 23.0
obstacle
0.0388852246106
379.0 2.0 49.0 25.0
obstacle
0.038534425199
278.0 119.0 91.0 61.0
obstacle
0.0382106825709
36.0 1.0 44.0 23.0
obstacle
0.0380830280483
263.0 0.0 48.0 25.0
obstacle
0.0380480326712
112.0 196.0 125.0 48.0
obstacle
0.0379264391959
185.0 258.0 52.0 25.0
obstacle
0.0377787277102
115.0 161.0 42.0 23.0
obstacle
0.0374560728669
0.0 1.0 38.0 20.0
obstacle
0.0373346433043
300.0 0.0 52.0 25.0
obstacle
0.0373246148229
143.0 215.0 139.0 61.0
obstacle
0.0367580614984
468.0 30.0 32.0 19.0
obstacle
0.0366365425289
110.0 2.0 48.0 22.0
obstacle
0.0361354984343
378.0 28.0 52.0 22.0
obstacle
0.0348722524941
347.0 215.0 106.0 67.0
obstacle
0.0348010323942
235.0 136.0 34.0 20.0
obstacle
0.0343431010842
180.0 242.0 142.0 64.0
obstacle
0.0343339890242
184.0 1.0 55.0 24.0
obstacle
0.0340214557946
299.0 148.0 118.0 58.0
obstacle
0.0335805751383
151.0 1.0 45.0 22.0
obstacle
0.0333042815328
393.0 163.0 89.0 68.0
obstacle
0.0331039912999
36.0 237.0 43.0 21.0
obstacle
0.0325172021985
468.0 109.0 32.0 20.0
obstacle
0.0324388071895
120.0 238.0 28.0 22.0
obstacle
0.0323783867061
417.0 2.0 51.0 23.0
obstacle
0.0322397015989
0.0 237.0 38.0 22.0
obstacle
0.032103497535
339.0 164.0 39.0 18.0
obstacle
0.0320672132075
118.0 210.0 41.0 24.0
obstacle
0.0312286335975
348.0 136.0 34.0 21.0
obstacle
0.0311459247023
252.0 212.0 147.0 70.0
obstacle
0.0309197977185
263.0 260.0 49.0 26.0
obstacle
0.0307896938175
191.0 137.0 39.0 18.0
obstacle
0.0307610929012
341.0 259.0 51.0 25.0
obstacle
0.030603621155
151.0 164.0 44.0 18.0
obstacle
0.0305525641888
468.0 83.0 32.0 20.0
obstacle
0.0299294553697
264.0 241.0 129.0 67.0
obstacle
0.0298079177737
238.0 121.0 104.0 57.0
obstacle
0.0292565301061
92.0 187.0 93.0 73.0
obstacle
0.0290562156588
77.0 160.0 38.0 22.0
obstacle
0.0288017112762
469.0 56.0 31.0 21.0
obstacle
0.0287868883461
275.0 164.0 37.0 18.0
obstacle
0.0283108055592
78.0 29.0 39.0 20.0
obstacle
0.0282089412212
302.0 29.0 48.0 20.0
obstacle
0.0278812609613
72.0 264.0 49.0 17.0
obstacle
0.0277743954211
228.0 28.0 46.0 21.0
obstacle
0.027679566294
185.0 317.0 52.0 24.0
obstacle
0.0276148356497
306.0 289.0 43.0 23.0
obstacle
0.0275115445256
470.0 136.0 30.0 20.0
obstacle
0.0274259969592
177.0 210.0 61.0 22.0
obstacle
0.0272663980722
416.0 29.0 50.0 20.0
obstacle
0.0272141136229
195.0 167.0 33.0 15.0
obstacle
0.0270730182528
0.0 107.0 438.0 140.0
obstacle
0.0269816350192
114.0 28.0 44.0 21.0
obstacle
0.0269668027759
299.0 317.0 53.0 24.0
obstacle
0.0269142445177
153.0 28.0 43.0 21.0
obstacle
0.0266530457884
343.0 185.0 45.0 18.0
obstacle
0.0265767648816
222.0 259.0 55.0 26.0
obstacle
0.0262150131166
339.0 236.0 51.0 22.0
obstacle
0.0261506345123
0.0 187.0 122.0 73.0
obstacle
0.026042887941
344.0 27.0 44.0 21.0
obstacle
0.0260377507657
231.0 169.0 39.0 14.0
obstacle
0.0260099843144
70.0 78.0 52.0 27.0
obstacle
0.025887273252
191.0 28.0 44.0 21.0
obstacle
0.0258438289165
227.0 110.0 45.0 20.0
obstacle
0.0258186906576
187.0 233.0 44.0 26.0
obstacle
0.0255905967206
462.0 321.0 38.0 18.0
obstacle
0.0252574663609
149.0 262.0 48.0 21.0
obstacle
0.024881593883
1.0 29.0 32.0 19.0
obstacle
0.0248397048563
265.0 111.0 44.0 21.0
obstacle
0.0247824285179
468.0 265.0 32.0 21.0
obstacle
0.0245604403317
263.0 29.0 52.0 20.0
obstacle
0.024445142597
113.0 287.0 46.0 22.0
obstacle
0.0244262572378
112.0 134.0 44.0 22.0
obstacle
0.0243533868343
320.0 143.0 11.0 54.0
obstacle
0.0236520078033
418.0 0.0 82.0 53.0
obstacle
0.0236007925123
188.0 83.0 277.0 130.0
obstacle
0.0232713595033
465.0 292.0 35.0 21.0
obstacle
0.0232622884214
58.0 211.0 385.0 128.0
obstacle
0.0232602283359
263.0 318.0 49.0 23.0
obstacle
0.0230156295002
72.0 132.0 49.0 23.0
obstacle
0.0228386893868
376.0 259.0 47.0 26.0
obstacle
0.0225023590028
146.0 208.0 50.0 25.0
obstacle
0.0218422263861
305.0 108.0 43.0 25.0
obstacle
0.0216940008104
34.0 261.0 49.0 24.0
obstacle
0.021658597514
316.0 115.0 16.0 59.0
obstacle
0.0214802119881
75.0 239.0 41.0 20.0
obstacle
0.0214297827333
150.0 81.0 46.0 23.0
obstacle
0.021325500682
342.0 80.0 46.0 24.0
obstacle
0.0212300736457
0.0 0.0 259.0 76.0
obstacle
0.021139126271
226.0 80.0 46.0 22.0
obstacle
0.0211116932333
0.0 263.0 36.0 22.0
obstacle
0.0210642330348
304.0 81.0 45.0 22.0
obstacle
0.0209539830685
387.0 134.0 36.0 21.0
obstacle
0.020739024505
78.0 212.0 41.0 22.0
obstacle
0.0206888243556
81.0 185.0 34.0 21.0
obstacle
0.0206613820046
36.0 28.0 45.0 20.0
obstacle
0.0205822736025
38.0 46.0 117.0 92.0
obstacle
0.0205245725811
30.0 319.0 52.0 22.0
obstacle
0.0205146670341
230.0 56.0 40.0 18.0
obstacle
0.020510930568
381.0 212.0 117.0 76.0
obstacle
0.0204867273569
74.0 291.0 46.0 19.0
obstacle
0.0204455666244
340.0 0.0 126.0 83.0
obstacle
0.0203299093992
35.0 182.0 43.0 28.0
obstacle
0.020261131227
68.0 319.0 54.0 22.0
obstacle
0.0202074926347
0.0 161.0 235.0 126.0
obstacle
0.0202015005052
267.0 289.0 43.0 23.0
obstacle
0.0200749095529
0.0 208.0 115.0 81.0
obstacle
0.0200712494552
149.0 0.0 122.0 53.0
obstacle
0.0200090371072
421.0 289.0 42.0 23.0
obstacle
0.0199832431972
224.0 319.0 47.0 22.0
obstacle
0.0199385546148
207.0 0.0 293.0 75.0
obstacle
0.0198779031634
293.0 206.0 56.0 26.0
obstacle
0.0198726411909
188.0 288.0 50.0 21.0
obstacle
0.019852489233
0.0 185.0 36.0 22.0
obstacle
0.0197947416455
0.0 320.0 37.0 21.0
obstacle
0.019691651687
34.0 0.0 122.0 54.0
obstacle
0.0196069460362
146.0 286.0 129.0 55.0
obstacle
0.0195996910334
470.0 187.0 27.0 17.0
obstacle
0.0195975843817
0.0 108.0 34.0 19.0
obstacle
0.0195575226098
465.0 239.0 35.0 20.0
obstacle
0.0195540189743
192.0 110.0 41.0 18.0
obstacle
0.019523723051
338.0 318.0 53.0 23.0
obstacle
0.0195058770478
83.0 0.0 333.0 104.0
obstacle
0.0194199234247
0.0 81.0 34.0 21.0
obstacle
0.0193217489868
148.0 257.0 281.0 84.0
obstacle
0.0193039774895
74.0 55.0 42.0 20.0
obstacle
0.0192829184234
425.0 131.0 36.0 28.0
obstacle
0.0192423742265
415.0 320.0 53.0 20.0
obstacle
0.0192108154297
265.0 81.0 45.0 23.0
obstacle
0.0191454850137
304.0 0.0 121.0 54.0
obstacle
0.0190539676696
345.0 287.0 43.0 26.0
obstacle
0.0190359614789
187.0 149.0 136.0 58.0
obstacle
0.0189725570381
38.0 53.0 36.0 22.0
obstacle
0.0189637579024
386.0 166.0 38.0 18.0
obstacle
0.0188608691096
32.0 79.0 48.0 25.0
obstacle
0.0188590791076
347.0 106.0 42.0 25.0
obstacle
0.0188414026052
105.0 318.0 57.0 23.0
obstacle
0.0186959374696
423.0 53.0 38.0 23.0
obstacle
0.0186917278916
118.0 212.0 112.0 71.0
obstacle
0.018638882786
344.0 237.0 115.0 72.0
obstacle
0.0186318885535
114.0 236.0 119.0 77.0
obstacle
0.0185786020011
385.0 56.0 38.0 19.0
obstacle
0.0185765661299
192.0 55.0 39.0 20.0
obstacle
0.0185659471899
422.0 81.0 42.0 24.0
obstacle
0.0183441434056
108.0 109.0 53.0 21.0
obstacle
0.0182836353779
0.0 201.0 206.0 140.0
obstacle
0.0182459354401
144.0 318.0 57.0 23.0
obstacle
0.0182393919677
0.0 134.0 33.0 19.0
obstacle
0.0181465484202
154.0 237.0 37.0 21.0
obstacle
0.0181364249438
224.0 0.0 127.0 53.0
obstacle
0.0180923826993
381.0 79.0 45.0 25.0
obstacle
0.0179610624909
0.0 42.0 117.0 99.0
obstacle
0.0178909376264
110.0 79.0 48.0 25.0
obstacle
0.0177984535694
149.0 107.0 49.0 22.0
obstacle
0.01771148853
217.0 212.0 59.0 20.0
obstacle
0.0177058689296
321.0 110.0 79.0 74.0
obstacle
0.0176435988396
74.0 2.0 119.0 76.0
obstacle
0.0175854191184
1.0 57.0 29.0 17.0
obstacle
0.0175583772361
74.0 78.0 117.0 81.0
obstacle
0.0175558142364
382.0 106.0 44.0 24.0
obstacle
0.017519582063
45.0 260.0 256.0 81.0
obstacle
0.0174902882427
0.0 291.0 33.0 20.0
obstacle
0.0174560397863
152.0 55.0 40.0 20.0
obstacle
0.017353285104
113.0 56.0 41.0 21.0
obstacle
0.0173358544707
189.0 81.0 45.0 21.0
obstacle
0.0172856543213
72.0 106.0 50.0 24.0
obstacle
0.0172804445028
264.0 233.0 49.0 26.0
obstacle
0.017242603004
423.0 107.0 41.0 24.0
obstacle
0.0172421000898
0.0 151.0 122.0 90.0
obstacle
0.0171937197447
110.0 0.0 124.0 83.0
obstacle
0.0171805359423
259.0 285.0 135.0 56.0
obstacle
0.0171798169613
33.0 107.0 49.0 23.0
obstacle
0.0171529781073
183.0 0.0 131.0 84.0
obstacle
0.017141379416
152.0 135.0 41.0 21.0
obstacle
0.0170984193683
278.0 112.0 16.0 63.0
obstacle
0.0170626826584
107.0 53.0 130.0 79.0
obstacle
0.0170519407839
423.0 212.0 41.0 19.0
obstacle
0.0169711448252
36.0 291.0 42.0 20.0
obstacle
0.016940234229
150.0 288.0 50.0 23.0
obstacle
0.0168589130044
379.0 318.0 47.0 23.0
obstacle
0.0167709626257
263.0 210.0 49.0 23.0
obstacle
0.0167625918984
194.0 79.0 112.0 81.0
obstacle
0.0166660584509
0.0 160.0 35.0 21.0
obstacle
0.0166615750641
231.0 55.0 114.0 74.0
obstacle
0.0165622122586
266.0 55.0 43.0 20.0
obstacle
0.0164944157004
34.0 159.0 45.0 26.0
obstacle
0.0164931770414
468.0 214.0 31.0 18.0
obstacle
0.0164137538522
0.0 284.0 126.0 57.0
obstacle
0.0164104551077
384.0 288.0 40.0 23.0
obstacle
0.0162942633033
279.0 147.0 14.0 45.0
obstacle
0.0162901673466
378.0 215.0 44.0 17.0
obstacle
0.016219753772
71.0 287.0 125.0 54.0
obstacle
0.0161108504981
345.0 141.0 112.0 68.0
obstacle
0.0161069110036
416.0 262.0 50.0 25.0
obstacle
0.0160617567599
32.0 133.0 48.0 22.0
obstacle
0.016037395224
316.0 179.0 184.0 140.0
obstacle
0.0159996692091
113.0 73.0 117.0 91.0
obstacle
0.0157458521426
184.0 186.0 50.0 18.0
obstacle
0.0157221760601
123.0 169.0 19.0 56.0
obstacle
0.0155841261148
303.0 262.0 123.0 76.0
obstacle
0.0154855167493
195.0 110.0 110.0 72.0
obstacle
0.015341588296
33.0 214.0 125.0 70.0
obstacle
0.0152380680665
306.0 52.0 118.0 81.0
obstacle
0.0152254216373
343.0 55.0 42.0 20.0
obstacle
0.015180632472
305.0 56.0 41.0 18.0
obstacle
0.0151754766703
49.0 126.0 92.0 91.0
obstacle
0.0149914612994
270.0 54.0 113.0 76.0
obstacle
0.0149651449174
39.0 100.0 112.0 89.0
obstacle
0.0149611597881
22.0 189.0 308.0 117.0
obstacle
0.0148521512747
423.0 163.0 37.0 23.0
obstacle
0.0147456396371
371.0 284.0 129.0 57.0
obstacle
0.0146035011858
240.0 86.0 96.0 70.0
obstacle
0.0144247300923
316.0 173.0 19.0 45.0
obstacle
0.0144238853827
36.0 239.0 121.0 73.0
obstacle
0.0143055031076
0.0 27.0 232.0 130.0
obstacle
0.0143039897084
220.0 236.0 54.0 20.0
obstacle
0.0142337214202
229.0 287.0 45.0 23.0
obstacle
0.0141656510532
262.0 254.0 238.0 87.0
obstacle
0.0139333494008
0.0 108.0 207.0 124.0
obstacle
0.0137553019449
84.0 237.0 104.0 74.0
obstacle
0.0136571573094
0.0 98.0 116.0 93.0
obstacle
0.0135401701555
0.0 74.0 67.0 90.0
obstacle
0.0135079594329
301.0 235.0 46.0 23.0
obstacle
0.0135004725307
185.0 51.0 127.0 83.0
obstacle
0.0134791843593
25.0 24.0 139.0 85.0
obstacle
0.0134270852432
93.0 216.0 86.0 67.0
obstacle
0.0133451614529
350.0 81.0 105.0 77.0
obstacle
0.0132029950619
106.0 43.0 289.0 153.0
obstacle
0.013114253059
0.0 232.0 72.0 86.0
obstacle
0.0130787706003
471.0 162.0 26.0 20.0
obstacle
0.0130510237068
163.0 172.0 14.0 52.0
obstacle
0.0130167976022
154.0 80.0 113.0 79.0
obstacle
0.0129249868914
86.0 62.0 20.0 58.0
obstacle
0.0128429420292
257.0 0.0 136.0 82.0
obstacle
0.0128291174769
394.0 8.0 20.0 61.0
obstacle
0.0128246247768
0.0 0.0 72.0 56.0
obstacle
0.0127465538681
201.0 177.0 15.0 39.0
obstacle
0.0126556418836
333.0 21.0 167.0 142.0
obstacle
0.0125572541729
22.0 0.0 305.0 138.0
obstacle
0.0124889537692
0.0 125.0 63.0 94.0
obstacle
0.0122408596799
387.0 47.0 110.0 90.0
obstacle
0.0122365653515
125.0 193.0 17.0 59.0
obstacle
0.0121639389545
279.0 82.0 93.0 76.0
obstacle
0.012133307755
345.0 260.0 117.0 80.0
obstacle
0.0120902182534
0.0 0.0 115.0 91.0
obstacle
0.0119613846764
200.0 0.0 22.0 45.0
obstacle
0.011948460713
81.0 97.0 102.0 95.0
obstacle
0.0118395732716
166.0 0.0 324.0 137.0
obstacle
0.0117526911199
300.0 184.0 58.0 21.0
obstacle
0.0116984806955
337.0 210.0 47.0 21.0
obstacle
0.0116899646819
428.0 80.0 72.0 79.0
obstacle
0.0116774449125
354.0 0.0 20.0 43.0
obstacle
0.0115689262748
242.0 145.0 12.0 48.0
obstacle
0.0115341031924
240.0 0.0 20.0 43.0
obstacle
0.0115301162004
394.0 217.0 17.0 63.0
obstacle
0.0112262004986
147.0 26.0 127.0 79.0
obstacle
0.0111816637218
356.0 145.0 13.0 51.0
obstacle
0.0111816311255
392.0 0.0 20.0 42.0
obstacle
0.0109506752342
423.0 234.0 77.0 84.0
obstacle
0.0109431976452
472.0 0.0 18.0 42.0
obstacle
0.0108729824424
47.0 0.0 21.0 43.0
obstacle
0.0108327250928
278.0 0.0 20.0 43.0
obstacle
0.0108165210113
202.0 301.0 20.0 40.0
obstacle
0.0108000906184
121.0 101.0 103.0 89.0
obstacle
0.0107969399542
228.0 265.0 121.0 72.0
obstacle
0.0107923597097
200.0 248.0 20.0 54.0
obstacle
0.0106474421918
164.0 143.0 14.0 51.0
obstacle
0.0105308294296
0.0 24.0 67.0 87.0
obstacle
0.0104719372466
186.0 260.0 127.0 81.0
obstacle
0.0104321325198
85.0 0.0 19.0 43.0
obstacle
0.0104228351265
123.0 0.0 21.0 45.0
obstacle
0.0103778699413
330.0 78.0 170.0 134.0
obstacle
0.0103641655296
391.0 174.0 98.0 95.0
obstacle
0.0102714020759
240.0 116.0 17.0 56.0
