obstacle
0.664177894592
222.0 89.0 72.0 20.0
obstacle
0.662786543369
126.0 116.0 318.0 107.0
obstacle
0.587105453014
31.0 80.0 35.0 17.0
obstacle
0.434476435184
226.0 98.0 57.0 18.0
obstacle
0.424766093493
246.0 89.0 60.0 17.0
obstacle
0.37356364727
12.0 139.0 328.0 94.0
obstacle
0.249487966299
200.0 81.0 105.0 32.0
obstacle
0.182848408818
305.0 141.0 110.0 51.0
obstacle
0.169627249241
54.0 160.0 163.0 56.0
obstacle
0.156321674585
202.0 134.0 175.0 70.0
obstacle
0.128967031837
112.0 132.0 36.0 18.0
obstacle
0.128923088312
113.0 157.0 195.0 66.0
obstacle
0.127122506499
259.0 135.0 45.0 18.0
obstacle
0.126775756478
259.0 103.0 45.0 16.0
obstacle
0.122600145638
54.0 174.0 82.0 30.0
obstacle
0.11962146312
231.0 132.0 50.0 19.0
obstacle
0.115477964282
71.0 83.0 41.0 17.0
obstacle
0.10924782604
194.0 91.0 114.0 40.0
obstacle
0.108681224287
201.0 88.0 32.0 14.0
obstacle
0.103017278016
10.0 81.0 32.0 17.0
obstacle
0.092025026679
70.0 132.0 51.0 18.0
obstacle
0.0917262136936
338.0 152.0 58.0 23.0
obstacle
0.0786942467093
69.0 157.0 59.0 24.0
obstacle
0.0779386311769
73.0 138.0 127.0 67.0
obstacle
0.0675160363317
0.0 57.0 38.0 19.0
obstacle
0.0665322467685
205.0 104.0 24.0 11.0
obstacle
0.0659937188029
101.0 176.0 60.0 24.0
obstacle
0.0641110315919
153.0 70.0 131.0 48.0
obstacle
0.0633555650711
114.0 84.0 34.0 15.0
obstacle
0.0593192279339
34.0 131.0 47.0 19.0
obstacle
0.0589918419719
152.0 130.0 42.0 22.0
obstacle
0.0554300062358
39.0 159.0 40.0 19.0
obstacle
0.0543259717524
33.0 67.0 121.0 46.0
obstacle
0.0539203695953
455.0 1.0 45.0 23.0
obstacle
0.0534260421991
32.0 58.0 42.0 22.0
obstacle
0.0526112988591
73.0 105.0 48.0 18.0
obstacle
0.0518078319728
219.0 204.0 52.0 25.0
obstacle
0.0515141300857
51.0 149.0 398.0 128.0
obstacle
0.0511124022305
186.0 3.0 49.0 21.0
obstacle
0.0504837706685
2.0 67.0 107.0 51.0
obstacle
0.0503811724484
39.0 85.0 351.0 120.0
obstacle
0.0493047982454
306.0 84.0 37.0 14.0
obstacle
0.0471379719675
228.0 115.0 116.0 62.0
obstacle
0.0468164272606
147.0 180.0 47.0 20.0
obstacle
0.0462555810809
158.0 86.0 32.0 14.0
obstacle
0.0461714379489
226.0 58.0 49.0 17.0
obstacle
0.0443945378065
251.0 153.0 150.0 72.0
obstacle
0.0443342141807
383.0 153.0 33.0 21.0
obstacle
0.0439830124378
460.0 155.0 40.0 24.0
obstacle
0.0438285954297
233.0 90.0 96.0 47.0
obstacle
0.041360873729
193.0 134.0 40.0 16.0
obstacle
0.0412676148117
35.0 103.0 40.0 16.0
obstacle
0.0406992435455
44.0 115.0 100.0 55.0
obstacle
0.0406249240041
104.0 114.0 140.0 58.0
obstacle
0.0396771319211
144.0 1.0 57.0 24.0
obstacle
0.0388991832733
164.0 107.0 25.0 15.0
obstacle
0.0383787602186
107.0 155.0 53.0 26.0
obstacle
0.0380768179893
37.0 205.0 37.0 23.0
obstacle
0.0377340987325
377.0 231.0 51.0 24.0
obstacle
0.0375849343836
188.0 27.0 47.0 22.0
obstacle
0.0375789925456
458.0 310.0 42.0 21.0
obstacle
0.0373139232397
110.0 54.0 46.0 20.0
obstacle
0.03726599738
149.0 55.0 47.0 19.0
obstacle
0.0371851883829
465.0 181.0 35.0 22.0
obstacle
0.0371508561075
300.0 26.0 54.0 25.0
obstacle
0.0367972329259
342.0 79.0 46.0 21.0
obstacle
0.0366842113435
303.0 156.0 51.0 21.0
obstacle
0.0364449955523
260.0 27.0 57.0 24.0
obstacle
0.0364275798202
188.0 55.0 50.0 18.0
obstacle
0.0363856628537
297.0 204.0 52.0 26.0
obstacle
0.0360063314438
343.0 135.0 43.0 18.0
obstacle
0.035894613713
44.0 179.0 34.0 25.0
obstacle
0.035695232451
118.0 107.0 31.0 16.0
obstacle
0.0356682650745
69.0 27.0 49.0 24.0
obstacle
0.0356062352657
463.0 131.0 37.0 21.0
obstacle
0.034939404577
179.0 184.0 142.0 65.0
obstacle
0.0337869562209
110.0 27.0 48.0 24.0
obstacle
0.0335138253868
338.0 1.0 52.0 23.0
obstacle
0.0334618352354
0.0 129.0 37.0 23.0
obstacle
0.0331446155906
299.0 2.0 54.0 22.0
obstacle
0.0331077575684
0.0 28.0 35.0 21.0
obstacle
0.0324420444667
226.0 155.0 49.0 20.0
obstacle
0.0323610901833
0.0 206.0 43.0 24.0
obstacle
0.0320882238448
261.0 156.0 55.0 19.0
obstacle
0.0320165157318
381.0 255.0 48.0 24.0
obstacle
0.0315132178366
416.0 1.0 53.0 22.0
obstacle
0.0311393570155
339.0 53.0 55.0 24.0
obstacle
0.0308345295489
375.0 53.0 55.0 22.0
obstacle
0.030724318698
465.0 55.0 32.0 18.0
obstacle
0.0306022111326
0.0 155.0 37.0 23.0
obstacle
0.0302944611758
245.0 184.0 163.0 65.0
obstacle
0.0302627664059
86.0 114.0 97.0 58.0
obstacle
0.0301868468523
258.0 203.0 55.0 26.0
obstacle
0.030136577785
266.0 0.0 118.0 80.0
obstacle
0.0301057510078
257.0 110.0 140.0 73.0
obstacle
0.0300397481769
73.0 57.0 39.0 18.0
obstacle
0.02989532426
108.0 2.0 52.0 22.0
obstacle
0.0298180300742
304.0 55.0 47.0 21.0
obstacle
0.0297521781176
13.0 159.0 99.0 65.0
obstacle
0.0294084083289
460.0 206.0 40.0 21.0
obstacle
0.0292631015182
264.0 57.0 51.0 18.0
obstacle
0.0291947647929
222.0 2.0 49.0 22.0
obstacle
0.0291050616652
307.0 132.0 37.0 17.0
obstacle
0.0286924708635
465.0 80.0 35.0 18.0
obstacle
0.0286512859166
459.0 26.0 41.0 23.0
obstacle
0.0285193119198
114.0 204.0 41.0 23.0
obstacle
0.0283307936043
0.0 1.0 38.0 22.0
obstacle
0.0282755866647
62.0 0.0 299.0 109.0
obstacle
0.0282291360199
146.0 27.0 51.0 24.0
obstacle
0.0280990134925
0.0 179.0 40.0 24.0
obstacle
0.0279665738344
0.0 129.0 201.0 128.0
obstacle
0.0275909546763
0.0 233.0 43.0 19.0
obstacle
0.027504272759
377.0 1.0 50.0 23.0
obstacle
0.0274627748877
338.0 26.0 54.0 26.0
obstacle
0.0273080468178
149.0 90.0 136.0 47.0
obstacle
0.0273053981364
34.0 232.0 44.0 21.0
obstacle
0.0271250866354
415.0 26.0 54.0 26.0
obstacle
0.0271062720567
385.0 135.0 31.0 18.0
obstacle
0.0270864628255
332.0 307.0 66.0 26.0
obstacle
0.026885850355
223.0 28.0 52.0 23.0
obstacle
0.0268745683134
458.0 232.0 42.0 23.0
obstacle
0.0268723275512
261.0 1.0 53.0 23.0
obstacle
0.0267458595335
341.0 230.0 52.0 25.0
obstacle
0.0264523755759
178.0 90.0 322.0 109.0
obstacle
0.0263594761491
421.0 81.0 40.0 18.0
obstacle
0.0263365469873
375.0 26.0 55.0 25.0
obstacle
0.0262714140117
104.0 309.0 62.0 24.0
obstacle
0.0262456201017
151.0 202.0 42.0 27.0
obstacle
0.0261101778597
420.0 54.0 43.0 20.0
obstacle
0.0260186605155
128.0 199.0 322.0 134.0
obstacle
0.0258842408657
0.0 283.0 43.0 22.0
obstacle
0.0257166400552
35.0 27.0 43.0 23.0
obstacle
0.025460999459
149.0 0.0 128.0 82.0
obstacle
0.0254539512098
187.0 179.0 45.0 24.0
obstacle
0.0253990143538
0.0 258.0 39.0 21.0
obstacle
0.0253640040755
72.0 1.0 46.0 23.0
obstacle
0.0252710524946
344.0 178.0 42.0 23.0
obstacle
0.0252572167665
350.0 130.0 96.0 74.0
obstacle
0.0251377075911
0.0 309.0 42.0 22.0
obstacle
0.0251292195171
229.0 229.0 44.0 23.0
obstacle
0.0249378792942
385.0 81.0 37.0 19.0
obstacle
0.024667641148
456.0 284.0 44.0 23.0
obstacle
0.0246031042188
0.0 198.0 273.0 135.0
obstacle
0.0245854239911
260.0 65.0 128.0 50.0
obstacle
0.0245324149728
305.0 0.0 117.0 82.0
obstacle
0.0243690889329
422.0 183.0 39.0 18.0
obstacle
0.0241896156222
3.0 107.0 115.0 70.0
obstacle
0.0240454375744
0.0 179.0 85.0 77.0
obstacle
0.0239852592349
146.0 255.0 59.0 24.0
obstacle
0.0239189453423
0.0 33.0 239.0 114.0
obstacle
0.0238156300038
462.0 105.0 38.0 20.0
obstacle
0.0237975101918
300.0 227.0 53.0 26.0
obstacle
0.0237569082528
415.0 122.0 85.0 90.0
obstacle
0.0237066857517
190.0 158.0 47.0 20.0
obstacle
0.0234954804182
263.0 228.0 49.0 24.0
obstacle
0.0234856475145
383.0 104.0 42.0 19.0
obstacle
0.0234766919166
0.0 154.0 75.0 79.0
obstacle
0.0234006531537
138.0 308.0 66.0 25.0
obstacle
0.02324873209
308.0 107.0 40.0 15.0
obstacle
0.0232049673796
343.0 206.0 45.0 19.0
obstacle
0.023041119799
125.0 76.0 250.0 82.0
obstacle
0.0229315590113
461.0 257.0 39.0 24.0
obstacle
0.0228094030172
422.0 0.0 78.0 57.0
obstacle
0.0226937308908
416.0 255.0 50.0 23.0
obstacle
0.0225221235305
384.0 205.0 38.0 20.0
obstacle
0.0224484410137
305.0 277.0 121.0 56.0
obstacle
0.0224001966417
184.0 232.0 56.0 23.0
obstacle
0.022272195667
330.0 99.0 170.0 135.0
obstacle
0.0222383569926
239.0 115.0 17.0 53.0
obstacle
0.022014008835
241.0 141.0 17.0 52.0
obstacle
0.0220014173537
95.0 178.0 158.0 78.0
obstacle
0.0219624713063
0.0 77.0 118.0 72.0
obstacle
0.0219576004893
110.0 230.0 128.0 79.0
obstacle
0.0219065155834
344.0 105.0 42.0 20.0
obstacle
0.0218458771706
146.0 231.0 54.0 23.0
obstacle
0.0218105465174
294.0 307.0 67.0 25.0
obstacle
0.0216738823801
202.0 138.0 18.0 56.0
obstacle
0.0215731076896
386.0 0.0 110.0 83.0
obstacle
0.0215198975056
223.0 309.0 50.0 23.0
obstacle
0.0214393660426
262.0 256.0 55.0 25.0
obstacle
0.0211093649268
343.0 255.0 48.0 24.0
obstacle
0.0210728570819
108.0 26.0 127.0 78.0
obstacle
0.0209841169417
416.0 281.0 84.0 52.0
obstacle
0.0209109578282
182.0 257.0 61.0 22.0
obstacle
0.020896691829
110.0 256.0 52.0 23.0
obstacle
0.0208184868097
151.0 158.0 50.0 20.0
obstacle
0.0208091493696
33.0 0.0 123.0 81.0
obstacle
0.0207451190799
7.0 31.0 94.0 71.0
obstacle
0.0207317639142
134.0 46.0 309.0 94.0
obstacle
0.0206927452236
224.0 178.0 42.0 27.0
obstacle
0.0205677300692
297.0 178.0 53.0 22.0
obstacle
0.0205140728503
110.0 0.0 124.0 58.0
obstacle
0.0204157158732
264.0 178.0 43.0 21.0
obstacle
0.0203268807381
125.0 143.0 14.0 45.0
obstacle
0.0202912762761
1.0 105.0 31.0 15.0
obstacle
0.0202350355685
422.0 155.0 37.0 20.0
obstacle
0.0201789680868
202.0 19.0 298.0 142.0
obstacle
0.0201069060713
27.0 281.0 61.0 25.0
obstacle
0.020044349134
373.0 309.0 60.0 23.0
obstacle
0.0196110662073
27.0 308.0 59.0 24.0
obstacle
0.0194529686123
124.0 118.0 16.0 46.0
obstacle
0.0192302782089
419.0 205.0 46.0 21.0
obstacle
0.0191166438162
420.0 104.0 43.0 20.0
obstacle
0.0189749468118
378.0 56.0 122.0 70.0
obstacle
0.0189613047987
281.0 112.0 14.0 59.0
obstacle
0.0187278371304
187.0 0.0 280.0 111.0
obstacle
0.0186971537769
101.0 281.0 145.0 52.0
obstacle
0.0186437182128
420.0 283.0 46.0 23.0
obstacle
0.0185892507434
341.0 281.0 50.0 26.0
obstacle
0.0185391996056
0.0 252.0 76.0 81.0
obstacle
0.0184911563993
66.0 255.0 61.0 25.0
obstacle
0.0184758137912
0.0 126.0 74.0 82.0
obstacle
0.0184283666313
413.0 310.0 59.0 22.0
obstacle
0.0184050500393
320.0 254.0 180.0 79.0
obstacle
0.0183842107654
228.0 278.0 122.0 55.0
obstacle
0.018326099962
134.0 201.0 158.0 86.0
obstacle
0.0183080472052
163.0 139.0 17.0 53.0
obstacle
0.0182400159538
424.0 132.0 33.0 19.0
obstacle
0.0182228088379
210.0 171.0 290.0 142.0
obstacle
0.0181450508535
259.0 202.0 133.0 79.0
obstacle
0.0181142762303
27.0 223.0 136.0 93.0
obstacle
0.0180724672973
258.0 308.0 59.0 25.0
obstacle
0.0178681071848
28.0 256.0 57.0 24.0
obstacle
0.0178123433143
186.0 29.0 121.0 74.0
obstacle
0.0176179315895
383.0 181.0 117.0 74.0
obstacle
0.0176008176059
226.0 0.0 123.0 55.0
obstacle
0.0175873544067
302.0 282.0 51.0 24.0
obstacle
0.017514070496
193.0 0.0 111.0 58.0
obstacle
0.0174575075507
347.0 229.0 114.0 80.0
obstacle
0.017351532355
277.0 141.0 18.0 53.0
obstacle
0.0172784514725
187.0 204.0 50.0 26.0
obstacle
0.0172124877572
0.0 78.0 173.0 127.0
obstacle
0.0171902216971
301.0 53.0 126.0 75.0
obstacle
0.0171727500856
109.0 282.0 53.0 24.0
obstacle
0.017157908529
301.0 256.0 50.0 25.0
obstacle
0.0171407368034
146.0 281.0 55.0 25.0
obstacle
0.0171065405011
308.0 230.0 114.0 78.0
obstacle
0.016990378499
0.0 0.0 187.0 108.0
obstacle
0.0169731229544
314.0 6.0 24.0 65.0
obstacle
0.0169698782265
228.0 256.0 45.0 23.0
obstacle
0.0169478841126
228.0 226.0 120.0 86.0
obstacle
0.0168854147196
338.0 0.0 130.0 58.0
obstacle
0.0168524347246
79.0 206.0 34.0 19.0
obstacle
0.016710087657
162.0 111.0 19.0 60.0
obstacle
0.0166920349002
86.0 142.0 15.0 48.0
obstacle
0.0166141241789
276.0 6.0 24.0 64.0
obstacle
0.0165510065854
183.0 309.0 57.0 24.0
obstacle
0.0165460966527
320.0 154.0 180.0 127.0
obstacle
0.0164092965424
338.0 27.0 125.0 73.0
obstacle
0.0162846371531
33.0 279.0 128.0 54.0
obstacle
0.0162413362414
40.0 86.0 107.0 55.0
obstacle
0.0162192527205
64.0 308.0 61.0 24.0
obstacle
0.0161700211465
0.0 140.0 131.0 61.0
obstacle
0.0161028746516
238.0 33.0 19.0 61.0
obstacle
0.0160858202726
70.0 59.0 122.0 63.0
obstacle
0.0158977676183
388.0 152.0 108.0 78.0
obstacle
0.0158186573535
242.0 71.0 13.0 38.0
obstacle
0.0157524608076
92.0 258.0 317.0 75.0
obstacle
0.0156105430797
113.0 59.0 119.0 64.0
obstacle
0.0156054385006
74.0 282.0 46.0 24.0
obstacle
0.0155552504584
185.0 283.0 56.0 24.0
obstacle
0.015523571521
199.0 36.0 21.0 54.0
obstacle
0.0154784601182
200.0 8.0 21.0 60.0
obstacle
0.0154707599431
416.0 230.0 50.0 24.0
obstacle
0.0154060320929
114.0 81.0 123.0 69.0
obstacle
0.0153711549938
33.0 1.0 45.0 22.0
obstacle
0.0153245553374
78.0 231.0 38.0 21.0
obstacle
0.0152991600335
0.0 0.0 70.0 84.0
obstacle
0.0152262123302
268.0 281.0 43.0 25.0
obstacle
0.0150946406648
338.0 0.0 162.0 133.0
obstacle
0.01476991456
209.0 235.0 291.0 98.0
obstacle
0.0145723000169
423.0 202.0 77.0 82.0
obstacle
0.014443657361
266.0 254.0 123.0 79.0
obstacle
0.0142716439441
191.0 230.0 117.0 79.0
obstacle
0.0142460362986
357.0 137.0 17.0 59.0
obstacle
0.0141689963639
355.0 292.0 20.0 41.0
obstacle
0.0141252018511
384.0 182.0 36.0 23.0
obstacle
0.0140339219943
420.0 29.0 80.0 71.0
obstacle
0.0139937978238
225.0 282.0 51.0 24.0
obstacle
0.0139812370762
317.0 141.0 18.0 52.0
obstacle
0.0139432959259
80.0 201.0 110.0 84.0
obstacle
0.013856167905
332.0 43.0 168.0 143.0
obstacle
0.0138144725934
0.0 228.0 118.0 80.0
obstacle
0.0137986978516
352.0 5.0 24.0 65.0
obstacle
0.0136494897306
349.0 77.0 106.0 77.0
obstacle
0.013502644375
380.0 283.0 48.0 21.0
obstacle
0.0134732788429
111.0 229.0 47.0 23.0
obstacle
0.0132788838819
201.0 0.0 18.0 43.0
obstacle
0.0132286194712
87.0 108.0 16.0 67.0
obstacle
0.0130084697157
30.0 30.0 124.0 73.0
obstacle
0.0129883233458
238.0 9.0 22.0 58.0
obstacle
0.0128668705001
388.0 74.0 107.0 84.0
obstacle
0.0128418467939
388.0 227.0 106.0 86.0
obstacle
0.0127492621541
155.0 251.0 111.0 82.0
obstacle
0.0126103498042
313.0 76.0 102.0 78.0
obstacle
0.0124831655994
472.0 0.0 18.0 42.0
obstacle
0.0123562030494
122.0 165.0 20.0 50.0
obstacle
0.0123547678813
271.0 30.0 107.0 69.0
obstacle
0.0122170336545
199.0 111.0 20.0 58.0
obstacle
0.0121582029387
394.0 0.0 19.0 41.0
