obstacle
0.755497097969
161.0 142.0 34.0 31.0
obstacle
0.502992808819
340.0 112.0 44.0 14.0
obstacle
0.393279373646
147.0 141.0 54.0 41.0
obstacle
0.304592430592
167.0 136.0 19.0 25.0
obstacle
0.280722677708
307.0 111.0 52.0 15.0
obstacle
0.205431103706
266.0 101.0 123.0 36.0
obstacle
0.172982960939
159.0 166.0 37.0 23.0
obstacle
0.136177197099
186.0 146.0 36.0 29.0
obstacle
0.133083164692
134.0 124.0 74.0 44.0
obstacle
0.121047802269
274.0 250.0 179.0 31.0
obstacle
0.116673924029
273.0 110.0 37.0 16.0
obstacle
0.104915581644
128.0 148.0 26.0 20.0
obstacle
0.0962492525578
381.0 114.0 35.0 14.0
obstacle
0.0914328619838
260.0 265.0 130.0 16.0
obstacle
0.0875150859356
163.0 130.0 80.0 66.0
obstacle
0.0842975452542
120.0 170.0 36.0 21.0
obstacle
0.0791283398867
197.0 134.0 22.0 17.0
obstacle
0.0766041204333
0.0 108.0 43.0 21.0
obstacle
0.0748992487788
190.0 171.0 39.0 23.0
obstacle
0.0727463141084
99.0 127.0 221.0 72.0
obstacle
0.071358397603
72.0 151.0 276.0 67.0
obstacle
0.0681219100952
82.0 150.0 31.0 18.0
obstacle
0.0674174800515
221.0 99.0 139.0 42.0
obstacle
0.0659161433578
139.0 147.0 73.0 64.0
obstacle
0.0653916299343
120.0 110.0 36.0 17.0
obstacle
0.0631287023425
239.0 133.0 23.0 15.0
obstacle
0.0629051551223
81.0 133.0 28.0 13.0
obstacle
0.0625213682652
161.0 114.0 24.0 15.0
obstacle
0.0623931884766
111.0 193.0 51.0 21.0
obstacle
0.0622581131756
186.0 224.0 280.0 57.0
obstacle
0.0603434257209
210.0 249.0 165.0 32.0
obstacle
0.05982273072
0.0 66.0 29.0 19.0
obstacle
0.0597708337009
200.0 113.0 26.0 15.0
obstacle
0.0588114075363
71.0 109.0 46.0 17.0
obstacle
0.058236181736
237.0 112.0 29.0 14.0
obstacle
0.0581144168973
158.0 191.0 39.0 23.0
obstacle
0.0553414821625
343.0 130.0 43.0 16.0
obstacle
0.0538972318172
129.0 134.0 23.0 15.0
obstacle
0.0535205565393
134.0 100.0 75.0 45.0
obstacle
0.0534750632942
274.0 200.0 103.0 58.0
obstacle
0.0527516715229
418.0 112.0 51.0 18.0
obstacle
0.0523590184748
367.0 262.0 70.0 18.0
obstacle
0.0517322830856
317.0 199.0 93.0 60.0
obstacle
0.0505741871893
259.0 69.0 58.0 16.0
obstacle
0.0500309467316
464.0 113.0 36.0 15.0
obstacle
0.0491832718253
233.0 151.0 32.0 20.0
obstacle
0.0477707013488
117.0 73.0 345.0 94.0
obstacle
0.0469817779958
349.0 221.0 38.0 16.0
obstacle
0.0465071462095
306.0 132.0 44.0 15.0
obstacle
0.0461189858615
35.0 110.0 46.0 18.0
obstacle
0.0450128056109
90.0 95.0 91.0 49.0
obstacle
0.0449953749776
79.0 171.0 37.0 18.0
obstacle
0.0448728315532
341.0 93.0 50.0 15.0
obstacle
0.0448450222611
193.0 92.0 35.0 17.0
obstacle
0.0445531308651
105.0 131.0 70.0 60.0
obstacle
0.0429670996964
307.0 222.0 45.0 17.0
obstacle
0.0424648076296
161.0 149.0 95.0 67.0
obstacle
0.0408610589802
228.0 172.0 43.0 22.0
obstacle
0.0404543429613
358.0 196.0 89.0 66.0
obstacle
0.0403316169977
118.0 100.0 269.0 82.0
obstacle
0.0399304740131
168.0 98.0 85.0 46.0
obstacle
0.0397844836116
263.0 174.0 49.0 20.0
obstacle
0.0392989218235
0.0 84.0 75.0 70.0
obstacle
0.0390468090773
458.0 263.0 42.0 16.0
obstacle
0.0390122421086
349.0 99.0 105.0 41.0
obstacle
0.0387534126639
268.0 221.0 45.0 18.0
obstacle
0.0385652296245
239.0 200.0 96.0 58.0
obstacle
0.0385163240135
199.0 99.0 102.0 43.0
obstacle
0.0383902899921
340.0 149.0 51.0 24.0
obstacle
0.0380411595106
203.0 154.0 88.0 59.0
obstacle
0.0378108248115
468.0 133.0 32.0 15.0
obstacle
0.0376664698124
0.0 2.0 40.0 18.0
obstacle
0.0375310108066
34.0 20.0 48.0 20.0
obstacle
0.0371135286987
319.0 243.0 21.0 38.0
obstacle
0.0371133349836
185.0 216.0 53.0 21.0
obstacle
0.0367405377328
386.0 221.0 41.0 15.0
obstacle
0.0362880602479
265.0 152.0 45.0 19.0
obstacle
0.036285340786
0.0 89.0 40.0 16.0
obstacle
0.0362717956305
458.0 2.0 42.0 17.0
obstacle
0.0361432954669
0.0 21.0 38.0 20.0
obstacle
0.03610984236
409.0 261.0 64.0 20.0
obstacle
0.0358933322132
92.0 146.0 91.0 70.0
obstacle
0.0358388833702
392.0 217.0 20.0 60.0
obstacle
0.0358011834323
163.0 138.0 20.0 46.0
obstacle
0.0357618257403
186.0 193.0 49.0 23.0
obstacle
0.0356700532138
467.0 175.0 33.0 19.0
obstacle
0.035325139761
242.0 264.0 99.0 16.0
obstacle
0.035288862884
467.0 155.0 33.0 16.0
obstacle
0.0352497957647
72.0 67.0 47.0 16.0
obstacle
0.0351763814688
462.0 89.0 38.0 18.0
obstacle
0.0350740402937
272.0 130.0 33.0 17.0
obstacle
0.0348649956286
45.0 95.0 100.0 47.0
obstacle
0.0347750857472
186.0 67.0 54.0 18.0
obstacle
0.0345502272248
110.0 21.0 49.0 23.0
obstacle
0.0341525897384
106.0 200.0 291.0 81.0
obstacle
0.0341228060424
231.0 69.0 42.0 16.0
obstacle
0.0340696945786
179.0 260.0 63.0 21.0
obstacle
0.0336910970509
301.0 68.0 52.0 18.0
obstacle
0.0332230776548
377.0 89.0 123.0 59.0
obstacle
0.0332166999578
114.0 93.0 44.0 17.0
obstacle
0.0330158732831
376.0 152.0 51.0 21.0
obstacle
0.0326513685286
309.0 149.0 112.0 70.0
obstacle
0.0323176719248
357.0 247.0 20.0 34.0
obstacle
0.0322877280414
304.0 244.0 48.0 14.0
obstacle
0.0321628265083
466.0 46.0 34.0 17.0
obstacle
0.0320989862084
292.0 199.0 208.0 82.0
obstacle
0.0319945402443
465.0 196.0 35.0 20.0
obstacle
0.0319837778807
262.0 196.0 53.0 21.0
obstacle
0.0319002568722
74.0 21.0 47.0 21.0
obstacle
0.0310720689595
354.0 222.0 19.0 53.0
obstacle
0.0310051552951
1.0 73.0 265.0 93.0
obstacle
0.031003864482
0.0 45.0 31.0 17.0
obstacle
0.0308057330549
380.0 91.0 49.0 15.0
obstacle
0.0305897463113
266.0 150.0 118.0 69.0
obstacle
0.0303437709808
305.0 93.0 47.0 13.0
obstacle
0.0303395576775
269.0 243.0 40.0 14.0
obstacle
0.0303226020187
124.0 173.0 98.0 61.0
obstacle
0.03025537543
75.0 172.0 123.0 63.0
obstacle
0.030102469027
465.0 24.0 35.0 18.0
obstacle
0.0300283748657
422.0 219.0 44.0 17.0
obstacle
0.0298315044492
384.0 132.0 37.0 14.0
obstacle
0.0295763500035
422.0 131.0 41.0 17.0
obstacle
0.0295432303101
0.0 0.0 114.0 68.0
obstacle
0.029328757897
383.0 197.0 44.0 20.0
obstacle
0.0293094012886
196.0 13.0 107.0 82.0
obstacle
0.0292060151696
345.0 170.0 114.0 72.0
obstacle
0.0291949231178
228.0 217.0 44.0 21.0
obstacle
0.0291445851326
150.0 69.0 47.0 16.0
obstacle
0.0291290972382
108.0 216.0 52.0 22.0
obstacle
0.0290445052087
300.0 150.0 51.0 23.0
obstacle
0.0289319567382
466.0 67.0 34.0 17.0
obstacle
0.0288374386728
171.0 240.0 161.0 41.0
obstacle
0.0287128873169
224.0 1.0 50.0 19.0
obstacle
0.0285379886627
381.0 241.0 49.0 17.0
obstacle
0.0283408034593
143.0 262.0 58.0 19.0
obstacle
0.0283307805657
232.0 91.0 38.0 16.0
obstacle
0.0283238217235
40.0 131.0 33.0 16.0
obstacle
0.0282872691751
283.0 65.0 217.0 107.0
obstacle
0.0281111672521
341.0 22.0 53.0 20.0
obstacle
0.0280061531812
148.0 22.0 52.0 22.0
obstacle
0.0279104374349
186.0 1.0 50.0 20.0
obstacle
0.0278846733272
0.0 239.0 39.0 17.0
obstacle
0.0278414934874
341.0 173.0 51.0 23.0
obstacle
0.0278038326651
226.0 67.0 124.0 64.0
obstacle
0.027756344527
149.0 44.0 51.0 19.0
obstacle
0.0274595171213
75.0 92.0 43.0 15.0
obstacle
0.0274343769997
306.0 222.0 115.0 59.0
obstacle
0.0273799616843
265.0 21.0 50.0 22.0
obstacle
0.0273520089686
263.0 1.0 49.0 19.0
obstacle
0.0272891651839
1.0 132.0 32.0 14.0
obstacle
0.0272025708109
154.0 95.0 33.0 14.0
obstacle
0.0271680112928
110.0 69.0 48.0 16.0
obstacle
0.0271378196776
0.0 157.0 281.0 95.0
obstacle
0.0270985141397
226.0 21.0 51.0 22.0
obstacle
0.0270079169422
186.0 21.0 55.0 23.0
obstacle
0.0268524810672
341.0 1.0 48.0 19.0
obstacle
0.0267940945923
45.0 0.0 333.0 87.0
obstacle
0.0267720352858
380.0 174.0 49.0 19.0
obstacle
0.0266574639827
341.0 68.0 52.0 17.0
obstacle
0.02651007846
344.0 245.0 46.0 13.0
obstacle
0.0263814367354
304.0 1.0 46.0 19.0
obstacle
0.0262968447059
398.0 188.0 85.0 81.0
obstacle
0.0262858178467
144.0 16.0 290.0 121.0
obstacle
0.0261458531022
465.0 217.0 35.0 22.0
obstacle
0.026037286967
187.0 239.0 49.0 19.0
obstacle
0.0258449818939
423.0 241.0 38.0 18.0
obstacle
0.0258389860392
225.0 44.0 127.0 66.0
obstacle
0.0257809646428
299.0 68.0 127.0 62.0
obstacle
0.0257349628955
11.0 147.0 95.0 70.0
obstacle
0.0256525408477
239.0 217.0 105.0 64.0
obstacle
0.0255623608828
112.0 44.0 48.0 19.0
obstacle
0.0254847444594
211.0 263.0 78.0 17.0
obstacle
0.0254816245288
146.0 1.0 53.0 20.0
obstacle
0.0254737790674
303.0 22.0 52.0 21.0
obstacle
0.0254580006003
237.0 171.0 99.0 71.0
obstacle
0.025449924171
224.0 43.0 55.0 22.0
obstacle
0.0253220219165
299.0 173.0 55.0 23.0
obstacle
0.025205316022
73.0 44.0 47.0 19.0
obstacle
0.0251713898033
0.0 19.0 65.0 71.0
obstacle
0.02516226843
226.0 196.0 45.0 21.0
obstacle
0.0251411907375
44.0 43.0 102.0 66.0
obstacle
0.0251095797867
3.0 62.0 104.0 71.0
obstacle
0.0250469204038
0.0 25.0 237.0 103.0
obstacle
0.0250070244074
0.0 263.0 41.0 17.0
obstacle
0.0250026211143
271.0 171.0 108.0 70.0
obstacle
0.024720646441
301.0 44.0 125.0 65.0
obstacle
0.0245676655322
161.0 0.0 331.0 71.0
obstacle
0.0245475396514
465.0 241.0 35.0 19.0
obstacle
0.0242355540395
116.0 21.0 114.0 66.0
obstacle
0.0240610111505
36.0 150.0 37.0 20.0
obstacle
0.023881521076
379.0 2.0 48.0 17.0
obstacle
0.0237025860697
0.0 194.0 38.0 19.0
obstacle
0.0236942078918
374.0 236.0 126.0 45.0
obstacle
0.0236734040082
229.0 149.0 116.0 69.0
obstacle
0.0236368589103
377.0 22.0 56.0 20.0
obstacle
0.0234415847808
9.0 95.0 18.0 48.0
obstacle
0.0234080553055
236.0 14.0 106.0 81.0
obstacle
0.0233047604561
1.0 151.0 33.0 17.0
obstacle
0.0232797414064
153.0 214.0 44.0 22.0
obstacle
0.0232033375651
258.0 73.0 134.0 54.0
obstacle
0.023199364543
38.0 171.0 37.0 22.0
obstacle
0.023135419935
71.0 70.0 126.0 61.0
obstacle
0.0229543223977
415.0 3.0 53.0 16.0
obstacle
0.0229466352612
109.0 237.0 128.0 44.0
obstacle
0.0228820294142
46.0 0.0 102.0 74.0
obstacle
0.022876791656
420.0 175.0 45.0 20.0
obstacle
0.0228526014835
104.0 238.0 61.0 21.0
obstacle
0.0228451732546
155.0 16.0 111.0 76.0
obstacle
0.0228319708258
35.0 91.0 44.0 16.0
obstacle
0.0227896459401
299.0 133.0 133.0 60.0
obstacle
0.0225648228079
154.0 215.0 114.0 66.0
obstacle
0.0224372074008
343.0 197.0 49.0 19.0
obstacle
0.0224053841084
185.0 44.0 55.0 20.0
obstacle
0.0223751533777
0.0 109.0 242.0 106.0
obstacle
0.0223296843469
418.0 90.0 50.0 18.0
obstacle
0.0222694706172
156.0 70.0 108.0 61.0
obstacle
0.0221669729799
42.0 192.0 108.0 70.0
obstacle
0.0221516229212
267.0 92.0 46.0 14.0
obstacle
0.0221397653222
419.0 0.0 81.0 44.0
obstacle
0.0221208352596
278.0 225.0 102.0 52.0
obstacle
0.0221140962094
61.0 49.0 303.0 99.0
obstacle
0.0218618419021
110.0 74.0 123.0 55.0
obstacle
0.0218371655792
386.0 164.0 108.0 82.0
obstacle
0.0218129437417
202.0 173.0 94.0 66.0
obstacle
0.0217668395489
0.0 217.0 38.0 20.0
obstacle
0.0217282157391
0.0 0.0 203.0 84.0
obstacle
0.0216068513691
48.0 93.0 21.0 52.0
obstacle
0.0215997714549
77.0 195.0 39.0 18.0
obstacle
0.0215180125087
89.0 156.0 323.0 98.0
obstacle
0.0213953200728
46.0 147.0 103.0 70.0
obstacle
0.0213885493577
301.0 197.0 52.0 19.0
obstacle
0.02134350501
223.0 134.0 128.0 58.0
obstacle
0.0212842617184
228.0 239.0 46.0 18.0
obstacle
0.0212563034147
299.0 43.0 54.0 23.0
obstacle
0.0211370661855
385.0 63.0 111.0 71.0
obstacle
0.0210943613201
267.0 19.0 117.0 73.0
obstacle
0.0209243781865
196.0 138.0 103.0 51.0
obstacle
0.0207787267864
108.0 1.0 52.0 20.0
obstacle
0.0207531526685
207.0 197.0 87.0 63.0
obstacle
0.0207233428955
219.0 109.0 142.0 61.0
obstacle
0.0207040477544
214.0 113.0 286.0 98.0
obstacle
0.020636703819
315.0 223.0 18.0 49.0
obstacle
0.0205607041717
419.0 153.0 43.0 19.0
obstacle
0.0205014273524
379.0 69.0 51.0 15.0
obstacle
0.0204716436565
418.0 197.0 49.0 20.0
obstacle
0.0203731562942
24.0 217.0 301.0 64.0
obstacle
0.0203374661505
200.0 142.0 18.0 38.0
obstacle
0.0203356426209
72.0 216.0 48.0 21.0
obstacle
0.0202284492552
314.0 202.0 23.0 51.0
obstacle
0.0201583579183
0.0 107.0 120.0 68.0
obstacle
0.0200805142522
37.0 67.0 44.0 15.0
obstacle
0.019991774112
124.0 191.0 100.0 70.0
obstacle
0.0198928713799
148.0 237.0 54.0 23.0
obstacle
0.019847702235
72.0 2.0 48.0 18.0
obstacle
0.0198407508433
164.0 174.0 94.0 60.0
obstacle
0.0198094584048
185.0 116.0 127.0 52.0
obstacle
0.019757932052
30.0 2.0 51.0 18.0
obstacle
0.0196343827993
323.0 0.0 177.0 71.0
obstacle
0.0195548683405
262.0 44.0 54.0 21.0
obstacle
0.0194707605988
352.0 203.0 23.0 50.0
obstacle
0.0194498486817
391.0 196.0 23.0 61.0
obstacle
0.0194382574409
0.0 173.0 37.0 18.0
obstacle
0.0193927381188
102.0 261.0 65.0 20.0
obstacle
0.0193343795836
199.0 69.0 100.0 61.0
obstacle
0.0192891322076
35.0 239.0 43.0 18.0
obstacle
0.0192099511623
73.0 213.0 122.0 68.0
obstacle
0.0190889388323
311.0 17.0 105.0 76.0
obstacle
0.0190258920193
161.0 191.0 101.0 71.0
obstacle
0.0189665649086
359.0 99.0 13.0 41.0
obstacle
0.018881637603
242.0 136.0 16.0 52.0
obstacle
0.0188811086118
279.0 71.0 18.0 51.0
obstacle
0.018823871389
39.0 46.0 39.0 15.0
obstacle
0.018820123747
85.0 49.0 22.0 53.0
obstacle
0.0188189763576
396.0 244.0 20.0 37.0
obstacle
0.018751444295
318.0 97.0 18.0 45.0
obstacle
0.018633114174
35.0 194.0 42.0 20.0
obstacle
0.0183612182736
82.0 0.0 105.0 77.0
obstacle
0.0183033831418
9.0 190.0 99.0 73.0
obstacle
0.0182198472321
418.0 24.0 52.0 18.0
obstacle
0.0181561261415
304.0 108.0 120.0 61.0
obstacle
0.0181149840355
203.0 160.0 17.0 46.0
obstacle
0.0178665518761
380.0 39.0 120.0 74.0
obstacle
0.0178395938128
378.0 110.0 122.0 61.0
obstacle
0.0177806541324
416.0 67.0 55.0 20.0
obstacle
0.0176061484963
342.0 44.0 49.0 21.0
obstacle
0.0175652429461
152.0 0.0 117.0 46.0
obstacle
0.0172049514949
226.0 0.0 123.0 46.0
obstacle
0.0170762185007
87.0 90.0 17.0 60.0
obstacle
0.017028812319
6.0 41.0 98.0 67.0
obstacle
0.0167973283678
316.0 73.0 20.0 50.0
obstacle
0.0167466178536
250.0 0.0 250.0 113.0
obstacle
0.0167099852115
0.0 167.0 67.0 75.0
obstacle
0.0166617985815
39.0 67.0 108.0 64.0
obstacle
0.0164924357086
8.0 76.0 18.0 45.0
obstacle
0.0164236612618
302.0 0.0 126.0 47.0
obstacle
0.016333444044
278.0 225.0 18.0 46.0
obstacle
0.0161781571805
378.0 46.0 50.0 18.0
obstacle
0.0160026643425
241.0 156.0 18.0 53.0
obstacle
0.0159792471677
112.0 42.0 119.0 68.0
obstacle
0.0159130170941
434.0 242.0 20.0 39.0
