obstacle
0.795242667198
180.0 142.0 40.0 12.0
obstacle
0.427154421806
183.0 146.0 41.0 16.0
obstacle
0.310973525047
164.0 139.0 44.0 12.0
obstacle
0.15991795063
162.0 148.0 41.0 16.0
obstacle
0.114172138274
224.0 150.0 43.0 16.0
obstacle
0.0972678810358
159.0 139.0 96.0 37.0
obstacle
0.0962203741074
461.0 215.0 39.0 19.0
obstacle
0.0927350744605
224.0 137.0 40.0 11.0
obstacle
0.092173576355
119.0 152.0 33.0 15.0
obstacle
0.0805264636874
182.0 170.0 56.0 20.0
obstacle
0.0695903301239
119.0 136.0 34.0 11.0
obstacle
0.0675994455814
458.0 197.0 42.0 19.0
obstacle
0.0650778636336
458.0 173.0 42.0 20.0
obstacle
0.0646157041192
155.0 133.0 105.0 26.0
obstacle
0.0637648999691
186.0 129.0 112.0 28.0
obstacle
0.0616681426764
193.0 115.0 30.0 15.0
obstacle
0.0587720908225
126.0 127.0 108.0 34.0
obstacle
0.0562133565545
150.0 169.0 47.0 23.0
obstacle
0.0547338984907
188.0 144.0 109.0 32.0
obstacle
0.0505380183458
270.0 135.0 31.0 9.0
obstacle
0.0497299432755
225.0 170.0 47.0 23.0
obstacle
0.048390597105
195.0 93.0 31.0 14.0
obstacle
0.0474350489676
305.0 135.0 40.0 13.0
obstacle
0.045323818922
467.0 111.0 33.0 16.0
obstacle
0.0449845418334
267.0 114.0 40.0 13.0
obstacle
0.0445826724172
270.0 152.0 34.0 14.0
obstacle
0.0441106371582
424.0 172.0 46.0 20.0
obstacle
0.0433318316936
305.0 152.0 40.0 16.0
obstacle
0.0421653389931
455.0 2.0 45.0 18.0
obstacle
0.0404916666448
380.0 132.0 42.0 17.0
obstacle
0.0392595529556
410.0 261.0 67.0 20.0
obstacle
0.0388659015298
421.0 133.0 39.0 17.0
obstacle
0.037812102586
426.0 196.0 74.0 62.0
obstacle
0.0372370257974
417.0 154.0 83.0 60.0
obstacle
0.0370452664793
79.0 134.0 32.0 14.0
obstacle
0.0363085046411
142.0 190.0 58.0 28.0
obstacle
0.0360876172781
305.0 111.0 44.0 18.0
obstacle
0.0357753783464
159.0 117.0 33.0 13.0
obstacle
0.0355691500008
77.0 152.0 36.0 17.0
obstacle
0.0355485938489
342.0 131.0 43.0 18.0
obstacle
0.0352223180234
229.0 193.0 43.0 25.0
obstacle
0.0349992960691
186.0 190.0 49.0 26.0
obstacle
0.0341452434659
219.0 88.0 281.0 105.0
obstacle
0.0336100459099
457.0 261.0 43.0 19.0
obstacle
0.0333684831858
260.0 2.0 55.0 19.0
obstacle
0.033108137548
185.0 24.0 53.0 19.0
obstacle
0.0328960083425
342.0 196.0 48.0 20.0
obstacle
0.0328925736248
422.0 153.0 42.0 21.0
obstacle
0.03244805336
416.0 2.0 54.0 18.0
obstacle
0.0323861092329
128.0 72.0 89.0 54.0
obstacle
0.032269783318
81.0 66.0 109.0 64.0
obstacle
0.0319332666695
379.0 195.0 52.0 22.0
obstacle
0.0318807698786
117.0 113.0 38.0 15.0
obstacle
0.0316508375108
0.0 0.0 41.0 20.0
obstacle
0.0315976291895
467.0 67.0 33.0 17.0
obstacle
0.031591206789
419.0 195.0 52.0 22.0
obstacle
0.0314493849874
186.0 216.0 54.0 21.0
obstacle
0.0313705950975
116.0 172.0 39.0 21.0
obstacle
0.0313126556575
300.0 109.0 132.0 62.0
obstacle
0.0312660709023
270.0 172.0 39.0 20.0
obstacle
0.0310526806861
299.0 2.0 52.0 19.0
obstacle
0.0308538284153
37.0 151.0 36.0 17.0
obstacle
0.0305462908
108.0 22.0 53.0 20.0
obstacle
0.0304786954075
340.0 151.0 46.0 19.0
obstacle
0.030440479517
184.0 3.0 54.0 18.0
obstacle
0.0304107461125
0.0 239.0 37.0 19.0
obstacle
0.0303588863462
145.0 2.0 54.0 19.0
obstacle
0.0302157085389
114.0 120.0 266.0 85.0
obstacle
0.0301888994873
0.0 97.0 293.0 90.0
obstacle
0.0299145951867
0.0 194.0 39.0 20.0
obstacle
0.0298990439624
372.0 260.0 66.0 21.0
obstacle
0.0297324452549
298.0 65.0 59.0 22.0
obstacle
0.0295861344784
202.0 68.0 93.0 61.0
obstacle
0.0291579831392
101.0 260.0 64.0 21.0
obstacle
0.0291151087731
462.0 24.0 38.0 18.0
obstacle
0.0290877334774
464.0 238.0 36.0 20.0
obstacle
0.0289519317448
147.0 23.0 53.0 19.0
obstacle
0.0289144162089
382.0 151.0 40.0 21.0
obstacle
0.0288928933442
82.0 89.0 114.0 62.0
obstacle
0.0288274865597
170.0 70.0 81.0 58.0
obstacle
0.0286215655506
160.0 97.0 99.0 50.0
obstacle
0.0286201760173
333.0 235.0 143.0 46.0
obstacle
0.0283609703183
379.0 110.0 49.0 20.0
obstacle
0.0282314326614
261.0 23.0 56.0 21.0
obstacle
0.0281758829951
223.0 2.0 52.0 19.0
obstacle
0.0280834250152
379.0 216.0 52.0 22.0
obstacle
0.0280124191195
264.0 65.0 50.0 21.0
obstacle
0.0280117951334
264.0 195.0 49.0 21.0
obstacle
0.0279568880796
338.0 1.0 52.0 20.0
obstacle
0.0279110707343
74.0 173.0 42.0 19.0
obstacle
0.0278674289584
145.0 70.0 285.0 100.0
obstacle
0.0278084632009
470.0 134.0 30.0 14.0
obstacle
0.0277358517051
109.0 192.0 52.0 27.0
obstacle
0.027733957395
147.0 216.0 53.0 23.0
obstacle
0.0276379790157
467.0 46.0 33.0 17.0
obstacle
0.0276034101844
107.0 1.0 53.0 21.0
obstacle
0.0274672843516
342.0 111.0 46.0 19.0
obstacle
0.0273519046605
421.0 215.0 48.0 21.0
obstacle
0.0273084323853
265.0 90.0 47.0 18.0
obstacle
0.0272335615009
225.0 215.0 49.0 21.0
obstacle
0.0270040780306
264.0 44.0 50.0 20.0
obstacle
0.0268970169127
113.0 90.0 46.0 18.0
obstacle
0.0268704257905
62.0 261.0 66.0 19.0
obstacle
0.0267991777509
303.0 44.0 49.0 20.0
obstacle
0.0267130471766
467.0 90.0 33.0 16.0
obstacle
0.0265678688884
39.0 133.0 30.0 14.0
obstacle
0.0263065472245
71.0 23.0 53.0 18.0
obstacle
0.0262055564672
378.0 3.0 49.0 16.0
obstacle
0.0260978061706
35.0 108.0 46.0 22.0
obstacle
0.0260236840695
225.0 24.0 51.0 18.0
obstacle
0.0258868578821
227.0 35.0 120.0 81.0
obstacle
0.0257661230862
69.0 1.0 53.0 20.0
obstacle
0.0256496611983
306.0 134.0 119.0 56.0
obstacle
0.0256085135043
340.0 217.0 54.0 20.0
obstacle
0.0255636498332
110.0 215.0 50.0 25.0
obstacle
0.0255377665162
0.0 217.0 40.0 20.0
obstacle
0.0254723913968
337.0 65.0 57.0 22.0
obstacle
0.0252758599818
271.0 90.0 107.0 58.0
obstacle
0.025173490867
345.0 88.0 114.0 63.0
obstacle
0.0251111388206
418.0 110.0 48.0 21.0
obstacle
0.02510744147
259.0 259.0 59.0 21.0
obstacle
0.0250922609121
157.0 92.0 34.0 17.0
obstacle
0.0250411480665
390.0 82.0 100.0 74.0
obstacle
0.02483920753
13.0 0.0 322.0 92.0
obstacle
0.0247550662607
138.0 260.0 69.0 21.0
obstacle
0.0246257353574
0.0 174.0 35.0 18.0
obstacle
0.0246124248952
339.0 88.0 54.0 20.0
obstacle
0.0245379507542
387.0 174.0 111.0 63.0
obstacle
0.0244485847652
0.0 110.0 36.0 19.0
obstacle
0.0243995469064
77.0 111.0 38.0 17.0
obstacle
0.0243564769626
121.0 0.0 333.0 69.0
obstacle
0.0243149343878
74.0 216.0 121.0 65.0
obstacle
0.0243122410029
307.0 173.0 41.0 20.0
obstacle
0.0243079084903
30.0 114.0 137.0 54.0
obstacle
0.0241948943585
69.0 217.0 51.0 20.0
obstacle
0.0241564102471
307.0 88.0 113.0 63.0
obstacle
0.0241340342909
261.0 153.0 239.0 106.0
obstacle
0.0241190716624
129.0 96.0 93.0 51.0
obstacle
0.0240017641336
343.0 174.0 45.0 20.0
obstacle
0.0239914245903
337.0 23.0 57.0 19.0
obstacle
0.0239638350904
109.0 171.0 129.0 66.0
obstacle
0.0238681957126
0.0 261.0 41.0 18.0
obstacle
0.0237741731107
412.0 0.0 88.0 45.0
obstacle
0.0236920323223
191.0 68.0 40.0 17.0
obstacle
0.023689225316
385.0 174.0 42.0 19.0
obstacle
0.0236887186766
466.0 154.0 34.0 17.0
obstacle
0.0236644279212
111.0 238.0 47.0 21.0
obstacle
0.0234815217555
299.0 23.0 57.0 20.0
obstacle
0.0234708357602
301.0 195.0 53.0 22.0
obstacle
0.0234581753612
305.0 175.0 120.0 61.0
obstacle
0.0234579648823
121.0 41.0 102.0 70.0
obstacle
0.0234528277069
67.0 0.0 134.0 70.0
obstacle
0.0233966559172
37.0 89.0 121.0 61.0
obstacle
0.0233909841627
418.0 237.0 48.0 20.0
obstacle
0.0233597829938
239.0 93.0 94.0 53.0
obstacle
0.0232177414
339.0 44.0 54.0 20.0
obstacle
0.023185197264
343.0 173.0 124.0 66.0
obstacle
0.0231308955699
189.0 46.0 46.0 17.0
obstacle
0.023077474907
114.0 193.0 118.0 67.0
obstacle
0.0228956509382
30.0 1.0 51.0 20.0
obstacle
0.0228108409792
32.0 86.0 51.0 23.0
obstacle
0.0226492285728
218.0 259.0 64.0 22.0
obstacle
0.0225648004562
343.0 132.0 120.0 61.0
obstacle
0.0224679671228
231.0 68.0 39.0 16.0
obstacle
0.0223336033523
41.0 133.0 113.0 60.0
obstacle
0.0223170462996
310.0 192.0 111.0 70.0
obstacle
0.022269539535
152.0 152.0 118.0 58.0
obstacle
0.0222669802606
382.0 109.0 118.0 63.0
obstacle
0.0222359932959
256.0 217.0 244.0 64.0
obstacle
0.0221189614385
384.0 135.0 114.0 57.0
obstacle
0.0220976620913
302.0 88.0 50.0 20.0
obstacle
0.0220696423203
125.0 15.0 329.0 121.0
obstacle
0.0220677573234
238.0 66.0 97.0 64.0
obstacle
0.0219850819558
0.0 88.0 38.0 19.0
obstacle
0.0219207555056
227.0 45.0 47.0 17.0
obstacle
0.0218484923244
376.0 66.0 55.0 21.0
obstacle
0.0218301992863
1.0 133.0 29.0 15.0
obstacle
0.0217940341681
67.0 195.0 54.0 20.0
obstacle
0.0217137020081
302.0 216.0 53.0 22.0
obstacle
0.0217122770846
199.0 70.0 22.0 56.0
obstacle
0.021701881662
31.0 216.0 53.0 21.0
obstacle
0.0216964762658
203.0 98.0 15.0 42.0
obstacle
0.0215159449726
151.0 190.0 121.0 73.0
obstacle
0.0215028245002
325.0 181.0 175.0 92.0
obstacle
0.0214981213212
81.0 136.0 119.0 54.0
obstacle
0.0213068537414
233.0 116.0 29.0 12.0
obstacle
0.0213049128652
58.0 176.0 309.0 101.0
obstacle
0.0211843010038
5.0 57.0 106.0 81.0
obstacle
0.0211536511779
0.0 71.0 202.0 96.0
obstacle
0.0210842248052
374.0 24.0 57.0 18.0
obstacle
0.0210643783212
74.0 88.0 46.0 20.0
obstacle
0.0209684241563
31.0 21.0 52.0 20.0
obstacle
0.0208607688546
226.0 0.0 123.0 45.0
obstacle
0.0207535941154
68.0 239.0 54.0 19.0
obstacle
0.0206964090466
337.0 61.0 163.0 117.0
obstacle
0.0206885840744
0.0 153.0 33.0 15.0
obstacle
0.020635349676
5.0 127.0 105.0 71.0
obstacle
0.0205870829523
71.0 67.0 49.0 19.0
obstacle
0.0205807145685
0.0 154.0 275.0 101.0
obstacle
0.0205571260303
33.0 172.0 47.0 21.0
obstacle
0.020411092788
293.0 0.0 207.0 76.0
obstacle
0.0204088855535
112.0 68.0 46.0 17.0
obstacle
0.0203767623752
265.0 216.0 47.0 20.0
obstacle
0.0203715395182
2.0 168.0 107.0 74.0
obstacle
0.0203524790704
34.0 235.0 123.0 46.0
obstacle
0.0202917866409
110.0 236.0 124.0 45.0
obstacle
0.0200787689537
416.0 23.0 54.0 20.0
obstacle
0.0200579110533
0.0 37.0 294.0 123.0
obstacle
0.0200097952038
112.0 0.0 120.0 48.0
obstacle
0.0200093109161
304.0 13.0 123.0 82.0
obstacle
0.0197496842593
184.0 261.0 53.0 20.0
obstacle
0.0196993518621
145.0 0.0 133.0 69.0
obstacle
0.0196835882962
148.0 69.0 48.0 16.0
obstacle
0.019630337134
152.0 240.0 45.0 20.0
obstacle
0.0195221714675
266.0 16.0 122.0 75.0
obstacle
0.0192638691515
159.0 41.0 104.0 71.0
obstacle
0.0190257839859
378.0 45.0 52.0 19.0
obstacle
0.0189490094781
223.0 45.0 277.0 104.0
obstacle
0.0189213789999
231.0 91.0 39.0 17.0
obstacle
0.0188486278057
75.0 39.0 118.0 75.0
obstacle
0.0188290011138
225.0 154.0 124.0 57.0
obstacle
0.0187900904566
192.0 239.0 40.0 19.0
obstacle
0.018723865971
191.0 232.0 119.0 49.0
obstacle
0.0186866335571
148.0 46.0 51.0 18.0
obstacle
0.0186628475785
0.0 45.0 32.0 17.0
obstacle
0.0186362974346
347.0 151.0 115.0 64.0
obstacle
0.018608417362
380.0 88.0 49.0 20.0
obstacle
0.0185140669346
300.0 0.0 128.0 43.0
obstacle
0.018246518448
300.0 259.0 54.0 22.0
obstacle
0.0181730706245
190.0 171.0 119.0 68.0
obstacle
0.01817057468
22.0 218.0 301.0 63.0
obstacle
0.0180864185095
212.0 0.0 288.0 115.0
obstacle
0.0180616062135
38.0 63.0 115.0 69.0
obstacle
0.0178486220539
35.0 66.0 46.0 21.0
obstacle
0.0178339034319
419.0 44.0 49.0 21.0
obstacle
0.0177902113646
227.0 239.0 47.0 20.0
obstacle
0.017753444612
274.0 135.0 105.0 55.0
obstacle
0.0177498869598
335.0 260.0 61.0 20.0
obstacle
0.017741734162
418.0 89.0 52.0 20.0
obstacle
0.017723755911
428.0 88.0 72.0 64.0
obstacle
0.0177031662315
270.0 193.0 114.0 68.0
obstacle
0.0173809509724
191.0 40.0 115.0 73.0
obstacle
0.0173635948449
112.0 46.0 46.0 17.0
obstacle
0.0173221435398
237.0 138.0 96.0 46.0
obstacle
0.0172416642308
419.0 65.0 49.0 22.0
obstacle
0.0171931628138
426.0 238.0 74.0 43.0
obstacle
0.0171755943447
0.0 67.0 36.0 18.0
obstacle
0.0170641057193
471.0 203.0 20.0 47.0
obstacle
0.0169650930911
29.0 142.0 292.0 81.0
obstacle
0.0169464387
306.0 149.0 120.0 69.0
obstacle
0.0169033966959
30.0 195.0 51.0 21.0
obstacle
0.0167219582945
0.0 191.0 69.0 72.0
obstacle
0.016680335626
382.0 59.0 117.0 78.0
obstacle
0.0166486650705
270.0 235.0 114.0 46.0
obstacle
0.0166322793812
72.0 46.0 47.0 17.0
obstacle
0.0166064295918
346.0 130.0 154.0 107.0
obstacle
0.0165444016457
0.0 22.0 35.0 18.0
obstacle
0.0164903905243
267.0 150.0 119.0 67.0
obstacle
0.0164135321975
338.0 41.0 130.0 69.0
obstacle
0.0164040010422
262.0 169.0 128.0 72.0
obstacle
0.0161719024181
199.0 96.0 93.0 49.0
obstacle
0.0159440245479
37.0 188.0 117.0 78.0
obstacle
0.0159069839865
266.0 65.0 121.0 67.0
obstacle
0.0158271286637
0.0 124.0 159.0 121.0
obstacle
0.0157283116132
306.0 61.0 119.0 73.0
obstacle
0.0157087519765
31.0 261.0 51.0 19.0
obstacle
0.0155978742987
0.0 212.0 117.0 69.0
obstacle
0.0154657233506
229.0 191.0 116.0 73.0
obstacle
0.0154339699075
0.0 0.0 116.0 70.0
obstacle
0.015355697833
35.0 45.0 43.0 18.0
obstacle
0.0153517909348
124.0 95.0 17.0 45.0
obstacle
0.0153496712446
153.0 147.0 271.0 116.0
obstacle
0.0153156314045
35.0 0.0 119.0 49.0
obstacle
0.0152477957308
344.0 17.0 117.0 74.0
obstacle
0.0151829859242
267.0 238.0 48.0 19.0
obstacle
0.0151108233258
0.0 0.0 77.0 48.0
obstacle
0.0150547707453
229.0 117.0 112.0 48.0
obstacle
0.0150015838444
344.0 63.0 119.0 70.0
obstacle
0.0149926617742
0.0 147.0 71.0 73.0
obstacle
0.0145850256085
303.0 238.0 53.0 19.0
obstacle
0.014519425109
0.0 83.0 68.0 72.0
obstacle
0.0144396219403
392.0 203.0 23.0 47.0
obstacle
0.0143486922607
124.0 74.0 19.0 47.0
obstacle
0.0143360383809
161.0 176.0 22.0 58.0
obstacle
0.0142827676609
429.0 21.0 71.0 66.0
obstacle
0.0141433030367
75.0 153.0 122.0 59.0
obstacle
0.0140881352127
354.0 179.0 22.0 52.0
obstacle
0.0139299854636
165.0 99.0 13.0 39.0
obstacle
0.0139046208933
153.0 234.0 116.0 47.0
obstacle
0.0138227641582
423.0 68.0 77.0 60.0
obstacle
0.0137511854991
389.0 12.0 105.0 84.0
obstacle
0.0136564141139
3.0 110.0 111.0 62.0
obstacle
0.0135119212791
345.0 238.0 42.0 18.0
obstacle
0.0132795134559
31.0 239.0 52.0 20.0
obstacle
0.0131601588801
237.0 203.0 23.0 48.0
obstacle
0.0131311500445
277.0 5.0 23.0 54.0
obstacle
0.0130837336183
472.0 161.0 17.0 45.0
obstacle
0.013060904108
389.0 214.0 105.0 66.0
obstacle
0.012997161597
431.0 181.0 20.0 49.0
obstacle
0.0129929427058
123.0 178.0 21.0 55.0
