obstacle
0.790886759758
353.0 236.0 112.0 31.0
obstacle
0.713364183903
310.0 173.0 19.0 22.0
obstacle
0.655647456646
417.0 178.0 64.0 22.0
obstacle
0.626214563847
34.0 181.0 130.0 37.0
obstacle
0.455573230982
35.0 193.0 128.0 42.0
obstacle
0.398963689804
8.0 216.0 174.0 46.0
obstacle
0.378271877766
56.0 183.0 82.0 29.0
obstacle
0.362636625767
25.0 225.0 67.0 26.0
obstacle
0.32685855031
302.0 163.0 29.0 27.0
obstacle
0.325911849737
446.0 180.0 45.0 16.0
obstacle
0.264325886965
248.0 168.0 81.0 35.0
obstacle
0.250649183989
191.0 167.0 126.0 41.0
obstacle
0.249428480864
230.0 172.0 54.0 23.0
obstacle
0.237353339791
406.0 235.0 54.0 25.0
obstacle
0.236786261201
231.0 162.0 56.0 23.0
obstacle
0.227882221341
365.0 247.0 75.0 26.0
obstacle
0.220051124692
104.0 185.0 50.0 26.0
obstacle
0.205963894725
184.0 203.0 39.0 23.0
obstacle
0.201371923089
45.0 183.0 44.0 27.0
obstacle
0.172734871507
4.0 169.0 123.0 53.0
obstacle
0.164279311895
306.0 229.0 143.0 41.0
obstacle
0.149264127016
66.0 226.0 55.0 24.0
obstacle
0.149040192366
355.0 177.0 107.0 36.0
obstacle
0.14812463522
196.0 152.0 114.0 42.0
obstacle
0.147687375546
416.0 173.0 84.0 38.0
obstacle
0.14506931603
94.0 203.0 74.0 23.0
obstacle
0.14081671834
156.0 208.0 40.0 19.0
obstacle
0.133060723543
241.0 154.0 94.0 40.0
obstacle
0.126499176025
384.0 232.0 103.0 61.0
obstacle
0.126201122999
270.0 170.0 39.0 23.0
obstacle
0.123845823109
288.0 165.0 72.0 53.0
obstacle
0.117305517197
422.0 164.0 46.0 22.0
obstacle
0.11723318696
0.0 197.0 240.0 86.0
obstacle
0.115014635026
105.0 226.0 52.0 25.0
obstacle
0.111968837678
352.0 251.0 41.0 20.0
obstacle
0.108971439302
386.0 184.0 43.0 18.0
obstacle
0.108409181237
261.0 161.0 53.0 25.0
obstacle
0.100995562971
7.0 232.0 36.0 18.0
obstacle
0.098210953176
307.0 204.0 39.0 19.0
obstacle
0.0924017354846
59.0 199.0 87.0 28.0
obstacle
0.0869156941772
90.0 193.0 154.0 48.0
obstacle
0.0861098021269
389.0 143.0 108.0 59.0
obstacle
0.0836649984121
405.0 249.0 57.0 26.0
obstacle
0.0797253847122
346.0 181.0 36.0 24.0
obstacle
0.0767779499292
382.0 54.0 38.0 21.0
obstacle
0.0766497850418
0.0 189.0 134.0 61.0
obstacle
0.0738702341914
286.0 156.0 73.0 36.0
obstacle
0.0730322152376
344.0 53.0 46.0 22.0
obstacle
0.071951828897
310.0 135.0 29.0 20.0
obstacle
0.0684336870909
310.0 243.0 126.0 45.0
obstacle
0.0681431666017
153.0 192.0 115.0 50.0
obstacle
0.066998437047
38.0 205.0 50.0 23.0
obstacle
0.0668382123113
0.0 169.0 348.0 99.0
obstacle
0.0660848543048
458.0 163.0 42.0 19.0
obstacle
0.0653926506639
304.0 175.0 125.0 40.0
obstacle
0.0653512105346
345.0 138.0 120.0 67.0
obstacle
0.0649794712663
202.0 159.0 32.0 21.0
obstacle
0.0629794672132
302.0 53.0 50.0 23.0
obstacle
0.0627155005932
230.0 205.0 270.0 82.0
obstacle
0.0596199668944
261.0 52.0 52.0 25.0
obstacle
0.0573118142784
149.0 228.0 41.0 22.0
obstacle
0.0570122599602
184.0 185.0 133.0 60.0
obstacle
0.055725440383
0.0 213.0 82.0 58.0
obstacle
0.0557168386877
341.0 108.0 43.0 17.0
obstacle
0.0550114773214
265.0 255.0 43.0 23.0
obstacle
0.0547483712435
353.0 238.0 38.0 20.0
obstacle
0.05353827402
103.0 210.0 131.0 60.0
obstacle
0.0534249581397
269.0 203.0 38.0 22.0
obstacle
0.0517131313682
412.0 218.0 88.0 55.0
obstacle
0.0515355244279
0.0 142.0 194.0 105.0
obstacle
0.0513355955482
345.0 207.0 38.0 17.0
obstacle
0.0491706579924
195.0 182.0 38.0 20.0
obstacle
0.048967923969
349.0 133.0 31.0 16.0
obstacle
0.0489627346396
160.0 139.0 113.0 60.0
obstacle
0.0481458604336
226.0 203.0 50.0 24.0
obstacle
0.0465516783297
386.0 160.0 40.0 22.0
obstacle
0.0463028326631
21.0 239.0 147.0 54.0
obstacle
0.0451678857207
229.0 208.0 123.0 70.0
obstacle
0.0450741015375
461.0 209.0 39.0 21.0
obstacle
0.0446263812482
221.0 158.0 211.0 73.0
obstacle
0.0445001684129
387.0 210.0 43.0 18.0
obstacle
0.0442925728858
105.0 167.0 134.0 58.0
obstacle
0.0439624860883
71.0 161.0 49.0 18.0
obstacle
0.043558459729
307.0 230.0 45.0 22.0
obstacle
0.0435475818813
150.0 160.0 130.0 66.0
obstacle
0.0432379953563
56.0 108.0 316.0 124.0
obstacle
0.0429418906569
263.0 231.0 50.0 26.0
obstacle
0.0428435206413
27.0 260.0 137.0 70.0
obstacle
0.04259121418
459.0 235.0 31.0 16.0
obstacle
0.0422523953021
335.0 192.0 143.0 58.0
obstacle
0.0415139608085
2.0 207.0 37.0 22.0
obstacle
0.0414627641439
226.0 133.0 47.0 20.0
obstacle
0.0413978658617
465.0 55.0 35.0 20.0
obstacle
0.0411410294473
225.0 256.0 48.0 23.0
obstacle
0.0401724763215
303.0 109.0 43.0 17.0
obstacle
0.0399263128638
311.0 254.0 38.0 21.0
obstacle
0.0398589484394
304.0 79.0 44.0 21.0
obstacle
0.0397594682872
379.0 78.0 45.0 22.0
obstacle
0.039370637387
143.0 182.0 292.0 123.0
obstacle
0.0392448976636
340.0 78.0 49.0 22.0
obstacle
0.0389929972589
418.0 54.0 45.0 22.0
obstacle
0.0388265773654
264.0 30.0 124.0 70.0
obstacle
0.0384216681123
268.0 135.0 38.0 20.0
obstacle
0.0380973704159
384.0 108.0 36.0 17.0
obstacle
0.0378429628909
193.0 117.0 270.0 105.0
obstacle
0.037780508399
423.0 210.0 39.0 17.0
obstacle
0.0376713909209
271.0 211.0 119.0 64.0
obstacle
0.0373657718301
1.0 182.0 36.0 21.0
obstacle
0.0372689887881
157.0 157.0 40.0 21.0
obstacle
0.0371117517352
112.0 1.0 44.0 21.0
obstacle
0.037060264498
71.0 1.0 48.0 21.0
obstacle
0.0369174405932
151.0 1.0 44.0 21.0
obstacle
0.0369073450565
190.0 2.0 41.0 20.0
obstacle
0.0369058065116
463.0 131.0 37.0 20.0
obstacle
0.0365223735571
371.0 281.0 63.0 23.0
obstacle
0.0364356152713
226.0 1.0 46.0 21.0
obstacle
0.0363473631442
464.0 80.0 36.0 19.0
obstacle
0.0363150052726
341.0 282.0 125.0 51.0
obstacle
0.0362273193896
115.0 158.0 46.0 22.0
obstacle
0.0361689552665
386.0 132.0 34.0 18.0
obstacle
0.0361135192215
0.0 79.0 36.0 19.0
obstacle
0.0355758368969
262.0 107.0 47.0 20.0
obstacle
0.0353263318539
0.0 311.0 42.0 21.0
obstacle
0.0352696999907
186.0 52.0 50.0 24.0
obstacle
0.0350243076682
66.0 253.0 60.0 25.0
obstacle
0.03499218449
352.0 163.0 26.0 18.0
obstacle
0.0349392592907
0.0 53.0 40.0 22.0
obstacle
0.0349163115025
69.0 281.0 56.0 24.0
obstacle
0.0348942056298
455.0 311.0 45.0 22.0
obstacle
0.0348612144589
342.0 3.0 46.0 19.0
obstacle
0.034857057035
395.0 225.0 12.0 36.0
obstacle
0.0348042659461
262.0 1.0 51.0 21.0
obstacle
0.0347979329526
32.0 158.0 51.0 21.0
obstacle
0.0347334109247
0.0 1.0 39.0 22.0
obstacle
0.0347132310271
369.0 308.0 68.0 25.0
obstacle
0.034584634006
225.0 52.0 52.0 24.0
obstacle
0.0345556996763
0.0 155.0 40.0 23.0
obstacle
0.0338646620512
176.0 1.0 303.0 127.0
obstacle
0.033781953156
190.0 132.0 43.0 20.0
obstacle
0.0337002985179
462.0 4.0 38.0 18.0
obstacle
0.0325234495103
227.0 229.0 44.0 26.0
obstacle
0.0324655510485
154.0 185.0 39.0 18.0
obstacle
0.0324648804963
425.0 133.0 36.0 20.0
obstacle
0.0324290469289
105.0 283.0 57.0 21.0
obstacle
0.0323946066201
302.0 1.0 49.0 21.0
obstacle
0.0322454534471
34.0 1.0 44.0 22.0
obstacle
0.0320401825011
416.0 1.0 50.0 20.0
obstacle
0.0316426604986
265.0 79.0 43.0 21.0
obstacle
0.0315391719341
464.0 106.0 36.0 19.0
obstacle
0.031495269388
406.0 310.0 69.0 23.0
obstacle
0.0313955359161
226.0 79.0 44.0 20.0
obstacle
0.0313908793032
385.0 1.0 41.0 19.0
obstacle
0.0313284285367
187.0 79.0 46.0 20.0
obstacle
0.0311005078256
352.0 105.0 102.0 75.0
obstacle
0.0310508534312
224.0 246.0 276.0 87.0
obstacle
0.0305247846991
73.0 130.0 44.0 25.0
obstacle
0.0304897222668
186.0 106.0 48.0 20.0
obstacle
0.0304785892367
113.0 80.0 42.0 18.0
obstacle
0.0304068941623
215.0 229.0 147.0 79.0
obstacle
0.0303684119135
305.0 229.0 195.0 74.0
obstacle
0.0302431304008
342.0 34.0 122.0 62.0
obstacle
0.030157264322
412.0 281.0 52.0 23.0
obstacle
0.0300783962011
149.0 131.0 48.0 22.0
obstacle
0.029920976609
84.0 172.0 15.0 40.0
obstacle
0.0296941269189
30.0 53.0 54.0 23.0
obstacle
0.0296233203262
73.0 79.0 44.0 20.0
obstacle
0.0295504201204
310.0 108.0 106.0 68.0
obstacle
0.029323277995
0.0 233.0 243.0 100.0
obstacle
0.0292397458106
335.0 308.0 59.0 25.0
obstacle
0.0289984662086
398.0 101.0 85.0 82.0
obstacle
0.0288487933576
149.0 79.0 46.0 20.0
obstacle
0.0285296961665
108.0 106.0 51.0 19.0
obstacle
0.0283767450601
0.0 130.0 38.0 21.0
obstacle
0.0283554401249
218.0 309.0 62.0 24.0
obstacle
0.0282667968422
226.0 107.0 46.0 20.0
obstacle
0.0281955376267
33.0 79.0 45.0 20.0
obstacle
0.0281485896558
45.0 138.0 102.0 64.0
obstacle
0.02814700827
110.0 256.0 50.0 22.0
obstacle
0.0279784556478
0.0 105.0 37.0 21.0
obstacle
0.0278237331659
70.0 105.0 51.0 20.0
obstacle
0.0276774577796
185.0 227.0 44.0 26.0
obstacle
0.0276266764849
105.0 310.0 58.0 23.0
obstacle
0.0275963656604
4.0 256.0 33.0 22.0
obstacle
0.0274520982057
35.0 254.0 54.0 24.0
obstacle
0.0273392312229
307.0 283.0 44.0 22.0
obstacle
0.0272494070232
147.0 105.0 50.0 21.0
obstacle
0.0270532369614
299.0 53.0 131.0 73.0
obstacle
0.0268965922296
430.0 139.0 16.0 57.0
obstacle
0.0267829298973
112.0 131.0 47.0 22.0
obstacle
0.026744665578
419.0 107.0 44.0 20.0
obstacle
0.026450926438
122.0 131.0 100.0 72.0
obstacle
0.0264263860881
420.0 78.0 46.0 21.0
obstacle
0.0263982396573
78.0 134.0 106.0 70.0
obstacle
0.0263961069286
147.0 254.0 48.0 23.0
obstacle
0.0263785645366
32.0 131.0 48.0 22.0
obstacle
0.0263694208115
184.0 25.0 57.0 26.0
obstacle
0.0263577513397
45.0 100.0 99.0 83.0
obstacle
0.0263441056013
305.0 26.0 46.0 25.0
obstacle
0.0263006240129
0.0 155.0 76.0 76.0
obstacle
0.0262927170843
109.0 54.0 50.0 21.0
obstacle
0.0262360665947
240.0 142.0 13.0 49.0
obstacle
0.0261245965958
264.0 56.0 123.0 67.0
obstacle
0.0260221157223
143.0 310.0 58.0 23.0
obstacle
0.0260007549077
23.0 309.0 65.0 24.0
obstacle
0.0259828027338
83.0 141.0 18.0 51.0
obstacle
0.0259725097567
64.0 309.0 63.0 23.0
obstacle
0.0258703362197
149.0 54.0 48.0 22.0
obstacle
0.0258540902287
268.0 236.0 123.0 64.0
obstacle
0.0253253392875
118.0 101.0 107.0 82.0
obstacle
0.0253070890903
179.0 279.0 140.0 54.0
obstacle
0.0251778252423
337.0 136.0 163.0 111.0
obstacle
0.0251765716821
6.0 99.0 102.0 85.0
obstacle
0.0251586735249
148.0 207.0 124.0 71.0
obstacle
0.0251307804137
125.0 168.0 14.0 48.0
obstacle
0.0248885415494
259.0 310.0 57.0 23.0
obstacle
0.0248087961227
147.0 282.0 52.0 24.0
obstacle
0.0247711706907
462.0 283.0 38.0 23.0
obstacle
0.0247698966414
418.0 282.0 82.0 51.0
obstacle
0.0246023740619
293.0 29.0 207.0 121.0
obstacle
0.0245388709009
226.0 26.0 123.0 77.0
obstacle
0.0244752466679
69.0 54.0 52.0 22.0
obstacle
0.0242911782116
342.0 280.0 46.0 22.0
obstacle
0.0242797546089
431.0 103.0 69.0 78.0
obstacle
0.0240519177169
262.0 27.0 54.0 24.0
obstacle
0.0239514745772
225.0 281.0 50.0 26.0
obstacle
0.023882733658
297.0 309.0 58.0 24.0
obstacle
0.0238092411309
180.0 202.0 141.0 80.0
obstacle
0.0236297752708
278.0 117.0 92.0 55.0
obstacle
0.0234127268195
159.0 102.0 105.0 80.0
obstacle
0.0232608281076
32.0 104.0 49.0 22.0
obstacle
0.0231268946081
83.0 103.0 100.0 79.0
obstacle
0.023003814742
68.0 283.0 133.0 50.0
obstacle
0.0228680875152
0.0 280.0 126.0 53.0
obstacle
0.0224901195616
464.0 256.0 35.0 24.0
obstacle
0.022309705615
45.0 0.0 103.0 88.0
obstacle
0.0222671683878
185.0 282.0 51.0 25.0
obstacle
0.0221792273223
182.0 310.0 58.0 23.0
obstacle
0.0221749283373
314.0 142.0 100.0 62.0
obstacle
0.0220257136971
224.0 26.0 53.0 25.0
obstacle
0.0219575669616
46.0 166.0 15.0 51.0
obstacle
0.0215630885214
343.0 28.0 46.0 21.0
obstacle
0.021534902975
203.0 108.0 92.0 70.0
obstacle
0.021331563592
0.0 5.0 291.0 119.0
obstacle
0.0213042758405
379.0 261.0 121.0 66.0
obstacle
0.0212610978633
77.0 26.0 114.0 78.0
obstacle
0.0211468748748
467.0 27.0 33.0 23.0
obstacle
0.0210133232176
302.0 0.0 126.0 51.0
obstacle
0.0207791198045
0.0 281.0 35.0 23.0
obstacle
0.0204627774656
152.0 77.0 115.0 79.0
obstacle
0.0203927755356
391.0 194.0 18.0 42.0
obstacle
0.0203076340258
157.0 24.0 110.0 81.0
obstacle
0.0201951172203
0.0 25.0 43.0 26.0
obstacle
0.0201839078218
263.0 279.0 128.0 54.0
obstacle
0.0201617497951
267.0 281.0 45.0 26.0
obstacle
0.0201522409916
162.0 137.0 254.0 68.0
obstacle
0.0200445614755
373.0 48.0 127.0 82.0
obstacle
0.0199734438211
187.0 257.0 48.0 22.0
obstacle
0.0199686344713
37.0 76.0 116.0 81.0
obstacle
0.0199215505272
36.0 279.0 46.0 25.0
obstacle
0.0199136566371
7.0 0.0 101.0 86.0
obstacle
0.0198725927621
239.0 85.0 253.0 115.0
obstacle
0.0198478680104
316.0 33.0 20.0 63.0
obstacle
0.0197575371712
420.0 184.0 80.0 66.0
obstacle
0.0196369849145
150.0 50.0 121.0 81.0
obstacle
0.0196218732744
103.0 253.0 294.0 80.0
obstacle
0.0196093730628
197.0 83.0 104.0 68.0
obstacle
0.0195663589984
71.0 26.0 51.0 25.0
obstacle
0.0195453315973
61.0 30.0 300.0 121.0
obstacle
0.0194592755288
110.0 26.0 50.0 25.0
obstacle
0.0194165594876
268.0 0.0 119.0 81.0
obstacle
0.0193191096187
231.0 83.0 108.0 69.0
obstacle
0.0192707385868
0.0 24.0 67.0 81.0
obstacle
0.0191352684051
85.0 188.0 16.0 57.0
obstacle
0.0190709009767
1.0 76.0 112.0 79.0
obstacle
0.0190499015152
0.0 30.0 205.0 119.0
obstacle
0.0190341528505
297.0 0.0 203.0 80.0
obstacle
0.0189226344228
221.0 54.0 131.0 73.0
obstacle
0.0189093966037
434.0 166.0 14.0 51.0
obstacle
0.018768645823
3.0 131.0 112.0 77.0
obstacle
0.0183688849211
33.0 53.0 126.0 74.0
obstacle
0.0183550100774
280.0 175.0 95.0 81.0
obstacle
0.0182349532843
0.0 0.0 76.0 56.0
obstacle
0.0181958638132
31.0 26.0 54.0 26.0
obstacle
0.017933672294
48.0 196.0 11.0 43.0
obstacle
0.0179307553917
114.0 27.0 117.0 76.0
obstacle
0.0177638866007
48.0 217.0 15.0 52.0
obstacle
0.0177139807492
188.0 0.0 124.0 81.0
obstacle
0.0176613871008
271.0 83.0 105.0 69.0
obstacle
0.0176546331495
0.0 67.0 198.0 151.0
obstacle
0.0175755377859
305.0 260.0 126.0 67.0
obstacle
0.0173528268933
302.0 81.0 120.0 71.0
obstacle
0.0172503646463
394.0 142.0 15.0 48.0
obstacle
0.0170920193195
426.0 25.0 74.0 80.0
obstacle
0.0170182008296
106.0 235.0 133.0 65.0
obstacle
0.0169980246574
380.0 28.0 47.0 22.0
obstacle
0.0169206149876
73.0 0.0 123.0 55.0
obstacle
0.0169198103249
241.0 111.0 91.0 65.0
obstacle
0.0169019922614
427.0 77.0 73.0 79.0
obstacle
0.0168475862592
355.0 33.0 20.0 62.0
obstacle
0.0168440844864
163.0 137.0 17.0 59.0
