obstacle
0.916070818901
154.938354492 119.295257568 313.661743164 128.376098633
obstacle
0.855368375778
48.4528961182 117.331306458 426.343261719 127.49886322
obstacle
0.747043013573
57.5724487305 143.497650146 382.506530762 110.295959473
obstacle
0.735569477081
461.961914062 236.755996704 25.5490722656 33.0482025146
obstacle
0.644805550575
456.311767578 240.314559937 43.6882324219 26.0807647705
obstacle
0.643570780754
45.3132629395 176.391677856 337.475524902 69.855255127
obstacle
0.632096767426
454.886993408 238.514892578 29.510559082 34.399597168
obstacle
0.611786901951
256.21194458 124.232727051 187.252319336 87.6010131836
obstacle
0.584828674793
43.5335845947 167.356994629 275.436340332 74.0538024902
obstacle
0.571191966534
460.019256592 232.588516235 32.9948120117 40.7308807373
obstacle
0.553851723671
61.9772567749 189.574020386 181.650604248 46.3880615234
obstacle
0.537675976753
455.915527344 237.62588501 44.0844726562 38.4655151367
obstacle
0.485008537769
107.913375854 183.623382568 86.2631225586 54.557434082
obstacle
0.468286812305
248.833740234 125.356384277 190.601806641 113.386779785
obstacle
0.454609304667
198.065002441 125.202423096 242.867675781 89.4977416992
obstacle
0.450171738863
99.8812713623 188.848251343 115.047698975 49.3629150391
obstacle
0.426830053329
279.877563477 117.853668213 174.994140625 149.381439209
obstacle
0.416345983744
459.618652344 241.076248169 30.665222168 31.0581207275
obstacle
0.401604890823
248.583511353 142.95135498 22.5088348389 32.4780273438
obstacle
0.392131835222
46.5623474121 119.529571533 274.035766602 121.611694336
obstacle
0.371316075325
251.771331787 138.587844849 34.1287231445 42.703704834
obstacle
0.361244559288
241.449432373 148.02734375 29.310760498 25.7312011719
obstacle
0.359918773174
248.665847778 140.195404053 28.6441802979 42.6933288574
obstacle
0.359918773174
245.547195435 142.989456177 26.7534332275 40.2514648438
obstacle
0.359918773174
246.260269165 146.999893188 30.1244049072 28.3959960938
obstacle
0.346813440323
461.475311279 228.636032104 33.8368530273 49.5295257568
obstacle
0.346544921398
469.072662354 231.327682495 30.9273376465 45.1954498291
obstacle
0.345178455114
304.612884521 140.462646484 34.7783203125 50.59375
obstacle
0.343599498272
235.247283936 140.058029175 58.0505981445 44.8442382812
obstacle
0.335121452808
237.851699829 132.212738037 46.2982025146 54.4318237305
obstacle
0.322278439999
243.572067261 145.166976929 32.1814727783 46.4046936035
obstacle
0.320107847452
250.144012451 135.519836426 31.1708984375 48.3040466309
obstacle
0.312902271748
238.036911011 146.539367676 27.4984893799 39.4311218262
obstacle
0.307190865278
76.2117919922 110.951431274 45.9756011963 73.0401916504
obstacle
0.305223047733
241.991912842 142.406463623 22.9474487305 33.5747680664
obstacle
0.303060293198
305.410064697 141.215652466 35.1184082031 31.008392334
obstacle
0.30027961731
458.848022461 235.983566284 38.6782836914 51.5957183838
obstacle
0.29536023736
310.495452881 136.160949707 111.329284668 42.5411071777
obstacle
0.2927942276
251.948806763 145.380981445 31.0822906494 31.0051879883
obstacle
0.289236932993
312.930084229 142.051696777 30.4320068359 26.793182373
obstacle
0.284429907799
231.129821777 138.606307983 51.5640869141 56.1495666504
obstacle
0.281931906939
309.072021484 141.512954712 41.2722167969 48.398223877
obstacle
0.275830745697
71.8276062012 113.257019043 65.5282287598 69.4928283691
obstacle
0.271262317896
310.724914551 134.509124756 34.8101806641 52.2195739746
obstacle
0.264741748571
76.6283874512 119.298614502 44.1489105225 55.1026611328
obstacle
0.261200547218
70.4387969971 169.61529541 391.327575684 78.6837463379
obstacle
0.258622735739
313.44430542 143.230758667 46.09765625 47.2329711914
obstacle
0.255700081587
233.955383301 139.749603271 69.0539550781 54.2315979004
obstacle
0.253781169653
202.248977661 138.507019043 139.285751343 41.8697814941
obstacle
0.253421008587
225.269943237 149.973327637 30.378112793 50.5787353516
obstacle
0.248149812222
244.493652344 137.67805481 36.8023681641 58.0629882812
obstacle
0.24368005991
108.507858276 156.092254639 34.1739196777 40.2288818359
obstacle
0.240711688995
82.4557037354 128.541641235 35.7139587402 43.1332092285
obstacle
0.239005297422
204.87071228 146.194946289 134.848342896 44.4781494141
obstacle
0.238213434815
349.826171875 136.610900879 33.0838623047 52.5956115723
obstacle
0.237183898687
65.868560791 187.785400391 210.473754883 44.7949829102
obstacle
0.232104688883
104.610389709 159.930892944 33.9499893188 38.8929138184
obstacle
0.232104688883
103.306846619 154.820343018 32.497718811 40.0130004883
obstacle
0.227728590369
312.494476318 134.567886353 36.2756958008 41.7863769531
obstacle
0.226347237825
235.643875122 148.288238525 31.7479705811 52.7893981934
obstacle
0.222442984581
358.658874512 132.492401123 29.5648193359 49.1086730957
obstacle
0.222121834755
223.614959717 157.814285278 32.9403381348 50.0108947754
obstacle
0.219809755683
354.219207764 135.695541382 31.0700683594 45.1851501465
obstacle
0.215152099729
342.413513184 139.988220215 35.711730957 49.8960876465
obstacle
0.214864999056
228.58644104 144.44708252 68.2765350342 57.6695861816
obstacle
0.212337508798
363.439941406 128.255065918 31.4608764648 52.0539245605
obstacle
0.210252806544
233.952697754 144.001098633 48.499206543 59.0843505859
obstacle
0.208944037557
299.969512939 147.300842285 40.2719116211 47.2145080566
obstacle
0.208774521947
284.698547363 156.220504761 133.158447266 42.1332397461
obstacle
0.207014545798
448.997497559 241.65675354 51.0025024414 45.8677215576
obstacle
0.205193266273
143.6953125 175.727294922 50.7699890137 42.7209472656
obstacle
0.202208757401
345.417816162 138.182723999 35.379699707 41.4424438477
obstacle
0.202159881592
325.442810059 141.173950195 34.7166748047 33.1209716797
obstacle
0.197783067822
86.6030960083 126.542869568 34.5727081299 39.7384109497
obstacle
0.197625294328
129.975402832 177.713562012 59.1879882812 42.7946777344
obstacle
0.195455595851
255.448181152 152.488800049 144.928527832 37.5982971191
obstacle
0.192762285471
303.201568604 131.509231567 33.504699707 48.2370300293
obstacle
0.192762285471
309.307250977 132.373428345 32.3441772461 44.9588012695
obstacle
0.19228772819
219.801071167 150.58581543 27.4622497559 47.1247558594
obstacle
0.192116230726
73.1244049072 150.274978638 73.8327331543 51.741394043
obstacle
0.191938921809
329.361999512 141.953781128 42.8937988281 49.6093444824
obstacle
0.191135644913
294.96585083 151.156723022 67.1726074219 46.5746154785
obstacle
0.189531058073
74.455871582 125.823730469 50.6344299316 74.4789123535
obstacle
0.188517451286
344.639160156 140.916992188 32.3482666016 33.0034179688
obstacle
0.18801638484
218.338485718 161.871124268 32.7447509766 43.8079833984
obstacle
0.187338858843
219.358520508 167.892715454 41.4163818359 42.921081543
obstacle
0.186537355185
146.338180542 124.684715271 258.745422363 80.591835022
obstacle
0.185499414802
212.656539917 172.336486816 46.810043335 37.754119873
obstacle
0.185322552919
302.892913818 152.341659546 40.807434082 50.6446533203
obstacle
0.183440923691
202.47567749 152.148620605 138.484558105 46.7389526367
obstacle
0.182644933462
78.7965316772 183.241851807 156.861022949 51.1773071289
obstacle
0.180862829089
234.300979614 157.504058838 33.3666534424 50.6469116211
obstacle
0.180443316698
181.813476562 125.941543579 30.5538635254 31.908416748
obstacle
0.177698478103
240.552688599 149.932037354 32.471206665 59.0980834961
obstacle
0.176753595471
225.731628418 155.549255371 61.7436523438 51.1963195801
obstacle
0.176534220576
186.804504395 122.752883911 259.580932617 71.7089538574
obstacle
0.17547160387
351.858032227 145.52961731 38.6619873047 53.3374023438
obstacle
0.174475178123
448.602172852 235.48449707 31.6009521484 39.3974914551
obstacle
0.174315989017
100.048042297 149.414794922 32.4191970825 49.0644226074
obstacle
0.172079280019
305.385498047 145.167739868 40.8469238281 50.4456481934
obstacle
0.171232029796
388.049530029 125.769989014 22.3741455078 33.0619506836
obstacle
0.170744642615
109.652381897 160.316162109 40.5107803345 42.5067749023
obstacle
0.169978618622
296.613464355 134.677001953 32.8606567383 46.827911377
obstacle
0.168409064412
124.446472168 183.923568726 67.686920166 45.6878662109
obstacle
0.166996210814
191.418670654 157.238189697 136.945251465 37.6039123535
obstacle
0.166983664036
71.1025390625 131.356735229 64.4649200439 67.8858337402
obstacle
0.166092202067
183.057769775 129.385253906 33.523651123 31.3742980957
obstacle
0.165526971221
359.64263916 129.856445312 29.6576538086 41.2839660645
obstacle
0.165459483862
348.174621582 144.158966064 35.2822875977 54.3638000488
obstacle
0.164499953389
364.418029785 125.4662323 28.6665039062 44.8563842773
obstacle
0.163700953126
458.136077881 244.804885864 33.7126464844 32.2756195068
obstacle
0.160251989961
211.616882324 134.138534546 124.845703125 37.6731567383
obstacle
0.158588513732
103.350448608 154.220932007 36.9400787354 49.3682861328
obstacle
0.157695621252
227.597518921 161.18208313 36.7342987061 48.5500183105
obstacle
0.157596930861
72.4780426025 120.672668457 47.6026000977 70.1556091309
obstacle
0.157543078065
50.020275116 112.835990906 110.979125977 118.117805481
obstacle
0.151959568262
374.998718262 127.75920105 41.0102539062 44.9538879395
obstacle
0.150501742959
117.610595703 125.454650879 309.619140625 91.9256286621
obstacle
0.149496123195
209.764801025 161.754562378 35.7473449707 42.9499511719
obstacle
0.147065669298
370.913909912 124.592529297 30.4649658203 44.6141967773
obstacle
0.146906256676
300.034423828 161.325881958 123.058166504 40.290435791
obstacle
0.144306570292
305.581665039 153.371582031 32.740234375 53.993560791
obstacle
0.143571808934
372.616607666 125.293312073 35.6707763672 49.369178772
obstacle
0.143523037434
219.267913818 115.087913513 205.810974121 88.2642288208
obstacle
0.143152654171
207.419387817 175.326431274 58.0607452393 37.9548339844
obstacle
0.142455428839
212.543838501 149.044403076 30.0045776367 47.5121459961
obstacle
0.142389968038
308.957580566 145.929550171 31.8021850586 54.2139282227
obstacle
0.142357692122
176.573181152 189.115264893 117.590240479 46.0119934082
obstacle
0.139940619469
480.017364502 230.025482178 19.982635498 42.9775695801
obstacle
0.139215067029
316.256378174 144.678726196 36.6053466797 50.7285461426
obstacle
0.139038145542
90.5005874634 155.327560425 50.0685043335 49.0419921875
obstacle
0.138479337096
298.891326904 164.626846313 36.5955810547 32.1064758301
obstacle
0.136697813869
202.478988647 112.699050903 232.669937134 74.0756835938
obstacle
0.136162981391
382.822753906 122.21282196 38.1719970703 51.7368545532
obstacle
0.135338708758
461.580383301 244.014221191 38.4196166992 26.1214599609
obstacle
0.134048238397
77.564125061 146.879974365 64.4644699097 50.2326660156
obstacle
0.133815944195
94.559463501 152.328170776 43.0270996094 47.3258666992
obstacle
0.133718281984
338.493164062 144.780700684 37.9946899414 52.5197753906
obstacle
0.132479563355
354.831848145 152.898117065 34.5783691406 52.6899108887
obstacle
0.132388070226
154.158172607 115.825195312 234.670349121 79.8236083984
obstacle
0.131816074252
108.581008911 151.350296021 27.2075500488 51.8186340332
obstacle
0.131090506911
327.183990479 145.585144043 40.7304077148 51.613067627
obstacle
0.130380749702
185.571853638 130.531677246 34.3027038574 35.9834899902
obstacle
0.130065590143
448.882629395 244.230880737 38.5653076172 32.1531524658
obstacle
0.12661036849
64.3173980713 118.870613098 53.8105163574 64.6690750122
obstacle
0.125426903367
169.140823364 124.71559906 214.89225769 97.2507705688
obstacle
0.12452468276
302.037780762 140.163711548 127.295959473 43.7622375488
obstacle
0.124437443912
381.198852539 123.877578735 31.7940673828 44.7450256348
obstacle
0.123950444162
312.429870605 149.773727417 48.1138305664 52.6739196777
obstacle
0.123363740742
50.8743057251 129.686599731 186.317382812 129.456771851
obstacle
0.1222595945
218.531555176 144.884735107 32.1059265137 44.8539733887
obstacle
0.120559565723
291.707977295 136.653442383 32.7691650391 44.8005981445
obstacle
0.120043128729
223.207458496 140.441635132 27.0548706055 35.5053405762
obstacle
0.119692072272
82.8436889648 148.120895386 41.748840332 52.8213195801
obstacle
0.119496151805
201.400527954 160.50213623 139.972335815 43.3317565918
obstacle
0.116075739264
202.63659668 171.577957153 52.8034973145 35.0088806152
obstacle
0.115693204105
80.4402618408 121.811691284 36.660446167 70.4542236328
obstacle
0.114096440375
324.824584961 137.625183105 40.7622680664 42.2640075684
obstacle
0.113715462387
81.0402526855 133.570098877 39.2216491699 43.5738830566
obstacle
0.113715462387
83.5817871094 127.344772339 41.6456451416 47.3287353516
obstacle
0.11366276443
251.835968018 157.158309937 148.452941895 38.7860107422
obstacle
0.113112270832
260.506164551 139.217437744 40.4792480469 42.768951416
obstacle
0.112482570112
90.380859375 129.171524048 27.6995697021 39.3818664551
obstacle
0.112076170743
351.638153076 152.09526062 30.5934448242 54.9328308105
obstacle
0.111335903406
318.236297607 145.218902588 31.7225952148 60.1779785156
obstacle
0.110555268824
266.223327637 166.905990601 151.549621582 34.1053771973
obstacle
0.109637536108
204.641418457 142.741699219 40.1492614746 51.7734680176
obstacle
0.107817344368
282.417022705 135.488937378 37.9563598633 47.4810791016
obstacle
0.107531771064
264.382202148 117.537879944 156.885986328 107.585472107
obstacle
0.107271768153
245.098602295 142.528274536 33.6778564453 67.5098876953
obstacle
0.106968909502
173.906799316 164.938354492 140.953918457 36.6836242676
obstacle
0.106111899018
335.338989258 151.872207642 28.7175292969 56.8029785156
obstacle
0.10592635721
67.0321502686 114.161010742 45.532623291 75.7914733887
obstacle
0.105506546795
52.3437957764 151.330032349 321.057983398 95.7347412109
obstacle
0.104994662106
55.141368866 144.382263184 114.253814697 53.350982666
obstacle
0.10469378531
225.427368164 135.365936279 181.823242188 88.2727966309
obstacle
0.103581726551
344.139404297 153.292236328 28.4517211914 53.4533996582
obstacle
0.103326410055
62.732673645 155.136795044 126.075950623 41.7025146484
obstacle
0.103049956262
181.02557373 119.843345642 27.8561401367 31.8165054321
obstacle
0.102380774915
80.3025054932 128.541717529 31.3199157715 40.5077514648
obstacle
0.102021493018
303.658599854 154.544326782 63.2255249023 48.6607971191
obstacle
0.101668700576
340.978179932 145.419586182 30.2838745117 56.4827575684
obstacle
0.100901171565
150.698760986 123.135284424 225.341247559 132.044799805
obstacle
0.100820109248
146.387878418 144.122207642 213.22644043 83.9708251953
obstacle
0.100777044892
330.368988037 145.703659058 31.7357177734 56.1716003418
obstacle
0.100528277457
326.797210693 148.664337158 30.0175170898 57.7717590332
obstacle
0.100174710155
448.124084473 241.169708252 35.4668579102 31.0129394531
obstacle
0.0996566265821
118.770042419 175.097488403 77.6330947876 53.0533752441
obstacle
0.0984194427729
285.242401123 156.18447876 76.6643676758 48.6679992676
obstacle
0.0980384200811
187.437591553 168.684463501 130.491119385 38.0769042969
obstacle
0.0969715714455
136.609008789 132.337799072 225.230804443 82.6884155273
obstacle
0.0964898765087
301.307220459 155.992141724 34.8876953125 41.5958557129
obstacle
0.0963991954923
473.491363525 230.149383545 25.8693237305 56.6500854492
obstacle
0.0960360988975
86.399887085 139.138061523 43.5634002686 62.330657959
obstacle
0.0957378596067
202.118164062 147.263153076 34.5937805176 45.9559326172
obstacle
0.093425527215
262.111175537 171.89263916 148.284973145 33.2041320801
obstacle
0.093406714499
335.883178711 174.659088135 25.9047241211 38.6655578613
obstacle
0.0915094688535
455.437530518 235.142715454 26.5762939453 43.560836792
obstacle
0.0902262255549
273.206054688 112.313171387 155.708312988 88.1102600098
obstacle
0.090213984251
50.2048950195 108.833679199 216.657348633 151.610229492
obstacle
0.0899912342429
102.433563232 114.468544006 224.300567627 148.780395508
obstacle
0.089276432991
86.1481552124 145.381225586 34.754119873 50.269317627
obstacle
0.088552094996
354.489746094 174.014785767 29.7921142578 41.5310974121
obstacle
0.0877197086811
87.876083374 153.628189087 52.0854797363 41.6220703125
obstacle
0.0873228609562
165.412017822 119.240158081 187.606750488 84.3426818848
obstacle
0.0872498080134
117.411743164 179.14201355 69.2037963867 52.9300231934
obstacle
0.0869681015611
134.246658325 179.320556641 47.9074707031 44.432800293
obstacle
0.0868394598365
344.474334717 176.254760742 26.9659423828 38.1878051758
obstacle
0.0866530537605
188.138763428 135.687408447 41.3547058105 36.9308776855
obstacle
0.0865089818835
320.16217041 143.721939087 25.0894775391 65.0517883301
obstacle
0.0856075286865
82.396697998 152.536834717 298.586364746 77.9665222168
obstacle
0.084124289453
149.491165161 172.594955444 47.29296875 39.7089538574
obstacle
0.0840101540089
262.091308594 157.61340332 118.970031738 42.4530944824
obstacle
0.0839921683073
72.4357070923 184.692367554 186.808959961 42.3883666992
obstacle
0.0836839899421
362.262786865 172.262115479 33.4085083008 44.4630432129
obstacle
0.0835184976459
437.340393066 237.927185059 62.6596069336 34.7208251953
obstacle
0.0834145992994
235.17250061 150.202545166 62.5985565186 58.6634521484
obstacle
0.0833489894867
310.422729492 152.436309814 66.0224609375 47.1881408691
obstacle
0.0823715627193
200.169754028 153.367385864 34.959564209 43.6937866211
obstacle
0.0815727636218
372.535705566 126.217895508 25.507019043 47.1143493652
obstacle
0.0813165679574
92.7488861084 145.075363159 27.1739807129 56.6170349121
obstacle
0.0811332240701
135.42616272 183.787506104 182.4193573 40.5077209473
obstacle
0.0800061449409
448.886444092 235.490997314 50.1754760742 35.1534729004
obstacle
0.0786059945822
306.14630127 153.384048462 25.8151855469 46.5991516113
obstacle
0.0785490497947
467.048828125 243.024017334 29.3237915039 30.0220336914
obstacle
0.0773637592793
444.220062256 234.274505615 55.6184082031 48.2961425781
obstacle
0.0768372491002
66.9783859253 101.908912659 101.87726593 116.207847595
obstacle
0.0746750384569
88.8112030029 146.229248047 27.3240356445 52.4751586914
obstacle
0.0743817612529
311.175262451 151.365432739 24.395690918 51.5619506836
obstacle
0.0739795416594
247.177749634 155.317306519 32.7338409424 47.0490722656
obstacle
0.0736781284213
64.750213623 163.693664551 128.95300293 34.2379455566
obstacle
0.0733432248235
128.974197388 174.89730835 49.7950744629 57.4524536133
obstacle
0.0729125142097
356.47543335 163.102600098 34.2557983398 44.606262207
obstacle
0.0728980600834
88.8820343018 181.828033447 118.412689209 51.6313781738
obstacle
0.0726940333843
301.752197266 164.560821533 40.8403930664 36.6462097168
obstacle
0.0702971965075
242.497665405 150.429840088 40.9650421143 57.8942871094
obstacle
0.0702146813273
77.2694778442 138.889526367 53.0527877808 54.4075927734
obstacle
0.0701380446553
242.218002319 168.966217041 33.9814300537 43.3505554199
obstacle
0.0696127563715
292.296722412 156.289749146 54.3109741211 48.5114746094
obstacle
0.067066654563
98.3685455322 192.396774292 105.243041992 40.2182006836
obstacle
0.0663962066174
238.854949951 163.597320557 168.719787598 36.6999206543
obstacle
0.0657674446702
327.941070557 173.325775146 26.5551147461 37.3271484375
obstacle
0.0657084360719
462.6355896 232.452774048 22.4517822266 44.0126190186
obstacle
0.0643742009997
147.896575928 142.141174316 200.87322998 121.409973145
obstacle
0.0642062276602
66.8314056396 110.966293335 86.979309082 68.6278076172
obstacle
0.0636279284954
453.269897461 243.489776611 46.7301025391 28.8527832031
obstacle
0.0630973577499
77.0465393066 68.2051315308 179.243225098 167.788421631
obstacle
0.0626318007708
318.585906982 169.702331543 30.2204589844 35.7594299316
obstacle
0.0610431768
77.8819732666 159.166351318 43.6898040771 39.4020690918
obstacle
0.0610060468316
444.37890625 240.459259033 50.0249023438 38.1159057617
obstacle
0.0601562559605
92.098526001 121.271766663 35.3769226074 52.7928085327
obstacle
0.0600958652794
103.105514526 127.861480713 26.7048339844 36.6404724121
obstacle
0.0593951568007
185.594970703 186.572967529 99.4463500977 44.1710205078
obstacle
0.0593198984861
39.73777771 77.9228515625 384.30645752 154.063781738
obstacle
0.0586973391473
64.5356063843 185.745285034 152.80078125 46.0649719238
obstacle
0.0583583377302
164.485931396 174.014938354 148.831451416 40.0406799316
obstacle
0.0579598098993
116.898284912 125.462982178 23.1395874023 41.4011230469
obstacle
0.0576820410788
76.6405334473 128.606613159 41.0861053467 52.7721252441
obstacle
0.0565888695419
102.37562561 164.678314209 291.987915039 89.846282959
obstacle
0.0560057014227
69.0613250732 121.341316223 92.8255004883 63.6082839966
obstacle
0.0534246191382
119.613464355 149.965316772 222.371704102 89.6442260742
obstacle
0.0525229983032
75.6039733887 117.575683594 314.796966553 138.616546631
obstacle
0.0517688058317
196.526245117 138.974105835 38.9991149902 50.4175109863
obstacle
0.0517631880939
113.962638855 186.394073486 214.147003174 41.2897338867
obstacle
0.0510470755398
120.189575195 125.650741577 22.4108581543 36.2532653809
obstacle
0.0504758507013
482.848602295 231.046051025 17.1513977051 50.930847168
obstacle
0.0500873997808
448.556243896 240.321487427 47.8229370117 27.37449646
