obstacle
0.996693611145
0.208450317383 173.741546631 277.061340332 78.2810058594
obstacle
0.97660189867
0.0 168.885665894 307.695739746 97.4815826416
obstacle
0.957127273083
28.5009384155 170.623718262 238.423858643 92.8786010742
obstacle
0.94768178463
21.8394622803 190.329574585 241.837966919 47.0686950684
obstacle
0.908971905708
0.0 153.525253296 245.673492432 99.1158752441
obstacle
0.890831947327
23.6678543091 176.810958862 238.497711182 67.5408630371
obstacle
0.728355109692
6.48783111572 180.131256104 255.762237549 50.6583862305
obstacle
0.551071107388
7.25335693359 188.981384277 300.421417236 65.6518554688
obstacle
0.547578990459
31.9241714478 147.538330078 59.2737121582 30.9529418945
obstacle
0.529969453812
0.0 149.435531616 134.271697998 27.6163330078
obstacle
0.491582989693
0.0 181.642105103 75.473236084 29.5555725098
obstacle
0.489024221897
0.822166442871 149.594940186 155.926879883 33.4163818359
obstacle
0.39343431592
0.0 150.121109009 180.140533447 86.9928283691
obstacle
0.373271852732
0.0 182.600509644 32.1804180145 31.9900512695
obstacle
0.373271852732
0.0 177.483947754 40.9209747314 35.5184326172
obstacle
0.323611915112
0.0 179.376449585 54.4803466797 29.425994873
obstacle
0.304649174213
37.7698326111 147.184356689 66.9839477539 40.6153869629
obstacle
0.291591972113
43.2529525757 183.010360718 177.329345703 58.4124755859
obstacle
0.282073795795
96.5379867554 178.158340454 144.640441895 57.6932067871
obstacle
0.281772881746
59.0905303955 176.468780518 183.96307373 60.7916870117
obstacle
0.276260733604
33.7159118652 155.081512451 58.0733184814 32.6521911621
obstacle
0.251738995314
23.9853363037 153.190719604 86.0185089111 33.7870178223
obstacle
0.246226847172
0.0 166.934936523 289.988006592 70.700378418
obstacle
0.229127123952
121.562713623 179.991455078 119.447052002 48.4284362793
obstacle
0.180255189538
109.614654541 175.283569336 117.60369873 67.1723632812
obstacle
0.169774085283
28.9676437378 166.416564941 224.432189941 118.178375244
obstacle
0.142607599497
19.0477561951 157.07774353 73.4908294678 26.0690002441
obstacle
0.133097857237
80.3762359619 181.146133423 149.02532959 65.4327392578
obstacle
0.126985162497
7.20734024048 184.206771851 54.0473861694 23.1087646484
obstacle
0.103738747537
0.0 178.832824707 98.3924560547 31.900390625
obstacle
0.101095803082
58.6329536438 193.541366577 104.916030884 40.2710571289
obstacle
0.0967129915953
102.323173523 155.892242432 41.3293685913 18.4158935547
obstacle
0.0916774570942
44.3440513611 161.450439453 56.0353279114 31.9753417969
obstacle
0.083070486784
0.0 149.62512207 360.948791504 84.330078125
obstacle
0.0709519013762
28.5805206299 147.649932861 51.8511352539 26.7279052734
obstacle
0.065682053566
0.0 177.401977539 68.2187957764 30.5973510742
obstacle
0.0648384168744
35.4639892578 142.802825928 51.7680358887 30.8291320801
obstacle
0.0621502399445
0.0 186.801361084 67.9566802979 26.4003601074
obstacle
0.0611829422414
96.3731536865 190.117736816 105.763946533 41.5476379395
obstacle
0.0599932447076
44.2309799194 181.297027588 199.909698486 45.4813232422
obstacle
0.0577963031828
43.2073440552 187.26071167 137.091064453 52.4927062988
obstacle
0.0573267973959
0.0 171.519210815 35.4754638672 37.8341674805
obstacle
0.0573267973959
0.0 177.245483398 27.9271812439 34.0690917969
obstacle
0.0572628304362
137.720932007 184.276397705 115.499542236 44.1253356934
obstacle
0.0548772253096
61.6952972412 170.297210693 169.973968506 51.0347290039
obstacle
0.05390316993
1.89896202087 174.865402222 47.3175964355 32.3285217285
obstacle
0.0537800379097
40.8700942993 144.6668396 41.6219100952 32.8755187988
obstacle
0.0536524131894
36.0251464844 178.328613281 34.115486145 22.3547973633
obstacle
0.0536524131894
29.2263259888 176.995941162 37.1510925293 22.4545288086
obstacle
0.052602250129
10.1464977264 177.113418579 55.6536712646 35.2433166504
obstacle
0.0523451454937
0.0 178.092010498 348.1640625 70.7482299805
obstacle
0.0513268150389
36.0447311401 145.799911499 39.222694397 30.8064575195
obstacle
0.0510330758989
9.32977294922 143.917892456 116.606765747 31.2659301758
obstacle
0.0508826039732
84.446975708 155.366348267 127.917510986 113.001205444
