obstacle
0.958127975464
108.249572754 155.654449463 156.165496826 99.0963134766
obstacle
0.940251410007
110.375434875 177.866226196 165.90423584 64.789642334
obstacle
0.915216267109
102.500907898 166.735031128 187.817108154 82.7497253418
obstacle
0.907979547977
105.533737183 196.694351196 172.928787231 36.8793334961
obstacle
0.875043392181
119.282920837 189.876556396 165.819122314 44.1997375488
obstacle
0.75583422184
125.379089355 141.148635864 154.615753174 111.140258789
obstacle
0.707221388817
119.7967453 186.363769531 143.179473877 58.0858154297
obstacle
0.59793317318
112.863952637 175.169342041 157.717163086 49.2711181641
obstacle
0.547829270363
116.530166626 180.713516235 147.373031616 50.1406555176
obstacle
0.353356927633
125.281494141 165.894470215 147.257019043 69.1012573242
obstacle
0.320191264153
118.736877441 166.739532471 145.073364258 46.4196166992
obstacle
0.30926528573
171.766723633 155.030593872 70.1293334961 45.846282959
obstacle
0.298103779554
139.770202637 197.930557251 127.074676514 43.8405456543
obstacle
0.297232180834
189.725509644 156.811035156 39.1264648438 25.4712524414
obstacle
0.294678032398
147.701385498 168.430999756 104.394165039 67.8549499512
obstacle
0.293841898441
178.470825195 159.230651855 48.3749084473 35.784362793
obstacle
0.274547249079
138.860473633 184.892333984 114.396362305 49.5619506836
obstacle
0.264884233475
190.471969604 158.607879639 25.368560791 23.9619750977
obstacle
0.246255740523
175.533432007 163.527618408 57.8239746094 40.4527587891
obstacle
0.246120706201
153.994110107 176.555465698 88.2655944824 59.4315185547
obstacle
0.239682838321
151.07673645 190.177490234 95.2762756348 39.9663391113
obstacle
0.239604651928
165.444824219 158.86857605 71.4524230957 36.2108459473
obstacle
0.231878265738
146.472229004 193.422988892 112.100646973 40.9887084961
obstacle
0.228547155857
164.323852539 158.761383057 89.4553833008 65.7808837891
obstacle
0.215309605002
195.63949585 161.066131592 33.0967407227 24.686706543
obstacle
0.18944837153
120.503082275 161.9193573 122.894500732 42.6126098633
obstacle
0.185730993748
180.964584351 153.697021484 22.8761901855 24.2151489258
obstacle
0.182864546776
189.591079712 161.483505249 40.1164245605 31.0051574707
obstacle
0.179201558232
156.310943604 163.227584839 81.1592102051 45.2077026367
obstacle
0.169265955687
196.960571289 157.972015381 38.6984863281 26.5041503906
obstacle
0.166174277663
157.420028687 182.103179932 104.429428101 53.8540344238
obstacle
0.157870069146
185.193069458 156.987930298 60.8692932129 42.5068359375
obstacle
0.156244933605
127.217025757 157.621994019 142.461868286 65.9029846191
obstacle
0.153905704618
176.611282349 159.230453491 66.4547119141 55.6488342285
obstacle
0.150917604566
182.803314209 164.5753479 46.8520507812 33.3504943848
obstacle
0.143368765712
129.681304932 157.588821411 108.384307861 32.5263366699
obstacle
0.137489825487
136.537734985 151.740982056 117.498260498 60.3143310547
obstacle
0.128310024738
201.458145142 149.958740234 24.2156066895 21.975189209
obstacle
0.124912977219
209.233551025 149.74671936 22.5012512207 21.2114562988
obstacle
0.120647035539
149.431137085 199.952575684 91.8561401367 31.3938293457
obstacle
0.120123013854
181.689697266 172.095031738 52.1342773438 39.6262817383
obstacle
0.109564572573
172.458740234 171.241622925 70.888458252 44.7528381348
obstacle
0.107945352793
155.261627197 169.10458374 92.7885131836 53.3871765137
obstacle
0.106687784195
125.705459595 179.822387695 92.5025939941 49.1219482422
obstacle
0.10623472929
159.656799316 206.654373169 114.124359131 34.2318725586
obstacle
0.105340279639
120.514343262 202.535354614 145.546447754 30.8530273438
obstacle
0.101388715208
142.95274353 176.796112061 31.7146606445 26.175994873
obstacle
0.100643791258
139.915359497 153.230895996 117.501449585 45.7288208008
obstacle
0.0988314673305
159.278182983 193.370040894 92.4396972656 31.1083068848
obstacle
0.0973073169589
132.024047852 195.45223999 109.995605469 36.1323547363
obstacle
0.0962336063385
132.582885742 177.090911865 60.372467041 36.6143493652
obstacle
0.0959022715688
132.937896729 161.813293457 116.910919189 32.338470459
obstacle
0.0942355692387
212.983505249 152.156204224 26.7411499023 23.5156860352
obstacle
0.0942355692387
213.042953491 148.717132568 31.0682067871 24.0218811035
obstacle
0.0934395566583
173.709609985 189.877456665 67.0018920898 27.7178344727
obstacle
0.0900545865297
157.205337524 164.689880371 71.0370483398 31.3431091309
obstacle
0.0893220975995
121.937294006 170.83291626 133.302032471 34.5110473633
obstacle
0.0863981097937
150.156036377 163.145248413 29.2426757812 25.364440918
obstacle
0.0854572802782
192.169464111 161.182479858 53.7803344727 44.0284118652
obstacle
0.0833455771208
120.842163086 186.611083984 110.988525391 43.201965332
obstacle
0.0816914588213
174.041534424 167.392730713 62.4301452637 41.8381958008
obstacle
0.0814741253853
123.998542786 172.282409668 136.56451416 47.1654663086
obstacle
0.0803873091936
134.437042236 173.833511353 61.2019348145 30.1176147461
obstacle
0.0797239094973
143.870697021 176.557098389 18.6527404785 21.4317626953
obstacle
0.0795031413436
168.075454712 165.665054321 29.0282287598 27.6141357422
obstacle
0.079076141119
177.541183472 166.501861572 69.611907959 55.4594116211
obstacle
0.0774036869407
138.906585693 186.738708496 106.050079346 37.8087768555
obstacle
0.0773880183697
150.479431152 179.910705566 95.483795166 46.0998840332
obstacle
0.0765443965793
145.395935059 180.445617676 24.2854614258 23.9339904785
obstacle
0.0765145123005
145.768218994 169.102554321 89.9736022949 36.6730651855
obstacle
0.0744532719254
168.461242676 168.272720337 68.9946594238 61.803894043
obstacle
0.0736850872636
141.467651367 188.210952759 67.5707092285 27.1358032227
obstacle
0.0735462754965
137.299926758 152.113357544 119.479187012 35.9258117676
obstacle
0.0731025412679
174.014038086 177.270629883 59.7062988281 32.1904602051
obstacle
0.0717683136463
191.331268311 159.677963257 21.5308532715 25.2356872559
obstacle
0.0715011283755
141.954727173 171.023193359 69.5366210938 29.3611755371
obstacle
0.0707410275936
129.07673645 188.961669922 81.7518005371 35.227935791
obstacle
0.0703036263585
149.497955322 163.080764771 24.0461120605 22.083984375
obstacle
0.0698827058077
134.781616211 190.200576782 43.8092041016 23.5866394043
obstacle
0.0695809498429
191.602798462 157.857147217 32.734375 26.7572021484
obstacle
0.0689284726977
119.32610321 177.122802734 142.973083496 31.9305419922
obstacle
0.0668965503573
164.387359619 193.254730225 74.7754821777 23.1980895996
obstacle
0.0666039437056
120.42036438 185.714508057 82.3095703125 37.5766906738
obstacle
0.0661231055856
163.943145752 181.543746948 78.689453125 37.4230651855
obstacle
0.0647849440575
141.217102051 177.951080322 100.462921143 37.3367614746
obstacle
0.0644565597177
129.661499023 184.921569824 137.976043701 36.9902038574
obstacle
0.0638749748468
179.701644897 161.385787964 40.2651672363 37.5091552734
obstacle
0.0630183070898
159.797241211 177.261642456 83.9440307617 34.8764343262
obstacle
0.0621508732438
146.862640381 172.569564819 37.41796875 27.8665161133
obstacle
0.0619527883828
171.991943359 172.214309692 50.8815612793 58.5523986816
obstacle
0.0616915263236
153.015640259 186.517150879 88.0551757812 32.0223693848
obstacle
0.0615911707282
184.140838623 170.021530151 33.7965393066 30.9200744629
obstacle
0.0611857995391
198.885467529 162.573226929 25.8871765137 25.2344360352
obstacle
0.0594055019319
124.827102661 178.978027344 147.266098022 37.0699768066
obstacle
0.0593052692711
153.445510864 190.58303833 83.2857971191 31.7645568848
obstacle
0.058017667383
161.354125977 180.502380371 71.7892150879 34.0982055664
obstacle
0.0578145757318
184.099487305 172.364852905 43.1039123535 33.2522277832
obstacle
0.0576835721731
143.712692261 167.268280029 82.4975891113 27.4853210449
obstacle
0.0573895163834
173.67086792 168.994552612 48.3077392578 41.814239502
obstacle
0.0572562925518
126.247207642 178.549026489 81.0571899414 27.0802001953
obstacle
0.0570258758962
165.713943481 163.091247559 71.0586853027 56.9928894043
obstacle
0.0564880892634
136.287338257 176.757354736 79.1081542969 38.4860534668
obstacle
0.0552148595452
159.603256226 183.971908569 75.4183044434 44.4230957031
obstacle
0.0530128590763
131.606277466 182.584686279 89.8729858398 31.0633850098
obstacle
0.0528631061316
139.64440918 193.453277588 89.5088195801 29.503692627
obstacle
0.0507858209312
145.069168091 180.224197388 68.9417419434 37.9147338867
obstacle
0.0503999777138
197.515014648 145.524124146 22.1413574219 22.3114929199
