obstacle
0.972727119923
215.33404541 146.007171631 88.091003418 55.2835388184
obstacle
0.928202033043
218.140930176 146.956939697 94.757019043 44.960723877
obstacle
0.922682821751
222.347991943 152.122192383 83.5914306641 36.0651245117
obstacle
0.904246628284
194.437316895 150.188812256 178.794189453 42.0723571777
obstacle
0.866606771946
205.470458984 143.968383789 125.7578125 45.5513916016
obstacle
0.848010778427
187.543151855 140.178649902 175.668212891 61.7931518555
obstacle
0.827305436134
200.38104248 150.596176147 154.717163086 49.3211975098
obstacle
0.74000877142
219.201293945 137.214813232 73.7626037598 54.7953186035
obstacle
0.704790234566
183.877105713 149.632461548 193.125610352 59.0120849609
obstacle
0.695075392723
205.241027832 147.451828003 151.828369141 35.9110412598
obstacle
0.685570001602
207.706466675 151.651672363 132.430435181 39.276550293
obstacle
0.628080010414
219.146270752 152.600204468 145.4375 79.810760498
obstacle
0.600014030933
284.699890137 162.597793579 55.9061279297 41.640625
obstacle
0.561091065407
297.039855957 159.888641357 41.5122680664 41.1618652344
obstacle
0.544103384018
272.014770508 160.103729248 74.5089111328 45.2676696777
obstacle
0.543802022934
298.834442139 160.513519287 30.0122680664 27.1461791992
obstacle
0.543799102306
267.668914795 150.091918945 82.3615722656 68.6359558105
obstacle
0.540960788727
285.093994141 165.078582764 51.2581787109 31.034942627
obstacle
0.524670660496
271.146759033 177.200363159 63.7521972656 58.1472473145
obstacle
0.518220424652
209.763366699 148.815887451 95.4465942383 36.2053833008
obstacle
0.454060703516
274.95300293 159.49041748 68.5001831055 63.6887207031
obstacle
0.40776720643
278.266601562 157.398101807 71.7586669922 41.9242858887
obstacle
0.397746652365
277.663421631 159.761322021 57.9636230469 54.4507751465
obstacle
0.397522866726
276.56552124 186.455932617 61.91015625 37.8787841797
obstacle
0.394115120173
204.408416748 141.025878906 194.522399902 62.8481750488
obstacle
0.392857640982
293.627471924 167.774200439 45.1246337891 29.509185791
obstacle
0.388815879822
288.969787598 166.971038818 41.143371582 41.6281738281
obstacle
0.387875080109
264.545776367 181.364334106 76.560546875 50.9145507812
obstacle
0.382874071598
274.656280518 195.570953369 55.4379882812 28.7241821289
obstacle
0.376369804144
276.896453857 155.804855347 80.9349365234 64.5576171875
obstacle
0.373530745506
206.771209717 155.607452393 87.6982421875 37.2898864746
obstacle
0.36420917511
280.50213623 192.841064453 59.7963867188 35.2682189941
obstacle
0.322171777487
270.507263184 193.285614014 54.6181030273 32.8144226074
obstacle
0.313161283731
279.376159668 166.658889771 74.7789916992 49.4796142578
obstacle
0.313133835793
283.435546875 169.258834839 67.2072753906 38.9652709961
obstacle
0.310432434082
279.659881592 162.939727783 45.0518188477 58.2188415527
obstacle
0.298056066036
287.268280029 153.227752686 58.7818603516 34.5410766602
obstacle
0.285627782345
265.693084717 158.020889282 73.2971191406 50.8420715332
obstacle
0.284873247147
297.585388184 155.311050415 58.4416503906 32.9546813965
obstacle
0.281332850456
217.22492981 158.97328186 154.785873413 41.0595703125
obstacle
0.279893100262
243.385498047 155.594390869 126.575927734 68.2388916016
obstacle
0.276932150126
313.527832031 159.612304688 26.5948486328 32.8638305664
obstacle
0.276932150126
317.576629639 160.757263184 25.8133544922 30.9336853027
obstacle
0.269237518311
295.573791504 161.237838745 64.328125 35.8217468262
obstacle
0.268586575985
263.320617676 178.069351196 84.667175293 46.790802002
obstacle
0.263422906399
310.134643555 164.54725647 37.4009399414 31.5667724609
obstacle
0.262438237667
283.118011475 167.727630615 64.3576049805 32.0865783691
obstacle
0.257317274809
206.183624268 142.491699219 156.692993164 77.7016296387
obstacle
0.255089938641
271.16973877 184.430297852 44.6846923828 41.266998291
obstacle
0.250912755728
269.88293457 151.427810669 69.6313476562 80.7658996582
obstacle
0.24180996418
304.097015381 169.04927063 29.8580322266 31.4557189941
obstacle
0.241396203637
271.421691895 172.519439697 56.9707641602 54.9682006836
obstacle
0.235073402524
276.345611572 174.915084839 32.2129516602 45.9039916992
obstacle
0.234478414059
278.663208008 167.922653198 34.8473510742 48.0968017578
obstacle
0.231385648251
254.265792847 148.115386963 102.77406311 65.327331543
obstacle
0.226497679949
281.156646729 179.317825317 65.8473510742 43.8367614746
obstacle
0.226342618465
273.217681885 166.260498047 81.0623779297 73.4398803711
obstacle
0.22551637888
267.270721436 170.991455078 71.247253418 53.2914123535
obstacle
0.2215898633
281.206726074 176.06942749 27.3375244141 32.7463989258
obstacle
0.220509201288
272.243225098 167.060836792 44.0770874023 51.8423461914
obstacle
0.215629786253
273.143951416 187.548995972 49.1793823242 34.0916748047
obstacle
0.213026493788
285.485595703 171.14440918 58.6741333008 46.1036987305
obstacle
0.210290059447
308.081054688 177.83644104 24.9721679688 24.5958251953
obstacle
0.20766197145
316.231536865 166.352493286 35.7979125977 25.652923584
obstacle
0.205823466182
277.01776123 176.194610596 41.7247314453 42.8623657227
obstacle
0.204981848598
281.419006348 172.638687134 34.186706543 38.3124694824
obstacle
0.204795405269
250.521362305 155.980316162 93.9419555664 57.385925293
obstacle
0.199565902352
217.01991272 151.104156494 109.399765015 52.8977966309
obstacle
0.197930634022
282.298828125 166.346221924 57.2115478516 58.5610961914
obstacle
0.194476932287
263.186798096 169.501434326 90.0992431641 50.6198425293
obstacle
0.188484624028
276.710388184 183.371414185 20.862487793 31.662109375
obstacle
0.186859309673
277.583557129 174.329818726 77.4584350586 56.2579650879
obstacle
0.186263918877
196.016723633 134.830825806 160.522399902 77.4805603027
obstacle
0.183239236474
315.915710449 158.09262085 20.1408081055 28.2644042969
obstacle
0.183239236474
318.476806641 158.124588013 20.3046264648 26.9731140137
obstacle
0.174703657627
299.539642334 177.83253479 26.6940917969 28.0661010742
obstacle
0.174071699381
286.100494385 183.929214478 28.7599487305 23.8569335938
obstacle
0.173873692751
275.985046387 190.559860229 32.5893554688 29.5678710938
obstacle
0.172989010811
297.028808594 179.640136719 43.6080932617 38.7575378418
obstacle
0.172752708197
284.186523438 184.650878906 23.8301391602 19.8551025391
obstacle
0.1725166291
289.903442383 174.761642456 31.0923461914 32.9280395508
obstacle
0.172205626965
274.421142578 179.522888184 58.0778808594 41.6274414062
obstacle
0.16951175034
280.034912109 188.427841187 22.1267089844 25.9450378418
obstacle
0.166984438896
278.124847412 188.89100647 40.4736328125 31.0635681152
obstacle
0.15481762588
258.482391357 165.97467041 102.991088867 64.161529541
obstacle
0.152942404151
294.570007324 190.256713867 30.0451049805 21.5597229004
obstacle
0.152837619185
225.336547852 162.494049072 146.185668945 56.1629638672
obstacle
0.151810154319
276.626800537 179.713012695 22.0595092773 24.6176147461
obstacle
0.148646369576
288.888397217 195.602706909 46.3951416016 27.7597961426
obstacle
0.140042200685
319.145751953 177.431365967 19.850769043 24.443939209
obstacle
0.140042200685
316.005889893 174.128082275 25.3724975586 23.4975585938
obstacle
0.136980906129
293.191680908 191.42956543 40.7227783203 29.1833496094
obstacle
0.130596235394
289.959503174 162.166763306 41.2588500977 62.2867126465
obstacle
0.129868045449
303.724975586 143.645477295 40.3016357422 30.859954834
obstacle
0.128860995173
311.387115479 178.449371338 19.2030639648 25.2542419434
obstacle
0.128094241023
270.822814941 174.014984131 40.9450073242 49.9215393066
obstacle
0.127249136567
289.436309814 166.326934814 34.352355957 51.0297851562
obstacle
0.127114236355
260.974090576 186.22064209 91.0751342773 43.551574707
obstacle
0.12700098753
324.487609863 158.674514771 21.3615722656 26.0070495605
obstacle
0.124844528735
277.619903564 186.72946167 28.6045532227 29.7227783203
obstacle
0.123976111412
284.532653809 168.420623779 46.0841064453 50.6136169434
obstacle
0.123878642917
274.561859131 181.48008728 31.6871337891 38.3940734863
obstacle
0.121146157384
283.48425293 192.978820801 48.7030029297 26.8598327637
obstacle
0.116582274437
238.181655884 159.02494812 122.157333374 54.8171691895
obstacle
0.11655601114
304.071624756 150.516601562 46.7416992188 29.5042114258
obstacle
0.114694453776
276.391815186 177.072265625 24.0449829102 36.6940612793
obstacle
0.114244699478
279.370117188 179.755126953 32.4005737305 44.702545166
obstacle
0.112546607852
247.932128906 164.270629883 103.405273438 53.6633911133
obstacle
0.112220600247
294.715484619 184.840301514 49.7691040039 37.2133483887
obstacle
0.111366614699
305.123260498 191.169509888 24.6990356445 21.0807189941
obstacle
0.110982149839
332.727355957 163.602127075 21.7839355469 23.9322814941
obstacle
0.110393814743
269.199310303 192.144332886 47.0661010742 37.509765625
obstacle
0.108102962375
288.380615234 170.088165283 58.9682617188 60.1716308594
obstacle
0.107699900866
280.596130371 185.025466919 34.4997558594 30.7353820801
obstacle
0.106017738581
281.497711182 168.840820312 47.8956298828 34.9959716797
obstacle
0.10584192723
278.50189209 181.116531372 28.3803710938 25.998626709
obstacle
0.105432376266
206.086730957 153.097503662 181.835632324 65.0272216797
obstacle
0.104270748794
270.693054199 173.907409668 66.0575561523 40.9289855957
obstacle
0.10391587019
296.9921875 169.172714233 27.8480834961 43.1870422363
obstacle
0.10340923816
298.708435059 189.281417847 21.8394775391 21.4212646484
obstacle
0.103368878365
275.667480469 178.875137329 26.5943603516 45.0424194336
obstacle
0.103215515614
275.620483398 187.630554199 20.5845947266 26.2872314453
obstacle
0.102699838579
309.258850098 161.70249939 55.8026123047 31.3021850586
obstacle
0.102612428367
277.759155273 183.661712646 50.9752197266 42.6726074219
obstacle
0.102300673723
212.86807251 160.20413208 58.303894043 37.5335998535
obstacle
0.101678937674
267.234802246 165.431533813 65.3965454102 74.7303161621
obstacle
0.101405881345
283.304962158 153.738922119 50.1412963867 77.6794433594
obstacle
0.0980757474899
273.814971924 156.659713745 52.3137207031 77.7445678711
obstacle
0.0910583287477
212.449493408 157.709014893 70.3897094727 36.1557922363
obstacle
0.0888397246599
267.461883545 185.273757935 55.2855224609 44.7163391113
obstacle
0.088549181819
288.5418396 161.900848389 65.3659057617 73.0715637207
obstacle
0.0879933014512
239.277099609 156.393280029 125.916687012 39.9057617188
obstacle
0.087961666286
285.766967773 184.991867065 48.0760498047 39.8170776367
obstacle
0.0877722203732
307.548156738 189.845718384 20.3247680664 20.7647094727
obstacle
0.0874099358916
291.528778076 165.217941284 47.2571411133 53.6131591797
obstacle
0.087044171989
284.684783936 186.378448486 26.1409301758 33.0508117676
obstacle
0.0857186689973
283.820465088 174.193969727 54.6685180664 61.8629455566
obstacle
0.0853263363242
279.012939453 194.421340942 45.618347168 26.9924316406
obstacle
0.0845752879977
224.751724243 141.098709106 108.612991333 42.3745727539
obstacle
0.0824928432703
274.977996826 183.080307007 22.4896850586 19.7791748047
obstacle
0.0792266055942
250.874816895 178.559509277 100.440490723 39.8901672363
obstacle
0.0783683881164
282.519470215 163.856048584 39.2292480469 45.2674560547
obstacle
0.0779142826796
276.78692627 166.014724731 50.6913452148 46.0433349609
obstacle
0.0763186067343
304.085418701 184.5262146 34.6824951172 35.4423217773
obstacle
0.0759451761842
278.74798584 178.616943359 23.1871948242 32.0297851562
obstacle
0.0759421810508
276.597473145 186.254943848 16.6320800781 31.7737121582
obstacle
0.0734303593636
299.826538086 167.722259521 66.7125244141 31.3405151367
obstacle
0.0718742236495
269.085479736 168.952941895 61.2593994141 49.2971191406
obstacle
0.0699383094907
303.075622559 165.043914795 46.7203979492 27.8510437012
obstacle
0.0694372132421
222.014297485 144.864929199 123.526382446 32.6721191406
obstacle
0.0690829083323
267.748718262 190.364120483 39.9493408203 40.2221069336
obstacle
0.0687889605761
294.45513916 164.592285156 30.4591064453 38.2209472656
obstacle
0.0668651908636
276.564941406 170.238037109 67.3125 27.7026062012
obstacle
0.0648222267628
273.975860596 181.718048096 25.7240600586 29.0556640625
obstacle
0.0637876391411
257.096313477 157.48135376 80.1150512695 43.5206604004
obstacle
0.0635832026601
264.083007812 182.822555542 78.3822021484 37.6110229492
obstacle
0.0634135603905
303.932098389 160.520736694 19.2888793945 32.8890991211
obstacle
0.0632587373257
297.956481934 195.247177124 34.181640625 29.1051025391
obstacle
0.0630379617214
297.950164795 172.09161377 49.2141723633 39.6671447754
obstacle
0.062503516674
279.692016602 171.652496338 47.0350952148 68.8855285645
obstacle
0.0613284595311
243.354202271 159.9246521 85.0451812744 57.7857971191
obstacle
0.060604725033
310.466674805 171.467468262 21.2337036133 29.8694763184
obstacle
0.0596076026559
216.545318604 160.032775879 120.487731934 29.1345214844
obstacle
0.0579990670085
223.765731812 149.11277771 118.567703247 35.7916870117
obstacle
0.0566065758467
295.547973633 162.607498169 35.1985473633 49.8594360352
obstacle
0.0559271499515
208.372421265 149.111129761 141.668045044 26.9288024902
obstacle
0.0557822287083
305.033355713 162.571395874 27.7416992188 45.0730895996
obstacle
0.0553624890745
267.061309814 180.629074097 48.3073120117 54.2085266113
obstacle
0.0537812002003
275.754241943 181.880691528 17.979675293 24.4359130859
obstacle
0.0536039620638
249.531448364 154.141647339 81.799331665 41.8581542969
obstacle
0.0521466508508
302.752502441 169.450134277 37.6947021484 39.3258361816
obstacle
0.0504406765103
209.089355469 154.336654663 139.075256348 28.7522888184
obstacle
0.0501801967621
276.064544678 159.416717529 45.0034179688 88.2492980957
obstacle
0.0500800311565
262.930480957 193.601852417 75.66015625 33.834777832
