obstacle
0.976425468922
310.056274414 95.4146270752 68.3569335938 17.6752166748
obstacle
0.970636665821
300.102935791 91.8288650513 77.4216308594 19.1910705566
obstacle
0.968363761902
306.376068115 98.7790222168 73.0123901367 17.1098937988
obstacle
0.965883433819
291.291412354 89.5900878906 88.7923583984 19.7890777588
obstacle
0.954935073853
299.329315186 99.6594238281 81.7592163086 18.7655334473
obstacle
0.951616704464
311.690795898 90.0691070557 63.5715332031 17.9596405029
obstacle
0.944222509861
318.888397217 91.6140975952 61.6935424805 20.9722595215
obstacle
0.942832291126
297.35949707 83.5436859131 89.4940795898 25.1695861816
obstacle
0.936057031155
310.905029297 100.183555603 48.3572998047 17.2779083252
obstacle
0.931899785995
313.42098999 92.4641647339 49.2478637695 18.5183563232
obstacle
0.896912574768
290.437774658 99.5880203247 85.6139526367 15.6782836914
obstacle
0.859549403191
119.355125427 179.674301147 198.683868408 28.4703979492
obstacle
0.852826237679
62.7882995605 179.610015869 278.394042969 55.2950439453
obstacle
0.850133895874
114.537986755 179.194152832 188.549682617 35.8201904297
obstacle
0.805066585541
109.386566162 187.033813477 193.72756958 33.3474121094
obstacle
0.800844550133
149.826797485 174.368911743 143.936508179 36.3003234863
obstacle
0.784249603748
160.658233643 171.499099731 102.186553955 53.6905212402
obstacle
0.754105687141
84.5623626709 170.029891968 260.908447266 60.2854919434
obstacle
0.713784694672
169.273208618 173.993347168 82.8784179688 43.839630127
obstacle
0.693855404854
152.54901123 179.104904175 110.533203125 39.5206604004
obstacle
0.690591573715
145.315490723 174.206115723 128.521118164 46.5465698242
obstacle
0.618199706078
132.172363281 159.742080688 180.608642578 76.606842041
obstacle
0.585407733917
145.297576904 170.608444214 172.801269531 35.7894897461
obstacle
0.571352005005
164.372161865 179.264175415 107.632446289 35.2048950195
obstacle
0.558649599552
444.068572998 115.358512878 22.7080688477 23.3035354614
obstacle
0.538448035717
441.273284912 117.20174408 36.9255981445 22.3700790405
obstacle
0.538123965263
448.88180542 116.37966156 21.7217407227 17.8111038208
obstacle
0.538123965263
450.838195801 117.103012085 18.6239624023 20.8871459961
obstacle
0.535671412945
109.427513123 171.452987671 195.04006958 66.9606628418
obstacle
0.531748533249
445.404022217 113.910614014 35.2266235352 25.8829803467
obstacle
0.530010461807
155.896713257 182.626953125 98.5213623047 30.3268432617
obstacle
0.527555525303
446.974822998 114.896629333 36.5057983398 19.130241394
obstacle
0.523652553558
447.038635254 117.458267212 19.2015380859 20.606262207
obstacle
0.51088321209
450.521911621 113.299217224 33.3958129883 23.5111465454
obstacle
0.51088321209
448.687438965 110.360015869 32.1613769531 21.7633209229
obstacle
0.510740995407
330.720794678 100.099517822 47.36328125 15.7521972656
obstacle
0.495425611734
129.325408936 176.820114136 147.72366333 49.3348083496
obstacle
0.492586791515
454.151885986 116.581893921 19.1948242188 20.0702362061
obstacle
0.471505016088
449.947906494 120.520606995 19.1917724609 23.4221115112
obstacle
0.471246927977
144.45942688 180.121734619 125.389511108 50.2976989746
obstacle
0.463267296553
175.78338623 179.757858276 73.5698852539 26.7480163574
obstacle
0.455292522907
440.605010986 111.70174408 34.033996582 30.5480117798
obstacle
0.443753868341
441.255004883 111.351646423 25.2086791992 20.8723678589
obstacle
0.439140558243
110.922035217 206.480712891 76.5641403198 21.5945129395
obstacle
0.418304592371
284.102935791 86.5388336182 106.394104004 47.1822662354
obstacle
0.403257966042
454.488708496 119.551551819 18.801574707 21.0150985718
obstacle
0.403257966042
451.983917236 124.559585571 18.1403808594 19.0465698242
obstacle
0.398578107357
441.91998291 117.888710022 24.0372924805 24.6052322388
obstacle
0.398578107357
444.53894043 121.873382568 20.4455566406 24.468536377
obstacle
0.398578107357
447.093597412 124.219345093 19.3478393555 20.4942016602
obstacle
0.381775230169
140.195922852 181.583724976 106.204559326 35.8399658203
obstacle
0.332850962877
447.502929688 116.860534668 32.1131591797 27.4973144531
obstacle
0.315095812082
166.936981201 171.930786133 114.953704834 32.7207336426
obstacle
0.308162301779
89.4480819702 194.500534058 165.614135742 28.6578674316
obstacle
0.289962857962
134.29800415 187.962646484 112.747589111 33.0172119141
obstacle
0.285229444504
110.575202942 205.461578369 89.5670089722 27.5576782227
obstacle
0.277541428804
442.285491943 120.126914978 29.7673339844 25.2463302612
obstacle
0.256180763245
115.16847229 201.101028442 75.3908081055 25.8548583984
obstacle
0.246373146772
111.07762146 191.325134277 152.599868774 30.5471496582
obstacle
0.234088391066
110.889205933 198.207672119 90.8286132812 26.6778259277
obstacle
0.232997909188
157.272872925 170.512008667 102.784072876 36.8508300781
obstacle
0.220979124308
64.5657043457 176.015457153 331.911804199 51.4605712891
obstacle
0.207413703203
104.950042725 203.850219727 82.0752868652 19.3774414062
obstacle
0.198613151908
444.809265137 111.669677734 20.8399047852 17.2530822754
obstacle
0.198613151908
443.576812744 108.989334106 21.0197143555 17.8564910889
obstacle
0.190915971994
85.4269485474 199.709564209 131.554962158 24.281036377
obstacle
0.162016257644
124.501449585 196.204681396 88.5895690918 30.7028503418
obstacle
0.160087749362
443.520568848 116.733520508 41.7658691406 20.3030700684
obstacle
0.158230394125
114.59186554 204.420059204 59.9967269897 20.2647399902
obstacle
0.155405715108
442.306854248 118.227989197 41.7660522461 26.5951766968
obstacle
0.128032118082
135.129928589 186.425231934 86.4290161133 31.0990600586
obstacle
0.116044119
174.643066406 167.165710449 98.4327697754 31.557434082
obstacle
0.107534497976
434.477081299 108.802833557 55.8727416992 20.8811264038
obstacle
0.0986878573895
442.241912842 107.714492798 20.2578735352 20.9173736572
obstacle
0.0986878573895
443.486328125 110.440467834 20.0849609375 20.2043991089
obstacle
0.0973246991634
450.718383789 119.266746521 20.5525512695 21.5464706421
obstacle
0.09724252671
445.401306152 115.982551575 18.2504272461 25.1811599731
obstacle
0.0966611132026
125.454101562 194.793151855 106.199737549 29.5190734863
obstacle
0.0966076925397
438.096252441 118.913238525 39.865234375 23.9918212891
obstacle
0.0928488746285
168.427383423 172.546829224 111.228988647 25.2669677734
obstacle
0.090063162148
446.579986572 115.020820618 22.1649780273 21.7431106567
obstacle
0.090063162148
448.880432129 115.495536804 19.0009765625 25.5386123657
obstacle
0.087338142097
95.2509307861 208.202056885 80.6481018066 20.2893371582
obstacle
0.0835154429078
138.885055542 187.352508545 99.6633605957 40.3862915039
obstacle
0.0813248902559
162.658096313 163.084335327 91.5014038086 38.8691711426
obstacle
0.0806278586388
433.93347168 115.230300903 38.4290161133 31.4420471191
obstacle
0.0792381688952
116.272079468 197.179992676 72.6399230957 22.9436950684
obstacle
0.0729364678264
162.507904053 190.165161133 38.6884460449 18.5734863281
obstacle
0.0707297548652
445.607635498 110.135978699 37.2363891602 25.7986221313
obstacle
0.0698604956269
166.843048096 171.547439575 77.5685424805 36.0760192871
obstacle
0.0694331899285
172.872833252 161.84413147 75.8179016113 46.9012451172
obstacle
0.0693736076355
437.606018066 111.220481873 24.4106445312 23.7178726196
obstacle
0.0682506114244
157.633010864 183.777770996 86.4217224121 24.3489074707
obstacle
0.0677597001195
147.232086182 195.630508423 50.4527587891 23.3575439453
obstacle
0.06591796875
163.194442749 179.139587402 76.0637512207 27.0821838379
obstacle
0.0656476020813
442.921234131 123.975036621 20.8681030273 25.4532165527
obstacle
0.0656476020813
440.003448486 120.002624512 24.5379638672 25.5956420898
obstacle
0.0618783868849
159.334442139 163.552398682 141.747711182 37.1070556641
obstacle
0.0610525347292
439.755554199 114.137840271 41.0546264648 20.4710617065
obstacle
0.0599357821047
168.584899902 188.94720459 75.6414489746 36.8518066406
obstacle
0.0598998293281
309.784088135 108.937492371 69.6510620117 14.2613372803
obstacle
0.0590457469225
95.4475631714 188.973297119 178.751800537 25.1386413574
obstacle
0.058255661279
127.267280579 173.418899536 174.621948242 34.0236206055
obstacle
0.0581147074699
99.0839691162 213.276885986 61.2877197266 18.521484375
obstacle
0.0572778917849
140.407714844 183.504959106 94.2919006348 28.4928588867
obstacle
0.0568816922605
142.672058105 171.702484131 165.205627441 27.7695617676
obstacle
0.0566182993352
121.442062378 199.211624146 60.9602050781 25.6000671387
obstacle
0.0541027598083
135.363616943 179.795761108 146.227722168 27.8957519531
obstacle
0.053946711123
337.368713379 98.140838623 37.5876464844 14.5157318115
obstacle
0.0536257997155
120.580505371 189.046646118 139.796722412 26.3748474121
obstacle
0.053602013737
431.326019287 116.864356995 43.7755737305 23.6212997437
obstacle
0.0530487969518
106.929191589 213.010040283 61.2158279419 19.7556762695
obstacle
0.0526431053877
454.735992432 123.659080505 19.2734375 19.0464859009
obstacle
0.0526431053877
452.221984863 128.263137817 18.5947875977 17.2715759277
obstacle
0.0525147020817
137.002258301 166.170837402 151.20022583 41.6267700195
obstacle
0.0520373731852
165.27911377 188.335449219 33.7994689941 18.8541259766
obstacle
0.051740437746
449.390350342 121.338104248 18.8984375 27.9197692871
obstacle
0.0515697486699
166.130859375 182.458679199 70.0112304688 28.3590393066
obstacle
0.0511405132711
178.252304077 180.936721802 62.454864502 20.9337768555
obstacle
0.05083405599
109.878074646 202.123718262 67.9815139771 19.7389831543
