obstacle
0.998381495476
13.7481193542 25.0426063538 112.965637207 29.0200576782
obstacle
0.992364764214
71.0105438232 116.124038696 380.055297852 85.3602294922
obstacle
0.966078698635
61.0854911804 32.4088668823 65.1414489746 18.5031814575
obstacle
0.962912857533
19.8202972412 21.7090911865 106.429550171 26.768699646
obstacle
0.94411021471
200.095367432 120.587783813 187.106933594 70.4805908203
obstacle
0.921615421772
41.0000534058 28.9074859619 83.5626983643 23.4941253662
obstacle
0.911111176014
44.1050453186 32.9615745544 79.7778320312 22.6848907471
obstacle
0.907327950001
91.8428955078 38.3844833374 36.5361480713 16.7925872803
obstacle
0.907327950001
95.8506317139 40.3785591125 25.2666473389 16.5346984863
obstacle
0.903493106365
67.9749755859 37.3981056213 56.9817504883 17.471496582
obstacle
0.903493106365
72.4764251709 33.5379943848 52.4786682129 19.7030258179
obstacle
0.898826360703
32.7659606934 25.1157436371 88.9033050537 25.2025241852
obstacle
0.874833166599
29.5074691772 22.1232681274 86.0157012939 24.7542419434
obstacle
0.86906927824
84.4152908325 40.8283576965 30.9394836426 16.4084777832
obstacle
0.852081775665
369.641418457 52.1898803711 97.0372924805 17.3818817139
obstacle
0.849854886532
37.8207168579 24.8651924133 80.8487243652 20.6799240112
obstacle
0.846926748753
357.291870117 54.380027771 76.1246948242 16.8677520752
obstacle
0.845818400383
218.941467285 113.705833435 170.875732422 71.0987014771
obstacle
0.845105946064
207.685760498 113.199523926 182.596252441 92.8268432617
obstacle
0.793166875839
251.717559814 109.65625 124.538818359 82.6921081543
obstacle
0.767448425293
152.163269043 112.558837891 259.098327637 91.4296569824
obstacle
0.748486340046
157.242141724 123.270500183 240.836898804 53.8340377808
obstacle
0.702766001225
230.320571899 55.2038955688 24.6856994629 22.6110076904
obstacle
0.693804860115
195.361480713 131.836486816 186.534912109 55.2710571289
obstacle
0.643677949905
261.309661865 117.189224243 109.174865723 57.5139160156
obstacle
0.620152652264
84.3116760254 95.1932678223 336.051696777 107.868469238
obstacle
0.58370912075
235.347442627 52.9879226685 20.4727172852 21.2651443481
obstacle
0.578681886196
228.071685791 52.8679656982 38.1411743164 23.1328582764
obstacle
0.578681886196
227.316040039 48.0186233521 34.410949707 21.0621261597
obstacle
0.577925682068
241.103027344 120.284385681 92.4419555664 76.3641433716
obstacle
0.569854080677
224.56439209 49.129360199 25.2808532715 21.413028717
obstacle
0.513147056103
229.91217041 51.5486907959 20.8174438477 18.924331665
obstacle
0.513147056103
228.745285034 50.0311546326 18.7102355957 22.320941925
obstacle
0.513147056103
228.717758179 51.1372871399 25.4454345703 23.642780304
obstacle
0.513147056103
235.394119263 51.3740844727 18.5733947754 20.2431640625
obstacle
0.478723406792
241.81590271 114.628662109 108.767776489 73.7445373535
obstacle
0.462075352669
118.379745483 116.092544556 310.563232422 75.628326416
obstacle
0.453764796257
68.2649002075 139.143295288 248.895080566 54.0327453613
obstacle
0.450919121504
232.165527344 48.7489356995 21.0089111328 21.3200950623
obstacle
0.444998979568
236.690856934 48.1253356934 18.772277832 21.078994751
obstacle
0.425790816545
144.202957153 137.598999023 130.55241394 54.1950073242
obstacle
0.422516703606
45.7560424805 130.070785522 383.100097656 70.9557800293
obstacle
0.410806715488
381.975158691 47.9210700989 82.6746826172 16.3046569824
obstacle
0.410806715488
385.877624512 51.7903594971 74.3068237305 15.8221969604
obstacle
0.409604668617
64.5234222412 158.447814941 92.4872741699 41.1952209473
obstacle
0.402028232813
223.97517395 45.6327362061 28.7260437012 23.8573303223
obstacle
0.375629127026
66.6617584229 146.380447388 213.163314819 51.4912719727
obstacle
0.370194196701
91.8958740234 121.966056824 298.895996094 78.728553772
obstacle
0.34553784132
128.374740601 133.659545898 160.220108032 64.6422729492
obstacle
0.345179438591
126.465049744 137.630065918 183.059539795 51.0410461426
obstacle
0.31469681859
351.511230469 51.1448822021 74.8134155273 17.5407104492
obstacle
0.298914968967
225.6065979 46.0589141846 18.753112793 21.3715744019
obstacle
0.298219591379
77.2306976318 134.808364868 228.784988403 48.6488952637
obstacle
0.293366104364
210.515960693 129.846206665 137.624328613 58.6797180176
obstacle
0.28478038311
268.055328369 124.136207581 87.5635375977 48.6913375854
obstacle
0.277381300926
81.1574707031 138.088928223 204.349029541 65.0413818359
obstacle
0.237986728549
227.44203186 35.2657966614 20.3665161133 29.6883087158
obstacle
0.220506995916
261.604797363 125.003173828 83.1981811523 55.0326538086
obstacle
0.216487765312
71.5073471069 159.130813599 69.5085220337 38.8387451172
obstacle
0.198741495609
225.51373291 39.8034896851 50.4600830078 26.2887191772
obstacle
0.185204669833
218.687088013 133.068878174 122.667709351 47.1709899902
obstacle
0.184550091624
358.749511719 59.1314201355 69.872253418 16.245388031
obstacle
0.178014785051
28.5372962952 15.4200706482 85.3833618164 35.3277282715
obstacle
0.170055031776
251.662811279 104.878555298 123.419921875 118.671020508
obstacle
0.166718110442
245.73727417 126.852005005 78.6235961914 53.5765380859
obstacle
0.137722566724
234.485809326 55.9668998718 22.7619934082 22.2980613708
obstacle
0.13433547318
137.040252686 130.417221069 152.926300049 52.7967529297
obstacle
0.126890078187
224.775436401 55.8498001099 43.3177337646 24.3722991943
obstacle
0.126890078187
224.350860596 50.7214813232 39.067565918 22.1856079102
obstacle
0.118346430361
220.066802979 43.0794715881 29.1780700684 27.7759208679
obstacle
0.116157278419
231.348114014 45.8441238403 20.8122253418 26.7188110352
obstacle
0.115727283061
239.0887146 109.858520508 131.446411133 52.3415527344
obstacle
0.112190827727
228.15171814 31.1339015961 17.4901733398 34.9580230713
obstacle
0.111687615514
222.94078064 43.5917472839 18.1753234863 25.4299964905
obstacle
0.109377168119
232.401397705 122.25138855 137.761474609 64.2151184082
obstacle
0.108133271337
80.8112030029 136.735733032 316.856201172 43.5810546875
obstacle
0.106494650245
94.3547363281 130.16394043 180.088317871 66.9064331055
obstacle
0.106042996049
217.806167603 45.8972511292 51.8354034424 23.4807167053
obstacle
0.105827793479
232.170959473 52.936832428 20.3645019531 26.5149726868
obstacle
0.103666067123
265.293945312 119.823295593 78.2366943359 48.8876876831
obstacle
0.102379344404
235.570953369 45.5539093018 20.0932617188 26.5561141968
obstacle
0.0922980830073
238.013580322 55.1753692627 16.4844665527 22.0057830811
obstacle
0.0904883369803
201.208953857 110.851799011 167.691955566 54.2356948853
obstacle
0.0870033875108
271.229370117 117.751159668 82.8079223633 44.185546875
obstacle
0.0860122963786
222.660186768 45.0698394775 40.2887268066 24.0119781494
obstacle
0.0857999697328
249.700790405 126.388565063 97.3428497314 44.453338623
obstacle
0.0850332900882
222.656402588 47.7592391968 22.8985290527 26.4884262085
obstacle
0.0827644392848
228.274612427 45.7014007568 35.18409729 30.4856948853
obstacle
0.0815064609051
221.032028198 50.0549850464 26.5538635254 22.1083374023
obstacle
0.0771782398224
136.415206909 136.238479614 121.551345825 48.2760314941
obstacle
0.0770115107298
235.108657837 51.863609314 20.3126525879 27.9239196777
obstacle
0.0758015438914
201.493774414 129.940322876 129.096008301 42.7692260742
obstacle
0.0756594091654
244.22668457 120.651298523 114.802612305 59.3621139526
obstacle
0.0750874504447
77.1173324585 132.191467285 198.904510498 44.3374328613
obstacle
0.0733039677143
267.836273193 107.179595947 96.8825073242 53.9830627441
obstacle
0.0696603134274
228.419067383 58.7255897522 26.6871032715 23.9592552185
obstacle
0.0692728981376
78.4843063354 159.399917603 48.2146453857 37.4675292969
obstacle
0.0674132108688
244.852844238 107.230041504 90.4220581055 66.7573547363
obstacle
0.0637391507626
78.7459106445 142.542785645 265.856048584 45.5735473633
obstacle
0.0631869211793
95.2434692383 136.341796875 236.437530518 64.0048828125
obstacle
0.061816431582
276.612945557 124.293106079 47.7761230469 55.6108093262
obstacle
0.0617591366172
54.3961715698 138.226150513 231.282562256 37.5758972168
obstacle
0.0595348291099
228.269927979 54.162109375 24.2919921875 29.7260894775
obstacle
0.0587640218437
218.250854492 123.6431427 157.421691895 36.4329223633
obstacle
0.0584149062634
285.734466553 122.3826828 50.2210693359 48.5560379028
obstacle
0.0579567104578
350.002716064 46.3124923706 71.8209228516 21.6286087036
obstacle
0.0576570630074
254.438873291 121.217071533 66.0419311523 48.7053222656
obstacle
0.0574468225241
60.0591812134 146.769760132 231.346130371 40.550567627
obstacle
0.0563147813082
213.339035034 43.8821029663 62.4017181396 23.7555618286
obstacle
0.0551211424172
36.4403800964 17.4710006714 64.5986366272 25.4742622375
obstacle
0.0546127185225
24.8022003174 26.2963638306 28.1234512329 20.7409667969
obstacle
0.054422903806
69.7040328979 152.536819458 200.384613037 39.1895141602
obstacle
0.0513648241758
177.52923584 123.953712463 194.958374023 41.7449569702
obstacle
0.0511300005019
74.2501525879 164.535110474 65.6300964355 30.369140625
obstacle
0.0507463216782
184.768218994 124.585998535 75.4934387207 46.8620300293
obstacle
0.0504418872297
232.756469727 115.591194153 133.154968262 54.2865371704
obstacle
0.0502339266241
219.126419067 48.4648361206 39.7566375732 21.5302658081
obstacle
0.0502339266241
218.967697144 53.3602333069 44.0837249756 23.6493110657
