obstacle
0.392532199621
396.52557373 132.571517944 32.8439331055 30.4384155273
obstacle
0.387566864491
35.664806366 73.3571166992 119.228042603 21.3296813965
obstacle
0.383709609509
401.597808838 136.682250977 35.0313720703 35.1531066895
obstacle
0.335699409246
386.128570557 134.780014038 49.5757446289 37.8911743164
obstacle
0.332976311445
360.216918945 133.361526489 80.1331787109 40.8445129395
obstacle
0.320705860853
393.735809326 138.789520264 32.5736694336 27.8008422852
obstacle
0.316785901785
394.415496826 134.368927002 30.0588378906 40.6457824707
obstacle
0.301170319319
375.360290527 142.90385437 56.9924316406 33.4407348633
obstacle
0.298601597548
67.3902282715 143.126724243 43.03125 31.8344421387
obstacle
0.296943545341
401.845489502 134.013778687 19.2669677734 21.7069396973
obstacle
0.290167033672
365.625518799 141.795730591 58.5008544922 37.4192810059
obstacle
0.28961789608
390.61730957 145.269592285 33.4649047852 23.3095092773
obstacle
0.28961789608
388.114715576 138.111526489 30.1667480469 33.5095214844
obstacle
0.28323251009
394.691040039 137.701873779 24.5706176758 26.190246582
obstacle
0.28002384305
394.584503174 143.773605347 22.5241699219 29.1848144531
obstacle
0.28002384305
390.993682861 143.580276489 28.790222168 35.4002685547
obstacle
0.268836826086
392.586120605 141.639587402 35.932434082 41.5641174316
obstacle
0.268009722233
378.559753418 140.882217407 36.352722168 25.6637268066
obstacle
0.268009722233
377.015869141 145.695541382 39.7044677734 27.4811706543
obstacle
0.25571206212
375.871948242 146.723236084 28.4208374023 24.5715332031
obstacle
0.251721739769
70.3487701416 74.3564300537 67.0560760498 20.6719818115
obstacle
0.248538807034
379.902954102 138.934783936 37.6923828125 44.6064453125
obstacle
0.247163310647
387.092956543 137.024612427 34.5386352539 41.8005371094
obstacle
0.246659830213
367.310089111 134.477111816 61.4321289062 34.0629577637
obstacle
0.239956751466
370.140472412 145.457901001 45.9299926758 31.5752563477
obstacle
0.238220542669
384.076446533 132.456207275 33.557800293 44.1201477051
obstacle
0.237014055252
69.4849472046 149.466293335 35.0602722168 28.6687316895
obstacle
0.237014055252
73.7848052979 150.341583252 34.5918731689 30.2490844727
obstacle
0.232319176197
369.120697021 139.525817871 36.1674194336 28.6602783203
obstacle
0.225300177932
380.220092773 129.876098633 49.8469848633 36.1513366699
obstacle
0.221027553082
372.418243408 135.057785034 41.0227050781 44.0466918945
obstacle
0.220554232597
74.5532226562 139.753967285 28.5070648193 30.9810791016
obstacle
0.220305979252
369.043212891 145.726455688 35.6505126953 32.2874145508
obstacle
0.214868947864
68.9301605225 152.416000366 26.9598846436 23.6875915527
obstacle
0.212187498808
68.0002822876 147.488189697 43.7112426758 35.5294799805
obstacle
0.209160417318
387.284454346 149.087387085 28.8480224609 22.893737793
obstacle
0.205353409052
369.672821045 149.055084229 29.8963012695 33.5630493164
obstacle
0.202890381217
68.744720459 71.8278198242 58.6021728516 22.0160675049
obstacle
0.202095657587
72.9551086426 137.630432129 35.9736938477 35.7665100098
obstacle
0.199296221137
364.83505249 150.540924072 41.7596435547 33.3535766602
obstacle
0.194762229919
64.6068115234 74.7045211792 65.8968963623 23.5606689453
obstacle
0.191909044981
77.9632949829 65.1874694824 37.447265625 21.2311859131
obstacle
0.191729843616
383.384124756 147.860061646 19.9650878906 19.499786377
obstacle
0.18436819315
78.4801940918 68.6649627686 41.3592681885 22.5139465332
obstacle
0.18436819315
81.5663223267 72.0335845947 41.5465240479 21.8339538574
obstacle
0.179053470492
377.142028809 134.421783447 37.5440063477 39.0397033691
obstacle
0.178212061524
372.100585938 146.312103271 21.9146118164 25.8274841309
obstacle
0.178130447865
398.455108643 152.708404541 25.3564453125 22.8706665039
obstacle
0.176578134298
382.807617188 138.491867065 54.6345214844 38.9743041992
obstacle
0.173533916473
385.179595947 149.49168396 43.717590332 30.9066467285
obstacle
0.173474997282
79.6398468018 74.6606140137 37.0920410156 23.168838501
obstacle
0.17251946032
371.034790039 145.974761963 64.1752319336 33.9708862305
obstacle
0.172511607409
63.139957428 151.788574219 34.7396507263 23.5162353516
obstacle
0.165115833282
372.746582031 150.933883667 45.315246582 29.0896911621
obstacle
0.161151260138
77.7307052612 70.8964920044 34.4830627441 23.5653381348
obstacle
0.161151260138
76.7028198242 75.025428772 33.3254089355 26.3207397461
obstacle
0.157201558352
72.3586273193 68.3724746704 29.0979309082 25.3392944336
obstacle
0.1562641114
388.638519287 131.917602539 33.3118286133 31.4606933594
obstacle
0.154779285192
368.439697266 134.87902832 38.6405029297 38.216003418
obstacle
0.154485762119
61.4389228821 146.587677002 30.7785301208 30.1674804688
obstacle
0.151195675135
83.4360351562 131.689910889 27.5059356689 33.7514343262
obstacle
0.151072412729
66.5237503052 148.148712158 35.4403991699 25.1241455078
obstacle
0.146810621023
361.431335449 139.231948853 74.0977783203 37.6516113281
obstacle
0.142532005906
375.239044189 151.21105957 21.955871582 22.5298156738
obstacle
0.142424210906
57.2324714661 73.603187561 66.0625 25.6703796387
obstacle
0.141220629215
48.6017189026 72.6870574951 70.970703125 21.7809143066
obstacle
0.140687972307
82.3811950684 73.3089599609 56.2481536865 23.2440795898
obstacle
0.140687972307
81.8611221313 76.929145813 52.6959457397 24.6360931396
obstacle
0.139921590686
374.477752686 123.991676331 54.6778564453 35.2859115601
obstacle
0.139824002981
75.669418335 63.1933288574 33.2844390869 20.6880950928
obstacle
0.129799023271
73.4870147705 155.463897705 23.5459289551 25.4039611816
obstacle
0.128737643361
372.353271484 145.862945557 27.8549804688 23.0048217773
obstacle
0.128056302667
63.2599182129 66.5035095215 32.7082672119 24.7505950928
obstacle
0.122507043183
72.7591323853 71.4100036621 27.4385223389 27.7627105713
obstacle
0.121468998492
376.300628662 134.84614563 50.8977661133 43.4539489746
obstacle
0.119177021086
373.996337891 135.824768066 33.8479614258 48.2495117188
obstacle
0.118329115212
27.1619644165 68.4220504761 112.003349304 21.0676879883
obstacle
0.117876894772
90.7824478149 74.8077087402 33.7085723877 20.1826324463
obstacle
0.116079263389
393.457702637 133.177185059 35.1571044922 36.6480712891
obstacle
0.114922128618
379.603942871 144.123352051 41.4483032227 43.5842285156
obstacle
0.114785008132
54.0611915588 144.546630859 55.3652000427 35.9514770508
obstacle
0.11426731199
376.924438477 122.068092346 57.1164550781 32.7946243286
obstacle
0.110272534192
365.770812988 144.558837891 26.4738769531 27.6429138184
obstacle
0.107346966863
65.9094467163 70.4345245361 29.8873291016 27.864440918
obstacle
0.107009507716
83.1441192627 137.600402832 30.5192718506 34.311706543
obstacle
0.10671069473
66.5967178345 146.712371826 20.7909851074 25.0373535156
obstacle
0.105335533619
76.924949646 73.4898452759 52.9738845825 22.185836792
obstacle
0.105166435242
394.869628906 132.079376221 36.5513916016 25.871673584
obstacle
0.10417573899
69.5046005249 153.305541992 22.7477264404 25.142364502
obstacle
0.103618346155
58.8619995117 152.172866821 40.934967041 30.3464050293
obstacle
0.103430777788
41.0304450989 74.4243087769 73.7065429688 23.7600402832
obstacle
0.103314675391
83.5706787109 73.470123291 27.5004730225 25.0144348145
obstacle
0.102618895471
37.8652648926 67.8697280884 97.056930542 25.1212768555
obstacle
0.101844184101
378.612945557 135.675079346 30.0880126953 39.9755554199
obstacle
0.101731069386
65.8450622559 139.584136963 39.562210083 29.1136474609
obstacle
0.099011130631
57.1079101562 141.936279297 49.4875335693 34.3372192383
obstacle
0.0975066646934
89.6053237915 75.8281860352 52.6953964233 22.3849639893
obstacle
0.0971983894706
359.605407715 144.844360352 46.7098999023 39.4061889648
obstacle
0.0966235697269
394.096252441 128.577484131 25.8125610352 28.9342651367
obstacle
0.0965126529336
80.9826812744 69.6673202515 25.3084106445 25.7229156494
obstacle
0.0965126529336
79.8423614502 73.6461639404 24.467956543 28.7417755127
obstacle
0.0935883074999
362.866546631 143.763763428 36.5990600586 35.0256958008
obstacle
0.0916436612606
365.512908936 140.480545044 35.0260009766 33.4829101562
obstacle
0.087946780026
72.6062545776 156.313842773 28.1965789795 26.9260864258
obstacle
0.0872167125344
62.727355957 72.7456359863 49.5089111328 27.4493865967
obstacle
0.0846090093255
84.9497833252 130.122650146 24.2604370117 30.3895263672
obstacle
0.0833495929837
54.3174514771 71.9467773438 53.0414581299 23.4650268555
obstacle
0.0825384929776
77.7221603394 147.339126587 37.0270690918 33.257019043
obstacle
0.0807135999203
71.2931365967 155.051315308 36.1385498047 33.2938842773
obstacle
0.0800695642829
390.922912598 132.447509766 27.1176147461 33.6504821777
obstacle
0.0792903676629
396.633636475 154.563980103 20.8616943359 20.1666870117
obstacle
0.076936557889
83.3525161743 78.4971008301 37.5691986084 25.0627441406
obstacle
0.0741324424744
77.6864929199 75.4325637817 49.346572876 25.9282531738
obstacle
0.0725237727165
378.270721436 155.0206604 46.0745849609 28.8562011719
obstacle
0.0698398128152
64.6100692749 151.958297729 53.8895874023 28.3784484863
obstacle
0.0655101463199
88.4358444214 79.1033172607 52.3661575317 24.6982879639
obstacle
0.0645338445902
356.059326172 146.453323364 42.3906860352 40.8096618652
obstacle
0.0644727647305
371.31842041 126.349884033 66.1670532227 27.3178100586
obstacle
0.0644597038627
368.578125 130.568527222 66.0211791992 32.9681091309
obstacle
0.064380697906
68.8149261475 154.407592773 30.5430755615 27.4418640137
obstacle
0.0642379894853
49.2146759033 69.8251113892 46.1772003174 21.260269165
obstacle
0.0637301802635
370.092254639 136.321548462 68.0704345703 28.7368469238
obstacle
0.0599430687726
46.7512741089 74.0020675659 54.017578125 25.1966552734
obstacle
0.0598240531981
41.5114746094 72.5813751221 52.9008636475 20.1898803711
obstacle
0.0570279024541
369.762512207 150.906326294 26.1214599609 36.891418457
obstacle
0.0556657090783
60.7691650391 148.529205322 28.109085083 31.9033508301
obstacle
0.054618101567
51.9963607788 145.367828369 49.6223754883 31.6641845703
obstacle
0.0545119009912
387.024536133 157.228668213 42.2367553711 28.4040222168
obstacle
0.0524113252759
366.131622314 140.437591553 73.2173461914 28.7836303711
obstacle
0.0514741279185
364.801300049 153.164077759 38.3156738281 35.473449707
obstacle
0.0500041618943
68.3546447754 156.033615112 17.3236541748 24.5139770508
