obstacle
0.992673814297
228.350082397 173.834793091 87.7274932861 17.8371276855
obstacle
0.992078721523
227.122650146 168.40826416 94.2307739258 22.8317260742
obstacle
0.989204764366
230.253921509 171.396972656 97.2797698975 27.1258239746
obstacle
0.976027607918
225.574615479 169.26991272 114.567077637 27.4462280273
obstacle
0.975766718388
44.3266143799 182.329788208 135.107437134 37.7281799316
obstacle
0.975034952164
242.458221436 167.625289917 68.7470703125 23.1209411621
obstacle
0.975034952164
236.860671997 170.766159058 71.8163299561 22.0847167969
obstacle
0.972466170788
21.8348026276 224.410324097 61.7498779297 24.5182189941
obstacle
0.970643520355
44.8187599182 176.986053467 120.821533203 39.7259521484
obstacle
0.955474019051
221.510452271 171.412078857 85.4334564209 17.6793823242
obstacle
0.952552199364
20.5985565186 228.137908936 66.2668228149 27.6052856445
obstacle
0.94438380003
248.422668457 171.787078857 66.6901855469 18.6193237305
obstacle
0.93952023983
431.598144531 179.015411377 68.4018554688 21.8949890137
obstacle
0.934961974621
22.5500831604 229.219192505 85.3294525146 24.3851623535
obstacle
0.927600324154
235.892837524 173.021697998 111.909835815 27.5097961426
obstacle
0.914999186993
230.373001099 178.507415771 85.5718231201 18.1782226562
obstacle
0.909545600414
237.285980225 176.491516113 81.0991210938 18.7501525879
obstacle
0.902997970581
51.3543205261 178.30557251 97.7056121826 42.0854492188
obstacle
0.881969332695
421.681915283 173.135437012 78.3180847168 26.1996154785
obstacle
0.831433355808
221.02104187 177.673400879 78.4312286377 14.4530944824
obstacle
0.806363999844
247.842407227 174.680480957 70.8081054688 22.4917602539
obstacle
0.788624703884
31.6617355347 165.705184937 146.479675293 82.8948364258
obstacle
0.768430113792
55.7696609497 181.315704346 99.3302536011 34.7413330078
obstacle
0.76168680191
360.107543945 240.724807739 55.6264038086 24.6684112549
obstacle
0.757770657539
58.5018005371 177.953460693 83.8091430664 34.4195251465
obstacle
0.744093537331
21.3185462952 234.186553955 60.163143158 24.5419006348
obstacle
0.722731232643
255.475982666 172.104049683 74.4772949219 27.2942504883
obstacle
0.69878667593
250.506790161 175.25869751 66.8091888428 17.4863891602
obstacle
0.685699701309
392.802124023 239.811981201 74.1854858398 24.5713195801
obstacle
0.6793192029
252.805099487 170.337524414 85.1438751221 26.0791931152
obstacle
0.660268604755
254.441192627 176.042922974 85.8649902344 23.7734375
obstacle
0.640582621098
257.655456543 176.445449829 66.1956176758 20.436920166
obstacle
0.623510360718
74.0028762817 188.680450439 89.4754867554 29.5835571289
obstacle
0.613148510456
311.7762146 172.820877075 22.3051757812 28.3556213379
obstacle
0.602156817913
413.872558594 172.884796143 67.8830566406 21.822479248
obstacle
0.593482553959
354.228118896 234.705352783 125.097961426 24.1104431152
obstacle
0.58949816227
315.952270508 174.269378662 22.5769042969 22.4513244629
obstacle
0.568142354488
307.960235596 172.899353027 26.032409668 20.9559631348
obstacle
0.568142354488
310.07244873 167.752487183 23.3599243164 18.6487731934
obstacle
0.556012868881
353.989135742 245.585067749 71.6851196289 27.0086517334
obstacle
0.550361037254
366.144226074 244.180755615 78.649230957 20.8883972168
obstacle
0.537051141262
307.162384033 174.728668213 21.010559082 23.4918212891
obstacle
0.535132288933
260.174377441 178.694732666 70.8170166016 17.024017334
obstacle
0.523862481117
65.7180709839 184.185150146 86.7937393188 28.435760498
obstacle
0.518526077271
440.336303711 172.506896973 40.8003540039 16.4479370117
obstacle
0.511359930038
301.736328125 176.874160767 37.2150268555 24.5495605469
obstacle
0.511359930038
302.815307617 173.720184326 29.6386108398 25.6889038086
obstacle
0.480437785387
299.011047363 170.956665039 34.9517211914 27.4367675781
obstacle
0.474366337061
404.128448486 237.370025635 52.5883789062 22.6798400879
obstacle
0.462111085653
279.100708008 181.196517944 57.0078125 20.5209960938
obstacle
0.449409216642
436.753082275 176.019210815 63.2469177246 20.2141723633
obstacle
0.438329994678
274.432403564 172.124145508 71.4251098633 25.9508972168
obstacle
0.42210111022
391.164031982 240.205581665 62.2061767578 22.1027069092
obstacle
0.412103295326
272.992218018 176.972305298 60.2896118164 22.8164978027
obstacle
0.41084292531
299.238861084 176.45741272 28.9921264648 25.4216918945
obstacle
0.410302400589
26.6147537231 213.278961182 165.171264648 44.3969726562
obstacle
0.40788602829
341.215087891 236.792480469 113.800720215 29.9477844238
obstacle
0.40474280715
235.321044922 179.553985596 91.5372924805 20.9125976562
obstacle
0.402806192636
435.754241943 173.829452515 36.7686157227 16.6823425293
obstacle
0.390388071537
303.917480469 170.281478882 31.5993652344 23.9493408203
obstacle
0.390388071537
304.636810303 168.824569702 24.2149658203 23.650177002
obstacle
0.386438816786
239.960998535 167.614990234 64.2310791016 19.6600646973
obstacle
0.384541213512
231.048400879 163.864151001 110.783813477 29.9848632812
obstacle
0.348824083805
435.553619385 169.911148071 49.4622192383 18.1622924805
obstacle
0.34247264266
294.776428223 174.855560303 45.8148193359 29.4896240234
obstacle
0.322577595711
290.035644531 171.558914185 42.5441894531 25.4665222168
obstacle
0.312730580568
251.571472168 166.562713623 89.2026367188 26.5858154297
obstacle
0.304841250181
275.940216064 174.392211914 53.7595825195 19.9427185059
obstacle
0.289835780859
354.648284912 242.13218689 41.3323974609 24.0724334717
obstacle
0.283479124308
287.547424316 174.667541504 49.4129638672 20.4469909668
obstacle
0.28332605958
83.4328155518 212.000732422 88.0733184814 29.1145935059
obstacle
0.27424415946
360.991241455 249.236679077 56.0388793945 28.3195037842
obstacle
0.264646798372
295.399261475 172.016662598 48.5511474609 26.0765686035
obstacle
0.259429067373
291.693328857 176.225311279 56.0385131836 25.1401062012
obstacle
0.254530072212
283.590270996 171.018280029 57.4401245117 28.7186279297
obstacle
0.244240775704
280.631835938 177.7056427 63.9519042969 24.2896728516
obstacle
0.24155625701
296.542663574 173.909866333 30.7337036133 21.460357666
obstacle
0.227141782641
235.853179932 183.983322144 58.4465332031 13.8830871582
obstacle
0.216131240129
238.356536865 165.485855103 62.145690918 18.3839111328
obstacle
0.193186596036
254.694030762 183.557556152 86.1848144531 23.1828613281
obstacle
0.192305237055
299.739868164 173.903701782 25.7176513672 25.7821960449
obstacle
0.191484779119
291.601257324 173.373748779 42.8442993164 19.3434448242
obstacle
0.191446453333
299.40637207 181.948028564 30.6940917969 23.0968933105
obstacle
0.185925066471
360.041046143 237.208969116 39.5574951172 21.5045318604
obstacle
0.174266085029
281.812011719 168.42565918 58.0799560547 26.0451965332
obstacle
0.174126490951
291.444671631 176.149612427 36.8389282227 18.5500183105
obstacle
0.164444744587
88.5981292725 223.084197998 71.1497802734 18.7477111816
obstacle
0.15371415019
429.061096191 172.587692261 39.8100585938 16.352142334
obstacle
0.153295427561
352.003936768 250.703125 40.2619628906 20.6647949219
obstacle
0.146054148674
114.791412354 216.976531982 71.8975219727 23.6478271484
obstacle
0.145042151213
282.741973877 172.510604858 44.0365600586 20.9649963379
obstacle
0.141060486436
352.185150146 243.921676636 90.6973266602 24.4703826904
obstacle
0.139391615987
28.782781601 231.210922241 62.2734375 21.8456115723
obstacle
0.136653989553
307.702056885 179.730651855 22.0866699219 22.6637268066
obstacle
0.130997508764
302.787780762 180.128677368 31.4331054688 23.3198242188
obstacle
0.130997508764
301.701538086 182.986907959 39.4842529297 22.2898254395
obstacle
0.12995710969
300.445251465 172.058929443 22.883972168 22.561706543
obstacle
0.12706258893
306.765136719 169.792205811 26.7116699219 27.5810241699
obstacle
0.124906077981
86.7995529175 217.726776123 71.3677749634 19.7481689453
obstacle
0.118146561086
437.805267334 168.446426392 39.0384521484 17.087097168
obstacle
0.118072524667
297.461242676 173.841064453 38.3320922852 28.0851135254
obstacle
0.109682254493
19.58568573 222.386291504 98.3172149658 27.2326049805
obstacle
0.106170803308
292.40246582 181.815460205 49.9757080078 25.5595397949
obstacle
0.105490535498
288.148193359 170.918991089 37.8394775391 19.3618469238
obstacle
0.105098165572
204.856185913 174.696380615 167.505325317 37.731048584
obstacle
0.102997042239
409.646850586 233.016296387 41.8800048828 17.1494445801
obstacle
0.0955978929996
312.200653076 166.185577393 20.2048950195 22.9617919922
obstacle
0.0935534983873
360.573822021 237.74369812 55.379699707 22.2869415283
obstacle
0.0928659066558
440.130218506 165.111312866 45.3073730469 20.016784668
obstacle
0.0928028747439
436.13494873 170.200134277 35.3959960938 17.2138366699
obstacle
0.0919698029757
62.0619049072 190.561462402 97.6122436523 34.3805236816
obstacle
0.0918497443199
260.831237793 176.088851929 75.7229614258 31.0621643066
obstacle
0.0908896848559
361.766174316 234.409927368 35.8779907227 22.5216369629
obstacle
0.0881492942572
300.20614624 172.632492065 48.9173583984 28.4942626953
obstacle
0.0876276120543
413.797302246 236.590667725 35.5791625977 19.1962585449
obstacle
0.0863579884171
361.982513428 229.362457275 107.494689941 26.0433349609
obstacle
0.0851208120584
300.907104492 168.502807617 38.8182983398 38.3293762207
obstacle
0.0798581987619
298.04208374 179.481506348 30.0407104492 27.872833252
obstacle
0.0794881284237
417.085754395 228.748916626 37.6353759766 20.5151367188
obstacle
0.0775157809258
301.835144043 175.795272827 25.2986450195 33.4134216309
obstacle
0.0767097398639
311.397064209 175.39276123 23.879699707 29.8274230957
obstacle
0.0761547684669
415.627227783 232.221664429 38.9552612305 18.658416748
obstacle
0.0759440287948
309.334625244 173.839981079 17.9993896484 31.9257507324
obstacle
0.0750431269407
319.416870117 174.119338989 19.1900634766 26.6869506836
obstacle
0.0731442719698
415.747253418 233.12588501 33.9044799805 20.5889892578
obstacle
0.0724870562553
306.635528564 177.514846802 20.8128051758 26.348236084
obstacle
0.0719121471047
29.1033477783 221.23878479 43.7199859619 31.6771850586
obstacle
0.070621162653
288.716705322 177.991592407 45.1187133789 23.2394714355
obstacle
0.0703461244702
408.094451904 234.806930542 45.189453125 22.3798980713
obstacle
0.068846270442
287.470825195 178.068496704 52.4124755859 30.6834716797
obstacle
0.0687571242452
305.364776611 173.950820923 27.6319580078 33.6142578125
obstacle
0.0687571242452
304.960266113 177.094146729 34.6775512695 32.1091918945
obstacle
0.0685052797198
414.417480469 170.187179565 62.6055297852 22.2660827637
obstacle
0.067012257874
246.0 156.936752319 89.903137207 30.1607055664
obstacle
0.0668856948614
292.603515625 170.632263184 29.9895019531 21.4879150391
obstacle
0.0654279142618
266.186767578 162.934295654 67.9630126953 25.0194396973
obstacle
0.0653832927346
27.1193237305 222.525238037 170.522155762 40.3464050293
obstacle
0.0636634081602
362.138946533 234.116714478 50.3165893555 24.622756958
obstacle
0.0632053762674
411.495269775 229.930160522 40.1836547852 18.5698242188
obstacle
0.0628014206886
395.3465271 237.829284668 53.0840454102 21.6416015625
obstacle
0.061786301434
68.0762023926 166.737548828 47.7805175781 31.5405578613
obstacle
0.0607853010297
343.989440918 232.789382935 100.208435059 30.9399261475
obstacle
0.0604555681348
27.5014266968 212.253875732 42.6308364868 36.4448852539
obstacle
0.0603378713131
61.0114250183 173.92401123 71.5506134033 40.7619628906
obstacle
0.0589626505971
264.4737854 167.179351807 65.4304199219 25.4752197266
obstacle
0.0574010759592
285.11895752 173.236419678 42.4767456055 26.2136230469
obstacle
0.0562100224197
365.608764648 246.642288208 44.8153686523 31.5662689209
obstacle
0.0552078634501
439.329315186 164.845245361 36.710144043 19.6781616211
obstacle
0.0543140955269
265.524841309 176.060195923 59.4624023438 17.7499084473
obstacle
0.0539582818747
290.202697754 172.157653809 55.4899902344 34.8750305176
obstacle
0.0534639284015
399.650970459 239.307479858 43.4431152344 22.2221221924
obstacle
0.0532075576484
418.113342285 170.758300781 77.078918457 25.4898071289
obstacle
0.0508871898055
65.6016387939 172.58972168 69.1131744385 32.3503112793
obstacle
0.050688739866
79.1831665039 166.874572754 63.7019805908 41.4823913574
obstacle
0.0502446852624
12.5031204224 212.054244995 96.4207382202 35.7391662598
