obstacle
0.968931734562
97.4368896484 205.473358154 111.294006348 25.5822753906
obstacle
0.927958250046
340.30758667 189.929336548 55.6483154297 23.4345703125
obstacle
0.920654833317
55.3459510803 164.449966431 50.0875816345 18.6084289551
obstacle
0.865778386593
229.630096436 177.300033569 85.2854003906 19.6783752441
obstacle
0.789066672325
291.972717285 195.800857544 32.8646850586 22.7994384766
obstacle
0.73310816288
154.017349243 172.7394104 37.3661499023 16.1183776855
obstacle
0.570297300816
311.948577881 192.414932251 18.1635742188 17.8526916504
obstacle
0.394255459309
168.177764893 318.743560791 24.0573120117 14.256439209
obstacle
0.335434228182
297.918548584 190.853805542 19.770690918 20.0132141113
obstacle
0.260594367981
338.633575439 187.539093018 23.8070068359 20.5971679688
obstacle
0.229981228709
317.685913086 198.314865112 20.0018310547 19.9809875488
obstacle
0.220580637455
346.718597412 184.099319458 26.4694824219 17.4565734863
obstacle
0.163100898266
109.25213623 200.994918823 57.5764770508 23.6802368164
obstacle
0.155900418758
274.949310303 184.998764038 55.1181030273 20.2655639648
obstacle
0.12801271677
303.660095215 184.426956177 22.709777832 18.182220459
obstacle
0.115342371166
181.817138672 315.635955811 16.8282470703 17.3640441895
obstacle
0.112446419895
282.819610596 190.97543335 67.6705932617 23.3883972168
obstacle
0.0878327414393
132.132034302 192.728317261 55.025177002 33.1985778809
obstacle
0.077346034348
278.396179199 176.511398315 44.126953125 16.0804443359
obstacle
0.0722298026085
305.780822754 199.914352417 25.6304321289 21.8049621582
obstacle
0.0718127414584
342.697662354 195.538223267 26.7206420898 20.0967102051
obstacle
0.0663356781006
284.568786621 204.492706299 59.897277832 19.2947692871
