obstacle
0.982034564018
283.695037842 58.1968688965 78.6997070312 21.2615661621
obstacle
0.977505505085
136.119873047 143.142272949 186.754455566 57.8479919434
obstacle
0.872144341469
417.823577881 65.5900115967 73.4915771484 30.0046234131
obstacle
0.857422471046
317.006622314 65.6178741455 41.0881347656 18.332901001
obstacle
0.479937911034
295.760162354 48.3151473999 42.400390625 24.3430328369
obstacle
0.403273075819
299.272918701 74.5779876709 65.5833129883 15.9167327881
obstacle
0.349417209625
416.634735107 55.2157173157 61.9260253906 27.9161338806
obstacle
0.341736137867
289.0652771 55.0217018127 24.078125 21.4810295105
obstacle
0.12479314208
174.61769104 158.739883423 114.605422974 32.30078125
obstacle
0.0844818130136
429.651031494 64.7589035034 36.0386962891 20.9912872314
obstacle
0.0748298689723
409.312225342 45.4541893005 89.9722900391 70.0743713379
obstacle
0.0702395066619
156.657958984 153.707870483 36.0804443359 18.7357177734
