obstacle
0.727448046207
72.042098999 133.450881958 304.419921875 124.927536011
obstacle
0.482267975807
224.396957397 104.508750916 67.4643096924 30.7646255493
obstacle
0.431433320045
94.0754241943 161.454406738 78.9758300781 82.7690429688
obstacle
0.423112362623
252.472473145 128.621307373 146.011169434 147.906036377
obstacle
0.27715370059
306.031768799 155.515609741 69.8688354492 84.5951538086
obstacle
0.243681877851
105.195480347 103.225601196 323.602050781 45.7342834473
obstacle
0.159178122878
92.789894104 179.672973633 159.952148438 34.1280822754
obstacle
0.144660204649
109.892585754 175.383590698 53.8763961792 44.2485351562
obstacle
0.13153269887
238.558654785 174.838256836 148.863342285 40.2420349121
obstacle
0.124762699008
281.158325195 95.8848114014 82.0454711914 32.0219421387
obstacle
0.114080421627
104.448272705 117.911270142 112.993164062 18.248260498
obstacle
0.112908706069
107.921005249 165.786315918 195.437637329 32.6895751953
obstacle
0.112144656479
335.742340088 105.542327881 38.8327636719 20.8161468506
obstacle
0.107593983412
194.791778564 109.152755737 137.243164062 33.2051849365
obstacle
0.0921922549605
466.746887207 108.682304382 28.6380615234 22.6509170532
obstacle
0.0875208824873
137.596801758 120.027084351 36.6365661621 17.7112731934
obstacle
0.0753682255745
407.418823242 98.5908355713 35.9231567383 19.6714935303
obstacle
0.0637065544724
105.632667542 119.500450134 44.8995895386 16.7793502808
obstacle
0.0601268298924
147.395904541 111.646209717 32.3983154297 18.3284606934
obstacle
0.0593099147081
289.3621521 164.326416016 60.0225219727 46.5109863281
obstacle
0.056285969913
97.559387207 92.3991928101 98.3434448242 201.718444824
obstacle
0.0541804023087
192.556945801 50.3443145752 168.896057129 283.655700684
obstacle
0.0539951808751
182.974975586 149.022109985 98.3782348633 37.2841491699
