obstacle
0.892836511135
53.4421615601 162.116851807 252.420776367 74.3420715332
obstacle
0.504778802395
64.8226394653 186.348815918 69.792930603 53.4975891113
obstacle
0.503196120262
154.554077148 164.533203125 182.945465088 46.602935791
obstacle
0.496391832829
55.967956543 181.710968018 164.621124268 42.4005432129
obstacle
0.22983969748
77.42137146 206.022079468 38.0300140381 33.4267272949
obstacle
0.087548263371
76.442565918 197.981750488 87.6367797852 22.0310058594
obstacle
0.0857681185007
82.9646224976 200.867095947 28.7571563721 22.7772521973
obstacle
0.0839428454638
203.516693115 159.390014648 76.5520629883 37.8130187988
obstacle
0.0712321028113
232.15864563 166.005737305 92.544052124 32.0467529297
obstacle
0.0631194487214
74.775062561 174.69631958 81.9850387573 41.2280578613
obstacle
0.0568261370063
138.192047119 165.628295898 50.765838623 38.4934997559
