obstacle
0.758160531521
41.6583251953 113.176528931 116.247955322 36.1282348633
obstacle
0.615716636181
111.073822021 224.567626953 66.2011413574 45.9520874023
obstacle
0.395306885242
91.343963623 164.569458008 401.906005859 115.430541992
obstacle
0.369950354099
105.085266113 173.400344849 88.529876709 106.599655151
obstacle
0.178709432483
101.555709839 248.815093994 54.3374023438 31.1849060059
obstacle
0.174000263214
2.3129196167 137.484237671 45.0960731506 41.145690918
obstacle
0.163117781281
84.7485198975 242.862411499 147.739349365 33.65284729
obstacle
0.148089826107
59.1305465698 108.577156067 45.7029724121 32.7568588257
obstacle
0.132952824235
349.847473145 225.849304199 48.9345703125 41.0358276367
obstacle
0.120945394039
9.71192932129 89.5368118286 159.433166504 94.7953720093
obstacle
0.112515948713
299.655975342 244.71105957 46.9506835938 32.9691772461
obstacle
0.108545735478
390.737182617 133.968292236 109.262817383 146.031707764
obstacle
0.093253955245
138.654174805 226.92640686 26.4940490723 29.891998291
obstacle
0.0843721926212
0.0 121.002563477 91.3274230957 93.3544006348
obstacle
0.0807382017374
230.424957275 117.679695129 164.897949219 162.3203125
obstacle
0.0687711015344
55.7004470825 216.367614746 212.20904541 63.6323852539
obstacle
0.0573153570294
82.9578704834 105.126625061 49.2078094482 39.4182662964
obstacle
0.057083375752
253.492446899 189.451477051 47.2408905029 30.9469909668
obstacle
0.056044254452
1.67531871796 231.733154297 20.2488288879 41.8564147949
obstacle
0.0540819503367
30.5870513916 57.5410842896 82.5658874512 188.866790771
obstacle
0.0531674735248
122.328071594 219.114013672 28.5007705688 41.3730163574
obstacle
0.0518598258495
95.5182418823 124.912704468 57.3896102905 25.4902038574
