obstacle
0.898619711399
151.058807373 171.300170898 249.041564941 99.5667419434
obstacle
0.800294041634
31.2033691406 79.766494751 315.380584717 121.093933105
obstacle
0.774410605431
215.076171875 118.542358398 111.989135742 25.9938659668
obstacle
0.762596487999
345.467651367 44.1746444702 36.0167236328 41.219329834
obstacle
0.639866650105
19.9000396729 192.90776062 258.406738281 85.1733551025
obstacle
0.590401887894
91.6336288452 106.596824646 100.327308655 33.4986953735
obstacle
0.402527928352
397.765014648 64.8572998047 63.5687866211 31.0646057129
obstacle
0.393976479769
180.537200928 114.863494873 145.573272705 56.104095459
obstacle
0.298210799694
47.0228424072 206.706893921 157.966262817 43.0312805176
obstacle
0.23014959693
327.030700684 54.9185791016 107.598205566 35.7133331299
obstacle
0.211945965886
49.9382705688 107.7864151 75.7319793701 45.5605545044
obstacle
0.156823024154
350.197174072 61.8764266968 25.3824462891 32.0090484619
obstacle
0.11355176568
132.380447388 201.530471802 66.3393859863 41.6222229004
obstacle
0.0935590863228
250.823272705 113.758369446 58.5334472656 21.9625473022
obstacle
0.0899093747139
55.8979644775 106.950187683 329.697753906 190.083648682
obstacle
0.0833522826433
60.6847381592 214.550537109 53.824005127 38.7053222656
obstacle
0.0741851553321
175.843078613 189.521957397 207.225280762 38.7723693848
obstacle
0.0669568553567
77.3742294312 200.559036255 65.3892288208 59.4566497803
obstacle
0.0667522847652
69.7661056519 103.011856079 152.204040527 59.2067260742
obstacle
0.0648509114981
96.4959487915 102.109649658 43.4118270874 35.0567626953
obstacle
0.0553419478238
232.184844971 177.461502075 117.040466309 73.8146972656
obstacle
0.050209954381
279.640686035 48.4073295593 220.359313965 53.72032547
