obstacle
0.981395661831
4.48345947266 162.080078125 277.795288086 93.1140441895
obstacle
0.542650878429
0.0 142.317260742 105.814819336 96.2830505371
obstacle
0.464669466019
0.0 172.372528076 65.1673278809 45.7304382324
obstacle
0.261733859777
39.1848144531 195.110290527 186.957641602 46.5074768066
obstacle
0.205479383469
99.1606826782 153.663497925 51.8657608032 25.332244873
obstacle
0.0753450766206
37.2476844788 172.448120117 69.1952667236 31.6913757324
obstacle
0.0699883699417
9.60664749146 152.7084198 87.9249572754 31.8696594238
obstacle
0.0614999644458
24.155456543 183.039352417 230.750244141 35.5623474121
obstacle
0.055672980845
14.1885757446 178.998901367 46.0748596191 23.3798217773
