obstacle
0.980867803097
57.563293457 106.990272522 347.123901367 105.735282898
obstacle
0.943576991558
24.2377967834 25.1776733398 99.1576690674 30.5665740967
obstacle
0.876717567444
222.189605713 50.4679794312 35.7042541504 19.2285385132
obstacle
0.85474306345
232.740310669 56.7519950867 18.490814209 18.5233345032
obstacle
0.485713779926
367.552947998 54.0876159668 24.1165771484 17.4572525024
obstacle
0.464873611927
229.561080933 43.8095092773 20.6808776855 19.3037261963
obstacle
0.457420796156
352.654449463 54.1892127991 64.7445068359 17.0305595398
obstacle
0.434131115675
231.055084229 110.26524353 155.234130859 84.2755432129
obstacle
0.329776197672
66.5667953491 22.3149757385 32.1221466064 22.2895965576
obstacle
0.153280824423
67.4580535889 29.7076034546 50.8945159912 20.3507080078
obstacle
0.132098272443
52.0206604004 23.3914604187 32.5487670898 21.1817932129
obstacle
0.122196704149
219.531906128 36.6711654663 23.6261901855 25.0114746094
obstacle
0.116407170892
67.7354660034 145.137710571 187.306121826 56.3067016602
obstacle
0.104654163122
79.4604492188 162.540893555 44.9944915771 34.1102600098
obstacle
0.0556006170809
177.266479492 123.206588745 194.947021484 35.1351623535
