obstacle
0.967358708382
131.144592285 182.014312744 145.522186279 50.1711120605
obstacle
0.964432060719
264.437347412 148.444625854 79.6557617188 27.2608642578
obstacle
0.648140728474
22.8339061737 129.835144043 47.3913574219 19.3732910156
obstacle
0.645347893238
128.554840088 188.368804932 83.7637939453 30.0029907227
obstacle
0.6209628582
279.437255859 159.833404541 51.7450561523 19.8985595703
obstacle
0.42806455493
241.54133606 155.836578369 22.5638885498 23.1576843262
obstacle
0.337243527174
26.960105896 121.60949707 21.6553344727 19.7216491699
obstacle
0.234898924828
40.9549751282 121.292175293 23.1115264893 19.4242248535
obstacle
0.193203359842
210.641021729 119.827209473 29.3087463379 15.4252319336
obstacle
0.192311227322
203.640441895 112.688842773 49.553894043 16.8770446777
obstacle
0.188427105546
144.571212769 118.458053589 23.4499816895 27.9390258789
obstacle
0.140105262399
33.88073349 135.947052002 22.2625045776 18.869354248
obstacle
0.134245201945
225.878082275 157.485580444 25.4541015625 20.9511108398
obstacle
0.126413598657
136.478973389 190.551864624 48.1314697266 19.2923278809
obstacle
0.0923832505941
228.228363037 159.955047607 45.1560974121 23.9194030762
obstacle
0.0832992941141
276.23260498 144.455093384 59.0936889648 19.190246582
obstacle
0.0513326786458
136.457366943 147.801330566 169.518554688 110.974761963
