obstacle
0.982879698277
84.6805419922 194.709793091 112.390350342 36.1151428223
obstacle
0.886742591858
71.2006149292 166.158248901 126.671546936 101.585891724
obstacle
0.886086165905
302.416656494 195.717590332 178.079162598 58.0194396973
obstacle
0.63263040781
325.749450684 205.194137573 71.2922363281 42.0408325195
obstacle
0.575453102589
0.0 194.308792114 57.2820205688 33.964263916
obstacle
0.524736464024
277.389709473 134.88734436 28.1096191406 16.1929626465
obstacle
0.485774308443
98.7248840332 198.467163086 51.9952850342 26.421661377
obstacle
0.384508103132
11.0979003906 200.241668701 26.4577865601 23.9159240723
obstacle
0.310667574406
355.432037354 207.817199707 91.4380493164 38.6722717285
obstacle
0.260952979326
406.057891846 211.683105469 72.1015014648 27.7646179199
obstacle
0.249055236578
341.316436768 208.51713562 28.6208496094 22.0503234863
obstacle
0.108467377722
8.97707653046 194.114273071 28.7902793884 17.2964477539
obstacle
0.090093024075
419.309783936 206.287216187 51.5776367188 21.9224243164
obstacle
0.0852462053299
114.81980896 186.306671143 58.9172058105 30.7819519043
obstacle
0.0588144697249
280.749755859 139.118041992 184.519958496 103.784820557
obstacle
0.0526486448944
108.170555115 199.62538147 20.8592758179 19.3288574219
