obstacle
0.552778363228
74.8587493896 138.850997925 28.1567077637 35.7921142578
obstacle
0.543021261692
399.08581543 138.846054077 25.6022338867 29.9999084473
obstacle
0.413260757923
383.057189941 140.962646484 33.6494750977 36.0375366211
obstacle
0.39052978158
60.3501434326 158.625015259 42.8054656982 22.842376709
obstacle
0.266555339098
371.653869629 132.567443848 63.6746826172 34.4151611328
obstacle
0.219280049205
60.6411437988 138.762954712 25.8232116699 38.7477416992
obstacle
0.20927606523
373.956298828 146.631942749 26.2550048828 24.2559509277
obstacle
0.204265281558
47.9067764282 69.8980407715 92.0222702026 21.1259002686
obstacle
0.177276596427
390.013916016 137.318908691 23.3301391602 22.9655151367
obstacle
0.163366362453
41.1451454163 139.950302124 69.4815063477 27.4981079102
obstacle
0.133490934968
80.9933166504 128.015533447 19.8714294434 27.652923584
obstacle
0.12255372107
67.9072494507 73.8498840332 37.7684326172 19.5545196533
obstacle
0.0751580893993
49.6863746643 152.249649048 84.8473205566 22.4024047852
obstacle
0.0674278140068
395.306518555 137.752975464 45.661315918 47.481842041
obstacle
0.0600936859846
365.472229004 138.512695312 25.0397949219 19.6985168457
obstacle
0.0591702125967
80.4571533203 76.3098373413 54.1076660156 19.8942718506
obstacle
0.0533102229238
67.3528137207 123.280059814 49.9403991699 34.2944030762
