obstacle
0.985186755657
217.580963135 122.958404541 196.612731934 97.8786315918
obstacle
0.857201814651
82.1283569336 119.49143219 353.951171875 153.685333252
obstacle
0.783591866493
242.55065918 150.984191895 151.627990723 44.9451599121
obstacle
0.676224946976
463.087158203 90.01953125 26.8464355469 19.4294128418
obstacle
0.60222274065
120.23135376 144.239318848 25.0042419434 31.1965637207
obstacle
0.523261845112
101.642501831 105.299934387 28.0644836426 21.4371185303
obstacle
0.461699336767
462.040161133 78.9711990356 24.0055541992 22.8252563477
obstacle
0.299707680941
112.13494873 112.242904663 16.3626403809 23.849029541
obstacle
0.225947320461
110.393707275 137.739501953 20.7180480957 34.1606140137
obstacle
0.161468550563
372.944061279 213.051681519 57.5839233398 65.3018341064
obstacle
0.148673579097
36.588180542 281.111907959 456.864379883 93.888092041
obstacle
0.139698669314
120.723602295 130.534347534 19.5626831055 31.5553283691
obstacle
0.0913094058633
444.968658447 85.7394638062 55.0313415527 20.1104125977
obstacle
0.0899220779538
252.588989258 154.764801025 62.5909423828 36.6596374512
obstacle
0.089114151895
118.631782532 154.310897827 40.181678772 36.877166748
obstacle
0.078120008111
134.791809082 136.089035034 18.8854370117 24.5465393066
obstacle
0.0758744552732
251.665481567 172.91116333 39.0682220459 23.4227905273
obstacle
0.0751544982195
259.836761475 99.9678039551 211.845153809 275.032196045
obstacle
0.074523255229
320.449829102 150.200698853 58.7092895508 34.3909912109
obstacle
0.0540954619646
113.694900513 109.745849609 32.0650939941 30.6928253174
