obstacle
0.230337649584
183.0 112.0 135.0 111.0
obstacle
0.218775302172
0.0 0.0 500.0 136.0
obstacle
0.199182897806
114.0 87.0 115.0 162.0
obstacle
0.198478415608
0.0 7.0 500.0 318.0
obstacle
0.191830515862
84.0 107.0 251.0 226.0
obstacle
0.1883058846
10.0 95.0 326.0 144.0
obstacle
0.185824930668
271.0 111.0 112.0 111.0
obstacle
0.18448600173
156.0 55.0 105.0 223.0
obstacle
0.183023333549
72.0 82.0 120.0 171.0
obstacle
0.182316243649
231.0 119.0 109.0 146.0
obstacle
0.180460721254
316.0 145.0 95.0 94.0
obstacle
0.176305517554
122.0 85.0 332.0 163.0
obstacle
0.174776107073
235.0 0.0 265.0 177.0
obstacle
0.174170106649
25.0 82.0 144.0 119.0
obstacle
0.17243476212
71.0 169.0 123.0 153.0
obstacle
0.171379342675
165.0 245.0 99.0 88.0
obstacle
0.17045339942
134.0 149.0 147.0 143.0
obstacle
0.165550783277
197.0 221.0 109.0 112.0
obstacle
0.164540424943
0.0 98.0 120.0 142.0
obstacle
0.164480358362
153.0 185.0 41.0 16.0
obstacle
0.163031965494
350.0 102.0 97.0 175.0
obstacle
0.161952853203
43.0 154.0 36.0 28.0
obstacle
0.160965427756
0.0 0.0 229.0 123.0
obstacle
0.157857835293
108.0 210.0 59.0 17.0
obstacle
0.156522065401
0.0 232.0 500.0 101.0
obstacle
0.156362831593
75.0 207.0 49.0 24.0
obstacle
0.15582793951
73.0 123.0 205.0 138.0
obstacle
0.155119597912
295.0 105.0 141.0 122.0
obstacle
0.155042439699
237.0 1.0 31.0 26.0
obstacle
0.154254496098
112.0 278.0 43.0 35.0
obstacle
0.153675287962
306.0 181.0 42.0 28.0
obstacle
0.151464030147
138.0 76.0 149.0 131.0
obstacle
0.151222556829
0.0 26.0 113.0 76.0
obstacle
0.150707736611
276.0 1.0 31.0 27.0
obstacle
0.149725854397
98.0 0.0 233.0 251.0
obstacle
0.148959442973
31.0 0.0 129.0 81.0
obstacle
0.148601874709
0.0 0.0 104.0 80.0
obstacle
0.148349717259
17.0 50.0 234.0 283.0
obstacle
0.14794524014
218.0 0.0 214.0 333.0
obstacle
0.147929280996
391.0 246.0 109.0 87.0
obstacle
0.147784367204
314.0 0.0 32.0 28.0
obstacle
0.145945683122
41.0 277.0 34.0 34.0
obstacle
0.145806998014
77.0 278.0 36.0 35.0
obstacle
0.145730599761
348.0 0.0 116.0 88.0
obstacle
0.145727872849
198.0 3.0 31.0 23.0
obstacle
0.144900158048
407.0 123.0 93.0 135.0
obstacle
0.144830346107
269.0 0.0 119.0 90.0
obstacle
0.14479893446
95.0 236.0 161.0 97.0
obstacle
0.144421190023
114.0 232.0 43.0 22.0
obstacle
0.143725559115
264.0 131.0 236.0 202.0
obstacle
0.142778947949
79.0 1.0 39.0 26.0
obstacle
0.142154619098
235.0 185.0 36.0 20.0
obstacle
0.141362443566
216.0 88.0 143.0 108.0
obstacle
0.141337826848
301.0 209.0 54.0 21.0
obstacle
0.140853285789
209.0 137.0 291.0 113.0
obstacle
0.140683010221
122.0 3.0 32.0 24.0
obstacle
0.14045663178
149.0 272.0 46.0 47.0
obstacle
0.140234068036
255.0 64.0 136.0 105.0
obstacle
0.140081435442
329.0 0.0 171.0 333.0
obstacle
0.139832735062
184.0 270.0 54.0 48.0
obstacle
0.139725923538
171.0 53.0 155.0 77.0
obstacle
0.139053598046
269.0 233.0 40.0 24.0
obstacle
0.138455301523
39.0 127.0 44.0 31.0
obstacle
0.138140007854
149.0 305.0 44.0 28.0
obstacle
0.136942028999
159.0 4.0 33.0 23.0
obstacle
0.136820659041
0.0 0.0 209.0 247.0
obstacle
0.136726766825
16.0 126.0 157.0 135.0
obstacle
0.136613070965
181.0 0.0 139.0 82.0
obstacle
0.136590898037
112.0 258.0 50.0 27.0
obstacle
0.136032298207
0.0 39.0 442.0 155.0
obstacle
0.135703027248
41.0 1.0 38.0 25.0
obstacle
0.135504812002
300.0 155.0 136.0 128.0
obstacle
0.133518666029
352.0 0.0 34.0 28.0
obstacle
0.13341230154
384.0 0.0 116.0 78.0
obstacle
0.13334569335
234.0 233.0 111.0 100.0
obstacle
0.133223354816
270.0 148.0 108.0 142.0
obstacle
0.133138790727
110.0 306.0 45.0 27.0
obstacle
0.132790386677
161.0 53.0 33.0 21.0
obstacle
0.132461741567
74.0 307.0 42.0 26.0
obstacle
0.132397308946
326.0 73.0 150.0 85.0
obstacle
0.131931841373
268.0 229.0 120.0 104.0
obstacle
0.131307065487
401.0 189.0 99.0 106.0
obstacle
0.131163746119
160.0 156.0 38.0 25.0
obstacle
0.131057173014
369.0 170.0 131.0 93.0
obstacle
0.130257219076
227.0 196.0 203.0 96.0
obstacle
0.129985764623
104.0 0.0 140.0 78.0
obstacle
0.12954954803
198.0 54.0 35.0 21.0
obstacle
0.129376098514
241.0 76.0 30.0 27.0
obstacle
0.129153415561
468.0 280.0 28.0 31.0
obstacle
0.129079937935
79.0 270.0 111.0 63.0
obstacle
0.129025280476
387.0 281.0 34.0 28.0
obstacle
0.127809122205
145.0 233.0 58.0 25.0
obstacle
0.127709001303
107.0 183.0 60.0 19.0
obstacle
0.127607911825
390.0 1.0 33.0 26.0
obstacle
0.127594009042
396.0 26.0 24.0 29.0
obstacle
0.127586826682
201.0 77.0 32.0 27.0
obstacle
0.127576559782
2.0 3.0 40.0 23.0
obstacle
0.127096682787
0.0 53.0 111.0 76.0
obstacle
0.126841723919
2.0 227.0 43.0 36.0
obstacle
0.126690238714
74.0 254.0 44.0 35.0
obstacle
0.126342177391
240.0 55.0 32.0 19.0
obstacle
0.126079156995
344.0 210.0 41.0 18.0
obstacle
0.125651046634
38.0 308.0 39.0 24.0
obstacle
0.125424414873
308.0 235.0 39.0 20.0
obstacle
0.125374928117
359.0 26.0 24.0 28.0
obstacle
0.124821811914
428.0 2.0 33.0 24.0
obstacle
0.124535053968
219.0 306.0 61.0 27.0
obstacle
0.124339990318
167.0 182.0 165.0 124.0
obstacle
0.123899564147
0.0 73.0 131.0 88.0
obstacle
0.123252362013
0.0 186.0 113.0 113.0
obstacle
0.123224020004
263.0 253.0 51.0 33.0
obstacle
0.123149834573
304.0 276.0 46.0 38.0
obstacle
0.123051322997
74.0 180.0 47.0 24.0
obstacle
0.122880429029
264.0 279.0 49.0 32.0
obstacle
0.122769109905
347.0 184.0 41.0 20.0
obstacle
0.122621744871
280.0 77.0 28.0 26.0
obstacle
0.12245850265
179.0 252.0 64.0 37.0
obstacle
0.122273437679
389.0 234.0 37.0 24.0
obstacle
0.1220850721
346.0 152.0 50.0 31.0
obstacle
0.122053585947
226.0 275.0 46.0 40.0
obstacle
0.12201885879
366.0 110.0 134.0 111.0
obstacle
0.121986225247
0.0 148.0 140.0 185.0
obstacle
0.121937140822
36.0 102.0 49.0 29.0
obstacle
0.121890552342
221.0 253.0 56.0 33.0
obstacle
0.121797867119
23.0 174.0 371.0 141.0
obstacle
0.121773920953
234.0 128.0 41.0 31.0
obstacle
0.121728420258
264.0 209.0 45.0 21.0
obstacle
0.121191754937
465.0 1.0 33.0 28.0
obstacle
0.121147610247
236.0 102.0 40.0 29.0
obstacle
0.120821245015
357.0 220.0 143.0 97.0
obstacle
0.120705656707
113.0 124.0 54.0 38.0
obstacle
0.12070146203
434.0 208.0 22.0 21.0
obstacle
0.120673708618
0.0 102.0 49.0 30.0
obstacle
0.120365470648
41.0 255.0 37.0 32.0
obstacle
0.120351485908
260.0 307.0 57.0 26.0
obstacle
0.120334647596
202.0 0.0 169.0 175.0
obstacle
0.120331071317
320.0 27.0 25.0 25.0
obstacle
0.120295457542
385.0 155.0 44.0 27.0
obstacle
0.120291575789
82.0 52.0 36.0 26.0
obstacle
0.120221666992
2.0 52.0 42.0 27.0
obstacle
0.119840137661
0.0 194.0 249.0 139.0
obstacle
0.119820266962
0.0 182.0 43.0 23.0
obstacle
0.119780473411
43.0 51.0 39.0 28.0
obstacle
0.119743086398
146.0 253.0 56.0 36.0
obstacle
0.119624257088
314.0 0.0 109.0 91.0
obstacle
0.119414851069
320.0 201.0 164.0 86.0
obstacle
0.119379714131
41.0 25.0 39.0 28.0
obstacle
0.119037233293
120.0 27.0 37.0 25.0
obstacle
0.118686892092
375.0 48.0 125.0 83.0
obstacle
0.118565104902
114.0 100.0 52.0 34.0
obstacle
0.118421204388
1.0 277.0 40.0 35.0
obstacle
0.118374057114
118.0 153.0 41.0 33.0
obstacle
0.118366979063
356.0 100.0 31.0 33.0
obstacle
0.117843151093
405.0 76.0 95.0 128.0
obstacle
0.117716811597
343.0 272.0 118.0 61.0
obstacle
0.117677994072
280.0 55.0 29.0 20.0
obstacle
0.117628194392
1.0 28.0 44.0 24.0
obstacle
0.117453962564
37.0 181.0 41.0 23.0
obstacle
0.116958081722
0.0 127.0 49.0 30.0
obstacle
0.116921573877
73.0 99.0 56.0 36.0
obstacle
0.116651058197
350.0 125.0 41.0 36.0
obstacle
0.116564951837
1.0 203.0 43.0 32.0
obstacle
0.115785188973
0.0 271.0 128.0 62.0
obstacle
0.115747354925
189.0 128.0 51.0 33.0
obstacle
0.115430511534
180.0 304.0 63.0 29.0
obstacle
0.115168727934
470.0 230.0 27.0 30.0
obstacle
0.115134574473
0.0 251.0 43.0 39.0
obstacle
0.11511323601
470.0 206.0 26.0 27.0
obstacle
0.1150194332
195.0 180.0 38.0 28.0
obstacle
0.114210113883
433.0 26.0 25.0 28.0
obstacle
0.114149495959
199.0 29.0 33.0 21.0
obstacle
0.114086657763
120.0 51.0 37.0 26.0
obstacle
0.113974995911
350.0 255.0 35.0 31.0
obstacle
0.113804548979
84.0 25.0 33.0 29.0
obstacle
0.113722041249
76.0 154.0 48.0 28.0
obstacle
0.113681733608
0.0 153.0 46.0 30.0
obstacle
0.113539099693
271.0 127.0 44.0 32.0
obstacle
0.113291636109
57.0 53.0 153.0 77.0
obstacle
0.113240681589
234.0 207.0 37.0 24.0
obstacle
0.113055288792
240.0 28.0 30.0 23.0
obstacle
0.112597681582
430.0 155.0 33.0 24.0
obstacle
0.112582176924
232.0 155.0 43.0 30.0
obstacle
0.112320028245
302.0 306.0 50.0 27.0
obstacle
0.112234853208
309.0 126.0 44.0 35.0
obstacle
0.111894711852
383.0 0.0 117.0 226.0
obstacle
0.111772209406
41.0 75.0 41.0 31.0
obstacle
0.111492410302
306.0 254.0 43.0 33.0
obstacle
0.111329592764
159.0 28.0 36.0 22.0
obstacle
0.111284054816
389.0 256.0 37.0 30.0
obstacle
0.111195638776
276.0 101.0 37.0 31.0
obstacle
0.111031033099
319.0 100.0 30.0 35.0
obstacle
0.110551595688
428.0 307.0 32.0 26.0
obstacle
0.110420182347
72.0 125.0 60.0 36.0
obstacle
0.11012519896
468.0 79.0 31.0 25.0
obstacle
0.110022544861
230.0 234.0 40.0 22.0
obstacle
0.109813481569
300.0 157.0 62.0 27.0
obstacle
0.109784498811
320.0 76.0 27.0 27.0
obstacle
0.109519399703
353.0 233.0 32.0 22.0
obstacle
0.109472520649
155.0 127.0 47.0 33.0
obstacle
0.109402693808
40.0 206.0 39.0 25.0
obstacle
0.1092755422
433.0 182.0 25.0 23.0
obstacle
0.109204143286
261.0 156.0 62.0 26.0
obstacle
0.109194554389
434.0 129.0 26.0 24.0
obstacle
0.109131231904
303.0 268.0 121.0 65.0
obstacle
0.108949363232
44.0 229.0 36.0 32.0
obstacle
0.108894631267
162.0 77.0 36.0 28.0
obstacle
0.108550511301
467.0 54.0 31.0 26.0
obstacle
0.108497157693
103.0 63.0 137.0 105.0
obstacle
0.108460530639
153.0 99.0 50.0 34.0
obstacle
0.107992015779
49.0 29.0 170.0 71.0
obstacle
0.107982866466
122.0 31.0 179.0 68.0
obstacle
0.107564508915
431.0 234.0 28.0 22.0
obstacle
0.107467867434
0.0 306.0 41.0 27.0
obstacle
0.107338830829
465.0 28.0 35.0 27.0
obstacle
0.107144072652
359.0 74.0 25.0 31.0
obstacle
0.107013501227
205.0 249.0 295.0 84.0
obstacle
0.106735296547
433.0 104.0 29.0 23.0
obstacle
0.106681510806
75.0 227.0 50.0 34.0
obstacle
0.106673136353
0.0 76.0 47.0 31.0
obstacle
0.106612093747
280.0 27.0 27.0 24.0
obstacle
0.106607332826
432.0 79.0 30.0 22.0
obstacle
0.10653757304
344.0 305.0 42.0 28.0
obstacle
0.106519438326
434.0 53.0 25.0 25.0
obstacle
0.106425628066
0.0 0.0 112.0 198.0
obstacle
0.106305077672
394.0 126.0 30.0 34.0
obstacle
0.106042705476
430.0 282.0 27.0 25.0
obstacle
0.105361901224
205.0 29.0 166.0 72.0
obstacle
0.104802526534
264.0 185.0 49.0 20.0
obstacle
0.104635640979
0.0 267.0 334.0 66.0
obstacle
0.104464098811
348.0 279.0 35.0 34.0
obstacle
0.104432992637
320.0 53.0 26.0 23.0
obstacle
0.103403963149
470.0 180.0 28.0 28.0
obstacle
0.102419093251
433.0 258.0 26.0 25.0
obstacle
0.102083422244
293.0 51.0 143.0 81.0
obstacle
0.101736851037
193.0 99.0 47.0 35.0
obstacle
0.101651713252
384.0 305.0 40.0 28.0
obstacle
0.10136128217
470.0 257.0 25.0 28.0
obstacle
0.100537963212
462.0 309.0 38.0 24.0
obstacle
0.100476324558
469.0 155.0 31.0 26.0
obstacle
0.0997944399714
468.0 105.0 31.0 25.0
obstacle
0.0994272604585
395.0 100.0 29.0 31.0
obstacle
0.0991082042456
190.0 207.0 49.0 26.0
obstacle
0.0984983593225
122.0 76.0 37.0 31.0
obstacle
0.098365098238
81.0 74.0 40.0 34.0
obstacle
0.0976563170552
382.0 204.0 44.0 31.0
obstacle
0.0967276617885
395.0 76.0 27.0 28.0
obstacle
0.096557751298
470.0 130.0 28.0 27.0
obstacle
0.0964773446321
186.0 231.0 52.0 29.0
obstacle
0.0963999256492
360.0 53.0 22.0 25.0
obstacle
0.0954736471176
15.0 228.0 163.0 105.0
obstacle
0.0950734242797
188.0 155.0 55.0 30.0
obstacle
0.0948834642768
141.0 208.0 77.0 23.0
obstacle
0.0896522179246
383.0 175.0 44.0 38.0
obstacle
0.0882413759828
398.0 53.0 23.0 27.0
