obstacle
0.287826240063
125.0 160.0 165.0 74.0
obstacle
0.223678305745
223.0 0.0 277.0 238.0
obstacle
0.221279218793
0.0 0.0 500.0 196.0
obstacle
0.219286635518
0.0 69.0 500.0 194.0
obstacle
0.201161563396
177.0 159.0 57.0 10.0
obstacle
0.193100586534
154.0 101.0 113.0 78.0
obstacle
0.192843914032
273.0 55.0 40.0 23.0
obstacle
0.189276084304
303.0 25.0 54.0 28.0
obstacle
0.189095675945
111.0 0.0 204.0 292.0
obstacle
0.185190781951
364.0 0.0 136.0 129.0
obstacle
0.183833420277
243.0 30.0 162.0 120.0
obstacle
0.18227148056
340.0 47.0 160.0 143.0
obstacle
0.181033149362
136.0 89.0 297.0 156.0
obstacle
0.180061548948
422.0 82.0 33.0 16.0
obstacle
0.178406119347
293.0 0.0 134.0 183.0
obstacle
0.17554871738
166.0 134.0 87.0 69.0
obstacle
0.175269529223
266.0 82.0 195.0 118.0
obstacle
0.174430072308
0.0 132.0 454.0 201.0
obstacle
0.171658650041
389.0 53.0 37.0 31.0
obstacle
0.168810218573
0.0 0.0 361.0 127.0
obstacle
0.167357221246
48.0 137.0 176.0 115.0
obstacle
0.165757715702
166.0 0.0 254.0 306.0
obstacle
0.162955328822
207.0 104.0 154.0 123.0
obstacle
0.162734985352
208.0 160.0 82.0 14.0
obstacle
0.162110581994
0.0 0.0 132.0 96.0
obstacle
0.160816982388
419.0 52.0 81.0 129.0
obstacle
0.160062804818
265.0 26.0 49.0 30.0
obstacle
0.159675210714
317.0 174.0 172.0 84.0
obstacle
0.158471256495
159.0 59.0 183.0 109.0
obstacle
0.158449947834
206.0 0.0 166.0 82.0
obstacle
0.157131135464
143.0 175.0 205.0 84.0
obstacle
0.156050145626
310.0 80.0 34.0 20.0
obstacle
0.156032606959
175.0 129.0 72.0 21.0
obstacle
0.155971780419
197.0 208.0 36.0 19.0
obstacle
0.155471146107
273.0 145.0 182.0 93.0
obstacle
0.154036611319
343.0 25.0 45.0 31.0
obstacle
0.15364484489
179.0 0.0 134.0 138.0
obstacle
0.153505265713
273.0 77.0 36.0 25.0
obstacle
0.153239741921
0.0 139.0 409.0 98.0
obstacle
0.15254124999
0.0 0.0 201.0 272.0
obstacle
0.150530025363
152.0 20.0 348.0 94.0
obstacle
0.1494281739
193.0 183.0 35.0 13.0
obstacle
0.149402886629
394.0 180.0 31.0 25.0
obstacle
0.148751750588
81.0 62.0 184.0 106.0
obstacle
0.148702397943
408.0 0.0 92.0 89.0
obstacle
0.14849922061
414.0 56.0 56.0 18.0
obstacle
0.148445233703
152.0 156.0 51.0 24.0
obstacle
0.147955805063
377.0 106.0 123.0 122.0
obstacle
0.147461354733
270.0 0.0 110.0 128.0
obstacle
0.147270217538
203.0 124.0 82.0 84.0
obstacle
0.146842569113
26.0 111.0 219.0 222.0
obstacle
0.146785914898
293.0 0.0 148.0 88.0
obstacle
0.146153524518
268.0 102.0 45.0 30.0
obstacle
0.145478218794
469.0 130.0 31.0 24.0
obstacle
0.145430475473
157.0 1.0 41.0 26.0
obstacle
0.14526066184
433.0 156.0 30.0 25.0
obstacle
0.145136386156
238.0 53.0 34.0 24.0
obstacle
0.144984871149
386.0 23.0 45.0 37.0
obstacle
0.144965067506
119.0 0.0 40.0 29.0
obstacle
0.144317790866
54.0 0.0 164.0 92.0
obstacle
0.143683552742
353.0 180.0 37.0 26.0
obstacle
0.143189683557
327.0 198.0 152.0 88.0
obstacle
0.142856568098
221.0 100.0 279.0 228.0
obstacle
0.142302021384
105.0 98.0 133.0 85.0
obstacle
0.141328826547
196.0 180.0 184.0 126.0
obstacle
0.140788689256
38.0 1.0 44.0 25.0
obstacle
0.140176296234
48.0 173.0 327.0 138.0
obstacle
0.13903555274
429.0 103.0 33.0 26.0
obstacle
0.138138353825
148.0 216.0 352.0 117.0
obstacle
0.137347728014
123.0 0.0 177.0 95.0
obstacle
0.137184515595
115.0 179.0 42.0 26.0
obstacle
0.136764019728
432.0 131.0 26.0 23.0
obstacle
0.136436477304
195.0 2.0 40.0 26.0
obstacle
0.136065542698
205.0 125.0 94.0 30.0
obstacle
0.13563452661
76.0 108.0 119.0 121.0
obstacle
0.135503277183
74.0 175.0 198.0 87.0
obstacle
0.135370314121
224.0 171.0 206.0 92.0
obstacle
0.135346651077
151.0 205.0 51.0 28.0
obstacle
0.135045915842
222.0 183.0 57.0 19.0
obstacle
0.134813666344
233.0 27.0 41.0 28.0
obstacle
0.134319096804
82.0 159.0 405.0 118.0
obstacle
0.134055778384
467.0 157.0 33.0 22.0
obstacle
0.133883550763
422.0 21.0 46.0 36.0
obstacle
0.133636564016
460.0 23.0 40.0 31.0
obstacle
0.133442044258
48.0 43.0 170.0 94.0
obstacle
0.132544741035
115.0 151.0 42.0 32.0
obstacle
0.132408440113
395.0 152.0 29.0 29.0
obstacle
0.131899818778
348.0 14.0 152.0 319.0
obstacle
0.131838455796
136.0 114.0 225.0 219.0
obstacle
0.131168797612
18.0 115.0 154.0 106.0
obstacle
0.130424663424
79.0 0.0 41.0 29.0
obstacle
0.129985943437
149.0 122.0 53.0 38.0
obstacle
0.129024654627
234.0 2.0 37.0 27.0
obstacle
0.128496363759
152.0 103.0 45.0 28.0
obstacle
0.127854585648
83.0 149.0 33.0 33.0
obstacle
0.127829313278
390.0 129.0 35.0 27.0
obstacle
0.127483293414
313.0 180.0 38.0 27.0
obstacle
0.127395167947
388.0 81.0 33.0 21.0
obstacle
0.127312332392
116.0 42.0 187.0 96.0
obstacle
0.126143962145
313.0 155.0 30.0 27.0
obstacle
0.126069992781
426.0 0.0 37.0 27.0
obstacle
0.12552818656
286.0 215.0 156.0 107.0
obstacle
0.125274062157
312.0 1.0 37.0 27.0
obstacle
0.125104665756
306.0 55.0 50.0 21.0
obstacle
0.125100955367
0.0 76.0 146.0 257.0
obstacle
0.125005498528
124.0 123.0 88.0 90.0
obstacle
0.124897435308
152.0 78.0 49.0 24.0
obstacle
0.124768272042
272.0 1.0 38.0 27.0
obstacle
0.124679625034
389.0 0.0 35.0 29.0
obstacle
0.124555848539
128.0 214.0 164.0 107.0
obstacle
0.124364092946
314.0 132.0 29.0 22.0
obstacle
0.124361142516
394.0 206.0 29.0 24.0
obstacle
0.124293915927
119.0 202.0 40.0 30.0
obstacle
0.124136187136
356.0 152.0 29.0 29.0
obstacle
0.124066539109
350.0 1.0 36.0 27.0
obstacle
0.124062627554
45.0 204.0 33.0 28.0
obstacle
0.123989865184
314.0 229.0 36.0 31.0
obstacle
0.123872488737
3.0 168.0 184.0 96.0
obstacle
0.123405218124
2.0 0.0 40.0 28.0
obstacle
0.121774144471
311.0 105.0 39.0 23.0
obstacle
0.12140917778
466.0 183.0 34.0 22.0
obstacle
0.121110275388
199.0 52.0 36.0 25.0
obstacle
0.120993040502
0.0 273.0 123.0 60.0
obstacle
0.120641902089
0.0 220.0 231.0 113.0
obstacle
0.120409891009
83.0 201.0 35.0 32.0
obstacle
0.120304599404
195.0 232.0 42.0 24.0
obstacle
0.120254591107
41.0 306.0 35.0 27.0
obstacle
0.119988717139
349.0 103.0 39.0 29.0
obstacle
0.119976773858
159.0 52.0 40.0 23.0
obstacle
0.119941875339
381.0 190.0 119.0 107.0
obstacle
0.119432248175
228.0 101.0 48.0 32.0
obstacle
0.119038231671
465.0 282.0 32.0 28.0
obstacle
0.118675634265
188.0 101.0 50.0 29.0
obstacle
0.118667922914
198.0 28.0 37.0 24.0
obstacle
0.118657499552
385.0 102.0 44.0 30.0
obstacle
0.118612773716
0.0 259.0 349.0 74.0
obstacle
0.118445955217
382.0 231.0 118.0 102.0
obstacle
0.117982342839
40.0 27.0 39.0 23.0
obstacle
0.117712035775
158.0 230.0 38.0 29.0
obstacle
0.117352604866
224.0 103.0 204.0 77.0
obstacle
0.117315210402
231.0 207.0 47.0 24.0
obstacle
0.117296554148
433.0 181.0 29.0 23.0
obstacle
0.116465754807
84.0 227.0 32.0 32.0
obstacle
0.116441786289
45.0 178.0 32.0 28.0
obstacle
0.115878656507
355.0 128.0 29.0 28.0
obstacle
0.115312851965
159.0 306.0 33.0 27.0
obstacle
0.115157723427
197.0 279.0 34.0 34.0
obstacle
0.114460431039
43.0 127.0 33.0 29.0
obstacle
0.114459127188
237.0 280.0 32.0 32.0
obstacle
0.114216953516
465.0 257.0 34.0 27.0
obstacle
0.113967098296
249.0 240.0 150.0 93.0
obstacle
0.113930888474
232.0 230.0 45.0 28.0
obstacle
0.11362387985
352.0 281.0 32.0 31.0
obstacle
0.113022752106
185.0 54.0 315.0 123.0
obstacle
0.112527012825
387.0 307.0 38.0 26.0
obstacle
0.112478934228
353.0 230.0 33.0 29.0
obstacle
0.112283498049
311.0 206.0 44.0 26.0
obstacle
0.112154342234
269.0 205.0 50.0 28.0
obstacle
0.112143114209
296.0 275.0 134.0 58.0
obstacle
0.11205393821
115.0 124.0 43.0 36.0
obstacle
0.112039506435
314.0 254.0 33.0 33.0
obstacle
0.111896380782
314.0 280.0 32.0 32.0
obstacle
0.111715488136
149.0 267.0 123.0 66.0
obstacle
0.111403986812
467.0 0.0 30.0 29.0
obstacle
0.111253716052
390.0 282.0 30.0 28.0
obstacle
0.111158847809
346.0 51.0 40.0 33.0
obstacle
0.110907897353
469.0 207.0 30.0 25.0
obstacle
0.110786989331
431.0 309.0 26.0 23.0
obstacle
0.110555842519
311.0 305.0 38.0 28.0
obstacle
0.110151745379
80.0 127.0 37.0 29.0
obstacle
0.109873533249
65.0 271.0 138.0 62.0
obstacle
0.109859868884
235.0 253.0 38.0 35.0
obstacle
0.109728522599
198.0 254.0 35.0 33.0
obstacle
0.109709873796
467.0 231.0 32.0 28.0
obstacle
0.10966873914
266.0 131.0 45.0 24.0
obstacle
0.109608627856
388.0 255.0 34.0 30.0
obstacle
0.109577685595
354.0 204.0 35.0 27.0
obstacle
0.109537281096
163.0 279.0 27.0 33.0
obstacle
0.109495535493
353.0 78.0 32.0 26.0
obstacle
0.109495013952
157.0 178.0 40.0 30.0
obstacle
0.109269246459
209.0 272.0 157.0 61.0
obstacle
0.109129957855
122.0 279.0 30.0 34.0
obstacle
0.108980603516
89.0 21.0 165.0 87.0
obstacle
0.108760252595
0.0 151.0 46.0 32.0
obstacle
0.108713410795
325.0 243.0 151.0 90.0
obstacle
0.108707457781
391.0 232.0 31.0 25.0
obstacle
0.10865585506
0.0 52.0 51.0 26.0
obstacle
0.108578905463
85.0 250.0 32.0 37.0
obstacle
0.108382403851
0.0 45.0 280.0 142.0
obstacle
0.108364194632
38.0 51.0 44.0 25.0
obstacle
0.108274504542
163.0 253.0 29.0 34.0
obstacle
0.108047999442
0.0 202.0 123.0 131.0
obstacle
0.107947483659
47.0 178.0 177.0 128.0
obstacle
0.107934728265
119.0 53.0 44.0 23.0
obstacle
0.107454262674
81.0 306.0 34.0 27.0
obstacle
0.107161551714
0.0 45.0 145.0 90.0
obstacle
0.107078574598
81.0 101.0 38.0 29.0
obstacle
0.107028216124
98.0 234.0 149.0 99.0
obstacle
0.106999546289
118.0 103.0 40.0 27.0
obstacle
0.10687097162
42.0 153.0 38.0 28.0
obstacle
0.106786906719
195.0 306.0 37.0 27.0
obstacle
0.106695070863
125.0 251.0 30.0 36.0
obstacle
0.106693796813
44.0 229.0 35.0 31.0
obstacle
0.106595255435
274.0 253.0 35.0 35.0
obstacle
0.106541864574
445.0 55.0 55.0 22.0
obstacle
0.106223791838
433.0 206.0 28.0 26.0
obstacle
0.106166273355
273.0 229.0 40.0 29.0
obstacle
0.106166146696
236.0 76.0 35.0 27.0
obstacle
0.106058940291
457.0 78.0 43.0 25.0
obstacle
0.105867877603
2.0 128.0 41.0 29.0
obstacle
0.105820864439
23.0 75.0 146.0 81.0
obstacle
0.105663247406
1.0 178.0 42.0 30.0
obstacle
0.105639003217
42.0 102.0 36.0 27.0
obstacle
0.105348013341
121.0 226.0 34.0 34.0
obstacle
0.105314932764
2.0 229.0 40.0 32.0
obstacle
0.105134427547
194.0 76.0 42.0 27.0
obstacle
0.104937762022
233.0 306.0 38.0 27.0
obstacle
0.104859799147
276.0 280.0 30.0 33.0
obstacle
0.104761824012
119.0 307.0 35.0 26.0
obstacle
0.104696027935
349.0 306.0 38.0 27.0
obstacle
0.104644939303
431.0 231.0 29.0 25.0
obstacle
0.104222819209
42.0 255.0 38.0 31.0
obstacle
0.104156583548
353.0 254.0 31.0 34.0
obstacle
0.104148305953
0.0 133.0 115.0 115.0
obstacle
0.103440903127
3.0 308.0 35.0 25.0
obstacle
0.103233367205
4.0 25.0 40.0 29.0
obstacle
0.10309714824
43.0 76.0 35.0 25.0
obstacle
0.103037290275
0.0 74.0 47.0 33.0
obstacle
0.103033721447
0.0 87.0 126.0 107.0
obstacle
0.102292992175
0.0 279.0 41.0 33.0
obstacle
0.102277092636
84.0 279.0 29.0 31.0
obstacle
0.102070733905
464.0 103.0 36.0 26.0
obstacle
0.101634800434
118.0 77.0 41.0 26.0
obstacle
0.101224765182
2.0 204.0 40.0 31.0
obstacle
0.100988134742
85.0 179.0 30.0 27.0
obstacle
0.100817635655
158.0 27.0 41.0 25.0
obstacle
0.10063187778
81.0 25.0 41.0 27.0
obstacle
0.100391417742
430.0 257.0 30.0 23.0
obstacle
0.099940508604
0.0 101.0 46.0 32.0
obstacle
0.0998777598143
430.0 286.0 26.0 20.0
obstacle
0.0994691178203
39.0 282.0 38.0 27.0
obstacle
0.0994564890862
81.0 50.0 41.0 27.0
obstacle
0.0987653583288
82.0 75.0 39.0 28.0
obstacle
0.0984800159931
1.0 254.0 44.0 32.0
obstacle
0.0978760942817
120.0 26.0 41.0 26.0
obstacle
0.0973505675793
465.0 309.0 34.0 23.0
obstacle
0.096969678998
273.0 305.0 37.0 28.0
obstacle
0.0961351469159
273.0 181.0 43.0 24.0
obstacle
0.0956561118364
33.0 240.0 123.0 93.0
obstacle
0.0910393446684
268.0 160.0 46.0 21.0
