obstacle
0.257030040026
204.0 0.0 251.0 334.0
obstacle
0.235627308488
0.0 180.0 500.0 154.0
obstacle
0.226189956069
151.0 146.0 194.0 137.0
obstacle
0.209136486053
211.0 156.0 145.0 75.0
obstacle
0.198072716594
0.0 0.0 500.0 157.0
obstacle
0.187897518277
138.0 113.0 152.0 116.0
obstacle
0.181185171008
0.0 82.0 303.0 252.0
obstacle
0.179376870394
54.0 209.0 158.0 122.0
obstacle
0.178277030587
0.0 133.0 500.0 119.0
obstacle
0.178215712309
0.0 34.0 500.0 268.0
obstacle
0.177961200476
282.0 14.0 93.0 97.0
obstacle
0.177248820662
196.0 193.0 254.0 104.0
obstacle
0.176217854023
190.0 172.0 189.0 94.0
obstacle
0.172603160143
134.0 184.0 72.0 21.0
obstacle
0.171996101737
195.0 58.0 109.0 116.0
obstacle
0.171392068267
150.0 232.0 200.0 80.0
obstacle
0.170199289918
113.0 142.0 128.0 153.0
obstacle
0.16968755424
115.0 103.0 344.0 125.0
obstacle
0.167231500149
292.0 257.0 69.0 31.0
obstacle
0.165781646967
81.0 153.0 38.0 28.0
obstacle
0.16268876195
111.0 48.0 389.0 135.0
obstacle
0.160908520222
394.0 104.0 106.0 126.0
obstacle
0.160907357931
106.0 279.0 131.0 55.0
obstacle
0.159942805767
396.0 0.0 94.0 95.0
obstacle
0.158631965518
218.0 131.0 65.0 24.0
obstacle
0.158311337233
242.0 276.0 161.0 58.0
obstacle
0.157574787736
224.0 124.0 119.0 86.0
obstacle
0.156126648188
426.0 2.0 34.0 27.0
obstacle
0.155809044838
78.0 230.0 34.0 29.0
obstacle
0.155694261193
0.0 0.0 284.0 222.0
obstacle
0.15517051518
431.0 155.0 26.0 26.0
obstacle
0.15508338809
300.0 16.0 200.0 299.0
obstacle
0.154407665133
257.0 78.0 67.0 26.0
obstacle
0.154361084104
171.0 155.0 76.0 27.0
obstacle
0.154021039605
179.0 186.0 52.0 16.0
obstacle
0.153770819306
69.0 72.0 133.0 138.0
obstacle
0.153472915292
331.0 123.0 139.0 140.0
obstacle
0.153409942985
303.0 0.0 197.0 137.0
obstacle
0.152390837669
256.0 163.0 61.0 16.0
obstacle
0.151959240437
35.0 60.0 122.0 164.0
obstacle
0.151656270027
296.0 186.0 59.0 18.0
obstacle
0.151292130351
154.0 129.0 44.0 30.0
obstacle
0.150920733809
233.0 1.0 38.0 26.0
obstacle
0.150771021843
136.0 155.0 73.0 27.0
obstacle
0.149828776717
67.0 188.0 287.0 107.0
obstacle
0.149564698339
392.0 155.0 29.0 29.0
obstacle
0.149527266622
309.0 233.0 37.0 25.0
obstacle
0.149217605591
274.0 1.0 33.0 28.0
obstacle
0.148732870817
466.0 281.0 28.0 31.0
obstacle
0.148133009672
117.0 125.0 41.0 35.0
obstacle
0.147987037897
236.0 0.0 106.0 89.0
obstacle
0.147597759962
316.0 0.0 99.0 93.0
obstacle
0.147590443492
159.0 1.0 35.0 27.0
obstacle
0.147551223636
192.0 0.0 118.0 90.0
obstacle
0.147098168731
115.0 152.0 47.0 33.0
obstacle
0.147085279226
467.0 153.0 30.0 28.0
obstacle
0.146624833345
240.0 24.0 27.0 35.0
obstacle
0.146349385381
305.0 124.0 45.0 40.0
obstacle
0.146125286818
314.0 0.0 31.0 29.0
obstacle
0.145357936621
165.0 0.0 169.0 334.0
obstacle
0.145340830088
1.0 0.0 115.0 132.0
obstacle
0.145250663161
231.0 241.0 188.0 63.0
obstacle
0.145201161504
195.0 1.0 38.0 27.0
obstacle
0.144617930055
281.0 159.0 163.0 116.0
obstacle
0.143893644214
253.0 148.0 137.0 91.0
obstacle
0.143176138401
120.0 1.0 35.0 26.0
obstacle
0.143173769116
78.0 204.0 35.0 31.0
obstacle
0.14315520227
429.0 63.0 71.0 106.0
obstacle
0.142800092697
115.0 0.0 118.0 128.0
obstacle
0.142714858055
230.0 69.0 112.0 93.0
obstacle
0.142651379108
193.0 0.0 200.0 217.0
obstacle
0.142649978399
352.0 1.0 35.0 27.0
obstacle
0.142639502883
78.0 1.0 40.0 26.0
obstacle
0.141085579991
186.0 128.0 53.0 30.0
obstacle
0.140836462379
177.0 283.0 137.0 51.0
obstacle
0.140512168407
426.0 287.0 32.0 20.0
obstacle
0.139833897352
235.0 50.0 38.0 31.0
obstacle
0.139680504799
331.0 90.0 142.0 103.0
obstacle
0.139338165522
123.0 55.0 96.0 120.0
obstacle
0.139294072986
24.0 128.0 144.0 127.0
obstacle
0.139228314161
254.0 104.0 68.0 26.0
obstacle
0.138640671968
272.0 52.0 42.0 30.0
obstacle
0.13808593154
301.0 76.0 61.0 30.0
obstacle
0.137799561024
228.0 105.0 52.0 24.0
obstacle
0.137335538864
40.0 153.0 39.0 29.0
obstacle
0.137161642313
270.0 42.0 114.0 93.0
obstacle
0.136880129576
391.0 185.0 31.0 21.0
obstacle
0.136776864529
424.0 102.0 40.0 28.0
obstacle
0.136715427041
141.0 209.0 62.0 21.0
obstacle
0.136549919844
83.0 72.0 36.0 33.0
obstacle
0.13639767468
154.0 91.0 116.0 102.0
obstacle
0.136094912887
78.0 180.0 35.0 27.0
obstacle
0.135540381074
291.0 251.0 137.0 83.0
obstacle
0.13506500423
0.0 35.0 122.0 161.0
obstacle
0.134898304939
53.0 83.0 325.0 118.0
obstacle
0.134713485837
370.0 285.0 130.0 49.0
obstacle
0.134564623237
108.0 206.0 55.0 28.0
obstacle
0.134204551578
0.0 0.0 260.0 111.0
obstacle
0.133745118976
349.0 152.0 39.0 33.0
obstacle
0.133417353034
466.0 0.0 33.0 30.0
obstacle
0.133416220546
0.0 254.0 42.0 30.0
obstacle
0.133340343833
426.0 258.0 36.0 24.0
obstacle
0.13314165175
0.0 99.0 131.0 137.0
obstacle
0.132911756635
386.0 0.0 37.0 31.0
obstacle
0.132679581642
0.0 281.0 144.0 53.0
obstacle
0.132664442062
0.0 195.0 149.0 102.0
obstacle
0.132633343339
391.0 129.0 32.0 29.0
obstacle
0.13250041008
40.0 180.0 36.0 26.0
obstacle
0.132498189807
360.0 166.0 140.0 105.0
obstacle
0.132399082184
140.0 236.0 63.0 19.0
obstacle
0.132378384471
0.0 281.0 40.0 30.0
obstacle
0.132266670465
137.0 288.0 68.0 15.0
obstacle
0.132187634706
112.0 257.0 47.0 27.0
obstacle
0.132143095136
71.0 255.0 44.0 30.0
obstacle
0.131448194385
302.0 101.0 52.0 30.0
obstacle
0.131446823478
258.0 187.0 54.0 16.0
obstacle
0.131173327565
274.0 25.0 32.0 33.0
obstacle
0.131118863821
351.0 0.0 106.0 92.0
obstacle
0.131053745747
377.0 104.0 123.0 230.0
obstacle
0.130779996514
0.0 49.0 93.0 80.0
obstacle
0.130580946803
206.0 158.0 81.0 24.0
obstacle
0.130541414022
342.0 254.0 43.0 34.0
obstacle
0.130501180887
389.0 77.0 39.0 29.0
obstacle
0.130409508944
424.0 78.0 41.0 27.0
obstacle
0.130352348089
39.0 231.0 36.0 29.0
obstacle
0.129527822137
112.0 179.0 51.0 30.0
obstacle
0.129214957356
142.0 39.0 141.0 98.0
obstacle
0.129190832376
74.0 0.0 122.0 101.0
obstacle
0.129157200456
15.0 251.0 157.0 83.0
obstacle
0.128608599305
48.0 242.0 400.0 92.0
obstacle
0.128535524011
429.0 129.0 29.0 26.0
obstacle
0.128309011459
80.0 50.0 39.0 33.0
obstacle
0.127956703305
191.0 76.0 49.0 30.0
obstacle
0.127658158541
161.0 24.0 32.0 36.0
obstacle
0.127277478576
241.0 79.0 174.0 123.0
obstacle
0.127112105489
75.0 32.0 119.0 113.0
obstacle
0.126777932048
299.0 160.0 59.0 20.0
obstacle
0.126588687301
310.0 312.0 41.0 14.0
obstacle
0.126038014889
200.0 23.0 29.0 36.0
obstacle
0.125473767519
223.0 0.0 277.0 75.0
obstacle
0.125437840819
387.0 284.0 31.0 24.0
obstacle
0.125035867095
264.0 257.0 46.0 28.0
obstacle
0.125024557114
110.0 234.0 49.0 23.0
obstacle
0.125011950731
79.0 128.0 41.0 30.0
obstacle
0.124938927591
78.0 283.0 33.0 27.0
obstacle
0.124648287892
1.0 202.0 39.0 34.0
obstacle
0.124453425407
121.0 23.0 36.0 36.0
obstacle
0.124431036413
0.0 228.0 41.0 34.0
obstacle
0.124083183706
155.0 102.0 44.0 31.0
obstacle
0.12402997911
351.0 311.0 36.0 19.0
obstacle
0.123693615198
467.0 180.0 29.0 25.0
obstacle
0.123510971665
0.0 178.0 42.0 32.0
obstacle
0.123440735042
91.0 112.0 319.0 213.0
obstacle
0.123365916312
267.0 105.0 233.0 128.0
obstacle
0.123205587268
282.0 0.0 173.0 218.0
obstacle
0.12301401794
42.0 128.0 37.0 29.0
obstacle
0.122995041311
422.0 48.0 43.0 37.0
obstacle
0.122916027904
458.0 76.0 42.0 31.0
obstacle
0.122774802148
111.0 286.0 50.0 20.0
obstacle
0.122651971877
147.0 0.0 131.0 110.0
obstacle
0.122599236667
462.0 50.0 37.0 31.0
obstacle
0.122204370797
349.0 129.0 36.0 30.0
obstacle
0.121979571879
218.0 187.0 53.0 15.0
obstacle
0.121852852404
223.0 76.0 60.0 28.0
obstacle
0.121814280748
430.0 311.0 26.0 20.0
obstacle
0.121545866132
316.0 67.0 96.0 98.0
obstacle
0.121147431433
121.0 99.0 40.0 32.0
obstacle
0.120929308236
40.0 204.0 33.0 32.0
obstacle
0.120760343969
430.0 206.0 30.0 23.0
obstacle
0.120450228453
469.0 126.0 27.0 32.0
obstacle
0.120428696275
393.0 102.0 31.0 29.0
obstacle
0.120300590992
0.0 57.0 158.0 277.0
obstacle
0.120027408004
83.0 102.0 36.0 29.0
obstacle
0.119967423379
467.0 205.0 32.0 28.0
obstacle
0.119831778109
224.0 144.0 276.0 148.0
obstacle
0.119743920863
38.0 0.0 120.0 90.0
obstacle
0.11902628094
191.0 102.0 48.0 30.0
obstacle
0.118934735656
156.0 75.0 42.0 31.0
obstacle
0.11877451092
135.0 260.0 74.0 21.0
obstacle
0.118762113154
312.0 49.0 38.0 35.0
obstacle
0.118678539991
314.0 27.0 30.0 29.0
obstacle
0.117924191058
172.0 286.0 77.0 16.0
obstacle
0.117900379002
431.0 182.0 26.0 23.0
obstacle
0.117676958442
1.0 131.0 43.0 25.0
obstacle
0.117405213416
384.0 255.0 38.0 31.0
obstacle
0.117153935134
319.0 263.0 159.0 66.0
obstacle
0.117066517472
350.0 50.0 38.0 31.0
obstacle
0.116989657283
37.0 2.0 46.0 24.0
obstacle
0.116600304842
260.0 132.0 55.0 24.0
obstacle
0.116460561752
0.0 153.0 44.0 31.0
obstacle
0.116442136467
0.0 0.0 98.0 75.0
obstacle
0.116199754179
350.0 76.0 39.0 32.0
obstacle
0.116144821048
228.0 314.0 46.0 15.0
obstacle
0.115896597505
0.0 159.0 117.0 116.0
obstacle
0.115620203316
296.0 288.0 57.0 17.0
obstacle
0.115609645844
51.0 0.0 168.0 185.0
obstacle
0.115567177534
81.0 23.0 37.0 34.0
obstacle
0.115425385535
121.0 313.0 35.0 20.0
obstacle
0.115287162364
426.0 23.0 32.0 36.0
obstacle
0.114231988788
351.0 232.0 33.0 24.0
obstacle
0.114055305719
463.0 23.0 34.0 34.0
obstacle
0.114003308117
406.0 246.0 94.0 88.0
obstacle
0.113644897938
384.0 49.0 43.0 32.0
obstacle
0.113273099065
346.0 208.0 43.0 20.0
obstacle
0.113217994571
46.0 74.0 32.0 32.0
obstacle
0.112903594971
461.0 101.0 39.0 30.0
obstacle
0.112542502582
112.0 0.0 203.0 199.0
obstacle
0.112059392035
39.0 27.0 40.0 28.0
obstacle
0.112030722201
222.0 257.0 57.0 26.0
obstacle
0.11170759052
41.0 287.0 29.0 18.0
obstacle
0.111621320248
349.0 24.0 38.0 33.0
obstacle
0.111605316401
272.0 312.0 39.0 19.0
obstacle
0.111533783376
2.0 105.0 43.0 23.0
obstacle
0.111408121884
214.0 288.0 67.0 15.0
obstacle
0.111157223582
314.0 211.0 32.0 17.0
obstacle
0.111068360507
326.0 240.0 148.0 61.0
obstacle
0.1104837358
225.0 236.0 55.0 15.0
obstacle
0.110352255404
349.0 101.0 38.0 32.0
obstacle
0.110133163631
45.0 103.0 35.0 28.0
obstacle
0.110048793256
42.0 52.0 34.0 30.0
obstacle
0.109965637326
41.0 314.0 34.0 18.0
obstacle
0.109938904643
123.0 73.0 35.0 33.0
obstacle
0.109830506146
184.0 234.0 56.0 17.0
obstacle
0.109330311418
348.0 70.0 109.0 93.0
obstacle
0.109032772481
393.0 231.0 25.0 26.0
obstacle
0.108910128474
3.0 50.0 40.0 33.0
obstacle
0.108716219664
390.0 310.0 30.0 21.0
obstacle
0.108487911522
384.0 21.0 39.0 39.0
obstacle
0.108464874327
2.0 76.0 42.0 31.0
obstacle
0.108199767768
468.0 255.0 28.0 30.0
obstacle
0.108174741268
3.0 25.0 41.0 31.0
obstacle
0.107766650617
80.0 312.0 37.0 21.0
obstacle
0.107584424317
431.0 234.0 28.0 19.0
obstacle
0.107422195375
187.0 209.0 41.0 16.0
obstacle
0.106631495059
469.0 231.0 27.0 27.0
obstacle
0.10534927249
234.0 214.0 266.0 120.0
obstacle
0.104390069842
384.0 0.0 116.0 222.0
obstacle
0.1043048352
339.0 282.0 46.0 29.0
obstacle
0.104192897677
147.0 315.0 54.0 14.0
obstacle
0.104183249176
197.0 52.0 33.0 30.0
obstacle
0.104093126953
376.0 47.0 124.0 87.0
obstacle
0.103289492428
391.0 206.0 30.0 22.0
obstacle
0.103109426796
38.0 260.0 39.0 20.0
obstacle
0.103034257889
120.0 49.0 37.0 35.0
obstacle
0.102996394038
394.0 191.0 106.0 104.0
obstacle
0.102478429675
347.0 184.0 41.0 21.0
obstacle
0.102010905743
465.0 309.0 35.0 25.0
obstacle
0.101748399436
1.0 308.0 39.0 26.0
obstacle
0.101532638073
267.0 210.0 43.0 18.0
obstacle
0.100959680974
270.0 236.0 42.0 18.0
obstacle
0.100339472294
0.0 0.0 43.0 28.0
obstacle
0.0990727990866
185.0 314.0 56.0 16.0
obstacle
0.0984577015042
157.0 50.0 38.0 33.0
obstacle
0.098434984684
176.0 258.0 73.0 23.0
obstacle
0.0962228700519
328.0 209.0 148.0 69.0
obstacle
0.0917902886868
256.0 287.0 59.0 19.0
obstacle
0.0744484215975
229.0 212.0 41.0 12.0
