obstacle
0.248425707221
201.0 137.0 171.0 108.0
obstacle
0.227008506656
147.0 108.0 124.0 167.0
obstacle
0.223730608821
315.0 136.0 99.0 111.0
obstacle
0.218895688653
123.0 117.0 94.0 151.0
obstacle
0.203466266394
61.0 120.0 299.0 148.0
obstacle
0.203370779753
0.0 54.0 500.0 274.0
obstacle
0.19992236793
236.0 148.0 103.0 140.0
obstacle
0.198454335332
3.0 99.0 105.0 187.0
obstacle
0.19591575861
36.0 0.0 281.0 223.0
obstacle
0.19413267076
0.0 112.0 211.0 160.0
obstacle
0.19261854887
361.0 126.0 78.0 130.0
obstacle
0.191032856703
44.0 82.0 103.0 220.0
obstacle
0.190345525742
0.0 0.0 500.0 130.0
obstacle
0.190213605762
179.0 170.0 143.0 148.0
obstacle
0.187249869108
280.0 128.0 91.0 178.0
obstacle
0.186538338661
121.0 104.0 379.0 180.0
obstacle
0.183027520776
8.0 180.0 33.0 28.0
obstacle
0.180775985122
58.0 113.0 154.0 108.0
obstacle
0.179578870535
184.0 0.0 295.0 256.0
obstacle
0.176826566458
389.0 0.0 108.0 92.0
obstacle
0.173873722553
72.0 0.0 125.0 107.0
obstacle
0.169598087668
197.0 208.0 35.0 25.0
obstacle
0.168629705906
352.0 0.0 103.0 99.0
obstacle
0.164157181978
0.0 142.0 350.0 191.0
obstacle
0.16350582242
335.0 0.0 165.0 271.0
obstacle
0.16285662353
157.0 208.0 32.0 23.0
obstacle
0.161837637424
260.0 101.0 135.0 130.0
obstacle
0.16170309484
139.0 153.0 77.0 30.0
obstacle
0.16152536869
102.0 139.0 141.0 160.0
obstacle
0.160671442747
248.0 135.0 252.0 117.0
obstacle
0.160243198276
313.0 0.0 104.0 99.0
obstacle
0.157470852137
381.0 139.0 116.0 104.0
obstacle
0.15662997961
349.0 150.0 43.0 34.0
obstacle
0.154260084033
125.0 0.0 174.0 105.0
obstacle
0.153598204255
172.0 98.0 154.0 137.0
obstacle
0.153338253498
231.0 0.0 269.0 119.0
obstacle
0.152385190129
39.0 10.0 114.0 107.0
obstacle
0.151653319597
320.0 200.0 163.0 84.0
obstacle
0.14911326766
266.0 0.0 122.0 105.0
obstacle
0.149009287357
0.0 0.0 120.0 91.0
obstacle
0.148522734642
226.0 151.0 51.0 34.0
obstacle
0.148388817906
0.0 151.0 48.0 33.0
obstacle
0.148322209716
117.0 153.0 47.0 31.0
obstacle
0.148095041513
81.0 0.0 35.0 27.0
obstacle
0.147143349051
342.0 135.0 158.0 198.0
obstacle
0.146007329226
123.0 186.0 29.0 18.0
obstacle
0.145765244961
109.0 206.0 205.0 124.0
obstacle
0.14558032155
117.0 192.0 383.0 141.0
obstacle
0.145219415426
0.0 74.0 129.0 133.0
obstacle
0.144600585103
296.0 111.0 142.0 109.0
obstacle
0.143892899156
142.0 66.0 137.0 97.0
obstacle
0.143041580915
277.0 178.0 35.0 31.0
obstacle
0.140714362264
235.0 204.0 31.0 31.0
obstacle
0.140112042427
40.0 206.0 38.0 23.0
obstacle
0.139888241887
84.0 49.0 36.0 31.0
obstacle
0.138892516494
121.0 1.0 36.0 26.0
obstacle
0.138869985938
230.0 179.0 44.0 30.0
obstacle
0.138266846538
101.0 77.0 142.0 126.0
obstacle
0.137854173779
385.0 149.0 44.0 37.0
obstacle
0.137471601367
237.0 285.0 32.0 25.0
obstacle
0.1372282058
1.0 231.0 43.0 28.0
obstacle
0.137057378888
306.0 180.0 48.0 29.0
obstacle
0.136910632253
233.0 187.0 183.0 112.0
obstacle
0.136303976178
348.0 210.0 33.0 14.0
obstacle
0.136188223958
9.0 189.0 175.0 106.0
obstacle
0.135665982962
4.0 205.0 36.0 26.0
obstacle
0.135578781366
161.0 0.0 31.0 28.0
obstacle
0.135417371988
385.0 207.0 43.0 23.0
obstacle
0.134932354093
122.0 211.0 28.0 18.0
obstacle
0.134914964437
13.0 0.0 178.0 208.0
obstacle
0.134569227695
392.0 258.0 31.0 23.0
obstacle
0.134567782283
199.0 1.0 32.0 27.0
obstacle
0.134355828166
390.0 283.0 32.0 26.0
obstacle
0.134136423469
465.0 23.0 35.0 36.0
obstacle
0.134041815996
217.0 71.0 139.0 139.0
obstacle
0.133183926344
235.0 234.0 41.0 23.0
obstacle
0.133135154843
0.0 124.0 47.0 37.0
obstacle
0.13297060132
304.0 147.0 48.0 43.0
obstacle
0.132947415113
0.0 0.0 236.0 114.0
obstacle
0.132593348622
153.0 186.0 45.0 22.0
obstacle
0.132525980473
433.0 258.0 26.0 24.0
obstacle
0.132017239928
5.0 257.0 39.0 26.0
obstacle
0.131036564708
269.0 149.0 43.0 38.0
obstacle
0.130815804005
254.0 40.0 246.0 293.0
obstacle
0.130739435554
405.0 159.0 95.0 118.0
obstacle
0.130301088095
336.0 213.0 132.0 110.0
obstacle
0.13019503653
39.0 125.0 45.0 35.0
obstacle
0.129965215921
276.0 211.0 35.0 17.0
obstacle
0.129942566156
408.0 110.0 92.0 111.0
obstacle
0.129780858755
198.0 232.0 36.0 27.0
obstacle
0.128821030259
280.0 79.0 28.0 24.0
obstacle
0.128765285015
469.0 153.0 30.0 30.0
obstacle
0.128548800945
214.0 0.0 149.0 82.0
obstacle
0.127937525511
391.0 22.0 34.0 37.0
obstacle
0.127776563168
68.0 62.0 133.0 106.0
obstacle
0.127498269081
261.0 64.0 127.0 101.0
obstacle
0.127446681261
195.0 260.0 39.0 24.0
obstacle
0.127322688699
350.0 184.0 46.0 19.0
obstacle
0.127280384302
38.0 232.0 44.0 24.0
obstacle
0.126834630966
199.0 285.0 33.0 25.0
obstacle
0.126754388213
0.0 260.0 356.0 73.0
obstacle
0.126697197556
237.0 2.0 34.0 24.0
obstacle
0.126544490457
276.0 0.0 31.0 27.0
obstacle
0.126484617591
188.0 149.0 53.0 39.0
obstacle
0.126273110509
210.0 116.0 229.0 217.0
obstacle
0.126113206148
72.0 147.0 52.0 47.0
obstacle
0.125786215067
303.0 70.0 124.0 87.0
obstacle
0.125419259071
470.0 126.0 29.0 35.0
obstacle
0.124627701938
469.0 208.0 30.0 24.0
obstacle
0.124604083598
430.0 152.0 32.0 30.0
obstacle
0.124585621059
37.0 210.0 197.0 118.0
obstacle
0.124423779547
313.0 123.0 36.0 39.0
obstacle
0.12439288944
40.0 0.0 41.0 29.0
obstacle
0.123990856111
0.0 215.0 113.0 109.0
obstacle
0.123946920037
84.0 307.0 28.0 26.0
obstacle
0.123759642243
277.0 55.0 34.0 22.0
obstacle
0.123529344797
339.0 80.0 126.0 120.0
obstacle
0.123503468931
0.0 35.0 105.0 107.0
obstacle
0.123282618821
350.0 282.0 31.0 28.0
obstacle
0.123080313206
317.0 23.0 32.0 35.0
obstacle
0.122765012085
245.0 243.0 161.0 90.0
obstacle
0.122589662671
163.0 55.0 35.0 24.0
obstacle
0.122545316815
154.0 125.0 46.0 35.0
obstacle
0.122522220016
368.0 276.0 132.0 57.0
obstacle
0.122335515916
426.0 0.0 37.0 29.0
obstacle
0.121875971556
77.0 231.0 46.0 25.0
obstacle
0.121721275151
470.0 235.0 28.0 22.0
obstacle
0.121645189822
44.0 283.0 29.0 25.0
obstacle
0.121300719678
0.0 0.0 44.0 29.0
obstacle
0.120982445776
163.0 240.0 173.0 93.0
obstacle
0.120810292661
0.0 273.0 122.0 60.0
obstacle
0.120741941035
121.0 51.0 41.0 28.0
obstacle
0.120683148503
316.0 0.0 31.0 28.0
obstacle
0.120681062341
196.0 177.0 39.0 35.0
obstacle
0.120568200946
45.0 307.0 28.0 26.0
obstacle
0.120429925621
200.0 100.0 35.0 31.0
obstacle
0.120338536799
112.0 272.0 124.0 61.0
obstacle
0.120093919337
237.0 25.0 36.0 31.0
obstacle
0.119981519878
378.0 54.0 122.0 71.0
obstacle
0.119735665619
35.0 149.0 51.0 36.0
obstacle
0.119040928781
173.0 0.0 230.0 161.0
obstacle
0.118972197175
317.0 54.0 31.0 25.0
obstacle
0.118818148971
168.0 76.0 27.0 29.0
obstacle
0.118715502322
276.0 125.0 33.0 36.0
obstacle
0.118551120162
461.0 0.0 39.0 30.0
obstacle
0.118391536176
356.0 78.0 30.0 25.0
obstacle
0.11794706434
472.0 257.0 24.0 30.0
obstacle
0.117742441595
236.0 124.0 37.0 37.0
obstacle
0.117723211646
44.0 99.0 40.0 36.0
obstacle
0.117665089667
5.0 282.0 36.0 26.0
obstacle
0.117435321212
86.0 21.0 30.0 38.0
obstacle
0.117381393909
243.0 79.0 28.0 23.0
obstacle
0.117352619767
81.0 176.0 36.0 39.0
obstacle
0.11714027822
80.0 258.0 38.0 23.0
obstacle
0.116891123354
154.0 233.0 43.0 24.0
obstacle
0.116878472269
389.0 0.0 34.0 30.0
obstacle
0.11682549119
163.0 25.0 32.0 31.0
obstacle
0.116793908179
75.0 126.0 48.0 34.0
obstacle
0.116719014943
392.0 232.0 37.0 25.0
obstacle
0.11653997004
40.0 259.0 38.0 22.0
obstacle
0.116429023445
239.0 102.0 34.0 27.0
obstacle
0.116393722594
114.0 235.0 46.0 21.0
obstacle
0.116386145353
308.0 205.0 41.0 28.0
obstacle
0.116345278919
407.0 66.0 93.0 99.0
obstacle
0.116008259356
352.0 0.0 34.0 28.0
obstacle
0.115918524563
318.0 79.0 29.0 25.0
obstacle
0.115573644638
353.0 52.0 36.0 28.0
obstacle
0.115271635354
200.0 26.0 34.0 30.0
obstacle
0.115258142352
433.0 78.0 28.0 26.0
obstacle
0.115207955241
86.0 282.0 26.0 27.0
obstacle
0.114755652845
390.0 124.0 36.0 34.0
obstacle
0.114531464875
80.0 205.0 41.0 29.0
obstacle
0.11417786777
279.0 24.0 27.0 33.0
obstacle
0.114050805569
468.0 102.0 32.0 30.0
obstacle
0.114010974765
276.0 102.0 33.0 29.0
obstacle
0.113682970405
430.0 24.0 32.0 34.0
obstacle
0.113517455757
276.0 285.0 30.0 25.0
obstacle
0.113462626934
162.0 284.0 30.0 26.0
obstacle
0.113086909056
157.0 259.0 38.0 24.0
obstacle
0.112995699048
354.0 22.0 33.0 36.0
obstacle
0.112700566649
270.0 260.0 42.0 23.0
obstacle
0.112597294152
42.0 180.0 41.0 29.0
obstacle
0.112331397831
469.0 78.0 28.0 27.0
obstacle
0.112201422453
203.0 78.0 30.0 26.0
obstacle
0.111979432404
299.0 275.0 131.0 58.0
obstacle
0.111832089722
117.0 124.0 44.0 38.0
obstacle
0.111796833575
316.0 101.0 33.0 31.0
obstacle
0.111548699439
390.0 49.0 37.0 33.0
obstacle
0.11142013222
233.0 260.0 40.0 21.0
obstacle
0.11099652946
196.0 123.0 39.0 39.0
obstacle
0.110875450075
348.0 234.0 41.0 21.0
obstacle
0.110375925899
409.0 212.0 91.0 112.0
obstacle
0.109933771193
100.0 35.0 144.0 106.0
obstacle
0.109833464026
351.0 124.0 37.0 36.0
obstacle
0.109607711434
429.0 52.0 33.0 30.0
obstacle
0.109068222344
85.0 99.0 37.0 35.0
obstacle
0.1088116467
118.0 259.0 39.0 24.0
obstacle
0.108384169638
315.0 309.0 31.0 24.0
obstacle
0.10827742517
394.0 77.0 30.0 26.0
obstacle
0.108245536685
161.0 98.0 36.0 34.0
obstacle
0.108234606683
394.0 101.0 30.0 28.0
obstacle
0.108128219843
223.0 272.0 132.0 61.0
obstacle
0.108100429177
465.0 52.0 35.0 30.0
obstacle
0.108059264719
125.0 97.0 33.0 38.0
obstacle
0.108012832701
131.0 75.0 24.0 30.0
obstacle
0.107566192746
430.0 286.0 30.0 21.0
obstacle
0.107535235584
2.0 100.0 46.0 34.0
obstacle
0.107257731259
274.0 308.0 33.0 25.0
obstacle
0.107113040984
160.0 307.0 32.0 26.0
obstacle
0.106911711395
315.0 284.0 29.0 25.0
obstacle
0.10690702498
311.0 234.0 39.0 23.0
obstacle
0.106840953231
47.0 24.0 30.0 31.0
obstacle
0.106440171599
196.0 56.0 43.0 21.0
obstacle
0.106336534023
431.0 126.0 29.0 31.0
obstacle
0.106186650693
7.0 79.0 35.0 27.0
obstacle
0.105832450092
126.0 22.0 30.0 37.0
obstacle
0.105783194304
40.0 52.0 43.0 27.0
obstacle
0.105723798275
470.0 182.0 30.0 25.0
obstacle
0.105555012822
236.0 56.0 39.0 21.0
obstacle
0.105156481266
433.0 209.0 25.0 20.0
obstacle
0.105033762753
124.0 284.0 28.0 26.0
obstacle
0.104875385761
272.0 234.0 39.0 22.0
obstacle
0.104853317142
224.0 40.0 126.0 99.0
obstacle
0.104748435318
197.0 307.0 35.0 26.0
obstacle
0.104435645044
390.0 309.0 34.0 24.0
obstacle
0.104288637638
122.0 307.0 31.0 26.0
obstacle
0.10369668901
91.0 76.0 24.0 29.0
obstacle
0.103468768299
356.0 102.0 31.0 27.0
obstacle
0.103409782052
433.0 102.0 29.0 28.0
obstacle
0.103386484087
19.0 233.0 151.0 100.0
obstacle
0.102849550545
348.0 259.0 37.0 26.0
obstacle
0.102279119194
237.0 308.0 32.0 25.0
obstacle
0.102171376348
431.0 234.0 30.0 21.0
obstacle
0.102101884782
431.0 311.0 29.0 22.0
obstacle
0.101476125419
363.0 0.0 137.0 160.0
obstacle
0.100749522448
4.0 308.0 37.0 25.0
obstacle
0.100382052362
51.0 78.0 27.0 26.0
obstacle
0.0998435765505
4.0 26.0 37.0 28.0
obstacle
0.0996824577451
352.0 307.0 30.0 26.0
obstacle
0.0979949831963
469.0 283.0 31.0 27.0
obstacle
0.0962380766869
430.0 181.0 31.0 26.0
obstacle
0.0960819646716
312.0 259.0 36.0 26.0
obstacle
0.0924363061786
0.0 53.0 46.0 26.0
obstacle
0.089500837028
466.0 310.0 34.0 23.0
obstacle
0.0836031064391
380.0 181.0 58.0 26.0
