obstacle
0.233824893832
0.0 0.0 500.0 173.0
obstacle
0.213994801044
189.0 74.0 274.0 259.0
obstacle
0.207540720701
131.0 185.0 369.0 115.0
obstacle
0.201264679432
146.0 0.0 293.0 238.0
obstacle
0.197771772742
223.0 209.0 118.0 77.0
obstacle
0.197714015841
226.0 0.0 274.0 151.0
obstacle
0.186691269279
0.0 151.0 500.0 182.0
obstacle
0.185523226857
239.0 175.0 91.0 88.0
obstacle
0.18266223371
0.0 0.0 313.0 134.0
obstacle
0.181927606463
200.0 180.0 106.0 23.0
obstacle
0.181362941861
222.0 236.0 57.0 13.0
obstacle
0.18105456233
240.0 178.0 98.0 25.0
obstacle
0.180866464972
183.0 149.0 131.0 89.0
obstacle
0.180403113365
163.0 215.0 236.0 112.0
obstacle
0.171991914511
199.0 181.0 97.0 78.0
obstacle
0.170901209116
60.0 0.0 309.0 333.0
obstacle
0.169797554612
249.0 165.0 142.0 102.0
obstacle
0.16835308075
71.0 0.0 133.0 114.0
obstacle
0.166464865208
211.0 95.0 160.0 94.0
obstacle
0.163325965405
268.0 201.0 187.0 90.0
obstacle
0.162722215056
326.0 85.0 174.0 248.0
obstacle
0.16233587265
214.0 155.0 149.0 76.0
obstacle
0.161954388022
390.0 281.0 35.0 30.0
obstacle
0.157652571797
191.0 127.0 40.0 30.0
obstacle
0.15717458725
0.0 0.0 236.0 237.0
obstacle
0.155560076237
300.0 181.0 55.0 26.0
obstacle
0.154431402683
126.0 101.0 374.0 126.0
obstacle
0.154019832611
158.0 100.0 35.0 34.0
obstacle
0.152717918158
242.0 211.0 89.0 13.0
obstacle
0.152370899916
0.0 201.0 279.0 132.0
obstacle
0.151977106929
0.0 53.0 485.0 230.0
obstacle
0.150740355253
307.0 230.0 183.0 78.0
obstacle
0.150667712092
123.0 102.0 31.0 31.0
obstacle
0.150385424495
209.0 212.0 76.0 11.0
obstacle
0.146410614252
0.0 255.0 42.0 29.0
obstacle
0.144932627678
315.0 0.0 31.0 28.0
obstacle
0.144410982728
470.0 282.0 26.0 29.0
obstacle
0.144168689847
234.0 285.0 39.0 24.0
obstacle
0.143648862839
236.0 260.0 38.0 17.0
obstacle
0.143622338772
353.0 0.0 31.0 28.0
obstacle
0.143063336611
304.0 43.0 118.0 88.0
obstacle
0.143051177263
391.0 308.0 33.0 25.0
obstacle
0.142928123474
348.0 278.0 39.0 34.0
obstacle
0.142756506801
240.0 26.0 27.0 30.0
obstacle
0.142299637198
276.0 0.0 31.0 29.0
obstacle
0.142036601901
31.0 0.0 135.0 132.0
obstacle
0.142000257969
283.0 0.0 164.0 208.0
obstacle
0.141926065087
333.0 98.0 139.0 81.0
obstacle
0.141682103276
237.0 0.0 32.0 28.0
obstacle
0.141235724092
251.0 59.0 150.0 109.0
obstacle
0.141138359904
146.0 199.0 126.0 97.0
obstacle
0.141061842442
353.0 124.0 30.0 36.0
obstacle
0.140987589955
149.0 0.0 128.0 93.0
obstacle
0.140686064959
387.0 256.0 39.0 31.0
obstacle
0.140527382493
405.0 0.0 95.0 90.0
obstacle
0.139857113361
257.0 267.0 139.0 66.0
obstacle
0.13951215148
190.0 0.0 125.0 87.0
obstacle
0.139239951968
18.0 270.0 150.0 63.0
obstacle
0.138519018888
72.0 96.0 124.0 85.0
obstacle
0.138440012932
34.0 282.0 42.0 26.0
obstacle
0.138029441237
0.0 86.0 243.0 247.0
obstacle
0.137897744775
163.0 67.0 172.0 95.0
obstacle
0.137697562575
376.0 281.0 124.0 52.0
obstacle
0.137328073382
343.0 0.0 126.0 81.0
obstacle
0.137074530125
157.0 153.0 35.0 32.0
obstacle
0.136580973864
140.0 0.0 142.0 208.0
obstacle
0.136576354504
197.0 76.0 33.0 32.0
obstacle
0.136424705386
270.0 46.0 112.0 84.0
obstacle
0.136181592941
268.0 0.0 123.0 87.0
obstacle
0.136064723134
159.0 77.0 34.0 31.0
obstacle
0.136025175452
112.0 36.0 120.0 102.0
obstacle
0.135987773538
177.0 180.0 75.0 28.0
obstacle
0.135806500912
280.0 26.0 25.0 29.0
obstacle
0.135581582785
221.0 153.0 61.0 23.0
obstacle
0.135439321399
0.0 25.0 124.0 129.0
obstacle
0.135217398405
281.0 239.0 164.0 94.0
obstacle
0.13502715528
251.0 117.0 150.0 98.0
obstacle
0.134120196104
430.0 309.0 28.0 23.0
obstacle
0.133344322443
335.0 124.0 132.0 83.0
obstacle
0.133056774735
0.0 229.0 42.0 33.0
obstacle
0.132918596268
161.0 27.0 30.0 29.0
obstacle
0.132818371058
37.0 24.0 41.0 34.0
obstacle
0.132811278105
391.0 0.0 31.0 27.0
obstacle
0.132361859083
275.0 260.0 36.0 19.0
obstacle
0.13226531446
199.0 0.0 31.0 29.0
obstacle
0.131859719753
431.0 182.0 32.0 24.0
obstacle
0.131758138537
365.0 0.0 135.0 182.0
obstacle
0.131634876132
196.0 97.0 34.0 39.0
obstacle
0.131555944681
0.0 202.0 43.0 36.0
obstacle
0.131212964654
3.0 180.0 39.0 30.0
obstacle
0.130892708898
428.0 259.0 34.0 25.0
obstacle
0.130822479725
356.0 26.0 26.0 29.0
obstacle
0.13075274229
201.0 26.0 29.0 30.0
obstacle
0.130587622523
469.0 255.0 30.0 31.0
obstacle
0.130545854568
0.0 283.0 41.0 27.0
obstacle
0.13049428165
32.0 256.0 47.0 27.0
obstacle
0.130462884903
81.0 53.0 35.0 28.0
obstacle
0.130457550287
346.0 256.0 44.0 32.0
obstacle
0.130077555776
430.0 0.0 30.0 27.0
obstacle
0.129964962602
3.0 0.0 120.0 87.0
obstacle
0.129960134625
298.0 150.0 59.0 35.0
obstacle
0.129802897573
110.0 242.0 198.0 91.0
obstacle
0.129736557603
226.0 98.0 48.0 35.0
obstacle
0.129471689463
239.0 52.0 27.0 29.0
obstacle
0.129441931844
167.0 177.0 84.0 86.0
obstacle
0.128783792257
187.0 154.0 47.0 27.0
obstacle
0.128783330321
255.0 39.0 245.0 206.0
obstacle
0.128416076303
126.0 139.0 168.0 108.0
obstacle
0.12806199491
111.0 207.0 49.0 25.0
obstacle
0.128006547689
431.0 284.0 28.0 23.0
obstacle
0.127577513456
349.0 179.0 39.0 32.0
obstacle
0.127559840679
393.0 26.0 26.0 29.0
obstacle
0.127535313368
136.0 275.0 147.0 58.0
obstacle
0.12736363709
193.0 281.0 42.0 31.0
obstacle
0.127360358834
122.0 128.0 33.0 29.0
obstacle
0.127297177911
178.0 40.0 139.0 97.0
obstacle
0.127259582281
55.0 189.0 157.0 110.0
obstacle
0.127224415541
152.0 232.0 47.0 26.0
obstacle
0.127092853189
80.0 281.0 32.0 28.0
obstacle
0.126990735531
405.0 93.0 95.0 95.0
obstacle
0.126639157534
433.0 104.0 28.0 25.0
obstacle
0.126571536064
391.0 99.0 35.0 34.0
obstacle
0.126452609897
260.0 121.0 53.0 40.0
obstacle
0.126015692949
352.0 151.0 34.0 35.0
obstacle
0.125993236899
51.0 236.0 449.0 97.0
obstacle
0.125969305634
90.0 221.0 163.0 99.0
obstacle
0.125884532928
36.0 0.0 45.0 27.0
obstacle
0.125844731927
0.0 78.0 46.0 28.0
obstacle
0.125754699111
110.0 167.0 124.0 105.0
obstacle
0.125739768147
255.0 152.0 67.0 26.0
obstacle
0.125639170408
250.0 176.0 221.0 157.0
obstacle
0.125508829951
375.0 48.0 125.0 79.0
obstacle
0.125435605645
120.0 25.0 35.0 32.0
obstacle
0.125309050083
319.0 25.0 26.0 30.0
obstacle
0.125097543001
351.0 307.0 34.0 26.0
obstacle
0.125043600798
0.0 110.0 124.0 115.0
obstacle
0.124986767769
465.0 1.0 34.0 28.0
obstacle
0.124908335507
387.0 180.0 40.0 27.0
obstacle
0.124897345901
387.0 233.0 39.0 24.0
obstacle
0.124576069415
469.0 230.0 30.0 29.0
obstacle
0.124464035034
432.0 79.0 28.0 24.0
obstacle
0.12442766875
432.0 55.0 25.0 23.0
obstacle
0.124353669584
37.0 241.0 194.0 92.0
obstacle
0.124011285603
408.0 216.0 92.0 105.0
obstacle
0.124006658792
373.0 115.0 127.0 101.0
obstacle
0.123903527856
79.0 0.0 38.0 28.0
obstacle
0.123636551201
287.0 212.0 82.0 17.0
obstacle
0.123527698219
77.0 204.0 42.0 31.0
obstacle
0.123496539891
0.0 194.0 110.0 139.0
obstacle
0.12336319685
350.0 95.0 37.0 42.0
obstacle
0.123309656978
0.0 259.0 93.0 74.0
obstacle
0.123045794666
275.0 285.0 36.0 23.0
obstacle
0.122924484313
295.0 149.0 138.0 89.0
obstacle
0.122596286237
160.0 0.0 32.0 28.0
obstacle
0.122556395829
254.0 237.0 67.0 13.0
obstacle
0.122397579253
395.0 155.0 25.0 28.0
obstacle
0.122183188796
81.0 24.0 35.0 33.0
obstacle
0.122037701309
120.0 176.0 38.0 34.0
obstacle
0.12193762511
0.0 51.0 45.0 31.0
obstacle
0.121782973409
334.0 156.0 133.0 70.0
obstacle
0.121770255268
222.0 124.0 55.0 33.0
obstacle
0.121765039861
192.0 259.0 45.0 26.0
obstacle
0.121569462121
155.0 126.0 41.0 31.0
obstacle
0.121501930058
311.0 281.0 37.0 30.0
obstacle
0.121487863362
200.0 52.0 30.0 30.0
obstacle
0.121281720698
267.0 89.0 46.0 51.0
obstacle
0.121148392558
235.0 75.0 37.0 33.0
obstacle
0.121128901839
153.0 179.0 43.0 31.0
obstacle
0.120907798409
0.0 22.0 42.0 35.0
obstacle
0.120473749936
123.0 154.0 31.0 28.0
obstacle
0.120215333998
313.0 17.0 106.0 87.0
obstacle
0.120020285249
37.0 53.0 44.0 28.0
obstacle
0.119276799262
199.0 0.0 175.0 173.0
obstacle
0.119247421622
0.0 154.0 104.0 127.0
obstacle
0.119119159877
406.0 163.0 94.0 109.0
obstacle
0.118797771633
279.0 52.0 24.0 28.0
obstacle
0.118702508509
0.0 0.0 43.0 29.0
obstacle
0.11869853735
224.0 10.0 126.0 102.0
obstacle
0.118662394583
0.0 20.0 134.0 313.0
obstacle
0.11856135726
333.0 180.0 137.0 74.0
obstacle
0.118357047439
236.0 309.0 33.0 23.0
obstacle
0.117971867323
393.0 128.0 29.0 27.0
obstacle
0.117901988328
176.0 210.0 83.0 22.0
obstacle
0.117889106274
197.0 307.0 33.0 26.0
obstacle
0.11766705662
430.0 234.0 32.0 21.0
obstacle
0.11752923578
37.0 230.0 42.0 29.0
obstacle
0.11731993407
119.0 0.0 36.0 28.0
obstacle
0.117193974555
68.0 73.0 132.0 79.0
obstacle
0.117102771997
143.0 93.0 134.0 96.0
obstacle
0.117074862123
145.0 208.0 60.0 25.0
obstacle
0.116789340973
161.0 53.0 31.0 28.0
obstacle
0.116232506931
270.0 72.0 41.0 39.0
obstacle
0.116139851511
275.0 310.0 33.0 22.0
obstacle
0.116029456258
181.0 232.0 69.0 29.0
obstacle
0.115920685232
311.0 74.0 38.0 36.0
obstacle
0.115625157952
433.0 157.0 25.0 24.0
obstacle
0.115545630455
71.0 173.0 124.0 93.0
obstacle
0.115328833461
120.0 77.0 36.0 29.0
obstacle
0.115165151656
369.0 197.0 131.0 91.0
obstacle
0.114878281951
81.0 178.0 36.0 32.0
obstacle
0.11476200074
127.0 131.0 241.0 202.0
obstacle
0.11465574801
77.0 231.0 40.0 28.0
obstacle
0.114463545382
471.0 180.0 25.0 28.0
obstacle
0.114257209003
383.0 208.0 46.0 23.0
obstacle
0.113962873816
4.0 156.0 36.0 27.0
obstacle
0.113749906421
302.0 119.0 52.0 43.0
obstacle
0.113537989557
121.0 53.0 33.0 28.0
obstacle
0.113202102482
429.0 207.0 32.0 23.0
obstacle
0.113160304725
433.0 130.0 28.0 25.0
obstacle
0.112138211727
315.0 307.0 30.0 26.0
obstacle
0.111928619444
467.0 80.0 32.0 23.0
obstacle
0.111542955041
81.0 148.0 106.0 89.0
obstacle
0.111485756934
392.0 75.0 31.0 33.0
obstacle
0.11113973707
319.0 52.0 23.0 28.0
obstacle
0.111022755504
471.0 156.0 25.0 26.0
obstacle
0.110749386251
431.0 26.0 26.0 27.0
obstacle
0.110502257943
306.0 94.0 45.0 43.0
obstacle
0.109990008175
0.0 103.0 44.0 29.0
obstacle
0.109942622483
78.0 307.0 34.0 26.0
obstacle
0.109872326255
25.0 143.0 141.0 95.0
obstacle
0.109678409994
38.0 80.0 44.0 25.0
obstacle
0.10958442837
26.0 68.0 140.0 92.0
obstacle
0.109535604715
153.0 283.0 39.0 26.0
obstacle
0.109519332647
311.0 257.0 39.0 30.0
obstacle
0.108567342162
466.0 55.0 33.0 23.0
obstacle
0.108495309949
43.0 179.0 35.0 31.0
obstacle
0.108166530728
86.0 156.0 28.0 26.0
obstacle
0.107644185424
469.0 130.0 29.0 26.0
obstacle
0.107595853508
354.0 74.0 32.0 34.0
obstacle
0.107341907918
39.0 309.0 36.0 22.0
obstacle
0.107318565249
113.0 119.0 119.0 96.0
obstacle
0.107191257179
113.0 284.0 40.0 25.0
obstacle
0.10637140274
37.0 205.0 43.0 31.0
obstacle
0.105719782412
82.0 103.0 36.0 28.0
obstacle
0.105628490448
77.0 256.0 37.0 28.0
obstacle
0.105537109077
81.0 78.0 36.0 28.0
obstacle
0.105442844331
394.0 54.0 26.0 26.0
obstacle
0.104882098734
357.0 53.0 25.0 26.0
obstacle
0.104615077376
468.0 206.0 31.0 26.0
obstacle
0.104324907064
467.0 309.0 31.0 23.0
obstacle
0.104221060872
465.0 28.0 35.0 27.0
obstacle
0.104149997234
469.0 105.0 30.0 24.0
obstacle
0.104089200497
366.0 74.0 134.0 79.0
obstacle
0.104001238942
83.0 129.0 35.0 28.0
obstacle
0.102988757193
343.0 207.0 51.0 27.0
obstacle
0.102768324316
151.0 258.0 46.0 26.0
obstacle
0.102020539343
157.0 308.0 32.0 25.0
obstacle
0.10122705251
0.0 129.0 43.0 29.0
obstacle
0.100068680942
45.0 157.0 30.0 24.0
obstacle
0.0989947244525
111.0 255.0 47.0 33.0
obstacle
0.097906447947
115.0 309.0 37.0 24.0
obstacle
0.0971951112151
112.0 233.0 47.0 25.0
obstacle
0.096917770803
345.0 234.0 49.0 26.0
obstacle
0.0926556065679
40.0 104.0 42.0 28.0
obstacle
0.0917242914438
0.0 310.0 37.0 21.0
obstacle
0.091236397624
40.0 130.0 40.0 27.0
obstacle
0.0882337614894
299.0 238.0 60.0 18.0
