obstacle
0.25973585248
123.0 0.0 325.0 428.0
obstacle
0.236188918352
287.0 161.0 75.0 46.0
obstacle
0.233573585749
152.0 169.0 189.0 94.0
obstacle
0.224061086774
330.0 201.0 70.0 31.0
obstacle
0.222569152713
89.0 209.0 165.0 145.0
obstacle
0.220514833927
104.0 197.0 218.0 113.0
obstacle
0.217478871346
277.0 216.0 96.0 66.0
obstacle
0.214354261756
254.0 179.0 141.0 76.0
obstacle
0.211516007781
95.0 62.0 243.0 179.0
obstacle
0.206996873021
68.0 171.0 137.0 155.0
obstacle
0.205360800028
289.0 201.0 74.0 33.0
obstacle
0.204479441047
274.0 108.0 117.0 155.0
obstacle
0.194464147091
0.0 0.0 483.0 269.0
obstacle
0.191058382392
207.0 162.0 84.0 37.0
obstacle
0.190679818392
0.0 0.0 268.0 428.0
obstacle
0.187449812889
0.0 239.0 500.0 189.0
obstacle
0.186677187681
81.0 1.0 110.0 225.0
obstacle
0.185558915138
26.0 200.0 138.0 161.0
obstacle
0.18495079875
330.0 161.0 66.0 42.0
obstacle
0.184041932225
266.0 50.0 128.0 139.0
obstacle
0.183473616838
142.0 13.0 142.0 142.0
obstacle
0.182701647282
105.0 197.0 55.0 39.0
obstacle
0.181640744209
196.0 0.0 111.0 253.0
obstacle
0.181121498346
0.0 0.0 309.0 155.0
obstacle
0.180509805679
202.0 0.0 164.0 405.0
obstacle
0.18029242754
82.0 132.0 325.0 230.0
obstacle
0.178664267063
243.0 156.0 88.0 51.0
obstacle
0.178360685706
126.0 201.0 83.0 30.0
obstacle
0.177800878882
190.0 241.0 188.0 142.0
obstacle
0.177520126104
291.0 88.0 152.0 191.0
obstacle
0.177128106356
226.0 113.0 127.0 143.0
obstacle
0.174305990338
260.0 0.0 240.0 189.0
obstacle
0.173680379987
351.0 121.0 149.0 307.0
obstacle
0.172933891416
230.0 201.0 107.0 32.0
obstacle
0.169512808323
300.0 125.0 51.0 51.0
obstacle
0.169454693794
188.0 126.0 44.0 44.0
obstacle
0.169077202678
121.0 231.0 178.0 164.0
obstacle
0.166351541877
291.0 243.0 65.0 15.0
obstacle
0.166073918343
1.0 0.0 123.0 140.0
obstacle
0.164824321866
281.0 231.0 158.0 102.0
obstacle
0.162579208612
115.0 2.0 115.0 163.0
obstacle
0.161281079054
0.0 175.0 500.0 135.0
obstacle
0.161249220371
305.0 273.0 45.0 16.0
obstacle
0.161103323102
287.0 167.0 152.0 97.0
obstacle
0.160642266273
171.0 160.0 79.0 43.0
obstacle
0.160543844104
31.0 20.0 129.0 188.0
obstacle
0.160023033619
251.0 241.0 72.0 19.0
obstacle
0.159477874637
315.0 205.0 98.0 90.0
obstacle
0.158909380436
381.0 197.0 51.0 37.0
obstacle
0.157663926482
82.0 272.0 171.0 142.0
obstacle
0.155959874392
156.0 65.0 344.0 162.0
obstacle
0.155859947205
272.0 123.0 31.0 55.0
obstacle
0.155783772469
224.0 98.0 46.0 39.0
obstacle
0.155121296644
141.0 164.0 66.0 39.0
obstacle
0.154993906617
320.0 301.0 21.0 24.0
obstacle
0.154344961047
102.0 106.0 146.0 157.0
obstacle
0.15379999578
267.0 0.0 233.0 428.0
obstacle
0.153331011534
70.0 0.0 362.0 175.0
obstacle
0.152166202664
379.0 236.0 57.0 23.0
obstacle
0.151930093765
260.0 93.0 53.0 50.0
obstacle
0.151712566614
127.0 352.0 164.0 76.0
obstacle
0.151627495885
304.0 87.0 51.0 62.0
obstacle
0.151069417596
0.0 307.0 119.0 121.0
obstacle
0.149951353669
168.0 201.0 71.0 28.0
obstacle
0.149716168642
232.0 216.0 268.0 130.0
obstacle
0.14905127883
326.0 113.0 157.0 145.0
obstacle
0.148429363966
67.0 193.0 61.0 46.0
obstacle
0.147236511111
98.0 234.0 70.0 26.0
obstacle
0.147180780768
117.0 399.0 39.0 29.0
obstacle
0.146535381675
261.0 66.0 52.0 37.0
obstacle
0.146438464522
128.0 238.0 82.0 18.0
obstacle
0.145229116082
358.0 301.0 24.0 23.0
obstacle
0.144672378898
329.0 239.0 69.0 20.0
obstacle
0.144293308258
425.0 263.0 40.0 32.0
obstacle
0.143874868751
74.0 348.0 117.0 80.0
obstacle
0.143199265003
71.0 265.0 55.0 32.0
obstacle
0.143117398024
24.0 278.0 138.0 132.0
obstacle
0.142664283514
60.0 220.0 143.0 185.0
obstacle
0.142275199294
192.0 0.0 116.0 118.0
obstacle
0.142074137926
382.0 165.0 41.0 34.0
obstacle
0.141901120543
367.0 0.0 133.0 298.0
obstacle
0.141875579953
425.0 233.0 41.0 30.0
obstacle
0.14159424603
134.0 272.0 223.0 146.0
obstacle
0.140510842204
233.0 0.0 111.0 114.0
obstacle
0.139759004116
383.0 0.0 117.0 107.0
obstacle
0.139685481787
74.0 151.0 47.0 59.0
obstacle
0.139549449086
228.0 71.0 47.0 31.0
obstacle
0.139205291867
392.0 365.0 27.0 29.0
obstacle
0.139163285494
392.0 332.0 29.0 31.0
obstacle
0.139032229781
186.0 333.0 49.0 28.0
obstacle
0.138705074787
311.0 369.0 34.0 26.0
obstacle
0.138535454869
107.0 157.0 59.0 50.0
obstacle
0.138325706124
198.0 204.0 90.0 23.0
obstacle
0.137526452541
373.0 130.0 127.0 109.0
obstacle
0.136921003461
159.0 0.0 341.0 109.0
obstacle
0.136761963367
77.0 126.0 41.0 48.0
obstacle
0.136504307389
293.0 366.0 138.0 62.0
obstacle
0.135846227407
0.0 169.0 123.0 155.0
obstacle
0.135067179799
57.0 229.0 82.0 36.0
obstacle
0.134993970394
41.0 331.0 34.0 31.0
obstacle
0.134294956923
306.0 63.0 46.0 44.0
obstacle
0.134103506804
0.0 222.0 133.0 182.0
obstacle
0.133988678455
350.0 369.0 33.0 27.0
obstacle
0.132665768266
79.0 299.0 42.0 30.0
obstacle
0.132612749934
156.0 398.0 38.0 30.0
obstacle
0.132155492902
302.0 0.0 124.0 121.0
obstacle
0.131979763508
124.0 125.0 320.0 106.0
obstacle
0.131841480732
42.0 101.0 108.0 160.0
obstacle
0.131692588329
388.0 226.0 112.0 110.0
obstacle
0.131050750613
335.0 127.0 55.0 51.0
obstacle
0.131044387817
35.0 357.0 116.0 71.0
obstacle
0.130905583501
231.0 119.0 42.0 61.0
obstacle
0.130774542689
41.0 192.0 42.0 44.0
obstacle
0.130480542779
0.0 316.0 319.0 112.0
obstacle
0.130400285125
272.0 0.0 109.0 105.0
obstacle
0.130225285888
210.0 363.0 151.0 65.0
obstacle
0.130185782909
424.0 199.0 40.0 32.0
obstacle
0.129787608981
248.0 278.0 150.0 139.0
obstacle
0.129554718733
344.0 270.0 44.0 20.0
obstacle
0.129514977336
195.0 104.0 30.0 29.0
obstacle
0.129473134875
313.0 334.0 31.0 28.0
obstacle
0.129312962294
468.0 234.0 31.0 31.0
obstacle
0.12898992002
0.0 0.0 152.0 327.0
obstacle
0.128731518984
466.0 166.0 31.0 33.0
obstacle
0.128159314394
150.0 127.0 47.0 46.0
obstacle
0.127906799316
114.0 126.0 43.0 49.0
obstacle
0.127755269408
344.0 0.0 119.0 102.0
obstacle
0.127716779709
2.0 329.0 35.0 36.0
obstacle
0.127623856068
0.0 68.0 49.0 34.0
obstacle
0.127612248063
426.0 297.0 38.0 32.0
obstacle
0.127031892538
0.0 364.0 37.0 33.0
obstacle
0.12694196403
41.0 402.0 34.0 23.0
obstacle
0.12677501142
215.0 243.0 56.0 14.0
obstacle
0.126647695899
3.0 30.0 38.0 44.0
obstacle
0.125763714314
81.0 398.0 35.0 30.0
obstacle
0.125705659389
155.0 365.0 40.0 31.0
obstacle
0.125403612852
275.0 333.0 30.0 29.0
obstacle
0.125150859356
0.0 103.0 46.0 31.0
obstacle
0.125073045492
311.0 399.0 37.0 29.0
obstacle
0.125029206276
349.0 399.0 36.0 27.0
obstacle
0.124991305172
465.0 199.0 35.0 36.0
obstacle
0.124782845378
347.0 63.0 37.0 43.0
obstacle
0.124190330505
128.0 0.0 168.0 403.0
obstacle
0.123866684735
198.0 31.0 35.0 42.0
obstacle
0.12377666682
368.0 64.0 132.0 110.0
obstacle
0.123771250248
388.0 95.0 37.0 46.0
obstacle
0.123652100563
114.0 302.0 47.0 23.0
obstacle
0.123480886221
42.0 131.0 35.0 38.0
obstacle
0.123232103884
106.0 268.0 61.0 21.0
obstacle
0.122966587543
429.0 2.0 29.0 34.0
obstacle
0.122825749218
468.0 264.0 31.0 34.0
obstacle
0.122682318091
422.0 166.0 40.0 33.0
obstacle
0.122541986406
345.0 30.0 111.0 110.0
obstacle
0.122418113053
276.0 30.0 32.0 45.0
obstacle
0.122282072902
274.0 0.0 31.0 37.0
obstacle
0.12200640142
208.0 9.0 159.0 151.0
obstacle
0.121919035912
466.0 131.0 32.0 40.0
obstacle
0.121248915792
350.0 334.0 34.0 28.0
obstacle
0.121148481965
347.0 92.0 36.0 51.0
obstacle
0.120451159775
83.0 33.0 34.0 39.0
obstacle
0.120440170169
322.0 222.0 160.0 185.0
obstacle
0.120428062975
395.0 303.0 28.0 21.0
obstacle
0.120300188661
339.0 200.0 161.0 98.0
obstacle
0.120266184211
191.0 71.0 44.0 32.0
obstacle
0.120257362723
0.0 117.0 116.0 131.0
obstacle
0.120147235692
225.0 0.0 210.0 306.0
obstacle
0.12004365027
115.0 101.0 42.0 34.0
obstacle
0.119938097894
80.0 99.0 36.0 37.0
obstacle
0.119645290077
192.0 366.0 39.0 29.0
obstacle
0.119603835046
192.0 302.0 41.0 24.0
obstacle
0.11952765286
78.0 334.0 42.0 26.0
obstacle
0.119384199381
39.0 0.0 43.0 38.0
obstacle
0.119378887117
467.0 99.0 29.0 36.0
obstacle
0.119103118777
394.0 362.0 106.0 66.0
obstacle
0.118935480714
44.0 34.0 32.0 39.0
obstacle
0.118791878223
152.0 72.0 51.0 32.0
obstacle
0.118577867746
41.0 100.0 37.0 36.0
obstacle
0.118379972875
42.0 294.0 33.0 43.0
obstacle
0.118231497705
273.0 366.0 34.0 27.0
obstacle
0.118043705821
281.0 301.0 25.0 27.0
obstacle
0.117944449186
391.0 1.0 28.0 33.0
obstacle
0.117855779827
234.0 0.0 34.0 37.0
obstacle
0.117621891201
235.0 35.0 36.0 36.0
obstacle
0.117529988289
69.0 152.0 212.0 276.0
obstacle
0.117440827191
160.0 110.0 322.0 202.0
obstacle
0.117339059711
147.0 335.0 53.0 28.0
obstacle
0.117330096662
80.0 363.0 33.0 31.0
obstacle
0.117101147771
171.0 240.0 65.0 14.0
obstacle
0.116884596646
7.0 87.0 416.0 119.0
obstacle
0.11657974124
383.0 131.0 43.0 40.0
obstacle
0.116567447782
3.0 159.0 38.0 45.0
obstacle
0.116446502507
199.0 271.0 301.0 150.0
obstacle
0.116188906133
155.0 305.0 42.0 20.0
obstacle
0.116167105734
286.0 308.0 148.0 120.0
obstacle
0.115802645683
425.0 130.0 36.0 38.0
obstacle
0.115603603423
38.0 156.0 42.0 49.0
obstacle
0.115225285292
37.0 252.0 46.0 56.0
obstacle
0.115019917488
353.0 308.0 147.0 120.0
obstacle
0.114770382643
426.0 328.0 36.0 35.0
obstacle
0.114405177534
80.0 71.0 36.0 28.0
obstacle
0.114343732595
120.0 34.0 36.0 37.0
obstacle
0.114322736859
231.0 367.0 34.0 26.0
obstacle
0.114272683859
113.0 332.0 47.0 32.0
obstacle
0.114188358188
41.0 367.0 32.0 26.0
obstacle
0.114011496305
0.0 231.0 42.0 35.0
obstacle
0.113931015134
353.0 29.0 29.0 44.0
obstacle
0.1134525612
119.0 0.0 38.0 38.0
obstacle
0.113230504096
428.0 100.0 31.0 31.0
obstacle
0.112953715026
388.0 398.0 36.0 28.0
obstacle
0.112430639565
81.0 0.0 38.0 39.0
obstacle
0.112388782203
159.0 34.0 35.0 38.0
obstacle
0.112191788852
197.0 0.0 35.0 38.0
obstacle
0.112124539912
157.0 100.0 35.0 38.0
obstacle
0.111965969205
3.0 131.0 39.0 40.0
obstacle
0.111919000745
330.0 45.0 143.0 151.0
obstacle
0.111838646233
35.0 224.0 51.0 43.0
obstacle
0.111772857606
0.0 0.0 46.0 38.0
obstacle
0.111676774919
272.0 400.0 37.0 25.0
obstacle
0.111443437636
0.0 169.0 210.0 259.0
obstacle
0.11067160964
466.0 35.0 26.0 34.0
obstacle
0.110649719834
432.0 33.0 22.0 36.0
obstacle
0.110628664494
116.0 69.0 42.0 31.0
obstacle
0.110499374568
314.0 30.0 32.0 45.0
obstacle
0.110171839595
0.0 294.0 42.0 41.0
obstacle
0.110102191567
464.0 2.0 32.0 35.0
obstacle
0.109292306006
0.0 39.0 102.0 151.0
obstacle
0.108983434737
39.0 68.0 41.0 33.0
obstacle
0.108899600804
470.0 298.0 28.0 33.0
obstacle
0.108609631658
0.0 122.0 282.0 184.0
obstacle
0.107578061521
159.0 0.0 33.0 38.0
obstacle
0.107445560396
417.0 145.0 83.0 142.0
obstacle
0.106960095465
195.0 398.0 37.0 29.0
obstacle
0.1064786762
3.0 399.0 34.0 28.0
obstacle
0.106455400586
233.0 398.0 35.0 30.0
obstacle
0.106313489377
351.0 0.0 31.0 35.0
obstacle
0.10599155724
314.0 1.0 30.0 33.0
obstacle
0.104989767075
114.0 363.0 45.0 35.0
obstacle
0.104009799659
430.0 66.0 29.0 32.0
obstacle
0.103730805218
467.0 331.0 30.0 33.0
obstacle
0.103717088699
387.0 65.0 35.0 38.0
obstacle
0.103463061154
0.0 257.0 44.0 48.0
obstacle
0.102988250554
466.0 363.0 29.0 34.0
obstacle
0.102912388742
3.0 194.0 35.0 42.0
obstacle
0.102721549571
267.0 273.0 48.0 19.0
obstacle
0.10256498307
231.0 330.0 38.0 31.0
obstacle
0.10107037425
428.0 366.0 29.0 26.0
obstacle
0.100144445896
406.0 25.0 94.0 116.0
obstacle
0.0997394323349
466.0 69.0 31.0 32.0
obstacle
0.0985358953476
152.0 153.0 196.0 275.0
obstacle
0.0984020233154
140.0 272.0 71.0 15.0
obstacle
0.0979873239994
428.0 397.0 28.0 28.0
obstacle
0.0954770594835
0.0 65.0 253.0 168.0
obstacle
0.0944053158164
464.0 399.0 35.0 28.0
obstacle
0.0937431007624
409.0 82.0 91.0 137.0
obstacle
0.0926034078002
392.0 29.0 25.0 42.0
obstacle
0.0910982117057
231.0 300.0 40.0 27.0
obstacle
0.0909299701452
182.0 273.0 60.0 14.0
obstacle
0.0902490988374
390.0 267.0 36.0 26.0
obstacle
0.0819575861096
224.0 272.0 54.0 18.0
