obstacle
0.1920543015
0.0 0.0 500.0 165.0
obstacle
0.190623611212
0.0 50.0 500.0 227.0
obstacle
0.188399448991
119.0 63.0 104.0 200.0
obstacle
0.18647480011
156.0 151.0 40.0 23.0
obstacle
0.182172775269
129.0 30.0 175.0 174.0
obstacle
0.178767859936
0.0 70.0 249.0 207.0
obstacle
0.178650900722
70.0 135.0 286.0 96.0
obstacle
0.176816374063
258.0 52.0 207.0 225.0
obstacle
0.17529848218
161.0 97.0 104.0 129.0
obstacle
0.174183636904
5.0 0.0 113.0 85.0
obstacle
0.172786206007
230.0 0.0 270.0 109.0
obstacle
0.171380952001
70.0 96.0 128.0 130.0
obstacle
0.166535124183
151.0 129.0 52.0 23.0
obstacle
0.164811328053
197.0 70.0 103.0 134.0
obstacle
0.160768643022
0.0 184.0 500.0 93.0
obstacle
0.159686654806
0.0 0.0 262.0 115.0
obstacle
0.159367933869
109.0 0.0 354.0 82.0
obstacle
0.157562032342
43.0 0.0 111.0 84.0
obstacle
0.157353267074
4.0 192.0 40.0 24.0
obstacle
0.156140327454
84.0 0.0 107.0 83.0
obstacle
0.155377849936
341.0 0.0 130.0 79.0
obstacle
0.155052229762
269.0 0.0 118.0 76.0
obstacle
0.154740318656
230.0 0.0 195.0 211.0
obstacle
0.154526233673
191.0 0.0 120.0 79.0
obstacle
0.154368817806
232.0 111.0 110.0 97.0
obstacle
0.154092818499
36.0 105.0 115.0 113.0
obstacle
0.152212902904
38.0 193.0 42.0 22.0
obstacle
0.15166118741
0.0 205.0 138.0 72.0
obstacle
0.151221930981
0.0 101.0 113.0 121.0
obstacle
0.151133060455
276.0 215.0 31.0 23.0
obstacle
0.150065138936
6.0 24.0 108.0 99.0
obstacle
0.149633184075
390.0 143.0 110.0 76.0
obstacle
0.148437559605
123.0 24.0 27.0 22.0
obstacle
0.147901892662
233.0 0.0 113.0 77.0
obstacle
0.147547990084
193.0 172.0 38.0 16.0
obstacle
0.147457554936
354.0 0.0 28.0 22.0
obstacle
0.146313950419
122.0 0.0 108.0 83.0
obstacle
0.145825147629
234.0 194.0 39.0 19.0
obstacle
0.144041061401
190.0 131.0 53.0 18.0
obstacle
0.143626660109
220.0 128.0 69.0 22.0
obstacle
0.143143713474
241.0 22.0 22.0 24.0
obstacle
0.142469227314
51.0 28.0 90.0 90.0
obstacle
0.141875132918
316.0 1.0 26.0 21.0
obstacle
0.141863748431
196.0 151.0 41.0 15.0
obstacle
0.14153625071
271.0 128.0 41.0 20.0
obstacle
0.141256839037
317.0 0.0 174.0 192.0
obstacle
0.140899583697
119.0 150.0 41.0 21.0
obstacle
0.140831172466
401.0 0.0 99.0 77.0
obstacle
0.140514433384
38.0 2.0 41.0 21.0
obstacle
0.14042083919
168.0 1.0 176.0 233.0
obstacle
0.140266418457
84.0 67.0 256.0 210.0
obstacle
0.139075905085
195.0 105.0 44.0 25.0
obstacle
0.138807475567
272.0 174.0 39.0 15.0
obstacle
0.138232976198
313.0 0.0 107.0 82.0
obstacle
0.137936979532
353.0 191.0 35.0 26.0
obstacle
0.137638956308
78.0 2.0 37.0 21.0
obstacle
0.137359514832
41.0 214.0 36.0 22.0
obstacle
0.137202709913
237.0 214.0 30.0 24.0
obstacle
0.137001171708
393.0 192.0 30.0 24.0
obstacle
0.136650204659
343.0 105.0 157.0 172.0
obstacle
0.135938227177
121.0 193.0 35.0 20.0
obstacle
0.135685220361
154.0 169.0 45.0 25.0
obstacle
0.135668307543
40.0 176.0 182.0 97.0
obstacle
0.13547308743
193.0 214.0 39.0 24.0
obstacle
0.135444283485
335.0 40.0 133.0 66.0
obstacle
0.135323211551
229.0 94.0 271.0 132.0
obstacle
0.134996339679
162.0 24.0 26.0 21.0
obstacle
0.134498953819
40.0 0.0 119.0 177.0
obstacle
0.134452208877
202.0 23.0 23.0 22.0
obstacle
0.134211733937
193.0 99.0 185.0 178.0
obstacle
0.133433327079
120.0 1.0 31.0 21.0
obstacle
0.133314162493
392.0 1.0 28.0 21.0
obstacle
0.133236601949
320.0 21.0 20.0 24.0
obstacle
0.133070573211
272.0 194.0 41.0 19.0
obstacle
0.132950842381
0.0 216.0 349.0 61.0
obstacle
0.132351130247
75.0 69.0 118.0 96.0
obstacle
0.132321968675
232.0 173.0 42.0 17.0
obstacle
0.13231150806
78.0 212.0 42.0 25.0
obstacle
0.1322876513
193.0 37.0 113.0 73.0
obstacle
0.131882742047
358.0 22.0 20.0 22.0
obstacle
0.131602823734
239.0 2.0 25.0 19.0
obstacle
0.131576746702
114.0 127.0 52.0 25.0
obstacle
0.131408795714
44.0 21.0 29.0 25.0
obstacle
0.131376117468
82.0 30.0 100.0 86.0
obstacle
0.131002038717
431.0 1.0 28.0 21.0
obstacle
0.130932897329
0.0 0.0 138.0 237.0
obstacle
0.130839273334
81.0 106.0 40.0 25.0
obstacle
0.130783960223
44.0 108.0 38.0 22.0
obstacle
0.130552724004
85.0 151.0 34.0 18.0
obstacle
0.130377098918
155.0 194.0 45.0 20.0
obstacle
0.130348846316
234.0 236.0 34.0 22.0
obstacle
0.130313023925
158.0 214.0 37.0 23.0
obstacle
0.1302087605
190.0 136.0 310.0 133.0
obstacle
0.129712998867
192.0 194.0 49.0 20.0
obstacle
0.129565805197
429.0 171.0 30.0 21.0
obstacle
0.129531860352
144.0 47.0 132.0 97.0
obstacle
0.12946537137
430.0 193.0 29.0 21.0
obstacle
0.129282593727
274.0 91.0 104.0 94.0
obstacle
0.129120990634
397.0 201.0 103.0 76.0
obstacle
0.129061535001
395.0 23.0 23.0 19.0
obstacle
0.128738537431
184.0 225.0 129.0 52.0
obstacle
0.128272488713
214.0 143.0 152.0 77.0
obstacle
0.12821149826
469.0 45.0 26.0 19.0
obstacle
0.128014624119
312.0 93.0 108.0 92.0
obstacle
0.127756237984
276.0 2.0 27.0 19.0
obstacle
0.127755865455
428.0 150.0 35.0 19.0
obstacle
0.127542451024
85.0 83.0 33.0 30.0
obstacle
0.127414405346
19.0 230.0 152.0 47.0
obstacle
0.127107962966
0.0 63.0 103.0 108.0
obstacle
0.126989558339
0.0 169.0 49.0 26.0
obstacle
0.126827821136
312.0 193.0 39.0 21.0
obstacle
0.126701042056
96.0 167.0 228.0 110.0
obstacle
0.126536175609
120.0 214.0 32.0 22.0
obstacle
0.126365542412
467.0 1.0 32.0 22.0
obstacle
0.126254796982
404.0 33.0 96.0 81.0
obstacle
0.126165434718
393.0 99.0 107.0 82.0
obstacle
0.126132175326
0.0 0.0 42.0 25.0
obstacle
0.126028254628
111.0 34.0 120.0 80.0
obstacle
0.125529646873
0.0 161.0 148.0 81.0
obstacle
0.125123381615
97.0 64.0 152.0 108.0
obstacle
0.125030294061
307.0 173.0 45.0 17.0
obstacle
0.124688945711
279.0 22.0 21.0 25.0
obstacle
0.124409534037
77.0 159.0 192.0 86.0
obstacle
0.124047890306
159.0 1.0 29.0 21.0
obstacle
0.123665265739
117.0 170.0 44.0 22.0
obstacle
0.123319037259
38.0 235.0 43.0 21.0
obstacle
0.123252652586
38.0 75.0 116.0 84.0
obstacle
0.123185150325
198.0 1.0 28.0 21.0
obstacle
0.122378140688
360.0 65.0 140.0 61.0
obstacle
0.122171811759
157.0 104.0 43.0 29.0
obstacle
0.122105635703
85.0 22.0 28.0 24.0
obstacle
0.121990673244
42.0 130.0 40.0 21.0
obstacle
0.121931836009
353.0 212.0 31.0 27.0
obstacle
0.121869467199
157.0 235.0 35.0 23.0
obstacle
0.121448569
298.0 0.0 132.0 157.0
obstacle
0.121249571443
78.0 128.0 46.0 22.0
obstacle
0.121165879071
39.0 151.0 46.0 17.0
obstacle
0.121044613421
43.0 66.0 34.0 20.0
obstacle
0.121008843184
109.0 231.0 125.0 46.0
obstacle
0.120783627033
386.0 171.0 43.0 21.0
obstacle
0.120651572943
44.0 84.0 35.0 27.0
obstacle
0.120610646904
347.0 172.0 44.0 19.0
obstacle
0.120429195464
239.0 44.0 31.0 23.0
obstacle
0.120258942246
314.0 212.0 30.0 27.0
obstacle
0.119922310114
147.0 31.0 353.0 175.0
obstacle
0.119636885822
2.0 255.0 42.0 22.0
obstacle
0.119503423572
229.0 41.0 117.0 109.0
obstacle
0.119276218116
119.0 235.0 37.0 23.0
obstacle
0.119235724211
40.0 170.0 41.0 23.0
obstacle
0.118927076459
83.0 170.0 37.0 20.0
obstacle
0.118912182748
469.0 191.0 28.0 25.0
obstacle
0.118732579052
314.0 36.0 101.0 75.0
obstacle
0.118438012898
163.0 43.0 28.0 23.0
obstacle
0.118403911591
39.0 22.0 197.0 189.0
obstacle
0.118248678744
82.0 195.0 36.0 16.0
obstacle
0.117412120104
305.0 152.0 49.0 17.0
obstacle
0.117365472019
309.0 129.0 43.0 18.0
obstacle
0.117209717631
200.0 45.0 29.0 20.0
obstacle
0.117185339332
63.0 0.0 141.0 138.0
obstacle
0.11705314368
257.0 148.0 139.0 106.0
obstacle
0.116913475096
90.0 200.0 160.0 77.0
obstacle
0.116834074259
194.0 256.0 40.0 21.0
obstacle
0.116709798574
199.0 85.0 35.0 25.0
obstacle
0.11666778475
240.0 63.0 31.0 24.0
obstacle
0.116565160453
115.0 104.0 50.0 28.0
obstacle
0.116331614554
122.0 44.0 35.0 23.0
obstacle
0.116269566119
325.0 152.0 153.0 95.0
obstacle
0.116163663566
308.0 220.0 111.0 57.0
obstacle
0.115899905562
206.0 0.0 159.0 140.0
obstacle
0.115467853844
2.0 65.0 41.0 24.0
obstacle
0.115421146154
468.0 23.0 29.0 21.0
obstacle
0.115395396948
356.0 63.0 27.0 24.0
obstacle
0.115372695029
468.0 108.0 31.0 21.0
obstacle
0.114947259426
0.0 127.0 51.0 26.0
obstacle
0.114946357906
317.0 43.0 27.0 22.0
obstacle
0.114754483104
333.0 192.0 133.0 85.0
obstacle
0.114604286849
1.0 84.0 44.0 29.0
obstacle
0.114581599832
351.0 127.0 36.0 22.0
obstacle
0.114397980273
296.0 145.0 140.0 71.0
obstacle
0.114375881851
366.0 127.0 134.0 66.0
obstacle
0.114012949169
267.0 49.0 118.0 94.0
obstacle
0.113706581295
82.0 45.0 37.0 22.0
obstacle
0.113605387509
469.0 171.0 25.0 23.0
obstacle
0.113480210304
427.0 214.0 32.0 21.0
obstacle
0.113424763083
266.0 221.0 119.0 56.0
obstacle
0.113351151347
386.0 128.0 45.0 22.0
obstacle
0.113266259432
201.0 64.0 29.0 23.0
obstacle
0.113234438002
394.0 45.0 26.0 18.0
obstacle
0.11312700808
0.0 232.0 46.0 29.0
obstacle
0.112884618342
124.0 82.0 35.0 31.0
obstacle
0.112808093429
2.0 212.0 40.0 28.0
obstacle
0.112780563533
216.0 192.0 141.0 85.0
obstacle
0.112659245729
278.0 43.0 27.0 24.0
obstacle
0.112599462271
73.0 234.0 53.0 25.0
obstacle
0.112222895026
0.0 149.0 46.0 22.0
obstacle
0.112128891051
396.0 64.0 23.0 21.0
obstacle
0.112040348351
470.0 65.0 24.0 23.0
obstacle
0.111557990313
277.0 63.0 32.0 24.0
obstacle
0.111487612128
5.0 22.0 34.0 24.0
obstacle
0.111468203366
224.0 151.0 54.0 21.0
obstacle
0.111222848296
157.0 20.0 110.0 66.0
obstacle
0.111152738333
156.0 256.0 38.0 21.0
obstacle
0.111046113074
347.0 151.0 44.0 19.0
obstacle
0.11046936363
431.0 24.0 24.0 17.0
obstacle
0.110277704895
270.0 153.0 41.0 16.0
obstacle
0.110163263977
273.0 236.0 32.0 22.0
obstacle
0.110029421747
378.0 24.0 122.0 229.0
obstacle
0.10994657129
306.0 56.0 117.0 79.0
obstacle
0.109868526459
352.0 233.0 28.0 26.0
obstacle
0.109501309693
313.0 233.0 30.0 28.0
obstacle
0.109449952841
468.0 150.0 30.0 20.0
obstacle
0.109437331557
354.0 43.0 28.0 20.0
obstacle
0.10931687057
391.0 235.0 28.0 22.0
obstacle
0.109313167632
80.0 257.0 39.0 20.0
obstacle
0.109289065003
366.0 0.0 134.0 137.0
obstacle
0.109219789505
467.0 212.0 30.0 25.0
obstacle
0.108714446425
391.0 213.0 32.0 23.0
obstacle
0.108505696058
430.0 106.0 33.0 21.0
obstacle
0.10824623704
465.0 128.0 35.0 23.0
obstacle
0.107711397111
84.0 66.0 32.0 21.0
obstacle
0.107703760266
390.0 254.0 31.0 23.0
obstacle
0.107216529548
336.0 74.0 133.0 86.0
obstacle
0.105887398124
195.0 235.0 37.0 24.0
obstacle
0.105524748564
471.0 87.0 25.0 21.0
obstacle
0.105257317424
0.0 107.0 49.0 24.0
obstacle
0.105195865035
469.0 235.0 26.0 23.0
obstacle
0.10514203459
428.0 236.0 28.0 19.0
obstacle
0.105121813715
274.0 256.0 34.0 21.0
obstacle
0.105058081448
162.0 84.0 34.0 28.0
obstacle
0.104945652187
357.0 82.0 28.0 29.0
obstacle
0.104901306331
433.0 46.0 22.0 16.0
obstacle
0.104626722634
434.0 65.0 23.0 20.0
obstacle
0.104444012046
119.0 257.0 36.0 20.0
obstacle
0.104247398674
39.0 258.0 42.0 16.0
obstacle
0.104153081775
318.0 83.0 29.0 28.0
obstacle
0.104045622051
229.0 106.0 50.0 23.0
obstacle
0.10384144634
429.0 128.0 35.0 21.0
obstacle
0.103701390326
232.0 255.0 40.0 22.0
obstacle
0.103284500539
240.0 84.0 30.0 27.0
obstacle
0.103240899742
294.0 171.0 142.0 100.0
obstacle
0.103029198945
350.0 255.0 32.0 22.0
obstacle
0.102991983294
42.0 45.0 35.0 20.0
obstacle
0.102382473648
316.0 63.0 31.0 23.0
obstacle
0.102152131498
3.0 45.0 39.0 21.0
obstacle
0.101896218956
387.0 150.0 43.0 20.0
obstacle
0.100429356098
434.0 85.0 26.0 22.0
obstacle
0.100413285196
313.0 255.0 32.0 22.0
obstacle
0.100295744836
165.0 65.0 27.0 22.0
obstacle
0.100173294544
395.0 85.0 27.0 23.0
obstacle
0.0994334965944
350.0 104.0 39.0 27.0
obstacle
0.0982469767332
278.0 83.0 29.0 29.0
obstacle
0.0981127619743
388.0 105.0 40.0 23.0
obstacle
0.097884863615
430.0 257.0 27.0 20.0
obstacle
0.0965795665979
273.0 105.0 40.0 25.0
obstacle
0.096238926053
125.0 66.0 31.0 21.0
obstacle
0.0961625948548
224.0 204.0 276.0 73.0
obstacle
0.0943172872066
466.0 258.0 31.0 19.0
obstacle
0.094201952219
311.0 105.0 43.0 24.0
