obstacle
0.236524134874
0.0 0.0 500.0 154.0
obstacle
0.215069755912
131.0 198.0 154.0 86.0
obstacle
0.191592663527
220.0 168.0 124.0 98.0
obstacle
0.189658463001
330.0 182.0 138.0 124.0
obstacle
0.184596046805
0.0 0.0 270.0 227.0
obstacle
0.184056267142
0.0 108.0 500.0 225.0
obstacle
0.183994531631
242.0 0.0 258.0 145.0
obstacle
0.183914706111
307.0 179.0 43.0 31.0
obstacle
0.18170760572
9.0 130.0 100.0 74.0
obstacle
0.177041053772
272.0 0.0 190.0 245.0
obstacle
0.174736618996
172.0 55.0 236.0 278.0
obstacle
0.169032841921
282.0 199.0 166.0 88.0
obstacle
0.16606028378
38.0 120.0 44.0 41.0
obstacle
0.163871467113
136.0 0.0 161.0 254.0
obstacle
0.163804545999
258.0 163.0 133.0 112.0
obstacle
0.161405801773
377.0 0.0 123.0 79.0
obstacle
0.160192802548
318.0 0.0 28.0 28.0
obstacle
0.160088583827
352.0 167.0 101.0 101.0
obstacle
0.159362286329
0.0 0.0 205.0 130.0
obstacle
0.159355729818
357.0 1.0 27.0 27.0
obstacle
0.158604383469
44.0 151.0 99.0 84.0
obstacle
0.158182635903
215.0 0.0 156.0 246.0
obstacle
0.158060982823
383.0 234.0 43.0 18.0
obstacle
0.15730714798
115.0 216.0 385.0 117.0
obstacle
0.156831428409
18.0 206.0 230.0 125.0
obstacle
0.155963823199
181.0 0.0 138.0 103.0
obstacle
0.15524867177
80.0 0.0 111.0 100.0
obstacle
0.153811275959
200.0 1.0 31.0 25.0
obstacle
0.15379793942
238.0 1.0 33.0 25.0
obstacle
0.153760746121
305.0 94.0 117.0 94.0
obstacle
0.153741434216
348.0 92.0 108.0 99.0
obstacle
0.153473317623
0.0 0.0 108.0 114.0
obstacle
0.153465136886
140.0 95.0 141.0 92.0
obstacle
0.152398973703
186.0 155.0 124.0 72.0
obstacle
0.152304142714
277.0 0.0 31.0 27.0
obstacle
0.151112884283
303.0 0.0 129.0 92.0
obstacle
0.150447323918
162.0 0.0 28.0 28.0
obstacle
0.150281921029
112.0 0.0 122.0 106.0
obstacle
0.150261104107
313.0 70.0 187.0 263.0
obstacle
0.149537831545
354.0 27.0 96.0 74.0
obstacle
0.148033216596
153.0 176.0 44.0 37.0
obstacle
0.14789134264
414.0 168.0 86.0 99.0
obstacle
0.147809028625
394.0 0.0 26.0 30.0
obstacle
0.147393941879
166.0 28.0 23.0 25.0
obstacle
0.146968945861
0.0 39.0 184.0 294.0
obstacle
0.146752849221
312.0 283.0 36.0 26.0
obstacle
0.146696314216
279.0 103.0 36.0 23.0
obstacle
0.146164447069
203.0 29.0 24.0 23.0
obstacle
0.145699605346
241.0 29.0 26.0 22.0
obstacle
0.145118862391
0.0 92.0 108.0 94.0
obstacle
0.144863575697
235.0 16.0 103.0 93.0
obstacle
0.144683390856
280.0 81.0 29.0 19.0
obstacle
0.144588202238
223.0 96.0 129.0 92.0
obstacle
0.143564745784
431.0 2.0 31.0 25.0
obstacle
0.14331266284
0.0 149.0 50.0 33.0
obstacle
0.143256872892
0.0 128.0 255.0 125.0
obstacle
0.143057078123
0.0 47.0 95.0 83.0
obstacle
0.14300814271
348.0 284.0 40.0 26.0
obstacle
0.14287430048
275.0 242.0 181.0 91.0
obstacle
0.14279332757
383.0 29.0 110.0 69.0
obstacle
0.142745196819
337.0 175.0 66.0 36.0
obstacle
0.142730519176
303.0 205.0 49.0 29.0
obstacle
0.142610475421
185.0 102.0 128.0 79.0
obstacle
0.142189204693
84.0 100.0 36.0 32.0
obstacle
0.14207752049
88.0 53.0 27.0 22.0
obstacle
0.141672238708
0.0 0.0 126.0 260.0
obstacle
0.141278758645
280.0 19.0 93.0 90.0
obstacle
0.141213014722
0.0 160.0 123.0 69.0
obstacle
0.140995278955
468.0 1.0 32.0 28.0
obstacle
0.140944972634
123.0 0.0 30.0 28.0
obstacle
0.140549376607
75.0 0.0 282.0 333.0
obstacle
0.140368804336
475.0 55.0 19.0 23.0
obstacle
0.140090540051
128.0 56.0 26.0 17.0
obstacle
0.140004679561
39.0 20.0 114.0 84.0
obstacle
0.139884442091
223.0 218.0 208.0 99.0
obstacle
0.139471188188
281.0 29.0 24.0 23.0
obstacle
0.13841073215
372.0 0.0 128.0 263.0
obstacle
0.138396263123
199.0 178.0 94.0 79.0
obstacle
0.138206392527
317.0 104.0 36.0 21.0
obstacle
0.137888729572
279.0 57.0 27.0 16.0
obstacle
0.137736901641
74.0 205.0 42.0 24.0
obstacle
0.137473076582
236.0 283.0 36.0 24.0
obstacle
0.136848703027
26.0 182.0 57.0 18.0
obstacle
0.136477097869
390.0 124.0 39.0 34.0
obstacle
0.135947227478
438.0 80.0 21.0 23.0
obstacle
0.135914310813
431.0 126.0 32.0 30.0
obstacle
0.135757446289
419.0 63.0 81.0 103.0
obstacle
0.135229542851
156.0 155.0 41.0 31.0
obstacle
0.135048240423
86.0 27.0 26.0 27.0
obstacle
0.13503845036
152.0 13.0 115.0 98.0
obstacle
0.134888842702
313.0 308.0 37.0 25.0
obstacle
0.134783297777
106.0 145.0 357.0 144.0
obstacle
0.134777352214
0.0 177.0 50.0 29.0
obstacle
0.134492129087
0.0 258.0 304.0 75.0
obstacle
0.134423300624
48.0 54.0 28.0 22.0
obstacle
0.134204417467
105.0 221.0 209.0 91.0
obstacle
0.134165391326
465.0 282.0 35.0 30.0
obstacle
0.133738383651
387.0 283.0 40.0 26.0
obstacle
0.13364867866
24.0 90.0 145.0 98.0
obstacle
0.133455634117
83.0 0.0 32.0 29.0
obstacle
0.133410453796
239.0 80.0 34.0 19.0
obstacle
0.133278757334
40.0 203.0 37.0 25.0
obstacle
0.133220613003
438.0 56.0 20.0 19.0
obstacle
0.133095920086
215.0 181.0 76.0 23.0
obstacle
0.13303899765
271.0 283.0 40.0 27.0
obstacle
0.132846862078
346.0 231.0 43.0 26.0
obstacle
0.132760211825
386.0 309.0 40.0 24.0
obstacle
0.132414489985
471.0 30.0 26.0 22.0
obstacle
0.13236489892
347.0 153.0 45.0 33.0
obstacle
0.132131114602
0.0 117.0 44.0 50.0
obstacle
0.131650611758
350.0 310.0 37.0 23.0
obstacle
0.131592020392
404.0 111.0 96.0 110.0
obstacle
0.131373137236
165.0 55.0 27.0 18.0
obstacle
0.130956590176
22.0 153.0 70.0 24.0
obstacle
0.13093957305
195.0 184.0 182.0 118.0
obstacle
0.130721777678
240.0 56.0 30.0 17.0
obstacle
0.130679905415
314.0 41.0 100.0 98.0
obstacle
0.130514129996
474.0 80.0 23.0 23.0
obstacle
0.130354687572
46.0 29.0 25.0 25.0
obstacle
0.130114540458
1.0 200.0 45.0 36.0
obstacle
0.130054414272
260.0 140.0 240.0 153.0
obstacle
0.12995249033
107.0 173.0 61.0 42.0
obstacle
0.129689946771
396.0 101.0 28.0 27.0
obstacle
0.129515558481
127.0 29.0 24.0 23.0
obstacle
0.129474267364
26.0 271.0 139.0 62.0
obstacle
0.129368409514
374.0 178.0 64.0 29.0
obstacle
0.129286557436
351.0 48.0 102.0 84.0
obstacle
0.129161387682
187.0 209.0 57.0 20.0
obstacle
0.129134058952
319.0 57.0 22.0 16.0
obstacle
0.129114717245
399.0 79.0 21.0 23.0
obstacle
0.129097759724
0.0 170.0 135.0 99.0
obstacle
0.128879249096
41.0 1.0 38.0 27.0
obstacle
0.128863826394
203.0 55.0 27.0 18.0
obstacle
0.128859624267
39.0 52.0 461.0 180.0
obstacle
0.128279611468
318.0 82.0 28.0 16.0
obstacle
0.128175586462
339.0 209.0 58.0 22.0
obstacle
0.127831622958
340.0 153.0 126.0 75.0
obstacle
0.127759218216
359.0 239.0 141.0 94.0
obstacle
0.127613037825
207.0 146.0 164.0 91.0
obstacle
0.127407163382
44.0 102.0 35.0 29.0
obstacle
0.127381727099
320.0 28.0 22.0 23.0
obstacle
0.127369090915
272.0 307.0 40.0 26.0
obstacle
0.127180859447
0.0 228.0 46.0 33.0
obstacle
0.127175778151
435.0 103.0 27.0 25.0
obstacle
0.126968592405
9.0 188.0 171.0 111.0
obstacle
0.12688241899
91.0 78.0 25.0 24.0
obstacle
0.12671969831
61.0 134.0 222.0 199.0
obstacle
0.126516357064
224.0 272.0 128.0 61.0
obstacle
0.1262306422
358.0 55.0 23.0 19.0
obstacle
0.12612105906
73.0 129.0 118.0 128.0
obstacle
0.125811606646
183.0 177.0 62.0 30.0
obstacle
0.125793561339
398.0 55.0 21.0 20.0
obstacle
0.125733017921
358.0 103.0 30.0 25.0
obstacle
0.125652164221
343.0 259.0 49.0 24.0
obstacle
0.125547349453
310.0 179.0 104.0 80.0
obstacle
0.125526338816
196.0 284.0 36.0 23.0
obstacle
0.125312283635
192.0 45.0 111.0 87.0
obstacle
0.125241428614
265.0 256.0 55.0 31.0
obstacle
0.125111326575
195.0 235.0 185.0 98.0
obstacle
0.124927066267
395.0 29.0 25.0 22.0
obstacle
0.124904863536
72.0 123.0 52.0 34.0
obstacle
0.124617233872
264.0 175.0 56.0 37.0
obstacle
0.124599039555
239.0 103.0 38.0 22.0
obstacle
0.124345868826
105.0 151.0 136.0 86.0
obstacle
0.123784452677
226.0 259.0 52.0 23.0
obstacle
0.123331941664
234.0 309.0 42.0 24.0
obstacle
0.12323936075
218.0 209.0 65.0 19.0
obstacle
0.123170003295
39.0 308.0 42.0 23.0
obstacle
0.122853294015
34.0 158.0 196.0 124.0
obstacle
0.122840769589
310.0 152.0 43.0 36.0
obstacle
0.122672818601
304.0 274.0 126.0 59.0
obstacle
0.122343383729
190.0 81.0 116.0 70.0
obstacle
0.122195243835
394.0 193.0 106.0 105.0
obstacle
0.121691353619
358.0 81.0 25.0 20.0
obstacle
0.121535047889
358.0 27.0 22.0 23.0
obstacle
0.12142021209
430.0 310.0 30.0 23.0
obstacle
0.120845459402
435.0 29.0 21.0 23.0
obstacle
0.120364263654
308.0 257.0 48.0 28.0
obstacle
0.119891248643
117.0 125.0 43.0 34.0
obstacle
0.119596876204
0.0 213.0 128.0 111.0
obstacle
0.119595550001
198.0 78.0 39.0 22.0
obstacle
0.119580730796
151.0 171.0 111.0 92.0
obstacle
0.119336336851
125.0 100.0 34.0 32.0
obstacle
0.119098946452
469.0 126.0 31.0 33.0
obstacle
0.118758678436
50.0 80.0 28.0 21.0
obstacle
0.118606835604
351.0 124.0 41.0 35.0
obstacle
0.118529185653
229.0 232.0 46.0 22.0
obstacle
0.118264131248
200.0 102.0 39.0 25.0
obstacle
0.118046693504
76.0 50.0 113.0 75.0
obstacle
0.118024520576
421.0 178.0 45.0 31.0
obstacle
0.117855042219
34.0 71.0 125.0 85.0
obstacle
0.11770812422
382.0 51.0 114.0 77.0
obstacle
0.117613784969
3.0 100.0 41.0 35.0
obstacle
0.117573812604
428.0 283.0 33.0 26.0
obstacle
0.116930745542
40.0 282.0 39.0 24.0
obstacle
0.116780340672
468.0 232.0 30.0 25.0
obstacle
0.116449415684
383.0 256.0 50.0 29.0
obstacle
0.11626803875
42.0 259.0 38.0 21.0
obstacle
0.116247758269
158.0 0.0 187.0 163.0
obstacle
0.116185285151
386.0 151.0 44.0 36.0
obstacle
0.115869477391
467.0 177.0 33.0 33.0
obstacle
0.115828104317
4.0 28.0 33.0 27.0
obstacle
0.115823850036
373.0 209.0 66.0 19.0
obstacle
0.115620091558
0.0 104.0 373.0 125.0
obstacle
0.115603350103
426.0 257.0 39.0 30.0
obstacle
0.115489348769
33.0 55.0 124.0 65.0
obstacle
0.115480437875
60.0 151.0 72.0 29.0
obstacle
0.11527300626
88.0 0.0 170.0 159.0
obstacle
0.115003876388
0.0 267.0 97.0 66.0
obstacle
0.114955276251
272.0 150.0 42.0 38.0
obstacle
0.114730075002
129.0 79.0 27.0 24.0
obstacle
0.114691823721
198.0 309.0 34.0 24.0
obstacle
0.114225894213
101.0 273.0 143.0 60.0
obstacle
0.113896258175
129.0 118.0 164.0 99.0
obstacle
0.113857194781
110.0 45.0 122.0 86.0
obstacle
0.11369998008
101.0 70.0 143.0 91.0
obstacle
0.11366571486
163.0 281.0 28.0 28.0
obstacle
0.113185495138
109.0 152.0 56.0 33.0
obstacle
0.112968876958
466.0 255.0 33.0 32.0
obstacle
0.112960740924
196.0 126.0 43.0 31.0
obstacle
0.112883836031
310.0 232.0 40.0 24.0
obstacle
0.112738385797
164.0 100.0 34.0 31.0
obstacle
0.112692527473
4.0 254.0 40.0 31.0
obstacle
0.112509809434
463.0 310.0 37.0 23.0
obstacle
0.112248390913
39.0 231.0 41.0 26.0
obstacle
0.112079776824
193.0 152.0 46.0 36.0
obstacle
0.111732244492
233.0 150.0 43.0 36.0
obstacle
0.111630484462
75.0 231.0 50.0 25.0
obstacle
0.111356057227
425.0 153.0 41.0 30.0
obstacle
0.1112960428
0.0 307.0 44.0 26.0
obstacle
0.111038140953
158.0 126.0 42.0 34.0
obstacle
0.110565617681
0.0 1.0 42.0 28.0
obstacle
0.110481858253
189.0 259.0 52.0 23.0
obstacle
0.109601601958
251.0 110.0 149.0 115.0
obstacle
0.109587691724
194.0 231.0 42.0 23.0
obstacle
0.109288960695
55.0 182.0 83.0 20.0
obstacle
0.10883666575
6.0 79.0 38.0 26.0
obstacle
0.108774855733
152.0 207.0 51.0 24.0
obstacle
0.108376100659
82.0 306.0 35.0 27.0
obstacle
0.10829411447
399.0 275.0 101.0 58.0
obstacle
0.107971601188
2.0 281.0 41.0 28.0
obstacle
0.107750207186
257.0 79.0 137.0 78.0
obstacle
0.10724272579
466.0 151.0 34.0 34.0
obstacle
0.107102848589
426.0 232.0 38.0 26.0
obstacle
0.106692612171
82.0 256.0 36.0 26.0
obstacle
0.106515839696
119.0 308.0 37.0 25.0
obstacle
0.10610537231
471.0 104.0 29.0 25.0
obstacle
0.106055609882
163.0 77.0 35.0 25.0
obstacle
0.105758175254
116.0 204.0 44.0 27.0
obstacle
0.104411937296
313.0 126.0 41.0 31.0
obstacle
0.10384644568
236.0 127.0 40.0 28.0
obstacle
0.103605896235
157.0 309.0 40.0 24.0
obstacle
0.101640708745
83.0 279.0 33.0 30.0
obstacle
0.101532444358
152.0 228.0 50.0 30.0
obstacle
0.100227043033
118.0 226.0 40.0 35.0
obstacle
0.100110299885
274.0 127.0 40.0 28.0
obstacle
0.0993520617485
154.0 256.0 44.0 28.0
obstacle
0.0962247848511
124.0 280.0 31.0 29.0
obstacle
0.0958081930876
6.0 54.0 35.0 24.0
obstacle
0.0937507450581
121.0 255.0 34.0 29.0
obstacle
0.0925758555532
271.0 234.0 43.0 22.0
obstacle
0.0907322615385
0.0 176.0 342.0 132.0
obstacle
0.0882572904229
260.0 208.0 69.0 23.0
obstacle
0.0870428755879
419.0 203.0 49.0 34.0
obstacle
0.0848202556372
467.0 205.0 33.0 30.0
