obstacle
0.238545700908
213.0 208.0 145.0 78.0
obstacle
0.238244444132
0.0 0.0 500.0 154.0
obstacle
0.205388098955
168.0 0.0 310.0 122.0
obstacle
0.179134041071
0.0 3.0 430.0 276.0
obstacle
0.173787251115
0.0 57.0 118.0 114.0
obstacle
0.172953665257
370.0 0.0 130.0 77.0
obstacle
0.171082928777
304.0 3.0 196.0 277.0
obstacle
0.170909926295
152.0 105.0 345.0 222.0
obstacle
0.168984860182
270.0 165.0 101.0 103.0
obstacle
0.167923361063
0.0 48.0 219.0 285.0
obstacle
0.166402593255
232.0 153.0 110.0 75.0
obstacle
0.163265392184
60.0 201.0 377.0 132.0
obstacle
0.162335306406
41.0 0.0 334.0 112.0
obstacle
0.16168628633
44.0 30.0 106.0 116.0
obstacle
0.159836813807
66.0 4.0 143.0 274.0
obstacle
0.159257516265
246.0 210.0 78.0 15.0
obstacle
0.15844912827
135.0 13.0 240.0 320.0
obstacle
0.15805080533
83.0 206.0 175.0 124.0
obstacle
0.152024373412
0.0 0.0 265.0 190.0
obstacle
0.151669383049
164.0 3.0 26.0 23.0
obstacle
0.150510549545
140.0 0.0 149.0 259.0
obstacle
0.150197729468
256.0 180.0 69.0 26.0
obstacle
0.14957511425
6.0 0.0 117.0 276.0
obstacle
0.149092882872
221.0 206.0 64.0 28.0
obstacle
0.148358806968
0.0 0.0 120.0 128.0
obstacle
0.148199886084
230.0 5.0 203.0 271.0
obstacle
0.147158041596
76.0 74.0 115.0 79.0
obstacle
0.146632984281
73.0 0.0 126.0 118.0
obstacle
0.146094247699
0.0 0.0 250.0 95.0
obstacle
0.1459864676
83.0 127.0 42.0 28.0
obstacle
0.145896270871
290.0 162.0 140.0 111.0
obstacle
0.144753679633
188.0 12.0 123.0 103.0
obstacle
0.144381329417
93.0 183.0 238.0 124.0
obstacle
0.144224017859
203.0 2.0 27.0 24.0
obstacle
0.143468737602
432.0 153.0 33.0 26.0
obstacle
0.143175214529
312.0 0.0 188.0 129.0
obstacle
0.142742156982
241.0 2.0 27.0 23.0
obstacle
0.142709419131
419.0 9.0 81.0 110.0
obstacle
0.142638683319
153.0 214.0 193.0 108.0
obstacle
0.142609149218
245.0 193.0 152.0 104.0
obstacle
0.14229747653
80.0 269.0 107.0 64.0
obstacle
0.141489952803
356.0 129.0 144.0 204.0
obstacle
0.141359180212
41.0 281.0 32.0 28.0
obstacle
0.14130243659
0.0 128.0 123.0 129.0
obstacle
0.140864804387
123.0 2.0 31.0 24.0
obstacle
0.140841677785
316.0 46.0 96.0 87.0
obstacle
0.139788031578
271.0 258.0 39.0 23.0
obstacle
0.139752238989
148.0 45.0 124.0 88.0
obstacle
0.139413192868
282.0 213.0 165.0 111.0
obstacle
0.13926102221
43.0 78.0 35.0 25.0
obstacle
0.138605356216
229.0 46.0 115.0 87.0
obstacle
0.138283535838
417.0 161.0 83.0 111.0
obstacle
0.137731865048
386.0 22.0 100.0 85.0
obstacle
0.137056738138
245.0 183.0 82.0 72.0
obstacle
0.136945441365
279.0 3.0 27.0 22.0
obstacle
0.136522307992
185.0 173.0 121.0 92.0
obstacle
0.136288300157
248.0 149.0 156.0 84.0
obstacle
0.134974822402
404.0 1.0 96.0 280.0
obstacle
0.134940192103
86.0 79.0 29.0 23.0
obstacle
0.13466501236
92.0 147.0 159.0 142.0
obstacle
0.134211882949
3.0 270.0 111.0 63.0
obstacle
0.133899688721
141.0 0.0 142.0 80.0
obstacle
0.13344207406
222.0 0.0 133.0 85.0
obstacle
0.13333080709
276.0 47.0 101.0 86.0
obstacle
0.133300364017
166.0 25.0 26.0 33.0
obstacle
0.132874891162
262.0 233.0 51.0 18.0
obstacle
0.13246332109
293.0 0.0 143.0 90.0
obstacle
0.132145628333
193.0 178.0 45.0 33.0
obstacle
0.131460979581
38.0 129.0 46.0 25.0
obstacle
0.130149722099
125.0 25.0 30.0 33.0
obstacle
0.130147829652
313.0 187.0 181.0 112.0
obstacle
0.12899787724
399.0 216.0 101.0 105.0
obstacle
0.128604784608
62.0 124.0 143.0 137.0
obstacle
0.128224164248
241.0 27.0 28.0 28.0
obstacle
0.127939373255
46.0 104.0 32.0 23.0
obstacle
0.127905681729
228.0 256.0 47.0 29.0
obstacle
0.127673387527
82.0 1.0 33.0 26.0
obstacle
0.127549633384
72.0 99.0 124.0 85.0
obstacle
0.127446144819
262.0 103.0 129.0 78.0
obstacle
0.127220198512
436.0 79.0 26.0 23.0
obstacle
0.127213671803
165.0 81.0 29.0 19.0
obstacle
0.126934289932
86.0 104.0 32.0 23.0
obstacle
0.126828446984
119.0 180.0 42.0 26.0
obstacle
0.126632779837
389.0 284.0 30.0 22.0
obstacle
0.126531332731
414.0 114.0 86.0 104.0
obstacle
0.126508697867
203.0 26.0 28.0 31.0
obstacle
0.126170277596
0.0 75.0 46.0 36.0
obstacle
0.126053676009
121.0 151.0 43.0 31.0
obstacle
0.125991225243
59.0 83.0 238.0 250.0
obstacle
0.125886306167
472.0 79.0 25.0 26.0
obstacle
0.125883027911
0.0 153.0 48.0 30.0
obstacle
0.125449985266
39.0 1.0 41.0 26.0
obstacle
0.125444680452
112.0 72.0 118.0 84.0
obstacle
0.125144422054
282.0 79.0 30.0 20.0
obstacle
0.124902933836
204.0 80.0 29.0 19.0
obstacle
0.124829769135
118.0 265.0 106.0 68.0
obstacle
0.124464116991
204.0 56.0 27.0 21.0
obstacle
0.124067045748
318.0 2.0 26.0 25.0
obstacle
0.124031528831
302.0 233.0 53.0 23.0
obstacle
0.123792633414
121.0 128.0 43.0 25.0
obstacle
0.123610973358
45.0 53.0 29.0 29.0
obstacle
0.123497471213
166.0 55.0 25.0 24.0
obstacle
0.123254708946
243.0 80.0 29.0 18.0
obstacle
0.123127952218
48.0 196.0 167.0 97.0
obstacle
0.123100928962
164.0 107.0 32.0 18.0
obstacle
0.123072877526
0.0 121.0 273.0 144.0
obstacle
0.122935257852
43.0 23.0 32.0 38.0
obstacle
0.122905679047
249.0 233.0 148.0 100.0
obstacle
0.122779227793
399.0 68.0 101.0 93.0
obstacle
0.122670590878
472.0 104.0 26.0 27.0
obstacle
0.122652240098
80.0 180.0 43.0 27.0
obstacle
0.122345775366
349.0 283.0 35.0 25.0
obstacle
0.121756225824
346.0 256.0 46.0 30.0
obstacle
0.121715180576
424.0 205.0 41.0 25.0
obstacle
0.121652856469
354.0 49.0 94.0 80.0
obstacle
0.121491745114
37.0 0.0 122.0 103.0
obstacle
0.121416755021
127.0 79.0 28.0 21.0
obstacle
0.121409639716
223.0 179.0 60.0 31.0
obstacle
0.121398314834
228.0 274.0 115.0 59.0
obstacle
0.121014818549
468.0 56.0 32.0 23.0
obstacle
0.121007449925
348.0 180.0 41.0 27.0
obstacle
0.120951615274
426.0 311.0 34.0 21.0
obstacle
0.120904780924
147.0 277.0 126.0 56.0
obstacle
0.12078769505
39.0 102.0 117.0 77.0
obstacle
0.120771609247
82.0 150.0 43.0 33.0
obstacle
0.120604828
385.0 309.0 40.0 24.0
obstacle
0.120572350919
180.0 71.0 135.0 86.0
obstacle
0.120486423373
204.0 106.0 30.0 18.0
obstacle
0.120480336249
279.0 210.0 97.0 19.0
obstacle
0.120475642383
280.0 26.0 27.0 30.0
obstacle
0.120425157249
467.0 233.0 30.0 24.0
obstacle
0.120192371309
268.0 271.0 112.0 62.0
obstacle
0.119938395917
319.0 125.0 29.0 31.0
obstacle
0.119860731065
114.0 12.0 117.0 104.0
obstacle
0.119670398533
432.0 55.0 32.0 22.0
obstacle
0.11960593611
196.0 0.0 186.0 197.0
obstacle
0.119435094297
384.0 231.0 42.0 28.0
obstacle
0.119265817106
40.0 275.0 108.0 58.0
obstacle
0.118951112032
116.0 230.0 43.0 27.0
obstacle
0.11892709136
0.0 127.0 53.0 31.0
obstacle
0.118914939463
245.0 57.0 24.0 19.0
obstacle
0.118534840643
429.0 285.0 27.0 20.0
obstacle
0.118531480432
108.0 113.0 128.0 107.0
obstacle
0.118523798883
378.0 104.0 122.0 70.0
obstacle
0.118383571506
467.0 181.0 33.0 25.0
obstacle
0.118131794035
86.0 53.0 28.0 27.0
obstacle
0.117977410555
221.0 108.0 132.0 68.0
obstacle
0.117747351527
0.0 251.0 370.0 82.0
obstacle
0.117432110012
423.0 181.0 46.0 23.0
obstacle
0.117346346378
190.0 205.0 46.0 30.0
obstacle
0.11731684953
42.0 150.0 41.0 34.0
obstacle
0.117195494473
41.0 179.0 43.0 27.0
obstacle
0.117086194456
126.0 105.0 31.0 21.0
obstacle
0.117021948099
323.0 102.0 25.0 25.0
obstacle
0.116940133274
0.0 199.0 139.0 90.0
obstacle
0.116891026497
322.0 80.0 26.0 20.0
obstacle
0.116755254567
43.0 308.0 32.0 25.0
obstacle
0.116644740105
368.0 276.0 132.0 57.0
obstacle
0.116445578635
460.0 284.0 38.0 25.0
obstacle
0.116248100996
383.0 207.0 41.0 26.0
obstacle
0.11624225229
132.0 139.0 158.0 107.0
obstacle
0.116221860051
439.0 104.0 22.0 25.0
obstacle
0.116077341139
359.0 51.0 26.0 27.0
obstacle
0.116075322032
2.0 230.0 43.0 28.0
obstacle
0.115817658603
44.0 122.0 107.0 90.0
obstacle
0.115773968399
466.0 259.0 31.0 22.0
obstacle
0.115725018084
272.0 0.0 111.0 105.0
obstacle
0.115504562855
117.0 256.0 40.0 25.0
obstacle
0.115345031023
37.0 202.0 43.0 31.0
obstacle
0.115256294608
295.0 277.0 137.0 56.0
obstacle
0.115156270564
470.0 25.0 30.0 32.0
obstacle
0.115096949041
82.0 280.0 31.0 29.0
obstacle
0.115048572421
84.0 24.0 31.0 35.0
obstacle
0.114872828126
274.0 307.0 32.0 26.0
obstacle
0.114826634526
119.0 203.0 38.0 30.0
obstacle
0.114805698395
261.0 74.0 131.0 82.0
obstacle
0.114498823881
232.0 283.0 38.0 25.0
obstacle
0.114420086145
470.0 153.0 30.0 29.0
obstacle
0.114216037095
383.0 181.0 47.0 24.0
obstacle
0.114197291434
0.0 0.0 43.0 28.0
obstacle
0.114035815001
362.0 101.0 23.0 29.0
obstacle
0.113825261593
193.0 247.0 307.0 86.0
obstacle
0.113793902099
126.0 54.0 28.0 25.0
obstacle
0.11369343102
428.0 259.0 30.0 19.0
obstacle
0.113592423499
355.0 1.0 29.0 25.0
obstacle
0.113335333765
1.0 178.0 42.0 29.0
obstacle
0.113285660744
199.0 130.0 38.0 22.0
obstacle
0.113175451756
297.0 179.0 65.0 28.0
obstacle
0.113075964153
159.0 283.0 34.0 24.0
obstacle
0.113028906286
435.0 128.0 28.0 26.0
obstacle
0.112907879055
313.0 309.0 33.0 24.0
obstacle
0.112702228129
0.0 97.0 500.0 142.0
obstacle
0.112701207399
395.0 53.0 30.0 25.0
obstacle
0.112632088363
465.0 0.0 35.0 27.0
obstacle
0.112450152636
283.0 55.0 24.0 21.0
obstacle
0.112323500216
240.0 128.0 35.0 26.0
obstacle
0.112003408372
0.0 156.0 132.0 177.0
obstacle
0.111819766462
349.0 308.0 37.0 25.0
obstacle
0.11180909723
333.0 98.0 140.0 84.0
obstacle
0.111762419343
394.0 151.0 34.0 32.0
obstacle
0.111415624619
271.0 284.0 36.0 24.0
obstacle
0.111335016787
198.0 284.0 32.0 21.0
obstacle
0.111326701939
0.0 255.0 44.0 28.0
obstacle
0.111127711833
176.0 114.0 145.0 105.0
obstacle
0.11111883074
396.0 23.0 27.0 36.0
obstacle
0.111054852605
4.0 201.0 37.0 32.0
obstacle
0.110990062356
279.0 129.0 32.0 25.0
obstacle
0.110980294645
2.0 52.0 40.0 30.0
obstacle
0.110822305083
343.0 206.0 52.0 29.0
obstacle
0.110336087644
385.0 258.0 40.0 25.0
obstacle
0.110037408769
233.0 151.0 42.0 34.0
obstacle
0.109949789941
311.0 283.0 34.0 27.0
obstacle
0.109901227057
2.0 278.0 38.0 34.0
obstacle
0.109893359244
468.0 209.0 30.0 23.0
obstacle
0.109879769385
0.0 104.0 48.0 28.0
obstacle
0.109659701586
319.0 27.0 25.0 28.0
obstacle
0.109539195895
244.0 104.0 28.0 21.0
obstacle
0.109495259821
118.0 309.0 40.0 22.0
obstacle
0.109409473836
219.0 126.0 136.0 82.0
obstacle
0.109174482524
120.0 241.0 176.0 92.0
obstacle
0.108962424099
0.0 306.0 43.0 27.0
obstacle
0.108932159841
269.0 151.0 47.0 32.0
obstacle
0.108889833093
160.0 131.0 41.0 21.0
obstacle
0.108421444893
160.0 152.0 39.0 30.0
obstacle
0.108406379819
197.0 152.0 38.0 31.0
obstacle
0.108282096684
399.0 103.0 23.0 26.0
obstacle
0.10824688524
390.0 0.0 32.0 27.0
obstacle
0.108184874058
357.0 28.0 25.0 25.0
obstacle
0.108103066683
25.0 161.0 137.0 114.0
obstacle
0.108071826398
397.0 77.0 25.0 25.0
obstacle
0.107939943671
144.0 90.0 132.0 101.0
obstacle
0.10783020407
325.0 144.0 156.0 95.0
obstacle
0.107533790171
3.0 25.0 36.0 33.0
obstacle
0.107388742268
362.0 22.0 75.0 83.0
obstacle
0.107264347374
360.0 77.0 26.0 24.0
obstacle
0.107190571725
325.0 240.0 149.0 93.0
obstacle
0.107043936849
359.0 125.0 26.0 32.0
obstacle
0.10673378408
284.0 103.0 27.0 23.0
obstacle
0.106618955731
117.0 283.0 40.0 23.0
obstacle
0.1064382568
82.0 307.0 32.0 26.0
obstacle
0.106119044125
434.0 23.0 29.0 34.0
obstacle
0.106055915356
235.0 308.0 33.0 25.0
obstacle
0.106022804976
188.0 230.0 49.0 28.0
obstacle
0.106004536152
160.0 202.0 35.0 30.0
obstacle
0.105988092721
426.0 233.0 32.0 21.0
obstacle
0.10546657443
308.0 256.0 44.0 29.0
obstacle
0.1054610461
469.0 129.0 31.0 27.0
obstacle
0.103371888399
157.0 178.0 43.0 30.0
obstacle
0.103100456297
343.0 234.0 53.0 23.0
obstacle
0.103003546596
229.0 229.0 48.0 31.0
obstacle
0.102942705154
324.0 53.0 20.0 24.0
obstacle
0.102708503604
191.0 257.0 44.0 25.0
obstacle
0.102023348212
78.0 201.0 41.0 32.0
obstacle
0.101913653314
309.0 150.0 43.0 34.0
obstacle
0.101890511811
429.0 0.0 35.0 28.0
obstacle
0.101859949529
351.0 148.0 38.0 38.0
obstacle
0.100680850446
295.0 119.0 138.0 95.0
obstacle
0.10009341687
460.0 310.0 40.0 22.0
obstacle
0.0999136641622
198.0 307.0 31.0 26.0
obstacle
0.0985469892621
156.0 256.0 38.0 27.0
obstacle
0.0985185950994
397.0 126.0 27.0 30.0
obstacle
0.0975207164884
25.0 221.0 138.0 95.0
obstacle
0.0971818715334
155.0 230.0 41.0 27.0
obstacle
0.0969609022141
36.0 256.0 42.0 27.0
obstacle
0.0942954197526
159.0 308.0 34.0 25.0
obstacle
0.0941233858466
34.0 229.0 49.0 30.0
obstacle
0.0932135507464
78.0 256.0 38.0 26.0
obstacle
0.0901286825538
77.0 229.0 40.0 29.0
