obstacle
0.25866702199
0.0 0.0 500.0 130.0
obstacle
0.196411803365
150.0 151.0 47.0 23.0
obstacle
0.180276751518
186.0 172.0 56.0 25.0
obstacle
0.178067773581
0.0 0.0 321.0 208.0
obstacle
0.177383556962
218.0 0.0 282.0 112.0
obstacle
0.177377387881
391.0 174.0 36.0 21.0
obstacle
0.177374944091
116.0 70.0 119.0 149.0
obstacle
0.174935594201
6.0 34.0 102.0 84.0
obstacle
0.173947826028
179.0 53.0 321.0 132.0
obstacle
0.172515183687
0.0 0.0 230.0 100.0
obstacle
0.170853823423
148.0 104.0 63.0 30.0
obstacle
0.170290663838
154.0 171.0 44.0 27.0
obstacle
0.170204028487
346.0 193.0 42.0 27.0
obstacle
0.169402092695
45.0 38.0 103.0 75.0
obstacle
0.169314146042
348.0 174.0 45.0 21.0
obstacle
0.167760953307
0.0 92.0 220.0 189.0
obstacle
0.167177125812
181.0 127.0 67.0 31.0
obstacle
0.166173771024
37.0 192.0 45.0 27.0
obstacle
0.165869101882
35.0 0.0 46.0 27.0
obstacle
0.165283367038
0.0 162.0 500.0 119.0
obstacle
0.164030596614
392.0 194.0 31.0 24.0
obstacle
0.162939324975
39.0 170.0 41.0 25.0
obstacle
0.161646828055
172.0 87.0 310.0 153.0
obstacle
0.160991027951
305.0 194.0 46.0 25.0
obstacle
0.160249873996
140.0 0.0 213.0 281.0
obstacle
0.159040734172
37.0 116.0 343.0 88.0
obstacle
0.15762861073
80.0 0.0 111.0 106.0
obstacle
0.157361641526
237.0 1.0 33.0 22.0
obstacle
0.156775444746
278.0 1.0 30.0 23.0
obstacle
0.155612483621
51.0 4.0 449.0 273.0
obstacle
0.155211463571
188.0 192.0 49.0 31.0
obstacle
0.1551951617
355.0 0.0 31.0 24.0
obstacle
0.154473900795
110.0 0.0 127.0 95.0
obstacle
0.153667792678
318.0 0.0 29.0 24.0
obstacle
0.153640300035
42.0 128.0 42.0 24.0
obstacle
0.153163313866
264.0 194.0 50.0 25.0
obstacle
0.153073087335
152.0 128.0 50.0 29.0
obstacle
0.151620909572
197.0 1.0 35.0 22.0
obstacle
0.150747925043
196.0 0.0 197.0 212.0
obstacle
0.150423020124
81.0 126.0 43.0 27.0
obstacle
0.150283172727
308.0 174.0 47.0 23.0
obstacle
0.150248646736
149.0 89.0 125.0 148.0
obstacle
0.14987680316
211.0 142.0 289.0 127.0
obstacle
0.148953989148
136.0 199.0 152.0 82.0
obstacle
0.148936912417
409.0 73.0 91.0 92.0
obstacle
0.148861780763
268.0 129.0 51.0 23.0
obstacle
0.148269981146
268.0 174.0 50.0 23.0
obstacle
0.147477954626
347.0 67.0 112.0 105.0
obstacle
0.147441536188
76.0 1.0 42.0 25.0
obstacle
0.147174745798
234.0 232.0 104.0 49.0
obstacle
0.146847397089
231.0 152.0 44.0 24.0
obstacle
0.146770000458
347.0 0.0 118.0 68.0
obstacle
0.146667942405
231.0 128.0 46.0 28.0
obstacle
0.146295160055
150.0 231.0 124.0 50.0
obstacle
0.145998194814
267.0 151.0 51.0 25.0
obstacle
0.145342752337
188.0 211.0 44.0 35.0
obstacle
0.145096451044
38.0 149.0 46.0 24.0
obstacle
0.145059391856
188.0 0.0 128.0 78.0
obstacle
0.144947364926
306.0 211.0 116.0 70.0
obstacle
0.144578546286
123.0 19.0 30.0 31.0
obstacle
0.144417509437
248.0 105.0 161.0 77.0
obstacle
0.144303202629
308.0 69.0 116.0 104.0
obstacle
0.144229203463
80.0 222.0 109.0 59.0
obstacle
0.143582165241
392.0 1.0 31.0 21.0
obstacle
0.142994701862
189.0 105.0 50.0 29.0
obstacle
0.14287365973
203.0 22.0 26.0 25.0
obstacle
0.142529085279
288.0 24.0 212.0 257.0
obstacle
0.141316905618
0.0 0.0 107.0 94.0
obstacle
0.141176223755
280.0 234.0 93.0 47.0
obstacle
0.140955686569
152.0 192.0 42.0 31.0
obstacle
0.14062204957
36.0 215.0 45.0 24.0
obstacle
0.14037014544
114.0 1.0 42.0 24.0
obstacle
0.140191540122
471.0 196.0 24.0 23.0
obstacle
0.139722779393
189.0 84.0 127.0 118.0
obstacle
0.139667734504
307.0 0.0 122.0 74.0
obstacle
0.139485582709
344.0 0.0 156.0 207.0
obstacle
0.139320552349
234.0 175.0 41.0 22.0
obstacle
0.13914309442
365.0 65.0 135.0 65.0
obstacle
0.1383857131
470.0 216.0 25.0 26.0
obstacle
0.138359442353
229.0 193.0 46.0 28.0
obstacle
0.137639343739
401.0 0.0 99.0 79.0
obstacle
0.137576267123
2.0 235.0 38.0 26.0
obstacle
0.137266546488
468.0 175.0 30.0 21.0
obstacle
0.137237772346
434.0 176.0 27.0 18.0
obstacle
0.137065172195
429.0 107.0 35.0 23.0
obstacle
0.135946929455
78.0 149.0 45.0 25.0
obstacle
0.135860309005
177.0 183.0 145.0 88.0
obstacle
0.135711699724
298.0 34.0 133.0 82.0
obstacle
0.135555535555
0.0 60.0 128.0 80.0
obstacle
0.135390281677
242.0 22.0 27.0 26.0
obstacle
0.135306730866
78.0 192.0 37.0 26.0
obstacle
0.134797930717
157.0 0.0 36.0 25.0
obstacle
0.134214267135
306.0 229.0 46.0 39.0
obstacle
0.134135752916
467.0 237.0 29.0 25.0
obstacle
0.133813694119
256.0 69.0 142.0 59.0
obstacle
0.133537083864
370.0 205.0 130.0 76.0
obstacle
0.133155420423
79.0 171.0 40.0 24.0
obstacle
0.13313922286
4.0 128.0 39.0 25.0
obstacle
0.132686436176
4.0 84.0 41.0 29.0
obstacle
0.132680952549
1.0 211.0 41.0 31.0
obstacle
0.132575541735
318.0 100.0 171.0 82.0
obstacle
0.13223092258
283.0 21.0 24.0 27.0
obstacle
0.132194206119
119.0 126.0 43.0 29.0
obstacle
0.132134094834
165.0 19.0 24.0 30.0
obstacle
0.131980702281
113.0 123.0 200.0 122.0
obstacle
0.131942898035
0.0 219.0 465.0 62.0
obstacle
0.131604835391
0.0 136.0 475.0 93.0
obstacle
0.131504759192
2.0 62.0 42.0 28.0
obstacle
0.13146430254
224.0 0.0 130.0 89.0
obstacle
0.131460949779
42.0 219.0 107.0 62.0
obstacle
0.131067976356
152.0 77.0 124.0 89.0
obstacle
0.130869448185
435.0 198.0 22.0 18.0
obstacle
0.130628854036
235.0 108.0 41.0 24.0
obstacle
0.130526706576
41.0 238.0 36.0 21.0
obstacle
0.130341082811
169.0 144.0 84.0 39.0
obstacle
0.130280822515
269.0 107.0 48.0 23.0
obstacle
0.130274087191
397.0 21.0 23.0 24.0
obstacle
0.130122229457
309.0 209.0 39.0 36.0
obstacle
0.129951819777
355.0 229.0 96.0 52.0
obstacle
0.129914730787
45.0 0.0 107.0 94.0
obstacle
0.129400029778
83.0 19.0 28.0 28.0
obstacle
0.128822565079
434.0 218.0 24.0 20.0
obstacle
0.128590330482
0.0 150.0 44.0 24.0
obstacle
0.128084599972
307.0 151.0 50.0 26.0
obstacle
0.128050267696
86.0 107.0 34.0 25.0
obstacle
0.127657338977
28.0 113.0 137.0 102.0
obstacle
0.127644345164
41.0 19.0 31.0 30.0
obstacle
0.127550944686
466.0 0.0 32.0 24.0
obstacle
0.1268119663
78.0 215.0 38.0 24.0
obstacle
0.126555889845
430.0 1.0 31.0 21.0
obstacle
0.126334786415
0.0 0.0 41.0 25.0
obstacle
0.126180022955
228.0 258.0 45.0 23.0
obstacle
0.126148685813
2.0 192.0 42.0 27.0
obstacle
0.126098036766
0.0 218.0 96.0 63.0
obstacle
0.125746130943
73.0 82.0 128.0 124.0
obstacle
0.12550291419
267.0 211.0 43.0 35.0
obstacle
0.1254375875
360.0 21.0 23.0 26.0
obstacle
0.125240191817
334.0 187.0 137.0 78.0
obstacle
0.125184521079
38.0 67.0 116.0 65.0
obstacle
0.125154882669
89.0 178.0 169.0 99.0
obstacle
0.12504273653
106.0 174.0 58.0 20.0
obstacle
0.12459615618
92.0 106.0 88.0 120.0
obstacle
0.124293677509
323.0 20.0 22.0 28.0
obstacle
0.124137155712
196.0 86.0 41.0 25.0
obstacle
0.123747505248
1.0 172.0 42.0 24.0
obstacle
0.123723745346
390.0 212.0 33.0 30.0
obstacle
0.123593367636
345.0 211.0 43.0 32.0
obstacle
0.123463831842
307.0 160.0 119.0 87.0
obstacle
0.12323589623
156.0 86.0 46.0 25.0
obstacle
0.122724369168
120.0 228.0 108.0 53.0
obstacle
0.122273810208
15.0 0.0 172.0 250.0
obstacle
0.122175768018
387.0 150.0 47.0 25.0
obstacle
0.122051313519
32.0 0.0 131.0 159.0
obstacle
0.122038893402
429.0 261.0 33.0 20.0
obstacle
0.121081106365
60.0 139.0 153.0 95.0
obstacle
0.12106397748
117.0 214.0 35.0 28.0
obstacle
0.120721563697
116.0 108.0 47.0 24.0
obstacle
0.120575807989
342.0 151.0 57.0 25.0
obstacle
0.120402492583
186.0 259.0 49.0 22.0
obstacle
0.12037589401
469.0 153.0 30.0 21.0
obstacle
0.120038934052
467.0 46.0 30.0 20.0
obstacle
0.12000117451
400.0 31.0 100.0 87.0
obstacle
0.119641065598
114.0 195.0 42.0 24.0
obstacle
0.119565024972
0.0 176.0 140.0 102.0
obstacle
0.118983507156
434.0 86.0 27.0 22.0
obstacle
0.118829727173
156.0 237.0 32.0 25.0
obstacle
0.118697017431
406.0 121.0 94.0 83.0
obstacle
0.118321992457
274.0 82.0 107.0 80.0
obstacle
0.117992177606
433.0 22.0 25.0 22.0
obstacle
0.117761150002
229.0 235.0 41.0 31.0
obstacle
0.117666907609
268.0 232.0 42.0 35.0
obstacle
0.117610633373
118.0 260.0 35.0 21.0
obstacle
0.117476247251
428.0 131.0 37.0 19.0
obstacle
0.117469601333
152.0 260.0 43.0 21.0
obstacle
0.117394506931
397.0 158.0 103.0 92.0
obstacle
0.11725243181
79.0 261.0 35.0 20.0
obstacle
0.116946175694
153.0 214.0 35.0 29.0
obstacle
0.116829663515
259.0 6.0 135.0 94.0
obstacle
0.116700790823
239.0 85.0 34.0 26.0
obstacle
0.116536930203
138.0 16.0 142.0 76.0
obstacle
0.116463050246
344.0 230.0 48.0 36.0
obstacle
0.116169981658
17.0 153.0 156.0 103.0
obstacle
0.116056039929
432.0 152.0 33.0 22.0
obstacle
0.11598341167
125.0 44.0 29.0 21.0
obstacle
0.115962713957
270.0 159.0 115.0 90.0
obstacle
0.115949347615
42.0 261.0 34.0 19.0
obstacle
0.115905471146
244.0 66.0 24.0 21.0
obstacle
0.115814067423
229.0 212.0 41.0 34.0
obstacle
0.115559272468
250.0 183.0 153.0 88.0
obstacle
0.115541182458
88.0 0.0 177.0 186.0
obstacle
0.115530148149
0.0 94.0 138.0 98.0
obstacle
0.11549975723
46.0 45.0 27.0 19.0
obstacle
0.115231208503
90.0 85.0 29.0 26.0
obstacle
0.115055561066
223.0 114.0 136.0 98.0
obstacle
0.114899709821
114.0 146.0 43.0 34.0
obstacle
0.114370748401
305.0 258.0 54.0 23.0
obstacle
0.114122204483
466.0 23.0 32.0 23.0
obstacle
0.113991163671
220.0 208.0 280.0 73.0
obstacle
0.113958112895
47.0 62.0 31.0 27.0
obstacle
0.113953284919
274.0 85.0 41.0 23.0
obstacle
0.113316319883
310.0 129.0 42.0 22.0
obstacle
0.112543396652
0.0 85.0 93.0 72.0
obstacle
0.112426221371
430.0 239.0 29.0 20.0
obstacle
0.112365469337
3.0 20.0 35.0 28.0
obstacle
0.112100765109
158.0 0.0 184.0 145.0
obstacle
0.111959092319
87.0 63.0 28.0 23.0
obstacle
0.111217178404
87.0 43.0 27.0 21.0
obstacle
0.110549561679
105.0 45.0 132.0 64.0
obstacle
0.110514305532
469.0 67.0 29.0 21.0
obstacle
0.110513433814
287.0 124.0 162.0 76.0
obstacle
0.110123366117
4.0 261.0 35.0 20.0
obstacle
0.110065229237
225.0 152.0 129.0 103.0
obstacle
0.109801486135
233.0 83.0 111.0 78.0
obstacle
0.109746590257
166.0 64.0 27.0 22.0
obstacle
0.109466515481
242.0 46.0 26.0 19.0
obstacle
0.109428212047
312.0 108.0 39.0 21.0
obstacle
0.109066471457
433.0 66.0 25.0 19.0
obstacle
0.108948923647
386.0 233.0 39.0 31.0
obstacle
0.108802251518
350.0 149.0 110.0 65.0
obstacle
0.108364276588
191.0 236.0 41.0 28.0
obstacle
0.108064830303
79.0 238.0 34.0 21.0
obstacle
0.107924669981
337.0 258.0 65.0 23.0
obstacle
0.107861444354
173.0 41.0 149.0 73.0
obstacle
0.10753069818
204.0 66.0 27.0 21.0
obstacle
0.10723811388
122.0 84.0 39.0 28.0
obstacle
0.10717549175
375.0 258.0 63.0 23.0
obstacle
0.106998890638
3.0 105.0 40.0 29.0
obstacle
0.106853812933
282.0 65.0 27.0 20.0
obstacle
0.106085345149
345.0 165.0 117.0 78.0
obstacle
0.105365946889
313.0 85.0 38.0 23.0
obstacle
0.105157867074
353.0 63.0 34.0 26.0
obstacle
0.104972980917
44.0 106.0 41.0 28.0
obstacle
0.104743376374
127.0 63.0 27.0 24.0
obstacle
0.104357093573
118.0 238.0 33.0 23.0
obstacle
0.104242868721
342.0 130.0 53.0 20.0
obstacle
0.104037337005
0.0 59.0 423.0 120.0
obstacle
0.103912137449
386.0 131.0 45.0 21.0
obstacle
0.103463612497
394.0 64.0 28.0 24.0
obstacle
0.10330247134
465.0 262.0 34.0 19.0
obstacle
0.103027388453
103.0 67.0 139.0 65.0
obstacle
0.102874070406
269.0 258.0 43.0 23.0
obstacle
0.10261785239
470.0 108.0 30.0 23.0
obstacle
0.102483145893
348.0 108.0 44.0 22.0
obstacle
0.102426402271
204.0 46.0 26.0 19.0
obstacle
0.102396778762
0.0 0.0 114.0 218.0
obstacle
0.101774588227
433.0 46.0 23.0 19.0
obstacle
0.101398155093
318.0 44.0 30.0 21.0
obstacle
0.101295791566
4.0 44.0 36.0 24.0
obstacle
0.100691437721
352.0 84.0 35.0 24.0
obstacle
0.100530080497
469.0 132.0 30.0 18.0
obstacle
0.099533341825
396.0 45.0 24.0 21.0
obstacle
0.0992351695895
280.0 45.0 30.0 19.0
obstacle
0.0982036665082
357.0 45.0 27.0 20.0
obstacle
0.0974898934364
166.0 45.0 25.0 20.0
obstacle
0.0973892062902
472.0 86.0 27.0 24.0
obstacle
0.0971050933003
47.0 86.0 37.0 26.0
obstacle
0.0961990728974
388.0 105.0 38.0 29.0
obstacle
0.0928843542933
391.0 84.0 33.0 25.0
obstacle
0.092097684741
180.0 66.0 138.0 68.0
obstacle
0.0914520472288
318.0 64.0 30.0 23.0
