obstacle
0.225117489696
102.0 93.0 136.0 145.0
obstacle
0.221661344171
0.0 0.0 500.0 153.0
obstacle
0.204014733434
240.0 0.0 260.0 128.0
obstacle
0.192452907562
0.0 29.0 377.0 252.0
obstacle
0.185675948858
75.0 39.0 284.0 159.0
obstacle
0.18182168901
152.0 105.0 53.0 30.0
obstacle
0.179718151689
0.0 188.0 500.0 93.0
obstacle
0.177959039807
183.0 108.0 67.0 20.0
obstacle
0.170167893171
229.0 152.0 47.0 22.0
obstacle
0.16692943871
154.0 73.0 113.0 138.0
obstacle
0.164350837469
316.0 2.0 28.0 20.0
obstacle
0.16267952323
21.0 81.0 231.0 200.0
obstacle
0.161042198539
277.0 2.0 28.0 20.0
obstacle
0.160765722394
84.0 0.0 30.0 25.0
obstacle
0.159423694015
0.0 0.0 117.0 86.0
obstacle
0.159231677651
165.0 0.0 177.0 185.0
obstacle
0.158638909459
0.0 0.0 355.0 88.0
obstacle
0.157932445407
238.0 0.0 184.0 229.0
obstacle
0.157829925418
123.0 67.0 184.0 106.0
obstacle
0.157805487514
123.0 0.0 32.0 24.0
obstacle
0.156832128763
159.0 130.0 41.0 24.0
obstacle
0.156658664346
239.0 2.0 28.0 20.0
obstacle
0.154674559832
77.0 0.0 121.0 74.0
obstacle
0.154613554478
193.0 43.0 107.0 196.0
obstacle
0.154503792524
154.0 151.0 43.0 22.0
obstacle
0.154228672385
354.0 1.0 30.0 21.0
obstacle
0.153381466866
403.0 159.0 97.0 96.0
obstacle
0.153274893761
120.0 0.0 113.0 70.0
obstacle
0.152830839157
200.0 2.0 28.0 20.0
obstacle
0.151986688375
107.0 0.0 356.0 98.0
obstacle
0.151469260454
242.0 51.0 244.0 230.0
obstacle
0.151361525059
242.0 24.0 25.0 20.0
obstacle
0.149463266134
54.0 76.0 156.0 90.0
obstacle
0.149100527167
46.0 20.0 27.0 27.0
obstacle
0.149072617292
161.0 0.0 30.0 23.0
obstacle
0.148830831051
203.0 23.0 27.0 21.0
obstacle
0.146880686283
188.0 153.0 45.0 16.0
obstacle
0.146567836404
383.0 204.0 117.0 77.0
obstacle
0.14615046978
190.0 0.0 121.0 79.0
obstacle
0.145120456815
119.0 129.0 45.0 24.0
obstacle
0.145107358694
0.0 0.0 223.0 235.0
obstacle
0.145045563579
401.0 127.0 99.0 73.0
obstacle
0.144543424249
125.0 21.0 31.0 25.0
obstacle
0.144516766071
109.0 82.0 130.0 80.0
obstacle
0.144027069211
282.0 24.0 23.0 20.0
obstacle
0.143486812711
217.0 121.0 140.0 84.0
obstacle
0.142584562302
57.0 139.0 304.0 93.0
obstacle
0.142583429813
194.0 83.0 47.0 27.0
obstacle
0.140847936273
183.0 230.0 130.0 51.0
obstacle
0.140392675996
195.0 130.0 42.0 18.0
obstacle
0.140128001571
233.0 0.0 113.0 76.0
obstacle
0.140126749873
272.0 132.0 41.0 19.0
obstacle
0.140052884817
33.0 0.0 131.0 80.0
obstacle
0.139987438917
329.0 0.0 171.0 245.0
obstacle
0.138486370444
165.0 22.0 28.0 24.0
obstacle
0.138209357858
79.0 171.0 185.0 109.0
obstacle
0.13800957799
42.0 1.0 37.0 22.0
obstacle
0.137892067432
385.0 0.0 115.0 67.0
obstacle
0.137670770288
428.0 217.0 36.0 23.0
obstacle
0.136935114861
233.0 218.0 38.0 21.0
obstacle
0.136570394039
0.0 31.0 108.0 87.0
obstacle
0.136161640286
226.0 133.0 54.0 19.0
obstacle
0.136104881763
321.0 23.0 21.0 22.0
obstacle
0.135732129216
315.0 0.0 105.0 79.0
obstacle
0.135639771819
352.0 0.0 107.0 75.0
obstacle
0.135557174683
247.0 151.0 253.0 109.0
obstacle
0.135100007057
270.0 198.0 41.0 17.0
obstacle
0.134685948491
338.0 112.0 162.0 169.0
obstacle
0.134498298168
234.0 240.0 35.0 21.0
obstacle
0.134413182735
196.0 239.0 36.0 22.0
obstacle
0.134169653058
267.0 153.0 46.0 20.0
obstacle
0.133781924844
392.0 1.0 30.0 22.0
obstacle
0.133682280779
83.0 215.0 34.0 27.0
obstacle
0.133366212249
273.0 106.0 42.0 25.0
obstacle
0.132918581367
229.0 175.0 49.0 19.0
obstacle
0.132422044873
0.0 0.0 136.0 180.0
obstacle
0.13234052062
359.0 24.0 21.0 20.0
obstacle
0.132334977388
432.0 1.0 27.0 22.0
obstacle
0.131695508957
144.0 58.0 210.0 223.0
obstacle
0.131220683455
45.0 44.0 33.0 23.0
obstacle
0.130592420697
156.0 161.0 183.0 87.0
obstacle
0.130224883556
87.0 21.0 26.0 26.0
obstacle
0.130166262388
465.0 196.0 35.0 19.0
obstacle
0.129751130939
159.0 82.0 41.0 32.0
obstacle
0.129634901881
372.0 60.0 128.0 74.0
obstacle
0.128588557243
83.0 237.0 33.0 25.0
obstacle
0.12847623229
274.0 0.0 107.0 77.0
obstacle
0.128462463617
4.0 21.0 38.0 26.0
obstacle
0.128415390849
34.0 154.0 198.0 100.0
obstacle
0.128277644515
186.0 175.0 57.0 17.0
obstacle
0.128244623542
160.0 238.0 34.0 24.0
obstacle
0.128201290965
44.0 260.0 34.0 20.0
obstacle
0.12789478898
22.0 118.0 147.0 90.0
obstacle
0.127329662442
120.0 238.0 35.0 25.0
obstacle
0.127289220691
1.0 0.0 41.0 25.0
obstacle
0.127111852169
428.0 196.0 38.0 23.0
obstacle
0.126997575164
232.0 197.0 40.0 18.0
obstacle
0.126660883427
465.0 217.0 35.0 22.0
obstacle
0.126178607345
344.0 148.0 118.0 73.0
obstacle
0.126101791859
341.0 40.0 123.0 69.0
obstacle
0.126071736217
260.0 164.0 131.0 82.0
obstacle
0.125852003694
110.0 39.0 202.0 74.0
obstacle
0.125483214855
83.0 172.0 37.0 24.0
obstacle
0.125369876623
0.0 47.0 156.0 234.0
obstacle
0.124874614179
226.0 108.0 54.0 21.0
obstacle
0.124775402248
237.0 258.0 33.0 23.0
obstacle
0.124548710883
117.0 151.0 46.0 21.0
obstacle
0.12391795218
43.0 238.0 34.0 24.0
obstacle
0.123224847019
194.0 216.0 39.0 24.0
obstacle
0.122555941343
115.0 103.0 50.0 31.0
obstacle
0.122511163354
3.0 192.0 43.0 29.0
obstacle
0.122064292431
172.0 98.0 328.0 129.0
obstacle
0.122030906379
45.0 63.0 37.0 28.0
obstacle
0.121944084764
300.0 234.0 128.0 47.0
obstacle
0.121872350574
263.0 176.0 56.0 17.0
obstacle
0.121868185699
273.0 218.0 34.0 22.0
obstacle
0.121766939759
70.0 227.0 128.0 54.0
obstacle
0.121618494391
397.0 24.0 23.0 21.0
obstacle
0.121439576149
265.0 133.0 121.0 60.0
obstacle
0.121161065996
98.0 0.0 155.0 166.0
obstacle
0.120999798179
158.0 215.0 36.0 26.0
obstacle
0.120967410505
315.0 217.0 31.0 24.0
obstacle
0.120940044522
0.0 161.0 116.0 86.0
obstacle
0.120896816254
198.0 259.0 34.0 22.0
obstacle
0.120563656092
166.0 54.0 167.0 86.0
obstacle
0.1205387339
434.0 66.0 24.0 21.0
obstacle
0.120381198823
120.0 259.0 35.0 22.0
obstacle
0.120321892202
350.0 214.0 36.0 29.0
obstacle
0.119871415198
0.0 221.0 102.0 60.0
obstacle
0.119827091694
36.0 231.0 117.0 50.0
obstacle
0.119244404137
121.0 213.0 34.0 30.0
obstacle
0.119096390903
34.0 56.0 126.0 83.0
obstacle
0.118953816593
85.0 259.0 31.0 21.0
obstacle
0.118832789361
200.0 64.0 33.0 23.0
obstacle
0.118787802756
121.0 83.0 42.0 31.0
obstacle
0.118782952428
313.0 198.0 34.0 18.0
obstacle
0.118553161621
83.0 194.0 36.0 24.0
obstacle
0.118404664099
371.0 0.0 129.0 160.0
obstacle
0.118084162474
402.0 29.0 98.0 91.0
obstacle
0.117764636874
304.0 185.0 121.0 84.0
obstacle
0.11717286706
0.0 206.0 280.0 75.0
obstacle
0.117129638791
85.0 43.0 33.0 23.0
obstacle
0.116892524064
3.0 210.0 42.0 36.0
obstacle
0.116802968085
466.0 1.0 32.0 23.0
obstacle
0.116708189249
212.0 176.0 152.0 98.0
obstacle
0.116688594222
160.0 259.0 32.0 22.0
obstacle
0.116239830852
346.0 175.0 46.0 20.0
obstacle
0.116170696914
274.0 259.0 34.0 22.0
obstacle
0.116166174412
42.0 217.0 37.0 25.0
obstacle
0.116089776158
46.0 81.0 35.0 35.0
obstacle
0.115930996835
274.0 241.0 31.0 19.0
obstacle
0.115783542395
85.0 63.0 36.0 27.0
obstacle
0.115707352757
161.0 201.0 177.0 80.0
obstacle
0.115408405662
219.0 72.0 136.0 95.0
obstacle
0.115402899683
464.0 239.0 36.0 21.0
obstacle
0.115315124393
121.0 65.0 38.0 23.0
obstacle
0.115063339472
124.0 44.0 34.0 20.0
obstacle
0.114737674594
307.0 176.0 47.0 18.0
obstacle
0.114713057876
266.0 77.0 120.0 84.0
obstacle
0.114675983787
303.0 107.0 124.0 69.0
obstacle
0.114672161639
82.0 150.0 39.0 23.0
obstacle
0.114609487355
261.0 227.0 129.0 54.0
obstacle
0.114430420101
146.0 175.0 64.0 18.0
obstacle
0.114091597497
349.0 196.0 38.0 23.0
obstacle
0.113717079163
3.0 61.0 45.0 32.0
obstacle
0.113581210375
3.0 172.0 42.0 26.0
obstacle
0.11343485862
0.0 91.0 121.0 102.0
obstacle
0.113361231983
429.0 174.0 36.0 23.0
obstacle
0.112816564739
349.0 238.0 37.0 23.0
obstacle
0.112771093845
120.0 193.0 39.0 25.0
obstacle
0.112403959036
3.0 42.0 42.0 27.0
obstacle
0.112386234105
427.0 152.0 41.0 22.0
obstacle
0.11200555414
303.0 55.0 125.0 85.0
obstacle
0.111698120832
112.0 133.0 350.0 145.0
obstacle
0.111646704376
427.0 240.0 37.0 18.0
obstacle
0.111149303615
467.0 132.0 33.0 20.0
obstacle
0.111071005464
320.0 64.0 29.0 22.0
obstacle
0.111013382673
114.0 173.0 51.0 21.0
obstacle
0.110830552876
53.0 0.0 162.0 130.0
obstacle
0.110789366066
399.0 76.0 101.0 88.0
obstacle
0.110350251198
314.0 238.0 30.0 24.0
obstacle
0.110225073993
389.0 215.0 36.0 26.0
obstacle
0.110159657896
303.0 153.0 124.0 63.0
obstacle
0.109796121716
235.0 85.0 39.0 24.0
obstacle
0.109551392496
433.0 23.0 23.0 21.0
obstacle
0.109538920224
467.0 24.0 29.0 21.0
obstacle
0.109479650855
162.0 63.0 33.0 27.0
obstacle
0.109477326274
303.0 136.0 124.0 54.0
obstacle
0.109366774559
41.0 153.0 41.0 19.0
obstacle
0.109358519316
23.0 175.0 141.0 101.0
obstacle
0.109144993126
164.0 45.0 30.0 19.0
obstacle
0.109144061804
241.0 44.0 29.0 20.0
obstacle
0.109064556658
357.0 62.0 29.0 26.0
obstacle
0.10871360451
213.0 39.0 147.0 73.0
obstacle
0.108598053455
152.0 196.0 48.0 19.0
obstacle
0.108380414546
386.0 131.0 46.0 20.0
obstacle
0.108129158616
428.0 263.0 37.0 18.0
obstacle
0.108061261475
203.0 45.0 30.0 18.0
obstacle
0.107854939997
38.0 130.0 49.0 21.0
obstacle
0.107845805585
41.0 193.0 41.0 28.0
obstacle
0.107734516263
3.0 81.0 45.0 36.0
obstacle
0.107701011002
470.0 45.0 26.0 21.0
obstacle
0.107627756894
377.0 107.0 123.0 71.0
obstacle
0.107226736844
464.0 262.0 36.0 19.0
obstacle
0.107147522271
105.0 18.0 136.0 72.0
obstacle
0.107002340257
312.0 108.0 40.0 21.0
obstacle
0.106890693307
357.0 82.0 29.0 30.0
obstacle
0.106882080436
281.0 45.0 27.0 19.0
obstacle
0.106728814542
239.0 63.0 33.0 24.0
obstacle
0.106621429324
151.0 223.0 349.0 58.0
obstacle
0.106483973563
469.0 109.0 31.0 22.0
obstacle
0.106414161623
429.0 131.0 37.0 21.0
obstacle
0.10630081594
64.0 39.0 141.0 73.0
obstacle
0.106158994138
397.0 45.0 25.0 20.0
obstacle
0.105275526643
387.0 195.0 41.0 25.0
obstacle
0.105009503663
433.0 85.0 30.0 25.0
obstacle
0.104960970581
41.0 104.0 44.0 30.0
obstacle
0.104598529637
305.0 154.0 49.0 18.0
obstacle
0.104177750647
317.0 84.0 33.0 26.0
obstacle
0.103995360434
359.0 44.0 24.0 21.0
obstacle
0.103949412704
387.0 238.0 40.0 22.0
obstacle
0.103933930397
41.0 173.0 41.0 24.0
obstacle
0.103841871023
280.0 65.0 30.0 21.0
obstacle
0.103834271431
7.0 259.0 32.0 22.0
obstacle
0.103749215603
0.0 104.0 50.0 32.0
obstacle
0.103726029396
81.0 129.0 44.0 24.0
obstacle
0.103364370763
468.0 152.0 32.0 21.0
obstacle
0.102826312184
311.0 258.0 36.0 23.0
obstacle
0.102608054876
309.0 132.0 45.0 18.0
obstacle
0.102559633553
472.0 67.0 24.0 21.0
obstacle
0.102499566972
0.0 129.0 48.0 24.0
obstacle
0.102200090885
435.0 46.0 23.0 18.0
obstacle
0.101883873343
352.0 106.0 37.0 27.0
obstacle
0.101631760597
188.0 196.0 51.0 20.0
obstacle
0.101490244269
350.0 260.0 36.0 21.0
obstacle
0.101146414876
350.0 132.0 40.0 20.0
obstacle
0.101035915315
468.0 173.0 32.0 22.0
obstacle
0.100964918733
320.0 45.0 25.0 19.0
obstacle
0.100926585495
389.0 259.0 38.0 22.0
obstacle
0.100829996169
2.0 233.0 44.0 32.0
obstacle
0.100690670311
85.0 82.0 37.0 32.0
obstacle
0.100662074983
383.0 154.0 52.0 19.0
obstacle
0.100286960602
345.0 153.0 47.0 21.0
obstacle
0.0998781919479
278.0 84.0 33.0 26.0
obstacle
0.0997929424047
395.0 84.0 30.0 26.0
obstacle
0.0995112210512
471.0 87.0 28.0 23.0
obstacle
0.0993570685387
396.0 64.0 27.0 25.0
obstacle
0.0987623482943
338.0 101.0 128.0 81.0
obstacle
0.0968740731478
383.0 175.0 50.0 21.0
obstacle
0.095505155623
429.0 108.0 38.0 21.0
obstacle
0.0952127873898
1.0 152.0 44.0 22.0
obstacle
0.0930788516998
81.0 104.0 43.0 30.0
obstacle
0.0924034193158
386.0 107.0 45.0 24.0
