obstacle
0.231740653515
0.0 0.0 500.0 146.0
obstacle
0.230087682605
172.0 145.0 308.0 203.0
obstacle
0.201059967279
203.0 233.0 162.0 103.0
obstacle
0.180631756783
239.0 218.0 96.0 18.0
obstacle
0.172376260161
216.0 0.0 284.0 193.0
obstacle
0.171044334769
90.0 0.0 251.0 348.0
obstacle
0.16891682148
237.0 176.0 100.0 103.0
obstacle
0.164966464043
182.0 164.0 135.0 131.0
obstacle
0.161926344037
0.0 223.0 500.0 125.0
obstacle
0.161639660597
154.0 89.0 346.0 171.0
obstacle
0.160096794367
279.0 19.0 221.0 329.0
obstacle
0.159361228347
0.0 0.0 274.0 133.0
obstacle
0.158453926444
378.0 0.0 122.0 80.0
obstacle
0.157925829291
0.0 33.0 500.0 283.0
obstacle
0.157499760389
40.0 107.0 40.0 30.0
obstacle
0.157155454159
51.0 0.0 174.0 320.0
obstacle
0.15686519444
273.0 117.0 104.0 112.0
obstacle
0.155316442251
194.0 214.0 104.0 86.0
obstacle
0.154075413942
350.0 11.0 106.0 111.0
obstacle
0.15300565958
252.0 282.0 148.0 66.0
obstacle
0.152761057019
161.0 4.0 32.0 23.0
obstacle
0.15213046968
0.0 0.0 109.0 105.0
obstacle
0.15196916461
220.0 147.0 134.0 111.0
obstacle
0.15035700798
306.0 0.0 122.0 91.0
obstacle
0.149553522468
199.0 3.0 31.0 24.0
obstacle
0.149180904031
362.0 120.0 138.0 228.0
obstacle
0.149169832468
325.0 144.0 150.0 112.0
obstacle
0.148976102471
238.0 2.0 30.0 26.0
obstacle
0.148833408952
267.0 172.0 196.0 115.0
obstacle
0.14765137434
431.0 133.0 31.0 30.0
obstacle
0.147235304117
252.0 247.0 60.0 12.0
obstacle
0.146455153823
122.0 2.0 32.0 26.0
obstacle
0.146233722568
211.0 220.0 75.0 20.0
obstacle
0.14519611001
254.0 184.0 134.0 140.0
obstacle
0.144682154059
45.0 0.0 107.0 106.0
obstacle
0.143359184265
321.0 251.0 160.0 97.0
obstacle
0.142502039671
276.0 2.0 32.0 26.0
obstacle
0.141610056162
184.0 108.0 133.0 80.0
obstacle
0.140767470002
311.0 108.0 100.0 186.0
obstacle
0.14036475122
224.0 0.0 129.0 89.0
obstacle
0.140258073807
78.0 293.0 31.0 30.0
obstacle
0.14017650485
28.0 287.0 131.0 61.0
obstacle
0.140166804194
80.0 78.0 38.0 33.0
obstacle
0.140137180686
80.0 0.0 115.0 103.0
obstacle
0.139836713672
148.0 213.0 53.0 32.0
obstacle
0.1396279037
0.0 133.0 47.0 33.0
obstacle
0.13961096108
12.0 102.0 241.0 246.0
obstacle
0.139592379332
144.0 0.0 137.0 94.0
obstacle
0.139432489872
354.0 1.0 30.0 29.0
obstacle
0.138312444091
81.0 52.0 35.0 31.0
obstacle
0.138285458088
83.0 1.0 31.0 27.0
obstacle
0.138226032257
136.0 186.0 152.0 88.0
obstacle
0.13815009594
80.0 108.0 39.0 29.0
obstacle
0.138081490993
183.0 211.0 61.0 39.0
obstacle
0.137057259679
429.0 2.0 32.0 26.0
obstacle
0.136231094599
272.0 271.0 34.0 16.0
obstacle
0.136169925332
191.0 160.0 49.0 34.0
obstacle
0.135665625334
388.0 216.0 35.0 27.0
obstacle
0.13536067307
70.0 184.0 130.0 89.0
obstacle
0.134879752994
301.0 97.0 128.0 100.0
obstacle
0.134406879544
352.0 0.0 148.0 263.0
obstacle
0.134223788977
230.0 160.0 48.0 34.0
obstacle
0.134157642722
122.0 268.0 31.0 26.0
obstacle
0.133960530162
266.0 163.0 49.0 26.0
obstacle
0.133950918913
315.0 2.0 30.0 26.0
obstacle
0.133830711246
464.0 2.0 36.0 27.0
obstacle
0.133603528142
120.0 210.0 39.0 38.0
obstacle
0.133299186826
0.0 0.0 153.0 346.0
obstacle
0.133294686675
185.0 189.0 57.0 31.0
obstacle
0.133267551661
82.0 266.0 30.0 30.0
obstacle
0.13325060904
120.0 108.0 108.0 78.0
obstacle
0.132995709777
81.0 239.0 30.0 32.0
obstacle
0.132822290063
390.0 0.0 34.0 29.0
obstacle
0.132743731141
365.0 228.0 135.0 106.0
obstacle
0.132358551025
43.0 2.0 34.0 25.0
obstacle
0.132301613688
121.0 295.0 29.0 26.0
obstacle
0.131813555956
37.0 131.0 47.0 34.0
obstacle
0.131729021668
314.0 204.0 177.0 101.0
obstacle
0.131720051169
54.0 255.0 156.0 93.0
obstacle
0.131529763341
393.0 143.0 107.0 114.0
obstacle
0.131485417485
393.0 129.0 30.0 38.0
obstacle
0.131358057261
1.0 1.0 41.0 28.0
obstacle
0.131204500794
417.0 88.0 83.0 118.0
obstacle
0.129611283541
82.0 321.0 28.0 26.0
obstacle
0.128739789128
121.0 237.0 182.0 96.0
obstacle
0.128449469805
470.0 27.0 26.0 33.0
obstacle
0.128281265497
0.0 24.0 259.0 196.0
obstacle
0.127839997411
185.0 0.0 212.0 286.0
obstacle
0.12783151865
0.0 278.0 93.0 70.0
obstacle
0.127826482058
390.0 242.0 32.0 29.0
obstacle
0.127714291215
0.0 162.0 47.0 28.0
obstacle
0.127660706639
281.0 216.0 89.0 28.0
obstacle
0.127536088228
429.0 324.0 28.0 21.0
obstacle
0.127418130636
179.0 288.0 141.0 60.0
obstacle
0.127376228571
154.0 189.0 45.0 29.0
obstacle
0.127012357116
121.0 0.0 180.0 236.0
obstacle
0.126717850566
121.0 109.0 36.0 27.0
obstacle
0.126557976007
168.0 154.0 89.0 100.0
obstacle
0.126350283623
114.0 189.0 46.0 29.0
obstacle
0.126274183393
228.0 297.0 47.0 24.0
obstacle
0.12615250051
254.0 0.0 246.0 103.0
obstacle
0.126098141074
467.0 162.0 33.0 29.0
obstacle
0.125832974911
40.0 164.0 40.0 23.0
obstacle
0.125525251031
430.0 272.0 28.0 20.0
obstacle
0.12546376884
41.0 267.0 35.0 28.0
obstacle
0.125450462103
86.0 23.0 27.0 37.0
obstacle
0.125406742096
152.0 164.0 50.0 26.0
obstacle
0.12512306869
274.0 22.0 110.0 89.0
obstacle
0.12491837889
38.0 296.0 35.0 24.0
obstacle
0.124599047005
303.0 191.0 45.0 24.0
obstacle
0.124534212053
253.0 191.0 71.0 25.0
obstacle
0.124289736152
122.0 53.0 33.0 29.0
obstacle
0.124062806368
0.0 35.0 99.0 114.0
obstacle
0.123688332736
346.0 216.0 44.0 30.0
obstacle
0.123393207788
0.0 107.0 47.0 32.0
obstacle
0.123031564057
45.0 24.0 29.0 37.0
obstacle
0.122517801821
306.0 162.0 52.0 24.0
obstacle
0.122407771647
467.0 296.0 30.0 29.0
obstacle
0.122025899589
412.0 38.0 88.0 112.0
obstacle
0.122024334967
121.0 240.0 35.0 30.0
obstacle
0.121622599661
429.0 161.0 33.0 27.0
obstacle
0.12112942338
77.0 165.0 43.0 23.0
obstacle
0.120758600533
42.0 49.0 33.0 39.0
obstacle
0.120650835335
202.0 27.0 27.0 30.0
obstacle
0.120632752776
106.0 285.0 133.0 63.0
obstacle
0.12061085552
393.0 160.0 30.0 32.0
obstacle
0.120573200285
194.0 126.0 114.0 99.0
obstacle
0.120449572802
221.0 249.0 52.0 16.0
obstacle
0.120443806052
403.0 194.0 97.0 119.0
obstacle
0.120360530913
273.0 298.0 35.0 23.0
obstacle
0.120351694524
117.0 198.0 112.0 120.0
obstacle
0.119838424027
159.0 111.0 38.0 24.0
obstacle
0.119794867933
38.0 80.0 41.0 31.0
obstacle
0.11957474798
1.0 293.0 37.0 33.0
obstacle
0.119550690055
79.0 214.0 36.0 30.0
obstacle
0.119525484741
392.0 188.0 30.0 30.0
obstacle
0.119407229125
0.0 97.0 102.0 98.0
obstacle
0.119226500392
232.0 272.0 37.0 17.0
obstacle
0.119135826826
75.0 106.0 121.0 79.0
obstacle
0.119049236178
132.0 48.0 161.0 91.0
obstacle
0.119028136134
349.0 129.0 39.0 38.0
obstacle
0.118852235377
432.0 244.0 28.0 23.0
obstacle
0.11872754246
232.0 133.0 42.0 30.0
obstacle
0.118611142039
0.0 147.0 112.0 105.0
obstacle
0.118558496237
42.0 322.0 30.0 25.0
obstacle
0.118544571102
151.0 243.0 44.0 28.0
obstacle
0.118503935635
470.0 216.0 25.0 28.0
obstacle
0.118104152381
271.0 132.0 41.0 32.0
obstacle
0.118089899421
371.0 294.0 129.0 54.0
obstacle
0.118076965213
26.0 0.0 143.0 203.0
obstacle
0.118023738265
309.0 132.0 44.0 30.0
obstacle
0.117872990668
115.0 165.0 46.0 24.0
obstacle
0.117608614266
79.0 44.0 116.0 97.0
obstacle
0.117448315024
280.0 29.0 24.0 28.0
obstacle
0.117387115955
77.0 134.0 45.0 30.0
obstacle
0.117273129523
40.0 240.0 37.0 32.0
obstacle
0.117177352309
26.0 219.0 136.0 126.0
obstacle
0.116942338645
189.0 20.0 124.0 91.0
obstacle
0.116273224354
359.0 171.0 141.0 111.0
obstacle
0.116226419806
118.0 78.0 110.0 83.0
obstacle
0.116184420884
386.0 322.0 38.0 25.0
obstacle
0.115982457995
432.0 217.0 27.0 23.0
obstacle
0.115848697722
192.0 136.0 47.0 27.0
obstacle
0.115432374179
350.0 321.0 33.0 26.0
obstacle
0.115038797259
240.0 28.0 27.0 29.0
obstacle
0.115030154586
195.0 112.0 44.0 24.0
obstacle
0.114960938692
38.0 190.0 41.0 26.0
obstacle
0.11446929723
1.0 264.0 40.0 36.0
obstacle
0.114338040352
155.0 136.0 46.0 26.0
obstacle
0.114221207798
112.0 12.0 125.0 107.0
obstacle
0.113980330527
470.0 270.0 26.0 26.0
obstacle
0.113544210792
166.0 26.0 24.0 31.0
obstacle
0.11347682029
1.0 237.0 41.0 38.0
obstacle
0.113230727613
38.0 70.0 118.0 97.0
obstacle
0.112882368267
112.0 122.0 126.0 105.0
obstacle
0.112804248929
78.0 190.0 40.0 28.0
obstacle
0.1127288118
0.0 52.0 45.0 35.0
obstacle
0.11268324405
234.0 109.0 38.0 27.0
obstacle
0.112677142024
214.0 75.0 150.0 91.0
obstacle
0.112455703318
467.0 54.0 31.0 30.0
obstacle
0.11238553375
154.0 296.0 37.0 28.0
obstacle
0.112215869129
219.0 187.0 64.0 33.0
obstacle
0.112134642899
349.0 295.0 38.0 28.0
obstacle
0.111992873251
0.0 83.0 335.0 183.0
obstacle
0.11195679009
465.0 324.0 32.0 23.0
obstacle
0.111940920353
295.0 246.0 63.0 21.0
obstacle
0.111892998219
433.0 55.0 25.0 28.0
obstacle
0.111653499305
306.0 47.0 121.0 92.0
obstacle
0.111611381173
109.0 269.0 391.0 79.0
obstacle
0.111600697041
120.0 79.0 37.0 32.0
obstacle
0.111577004194
125.0 25.0 28.0 33.0
obstacle
0.111508063972
389.0 53.0 34.0 33.0
obstacle
0.1112017259
470.0 188.0 27.0 29.0
obstacle
0.111198022962
68.0 159.0 133.0 82.0
obstacle
0.11093672365
394.0 26.0 27.0 33.0
obstacle
0.110624693334
153.0 76.0 117.0 88.0
obstacle
0.110454142094
430.0 300.0 27.0 19.0
obstacle
0.110443718731
431.0 189.0 28.0 24.0
obstacle
0.110409915447
389.0 296.0 34.0 25.0
obstacle
0.110386632383
237.0 325.0 31.0 22.0
obstacle
0.110346801579
469.0 243.0 27.0 28.0
obstacle
0.110298410058
319.0 27.0 24.0 31.0
obstacle
0.110270284116
429.0 106.0 35.0 32.0
obstacle
0.110267974436
0.0 195.0 109.0 119.0
obstacle
0.110245771706
383.0 72.0 117.0 95.0
obstacle
0.110071510077
466.0 133.0 34.0 34.0
obstacle
0.110057488084
118.0 135.0 42.0 27.0
obstacle
0.109872803092
470.0 79.0 29.0 32.0
obstacle
0.109745591879
265.0 51.0 125.0 87.0
obstacle
0.109664909542
194.0 296.0 42.0 28.0
obstacle
0.109340503812
273.0 325.0 34.0 22.0
obstacle
0.109276294708
120.0 321.0 30.0 27.0
obstacle
0.109220340848
16.0 125.0 161.0 96.0
obstacle
0.109064377844
162.0 53.0 30.0 28.0
obstacle
0.108951576054
391.0 103.0 32.0 38.0
obstacle
0.108759216964
273.0 106.0 36.0 32.0
obstacle
0.108756527305
5.0 26.0 36.0 34.0
obstacle
0.108751662076
198.0 54.0 33.0 27.0
obstacle
0.108724892139
0.0 187.0 48.0 31.0
obstacle
0.108220994473
38.0 214.0 39.0 31.0
obstacle
0.107592925429
307.0 296.0 44.0 28.0
obstacle
0.10741699487
159.0 79.0 35.0 32.0
obstacle
0.107328027487
347.0 160.0 42.0 31.0
obstacle
0.107297711074
0.0 213.0 44.0 34.0
obstacle
0.104545600712
274.0 79.0 34.0 31.0
obstacle
0.104514934123
191.0 273.0 43.0 21.0
obstacle
0.103969037533
354.0 52.0 29.0 35.0
obstacle
0.103861756623
157.0 128.0 113.0 95.0
obstacle
0.103244006634
277.0 55.0 29.0 27.0
obstacle
0.102922737598
237.0 55.0 31.0 25.0
obstacle
0.102734148502
340.0 68.0 126.0 104.0
obstacle
0.102538600564
433.0 28.0 22.0 29.0
obstacle
0.102486126125
466.0 108.0 34.0 29.0
obstacle
0.102355308831
312.0 104.0 37.0 35.0
obstacle
0.102070808411
198.0 322.0 31.0 26.0
obstacle
0.101458191872
159.0 321.0 28.0 27.0
obstacle
0.101429261267
234.0 80.0 36.0 29.0
obstacle
0.101027019322
158.0 268.0 32.0 29.0
obstacle
0.100858852267
195.0 80.0 40.0 30.0
obstacle
0.100466184318
183.0 243.0 55.0 28.0
obstacle
0.0997003018856
431.0 77.0 30.0 36.0
obstacle
0.0996988937259
0.0 79.0 44.0 34.0
obstacle
0.0995187610388
4.0 321.0 32.0 27.0
obstacle
0.0992680117488
0.0 256.0 337.0 92.0
obstacle
0.0992379710078
350.0 189.0 34.0 30.0
obstacle
0.0987071767449
358.0 26.0 24.0 34.0
obstacle
0.0982197150588
353.0 76.0 31.0 39.0
obstacle
0.0973009318113
313.0 79.0 33.0 33.0
obstacle
0.0965537726879
389.0 270.0 34.0 25.0
obstacle
0.0957865491509
312.0 321.0 33.0 27.0
obstacle
0.0956752821803
389.0 77.0 36.0 37.0
obstacle
0.0955574810505
317.0 53.0 26.0 33.0
obstacle
0.0949220880866
352.0 102.0 34.0 39.0
obstacle
0.0934500321746
348.0 240.0 40.0 34.0
obstacle
0.0880601629615
307.0 272.0 45.0 22.0
obstacle
0.0871715098619
345.0 270.0 48.0 25.0
