obstacle
0.762728333473
99.0 201.0 91.0 29.0
obstacle
0.66626226902
153.0 168.0 39.0 12.0
obstacle
0.63411128521
329.0 187.0 56.0 19.0
obstacle
0.439720213413
71.0 164.0 38.0 13.0
obstacle
0.403580069542
253.0 178.0 67.0 22.0
obstacle
0.403277397156
286.0 179.0 89.0 32.0
obstacle
0.397103309631
236.0 181.0 44.0 15.0
obstacle
0.375466316938
211.0 177.0 92.0 21.0
obstacle
0.306547701359
189.0 286.0 38.0 47.0
obstacle
0.280277341604
44.0 165.0 36.0 11.0
obstacle
0.278253078461
149.0 160.0 46.0 18.0
obstacle
0.248458653688
53.0 198.0 170.0 37.0
obstacle
0.233652070165
134.0 207.0 65.0 17.0
obstacle
0.228533372283
275.0 186.0 31.0 12.0
obstacle
0.221707507968
345.0 196.0 44.0 24.0
obstacle
0.221601694822
312.0 197.0 98.0 26.0
obstacle
0.166904956102
91.0 157.0 96.0 26.0
obstacle
0.163809731603
256.0 173.0 148.0 50.0
obstacle
0.160824030638
58.0 155.0 75.0 24.0
obstacle
0.15440800786
202.0 308.0 14.0 21.0
obstacle
0.137702897191
269.0 193.0 121.0 35.0
obstacle
0.128788203001
118.0 166.0 41.0 11.0
obstacle
0.12800295651
187.0 166.0 35.0 11.0
obstacle
0.121796101332
237.0 168.0 32.0 11.0
obstacle
0.117871120572
307.0 196.0 32.0 24.0
obstacle
0.116677112877
159.0 289.0 40.0 44.0
obstacle
0.112564995885
146.0 182.0 45.0 14.0
obstacle
0.111147522926
116.0 136.0 33.0 12.0
obstacle
0.109157793224
250.0 164.0 71.0 20.0
obstacle
0.107824213803
77.0 209.0 50.0 18.0
obstacle
0.107221998274
193.0 280.0 37.0 28.0
obstacle
0.10551969707
149.0 303.0 116.0 30.0
obstacle
0.104726448655
114.0 186.0 46.0 12.0
obstacle
0.103830017149
259.0 169.0 48.0 13.0
obstacle
0.102029271424
76.0 136.0 38.0 11.0
obstacle
0.100947059691
158.0 160.0 95.0 21.0
obstacle
0.0977904647589
89.0 181.0 99.0 23.0
obstacle
0.0916686728597
191.0 135.0 39.0 14.0
obstacle
0.0910721421242
345.0 184.0 88.0 22.0
obstacle
0.090337343514
0.0 159.0 35.0 15.0
obstacle
0.0896835848689
314.0 188.0 30.0 16.0
obstacle
0.0894282609224
79.0 184.0 32.0 11.0
obstacle
0.0874208211899
161.0 162.0 186.0 57.0
obstacle
0.0859893113375
212.0 159.0 81.0 26.0
obstacle
0.0856667608023
193.0 185.0 30.0 10.0
obstacle
0.084909081459
34.0 181.0 47.0 16.0
obstacle
0.0815389677882
17.0 154.0 87.0 26.0
obstacle
0.0806008428335
0.0 181.0 41.0 17.0
obstacle
0.0797870382667
342.0 166.0 40.0 14.0
obstacle
0.0764483362436
172.0 308.0 147.0 25.0
obstacle
0.0744033679366
131.0 179.0 73.0 25.0
obstacle
0.0726190730929
0.0 135.0 32.0 12.0
obstacle
0.0713508352637
274.0 180.0 172.0 64.0
obstacle
0.0701315402985
38.0 135.0 35.0 15.0
obstacle
0.0680428221822
375.0 189.0 36.0 14.0
obstacle
0.0666680857539
153.0 137.0 37.0 15.0
obstacle
0.0654626488686
455.0 309.0 45.0 22.0
obstacle
0.0652621984482
8.0 187.0 186.0 62.0
obstacle
0.0641805157065
25.0 207.0 63.0 22.0
obstacle
0.0639594420791
233.0 137.0 33.0 14.0
obstacle
0.0637345984578
34.0 242.0 354.0 91.0
obstacle
0.0632117837667
418.0 186.0 48.0 16.0
obstacle
0.0618211105466
157.0 281.0 33.0 23.0
obstacle
0.061603680253
305.0 167.0 38.0 14.0
obstacle
0.0596462339163
376.0 204.0 40.0 16.0
obstacle
0.0589892975986
276.0 159.0 96.0 28.0
obstacle
0.0589505918324
160.0 153.0 26.0 31.0
obstacle
0.0586655288935
229.0 272.0 37.0 45.0
obstacle
0.0578223243356
327.0 161.0 65.0 20.0
obstacle
0.0578188337386
166.0 309.0 13.0 23.0
obstacle
0.0566915608943
280.0 200.0 26.0 19.0
obstacle
0.0537171550095
271.0 136.0 34.0 15.0
obstacle
0.0536183156073
39.0 140.0 192.0 59.0
obstacle
0.0525263361633
238.0 192.0 110.0 41.0
obstacle
0.0517030730844
112.0 226.0 114.0 32.0
obstacle
0.0513980053365
164.0 275.0 31.0 44.0
obstacle
0.0512704513967
308.0 135.0 38.0 16.0
obstacle
0.0502800270915
41.0 159.0 194.0 68.0
obstacle
0.0499103926122
326.0 199.0 132.0 29.0
obstacle
0.0498224683106
267.0 283.0 40.0 22.0
obstacle
0.0486137606204
234.0 283.0 31.0 20.0
obstacle
0.0484012924135
8.0 198.0 102.0 39.0
obstacle
0.0475636981428
321.0 126.0 86.0 31.0
obstacle
0.0467188097537
70.0 109.0 48.0 16.0
obstacle
0.0462723225355
345.0 135.0 38.0 13.0
obstacle
0.0462337695062
381.0 161.0 35.0 16.0
obstacle
0.0455774590373
142.0 200.0 123.0 32.0
obstacle
0.045112516731
160.0 174.0 101.0 29.0
obstacle
0.0450579077005
166.0 162.0 9.0 14.0
obstacle
0.0438541024923
110.0 228.0 50.0 23.0
obstacle
0.0434876270592
201.0 126.0 99.0 31.0
obstacle
0.0432398095727
304.0 226.0 126.0 31.0
obstacle
0.0430380478501
273.0 183.0 38.0 22.0
obstacle
0.04230665043
420.0 160.0 41.0 17.0
obstacle
0.0422796346247
0.0 206.0 47.0 22.0
obstacle
0.0415866076946
119.0 281.0 112.0 52.0
obstacle
0.0408812388778
280.0 126.0 93.0 35.0
obstacle
0.0407904088497
108.0 108.0 49.0 17.0
obstacle
0.0403816998005
268.0 226.0 115.0 34.0
obstacle
0.0400464497507
454.0 284.0 46.0 22.0
obstacle
0.0399071089923
88.0 162.0 9.0 14.0
obstacle
0.0398426242173
153.0 200.0 34.0 34.0
obstacle
0.0388386026025
199.0 224.0 106.0 40.0
obstacle
0.038725566119
313.0 155.0 167.0 78.0
obstacle
0.0383203774691
270.0 193.0 44.0 45.0
obstacle
0.0382250696421
0.0 109.0 35.0 15.0
obstacle
0.0368786118925
416.0 302.0 84.0 31.0
obstacle
0.0368771962821
0.0 171.0 74.0 39.0
obstacle
0.0356037691236
77.0 128.0 122.0 26.0
obstacle
0.0351266972721
191.0 207.0 32.0 15.0
obstacle
0.034939583391
385.0 135.0 35.0 12.0
obstacle
0.0348852239549
28.0 53.0 59.0 23.0
obstacle
0.0347784496844
110.0 195.0 52.0 40.0
obstacle
0.0347066819668
183.0 195.0 140.0 40.0
obstacle
0.0346530973911
312.0 98.0 109.0 37.0
obstacle
0.0344329699874
164.0 125.0 98.0 32.0
obstacle
0.0342593453825
230.0 260.0 36.0 15.0
obstacle
0.0336199142039
145.0 109.0 52.0 16.0
obstacle
0.0333087332547
145.0 231.0 50.0 20.0
obstacle
0.0332107767463
242.0 125.0 92.0 33.0
obstacle
0.0332070998847
74.0 230.0 47.0 23.0
obstacle
0.0331699177623
32.0 110.0 47.0 16.0
obstacle
0.0331461876631
376.0 282.0 58.0 26.0
obstacle
0.0331432186067
53.0 148.0 319.0 94.0
obstacle
0.0329883396626
303.0 105.0 44.0 77.0
obstacle
0.0329357944429
227.0 232.0 53.0 20.0
obstacle
0.0327763259411
266.0 259.0 43.0 71.0
obstacle
0.0325601436198
458.0 183.0 42.0 20.0
obstacle
0.032412558794
203.0 281.0 14.0 26.0
obstacle
0.0322559773922
383.0 179.0 110.0 30.0
obstacle
0.0319183804095
172.0 284.0 76.0 32.0
obstacle
0.0318823829293
71.0 202.0 199.0 77.0
obstacle
0.0318635851145
51.0 176.0 99.0 27.0
obstacle
0.0316613279283
7.0 0.0 104.0 34.0
obstacle
0.0316569581628
228.0 279.0 116.0 33.0
obstacle
0.0316018648446
274.0 150.0 29.0 42.0
obstacle
0.0315574780107
0.0 142.0 237.0 153.0
obstacle
0.0314361713827
358.0 155.0 76.0 29.0
obstacle
0.0313254371285
4.0 47.0 112.0 36.0
obstacle
0.0313217230141
112.0 283.0 44.0 20.0
obstacle
0.031301163137
414.0 310.0 58.0 23.0
obstacle
0.0310820955783
359.0 184.0 9.0 18.0
obstacle
0.030946617946
154.0 242.0 40.0 61.0
obstacle
0.0305837541819
455.0 280.0 45.0 53.0
obstacle
0.0304927900434
157.0 259.0 41.0 17.0
obstacle
0.0302802398801
414.0 284.0 54.0 21.0
obstacle
0.0300912149251
117.0 306.0 41.0 25.0
obstacle
0.0300403013825
182.0 282.0 130.0 51.0
obstacle
0.0296234693378
342.0 105.0 45.0 74.0
obstacle
0.0296155605465
461.0 131.0 39.0 18.0
obstacle
0.0296069979668
234.0 206.0 37.0 14.0
obstacle
0.0295605584979
302.0 231.0 50.0 20.0
obstacle
0.0295538771898
305.0 182.0 37.0 25.0
obstacle
0.029461318627
272.0 100.0 110.0 34.0
obstacle
0.0293723717332
198.0 312.0 25.0 15.0
obstacle
0.0293204728514
377.0 310.0 55.0 23.0
obstacle
0.0291795320809
386.0 149.0 105.0 36.0
obstacle
0.0291164107621
31.0 231.0 54.0 22.0
obstacle
0.0285943355411
472.0 307.0 21.0 26.0
obstacle
0.0283399242908
302.0 283.0 51.0 22.0
obstacle
0.0282145552337
49.0 129.0 97.0 23.0
obstacle
0.0281310472637
52.0 160.0 10.0 17.0
obstacle
0.0280745681375
229.0 243.0 41.0 59.0
obstacle
0.02799096331
418.0 207.0 50.0 19.0
obstacle
0.0279735568911
0.0 231.0 47.0 23.0
obstacle
0.0279353316873
0.0 127.0 84.0 31.0
obstacle
0.0278626233339
454.0 259.0 46.0 22.0
obstacle
0.0277733132243
340.0 106.0 48.0 19.0
obstacle
0.0277603194118
119.0 267.0 37.0 58.0
obstacle
0.0276472717524
68.0 56.0 53.0 19.0
obstacle
0.0276397094131
35.0 223.0 129.0 34.0
obstacle
0.0273392554373
100.0 185.0 214.0 65.0
obstacle
0.0270120091736
1.0 73.0 115.0 35.0
obstacle
0.0269008353353
114.0 256.0 46.0 24.0
obstacle
0.0268659945577
139.0 253.0 139.0 80.0
obstacle
0.0266336742789
186.0 235.0 49.0 17.0
obstacle
0.0265873484313
232.0 215.0 42.0 58.0
obstacle
0.0264519359916
87.0 98.0 93.0 36.0
obstacle
0.0264365077019
343.0 228.0 45.0 27.0
obstacle
0.0264294054359
4.0 103.0 108.0 29.0
obstacle
0.0263640321791
424.0 276.0 76.0 39.0
obstacle
0.0263441000134
302.0 146.0 46.0 48.0
obstacle
0.0262924227864
324.0 254.0 176.0 79.0
obstacle
0.0261469241232
198.0 262.0 33.0 12.0
obstacle
0.0260585770011
40.0 99.0 111.0 34.0
obstacle
0.02598567307
238.0 225.0 105.0 36.0
obstacle
0.0259254164994
222.0 143.0 210.0 60.0
obstacle
0.025762969628
357.0 126.0 92.0 32.0
obstacle
0.0256926324219
454.0 79.0 46.0 22.0
obstacle
0.0256375502795
301.0 108.0 50.0 18.0
obstacle
0.0256165266037
336.0 282.0 57.0 25.0
obstacle
0.0254739429802
333.0 254.0 62.0 28.0
obstacle
0.0254661776125
155.0 73.0 115.0 35.0
obstacle
0.025450039655
0.0 47.0 241.0 142.0
obstacle
0.0254446007311
267.0 259.0 41.0 16.0
obstacle
0.025441441685
47.0 303.0 180.0 30.0
obstacle
0.0253049563617
378.0 137.0 46.0 62.0
obstacle
0.0252459608018
421.0 133.0 40.0 16.0
obstacle
0.0251785106957
294.0 255.0 63.0 25.0
obstacle
0.0251056179404
29.0 1.0 55.0 24.0
obstacle
0.02508828789
0.0 55.0 47.0 20.0
obstacle
0.0249844528735
0.0 3.0 42.0 20.0
obstacle
0.0249187070876
130.0 129.0 91.0 25.0
obstacle
0.0248808003962
152.0 224.0 118.0 40.0
obstacle
0.0248657502234
340.0 80.0 49.0 76.0
obstacle
0.0248606130481
68.0 3.0 54.0 20.0
obstacle
0.0248535703868
107.0 2.0 52.0 22.0
obstacle
0.0248329751194
231.0 99.0 113.0 35.0
obstacle
0.0248228162527
260.0 108.0 54.0 17.0
obstacle
0.0245213471353
236.0 173.0 33.0 34.0
obstacle
0.0244528967887
382.0 248.0 118.0 44.0
obstacle
0.0243267249316
450.0 231.0 50.0 24.0
obstacle
0.0241482388228
375.0 107.0 54.0 19.0
obstacle
0.024110160768
75.0 20.0 118.0 40.0
obstacle
0.0240733772516
184.0 228.0 316.0 105.0
obstacle
0.0240336582065
80.0 147.0 33.0 39.0
obstacle
0.0240262243897
190.0 248.0 41.0 52.0
obstacle
0.0239784605801
374.0 256.0 56.0 25.0
obstacle
0.0239037591964
265.0 198.0 201.0 86.0
obstacle
0.023866802454
163.0 208.0 9.0 17.0
obstacle
0.0238468889147
456.0 206.0 44.0 20.0
obstacle
0.0237694606185
353.0 99.0 103.0 34.0
obstacle
0.0237671267241
243.0 185.0 9.0 16.0
obstacle
0.0237654391676
346.0 144.0 36.0 51.0
obstacle
0.0237562898546
78.0 0.0 113.0 35.0
obstacle
0.0236828960478
0.0 82.0 38.0 17.0
obstacle
0.0236817728728
303.0 79.0 46.0 77.0
obstacle
0.0235676299781
143.0 54.0 58.0 20.0
obstacle
0.0234571639448
0.0 310.0 46.0 21.0
obstacle
0.0233976412565
203.0 174.0 175.0 79.0
obstacle
0.0233832299709
110.0 79.0 47.0 75.0
obstacle
0.0232077669352
148.0 207.0 48.0 74.0
obstacle
0.0231986343861
413.0 259.0 60.0 23.0
obstacle
0.0231436379254
339.0 2.0 50.0 21.0
obstacle
0.0231336317956
228.0 16.0 121.0 47.0
obstacle
0.023088876158
145.0 71.0 53.0 92.0
obstacle
0.0230707749724
264.0 108.0 47.0 71.0
obstacle
0.0230474621058
122.0 101.0 102.0 31.0
obstacle
0.0228913649917
263.0 277.0 127.0 36.0
obstacle
0.0227097216994
277.0 283.0 19.0 24.0
obstacle
0.0226703435183
125.0 208.0 16.0 22.0
obstacle
0.0225751511753
149.0 82.0 45.0 18.0
obstacle
0.022510478273
242.0 131.0 16.0 23.0
obstacle
0.0224361326545
187.0 73.0 126.0 38.0
obstacle
0.0220608226955
419.0 131.0 44.0 71.0
obstacle
0.0220378153026
301.0 249.0 128.0 38.0
obstacle
0.0220219418406
223.0 107.0 48.0 18.0
obstacle
0.0219847485423
11.0 17.0 97.0 45.0
obstacle
0.0219171214849
0.0 129.0 157.0 76.0
obstacle
0.021901268512
456.0 233.0 44.0 73.0
obstacle
0.0218682251871
0.0 0.0 210.0 80.0
obstacle
0.0218173079193
372.0 224.0 128.0 40.0
obstacle
0.0216303467751
45.0 204.0 20.0 29.0
obstacle
0.0216017104685
305.0 280.0 44.0 53.0
obstacle
0.0215493384749
262.0 28.0 51.0 21.0
obstacle
0.0215448830277
32.0 80.0 47.0 19.0
obstacle
0.0214883144945
259.0 0.0 58.0 80.0
obstacle
0.0214161220938
457.0 156.0 43.0 19.0
obstacle
0.0213139634579
380.0 254.0 50.0 79.0
obstacle
0.0212482493371
27.0 0.0 63.0 56.0
obstacle
0.0212395489216
33.0 178.0 48.0 77.0
obstacle
0.0211849864572
127.0 160.0 12.0 18.0
obstacle
0.0211055967957
237.0 145.0 29.0 49.0
obstacle
0.0210370086133
184.0 108.0 50.0 16.0
obstacle
0.0210080593824
337.0 275.0 135.0 39.0
obstacle
0.0210035089403
113.0 236.0 47.0 67.0
obstacle
0.0209900233895
124.0 74.0 97.0 35.0
obstacle
0.0209837891161
344.0 206.0 42.0 72.0
obstacle
0.0209710001945
471.0 279.0 20.0 33.0
obstacle
0.0209624692798
415.0 107.0 51.0 19.0
obstacle
0.0209251809865
377.0 2.0 52.0 20.0
obstacle
0.0208566840738
299.0 3.0 53.0 20.0
obstacle
0.0207930449396
0.0 178.0 43.0 82.0
obstacle
0.0206974521279
340.0 234.0 51.0 71.0
obstacle
0.0206825453788
302.0 310.0 52.0 22.0
obstacle
0.0206768382341
379.0 107.0 48.0 73.0
obstacle
0.0206320155412
109.0 1.0 53.0 78.0
obstacle
0.0206268634647
111.0 83.0 46.0 15.0
obstacle
0.0206140559167
103.0 55.0 60.0 20.0
obstacle
0.020613450557
338.0 309.0 57.0 24.0
obstacle
0.020511103794
304.0 18.0 124.0 42.0
obstacle
0.0205095112324
379.0 77.0 49.0 81.0
obstacle
0.0205041188747
230.0 104.0 40.0 77.0
obstacle
0.0204232521355
222.0 47.0 54.0 89.0
obstacle
0.0203727800399
223.0 82.0 49.0 19.0
obstacle
0.0203651301563
389.0 124.0 101.0 34.0
obstacle
0.0203391406685
244.0 257.0 12.0 23.0
obstacle
0.0202839914709
248.0 301.0 152.0 32.0
obstacle
0.0202783830464
455.0 2.0 45.0 20.0
obstacle
0.020061807707
120.0 17.0 108.0 45.0
obstacle
0.0198591575027
392.0 303.0 22.0 30.0
obstacle
0.0198437552899
0.0 224.0 122.0 35.0
obstacle
0.0198165532202
412.0 2.0 60.0 22.0
obstacle
0.019797090441
453.0 53.0 47.0 22.0
obstacle
0.0197915583849
318.0 129.0 17.0 28.0
obstacle
0.0197911094874
454.0 105.0 46.0 20.0
obstacle
0.0197505950928
171.0 52.0 313.0 130.0
obstacle
0.0196664407849
239.0 251.0 93.0 35.0
obstacle
0.0196315012872
302.0 236.0 51.0 68.0
obstacle
0.0196139328182
243.0 306.0 12.0 23.0
