obstacle
0.758511960506
201.0 218.0 95.0 32.0
obstacle
0.658401489258
141.0 165.0 68.0 18.0
obstacle
0.593752145767
66.0 179.0 73.0 18.0
obstacle
0.592161893845
423.0 183.0 37.0 21.0
obstacle
0.515409588814
293.0 164.0 56.0 16.0
obstacle
0.483690232038
74.0 170.0 110.0 34.0
obstacle
0.400261938572
288.0 174.0 70.0 33.0
obstacle
0.356634110212
231.0 165.0 44.0 14.0
obstacle
0.335781484842
342.0 197.0 24.0 30.0
obstacle
0.325852006674
99.0 179.0 60.0 18.0
obstacle
0.30909332633
403.0 179.0 69.0 28.0
obstacle
0.30253726244
228.0 196.0 100.0 49.0
obstacle
0.293002396822
157.0 159.0 92.0 22.0
obstacle
0.28571203351
253.0 159.0 79.0 24.0
obstacle
0.271163702011
211.0 226.0 77.0 19.0
obstacle
0.267903000116
272.0 165.0 37.0 12.0
obstacle
0.229680225253
142.0 178.0 61.0 15.0
obstacle
0.22584669292
175.0 164.0 54.0 17.0
obstacle
0.22338630259
207.0 156.0 90.0 26.0
obstacle
0.222380325198
209.0 215.0 79.0 19.0
obstacle
0.221687331796
435.0 179.0 14.0 26.0
obstacle
0.220322877169
165.0 203.0 115.0 41.0
obstacle
0.202492818236
319.0 204.0 29.0 18.0
obstacle
0.199304372072
317.0 200.0 36.0 35.0
obstacle
0.194924801588
89.0 160.0 105.0 25.0
obstacle
0.181665197015
178.0 210.0 144.0 53.0
obstacle
0.181127667427
237.0 177.0 107.0 30.0
obstacle
0.177593797445
309.0 183.0 33.0 16.0
obstacle
0.177530884743
202.0 221.0 153.0 34.0
obstacle
0.170150637627
123.0 171.0 93.0 30.0
obstacle
0.149214193225
357.0 179.0 93.0 30.0
obstacle
0.124639496207
232.0 186.0 39.0 12.0
obstacle
0.121156215668
194.0 226.0 54.0 20.0
obstacle
0.117535881698
75.0 161.0 44.0 18.0
obstacle
0.115969695151
188.0 182.0 41.0 12.0
obstacle
0.114631384611
201.0 173.0 102.0 35.0
obstacle
0.112049072981
60.0 157.0 80.0 28.0
obstacle
0.111534945667
340.0 183.0 36.0 20.0
obstacle
0.109969042242
110.0 166.0 53.0 13.0
obstacle
0.100835986435
276.0 183.0 34.0 13.0
obstacle
0.0957799032331
385.0 183.0 47.0 16.0
obstacle
0.0956405326724
289.0 193.0 72.0 45.0
obstacle
0.0953069776297
324.0 192.0 70.0 51.0
obstacle
0.0949318856001
339.0 162.0 39.0 17.0
obstacle
0.0900399833918
240.0 165.0 168.0 53.0
obstacle
0.0892272591591
189.0 134.0 40.0 17.0
obstacle
0.088767260313
419.0 178.0 81.0 32.0
obstacle
0.0874596089125
73.0 171.0 48.0 39.0
obstacle
0.0857581198215
17.0 164.0 162.0 54.0
obstacle
0.0848900079727
312.0 176.0 90.0 36.0
obstacle
0.0846820101142
346.0 176.0 33.0 42.0
obstacle
0.081941395998
226.0 218.0 46.0 46.0
obstacle
0.0803407877684
388.0 162.0 36.0 14.0
obstacle
0.0796542093158
63.0 142.0 148.0 58.0
obstacle
0.0742955505848
156.0 150.0 33.0 35.0
obstacle
0.0730455368757
233.0 202.0 39.0 35.0
obstacle
0.0728836655617
149.0 137.0 47.0 15.0
obstacle
0.0719690024853
86.0 181.0 17.0 24.0
obstacle
0.0714704021811
73.0 133.0 46.0 16.0
obstacle
0.0704916119576
9.0 172.0 112.0 37.0
obstacle
0.0679669305682
300.0 137.0 51.0 14.0
obstacle
0.0671835169196
104.0 206.0 58.0 21.0
obstacle
0.0671760886908
115.0 134.0 35.0 17.0
obstacle
0.0669552311301
306.0 150.0 37.0 41.0
obstacle
0.0666316524148
422.0 203.0 41.0 22.0
obstacle
0.0640361979604
453.0 180.0 47.0 21.0
obstacle
0.0635978206992
270.0 200.0 42.0 37.0
obstacle
0.0634780451655
152.0 169.0 113.0 32.0
obstacle
0.0630415305495
77.0 198.0 114.0 36.0
obstacle
0.0621021725237
115.0 141.0 192.0 56.0
obstacle
0.0600832998753
356.0 147.0 144.0 91.0
obstacle
0.0595291703939
420.0 160.0 44.0 23.0
obstacle
0.0579267777503
127.0 130.0 93.0 26.0
obstacle
0.0579036921263
169.0 164.0 162.0 60.0
obstacle
0.0572731047869
34.0 181.0 53.0 20.0
obstacle
0.0561508536339
121.0 221.0 112.0 38.0
obstacle
0.0552252233028
114.0 201.0 125.0 34.0
obstacle
0.0543360114098
340.0 199.0 124.0 30.0
obstacle
0.0532199218869
267.0 138.0 41.0 13.0
obstacle
0.0521236136556
196.0 145.0 186.0 50.0
obstacle
0.051808167249
0.0 156.0 40.0 19.0
obstacle
0.0513173229992
425.0 186.0 31.0 11.0
obstacle
0.0512387678027
340.0 135.0 45.0 16.0
obstacle
0.0499730557203
383.0 201.0 48.0 25.0
obstacle
0.0475541613996
355.0 208.0 11.0 14.0
obstacle
0.0474885366857
70.0 203.0 53.0 25.0
obstacle
0.047167699784
317.0 157.0 77.0 25.0
obstacle
0.0471006073058
47.0 125.0 96.0 33.0
obstacle
0.047017775476
152.0 231.0 47.0 20.0
obstacle
0.0469997301698
166.0 161.0 13.0 17.0
obstacle
0.046989440918
319.0 159.0 12.0 19.0
obstacle
0.0469149388373
199.0 210.0 38.0 19.0
obstacle
0.0466329790652
341.0 229.0 47.0 25.0
obstacle
0.0466321147978
381.0 134.0 44.0 17.0
obstacle
0.0458837300539
107.0 109.0 51.0 18.0
obstacle
0.0455081537366
72.0 111.0 47.0 15.0
obstacle
0.0451485663652
228.0 136.0 38.0 15.0
obstacle
0.0447686091065
73.0 224.0 122.0 36.0
obstacle
0.0446678511798
147.0 108.0 50.0 18.0
obstacle
0.0444245636463
283.0 131.0 85.0 27.0
obstacle
0.0432161539793
341.0 107.0 45.0 17.0
obstacle
0.0429378524423
0.0 134.0 35.0 15.0
obstacle
0.0428888350725
151.0 209.0 46.0 16.0
obstacle
0.0427090600133
86.0 160.0 165.0 58.0
obstacle
0.0425588078797
88.0 180.0 170.0 75.0
obstacle
0.0425490252674
391.0 196.0 96.0 38.0
obstacle
0.0424236319959
242.0 160.0 11.0 20.0
obstacle
0.0421354100108
79.0 125.0 110.0 34.0
obstacle
0.041933119297
35.0 132.0 45.0 17.0
obstacle
0.0418577119708
0.0 181.0 45.0 21.0
obstacle
0.04149928689
7.0 199.0 107.0 35.0
obstacle
0.0412470139563
261.0 230.0 47.0 16.0
obstacle
0.0406352393329
245.0 185.0 161.0 59.0
obstacle
0.0403013862669
346.0 214.0 36.0 53.0
obstacle
0.0402144193649
226.0 109.0 42.0 15.0
obstacle
0.0400171391666
315.0 219.0 27.0 46.0
obstacle
0.0391786806285
363.0 155.0 81.0 30.0
obstacle
0.0384667441249
376.0 223.0 124.0 40.0
obstacle
0.0381840467453
29.0 151.0 291.0 137.0
obstacle
0.0375874452293
458.0 208.0 42.0 19.0
obstacle
0.0375515557826
231.0 143.0 39.0 48.0
obstacle
0.037330660969
37.0 160.0 40.0 16.0
obstacle
0.0370358079672
0.0 205.0 48.0 23.0
obstacle
0.036711089313
189.0 109.0 43.0 15.0
obstacle
0.036170039326
78.0 98.0 113.0 36.0
obstacle
0.0358570814133
390.0 154.0 99.0 29.0
obstacle
0.0357384569943
304.0 107.0 43.0 17.0
obstacle
0.0353653654456
159.0 164.0 24.0 8.0
obstacle
0.0352683365345
66.0 230.0 59.0 24.0
obstacle
0.0351981185377
417.0 132.0 47.0 19.0
obstacle
0.0348265320063
319.0 206.0 9.0 18.0
obstacle
0.0345981009305
261.0 208.0 45.0 18.0
obstacle
0.034175388515
100.0 114.0 299.0 112.0
obstacle
0.033809158951
74.0 205.0 204.0 71.0
obstacle
0.0336160622537
423.0 189.0 35.0 52.0
obstacle
0.0336109772325
454.0 158.0 46.0 19.0
obstacle
0.0335796102881
457.0 232.0 43.0 23.0
obstacle
0.0335691124201
0.0 109.0 38.0 16.0
obstacle
0.033372990787
153.0 128.0 115.0 28.0
obstacle
0.0331031270325
0.0 127.0 122.0 30.0
obstacle
0.0329248458147
0.0 146.0 75.0 41.0
obstacle
0.0328553430736
415.0 107.0 51.0 18.0
obstacle
0.0325902663171
384.0 166.0 38.0 54.0
obstacle
0.0324877500534
0.0 231.0 46.0 23.0
obstacle
0.0322812646627
189.0 100.0 44.0 84.0
obstacle
0.0321718677878
103.0 230.0 64.0 24.0
obstacle
0.0307908132672
281.0 163.0 9.0 14.0
obstacle
0.0307127051055
31.0 29.0 51.0 21.0
obstacle
0.0303696710616
153.0 101.0 42.0 83.0
obstacle
0.0303053129464
457.0 131.0 43.0 19.0
obstacle
0.0302611775696
384.0 190.0 36.0 52.0
obstacle
0.0296090673655
409.0 229.0 65.0 29.0
obstacle
0.0295833069831
268.0 144.0 39.0 49.0
obstacle
0.0295774880797
0.0 225.0 120.0 37.0
obstacle
0.0295575354248
37.0 100.0 116.0 32.0
obstacle
0.0292588602751
179.0 275.0 141.0 41.0
obstacle
0.0290459953249
114.0 100.0 117.0 32.0
obstacle
0.0289803780615
20.0 231.0 72.0 23.0
obstacle
0.0289070755243
455.0 258.0 45.0 23.0
obstacle
0.0288677047938
76.0 133.0 44.0 68.0
obstacle
0.0287641156465
30.0 110.0 53.0 16.0
obstacle
0.0287215132266
377.0 139.0 51.0 59.0
obstacle
0.0286681111902
310.0 225.0 40.0 30.0
obstacle
0.0285619851202
452.0 310.0 48.0 23.0
obstacle
0.0278090406209
0.0 3.0 43.0 20.0
obstacle
0.0277908071876
29.0 206.0 58.0 21.0
obstacle
0.0276521556079
6.0 126.0 184.0 86.0
obstacle
0.0276165027171
309.0 128.0 108.0 30.0
obstacle
0.027515469119
186.0 255.0 133.0 29.0
obstacle
0.0274019856006
82.0 187.0 27.0 12.0
obstacle
0.0273456126451
61.0 51.0 301.0 131.0
obstacle
0.0270966738462
238.0 129.0 104.0 30.0
obstacle
0.0270197764039
7.0 0.0 105.0 34.0
obstacle
0.0266287513077
261.0 108.0 51.0 17.0
obstacle
0.0265936106443
377.0 106.0 51.0 18.0
obstacle
0.0265904273838
196.0 100.0 106.0 33.0
obstacle
0.0263533256948
229.0 73.0 119.0 36.0
obstacle
0.0263521708548
146.0 73.0 55.0 86.0
obstacle
0.0262799020857
0.0 56.0 39.0 17.0
obstacle
0.0259815473109
224.0 256.0 51.0 77.0
obstacle
0.025972770527
291.0 114.0 209.0 158.0
obstacle
0.0259580295533
433.0 202.0 15.0 25.0
obstacle
0.0259410422295
271.0 72.0 113.0 36.0
obstacle
0.0257272049785
455.0 107.0 45.0 18.0
obstacle
0.025657011196
0.0 28.0 44.0 23.0
obstacle
0.0255569051951
108.0 184.0 52.0 65.0
obstacle
0.0255345404148
215.0 279.0 71.0 31.0
obstacle
0.0253418963403
26.0 2.0 60.0 22.0
obstacle
0.0252728126943
236.0 165.0 27.0 8.0
obstacle
0.0252215396613
457.0 156.0 43.0 75.0
obstacle
0.0252119991928
81.0 233.0 339.0 100.0
obstacle
0.025154069066
222.0 251.0 131.0 35.0
obstacle
0.0247627049685
190.0 48.0 119.0 37.0
obstacle
0.0246535129845
312.0 96.0 107.0 39.0
obstacle
0.0245241262019
0.0 131.0 41.0 75.0
obstacle
0.024438617751
189.0 47.0 274.0 138.0
obstacle
0.024332895875
390.0 126.0 102.0 32.0
obstacle
0.0242982544005
274.0 97.0 106.0 38.0
obstacle
0.0242256913334
318.0 183.0 10.0 17.0
obstacle
0.0242008771747
353.0 125.0 101.0 35.0
obstacle
0.0240786168724
376.0 230.0 53.0 25.0
obstacle
0.0239922646433
7.0 21.0 105.0 39.0
obstacle
0.0237488634884
0.0 81.0 40.0 19.0
obstacle
0.0237298440188
114.0 177.0 35.0 32.0
obstacle
0.0236990451813
29.0 80.0 54.0 20.0
obstacle
0.0236593410373
452.0 283.0 48.0 23.0
obstacle
0.0236514993012
107.0 105.0 54.0 73.0
obstacle
0.0236460380256
82.0 0.0 107.0 35.0
obstacle
0.0235859118402
153.0 170.0 40.0 43.0
obstacle
0.0235791318119
452.0 53.0 48.0 24.0
obstacle
0.0235120654106
37.0 0.0 118.0 35.0
obstacle
0.0233544353396
261.0 0.0 52.0 24.0
obstacle
0.0233529470861
116.0 139.0 39.0 57.0
obstacle
0.0232712477446
234.0 98.0 109.0 36.0
obstacle
0.0232381168753
298.0 72.0 61.0 89.0
obstacle
0.0231160540134
309.0 248.0 108.0 42.0
obstacle
0.0231143478304
0.0 181.0 39.0 75.0
obstacle
0.0230921693146
0.0 310.0 48.0 22.0
obstacle
0.022967254743
270.0 252.0 113.0 35.0
obstacle
0.0229340624064
423.0 132.0 43.0 73.0
obstacle
0.0228993725032
3.0 71.0 110.0 37.0
obstacle
0.0228888373822
453.0 80.0 47.0 19.0
obstacle
0.022850792855
458.0 206.0 42.0 74.0
obstacle
0.0228390116245
194.0 127.0 110.0 33.0
obstacle
0.0228248946369
11.0 177.0 174.0 76.0
obstacle
0.0227231103927
254.0 277.0 70.0 34.0
obstacle
0.0225659236312
189.0 148.0 37.0 40.0
obstacle
0.022524734959
141.0 27.0 61.0 23.0
obstacle
0.0224339738488
73.0 178.0 48.0 76.0
obstacle
0.0222809799016
237.0 0.0 105.0 35.0
obstacle
0.0222777910531
338.0 77.0 57.0 80.0
obstacle
0.0222505964339
70.0 80.0 48.0 19.0
obstacle
0.0222170241177
396.0 156.0 14.0 23.0
obstacle
0.0219971071929
270.0 174.0 43.0 42.0
obstacle
0.0218983199447
126.0 183.0 10.0 17.0
obstacle
0.0218886099756
0.0 160.0 41.0 66.0
obstacle
0.0217752419412
233.0 172.0 38.0 45.0
obstacle
0.021762566641
202.0 160.0 11.0 17.0
obstacle
0.0217529200017
88.0 129.0 15.0 25.0
obstacle
0.0217336453497
186.0 253.0 52.0 80.0
obstacle
0.0216762162745
9.0 0.0 329.0 78.0
obstacle
0.0216310024261
377.0 105.0 53.0 77.0
obstacle
0.021562281996
295.0 309.0 63.0 24.0
obstacle
0.0214962139726
418.0 210.0 48.0 64.0
obstacle
0.0213700700551
203.0 131.0 15.0 22.0
obstacle
0.0213265214115
330.0 281.0 69.0 25.0
obstacle
0.0212004929781
379.0 207.0 44.0 71.0
obstacle
0.0211944337934
252.0 273.0 146.0 45.0
obstacle
0.0211113225669
338.0 256.0 53.0 25.0
obstacle
0.0210500657558
242.0 232.0 10.0 17.0
obstacle
0.0210288167
38.0 50.0 40.0 81.0
obstacle
0.0208808537573
87.0 157.0 15.0 24.0
obstacle
0.0208714082837
110.0 250.0 131.0 39.0
obstacle
0.0208158865571
297.0 28.0 57.0 22.0
obstacle
0.0208145789802
108.0 79.0 52.0 73.0
obstacle
0.020810700953
253.0 77.0 247.0 130.0
obstacle
0.0207961313426
180.0 27.0 59.0 23.0
obstacle
0.0207840874791
390.0 99.0 105.0 34.0
obstacle
0.020703047514
408.0 256.0 68.0 25.0
obstacle
0.0206869710237
344.0 150.0 39.0 41.0
obstacle
0.0206557121128
271.0 217.0 33.0 51.0
obstacle
0.0205885898322
355.0 181.0 13.0 20.0
obstacle
0.0205642394722
7.0 152.0 14.0 27.0
obstacle
0.0205263663083
72.0 101.0 50.0 82.0
obstacle
0.0204475410283
30.0 0.0 55.0 84.0
obstacle
0.0203517731279
160.0 99.0 103.0 34.0
obstacle
0.0202894154936
260.0 81.0 55.0 19.0
obstacle
0.0202690977603
126.0 131.0 13.0 23.0
obstacle
0.0200600307435
0.0 167.0 230.0 153.0
obstacle
0.0200515910983
300.0 1.0 50.0 22.0
obstacle
0.0200482364744
283.0 0.0 217.0 112.0
obstacle
0.0200370755047
2.0 102.0 114.0 29.0
obstacle
0.0200178027153
221.0 80.0 51.0 20.0
obstacle
0.0199573598802
455.0 253.0 45.0 80.0
obstacle
0.0199300963432
454.0 23.0 46.0 84.0
obstacle
0.019924307242
377.0 2.0 52.0 21.0
obstacle
0.0199180822819
118.0 0.0 113.0 36.0
obstacle
0.0199030488729
266.0 258.0 45.0 73.0
obstacle
0.0198493674397
418.0 103.0 50.0 81.0
obstacle
0.0198136847466
300.0 81.0 51.0 20.0
obstacle
0.0197694264352
282.0 184.0 8.0 16.0
obstacle
0.0197389703244
335.0 310.0 62.0 23.0
obstacle
0.019719818607
66.0 30.0 56.0 18.0
obstacle
0.0197132397443
156.0 0.0 113.0 34.0
obstacle
0.0197111126035
223.0 2.0 51.0 21.0
obstacle
0.019631177187
108.0 55.0 48.0 18.0
obstacle
0.0196166187525
0.0 114.0 303.0 108.0
obstacle
0.0195942781866
218.0 200.0 217.0 78.0
obstacle
0.0195613391697
197.0 194.0 35.0 48.0
obstacle
0.0195603892207
314.0 165.0 27.0 7.0
obstacle
0.0195387285203
243.0 211.0 11.0 19.0
obstacle
0.0195098724216
113.0 48.0 119.0 34.0
obstacle
0.0194829255342
0.0 0.0 43.0 81.0
obstacle
0.0193483009934
341.0 3.0 47.0 19.0
obstacle
0.0193302948028
178.0 281.0 70.0 27.0
obstacle
0.0192505698651
429.0 143.0 25.0 100.0
obstacle
0.0192419886589
417.0 250.0 83.0 38.0
obstacle
0.0192377213389
340.0 81.0 48.0 20.0
obstacle
0.0192180927843
72.0 58.0 45.0 15.0
obstacle
0.0191706847399
0.0 53.0 39.0 77.0
