obstacle
0.705284178257
264.0 202.0 54.0 18.0
obstacle
0.704172670841
324.0 186.0 86.0 25.0
obstacle
0.587312459946
111.0 183.0 58.0 13.0
obstacle
0.567997574806
17.0 191.0 64.0 16.0
obstacle
0.539757549763
125.0 180.0 89.0 24.0
obstacle
0.484701216221
0.0 189.0 54.0 16.0
obstacle
0.410794496536
103.0 177.0 77.0 23.0
obstacle
0.380853354931
137.0 189.0 62.0 14.0
obstacle
0.3648699224
266.0 197.0 109.0 31.0
obstacle
0.326187282801
175.0 189.0 61.0 16.0
obstacle
0.308838754892
345.0 180.0 92.0 30.0
obstacle
0.265302211046
156.0 182.0 95.0 27.0
obstacle
0.241921156645
367.0 191.0 58.0 15.0
obstacle
0.220757693052
278.0 185.0 109.0 29.0
obstacle
0.212784454226
334.0 204.0 62.0 15.0
obstacle
0.203062847257
263.0 192.0 47.0 16.0
obstacle
0.176367878914
290.0 206.0 63.0 15.0
obstacle
0.155140176415
308.0 198.0 109.0 26.0
obstacle
0.148726716638
277.0 171.0 175.0 51.0
obstacle
0.147572696209
255.0 188.0 71.0 24.0
obstacle
0.147089347243
151.0 201.0 46.0 20.0
obstacle
0.126716658473
73.0 187.0 45.0 12.0
obstacle
0.119535259902
38.0 179.0 112.0 24.0
obstacle
0.118128597736
184.0 205.0 52.0 15.0
obstacle
0.114242486656
270.0 198.0 37.0 33.0
obstacle
0.104724898934
30.0 205.0 49.0 14.0
obstacle
0.0999903380871
209.0 199.0 100.0 28.0
obstacle
0.0917684957385
70.0 207.0 48.0 15.0
obstacle
0.0906179770827
237.0 207.0 39.0 15.0
obstacle
0.0899782329798
0.0 205.0 47.0 18.0
obstacle
0.0884719118476
111.0 205.0 44.0 18.0
obstacle
0.0878677666187
115.0 164.0 43.0 16.0
obstacle
0.0857230126858
281.0 208.0 11.0 17.0
obstacle
0.081957526505
302.0 193.0 50.0 13.0
obstacle
0.0817552283406
187.0 183.0 127.0 29.0
obstacle
0.081740885973
376.0 204.0 50.0 16.0
obstacle
0.0808247849345
161.0 199.0 96.0 25.0
obstacle
0.0804455503821
94.0 171.0 154.0 43.0
obstacle
0.0783665627241
29.0 158.0 54.0 19.0
obstacle
0.0779555365443
317.0 154.0 101.0 30.0
obstacle
0.076713360846
118.0 199.0 108.0 28.0
obstacle
0.0748508125544
214.0 183.0 150.0 63.0
obstacle
0.0739238634706
230.0 189.0 42.0 17.0
obstacle
0.068483568728
101.0 160.0 67.0 25.0
obstacle
0.0664250180125
344.0 159.0 46.0 17.0
obstacle
0.0653432235122
0.0 159.0 112.0 69.0
obstacle
0.0644148588181
309.0 159.0 34.0 17.0
obstacle
0.0643889382482
416.0 185.0 46.0 17.0
obstacle
0.0625295266509
185.0 160.0 49.0 16.0
obstacle
0.0609343498945
82.0 200.0 107.0 31.0
obstacle
0.0594652108848
49.0 158.0 173.0 68.0
obstacle
0.0584135316312
76.0 162.0 38.0 13.0
obstacle
0.0576899200678
414.0 208.0 53.0 16.0
obstacle
0.0566226504743
265.0 158.0 44.0 18.0
obstacle
0.0557668842375
146.0 163.0 45.0 15.0
obstacle
0.0549808889627
226.0 159.0 48.0 18.0
obstacle
0.0543694347143
18.0 199.0 77.0 26.0
obstacle
0.0536761209369
306.0 227.0 120.0 34.0
obstacle
0.0531353540719
260.0 225.0 131.0 35.0
obstacle
0.052241820842
0.0 171.0 42.0 45.0
obstacle
0.0511669106781
69.0 231.0 55.0 24.0
obstacle
0.0504463911057
276.0 148.0 106.0 40.0
obstacle
0.0503936447203
230.0 232.0 44.0 22.0
obstacle
0.0500139519572
4.0 223.0 109.0 40.0
obstacle
0.0497720576823
149.0 134.0 44.0 16.0
obstacle
0.0481739044189
0.0 4.0 42.0 20.0
obstacle
0.0481183640659
302.0 231.0 47.0 23.0
obstacle
0.0480595752597
0.0 159.0 37.0 17.0
obstacle
0.0465527661145
49.0 187.0 12.0 15.0
obstacle
0.0462543293834
108.0 161.0 203.0 64.0
obstacle
0.0458353236318
235.0 229.0 110.0 30.0
obstacle
0.0456183925271
346.0 175.0 38.0 35.0
obstacle
0.0455274321139
40.0 177.0 34.0 32.0
obstacle
0.0448150113225
243.0 151.0 89.0 33.0
obstacle
0.0448099710047
345.0 223.0 114.0 39.0
obstacle
0.0446285791695
0.0 198.0 73.0 33.0
obstacle
0.0442803427577
110.0 133.0 45.0 17.0
obstacle
0.0431895777583
456.0 183.0 44.0 21.0
obstacle
0.0429493300617
337.0 231.0 55.0 26.0
obstacle
0.0422460660338
186.0 134.0 46.0 16.0
obstacle
0.0422050543129
336.0 197.0 121.0 31.0
obstacle
0.0415459051728
342.0 133.0 43.0 16.0
obstacle
0.0414778366685
8.0 184.0 14.0 22.0
obstacle
0.0411452539265
120.0 158.0 98.0 27.0
obstacle
0.0410843081772
2.0 0.0 113.0 33.0
obstacle
0.0410746857524
122.0 100.0 332.0 134.0
obstacle
0.0408337637782
75.0 134.0 38.0 14.0
obstacle
0.0407963655889
262.0 229.0 47.0 22.0
obstacle
0.0396822951734
127.0 184.0 12.0 18.0
obstacle
0.0395199432969
10.0 157.0 97.0 24.0
obstacle
0.0394483320415
117.0 173.0 38.0 34.0
obstacle
0.0389334447682
381.0 133.0 44.0 15.0
obstacle
0.0388512611389
40.0 198.0 110.0 32.0
obstacle
0.038787599653
183.0 230.0 57.0 24.0
obstacle
0.038690328598
378.0 232.0 51.0 23.0
obstacle
0.038312215358
454.0 207.0 46.0 20.0
obstacle
0.0382478199899
309.0 125.0 114.0 33.0
obstacle
0.038142029196
157.0 152.0 106.0 32.0
obstacle
0.0381160415709
149.0 222.0 128.0 42.0
obstacle
0.038007363677
194.0 162.0 190.0 69.0
obstacle
0.037112314254
34.0 134.0 43.0 15.0
obstacle
0.0369463562965
117.0 125.0 111.0 33.0
obstacle
0.0368270836771
374.0 157.0 52.0 17.0
obstacle
0.036799043417
191.0 174.0 38.0 40.0
obstacle
0.0367778800428
0.0 29.0 48.0 20.0
obstacle
0.0362557433546
267.0 133.0 40.0 17.0
obstacle
0.0361727811396
307.0 134.0 40.0 16.0
obstacle
0.0357910133898
151.0 179.0 42.0 32.0
obstacle
0.0357303395867
227.0 134.0 43.0 16.0
obstacle
0.035484123975
388.0 0.0 112.0 36.0
obstacle
0.0353136584163
267.0 170.0 43.0 49.0
obstacle
0.0351481325924
30.0 229.0 54.0 25.0
obstacle
0.0350820720196
456.0 156.0 44.0 20.0
obstacle
0.0345970056951
201.0 227.0 105.0 31.0
obstacle
0.0345156975091
103.0 230.0 63.0 25.0
obstacle
0.0338957346976
345.0 122.0 40.0 92.0
obstacle
0.033820938319
356.0 185.0 17.0 20.0
obstacle
0.0333169139922
82.0 126.0 100.0 30.0
obstacle
0.0327258817852
77.0 223.0 115.0 39.0
obstacle
0.0325341932476
154.0 123.0 113.0 37.0
obstacle
0.0324778705835
278.0 126.0 222.0 134.0
obstacle
0.0324532277882
418.0 132.0 45.0 17.0
obstacle
0.0323662012815
0.0 134.0 34.0 16.0
obstacle
0.0314462631941
351.0 152.0 101.0 33.0
obstacle
0.0312628783286
142.0 227.0 63.0 29.0
obstacle
0.0312345381826
386.0 124.0 36.0 88.0
obstacle
0.0310594830662
421.0 127.0 44.0 81.0
obstacle
0.0309792589396
200.0 150.0 103.0 35.0
obstacle
0.0309570655227
412.0 156.0 55.0 21.0
obstacle
0.0306374952197
204.0 184.0 12.0 21.0
obstacle
0.0305291842669
458.0 107.0 42.0 19.0
obstacle
0.0305093564093
345.0 206.0 42.0 74.0
obstacle
0.0302247367799
115.0 221.0 116.0 44.0
obstacle
0.0301024541259
341.0 98.0 48.0 88.0
obstacle
0.0300232321024
165.0 183.0 11.0 20.0
obstacle
0.0299576912075
49.0 126.0 89.0 31.0
obstacle
0.0297994669527
275.0 200.0 177.0 83.0
obstacle
0.0297589097172
460.0 131.0 40.0 17.0
obstacle
0.0297272820026
457.0 233.0 43.0 21.0
obstacle
0.0294663328677
411.0 2.0 60.0 23.0
obstacle
0.0293075591326
27.0 2.0 56.0 23.0
obstacle
0.029298376292
0.0 231.0 44.0 23.0
obstacle
0.0290955491364
345.0 122.0 117.0 36.0
obstacle
0.028944240883
458.0 132.0 42.0 70.0
obstacle
0.0288705825806
407.0 28.0 68.0 22.0
obstacle
0.0287839639932
39.0 0.0 116.0 33.0
obstacle
0.028372682631
375.0 178.0 121.0 31.0
obstacle
0.0282679479569
217.0 254.0 66.0 26.0
obstacle
0.0282345376909
265.0 249.0 122.0 38.0
obstacle
0.0279735587537
113.0 97.0 121.0 39.0
obstacle
0.0279713384807
211.0 133.0 233.0 71.0
obstacle
0.0277625992894
182.0 29.0 56.0 19.0
obstacle
0.0277173109353
10.0 45.0 98.0 40.0
obstacle
0.0276274960488
454.0 54.0 46.0 20.0
obstacle
0.0276267528534
376.0 54.0 52.0 20.0
obstacle
0.0273683611304
267.0 0.0 233.0 109.0
obstacle
0.0273386631161
26.0 27.0 63.0 22.0
obstacle
0.027292791754
454.0 81.0 46.0 19.0
obstacle
0.0270015224814
155.0 187.0 36.0 56.0
obstacle
0.0269886516035
303.0 135.0 47.0 66.0
obstacle
0.0269714873284
269.0 123.0 116.0 35.0
obstacle
0.0269536375999
345.0 184.0 42.0 63.0
obstacle
0.0268748253584
337.0 55.0 51.0 20.0
obstacle
0.0268274899572
2.0 128.0 112.0 27.0
obstacle
0.0267509110272
192.0 123.0 113.0 36.0
obstacle
0.0266348458827
35.0 44.0 123.0 42.0
obstacle
0.0264969244599
115.0 161.0 275.0 115.0
obstacle
0.0261777564883
377.0 254.0 53.0 23.0
obstacle
0.026172157377
386.0 174.0 33.0 41.0
obstacle
0.0261617656797
74.0 98.0 118.0 38.0
obstacle
0.0260839369148
379.0 205.0 49.0 78.0
obstacle
0.0260178465396
0.0 154.0 69.0 29.0
obstacle
0.02594319731
228.0 128.0 44.0 80.0
obstacle
0.0257187671959
140.0 106.0 64.0 21.0
obstacle
0.0257002040744
68.0 28.0 55.0 20.0
obstacle
0.0256136916578
103.0 107.0 62.0 19.0
obstacle
0.0255836956203
0.0 144.0 185.0 98.0
obstacle
0.0255311932415
231.0 124.0 112.0 34.0
obstacle
0.0254586860538
78.0 0.0 113.0 32.0
obstacle
0.0251710265875
454.0 29.0 46.0 20.0
obstacle
0.0250715333968
412.0 232.0 60.0 24.0
obstacle
0.0249806325883
340.0 253.0 54.0 28.0
obstacle
0.0249764658511
414.0 108.0 53.0 20.0
obstacle
0.0249645952135
80.0 45.0 107.0 40.0
obstacle
0.0249583683908
294.0 246.0 141.0 43.0
obstacle
0.0249527916312
146.0 101.0 53.0 82.0
obstacle
0.0248376633972
8.0 20.0 102.0 37.0
obstacle
0.0247962214053
0.0 256.0 49.0 23.0
obstacle
0.0247597433627
310.0 170.0 35.0 49.0
obstacle
0.0247315913439
145.0 29.0 54.0 18.0
obstacle
0.0246786717325
180.0 106.0 62.0 21.0
obstacle
0.0246778223664
64.0 3.0 60.0 20.0
obstacle
0.0246649049222
397.0 185.0 12.0 18.0
obstacle
0.0244250334799
26.0 71.0 295.0 142.0
obstacle
0.0244032777846
72.0 135.0 278.0 116.0
obstacle
0.0243719536811
308.0 46.0 113.0 38.0
obstacle
0.024370290339
455.0 310.0 45.0 23.0
obstacle
0.0243481975049
28.0 52.0 58.0 25.0
obstacle
0.024149524048
0.0 109.0 36.0 15.0
obstacle
0.0240977667272
378.0 99.0 52.0 87.0
obstacle
0.0240488518029
40.0 156.0 113.0 25.0
obstacle
0.0240292195231
299.0 254.0 54.0 27.0
obstacle
0.0240031033754
264.0 128.0 52.0 80.0
obstacle
0.0238552633673
0.0 0.0 270.0 129.0
obstacle
0.0238227955997
224.0 164.0 276.0 160.0
obstacle
0.023812321946
415.0 0.0 58.0 51.0
obstacle
0.023519417271
408.0 54.0 65.0 22.0
obstacle
0.0234983693808
1.0 134.0 36.0 68.0
obstacle
0.0233895070851
230.0 44.0 117.0 42.0
obstacle
0.0233766585588
32.0 108.0 49.0 17.0
obstacle
0.0233653653413
303.0 103.0 48.0 78.0
obstacle
0.0233302544802
114.0 98.0 43.0 87.0
obstacle
0.0232565198094
191.0 0.0 119.0 34.0
obstacle
0.0232424773276
334.0 27.0 59.0 21.0
obstacle
0.0230360142887
344.0 0.0 122.0 33.0
obstacle
0.0229930188507
451.0 3.0 49.0 20.0
obstacle
0.0229299794883
107.0 81.0 51.0 19.0
obstacle
0.0227862913162
225.0 77.0 275.0 130.0
obstacle
0.0227339919657
163.0 127.0 18.0 29.0
obstacle
0.0225635021925
183.0 2.0 53.0 22.0
obstacle
0.0225555039942
382.0 17.0 118.0 44.0
obstacle
0.0225416403264
299.0 55.0 53.0 20.0
obstacle
0.0224746260792
2.0 187.0 30.0 12.0
obstacle
0.0224465951324
222.0 107.0 55.0 19.0
obstacle
0.0224280059338
0.0 0.0 209.0 80.0
obstacle
0.0221896488219
301.0 108.0 50.0 17.0
obstacle
0.0221481509507
376.0 80.0 53.0 18.0
obstacle
0.0220953561366
107.0 54.0 54.0 20.0
obstacle
0.0219803210348
186.0 247.0 128.0 39.0
obstacle
0.0218989681453
473.0 151.0 19.0 31.0
obstacle
0.0217582415789
2.0 101.0 113.0 32.0
obstacle
0.0217371489853
186.0 19.0 130.0 39.0
obstacle
0.0216361824423
413.0 81.0 55.0 18.0
obstacle
0.021538214758
417.0 147.0 83.0 38.0
obstacle
0.0214948449284
183.0 102.0 55.0 81.0
obstacle
0.0214721038938
36.0 209.0 42.0 70.0
obstacle
0.021452838555
104.0 28.0 59.0 21.0
obstacle
0.0214184224606
272.0 0.0 114.0 35.0
obstacle
0.0213835146278
202.0 126.0 19.0 31.0
obstacle
0.0213125925511
263.0 103.0 51.0 78.0
obstacle
0.0212621111423
257.0 80.0 56.0 21.0
obstacle
0.0212350469083
225.0 98.0 126.0 38.0
obstacle
0.0211683325469
108.0 73.0 56.0 87.0
obstacle
0.0211513079703
155.0 137.0 38.0 62.0
obstacle
0.0210816208273
192.0 45.0 116.0 40.0
obstacle
0.0210409853607
220.0 28.0 57.0 20.0
obstacle
0.02099920623
259.0 106.0 56.0 20.0
obstacle
0.0209803469479
237.0 0.0 106.0 35.0
obstacle
0.0209408495575
383.0 123.0 117.0 36.0
obstacle
0.0209302231669
422.0 163.0 41.0 58.0
obstacle
0.020912270993
319.0 156.0 15.0 21.0
obstacle
0.020909294486
114.0 21.0 117.0 36.0
obstacle
0.0208358280361
32.0 0.0 54.0 53.0
obstacle
0.0208217948675
29.0 168.0 289.0 150.0
obstacle
0.0207489598542
376.0 28.0 54.0 21.0
obstacle
0.0207254681736
261.0 55.0 51.0 20.0
obstacle
0.0207124073058
121.0 188.0 25.0 9.0
obstacle
0.0206667780876
67.0 53.0 56.0 21.0
obstacle
0.0206125937402
169.0 29.0 317.0 124.0
obstacle
0.0205729026347
0.0 81.0 38.0 18.0
obstacle
0.0205369144678
219.0 1.0 59.0 23.0
obstacle
0.0204630773515
268.0 42.0 118.0 46.0
obstacle
0.0204507987946
343.0 48.0 123.0 34.0
obstacle
0.0204143412411
375.0 3.0 55.0 19.0
obstacle
0.0204053428024
335.0 79.0 56.0 21.0
obstacle
0.0204018317163
0.0 52.0 246.0 127.0
obstacle
0.0203733332455
120.0 137.0 36.0 63.0
obstacle
0.0203223787248
376.0 99.0 124.0 34.0
obstacle
0.0202457047999
389.0 47.0 107.0 37.0
obstacle
0.0202185008675
67.0 93.0 213.0 97.0
obstacle
0.0200700052083
184.0 55.0 54.0 19.0
obstacle
0.0200273375958
125.0 127.0 18.0 28.0
obstacle
0.0200108606368
223.0 99.0 54.0 85.0
obstacle
0.019970132038
258.0 29.0 60.0 19.0
obstacle
0.0199497696012
417.0 302.0 83.0 31.0
obstacle
0.0199136380106
341.0 249.0 123.0 34.0
obstacle
0.0198778621852
106.0 1.0 54.0 23.0
obstacle
0.019796859473
183.0 257.0 56.0 23.0
obstacle
0.0197506677359
254.0 255.0 64.0 23.0
obstacle
0.0196890085936
73.0 210.0 46.0 67.0
obstacle
0.0196506120265
427.0 223.0 73.0 39.0
obstacle
0.0195901542902
204.0 156.0 15.0 22.0
obstacle
0.0195646695793
348.0 189.0 29.0 8.0
obstacle
0.0194915700704
339.0 109.0 50.0 16.0
obstacle
0.0194181632251
0.0 19.0 41.0 92.0
obstacle
0.0194137766957
241.0 152.0 17.0 29.0
obstacle
0.0193638503551
68.0 108.0 56.0 17.0
obstacle
0.0192200690508
318.0 129.0 17.0 27.0
obstacle
0.0192172266543
39.0 99.0 113.0 36.0
obstacle
0.0191719550639
312.0 0.0 108.0 35.0
obstacle
0.0191213898361
0.0 52.0 42.0 23.0
obstacle
0.0191113464534
71.0 21.0 50.0 89.0
obstacle
0.0190981179476
356.0 127.0 17.0 30.0
obstacle
0.0190855581313
182.0 0.0 59.0 80.0
obstacle
0.0190727002919
417.0 100.0 52.0 83.0
obstacle
0.0189272444695
190.0 137.0 44.0 62.0
obstacle
0.0188992805779
429.0 0.0 23.0 31.0
obstacle
0.0188871324062
47.0 0.0 20.0 27.0
obstacle
0.018822574988
381.0 52.0 47.0 78.0
obstacle
0.0188138112426
0.0 162.0 197.0 164.0
