obstacle
0.809241652489
224.0 158.0 139.0 44.0
obstacle
0.466040283442
398.0 70.0 102.0 30.0
obstacle
0.333396285772
212.0 138.0 160.0 55.0
obstacle
0.309982389212
406.0 78.0 80.0 18.0
obstacle
0.259941130877
215.0 160.0 91.0 35.0
obstacle
0.244251489639
268.0 145.0 109.0 34.0
obstacle
0.15895742178
256.0 141.0 204.0 78.0
obstacle
0.140427529812
446.0 77.0 54.0 20.0
obstacle
0.137195661664
386.0 52.0 114.0 65.0
obstacle
0.133706718683
303.0 162.0 103.0 33.0
obstacle
0.128231853247
233.0 167.0 184.0 65.0
obstacle
0.127122461796
304.0 152.0 37.0 17.0
obstacle
0.123697660863
209.0 145.0 92.0 35.0
obstacle
0.108217068017
272.0 170.0 41.0 19.0
obstacle
0.0982127487659
270.0 190.0 107.0 25.0
obstacle
0.0921152979136
232.0 171.0 44.0 15.0
obstacle
0.0874502658844
184.0 113.0 290.0 96.0
obstacle
0.0856036394835
243.0 187.0 100.0 29.0
obstacle
0.0834485143423
344.0 172.0 41.0 12.0
obstacle
0.0763725861907
233.0 153.0 32.0 15.0
obstacle
0.0723380818963
306.0 143.0 104.0 37.0
obstacle
0.0686837956309
287.0 127.0 146.0 70.0
obstacle
0.067685700953
415.0 58.0 54.0 54.0
obstacle
0.067667119205
305.0 138.0 40.0 39.0
obstacle
0.0674568638206
201.0 152.0 29.0 15.0
obstacle
0.0646079480648
304.0 171.0 43.0 14.0
obstacle
0.0603235661983
390.0 45.0 110.0 35.0
obstacle
0.0587196722627
187.0 186.0 135.0 34.0
obstacle
0.0543126165867
188.0 147.0 210.0 67.0
obstacle
0.0538304373622
197.0 170.0 39.0 15.0
obstacle
0.0479835271835
265.0 161.0 46.0 35.0
obstacle
0.0476243272424
299.0 157.0 49.0 40.0
obstacle
0.0471646934748
172.0 162.0 95.0 29.0
obstacle
0.0458524264395
337.0 94.0 53.0 80.0
obstacle
0.0454308763146
455.0 55.0 45.0 61.0
obstacle
0.0448497459292
318.0 149.0 17.0 20.0
obstacle
0.0432227961719
163.0 142.0 108.0 34.0
obstacle
0.0426952540874
295.0 191.0 130.0 28.0
obstacle
0.0424453429878
432.0 72.0 17.0 27.0
obstacle
0.0417656004429
268.0 190.0 49.0 20.0
obstacle
0.0417625680566
344.0 136.0 40.0 45.0
obstacle
0.0415823757648
356.0 71.0 113.0 28.0
obstacle
0.0414869152009
344.0 151.0 41.0 16.0
obstacle
0.0410781428218
173.0 165.0 163.0 72.0
obstacle
0.0407035164535
385.0 79.0 49.0 13.0
obstacle
0.0400182716548
341.0 33.0 159.0 103.0
obstacle
0.0392932035029
384.0 91.0 116.0 31.0
obstacle
0.0388288237154
413.0 95.0 59.0 20.0
obstacle
0.0374982915819
299.0 190.0 53.0 19.0
obstacle
0.0373068638146
343.0 157.0 38.0 45.0
obstacle
0.0364200845361
381.0 150.0 43.0 17.0
obstacle
0.0357705391943
276.0 154.0 27.0 13.0
obstacle
0.0352622494102
224.0 191.0 55.0 22.0
obstacle
0.034764546901
313.0 119.0 103.0 31.0
obstacle
0.0338357053697
454.0 97.0 46.0 20.0
obstacle
0.0336931906641
340.0 194.0 49.0 17.0
obstacle
0.033231113106
473.0 71.0 17.0 30.0
obstacle
0.0328258350492
459.0 22.0 41.0 81.0
obstacle
0.0324346162379
86.0 139.0 331.0 126.0
obstacle
0.0316692814231
303.0 101.0 44.0 69.0
obstacle
0.0314115360379
273.0 213.0 104.0 30.0
obstacle
0.0310159940273
456.0 52.0 44.0 19.0
obstacle
0.0309862606227
227.0 134.0 40.0 49.0
obstacle
0.0304470509291
150.0 172.0 49.0 16.0
obstacle
0.030238090083
231.0 125.0 38.0 17.0
obstacle
0.0300691071898
238.0 211.0 104.0 32.0
obstacle
0.0298445224762
270.0 119.0 113.0 31.0
obstacle
0.0297950692475
339.0 124.0 49.0 17.0
obstacle
0.0297754369676
104.0 147.0 60.0 19.0
obstacle
0.0290418937802
264.0 212.0 53.0 28.0
obstacle
0.0290020871907
380.0 98.0 49.0 70.0
obstacle
0.0289223045111
267.0 140.0 39.0 37.0
obstacle
0.028879083693
265.0 101.0 48.0 69.0
obstacle
0.0288083907217
2.0 0.0 114.0 31.0
obstacle
0.0285645853728
298.0 73.0 56.0 76.0
obstacle
0.028482792899
303.0 215.0 50.0 25.0
obstacle
0.0282752141356
263.0 73.0 49.0 74.0
obstacle
0.0282715056092
282.0 172.0 11.0 16.0
obstacle
0.0282305125147
384.0 172.0 36.0 13.0
obstacle
0.0280573964119
0.0 292.0 43.0 20.0
obstacle
0.0277037844062
119.0 163.0 111.0 33.0
obstacle
0.0276178847998
225.0 160.0 47.0 38.0
obstacle
0.027143092826
420.0 79.0 42.0 13.0
obstacle
0.0271319840103
419.0 52.0 50.0 20.0
obstacle
0.0271148271859
0.0 266.0 44.0 22.0
obstacle
0.0270848628134
421.0 95.0 45.0 74.0
obstacle
0.0269767828286
227.0 97.0 44.0 76.0
obstacle
0.0267917234451
224.0 214.0 55.0 26.0
obstacle
0.0267652180046
28.0 3.0 57.0 19.0
obstacle
0.0264605507255
140.0 212.0 360.0 101.0
obstacle
0.0262719001621
418.0 29.0 49.0 68.0
obstacle
0.0262484457344
150.0 148.0 44.0 17.0
obstacle
0.0261942781508
379.0 123.0 48.0 20.0
obstacle
0.0259560216218
384.0 131.0 39.0 55.0
obstacle
0.0259294658899
192.0 211.0 120.0 33.0
obstacle
0.0257988851517
148.0 123.0 49.0 21.0
obstacle
0.0257881619036
419.0 70.0 47.0 76.0
obstacle
0.0257562976331
246.0 89.0 165.0 95.0
obstacle
0.0255935117602
333.0 164.0 128.0 34.0
obstacle
0.0255264993757
0.0 219.0 46.0 20.0
obstacle
0.0254824887961
122.0 122.0 185.0 76.0
obstacle
0.0252915397286
419.0 0.0 48.0 77.0
obstacle
0.0252082291991
0.0 243.0 44.0 20.0
obstacle
0.0251164920628
271.0 126.0 35.0 16.0
obstacle
0.0250481087714
381.0 116.0 119.0 35.0
obstacle
0.0250436104834
293.0 63.0 207.0 139.0
obstacle
0.0250077918172
105.0 264.0 58.0 25.0
obstacle
0.0248701013625
67.0 147.0 57.0 19.0
obstacle
0.0248545370996
26.0 217.0 62.0 23.0
obstacle
0.0247676018625
220.0 116.0 138.0 36.0
obstacle
0.024752933532
290.0 0.0 210.0 107.0
obstacle
0.024711875245
188.0 193.0 51.0 19.0
obstacle
0.0245444849133
2.0 215.0 344.0 98.0
obstacle
0.0244636125863
376.0 2.0 54.0 72.0
obstacle
0.0243237577379
0.0 5.0 41.0 16.0
obstacle
0.0242654494941
0.0 74.0 44.0 20.0
obstacle
0.0242542419583
0.0 194.0 46.0 21.0
obstacle
0.0241990238428
453.0 121.0 47.0 21.0
obstacle
0.0241611916572
413.0 146.0 59.0 22.0
obstacle
0.024139078334
418.0 119.0 48.0 76.0
obstacle
0.0239280257374
353.0 15.0 101.0 43.0
obstacle
0.0238706674427
224.0 71.0 52.0 78.0
obstacle
0.0238267686218
103.0 171.0 63.0 19.0
obstacle
0.0237375218421
413.0 120.0 57.0 23.0
obstacle
0.0235196705908
272.0 89.0 108.0 40.0
obstacle
0.0234271213412
412.0 171.0 62.0 20.0
obstacle
0.0233565922827
0.0 147.0 41.0 19.0
obstacle
0.0232988279313
192.0 126.0 39.0 15.0
obstacle
0.0232353825122
458.0 171.0 42.0 19.0
obstacle
0.0232128985226
453.0 27.0 47.0 18.0
obstacle
0.0231996979564
224.0 100.0 51.0 18.0
obstacle
0.0230913870037
458.0 80.0 42.0 11.0
obstacle
0.023073412478
307.0 126.0 39.0 14.0
obstacle
0.0228471141309
232.0 89.0 111.0 40.0
obstacle
0.0227766912431
0.0 170.0 44.0 21.0
obstacle
0.022749690339
29.0 121.0 55.0 23.0
obstacle
0.0227457787842
28.0 241.0 57.0 22.0
obstacle
0.0227309484035
282.0 116.0 218.0 131.0
obstacle
0.0225942991674
340.0 240.0 51.0 73.0
obstacle
0.0222615171224
75.0 161.0 120.0 40.0
obstacle
0.0222161710262
373.0 141.0 127.0 35.0
obstacle
0.0222012344748
27.0 265.0 59.0 23.0
obstacle
0.0220366623253
198.0 191.0 186.0 71.0
obstacle
0.0220295209438
66.0 290.0 62.0 23.0
obstacle
0.0220247581601
0.0 27.0 42.0 18.0
obstacle
0.0219333507121
296.0 290.0 63.0 23.0
obstacle
0.0219326298684
28.0 146.0 58.0 20.0
obstacle
0.0217569470406
105.0 123.0 57.0 20.0
obstacle
0.0217266026884
243.0 152.0 12.0 16.0
obstacle
0.021627144888
455.0 147.0 45.0 20.0
obstacle
0.0216111820191
453.0 266.0 47.0 21.0
obstacle
0.0216006226838
263.0 99.0 51.0 19.0
obstacle
0.0215363260359
63.0 169.0 64.0 23.0
obstacle
0.0215169228613
378.0 16.0 122.0 43.0
obstacle
0.0214904267341
104.0 290.0 62.0 23.0
obstacle
0.0214620605111
224.0 237.0 52.0 76.0
obstacle
0.0214524399489
455.0 240.0 45.0 73.0
obstacle
0.0214348509908
301.0 240.0 53.0 73.0
obstacle
0.021424960345
230.0 40.0 116.0 41.0
obstacle
0.0213661920279
64.0 123.0 61.0 20.0
obstacle
0.021360469982
299.0 76.0 56.0 17.0
obstacle
0.0212933793664
0.0 125.0 361.0 112.0
obstacle
0.0212180074304
415.0 27.0 53.0 19.0
obstacle
0.0212173461914
1.0 209.0 114.0 40.0
obstacle
0.0212067477405
224.0 3.0 51.0 18.0
obstacle
0.0211749840528
340.0 3.0 50.0 17.0
obstacle
0.0211618803442
377.0 26.0 56.0 21.0
obstacle
0.021057927981
184.0 216.0 55.0 24.0
obstacle
0.0209552906454
182.0 290.0 60.0 23.0
obstacle
0.0209150705487
65.0 3.0 60.0 18.0
obstacle
0.0208896100521
453.0 292.0 47.0 19.0
obstacle
0.0208612419665
17.0 282.0 159.0 31.0
obstacle
0.0206772182137
306.0 177.0 40.0 53.0
obstacle
0.0205562189221
143.0 264.0 59.0 25.0
obstacle
0.0205533504486
301.0 99.0 50.0 18.0
obstacle
0.0205252170563
195.0 90.0 109.0 39.0
obstacle
0.0205076150596
408.0 266.0 67.0 22.0
obstacle
0.020500715822
333.0 264.0 60.0 23.0
obstacle
0.0204468611628
0.0 99.0 42.0 19.0
obstacle
0.0204245653003
71.0 264.0 50.0 49.0
obstacle
0.0203961282969
65.0 217.0 60.0 22.0
obstacle
0.0203753430396
355.0 119.0 19.0 28.0
obstacle
0.0202556941658
383.0 164.0 114.0 33.0
obstacle
0.0201951488853
0.0 266.0 44.0 47.0
obstacle
0.0201722234488
76.0 40.0 117.0 41.0
obstacle
0.0201055351645
25.0 169.0 64.0 22.0
obstacle
0.020070862025
379.0 3.0 50.0 17.0
obstacle
0.0200193282217
117.0 140.0 111.0 34.0
obstacle
0.019963318482
0.0 122.0 41.0 20.0
obstacle
0.0199494790286
0.0 283.0 85.0 30.0
obstacle
0.0199405420572
38.0 0.0 118.0 32.0
obstacle
0.0198707338423
65.0 258.0 139.0 38.0
obstacle
0.0198290739208
340.0 77.0 48.0 15.0
obstacle
0.0198058802634
415.0 2.0 55.0 20.0
obstacle
0.0197979360819
455.0 2.0 45.0 19.0
obstacle
0.0197936855257
336.0 291.0 60.0 22.0
obstacle
0.0197607595474
284.0 282.0 163.0 31.0
obstacle
0.0197354052216
147.0 240.0 55.0 73.0
obstacle
0.0197349376976
414.0 148.0 55.0 65.0
obstacle
0.0197131950408
30.0 25.0 56.0 21.0
obstacle
0.0196399390697
139.0 259.0 144.0 38.0
obstacle
0.0196389630437
218.0 265.0 62.0 24.0
obstacle
0.0196219161153
180.0 265.0 61.0 24.0
obstacle
0.0195414274931
26.0 192.0 62.0 24.0
obstacle
0.0195302795619
169.0 187.0 92.0 32.0
obstacle
0.0195179451257
336.0 215.0 59.0 25.0
obstacle
0.019498841837
104.0 49.0 60.0 22.0
obstacle
0.0194907486439
265.0 265.0 49.0 48.0
obstacle
0.0194826200604
416.0 237.0 53.0 76.0
obstacle
0.0193369351327
258.0 291.0 62.0 22.0
obstacle
0.0193322487175
353.0 116.0 103.0 31.0
obstacle
0.0193266011775
102.0 218.0 64.0 22.0
obstacle
0.0192834213376
293.0 152.0 207.0 153.0
obstacle
0.0192576181144
64.0 193.0 62.0 22.0
obstacle
0.019256291911
63.0 265.0 62.0 23.0
obstacle
0.0192338358611
374.0 292.0 61.0 21.0
obstacle
0.0192257482558
312.0 90.0 106.0 39.0
obstacle
0.0192003399134
196.0 130.0 34.0 56.0
obstacle
0.0191952995956
78.0 17.0 113.0 41.0
obstacle
0.0191196743399
458.0 0.0 42.0 74.0
obstacle
0.0190442912281
108.0 240.0 55.0 73.0
obstacle
0.019041903317
296.0 265.0 58.0 22.0
obstacle
0.018961828202
188.0 261.0 49.0 52.0
obstacle
0.018939031288
0.0 170.0 42.0 73.0
obstacle
0.0189288649708
220.0 291.0 62.0 22.0
obstacle
0.0189261008054
457.0 243.0 43.0 18.0
obstacle
0.0189253520221
1.0 87.0 114.0 43.0
obstacle
0.0189238097519
8.0 288.0 15.0 25.0
obstacle
0.0189030729234
140.0 217.0 65.0 24.0
obstacle
0.0188863482326
0.0 51.0 42.0 19.0
obstacle
0.0188397318125
203.0 19.0 297.0 130.0
obstacle
0.0187732409686
453.0 219.0 47.0 19.0
obstacle
0.0187481958419
31.0 238.0 54.0 75.0
obstacle
0.0186871383339
220.0 258.0 136.0 39.0
obstacle
0.0186701193452
298.0 210.0 129.0 36.0
obstacle
0.0186107158661
31.0 191.0 54.0 77.0
obstacle
0.0185214783996
368.0 265.0 68.0 22.0
obstacle
0.0184972286224
65.0 242.0 61.0 21.0
obstacle
0.0184671487659
108.0 114.0 130.0 38.0
obstacle
0.0183825194836
0.0 74.0 44.0 72.0
obstacle
0.018322493881
314.0 286.0 23.0 27.0
obstacle
0.0182919595391
105.0 194.0 60.0 21.0
obstacle
0.0182270910591
188.0 16.0 123.0 41.0
obstacle
0.0181953683496
29.0 74.0 57.0 20.0
obstacle
0.0181507095695
143.0 194.0 61.0 20.0
obstacle
0.0181118007749
267.0 41.0 119.0 38.0
obstacle
0.0180932562798
185.0 3.0 52.0 18.0
obstacle
0.0180541146547
103.0 42.0 64.0 86.0
obstacle
0.0180512648076
461.0 73.0 39.0 68.0
obstacle
0.018050853163
458.0 91.0 42.0 82.0
obstacle
0.0180453695357
69.0 141.0 56.0 81.0
obstacle
0.0179928541183
0.0 50.0 44.0 71.0
obstacle
0.0179800484329
0.0 163.0 121.0 36.0
obstacle
0.0179711729288
203.0 149.0 14.0 19.0
obstacle
0.0179707091302
28.0 97.0 58.0 21.0
obstacle
0.017946973443
377.0 217.0 56.0 23.0
obstacle
0.0179397575557
32.0 185.0 126.0 40.0
obstacle
0.0179031379521
104.0 76.0 58.0 17.0
obstacle
0.0178838334978
261.0 48.0 57.0 76.0
obstacle
0.0178810339421
390.0 21.0 27.0 31.0
obstacle
0.017858158797
267.0 187.0 46.0 81.0
obstacle
0.0178539045155
260.0 49.0 57.0 22.0
obstacle
0.0178283955902
0.0 233.0 119.0 40.0
obstacle
0.017826218158
215.0 235.0 145.0 35.0
obstacle
0.0178166888654
69.0 44.0 55.0 83.0
obstacle
0.0177624095231
29.0 290.0 58.0 22.0
obstacle
0.017710018903
84.0 286.0 23.0 27.0
obstacle
0.0176668222994
377.0 256.0 123.0 43.0
obstacle
0.0176428072155
72.0 136.0 126.0 40.0
obstacle
0.0176235344261
431.0 46.0 20.0 30.0
obstacle
0.0176131650805
70.0 191.0 53.0 77.0
obstacle
0.0175825171173
145.0 99.0 53.0 19.0
obstacle
0.0175568275154
0.0 258.0 121.0 40.0
obstacle
0.0175219848752
267.0 174.0 44.0 56.0
obstacle
0.0175146665424
45.0 212.0 26.0 35.0
obstacle
0.017507115379
190.0 99.0 42.0 70.0
obstacle
0.0174767505378
382.0 26.0 45.0 70.0
obstacle
0.0174718424678
340.0 27.0 52.0 18.0
obstacle
0.0173469241709
68.0 51.0 54.0 19.0
obstacle
0.0173140224069
149.0 96.0 48.0 76.0
obstacle
0.017296416685
0.0 218.0 42.0 72.0
obstacle
0.0172919929028
67.0 76.0 56.0 17.0
obstacle
0.0172602944076
30.0 46.0 57.0 79.0
obstacle
0.0172575283796
0.0 140.0 122.0 34.0
obstacle
0.0172372255474
471.0 19.0 21.0 33.0
obstacle
0.0171948801726
5.0 16.0 108.0 42.0
obstacle
0.0171665083617
238.0 94.0 23.0 31.0
obstacle
0.0170840248466
143.0 290.0 60.0 23.0
obstacle
0.0170576199889
181.0 91.0 143.0 90.0
obstacle
0.0170366987586
0.0 67.0 118.0 36.0
obstacle
0.0170253887773
130.0 282.0 163.0 31.0
obstacle
0.0170237179846
109.0 193.0 52.0 73.0
obstacle
0.0170178487897
121.0 261.0 23.0 34.0
obstacle
0.0170066114515
260.0 76.0 55.0 17.0
obstacle
0.0169896762818
339.0 23.0 51.0 78.0
obstacle
0.0169684197754
68.0 27.0 56.0 19.0
obstacle
0.0169359371066
473.0 48.0 19.0 25.0
obstacle
0.0168999675661
416.0 191.0 53.0 76.0
obstacle
0.0168910808861
186.0 72.0 51.0 76.0
obstacle
0.0168898981065
62.0 0.0 300.0 84.0
