obstacle
0.767984807491
90.0 153.0 323.0 133.0
obstacle
0.495463848114
310.0 126.0 32.0 53.0
obstacle
0.295249164104
142.0 162.0 358.0 164.0
obstacle
0.285353392363
195.0 105.0 41.0 22.0
obstacle
0.271548479795
0.0 163.0 353.0 154.0
obstacle
0.22188103199
111.0 101.0 42.0 19.0
obstacle
0.140853390098
80.0 170.0 193.0 97.0
obstacle
0.128865659237
167.0 94.0 94.0 39.0
obstacle
0.12264188379
71.0 194.0 359.0 160.0
obstacle
0.118868336082
80.0 193.0 115.0 44.0
obstacle
0.11624545604
151.0 102.0 40.0 23.0
obstacle
0.114277996123
45.0 193.0 107.0 48.0
obstacle
0.100713901222
217.0 95.0 71.0 37.0
obstacle
0.0991581082344
74.0 104.0 45.0 18.0
obstacle
0.0981946736574
303.0 150.0 43.0 53.0
obstacle
0.0909081697464
265.0 75.0 34.0 22.0
obstacle
0.0851343423128
84.0 92.0 102.0 39.0
obstacle
0.0844527110457
242.0 137.0 25.0 23.0
obstacle
0.082832954824
273.0 111.0 37.0 83.0
obstacle
0.082452185452
317.0 158.0 19.0 32.0
obstacle
0.0822620466352
119.0 92.0 110.0 41.0
obstacle
0.0790592804551
227.0 105.0 39.0 21.0
obstacle
0.0785633549094
318.0 135.0 14.0 25.0
obstacle
0.0770549848676
112.0 202.0 45.0 25.0
obstacle
0.0738962963223
113.0 191.0 126.0 47.0
obstacle
0.0719035565853
290.0 119.0 62.0 61.0
obstacle
0.0714824944735
0.0 112.0 379.0 152.0
obstacle
0.0686967000365
253.0 65.0 69.0 44.0
obstacle
0.0663012489676
74.0 204.0 50.0 25.0
obstacle
0.0625878348947
203.0 102.0 14.0 27.0
obstacle
0.0612669885159
49.0 34.0 325.0 168.0
obstacle
0.0557667613029
266.0 47.0 39.0 79.0
obstacle
0.0537498369813
4.0 192.0 116.0 47.0
obstacle
0.0520562343299
282.0 139.0 20.0 20.0
obstacle
0.0509028322995
32.0 103.0 49.0 20.0
obstacle
0.050655502826
13.0 171.0 174.0 89.0
obstacle
0.0499858744442
117.0 62.0 191.0 106.0
obstacle
0.0496065281332
241.0 133.0 95.0 34.0
obstacle
0.0493920631707
337.0 108.0 40.0 87.0
obstacle
0.0487411916256
199.0 196.0 254.0 92.0
obstacle
0.0472293645144
42.0 93.0 110.0 39.0
obstacle
0.0468090213835
32.0 331.0 53.0 29.0
obstacle
0.0466097854078
304.0 82.0 41.0 80.0
obstacle
0.0462946593761
205.0 175.0 237.0 80.0
obstacle
0.045916236937
192.0 76.0 40.0 78.0
obstacle
0.045101787895
382.0 105.0 41.0 20.0
obstacle
0.0445712506771
7.0 326.0 107.0 41.0
obstacle
0.0445711053908
102.0 295.0 64.0 31.0
obstacle
0.0436469689012
129.0 199.0 172.0 87.0
obstacle
0.0416575744748
158.0 222.0 338.0 177.0
obstacle
0.0415669493377
342.0 128.0 115.0 40.0
obstacle
0.041509013623
226.0 221.0 199.0 110.0
obstacle
0.0404489114881
0.0 103.0 37.0 21.0
obstacle
0.0402020998299
241.0 106.0 163.0 85.0
obstacle
0.0398007892072
275.0 104.0 22.0 20.0
obstacle
0.0394842475653
276.0 70.0 16.0 28.0
obstacle
0.0392696820199
201.0 70.0 100.0 35.0
obstacle
0.0391149297357
271.0 67.0 107.0 39.0
obstacle
0.0382082983851
158.0 123.0 113.0 46.0
obstacle
0.0379679016769
29.0 203.0 59.0 25.0
obstacle
0.0378270298243
274.0 84.0 30.0 68.0
obstacle
0.0377733036876
264.0 222.0 53.0 111.0
obstacle
0.037182521075
314.0 106.0 27.0 22.0
obstacle
0.0367189161479
66.0 257.0 138.0 46.0
obstacle
0.0367083027959
156.0 201.0 36.0 22.0
obstacle
0.0363142937422
69.0 287.0 131.0 50.0
obstacle
0.036136072129
157.0 95.0 189.0 106.0
obstacle
0.0357886105776
72.0 219.0 131.0 53.0
obstacle
0.0355050079525
0.0 230.0 292.0 166.0
obstacle
0.0354539528489
137.0 24.0 224.0 124.0
obstacle
0.0353986211121
193.0 128.0 117.0 38.0
obstacle
0.0351958833635
196.0 137.0 34.0 21.0
obstacle
0.0349250026047
257.0 255.0 143.0 49.0
obstacle
0.0346495844424
108.0 77.0 50.0 21.0
obstacle
0.0345782712102
282.0 98.0 83.0 37.0
obstacle
0.0345593057573
91.0 232.0 167.0 87.0
obstacle
0.0344145074487
239.0 96.0 103.0 35.0
obstacle
0.0342650264502
352.0 136.0 21.0 20.0
obstacle
0.0342016853392
233.0 45.0 36.0 82.0
obstacle
0.0340022705495
150.0 75.0 44.0 19.0
obstacle
0.0339005663991
346.0 97.0 109.0 36.0
obstacle
0.033386234194
110.0 133.0 45.0 24.0
obstacle
0.033287320286
221.0 352.0 136.0 53.0
obstacle
0.0328209511936
126.0 100.0 15.0 29.0
obstacle
0.0327430516481
150.0 134.0 45.0 26.0
obstacle
0.0325840637088
4.0 257.0 108.0 49.0
obstacle
0.0324644930661
115.0 215.0 121.0 59.0
obstacle
0.0324143134058
112.0 253.0 126.0 51.0
obstacle
0.0324064902961
195.0 77.0 33.0 22.0
obstacle
0.032351963222
67.0 301.0 52.0 26.0
obstacle
0.0320572704077
254.0 361.0 67.0 36.0
obstacle
0.0318587720394
379.0 232.0 49.0 24.0
obstacle
0.0317730940878
235.0 78.0 34.0 20.0
obstacle
0.0306920036674
153.0 228.0 194.0 93.0
obstacle
0.0305994600058
455.0 134.0 45.0 26.0
obstacle
0.0304204672575
151.0 181.0 42.0 68.0
obstacle
0.0303790941834
34.0 299.0 50.0 27.0
obstacle
0.030313635245
304.0 42.0 44.0 90.0
obstacle
0.0301606468856
28.0 363.0 59.0 25.0
obstacle
0.0299596432596
29.0 290.0 131.0 48.0
obstacle
0.0298855155706
61.0 331.0 66.0 29.0
obstacle
0.0298578441143
352.0 205.0 25.0 19.0
obstacle
0.0294987838715
154.0 173.0 38.0 20.0
obstacle
0.0292058847845
458.0 104.0 42.0 23.0
obstacle
0.0291242040694
109.0 74.0 51.0 84.0
obstacle
0.0289295632392
233.0 77.0 37.0 82.0
obstacle
0.0287296343595
33.0 254.0 125.0 54.0
obstacle
0.0286542344838
261.0 285.0 56.0 123.0
obstacle
0.0284999106079
352.0 106.0 27.0 17.0
obstacle
0.0283874683082
297.0 259.0 60.0 108.0
obstacle
0.0283002108335
338.0 228.0 118.0 37.0
obstacle
0.0282663535327
417.0 104.0 50.0 23.0
obstacle
0.0282441619784
218.0 321.0 139.0 50.0
obstacle
0.0281569752842
260.0 293.0 133.0 43.0
obstacle
0.0281049143523
0.0 5.0 42.0 23.0
obstacle
0.027963405475
304.0 72.0 39.0 21.0
obstacle
0.0279629770666
262.0 262.0 52.0 35.0
obstacle
0.0278387777507
115.0 118.0 120.0 55.0
obstacle
0.0274728406221
102.0 141.0 227.0 86.0
obstacle
0.0271707940847
34.0 206.0 49.0 84.0
obstacle
0.0269597433507
0.0 149.0 198.0 191.0
obstacle
0.0269347764552
295.0 221.0 135.0 48.0
obstacle
0.026858786121
30.0 53.0 210.0 123.0
obstacle
0.0268084518611
386.0 139.0 37.0 20.0
obstacle
0.0267936773598
77.0 68.0 115.0 36.0
obstacle
0.0267790127546
143.0 4.0 59.0 26.0
obstacle
0.0267331078649
31.0 75.0 51.0 19.0
obstacle
0.0266129467636
3.0 223.0 114.0 52.0
obstacle
0.0265367534012
0.0 94.0 122.0 40.0
obstacle
0.0265023875982
32.0 265.0 52.0 32.0
obstacle
0.0264302194118
457.0 199.0 43.0 28.0
obstacle
0.0263439659029
190.0 265.0 45.0 27.0
obstacle
0.0263382419944
105.0 4.0 57.0 25.0
obstacle
0.0263039898127
417.0 168.0 52.0 28.0
obstacle
0.0261844415218
6.0 333.0 333.0 95.0
obstacle
0.0261757913977
33.0 292.0 48.0 109.0
obstacle
0.0261125564575
66.0 322.0 136.0 48.0
obstacle
0.0258654803038
453.0 2.0 47.0 28.0
obstacle
0.0258617307991
263.0 0.0 49.0 112.0
obstacle
0.025756912306
93.0 387.0 159.0 41.0
obstacle
0.0257498286664
242.0 170.0 26.0 17.0
obstacle
0.0255958177149
3.0 65.0 109.0 40.0
obstacle
0.0255747493356
108.0 180.0 52.0 73.0
obstacle
0.02527849935
73.0 135.0 46.0 22.0
obstacle
0.0252102650702
308.0 25.0 116.0 52.0
obstacle
0.0251986309886
151.0 198.0 45.0 96.0
obstacle
0.0251779798418
292.0 364.0 69.0 30.0
obstacle
0.02496830374
192.0 39.0 43.0 93.0
obstacle
0.0248710885644
280.0 125.0 220.0 180.0
obstacle
0.0248305480927
181.0 3.0 58.0 27.0
obstacle
0.0248287320137
144.0 264.0 58.0 30.0
obstacle
0.024773363024
459.0 267.0 41.0 26.0
obstacle
0.0247300080955
233.0 113.0 41.0 74.0
obstacle
0.0241494774818
0.0 134.0 39.0 25.0
obstacle
0.0241054017097
30.0 3.0 54.0 26.0
obstacle
0.0239324718714
342.0 76.0 41.0 18.0
obstacle
0.0239024423063
195.0 173.0 34.0 18.0
obstacle
0.0238058641553
224.0 1.0 51.0 105.0
obstacle
0.0237371437252
20.0 229.0 153.0 102.0
obstacle
0.0237016025931
145.0 297.0 54.0 30.0
obstacle
0.0236574299634
164.0 66.0 95.0 38.0
obstacle
0.0236389245838
220.0 4.0 57.0 26.0
obstacle
0.0235535278916
308.0 66.0 106.0 39.0
obstacle
0.023498699069
456.0 168.0 44.0 25.0
obstacle
0.023415543139
232.0 217.0 40.0 119.0
obstacle
0.0233941711485
260.0 330.0 56.0 31.0
obstacle
0.0233856048435
379.0 60.0 121.0 47.0
obstacle
0.0233780350536
141.0 361.0 63.0 34.0
obstacle
0.0233139544725
186.0 0.0 51.0 109.0
obstacle
0.0232738927007
336.0 36.0 58.0 27.0
obstacle
0.0232344139367
457.0 233.0 43.0 94.0
obstacle
0.0231803115457
456.0 300.0 44.0 25.0
obstacle
0.0231579560786
69.0 172.0 49.0 87.0
obstacle
0.0231125522405
305.0 198.0 112.0 37.0
obstacle
0.0230525024235
296.0 331.0 63.0 30.0
obstacle
0.0229604057968
458.0 261.0 42.0 106.0
obstacle
0.0228695385158
112.0 36.0 47.0 98.0
obstacle
0.0228035654873
76.0 119.0 119.0 56.0
obstacle
0.022712059319
67.0 262.0 54.0 34.0
obstacle
0.0227114036679
108.0 260.0 53.0 106.0
obstacle
0.0226602032781
306.0 128.0 105.0 42.0
obstacle
0.0225729942322
76.0 97.0 200.0 104.0
obstacle
0.0224900133908
117.0 297.0 344.0 131.0
obstacle
0.0224205274135
13.0 292.0 95.0 43.0
obstacle
0.0223565902561
416.0 29.0 52.0 110.0
obstacle
0.0223074983805
336.0 5.0 55.0 23.0
obstacle
0.0222438499331
110.0 25.0 127.0 52.0
obstacle
0.0222399309278
110.0 263.0 49.0 30.0
obstacle
0.0222048684955
209.0 146.0 164.0 74.0
obstacle
0.0221866369247
112.0 197.0 45.0 99.0
obstacle
0.0221296288073
145.0 397.0 58.0 31.0
obstacle
0.0221008248627
20.0 0.0 305.0 135.0
obstacle
0.022084094584
61.0 197.0 151.0 92.0
obstacle
0.0219983272254
37.0 258.0 196.0 106.0
obstacle
0.0218086522073
273.0 0.0 110.0 45.0
obstacle
0.0217641424388
110.0 355.0 50.0 73.0
obstacle
0.0217464640737
455.0 72.0 45.0 23.0
obstacle
0.0217091925442
454.0 38.0 46.0 24.0
obstacle
0.0216876156628
0.0 37.0 42.0 25.0
obstacle
0.021539459005
309.0 0.0 116.0 43.0
obstacle
0.0215206127614
1.0 0.0 116.0 41.0
obstacle
0.0215160027146
102.0 332.0 65.0 28.0
obstacle
0.0215140450746
420.0 135.0 45.0 22.0
obstacle
0.0215083435178
198.0 204.0 25.0 18.0
obstacle
0.0214251000434
345.0 65.0 112.0 39.0
obstacle
0.0214151851833
193.0 191.0 37.0 109.0
obstacle
0.0213205441833
80.0 0.0 112.0 43.0
obstacle
0.0213048383594
112.0 226.0 46.0 109.0
obstacle
0.0212740749121
155.0 0.0 341.0 171.0
obstacle
0.0212689228356
0.0 73.0 40.0 22.0
obstacle
0.0212686788291
36.0 234.0 42.0 94.0
obstacle
0.0212370082736
6.0 26.0 106.0 49.0
obstacle
0.0212328508496
141.0 331.0 62.0 31.0
obstacle
0.0211410336196
34.0 134.0 47.0 25.0
obstacle
0.0211370848119
176.0 360.0 69.0 35.0
obstacle
0.0211237762123
136.0 60.0 364.0 183.0
obstacle
0.0210961494595
70.0 260.0 51.0 107.0
obstacle
0.0209943521768
235.0 180.0 30.0 66.0
obstacle
0.0209572333843
41.0 67.0 109.0 39.0
obstacle
0.020940054208
42.0 120.0 108.0 53.0
obstacle
0.0209300927818
296.0 297.0 60.0 30.0
obstacle
0.0209188908339
382.0 93.0 115.0 44.0
obstacle
0.0209134873003
298.0 4.0 54.0 25.0
obstacle
0.0209031701088
457.0 100.0 43.0 97.0
obstacle
0.0208841133863
154.0 230.0 38.0 25.0
obstacle
0.0208611004055
188.0 178.0 42.0 72.0
obstacle
0.0208444688469
418.0 258.0 82.0 43.0
obstacle
0.0208392813802
103.0 360.0 60.0 35.0
obstacle
0.0207578595728
420.0 236.0 43.0 87.0
obstacle
0.0207349620759
185.0 39.0 51.0 23.0
obstacle
0.0207183882594
146.0 38.0 54.0 24.0
obstacle
0.020670549944
219.0 366.0 60.0 29.0
obstacle
0.0206698160619
152.0 98.0 46.0 105.0
obstacle
0.020625082776
416.0 127.0 52.0 106.0
obstacle
0.0204775910825
19.0 288.0 155.0 115.0
obstacle
0.0204605720937
34.0 37.0 48.0 26.0
obstacle
0.0204516015947
413.0 4.0 58.0 26.0
obstacle
0.0204257350415
385.0 0.0 115.0 46.0
obstacle
0.0203982684761
36.0 262.0 42.0 104.0
obstacle
0.0203916821629
70.0 168.0 49.0 27.0
obstacle
0.0202643107623
37.0 167.0 44.0 98.0
obstacle
0.0202607754618
64.0 4.0 61.0 25.0
obstacle
0.0202352982014
123.0 289.0 20.0 45.0
obstacle
0.0201863385737
332.0 251.0 140.0 56.0
obstacle
0.0201293826103
146.0 0.0 53.0 106.0
obstacle
0.0201131105423
311.0 182.0 28.0 64.0
obstacle
0.0200384706259
259.0 5.0 54.0 24.0
obstacle
0.0200075358152
164.0 101.0 15.0 27.0
obstacle
0.0199440401047
230.0 266.0 40.0 24.0
obstacle
0.0199143476784
110.0 292.0 125.0 42.0
obstacle
0.0198906939477
118.0 0.0 112.0 43.0
obstacle
0.0198833942413
298.0 263.0 59.0 32.0
obstacle
0.0197901781648
411.0 331.0 61.0 29.0
obstacle
0.0197874605656
333.0 364.0 62.0 29.0
obstacle
0.0197503175586
382.0 206.0 44.0 85.0
obstacle
0.0197233967483
0.0 2.0 44.0 101.0
obstacle
0.0197151303291
351.0 169.0 21.0 20.0
obstacle
0.019667474553
28.0 232.0 62.0 28.0
obstacle
0.0196569096297
192.0 141.0 39.0 81.0
obstacle
0.0196414142847
386.0 154.0 109.0 54.0
obstacle
0.0196050815284
108.0 162.0 135.0 41.0
obstacle
0.0196013543755
374.0 4.0 56.0 24.0
obstacle
0.0195705872029
306.0 0.0 194.0 107.0
obstacle
0.0195342916995
146.0 327.0 53.0 101.0
obstacle
0.0195342544466
376.0 71.0 52.0 22.0
obstacle
0.0194803681225
107.0 0.0 284.0 105.0
obstacle
0.0194170661271
187.0 323.0 50.0 105.0
obstacle
0.0193795170635
309.0 99.0 102.0 38.0
obstacle
0.0193031169474
194.0 257.0 114.0 42.0
obstacle
0.0191069263965
193.0 25.0 111.0 51.0
obstacle
0.0190288256854
293.0 32.0 207.0 168.0
obstacle
0.0190048608929
260.0 295.0 55.0 35.0
obstacle
0.0189788490534
383.0 125.0 112.0 47.0
obstacle
0.018972793594
195.0 0.0 110.0 43.0
obstacle
0.0189623106271
183.0 65.0 210.0 102.0
obstacle
0.0189599357545
305.0 327.0 46.0 101.0
obstacle
0.0189228076488
309.0 231.0 34.0 26.0
obstacle
0.018905447796
103.0 396.0 62.0 32.0
obstacle
0.0188958719373
473.0 128.0 18.0 41.0
obstacle
0.01882436499
0.0 169.0 40.0 26.0
obstacle
0.018817320466
222.0 400.0 57.0 28.0
obstacle
0.0188120324165
268.0 197.0 41.0 97.0
obstacle
0.0187338236719
373.0 329.0 65.0 31.0
obstacle
0.0186977274716
372.0 298.0 62.0 28.0
obstacle
0.0185896102339
338.0 142.0 42.0 79.0
obstacle
0.0185434557498
152.0 230.0 46.0 99.0
obstacle
0.018472392112
68.0 78.0 54.0 17.0
obstacle
0.0184279754758
415.0 267.0 49.0 25.0
obstacle
0.0183744374663
182.0 396.0 59.0 31.0
obstacle
0.0183283593506
338.0 194.0 54.0 103.0
obstacle
0.0182683207095
144.0 349.0 137.0 58.0
obstacle
0.0182116106153
279.0 170.0 20.0 21.0
obstacle
0.0181538276374
412.0 0.0 61.0 69.0
obstacle
0.0181317329407
381.0 103.0 40.0 92.0
obstacle
0.0180912651122
67.0 38.0 55.0 25.0
obstacle
0.0180027764291
345.0 72.0 36.0 93.0
obstacle
0.0179834142327
229.0 30.0 118.0 45.0
obstacle
0.0179799813777
342.0 293.0 120.0 42.0
obstacle
0.0179766230285
302.0 225.0 51.0 106.0
obstacle
0.0179394818842
67.0 398.0 59.0 30.0
