obstacle
0.743861079216
99.0 159.0 386.0 121.0
obstacle
0.564484417439
30.0 118.0 135.0 36.0
obstacle
0.362039387226
41.0 104.0 115.0 38.0
obstacle
0.269566237926
458.0 192.0 42.0 20.0
obstacle
0.2528629601
76.0 112.0 98.0 24.0
obstacle
0.233794957399
435.0 189.0 65.0 29.0
obstacle
0.209936067462
462.0 179.0 38.0 17.0
obstacle
0.164079487324
72.0 143.0 283.0 117.0
obstacle
0.163900494576
459.0 179.0 41.0 48.0
obstacle
0.143024146557
443.0 173.0 57.0 24.0
obstacle
0.138989180326
72.0 128.0 46.0 18.0
obstacle
0.12860865891
23.0 147.0 147.0 25.0
obstacle
0.124356508255
66.0 97.0 128.0 52.0
obstacle
0.122912421823
425.0 177.0 38.0 17.0
obstacle
0.11733802408
426.0 194.0 41.0 16.0
obstacle
0.11323852092
38.0 130.0 48.0 18.0
obstacle
0.111989885569
104.0 129.0 58.0 15.0
obstacle
0.10758779943
77.0 113.0 43.0 15.0
obstacle
0.0961731001735
144.0 136.0 288.0 96.0
obstacle
0.0949161797762
405.0 168.0 95.0 70.0
obstacle
0.0943699255586
393.0 171.0 107.0 25.0
obstacle
0.0876422002912
0.0 109.0 151.0 59.0
obstacle
0.0875455886126
461.0 158.0 39.0 53.0
obstacle
0.0845207646489
161.0 147.0 97.0 31.0
obstacle
0.0844525918365
74.0 145.0 117.0 31.0
obstacle
0.0825617462397
26.0 127.0 141.0 63.0
obstacle
0.0779520943761
0.0 87.0 253.0 70.0
obstacle
0.0770518928766
126.0 145.0 94.0 36.0
obstacle
0.0757173001766
416.0 215.0 55.0 20.0
obstacle
0.0742423385382
475.0 190.0 16.0 26.0
obstacle
0.0728821307421
383.0 155.0 33.0 15.0
obstacle
0.0689249113202
71.0 117.0 49.0 43.0
obstacle
0.0670139491558
14.0 108.0 102.0 27.0
obstacle
0.0666164010763
310.0 189.0 28.0 74.0
obstacle
0.0663114786148
109.0 116.0 43.0 13.0
obstacle
0.0661724284291
273.0 189.0 26.0 72.0
obstacle
0.0661507472396
307.0 150.0 114.0 25.0
obstacle
0.0656092688441
119.0 168.0 111.0 32.0
obstacle
0.0644909590483
65.0 148.0 61.0 23.0
obstacle
0.0626248717308
198.0 147.0 101.0 33.0
obstacle
0.0612406805158
347.0 153.0 42.0 16.0
obstacle
0.0601163692772
457.0 214.0 43.0 19.0
obstacle
0.059939224273
233.0 259.0 189.0 21.0
obstacle
0.0597662031651
189.0 153.0 42.0 17.0
obstacle
0.0592162124813
197.0 139.0 31.0 49.0
obstacle
0.0589273571968
0.0 110.0 215.0 98.0
obstacle
0.0583335794508
0.0 173.0 43.0 20.0
obstacle
0.0581117123365
6.0 145.0 109.0 33.0
obstacle
0.0574639849365
384.0 144.0 116.0 78.0
obstacle
0.0572218820453
194.0 152.0 35.0 63.0
obstacle
0.0563332922757
229.0 149.0 41.0 67.0
obstacle
0.0548046380281
279.0 149.0 95.0 30.0
obstacle
0.0531839393079
237.0 148.0 99.0 32.0
obstacle
0.0515939742327
0.0 151.0 40.0 66.0
obstacle
0.0513822883368
71.0 95.0 47.0 50.0
obstacle
0.050017811358
154.0 146.0 40.0 74.0
obstacle
0.0498917326331
31.0 149.0 54.0 23.0
obstacle
0.0492581538856
266.0 148.0 40.0 72.0
obstacle
0.0484351627529
417.0 237.0 55.0 20.0
obstacle
0.0483453124762
419.0 186.0 48.0 80.0
obstacle
0.0482199750841
156.0 136.0 39.0 52.0
obstacle
0.0473775453866
377.0 211.0 123.0 28.0
obstacle
0.0471710674465
114.0 119.0 39.0 40.0
obstacle
0.0466140247881
47.0 113.0 28.0 15.0
obstacle
0.0458701439202
100.0 150.0 63.0 20.0
obstacle
0.0456572547555
475.0 171.0 18.0 25.0
obstacle
0.0450922995806
146.0 175.0 54.0 15.0
obstacle
0.0450637191534
237.0 170.0 28.0 67.0
obstacle
0.044950183481
115.0 212.0 120.0 25.0
obstacle
0.0443846993148
153.0 151.0 45.0 18.0
obstacle
0.043943028897
39.0 166.0 114.0 33.0
obstacle
0.0434760563076
79.0 94.0 35.0 14.0
obstacle
0.04325735569
130.0 151.0 167.0 64.0
obstacle
0.0432454869151
458.0 155.0 42.0 17.0
obstacle
0.0429917760193
83.0 84.0 101.0 29.0
obstacle
0.042753200978
104.0 128.0 137.0 68.0
obstacle
0.0426015593112
233.0 133.0 37.0 61.0
obstacle
0.0425768047571
74.0 167.0 124.0 29.0
obstacle
0.0425132811069
358.0 153.0 86.0 20.0
obstacle
0.0425102449954
32.0 173.0 51.0 19.0
obstacle
0.0423333235085
349.0 194.0 32.0 65.0
obstacle
0.0422404520214
0.0 112.0 36.0 15.0
obstacle
0.0421975329518
388.0 174.0 32.0 15.0
obstacle
0.0421071611345
61.0 101.0 299.0 124.0
obstacle
0.041972130537
241.0 172.0 162.0 70.0
obstacle
0.0418515652418
384.0 153.0 46.0 58.0
obstacle
0.0417988710105
306.0 170.0 39.0 69.0
obstacle
0.0412359237671
159.0 212.0 337.0 68.0
obstacle
0.0412193648517
309.0 222.0 33.0 52.0
obstacle
0.040585950017
277.0 217.0 24.0 58.0
obstacle
0.0405403524637
195.0 195.0 182.0 69.0
obstacle
0.0405051596463
150.0 215.0 44.0 18.0
obstacle
0.0403904393315
252.0 152.0 248.0 105.0
obstacle
0.0399690680206
195.0 170.0 109.0 30.0
obstacle
0.0396464765072
35.0 132.0 45.0 57.0
obstacle
0.0395714119077
41.0 115.0 41.0 49.0
obstacle
0.0394043587148
346.0 180.0 154.0 89.0
obstacle
0.0393746905029
71.0 126.0 51.0 68.0
obstacle
0.0393142104149
190.0 174.0 42.0 61.0
obstacle
0.0388378500938
0.0 168.0 74.0 32.0
obstacle
0.0386853031814
199.0 123.0 180.0 82.0
obstacle
0.0384951382875
0.0 153.0 44.0 18.0
obstacle
0.0383583977818
409.0 109.0 62.0 19.0
obstacle
0.0382102206349
123.0 194.0 105.0 25.0
obstacle
0.0381910614669
457.0 193.0 43.0 62.0
obstacle
0.0381451770663
270.0 128.0 41.0 70.0
obstacle
0.0380942337215
346.0 169.0 40.0 71.0
obstacle
0.0373070761561
186.0 89.0 51.0 16.0
obstacle
0.0371870398521
110.0 92.0 48.0 14.0
obstacle
0.0365210846066
225.0 152.0 47.0 18.0
obstacle
0.0364633090794
145.0 65.0 53.0 68.0
obstacle
0.0363087356091
112.0 100.0 42.0 43.0
obstacle
0.0363050028682
0.0 192.0 37.0 70.0
obstacle
0.0362737029791
254.0 236.0 146.0 44.0
obstacle
0.0360538698733
0.0 147.0 68.0 28.0
obstacle
0.0360316038132
366.0 171.0 80.0 20.0
obstacle
0.0355812497437
238.0 237.0 109.0 21.0
obstacle
0.0347436666489
15.0 69.0 310.0 105.0
obstacle
0.0345545448363
447.0 238.0 53.0 19.0
obstacle
0.0344557203352
234.0 147.0 182.0 75.0
obstacle
0.0344364978373
266.0 153.0 45.0 17.0
obstacle
0.0339388549328
0.0 129.0 43.0 67.0
obstacle
0.033889234066
385.0 102.0 114.0 35.0
obstacle
0.0336751565337
412.0 89.0 60.0 20.0
obstacle
0.0334053225815
224.0 235.0 53.0 20.0
obstacle
0.0332337021828
36.0 89.0 42.0 17.0
obstacle
0.0331259779632
112.0 126.0 46.0 70.0
obstacle
0.0329529196024
267.0 168.0 113.0 33.0
obstacle
0.0329308286309
420.0 178.0 51.0 52.0
obstacle
0.0329126678407
57.0 63.0 152.0 73.0
obstacle
0.0327621847391
427.0 153.0 35.0 18.0
obstacle
0.0327459610999
237.0 218.0 28.0 54.0
obstacle
0.0327388495207
0.0 88.0 41.0 18.0
obstacle
0.0326953716576
297.0 260.0 62.0 20.0
obstacle
0.0325705111027
151.0 83.0 117.0 29.0
obstacle
0.0325110852718
34.0 184.0 50.0 85.0
obstacle
0.0324309207499
190.0 197.0 40.0 15.0
obstacle
0.0323696471751
119.0 142.0 32.0 82.0
obstacle
0.0323142893612
74.0 76.0 42.0 48.0
obstacle
0.0321800671518
106.0 109.0 117.0 24.0
obstacle
0.032044749707
231.0 170.0 108.0 29.0
obstacle
0.0319341383874
387.0 147.0 112.0 32.0
obstacle
0.0318661034107
0.0 217.0 40.0 18.0
obstacle
0.0318323969841
452.0 66.0 48.0 18.0
obstacle
0.0317059345543
0.0 3.0 42.0 17.0
obstacle
0.0316317044199
305.0 154.0 45.0 15.0
obstacle
0.0315599925816
107.0 64.0 55.0 69.0
obstacle
0.0315174683928
30.0 1.0 54.0 19.0
obstacle
0.0314729809761
150.0 89.0 45.0 17.0
obstacle
0.0313727855682
117.0 217.0 40.0 17.0
obstacle
0.0312067493796
342.0 218.0 39.0 60.0
obstacle
0.0311497226357
88.0 193.0 98.0 25.0
obstacle
0.0310270320624
388.0 197.0 31.0 58.0
obstacle
0.0308499094099
0.0 214.0 75.0 24.0
obstacle
0.0306636635214
155.0 190.0 117.0 30.0
obstacle
0.0302329417318
379.0 234.0 121.0 28.0
obstacle
0.0301945470273
190.0 82.0 119.0 29.0
obstacle
0.0299975331873
73.0 211.0 129.0 29.0
obstacle
0.0299598034471
307.0 170.0 112.0 27.0
obstacle
0.0298060663044
105.0 173.0 56.0 18.0
obstacle
0.0296367555857
291.0 124.0 149.0 76.0
obstacle
0.0296320021152
86.0 110.0 16.0 19.0
obstacle
0.0296302754432
154.0 178.0 38.0 55.0
obstacle
0.0296133048832
54.0 86.0 84.0 24.0
obstacle
0.0291670989245
155.0 105.0 108.0 27.0
obstacle
0.0291567798704
186.0 66.0 52.0 66.0
obstacle
0.0291555598378
186.0 230.0 139.0 32.0
obstacle
0.0291458573192
147.0 198.0 53.0 15.0
obstacle
0.0291203167289
36.0 196.0 358.0 84.0
obstacle
0.0289253294468
230.0 82.0 115.0 30.0
obstacle
0.0288020856678
225.0 88.0 52.0 18.0
obstacle
0.0287022907287
190.0 109.0 39.0 63.0
obstacle
0.0286578312516
236.0 194.0 25.0 63.0
obstacle
0.028497537598
54.0 147.0 168.0 69.0
obstacle
0.0284566562623
455.0 132.0 45.0 18.0
obstacle
0.0284169688821
221.0 110.0 55.0 17.0
obstacle
0.0283285975456
385.0 198.0 37.0 13.0
obstacle
0.0283158328384
38.0 92.0 43.0 56.0
obstacle
0.0282749403268
380.0 140.0 46.0 48.0
obstacle
0.0282044429332
0.0 133.0 38.0 14.0
obstacle
0.0282005835325
191.0 104.0 118.0 29.0
obstacle
0.0278766620904
341.0 138.0 49.0 49.0
obstacle
0.0276821739972
137.0 179.0 148.0 54.0
obstacle
0.0276805050671
423.0 153.0 41.0 60.0
obstacle
0.0276154652238
31.0 0.0 54.0 68.0
obstacle
0.0274791643023
117.0 83.0 107.0 30.0
obstacle
0.0274661425501
6.0 169.0 15.0 27.0
obstacle
0.0274570453912
420.0 232.0 48.0 48.0
obstacle
0.0274156406522
34.0 67.0 46.0 17.0
obstacle
0.0269737634808
82.0 60.0 105.0 33.0
obstacle
0.0269243679941
9.0 61.0 99.0 31.0
obstacle
0.0268910825253
71.0 190.0 49.0 71.0
obstacle
0.026860287413
452.0 110.0 48.0 18.0
obstacle
0.0267253499478
425.0 57.0 75.0 37.0
obstacle
0.0266199503094
386.0 81.0 114.0 34.0
obstacle
0.0266103167087
189.0 112.0 45.0 14.0
obstacle
0.0265967287123
457.0 47.0 43.0 14.0
obstacle
0.0263687055558
193.0 114.0 307.0 101.0
obstacle
0.0261707343161
268.0 217.0 32.0 17.0
obstacle
0.0261425618082
310.0 175.0 35.0 14.0
obstacle
0.0260123535991
155.0 115.0 35.0 50.0
obstacle
0.02598047629
379.0 109.0 51.0 19.0
obstacle
0.0259298533201
281.0 38.0 219.0 118.0
obstacle
0.0257469583303
307.0 130.0 44.0 67.0
obstacle
0.0257024038583
230.0 195.0 36.0 17.0
obstacle
0.0256545487791
0.0 133.0 278.0 101.0
obstacle
0.0254102386534
0.0 0.0 222.0 95.0
obstacle
0.0253733117133
362.0 188.0 87.0 30.0
obstacle
0.0252854023129
382.0 220.0 40.0 12.0
obstacle
0.025196319446
450.0 259.0 50.0 21.0
obstacle
0.0250186808407
109.0 67.0 47.0 17.0
obstacle
0.0249564852566
455.0 211.0 45.0 69.0
obstacle
0.0248579792678
451.0 89.0 49.0 17.0
obstacle
0.0247198361903
112.0 209.0 47.0 71.0
obstacle
0.0246229786426
384.0 172.0 42.0 63.0
obstacle
0.0245312545449
278.0 146.0 17.0 32.0
obstacle
0.024514073506
458.0 37.0 42.0 78.0
obstacle
0.0244989935309
35.0 212.0 121.0 28.0
obstacle
0.0244911331683
230.0 101.0 116.0 34.0
obstacle
0.0244578458369
379.0 3.0 47.0 16.0
obstacle
0.0244305413216
0.0 123.0 75.0 32.0
obstacle
0.0244199726731
423.0 131.0 40.0 61.0
obstacle
0.024415532127
458.0 135.0 42.0 58.0
obstacle
0.0243639033288
113.0 197.0 45.0 16.0
obstacle
0.0243520773947
369.0 256.0 131.0 24.0
obstacle
0.0243240520358
184.0 42.0 56.0 69.0
obstacle
0.0241386909038
353.0 0.0 104.0 27.0
obstacle
0.0240654498339
153.0 217.0 199.0 58.0
obstacle
0.0240397714078
461.0 200.0 38.0 9.0
obstacle
0.0239557810128
110.0 1.0 50.0 19.0
obstacle
0.0239337310195
110.0 13.0 126.0 40.0
obstacle
0.0239105001092
418.0 120.0 82.0 40.0
obstacle
0.023867379874
202.0 152.0 14.0 18.0
obstacle
0.0237421598285
226.0 12.0 125.0 41.0
obstacle
0.0237385742366
0.0 14.0 118.0 38.0
obstacle
0.0237051341683
101.0 44.0 66.0 19.0
obstacle
0.0236586425453
0.0 62.0 44.0 73.0
obstacle
0.023504620418
346.0 197.0 38.0 13.0
obstacle
0.0234841499478
0.0 193.0 121.0 24.0
obstacle
0.023452071473
409.0 86.0 66.0 67.0
obstacle
0.0234140455723
471.0 63.0 22.0 25.0
obstacle
0.0234140362591
168.0 170.0 161.0 75.0
obstacle
0.0234074983746
187.0 174.0 46.0 16.0
obstacle
0.0233402717859
1.0 0.0 116.0 28.0
obstacle
0.0233308374882
41.0 13.0 108.0 38.0
obstacle
0.0232640895993
110.0 128.0 109.0 24.0
obstacle
0.0232377797365
122.0 58.0 101.0 37.0
obstacle
0.0230703465641
200.0 85.0 23.0 25.0
obstacle
0.0229872204363
308.0 196.0 34.0 16.0
obstacle
0.0229548625648
414.0 64.0 56.0 67.0
obstacle
0.0229228250682
343.0 80.0 121.0 35.0
obstacle
0.022875584662
432.0 174.0 15.0 19.0
obstacle
0.022838531062
351.0 103.0 106.0 33.0
obstacle
0.0227766409516
342.0 146.0 51.0 75.0
obstacle
0.0227477177978
460.0 106.0 40.0 70.0
obstacle
0.0227442029864
48.0 130.0 18.0 18.0
obstacle
0.0227201990783
33.0 64.0 52.0 70.0
obstacle
0.022665578872
232.0 216.0 33.0 17.0
obstacle
0.0226579662412
157.0 57.0 110.0 38.0
obstacle
0.0225982032716
298.0 2.0 56.0 17.0
obstacle
0.0225941538811
55.0 11.0 312.0 128.0
obstacle
0.0225843377411
0.0 138.0 103.0 88.0
obstacle
0.0225683152676
411.0 3.0 58.0 17.0
obstacle
0.022475251928
195.0 58.0 110.0 36.0
obstacle
0.0224510449916
115.0 0.0 347.0 87.0
obstacle
0.0224304590374
225.0 130.0 49.0 20.0
obstacle
0.0224130824208
193.0 132.0 39.0 18.0
obstacle
0.022402105853
29.0 41.0 54.0 72.0
obstacle
0.0223948787898
0.0 197.0 223.0 83.0
obstacle
0.0223684702069
69.0 171.0 53.0 20.0
obstacle
0.0223601590842
261.0 110.0 54.0 16.0
obstacle
0.0223165750504
431.0 234.0 23.0 27.0
obstacle
0.0222967918962
266.0 259.0 52.0 20.0
obstacle
0.0222959928215
30.0 22.0 56.0 19.0
obstacle
0.0222720727324
0.0 1.0 45.0 66.0
obstacle
0.0222182124853
190.0 216.0 39.0 17.0
obstacle
0.0221954900771
152.0 211.0 45.0 69.0
obstacle
0.0221657454967
231.0 192.0 115.0 30.0
obstacle
0.022010140121
416.0 44.0 53.0 19.0
obstacle
0.0219282861799
384.0 38.0 116.0 32.0
obstacle
0.0218710415065
72.0 259.0 49.0 21.0
obstacle
0.0218322873116
230.0 59.0 118.0 33.0
obstacle
0.0218025408685
146.0 0.0 55.0 68.0
obstacle
0.021798633039
150.0 97.0 42.0 48.0
obstacle
0.0217842310667
227.0 174.0 47.0 17.0
obstacle
0.0217764601111
223.0 46.0 52.0 16.0
obstacle
0.0217361599207
375.0 66.0 57.0 19.0
obstacle
0.0216778945178
273.0 235.0 37.0 45.0
obstacle
0.0216701067984
271.0 195.0 32.0 16.0
obstacle
0.0216693580151
73.0 235.0 46.0 45.0
obstacle
0.0216524694115
0.0 106.0 68.0 25.0
obstacle
0.0216270051897
27.0 197.0 56.0 17.0
obstacle
0.0215965677053
271.0 191.0 110.0 30.0
obstacle
0.0215739123523
143.0 22.0 59.0 21.0
obstacle
0.0214677490294
149.0 113.0 39.0 13.0
obstacle
0.0214531347156
464.0 178.0 32.0 11.0
obstacle
0.0213645137846
225.0 104.0 54.0 75.0
obstacle
0.0213378798217
72.0 218.0 48.0 16.0
obstacle
0.0213113222271
312.0 189.0 105.0 34.0
obstacle
0.0212954804301
260.0 4.0 58.0 59.0
