obstacle
0.780627965927
176.0 205.0 143.0 31.0
obstacle
0.730658650398
352.0 202.0 99.0 33.0
obstacle
0.556944072247
0.0 152.0 133.0 72.0
obstacle
0.368146985769
32.0 175.0 108.0 33.0
obstacle
0.317306250334
339.0 212.0 62.0 19.0
obstacle
0.311858505011
365.0 211.0 77.0 19.0
obstacle
0.255388319492
331.0 194.0 146.0 47.0
obstacle
0.225658223033
257.0 215.0 58.0 15.0
obstacle
0.225253716111
177.0 213.0 72.0 18.0
obstacle
0.220272019506
0.0 173.0 88.0 35.0
obstacle
0.219248279929
382.0 199.0 103.0 36.0
obstacle
0.186652719975
36.0 143.0 42.0 52.0
obstacle
0.165691241622
214.0 214.0 72.0 17.0
obstacle
0.164707586169
273.0 204.0 103.0 30.0
obstacle
0.162815600634
142.0 198.0 150.0 44.0
obstacle
0.162573173642
25.0 156.0 126.0 33.0
obstacle
0.152482628822
407.0 211.0 57.0 15.0
obstacle
0.148262038827
269.0 188.0 201.0 64.0
obstacle
0.13003243506
30.0 161.0 51.0 53.0
obstacle
0.107902161777
29.0 128.0 122.0 81.0
obstacle
0.105022795498
73.0 140.0 42.0 60.0
obstacle
0.104466922581
69.0 183.0 52.0 15.0
obstacle
0.102992974222
187.0 185.0 193.0 66.0
obstacle
0.0958176031709
0.0 183.0 42.0 18.0
obstacle
0.0955378115177
369.0 229.0 67.0 20.0
obstacle
0.0923075899482
1.0 162.0 36.0 56.0
obstacle
0.088225401938
304.0 221.0 127.0 36.0
obstacle
0.0875262767076
0.0 135.0 37.0 69.0
obstacle
0.0816587731242
303.0 213.0 44.0 14.0
obstacle
0.0814311653376
160.0 213.0 39.0 14.0
obstacle
0.0805243849754
75.0 167.0 37.0 44.0
obstacle
0.0771245658398
341.0 230.0 53.0 18.0
obstacle
0.0767008811235
352.0 223.0 106.0 31.0
obstacle
0.0763331949711
0.0 115.0 209.0 108.0
obstacle
0.0699032619596
187.0 175.0 126.0 38.0
obstacle
0.0698850825429
0.0 153.0 80.0 37.0
obstacle
0.0694619417191
415.0 3.0 53.0 21.0
obstacle
0.0682412832975
32.0 176.0 53.0 27.0
obstacle
0.0678421929479
352.0 180.0 101.0 33.0
obstacle
0.0650166943669
221.0 230.0 56.0 18.0
obstacle
0.061991661787
406.0 231.0 67.0 19.0
obstacle
0.0590080171824
0.0 132.0 300.0 120.0
obstacle
0.0589640438557
119.0 202.0 126.0 30.0
obstacle
0.0588325411081
1.0 200.0 121.0 29.0
obstacle
0.0571741312742
108.0 123.0 358.0 142.0
obstacle
0.0559328012168
387.0 0.0 113.0 33.0
obstacle
0.0550108514726
193.0 220.0 114.0 35.0
obstacle
0.054728705436
263.0 230.0 48.0 17.0
obstacle
0.0528276786208
72.0 98.0 47.0 89.0
obstacle
0.0527703799307
416.0 184.0 47.0 21.0
obstacle
0.05238840729
162.0 179.0 106.0 30.0
obstacle
0.0521711446345
381.0 197.0 46.0 43.0
obstacle
0.0520823672414
459.0 210.0 41.0 17.0
obstacle
0.0518485978246
420.0 162.0 45.0 65.0
obstacle
0.0513216890395
56.0 179.0 318.0 81.0
obstacle
0.0502833947539
78.0 159.0 35.0 15.0
obstacle
0.0492754802108
304.0 231.0 43.0 16.0
obstacle
0.0492010004818
40.0 157.0 39.0 20.0
obstacle
0.0484359674156
42.0 106.0 33.0 73.0
obstacle
0.047654286027
386.0 177.0 106.0 37.0
obstacle
0.0472068935633
347.0 195.0 41.0 45.0
obstacle
0.0464042760432
73.0 225.0 123.0 35.0
obstacle
0.0456925407052
185.0 183.0 51.0 19.0
obstacle
0.0450533032417
108.0 234.0 49.0 18.0
obstacle
0.0449840649962
0.0 131.0 35.0 23.0
obstacle
0.0440110787749
377.0 184.0 54.0 22.0
obstacle
0.0432618372142
374.0 131.0 58.0 20.0
obstacle
0.0431020446122
71.0 134.0 46.0 18.0
obstacle
0.0427629575133
347.0 149.0 114.0 36.0
obstacle
0.0426623001695
419.0 196.0 39.0 45.0
obstacle
0.042388446629
263.0 185.0 51.0 17.0
obstacle
0.0413761474192
453.0 30.0 47.0 16.0
obstacle
0.0413578338921
232.0 160.0 39.0 66.0
obstacle
0.0413367338479
184.0 230.0 54.0 20.0
obstacle
0.0406348928809
379.0 5.0 48.0 17.0
obstacle
0.0405558273196
0.0 105.0 43.0 20.0
obstacle
0.0400617159903
378.0 158.0 52.0 17.0
obstacle
0.0400406718254
454.0 182.0 46.0 19.0
obstacle
0.0398106202483
338.0 30.0 51.0 17.0
obstacle
0.0396352931857
387.0 163.0 38.0 63.0
obstacle
0.0393512248993
456.0 233.0 44.0 19.0
obstacle
0.0393449440598
355.0 209.0 18.0 24.0
obstacle
0.0388506539166
396.0 207.0 14.0 23.0
obstacle
0.0387004837394
457.0 157.0 43.0 18.0
obstacle
0.0374102368951
116.0 132.0 36.0 19.0
obstacle
0.0372962169349
173.0 158.0 151.0 75.0
obstacle
0.0371526218951
317.0 146.0 170.0 99.0
obstacle
0.0369629263878
457.0 132.0 43.0 20.0
obstacle
0.0368695966899
226.0 158.0 46.0 18.0
obstacle
0.0364524163306
112.0 160.0 35.0 14.0
obstacle
0.0361694954336
414.0 132.0 54.0 20.0
obstacle
0.0359491743147
457.0 4.0 43.0 20.0
obstacle
0.0359173007309
349.0 125.0 107.0 33.0
obstacle
0.035345364362
317.0 178.0 102.0 33.0
obstacle
0.0352912843227
272.0 198.0 32.0 40.0
obstacle
0.0351242274046
26.0 204.0 61.0 21.0
obstacle
0.0348465964198
306.0 149.0 116.0 37.0
obstacle
0.0347645133734
233.0 179.0 107.0 29.0
obstacle
0.0347287170589
222.0 183.0 51.0 17.0
obstacle
0.0343863815069
50.0 179.0 15.0 25.0
obstacle
0.0343839712441
48.0 157.0 18.0 23.0
obstacle
0.0343731492758
2.0 157.0 33.0 20.0
obstacle
0.0343514978886
112.0 184.0 30.0 16.0
obstacle
0.0343450270593
33.0 75.0 49.0 83.0
obstacle
0.0340777337551
302.0 0.0 198.0 92.0
obstacle
0.0339748412371
421.0 157.0 41.0 18.0
obstacle
0.0333212986588
272.0 163.0 39.0 61.0
obstacle
0.0332306548953
382.0 125.0 118.0 33.0
obstacle
0.0331722013652
340.0 157.0 49.0 18.0
obstacle
0.0331015884876
459.0 181.0 41.0 75.0
obstacle
0.0329865217209
188.0 249.0 123.0 37.0
obstacle
0.0329145565629
106.0 99.0 55.0 87.0
obstacle
0.0325439423323
432.0 207.0 12.0 22.0
obstacle
0.0322165414691
229.0 195.0 39.0 45.0
obstacle
0.0320268981159
188.0 149.0 125.0 37.0
obstacle
0.0319713018835
43.0 99.0 337.0 137.0
obstacle
0.031322427094
457.0 154.0 43.0 76.0
obstacle
0.0312836878002
348.0 147.0 38.0 93.0
obstacle
0.0312642417848
387.0 147.0 109.0 40.0
obstacle
0.0309574473649
0.0 128.0 70.0 31.0
obstacle
0.0306665785611
264.0 157.0 48.0 18.0
obstacle
0.0305637642741
280.0 210.0 15.0 19.0
obstacle
0.0305616613477
153.0 157.0 39.0 18.0
obstacle
0.0305555481464
316.0 21.0 101.0 35.0
obstacle
0.0304382089525
117.0 170.0 28.0 45.0
obstacle
0.0303847361356
263.0 223.0 127.0 31.0
obstacle
0.030351202935
364.0 194.0 136.0 96.0
obstacle
0.0303259342909
346.0 0.0 118.0 34.0
obstacle
0.030278461054
0.0 147.0 179.0 134.0
obstacle
0.0302213430405
38.0 222.0 116.0 41.0
obstacle
0.0301222540438
13.0 150.0 319.0 183.0
obstacle
0.0301170367748
189.0 157.0 44.0 19.0
obstacle
0.0296532604843
46.0 128.0 96.0 31.0
obstacle
0.0296218730509
345.0 213.0 38.0 12.0
obstacle
0.0295800771564
167.0 169.0 319.0 150.0
obstacle
0.0295176617801
0.0 4.0 42.0 20.0
obstacle
0.0294427145272
414.0 55.0 54.0 18.0
obstacle
0.0292882621288
4.0 0.0 111.0 33.0
obstacle
0.0292046107352
276.0 20.0 105.0 38.0
obstacle
0.0291893966496
313.0 0.0 106.0 33.0
obstacle
0.0291598550975
459.0 258.0 41.0 22.0
obstacle
0.0290453583002
431.0 178.0 19.0 29.0
obstacle
0.0290104728192
0.0 29.0 45.0 20.0
obstacle
0.0289807636291
379.0 30.0 50.0 16.0
obstacle
0.0288718026131
75.0 95.0 117.0 43.0
obstacle
0.0287985987961
301.0 31.0 51.0 16.0
obstacle
0.028621956706
68.0 232.0 60.0 25.0
obstacle
0.0286194104701
148.0 133.0 46.0 18.0
obstacle
0.0285755880177
156.0 206.0 186.0 60.0
obstacle
0.0285698287189
334.0 131.0 60.0 21.0
obstacle
0.0285344719887
0.0 79.0 42.0 22.0
obstacle
0.0285321846604
417.0 124.0 49.0 85.0
obstacle
0.0283760260791
158.0 149.0 108.0 36.0
obstacle
0.0283648055047
78.0 177.0 92.0 33.0
obstacle
0.0283552985638
415.0 0.0 57.0 50.0
obstacle
0.0282997041941
0.0 175.0 144.0 75.0
obstacle
0.0281932391226
297.0 251.0 137.0 35.0
obstacle
0.0280274637043
302.0 158.0 48.0 17.0
obstacle
0.0280215255916
4.0 99.0 107.0 35.0
obstacle
0.0280020982027
413.0 31.0 56.0 16.0
obstacle
0.0279191005975
28.0 105.0 56.0 23.0
obstacle
0.027859525755
353.0 19.0 104.0 40.0
obstacle
0.027718057856
344.0 185.0 44.0 18.0
obstacle
0.0276592634618
380.0 123.0 47.0 89.0
obstacle
0.0276515875012
75.0 153.0 107.0 34.0
obstacle
0.0276267901063
393.0 151.0 19.0 30.0
obstacle
0.0275347977877
268.0 147.0 114.0 41.0
obstacle
0.0272500645369
121.0 175.0 101.0 34.0
obstacle
0.0271499827504
336.0 255.0 56.0 26.0
obstacle
0.0270641297102
454.0 80.0 46.0 20.0
obstacle
0.0270412899554
31.0 28.0 52.0 21.0
obstacle
0.0270080044866
30.0 3.0 54.0 21.0
obstacle
0.0269741676748
40.0 136.0 38.0 18.0
obstacle
0.0269557852298
308.0 124.0 113.0 35.0
obstacle
0.0268241390586
7.0 181.0 13.0 21.0
obstacle
0.0267964247614
109.0 96.0 126.0 40.0
obstacle
0.0267176292837
262.0 120.0 54.0 95.0
obstacle
0.02650719136
454.0 53.0 46.0 20.0
obstacle
0.0263905189931
307.0 185.0 39.0 16.0
obstacle
0.0261567365378
342.0 248.0 123.0 40.0
obstacle
0.0259933304042
387.0 48.0 113.0 36.0
obstacle
0.0258995946497
0.0 166.0 41.0 101.0
obstacle
0.0258291494101
79.0 127.0 105.0 32.0
obstacle
0.0258078090847
223.0 125.0 55.0 86.0
obstacle
0.0257849674672
374.0 257.0 59.0 23.0
obstacle
0.0256769321859
0.0 53.0 41.0 21.0
obstacle
0.0254983045161
345.0 211.0 42.0 62.0
obstacle
0.025469077751
108.0 4.0 51.0 19.0
obstacle
0.0253928732127
188.0 0.0 312.0 140.0
obstacle
0.0253874454647
454.0 106.0 46.0 20.0
obstacle
0.0253682453185
262.0 132.0 53.0 21.0
obstacle
0.0253025721759
300.0 132.0 52.0 20.0
obstacle
0.025127703324
394.0 181.0 19.0 25.0
obstacle
0.0250771697611
39.0 163.0 41.0 101.0
obstacle
0.0250522587448
182.0 255.0 58.0 26.0
obstacle
0.024943921715
68.0 3.0 54.0 20.0
obstacle
0.0248937569559
354.0 151.0 20.0 30.0
obstacle
0.0248832572252
0.0 206.0 44.0 20.0
obstacle
0.0247433725744
112.0 225.0 131.0 33.0
obstacle
0.0246869698167
455.0 310.0 45.0 23.0
obstacle
0.0246280282736
40.0 99.0 113.0 35.0
obstacle
0.0246023461223
307.0 154.0 44.0 79.0
obstacle
0.024551840499
222.0 255.0 55.0 26.0
obstacle
0.0245420131832
0.0 226.0 123.0 35.0
obstacle
0.0245310179889
375.0 54.0 54.0 20.0
obstacle
0.0245140530169
341.0 4.0 48.0 18.0
obstacle
0.0244716182351
299.0 96.0 133.0 41.0
obstacle
0.0244701504707
428.0 0.0 23.0 30.0
obstacle
0.0243097282946
0.0 75.0 43.0 83.0
obstacle
0.0242943167686
110.0 135.0 41.0 68.0
obstacle
0.0242329034954
160.0 124.0 180.0 88.0
obstacle
0.0242219995707
386.0 214.0 32.0 8.0
obstacle
0.0242156684399
114.0 0.0 120.0 34.0
obstacle
0.0240776948631
188.0 74.0 123.0 35.0
obstacle
0.0237403698266
192.0 160.0 37.0 65.0
obstacle
0.0237316321582
340.0 125.0 50.0 86.0
obstacle
0.0236477982253
77.0 72.0 117.0 37.0
obstacle
0.0235991794616
181.0 132.0 57.0 20.0
obstacle
0.0235247127712
155.0 233.0 39.0 17.0
obstacle
0.0234406981617
222.0 309.0 58.0 24.0
obstacle
0.0233482345939
71.0 74.0 52.0 85.0
obstacle
0.0233339127153
299.0 42.0 135.0 44.0
obstacle
0.0231754109263
222.0 225.0 55.0 87.0
obstacle
0.0231605190784
337.0 53.0 55.0 22.0
obstacle
0.0231391508132
420.0 212.0 43.0 64.0
obstacle
0.02309066616
459.0 128.0 41.0 78.0
obstacle
0.0229234844446
0.0 310.0 50.0 22.0
obstacle
0.0228768438101
297.0 256.0 59.0 24.0
obstacle
0.0228209681809
379.0 78.0 48.0 77.0
obstacle
0.022758776322
78.0 170.0 39.0 91.0
obstacle
0.0226377286017
105.0 104.0 56.0 24.0
obstacle
0.0226216763258
234.0 0.0 111.0 36.0
obstacle
0.0225881971419
147.0 3.0 51.0 19.0
obstacle
0.0225760750473
186.0 3.0 50.0 21.0
obstacle
0.0224915277213
473.0 153.0 18.0 28.0
obstacle
0.0224915128201
191.0 193.0 39.0 47.0
obstacle
0.0224608890712
284.0 89.0 216.0 158.0
obstacle
0.0224389247596
239.0 208.0 17.0 23.0
obstacle
0.0223948340863
141.0 79.0 61.0 22.0
obstacle
0.0223865546286
8.0 17.0 104.0 44.0
obstacle
0.0223558638245
2.0 132.0 111.0 22.0
obstacle
0.0223467797041
179.0 302.0 142.0 31.0
obstacle
0.0223218798637
432.0 152.0 19.0 29.0
obstacle
0.0222918018699
271.0 0.0 115.0 34.0
obstacle
0.0222159605473
154.0 182.0 38.0 22.0
obstacle
0.0221937522292
69.0 105.0 52.0 21.0
obstacle
0.022176804021
103.0 79.0 61.0 23.0
obstacle
0.0221503023058
189.0 127.0 47.0 81.0
obstacle
0.0219745952636
91.0 178.0 11.0 24.0
obstacle
0.021960997954
0.0 232.0 47.0 22.0
obstacle
0.0218401774764
105.0 31.0 57.0 17.0
obstacle
0.0218167621642
156.0 158.0 38.0 70.0
obstacle
0.0217864699662
299.0 76.0 52.0 82.0
obstacle
0.0217610318214
265.0 123.0 120.0 38.0
obstacle
0.0217381753027
394.0 22.0 97.0 34.0
obstacle
0.0217090919614
222.0 132.0 53.0 21.0
obstacle
0.021698942408
66.0 80.0 59.0 20.0
obstacle
0.0216377805918
220.0 97.0 136.0 39.0
obstacle
0.0216365214437
0.0 75.0 300.0 134.0
obstacle
0.0215613618493
299.0 101.0 57.0 82.0
obstacle
0.0214660950005
38.0 0.0 118.0 34.0
obstacle
0.0214529205114
412.0 108.0 59.0 18.0
obstacle
0.0214201044291
145.0 76.0 54.0 83.0
obstacle
0.021363036707
207.0 144.0 157.0 99.0
obstacle
0.0213515404612
432.0 250.0 68.0 37.0
obstacle
0.0213416460901
374.0 106.0 58.0 21.0
obstacle
0.0213182102889
415.0 225.0 85.0 35.0
obstacle
0.021201364696
459.0 206.0 41.0 76.0
obstacle
0.0211549885571
185.0 230.0 53.0 77.0
obstacle
0.0211514160037
472.0 178.0 16.0 29.0
obstacle
0.0210824944079
261.0 31.0 53.0 18.0
obstacle
0.0209228694439
68.0 29.0 54.0 19.0
obstacle
0.0207325909287
0.0 24.0 293.0 132.0
obstacle
0.0207227040082
226.0 46.0 125.0 39.0
obstacle
0.0206222347915
29.0 78.0 55.0 25.0
obstacle
0.0205628350377
145.0 30.0 55.0 18.0
obstacle
0.0204625353217
300.0 124.0 52.0 89.0
obstacle
0.0203894749284
474.0 206.0 15.0 25.0
obstacle
0.020388899371
220.0 30.0 58.0 18.0
obstacle
0.0203690715134
457.0 4.0 43.0 71.0
obstacle
0.0203408952802
156.0 121.0 109.0 41.0
obstacle
0.0203204136342
340.0 73.0 49.0 88.0
obstacle
0.0203078426421
238.0 151.0 21.0 32.0
obstacle
0.0202515795827
0.0 0.0 209.0 82.0
obstacle
0.0202047098428
0.0 256.0 47.0 24.0
obstacle
0.0200049821287
120.0 124.0 102.0 36.0
obstacle
0.0200034547597
191.0 0.0 119.0 35.0
obstacle
0.0199588444084
159.0 79.0 337.0 126.0
obstacle
0.0198852028698
223.0 72.0 129.0 39.0
obstacle
0.0198513027281
27.0 52.0 60.0 22.0
obstacle
0.0197973866016
235.0 19.0 109.0 40.0
obstacle
0.0197719093412
63.0 152.0 221.0 81.0
obstacle
0.0197428856045
144.0 105.0 54.0 22.0
obstacle
0.0197356212884
419.0 77.0 47.0 77.0
obstacle
0.0197024848312
381.0 0.0 48.0 50.0
obstacle
0.0196925997734
79.0 51.0 344.0 130.0
obstacle
0.0196404475719
270.0 209.0 40.0 65.0
obstacle
0.0196217354387
156.0 185.0 39.0 65.0
obstacle
0.0196050144732
181.0 79.0 60.0 22.0
obstacle
0.0195900220424
273.0 174.0 106.0 38.0
