obstacle
0.556531369686
42.0 172.0 191.0 80.0
obstacle
0.29873213172
382.0 136.0 44.0 13.0
obstacle
0.252570420504
0.0 150.0 293.0 99.0
obstacle
0.171736761928
0.0 153.0 162.0 77.0
obstacle
0.147744193673
117.0 176.0 178.0 73.0
obstacle
0.124163731933
37.0 199.0 127.0 34.0
obstacle
0.120022326708
0.0 156.0 46.0 18.0
obstacle
0.116491213441
77.0 159.0 31.0 17.0
obstacle
0.11413372308
184.0 106.0 45.0 20.0
obstacle
0.112858705223
52.0 192.0 170.0 44.0
obstacle
0.10838200897
413.0 133.0 52.0 18.0
obstacle
0.107000283897
0.0 172.0 76.0 42.0
obstacle
0.0987798944116
359.0 129.0 94.0 26.0
obstacle
0.0975589975715
0.0 150.0 72.0 32.0
obstacle
0.0972804352641
164.0 100.0 91.0 32.0
obstacle
0.0928122848272
390.0 127.0 96.0 31.0
obstacle
0.0875048190355
117.0 154.0 36.0 17.0
obstacle
0.0871137827635
114.0 137.0 43.0 16.0
obstacle
0.0867002159357
344.0 136.0 45.0 12.0
obstacle
0.0853329449892
155.0 180.0 100.0 33.0
obstacle
0.0829507112503
0.0 139.0 146.0 59.0
obstacle
0.0764597728848
154.0 195.0 106.0 40.0
obstacle
0.0742294713855
72.0 147.0 125.0 32.0
obstacle
0.0720884427428
380.0 155.0 48.0 18.0
obstacle
0.0716592147946
14.0 171.0 316.0 135.0
obstacle
0.0710917189717
460.0 132.0 40.0 18.0
obstacle
0.0694949701428
50.0 149.0 91.0 32.0
obstacle
0.0678246542811
0.0 180.0 48.0 23.0
obstacle
0.067762888968
37.0 156.0 38.0 18.0
obstacle
0.0660397931933
347.0 92.0 153.0 98.0
obstacle
0.0639987364411
112.0 176.0 116.0 39.0
obstacle
0.0595222041011
397.0 133.0 11.0 18.0
obstacle
0.0571056976914
458.0 108.0 42.0 16.0
obstacle
0.0541475750506
151.0 108.0 47.0 17.0
obstacle
0.0534019805491
344.0 110.0 42.0 16.0
obstacle
0.0522016696632
153.0 123.0 112.0 36.0
obstacle
0.0519053190947
188.0 130.0 45.0 18.0
obstacle
0.0507039539516
122.0 102.0 106.0 30.0
obstacle
0.0505080632865
413.0 155.0 57.0 21.0
obstacle
0.0504432544112
201.0 101.0 17.0 30.0
obstacle
0.0503489971161
72.0 202.0 198.0 72.0
obstacle
0.0491696447134
123.0 127.0 95.0 31.0
obstacle
0.0489117577672
304.0 131.0 44.0 16.0
obstacle
0.0483968891203
154.0 160.0 33.0 15.0
obstacle
0.0477112159133
339.0 155.0 56.0 21.0
obstacle
0.047134257853
295.0 155.0 64.0 22.0
obstacle
0.0464299209416
155.0 182.0 40.0 69.0
obstacle
0.0462829321623
416.0 109.0 49.0 17.0
obstacle
0.0462389439344
49.0 134.0 169.0 69.0
obstacle
0.0459175594151
224.0 106.0 48.0 18.0
obstacle
0.0458421967924
78.0 158.0 339.0 118.0
obstacle
0.0452535487711
182.0 84.0 54.0 63.0
obstacle
0.0448553748429
78.0 137.0 38.0 14.0
obstacle
0.0448207147419
308.0 147.0 115.0 37.0
obstacle
0.0442782752216
409.0 52.0 68.0 26.0
obstacle
0.0433161444962
72.0 184.0 47.0 63.0
obstacle
0.0427222587168
379.0 147.0 121.0 37.0
obstacle
0.0414344109595
301.0 107.0 50.0 18.0
obstacle
0.0413886159658
0.0 154.0 45.0 77.0
obstacle
0.0410504601896
315.0 127.0 102.0 29.0
obstacle
0.0405566841364
155.0 167.0 37.0 52.0
obstacle
0.0402097254992
194.0 101.0 110.0 30.0
obstacle
0.039829313755
410.0 302.0 90.0 31.0
obstacle
0.0396924950182
0.0 134.0 39.0 16.0
obstacle
0.0394130721688
450.0 52.0 50.0 23.0
obstacle
0.0390566550195
81.0 128.0 104.0 30.0
obstacle
0.0385099761188
376.0 179.0 55.0 24.0
obstacle
0.037731770426
263.0 107.0 48.0 18.0
obstacle
0.0374044328928
44.0 129.0 106.0 29.0
obstacle
0.0367480926216
0.0 115.0 236.0 113.0
obstacle
0.0365438759327
112.0 182.0 49.0 66.0
obstacle
0.0364604815841
35.0 135.0 37.0 15.0
obstacle
0.0362846441567
118.0 228.0 112.0 31.0
obstacle
0.0362781137228
33.0 167.0 49.0 55.0
obstacle
0.0360354632139
149.0 133.0 41.0 15.0
obstacle
0.0359358489513
109.0 71.0 204.0 89.0
obstacle
0.0357206426561
272.0 145.0 110.0 42.0
obstacle
0.0356929451227
149.0 199.0 48.0 87.0
obstacle
0.0354609638453
456.0 157.0 44.0 19.0
obstacle
0.0352931842208
306.0 0.0 194.0 149.0
obstacle
0.0347311682999
203.0 177.0 82.0 36.0
obstacle
0.0346719510853
414.0 20.0 58.0 89.0
obstacle
0.034312389791
187.0 170.0 47.0 51.0
obstacle
0.034114908427
449.0 308.0 51.0 25.0
obstacle
0.0340899564326
334.0 179.0 62.0 25.0
obstacle
0.0337234027684
386.0 113.0 36.0 12.0
obstacle
0.0336305201054
109.0 108.0 47.0 19.0
obstacle
0.0335326530039
272.0 101.0 109.0 32.0
obstacle
0.0335254855454
386.0 42.0 114.0 46.0
obstacle
0.0332185737789
158.0 173.0 336.0 140.0
obstacle
0.0330094024539
0.0 133.0 46.0 69.0
obstacle
0.0329249799252
434.0 130.0 15.0 21.0
obstacle
0.0327523499727
265.0 130.0 46.0 19.0
obstacle
0.0321943722665
456.0 81.0 44.0 19.0
obstacle
0.0319166779518
383.0 120.0 42.0 45.0
obstacle
0.0317159369588
391.0 75.0 108.0 33.0
obstacle
0.0317127555609
191.0 184.0 38.0 19.0
obstacle
0.0314645953476
270.0 125.0 114.0 32.0
obstacle
0.0313843339682
0.0 198.0 83.0 38.0
obstacle
0.0312838852406
111.0 136.0 43.0 64.0
obstacle
0.0311739593744
377.0 83.0 51.0 16.0
obstacle
0.0311389770359
394.0 16.0 99.0 47.0
obstacle
0.0310402959585
75.0 108.0 39.0 17.0
obstacle
0.030892489478
55.0 56.0 312.0 121.0
obstacle
0.0308586712927
425.0 123.0 75.0 37.0
obstacle
0.0303266532719
454.0 206.0 46.0 25.0
obstacle
0.0301673095673
263.0 2.0 51.0 21.0
obstacle
0.0301427599043
300.0 169.0 131.0 45.0
obstacle
0.0300759002566
454.0 29.0 46.0 18.0
obstacle
0.0299022365361
32.0 2.0 52.0 21.0
obstacle
0.0298728942871
116.0 154.0 112.0 25.0
obstacle
0.0296357385814
428.0 101.0 72.0 31.0
obstacle
0.0294166579843
76.0 167.0 41.0 51.0
obstacle
0.0293009951711
190.0 208.0 44.0 17.0
obstacle
0.0292094089091
453.0 232.0 47.0 24.0
obstacle
0.0291073974222
412.0 83.0 57.0 18.0
obstacle
0.0288075432181
0.0 4.0 40.0 18.0
obstacle
0.0287738163024
345.0 75.0 121.0 32.0
obstacle
0.0285412054509
194.0 123.0 110.0 37.0
obstacle
0.0285240989178
184.0 97.0 51.0 90.0
obstacle
0.0284313224256
148.0 230.0 123.0 28.0
obstacle
0.0284026376903
341.0 172.0 126.0 40.0
obstacle
0.0283041074872
33.0 205.0 54.0 19.0
obstacle
0.0282877869904
454.0 258.0 46.0 22.0
obstacle
0.0281884614378
205.0 125.0 295.0 134.0
obstacle
0.027993073687
308.0 102.0 115.0 31.0
obstacle
0.0278730485588
412.0 28.0 60.0 22.0
obstacle
0.0278323385864
0.0 174.0 122.0 81.0
obstacle
0.0277741830796
226.0 185.0 41.0 19.0
obstacle
0.0277686137706
188.0 50.0 45.0 85.0
obstacle
0.0274826493114
38.0 229.0 122.0 27.0
obstacle
0.0273466724902
115.0 169.0 42.0 50.0
obstacle
0.0273099653423
418.0 47.0 48.0 86.0
obstacle
0.0272187646478
0.0 106.0 38.0 19.0
obstacle
0.0270464587957
110.0 47.0 48.0 89.0
obstacle
0.0269646160305
375.0 0.0 57.0 81.0
obstacle
0.0269323866814
72.0 72.0 125.0 38.0
obstacle
0.0267517138273
336.0 2.0 56.0 22.0
obstacle
0.0266730692238
112.0 118.0 47.0 53.0
obstacle
0.0266680121422
453.0 21.0 47.0 87.0
obstacle
0.0266589522362
15.0 128.0 85.0 31.0
obstacle
0.0266391057521
457.0 181.0 43.0 22.0
obstacle
0.0266079623252
298.0 122.0 202.0 87.0
obstacle
0.026526177302
86.0 100.0 96.0 35.0
obstacle
0.0261949989945
34.0 179.0 43.0 23.0
obstacle
0.0260551515967
379.0 53.0 52.0 79.0
obstacle
0.0260312855244
301.0 205.0 54.0 78.0
obstacle
0.0258117709309
301.0 223.0 128.0 42.0
obstacle
0.0257488004863
298.0 181.0 56.0 22.0
obstacle
0.0255296640098
149.0 48.0 48.0 89.0
obstacle
0.025504283607
228.0 131.0 41.0 18.0
obstacle
0.0254516638815
419.0 113.0 45.0 58.0
obstacle
0.0253238491714
416.0 4.0 52.0 19.0
obstacle
0.0252648405731
6.0 0.0 107.0 31.0
obstacle
0.0252543482929
0.0 48.0 42.0 87.0
obstacle
0.0252458117902
221.0 2.0 55.0 21.0
obstacle
0.0251171626151
287.0 256.0 213.0 77.0
obstacle
0.0250914804637
228.0 124.0 119.0 35.0
obstacle
0.0249978061765
394.0 152.0 15.0 25.0
obstacle
0.0249758493155
36.0 179.0 49.0 73.0
obstacle
0.0249750688672
261.0 155.0 56.0 22.0
obstacle
0.024843800813
457.0 3.0 43.0 20.0
obstacle
0.0248398110271
417.0 223.0 83.0 41.0
obstacle
0.0248224530369
44.0 178.0 107.0 34.0
obstacle
0.0247062630951
16.0 194.0 162.0 87.0
obstacle
0.024682668969
330.0 302.0 147.0 31.0
obstacle
0.0246564298868
406.0 205.0 71.0 26.0
obstacle
0.0243963599205
192.0 179.0 44.0 75.0
obstacle
0.0243712086231
227.0 156.0 47.0 20.0
obstacle
0.0243513714522
344.0 51.0 44.0 82.0
obstacle
0.0242884997278
127.0 78.0 325.0 127.0
obstacle
0.0241983216256
162.0 182.0 26.0 19.0
obstacle
0.0241656787694
392.0 173.0 22.0 37.0
obstacle
0.0241461079568
235.0 0.0 108.0 32.0
obstacle
0.0240704417229
71.0 205.0 50.0 22.0
obstacle
0.0239716582
189.0 160.0 40.0 16.0
obstacle
0.02375738509
270.0 198.0 114.0 38.0
obstacle
0.0236811060458
298.0 205.0 56.0 24.0
obstacle
0.0235605426133
231.0 99.0 112.0 34.0
obstacle
0.0235365629196
5.0 228.0 113.0 29.0
obstacle
0.0235125999898
198.0 0.0 107.0 33.0
obstacle
0.0234909243882
37.0 108.0 40.0 18.0
obstacle
0.0234527979046
295.0 231.0 61.0 27.0
obstacle
0.0233287271112
306.0 75.0 118.0 33.0
obstacle
0.0233260150999
190.0 46.0 118.0 38.0
obstacle
0.0232560206205
431.0 46.0 24.0 37.0
obstacle
0.0231863055378
261.0 174.0 129.0 37.0
obstacle
0.0231350716203
351.0 17.0 107.0 44.0
obstacle
0.0230910237879
0.0 28.0 43.0 21.0
obstacle
0.0230142418295
376.0 55.0 55.0 20.0
obstacle
0.023001594469
31.0 50.0 54.0 83.0
obstacle
0.0229578372091
418.0 280.0 49.0 53.0
obstacle
0.0229465235025
147.0 76.0 127.0 32.0
obstacle
0.0229121241719
83.0 200.0 333.0 133.0
obstacle
0.0228902585804
335.0 0.0 59.0 80.0
obstacle
0.0228844322264
103.0 1.0 58.0 22.0
obstacle
0.0228571519256
114.0 254.0 347.0 79.0
obstacle
0.0228556673974
338.0 199.0 57.0 90.0
obstacle
0.0228335671127
0.0 309.0 46.0 23.0
obstacle
0.0228271912783
357.0 0.0 143.0 87.0
obstacle
0.0228072870523
264.0 181.0 44.0 23.0
obstacle
0.0226302817464
143.0 2.0 56.0 21.0
obstacle
0.0226099919528
227.0 162.0 46.0 67.0
obstacle
0.0226042699069
433.0 151.0 18.0 30.0
obstacle
0.022596437484
476.0 130.0 14.0 22.0
obstacle
0.0225675161928
412.0 179.0 58.0 25.0
obstacle
0.0225579533726
339.0 17.0 51.0 97.0
obstacle
0.0225372686982
186.0 137.0 50.0 63.0
obstacle
0.0225231796503
0.0 0.0 300.0 113.0
obstacle
0.02232722193
80.0 103.0 185.0 80.0
obstacle
0.0222462005913
412.0 257.0 59.0 24.0
obstacle
0.0221571922302
380.0 150.0 49.0 85.0
obstacle
0.0221282113343
354.0 173.0 23.0 39.0
obstacle
0.0220772419125
375.0 205.0 57.0 24.0
obstacle
0.0220216270536
31.0 307.0 56.0 23.0
obstacle
0.022018622607
223.0 52.0 53.0 80.0
obstacle
0.0219969861209
125.0 154.0 15.0 21.0
obstacle
0.0219844281673
269.0 0.0 117.0 34.0
obstacle
0.0219372641295
276.0 148.0 179.0 87.0
obstacle
0.0219176206738
372.0 230.0 62.0 27.0
obstacle
0.0217610578984
373.0 257.0 61.0 24.0
obstacle
0.0216776821762
108.0 79.0 50.0 21.0
obstacle
0.0215215198696
378.0 203.0 54.0 83.0
obstacle
0.0215200483799
376.0 196.0 124.0 42.0
obstacle
0.0214972198009
184.0 2.0 54.0 20.0
obstacle
0.0214871056378
67.0 52.0 55.0 23.0
obstacle
0.0214695185423
339.0 204.0 51.0 27.0
obstacle
0.0214434806257
335.0 257.0 61.0 24.0
obstacle
0.021438466385
333.0 229.0 64.0 28.0
obstacle
0.0212974473834
378.0 29.0 52.0 19.0
obstacle
0.0212294384837
303.0 47.0 46.0 89.0
obstacle
0.0211568605155
352.0 0.0 108.0 34.0
obstacle
0.0211387593299
338.0 28.0 56.0 21.0
obstacle
0.0211242306978
230.0 226.0 116.0 38.0
obstacle
0.0211101863533
299.0 3.0 52.0 20.0
obstacle
0.021107852459
302.0 127.0 52.0 81.0
obstacle
0.0210849530995
264.0 46.0 47.0 90.0
obstacle
0.0210599005222
379.0 258.0 53.0 75.0
obstacle
0.021038485691
72.0 48.0 48.0 86.0
obstacle
0.0210298653692
126.0 130.0 16.0 23.0
obstacle
0.0210192333907
416.0 231.0 53.0 78.0
obstacle
0.0209978353232
103.0 309.0 64.0 24.0
obstacle
0.0209716763347
298.0 256.0 56.0 24.0
obstacle
0.0209687557071
0.0 70.0 119.0 39.0
obstacle
0.0209508351982
308.0 0.0 118.0 33.0
obstacle
0.0209315568209
216.0 256.0 66.0 24.0
obstacle
0.0209107305855
338.0 81.0 52.0 20.0
obstacle
0.0208708252758
0.0 206.0 43.0 21.0
obstacle
0.0208363085985
118.0 204.0 38.0 22.0
obstacle
0.0208311919123
454.0 283.0 46.0 50.0
obstacle
0.02082336694
300.0 197.0 129.0 42.0
obstacle
0.0208137817681
8.0 179.0 18.0 27.0
obstacle
0.0207984261215
296.0 309.0 62.0 24.0
obstacle
0.0207942333072
188.0 252.0 49.0 81.0
obstacle
0.0206511709839
147.0 110.0 47.0 66.0
obstacle
0.0206418484449
222.0 81.0 52.0 19.0
obstacle
0.0206310208887
74.0 150.0 43.0 40.0
obstacle
0.0206092223525
455.0 204.0 45.0 79.0
obstacle
0.0204573255032
310.0 17.0 113.0 42.0
obstacle
0.0204407274723
342.0 252.0 53.0 81.0
obstacle
0.0204219911247
186.0 73.0 129.0 37.0
obstacle
0.0203777793795
298.0 28.0 55.0 19.0
obstacle
0.0203745085746
418.0 127.0 48.0 80.0
obstacle
0.0203526187688
336.0 283.0 61.0 23.0
obstacle
0.0203434098512
376.0 2.0 54.0 21.0
obstacle
0.0203313305974
355.0 152.0 18.0 28.0
obstacle
0.0202972628176
228.0 17.0 119.0 42.0
obstacle
0.0202552005649
183.0 21.0 58.0 90.0
obstacle
0.0202266406268
412.0 231.0 60.0 27.0
obstacle
0.0201645307243
9.0 155.0 12.0 23.0
obstacle
0.020120035857
66.0 1.0 60.0 22.0
obstacle
0.0201103053987
99.0 278.0 69.0 31.0
obstacle
0.0200915560126
66.0 309.0 58.0 24.0
obstacle
0.0200735423714
350.0 47.0 110.0 37.0
obstacle
0.020020365715
146.0 233.0 51.0 22.0
obstacle
0.0200194548815
84.0 42.0 176.0 95.0
obstacle
0.0199273172766
356.0 105.0 16.0 23.0
obstacle
0.0199181716889
301.0 248.0 128.0 41.0
obstacle
0.0199154652655
110.0 199.0 51.0 84.0
obstacle
0.0198193341494
147.0 138.0 47.0 63.0
obstacle
0.0197576899081
0.0 227.0 308.0 106.0
obstacle
0.0197542700917
230.0 185.0 41.0 65.0
obstacle
0.0196624062955
262.0 101.0 52.0 83.0
obstacle
0.0196199622005
459.0 181.0 41.0 74.0
obstacle
0.0196087658405
255.0 0.0 66.0 82.0
obstacle
0.0195974018425
181.0 53.0 59.0 22.0
obstacle
0.019593982026
101.0 252.0 141.0 30.0
obstacle
0.0195686928928
459.0 107.0 41.0 69.0
obstacle
0.01953378506
184.0 234.0 51.0 20.0
obstacle
0.0194899383932
148.0 82.0 49.0 20.0
obstacle
0.0194534119219
392.0 78.0 20.0 26.0
obstacle
0.0194133538753
78.0 0.0 116.0 34.0
obstacle
0.0193958226591
378.0 247.0 122.0 44.0
obstacle
0.0193765070289
260.0 81.0 54.0 20.0
obstacle
0.0193229913712
259.0 28.0 55.0 20.0
obstacle
0.0193174127489
145.0 275.0 133.0 41.0
obstacle
0.0192902144045
0.0 127.0 68.0 30.0
obstacle
0.0192499626428
29.0 78.0 56.0 24.0
obstacle
0.0192456971854
181.0 256.0 58.0 21.0
obstacle
0.0192380007356
159.0 0.0 109.0 34.0
