obstacle
0.798283338547
101.0 157.0 293.0 84.0
obstacle
0.489419698715
119.0 181.0 191.0 61.0
obstacle
0.263399481773
95.0 126.0 19.0 13.0
obstacle
0.208327323198
34.0 171.0 287.0 87.0
obstacle
0.192035526037
219.0 114.0 46.0 16.0
obstacle
0.191273882985
199.0 128.0 39.0 14.0
obstacle
0.181895598769
72.0 168.0 206.0 60.0
obstacle
0.159422710538
0.0 108.0 31.0 14.0
obstacle
0.155462920666
188.0 176.0 189.0 71.0
obstacle
0.152941316366
199.0 116.0 34.0 11.0
obstacle
0.150019228458
221.0 128.0 40.0 13.0
obstacle
0.136315256357
94.0 119.0 17.0 11.0
obstacle
0.119408354163
149.0 113.0 39.0 13.0
obstacle
0.11937199533
115.0 118.0 31.0 12.0
obstacle
0.112299963832
268.0 177.0 110.0 38.0
obstacle
0.105462394655
83.0 178.0 110.0 37.0
obstacle
0.103042244911
155.0 132.0 28.0 11.0
obstacle
0.100126728415
236.0 158.0 172.0 72.0
obstacle
0.0892488434911
118.0 128.0 28.0 10.0
obstacle
0.0847121700644
113.0 107.0 111.0 23.0
obstacle
0.0806752368808
201.0 109.0 86.0 22.0
obstacle
0.0781404972076
206.0 122.0 79.0 31.0
obstacle
0.0781246349216
164.0 123.0 98.0 27.0
obstacle
0.077810190618
172.0 107.0 81.0 24.0
obstacle
0.0739950463176
62.0 198.0 151.0 33.0
obstacle
0.0718083754182
172.0 159.0 301.0 110.0
obstacle
0.0715615153313
97.0 108.0 68.0 20.0
obstacle
0.0693825185299
0.0 97.0 196.0 85.0
obstacle
0.0671515241265
316.0 176.0 87.0 37.0
obstacle
0.0625721216202
31.0 166.0 434.0 145.0
obstacle
0.0617538429797
42.0 111.0 28.0 13.0
obstacle
0.0615870282054
39.0 79.0 344.0 186.0
obstacle
0.0602470338345
88.0 120.0 93.0 30.0
obstacle
0.0600047744811
94.0 132.0 10.0 11.0
obstacle
0.0591980777681
337.0 232.0 57.0 23.0
obstacle
0.0555484928191
264.0 109.0 43.0 15.0
obstacle
0.0552127435803
151.0 157.0 29.0 17.0
obstacle
0.054412599653
146.0 81.0 50.0 21.0
obstacle
0.0542262718081
0.0 101.0 77.0 24.0
obstacle
0.0533543340862
58.0 180.0 159.0 71.0
obstacle
0.0504230000079
222.0 176.0 127.0 37.0
obstacle
0.0496020913124
230.0 180.0 46.0 69.0
obstacle
0.0489949285984
43.0 175.0 110.0 39.0
obstacle
0.0485322922468
302.0 107.0 47.0 18.0
obstacle
0.0472464337945
110.0 183.0 50.0 23.0
obstacle
0.0469699390233
49.0 121.0 97.0 31.0
obstacle
0.0462740473449
269.0 131.0 37.0 15.0
obstacle
0.0452372841537
0.0 105.0 124.0 24.0
obstacle
0.0452209338546
340.0 106.0 50.0 19.0
obstacle
0.0448665209115
184.0 194.0 126.0 41.0
obstacle
0.0445728935301
158.0 74.0 108.0 32.0
obstacle
0.0441148504615
311.0 224.0 107.0 37.0
obstacle
0.0440053418279
127.0 122.0 86.0 32.0
obstacle
0.043767657131
231.0 157.0 34.0 15.0
obstacle
0.0413580015302
147.0 55.0 49.0 20.0
obstacle
0.04031162709
185.0 80.0 53.0 23.0
obstacle
0.0399783477187
339.0 182.0 47.0 23.0
obstacle
0.0399620346725
377.0 106.0 54.0 19.0
obstacle
0.0398831777275
0.0 159.0 203.0 65.0
obstacle
0.0392722338438
0.0 132.0 36.0 13.0
obstacle
0.0389642827213
306.0 131.0 41.0 17.0
obstacle
0.0383288227022
77.0 152.0 37.0 24.0
obstacle
0.0379216969013
153.0 167.0 36.0 49.0
obstacle
0.0378771610558
113.0 165.0 40.0 56.0
obstacle
0.0372285060585
271.0 159.0 35.0 67.0
obstacle
0.0369825810194
304.0 184.0 44.0 20.0
obstacle
0.036840710789
142.0 104.0 288.0 133.0
obstacle
0.0367426015437
116.0 78.0 112.0 27.0
obstacle
0.0366237796843
300.0 161.0 54.0 65.0
obstacle
0.0364766977727
377.0 52.0 52.0 22.0
obstacle
0.0360461138189
189.0 166.0 39.0 50.0
obstacle
0.0359902121127
230.0 168.0 38.0 48.0
obstacle
0.0359433032572
45.0 131.0 30.0 16.0
obstacle
0.0358229391277
79.0 158.0 38.0 71.0
obstacle
0.0357154347003
74.0 182.0 48.0 71.0
obstacle
0.0356632806361
72.0 208.0 51.0 22.0
obstacle
0.0355645641685
0.0 155.0 45.0 21.0
obstacle
0.0348891206086
145.0 26.0 56.0 80.0
obstacle
0.0348282344639
76.0 183.0 43.0 22.0
obstacle
0.0347537435591
229.0 125.0 114.0 28.0
obstacle
0.034712344408
451.0 54.0 49.0 19.0
obstacle
0.0344776175916
37.0 86.0 38.0 15.0
obstacle
0.0344200953841
38.0 0.0 116.0 33.0
obstacle
0.0342363752425
94.0 114.0 9.0 12.0
obstacle
0.0341922529042
79.0 46.0 110.0 41.0
obstacle
0.034065682441
225.0 104.0 118.0 27.0
obstacle
0.0337397903204
0.0 3.0 42.0 20.0
obstacle
0.0334256999195
453.0 207.0 47.0 23.0
obstacle
0.0328192897141
68.0 4.0 53.0 18.0
obstacle
0.0325624160469
269.0 159.0 37.0 19.0
obstacle
0.0324345752597
461.0 108.0 39.0 16.0
obstacle
0.0321729741991
272.0 180.0 34.0 72.0
obstacle
0.031961299479
164.0 198.0 170.0 79.0
obstacle
0.031868621707
0.0 28.0 46.0 21.0
obstacle
0.0317105203867
161.0 0.0 103.0 31.0
obstacle
0.0316317528486
117.0 0.0 341.0 135.0
obstacle
0.0313533842564
224.0 81.0 49.0 20.0
obstacle
0.0310138147324
390.0 0.0 108.0 33.0
obstacle
0.0305038969964
182.0 46.0 137.0 38.0
obstacle
0.0304013695568
414.0 56.0 53.0 19.0
obstacle
0.0303498376161
108.0 27.0 54.0 79.0
obstacle
0.0302551742643
336.0 54.0 55.0 20.0
obstacle
0.030234599486
266.0 228.0 121.0 32.0
obstacle
0.0299085043371
103.0 1.0 60.0 22.0
obstacle
0.0296800825745
342.0 284.0 49.0 49.0
obstacle
0.0295385438949
242.0 304.0 169.0 29.0
obstacle
0.0290125664324
60.0 69.0 224.0 98.0
obstacle
0.0288213957101
266.0 123.0 117.0 36.0
obstacle
0.0282903276384
140.0 176.0 143.0 38.0
obstacle
0.0282354988158
267.0 99.0 116.0 33.0
obstacle
0.0280565861613
189.0 183.0 46.0 62.0
obstacle
0.0280333440751
151.0 227.0 126.0 27.0
obstacle
0.0280023999512
455.0 81.0 45.0 18.0
obstacle
0.0279406253248
82.0 0.0 109.0 33.0
obstacle
0.0278636068106
114.0 47.0 117.0 38.0
obstacle
0.0278500393033
186.0 52.0 51.0 78.0
obstacle
0.0278174504638
192.0 157.0 36.0 15.0
obstacle
0.0277457814664
343.0 96.0 120.0 39.0
obstacle
0.027693329379
410.0 3.0 62.0 20.0
obstacle
0.0276627540588
29.0 2.0 53.0 22.0
obstacle
0.0276154205203
335.0 3.0 55.0 19.0
obstacle
0.027567608282
245.0 261.0 255.0 72.0
obstacle
0.0275541841984
190.0 0.0 120.0 33.0
obstacle
0.0274830814451
0.0 76.0 126.0 32.0
obstacle
0.0274642389268
0.0 145.0 83.0 41.0
obstacle
0.0273873843253
0.0 309.0 49.0 23.0
obstacle
0.0273804180324
0.0 133.0 40.0 70.0
obstacle
0.0273704715073
233.0 208.0 34.0 16.0
obstacle
0.0273494627327
213.0 200.0 141.0 32.0
obstacle
0.0271346438676
301.0 71.0 129.0 40.0
obstacle
0.0270119216293
109.0 56.0 49.0 19.0
obstacle
0.026942672208
0.0 46.0 121.0 40.0
obstacle
0.026933575049
296.0 3.0 57.0 19.0
obstacle
0.0268636215478
0.0 122.0 121.0 34.0
obstacle
0.0268380343914
0.0 199.0 136.0 37.0
obstacle
0.0267763920128
51.0 128.0 165.0 77.0
obstacle
0.0267638899386
39.0 155.0 42.0 20.0
obstacle
0.02676111646
273.0 0.0 111.0 34.0
obstacle
0.0267352256924
299.0 53.0 54.0 21.0
obstacle
0.0266757179052
234.0 139.0 31.0 60.0
obstacle
0.0266333911568
454.0 310.0 46.0 23.0
obstacle
0.0265075024217
344.0 163.0 41.0 62.0
obstacle
0.0264635421336
110.0 177.0 49.0 79.0
obstacle
0.0264299921691
0.0 180.0 47.0 21.0
obstacle
0.0263870991766
222.0 3.0 51.0 20.0
obstacle
0.0263130702078
340.0 73.0 128.0 35.0
obstacle
0.0262477528304
0.0 82.0 34.0 16.0
obstacle
0.0261847209185
376.0 30.0 55.0 18.0
obstacle
0.0261791534722
218.0 54.0 58.0 19.0
obstacle
0.0260025262833
0.0 81.0 38.0 72.0
obstacle
0.0259792823344
456.0 131.0 44.0 18.0
obstacle
0.025911103934
183.0 28.0 51.0 20.0
obstacle
0.0258615855128
228.0 73.0 121.0 36.0
obstacle
0.0257787052542
185.0 55.0 52.0 19.0
obstacle
0.0257167164236
0.0 18.0 121.0 44.0
obstacle
0.0256965607405
76.0 85.0 35.0 16.0
obstacle
0.0256183221936
121.0 156.0 30.0 18.0
obstacle
0.0255886353552
120.0 145.0 103.0 42.0
obstacle
0.0254638139158
380.0 130.0 48.0 19.0
obstacle
0.0254593603313
81.0 96.0 256.0 87.0
obstacle
0.025428077206
339.0 49.0 53.0 83.0
obstacle
0.025341834873
258.0 1.0 57.0 20.0
obstacle
0.0253191590309
257.0 52.0 60.0 22.0
obstacle
0.0252893418074
308.0 0.0 119.0 35.0
obstacle
0.0252645462751
374.0 81.0 56.0 19.0
obstacle
0.0252129528672
340.0 46.0 129.0 37.0
obstacle
0.0251074098051
226.0 22.0 49.0 86.0
obstacle
0.0250994917005
348.0 20.0 114.0 38.0
obstacle
0.0250756442547
7.0 0.0 104.0 34.0
obstacle
0.0249450262636
234.0 0.0 111.0 33.0
obstacle
0.0249205492437
265.0 252.0 49.0 81.0
obstacle
0.0248709581792
132.0 128.0 159.0 80.0
obstacle
0.0248625595123
420.0 107.0 46.0 18.0
obstacle
0.0246435049921
304.0 123.0 118.0 37.0
obstacle
0.0245940294117
264.0 23.0 50.0 85.0
obstacle
0.0245799850672
259.0 81.0 53.0 20.0
obstacle
0.0245767142624
130.0 110.0 8.0 16.0
obstacle
0.024511327967
296.0 81.0 58.0 20.0
obstacle
0.0244834888726
149.0 229.0 51.0 21.0
obstacle
0.0243662893772
305.0 158.0 44.0 17.0
obstacle
0.0243209153414
0.0 49.0 40.0 83.0
obstacle
0.0242299996316
6.0 0.0 334.0 135.0
obstacle
0.0242233332247
116.0 225.0 121.0 33.0
obstacle
0.0241942796856
0.0 171.0 84.0 39.0
obstacle
0.0241642445326
194.0 206.0 39.0 18.0
obstacle
0.0240892227739
81.0 120.0 31.0 45.0
obstacle
0.0239259880036
271.0 135.0 37.0 67.0
obstacle
0.0239120610058
375.0 183.0 48.0 20.0
obstacle
0.0238763466477
414.0 131.0 54.0 20.0
obstacle
0.023838436231
184.0 24.0 56.0 84.0
obstacle
0.0238272175193
199.0 76.0 102.0 31.0
obstacle
0.0238248221576
122.0 0.0 103.0 34.0
obstacle
0.0236934665591
408.0 81.0 64.0 21.0
obstacle
0.0235989131033
164.0 108.0 11.0 18.0
obstacle
0.0235588755459
418.0 278.0 50.0 55.0
obstacle
0.0235551260412
78.0 16.0 116.0 47.0
obstacle
0.0234784260392
336.0 80.0 55.0 21.0
obstacle
0.0234114043415
0.0 128.0 150.0 75.0
obstacle
0.02334279567
263.0 47.0 127.0 36.0
obstacle
0.0233061853796
335.0 258.0 64.0 22.0
obstacle
0.0231655538082
267.0 201.0 113.0 29.0
obstacle
0.023113893345
8.0 106.0 10.0 19.0
obstacle
0.0230828691274
80.0 140.0 34.0 52.0
obstacle
0.0230465810746
204.0 0.0 296.0 82.0
obstacle
0.0230212174356
90.0 196.0 167.0 86.0
obstacle
0.0229826979339
0.0 22.0 45.0 87.0
obstacle
0.0229757390916
182.0 148.0 133.0 42.0
obstacle
0.0229685362428
341.0 201.0 49.0 87.0
obstacle
0.022959979251
225.0 91.0 48.0 51.0
obstacle
0.0229488871992
153.0 185.0 33.0 17.0
obstacle
0.022921146825
233.0 209.0 36.0 66.0
obstacle
0.0228891056031
302.0 281.0 52.0 52.0
obstacle
0.0228360332549
153.0 21.0 117.0 36.0
obstacle
0.0227896347642
146.0 30.0 55.0 18.0
obstacle
0.0227881781757
184.0 3.0 52.0 18.0
obstacle
0.0227636434138
0.0 54.0 41.0 21.0
obstacle
0.0227459240705
190.0 199.0 310.0 134.0
obstacle
0.0227192286402
414.0 207.0 56.0 24.0
obstacle
0.0226869601756
301.0 233.0 52.0 20.0
obstacle
0.022682948038
424.0 47.0 76.0 34.0
obstacle
0.0226503051817
34.0 18.0 49.0 94.0
obstacle
0.0226418487728
0.0 301.0 83.0 32.0
obstacle
0.0225333552808
455.0 233.0 45.0 21.0
obstacle
0.0225141365081
114.0 85.0 39.0 16.0
obstacle
0.0225140117109
5.0 201.0 336.0 132.0
obstacle
0.0224785786122
228.0 226.0 45.0 84.0
obstacle
0.0224759429693
68.0 28.0 55.0 20.0
obstacle
0.0224632862955
51.0 109.0 90.0 22.0
obstacle
0.0224390830845
106.0 28.0 58.0 21.0
obstacle
0.0223904810846
332.0 175.0 137.0 36.0
obstacle
0.0222985856235
373.0 3.0 56.0 18.0
obstacle
0.0222893618047
215.0 230.0 144.0 26.0
obstacle
0.0222842134535
30.0 27.0 54.0 23.0
obstacle
0.0221391487867
297.0 247.0 135.0 41.0
obstacle
0.022109432146
121.0 49.0 25.0 30.0
obstacle
0.0220712851733
226.0 115.0 41.0 55.0
obstacle
0.022066552192
275.0 20.0 106.0 38.0
obstacle
0.0219773296267
342.0 29.0 47.0 18.0
obstacle
0.0219622552395
0.0 205.0 48.0 23.0
obstacle
0.0219020638615
382.0 50.0 45.0 80.0
obstacle
0.0218774229288
118.0 21.0 111.0 37.0
obstacle
0.0218218397349
0.0 0.0 48.0 78.0
obstacle
0.0218031760305
412.0 231.0 62.0 24.0
obstacle
0.0216843672097
380.0 76.0 51.0 78.0
obstacle
0.0216796435416
294.0 309.0 65.0 24.0
obstacle
0.0216669235379
382.0 197.0 118.0 43.0
obstacle
0.0215961541981
86.0 79.0 17.0 22.0
obstacle
0.0215537343174
324.0 300.0 157.0 33.0
obstacle
0.0215353891253
59.0 19.0 152.0 94.0
obstacle
0.0215088594705
161.0 51.0 23.0 27.0
obstacle
0.0214998554438
456.0 258.0 44.0 22.0
obstacle
0.0214565489441
293.0 284.0 65.0 22.0
obstacle
0.0214030593634
342.0 131.0 45.0 18.0
obstacle
0.0213118642569
76.0 151.0 121.0 37.0
obstacle
0.0212799683213
225.0 49.0 47.0 85.0
obstacle
0.0212651230395
239.0 184.0 22.0 18.0
obstacle
0.0212266426533
72.0 27.0 48.0 78.0
obstacle
0.02113378793
455.0 182.0 45.0 21.0
obstacle
0.0210894010961
383.0 281.0 43.0 52.0
obstacle
0.0210698209703
45.0 139.0 101.0 54.0
obstacle
0.0210268683732
453.0 157.0 47.0 20.0
obstacle
0.0210168417543
299.0 50.0 55.0 81.0
obstacle
0.0209384188056
457.0 30.0 43.0 16.0
obstacle
0.0209376960993
87.0 0.0 325.0 80.0
obstacle
0.0209338106215
241.0 53.0 259.0 126.0
obstacle
0.0209059473127
291.0 0.0 209.0 136.0
obstacle
0.0208041667938
85.0 179.0 19.0 28.0
obstacle
0.0207434799522
300.0 29.0 53.0 20.0
obstacle
0.0205760654062
98.0 303.0 148.0 30.0
obstacle
0.0205363035202
156.0 149.0 34.0 40.0
obstacle
0.0205240752548
188.0 254.0 49.0 79.0
obstacle
0.0205051191151
413.0 302.0 87.0 31.0
obstacle
0.020481094718
354.0 227.0 22.0 33.0
obstacle
0.0204788241535
347.0 123.0 111.0 36.0
obstacle
0.020456764847
412.0 29.0 59.0 18.0
obstacle
0.0204530190676
339.0 234.0 55.0 71.0
obstacle
0.0204219277948
50.0 108.0 13.0 19.0
obstacle
0.0204104948789
73.0 229.0 47.0 23.0
obstacle
0.0203651152551
393.0 19.0 101.0 41.0
obstacle
0.0203046593815
148.0 53.0 49.0 75.0
obstacle
0.0202973280102
305.0 137.0 48.0 64.0
obstacle
0.0202663447708
226.0 229.0 46.0 20.0
obstacle
0.0202553924173
242.0 108.0 13.0 20.0
obstacle
0.0202440898865
295.0 257.0 64.0 24.0
obstacle
0.0201949309558
31.0 53.0 52.0 23.0
obstacle
0.0201884079725
277.0 145.0 223.0 146.0
obstacle
0.0201823469251
412.0 182.0 58.0 23.0
obstacle
0.0201459024101
230.0 18.0 117.0 41.0
obstacle
0.0201263763011
187.0 0.0 51.0 55.0
obstacle
0.0201089307666
416.0 176.0 53.0 84.0
obstacle
0.020055660978
189.0 231.0 47.0 19.0
obstacle
0.0200274959207
418.0 49.0 50.0 82.0
obstacle
0.0200180821121
108.0 0.0 57.0 56.0
obstacle
0.0199878811836
454.0 282.0 46.0 26.0
obstacle
0.0199143700302
36.0 62.0 42.0 61.0
obstacle
0.0198999922723
226.0 200.0 201.0 84.0
obstacle
0.0198745131493
333.0 308.0 64.0 25.0
obstacle
0.0198240894824
350.0 0.0 112.0 32.0
obstacle
0.019810307771
268.0 184.0 34.0 19.0
obstacle
0.0197542719543
454.0 255.0 46.0 78.0
