obstacle
0.654149711132
156.0 154.0 192.0 59.0
obstacle
0.510397195816
377.0 137.0 54.0 16.0
obstacle
0.456585854292
349.0 135.0 42.0 13.0
obstacle
0.35137835145
330.0 131.0 86.0 19.0
obstacle
0.197404369712
51.0 140.0 330.0 64.0
obstacle
0.181209102273
414.0 135.0 43.0 14.0
obstacle
0.172293528914
144.0 165.0 145.0 39.0
obstacle
0.169348403811
228.0 150.0 116.0 45.0
obstacle
0.141200423241
213.0 165.0 145.0 39.0
obstacle
0.137318611145
264.0 157.0 113.0 30.0
obstacle
0.135675013065
392.0 127.0 81.0 30.0
obstacle
0.134448900819
216.0 135.0 214.0 74.0
obstacle
0.119610503316
419.0 106.0 46.0 17.0
obstacle
0.0871957466006
313.0 135.0 34.0 12.0
obstacle
0.0835941061378
188.0 107.0 41.0 15.0
obstacle
0.0819846093655
382.0 107.0 47.0 15.0
obstacle
0.0797323584557
299.0 114.0 201.0 53.0
obstacle
0.074951544404
159.0 153.0 113.0 38.0
obstacle
0.0717980712652
456.0 104.0 44.0 17.0
obstacle
0.0693407431245
260.0 170.0 117.0 31.0
obstacle
0.0638346448541
418.0 82.0 46.0 21.0
obstacle
0.063350982964
357.0 103.0 97.0 27.0
obstacle
0.0593191608787
284.0 126.0 90.0 29.0
obstacle
0.0583003945649
461.0 131.0 38.0 18.0
obstacle
0.0564467050135
132.0 154.0 96.0 34.0
obstacle
0.0563896857202
265.0 143.0 44.0 47.0
obstacle
0.0562898777425
151.0 107.0 46.0 14.0
obstacle
0.0554716736078
340.0 77.0 128.0 28.0
obstacle
0.0545215383172
131.0 172.0 105.0 30.0
obstacle
0.0530833080411
309.0 107.0 37.0 18.0
obstacle
0.0521896891296
386.0 76.0 112.0 32.0
obstacle
0.0516925938427
150.0 115.0 202.0 62.0
obstacle
0.0512333214283
148.0 90.0 280.0 112.0
obstacle
0.0508782714605
377.0 83.0 50.0 17.0
obstacle
0.0506590791047
265.0 105.0 46.0 19.0
obstacle
0.0501151792705
389.0 125.0 34.0 34.0
obstacle
0.0498418174684
412.0 155.0 59.0 17.0
obstacle
0.0497054494917
307.0 163.0 35.0 14.0
obstacle
0.0482805967331
350.0 106.0 36.0 15.0
obstacle
0.047598939389
390.0 103.0 98.0 23.0
obstacle
0.0472699925303
316.0 106.0 101.0 23.0
obstacle
0.0462054163218
314.0 155.0 93.0 28.0
obstacle
0.0461822487414
190.0 145.0 39.0 44.0
obstacle
0.0460778735578
115.0 96.0 116.0 34.0
obstacle
0.0454128198326
376.0 152.0 50.0 17.0
obstacle
0.0448463410139
186.0 83.0 48.0 20.0
obstacle
0.0447123087943
187.0 180.0 48.0 16.0
obstacle
0.0446172170341
454.0 155.0 46.0 20.0
obstacle
0.043459109962
423.0 83.0 38.0 64.0
obstacle
0.0432948544621
422.0 127.0 78.0 30.0
obstacle
0.0429631769657
109.0 107.0 51.0 17.0
obstacle
0.0429451055825
271.0 134.0 34.0 15.0
obstacle
0.0427872799337
196.0 134.0 30.0 19.0
obstacle
0.0426020734012
154.0 182.0 45.0 16.0
obstacle
0.0423473790288
458.0 81.0 42.0 20.0
obstacle
0.0423329845071
396.0 131.0 13.0 22.0
obstacle
0.0414768271148
146.0 82.0 55.0 20.0
obstacle
0.04123820737
266.0 111.0 42.0 67.0
obstacle
0.0409897752106
350.0 117.0 33.0 47.0
obstacle
0.0408649109304
164.0 95.0 95.0 37.0
obstacle
0.0407472401857
227.0 108.0 42.0 17.0
obstacle
0.0403513163328
265.0 180.0 47.0 15.0
obstacle
0.0400968901813
26.0 181.0 63.0 22.0
obstacle
0.0396051183343
342.0 161.0 38.0 13.0
obstacle
0.0391727536917
107.0 81.0 53.0 21.0
obstacle
0.0390134975314
420.0 49.0 44.0 85.0
obstacle
0.0387204065919
425.0 118.0 33.0 47.0
obstacle
0.0384191013873
226.0 144.0 45.0 45.0
obstacle
0.0382781177759
273.0 102.0 109.0 28.0
obstacle
0.0372524373233
308.0 112.0 39.0 60.0
obstacle
0.0366352424026
159.0 159.0 37.0 17.0
obstacle
0.0365051589906
341.0 80.0 49.0 22.0
obstacle
0.0364779345691
301.0 80.0 52.0 22.0
obstacle
0.0363785214722
235.0 134.0 31.0 15.0
obstacle
0.0362646318972
311.0 75.0 111.0 31.0
obstacle
0.0357357598841
0.0 173.0 121.0 37.0
obstacle
0.0356110483408
299.0 183.0 51.0 11.0
obstacle
0.0355670489371
430.0 102.0 70.0 27.0
obstacle
0.0353861562908
267.0 156.0 44.0 63.0
obstacle
0.0352779738605
0.0 180.0 47.0 22.0
obstacle
0.0349833481014
233.0 100.0 108.0 32.0
obstacle
0.0338205322623
259.0 78.0 58.0 24.0
obstacle
0.0337418206036
116.0 74.0 116.0 34.0
obstacle
0.033184863627
68.0 79.0 54.0 22.0
obstacle
0.0331291370094
167.0 176.0 167.0 71.0
obstacle
0.0331042259932
237.0 178.0 37.0 19.0
obstacle
0.0322834737599
126.0 153.0 322.0 123.0
obstacle
0.0319252870977
377.0 147.0 123.0 32.0
obstacle
0.0318038202822
274.0 160.0 28.0 17.0
obstacle
0.0317675843835
381.0 50.0 45.0 84.0
obstacle
0.03176125139
154.0 133.0 40.0 18.0
obstacle
0.0316608324647
112.0 132.0 46.0 19.0
obstacle
0.0316504053771
72.0 105.0 47.0 18.0
obstacle
0.0312454812229
0.0 231.0 48.0 24.0
obstacle
0.0311892293394
236.0 122.0 101.0 41.0
obstacle
0.0310593638569
350.0 150.0 99.0 25.0
obstacle
0.0309406220913
158.0 74.0 105.0 33.0
obstacle
0.030411735177
309.0 143.0 37.0 49.0
obstacle
0.0299924407154
67.0 182.0 55.0 21.0
obstacle
0.0297129414976
391.0 83.0 32.0 67.0
obstacle
0.0295570399612
461.0 111.0 39.0 61.0
obstacle
0.0292981807142
74.0 97.0 121.0 35.0
obstacle
0.0291677545756
353.0 134.0 15.0 17.0
obstacle
0.0291310306638
340.0 50.0 50.0 81.0
obstacle
0.0290119405836
129.0 125.0 94.0 33.0
obstacle
0.0289465822279
195.0 99.0 109.0 32.0
obstacle
0.0288698449731
434.0 133.0 11.0 20.0
obstacle
0.0283535048366
0.0 133.0 291.0 119.0
obstacle
0.0283291302621
274.0 73.0 106.0 35.0
obstacle
0.0282640717924
69.0 130.0 52.0 21.0
obstacle
0.0281320773065
195.0 156.0 28.0 18.0
obstacle
0.0278296805918
33.0 2.0 49.0 22.0
obstacle
0.0278232637793
0.0 5.0 39.0 18.0
obstacle
0.0270032547414
166.0 125.0 96.0 33.0
obstacle
0.0265206880867
31.0 78.0 49.0 24.0
obstacle
0.0264667384326
457.0 55.0 43.0 20.0
obstacle
0.0262701995671
198.0 123.0 104.0 37.0
obstacle
0.025852067396
1.0 0.0 116.0 33.0
obstacle
0.0257483329624
0.0 79.0 38.0 21.0
obstacle
0.0257176570594
220.0 81.0 59.0 20.0
obstacle
0.025704016909
291.0 23.0 209.0 134.0
obstacle
0.0254881512374
433.0 107.0 16.0 16.0
obstacle
0.0251818876714
377.0 172.0 123.0 40.0
obstacle
0.0250533893704
192.0 74.0 115.0 33.0
obstacle
0.0248857010156
456.0 260.0 44.0 20.0
obstacle
0.0248038973659
378.0 54.0 52.0 22.0
obstacle
0.0247302558273
187.0 118.0 49.0 54.0
obstacle
0.0246633272618
348.0 142.0 34.0 47.0
obstacle
0.0244013946503
3.0 28.0 340.0 126.0
obstacle
0.024276630953
228.0 155.0 47.0 65.0
obstacle
0.0242470726371
235.0 72.0 108.0 36.0
obstacle
0.0239198543131
203.0 103.0 15.0 22.0
obstacle
0.0236651971936
453.0 180.0 47.0 24.0
obstacle
0.023640409112
344.0 73.0 42.0 86.0
obstacle
0.0233424082398
413.0 181.0 54.0 22.0
obstacle
0.0233064498752
182.0 22.0 59.0 88.0
obstacle
0.0233007650822
432.0 78.0 18.0 27.0
obstacle
0.0231546293944
0.0 106.0 38.0 18.0
obstacle
0.0229406990111
455.0 310.0 45.0 21.0
obstacle
0.0228542778641
70.0 4.0 51.0 19.0
obstacle
0.0228203237057
29.0 129.0 55.0 22.0
obstacle
0.0227778181434
105.0 309.0 60.0 24.0
obstacle
0.0227281041443
107.0 21.0 55.0 89.0
obstacle
0.0226104538888
0.0 24.0 42.0 82.0
obstacle
0.0225530099124
0.0 169.0 304.0 148.0
obstacle
0.0225319657475
67.0 53.0 57.0 22.0
obstacle
0.0225302390754
0.0 72.0 369.0 143.0
obstacle
0.0225148592144
375.0 25.0 54.0 82.0
obstacle
0.0224224273115
459.0 55.0 41.0 73.0
obstacle
0.0222519505769
339.0 53.0 52.0 23.0
obstacle
0.0222465414554
181.0 311.0 60.0 22.0
obstacle
0.0222305692732
0.0 129.0 42.0 23.0
obstacle
0.0222116168588
142.0 310.0 62.0 23.0
obstacle
0.0221327394247
242.0 105.0 172.0 80.0
obstacle
0.022102009505
299.0 53.0 55.0 24.0
obstacle
0.0220706388354
109.0 69.0 205.0 95.0
obstacle
0.0220319721848
461.0 83.0 39.0 66.0
obstacle
0.022030768916
451.0 207.0 49.0 22.0
obstacle
0.0219248402864
0.0 30.0 43.0 18.0
obstacle
0.0218103155494
79.0 122.0 111.0 37.0
obstacle
0.0217972621322
414.0 21.0 54.0 89.0
obstacle
0.0217043031007
94.0 157.0 168.0 64.0
obstacle
0.0215343348682
301.0 50.0 52.0 82.0
obstacle
0.021516315639
454.0 283.0 46.0 22.0
obstacle
0.0215152297169
229.0 114.0 45.0 62.0
obstacle
0.021439447999
0.0 54.0 41.0 20.0
obstacle
0.0214194152504
68.0 23.0 56.0 85.0
obstacle
0.0212809760123
457.0 26.0 43.0 79.0
obstacle
0.0212396737188
66.0 156.0 58.0 21.0
obstacle
0.0210863891989
66.0 43.0 138.0 41.0
obstacle
0.0210661459714
154.0 141.0 45.0 56.0
obstacle
0.0210408959538
455.0 233.0 45.0 20.0
obstacle
0.0210203360766
35.0 72.0 124.0 35.0
obstacle
0.0209815278649
38.0 147.0 116.0 38.0
obstacle
0.0209628883749
99.0 223.0 379.0 110.0
obstacle
0.0208814926445
184.0 156.0 53.0 65.0
obstacle
0.0208459086716
341.0 183.0 44.0 13.0
obstacle
0.0205094888806
303.0 4.0 47.0 19.0
obstacle
0.0205025523901
337.0 23.0 55.0 84.0
obstacle
0.0204867031425
104.0 53.0 61.0 23.0
obstacle
0.0204023290426
189.0 59.0 44.0 64.0
obstacle
0.0203910432756
185.0 69.0 207.0 96.0
obstacle
0.0202942397445
61.0 281.0 69.0 27.0
obstacle
0.0202270373702
261.0 23.0 54.0 85.0
obstacle
0.0202161185443
263.0 74.0 52.0 85.0
obstacle
0.0201985966414
101.0 282.0 65.0 25.0
obstacle
0.0201300308108
205.0 143.0 295.0 97.0
obstacle
0.0200913008302
201.0 78.0 18.0 27.0
obstacle
0.0199756417423
0.0 0.0 268.0 105.0
obstacle
0.019912628457
180.0 28.0 61.0 22.0
obstacle
0.0198687855154
411.0 29.0 60.0 21.0
obstacle
0.0197792481631
219.0 282.0 61.0 24.0
obstacle
0.0197436437011
183.0 54.0 57.0 22.0
obstacle
0.0197353269905
379.0 3.0 49.0 20.0
obstacle
0.0196671485901
330.0 66.0 146.0 101.0
obstacle
0.019659101963
4.0 18.0 110.0 42.0
obstacle
0.0196313969791
310.0 44.0 112.0 43.0
obstacle
0.0195959489793
220.0 54.0 57.0 22.0
obstacle
0.0195470228791
65.0 28.0 60.0 21.0
obstacle
0.0195361804217
0.0 285.0 50.0 21.0
obstacle
0.0195251125842
29.0 23.0 55.0 84.0
obstacle
0.0194768812507
220.0 310.0 62.0 23.0
obstacle
0.0193952508271
203.0 129.0 14.0 24.0
obstacle
0.0193064771593
271.0 43.0 113.0 44.0
obstacle
0.0192511081696
188.0 3.0 47.0 20.0
obstacle
0.0192489251494
412.0 259.0 60.0 22.0
obstacle
0.0191996246576
0.0 224.0 80.0 39.0
obstacle
0.0191973466426
409.0 206.0 65.0 23.0
obstacle
0.0191961713135
30.0 27.0 57.0 22.0
obstacle
0.0191849004477
258.0 52.0 59.0 24.0
obstacle
0.0190967358649
384.0 200.0 115.0 34.0
obstacle
0.0190958641469
139.0 282.0 64.0 24.0
obstacle
0.019055346027
278.0 102.0 18.0 28.0
obstacle
0.0190461110324
461.0 133.0 39.0 68.0
obstacle
0.0190244168043
452.0 29.0 48.0 19.0
obstacle
0.018936727196
148.0 3.0 49.0 20.0
obstacle
0.0189328603446
303.0 108.0 197.0 167.0
obstacle
0.0189196374267
105.0 230.0 60.0 26.0
obstacle
0.0188876930624
188.0 200.0 129.0 33.0
obstacle
0.018853828311
21.0 155.0 68.0 23.0
obstacle
0.0187854301184
0.0 145.0 121.0 42.0
obstacle
0.0187281798571
239.0 159.0 26.0 16.0
obstacle
0.0186697971076
264.0 3.0 48.0 20.0
obstacle
0.0185975003988
75.0 150.0 120.0 36.0
obstacle
0.018558986485
455.0 2.0 45.0 21.0
obstacle
0.0185581427068
172.0 224.0 154.0 36.0
obstacle
0.0185560658574
85.0 0.0 330.0 108.0
obstacle
0.0185531228781
0.0 52.0 37.0 78.0
obstacle
0.0185303464532
66.0 310.0 60.0 23.0
obstacle
0.0185072794557
83.0 98.0 184.0 87.0
obstacle
0.0184017140418
103.0 28.0 61.0 22.0
obstacle
0.0183990113437
72.0 222.0 124.0 43.0
obstacle
0.0183986779302
226.0 3.0 48.0 20.0
obstacle
0.0183665044606
109.0 224.0 131.0 38.0
obstacle
0.0183237884194
412.0 55.0 56.0 20.0
obstacle
0.0182963553816
30.0 104.0 54.0 20.0
obstacle
0.0182878505439
337.0 28.0 56.0 21.0
obstacle
0.0182586852461
341.0 3.0 47.0 20.0
obstacle
0.0182416047901
144.0 54.0 59.0 22.0
obstacle
0.0182346198708
307.0 17.0 117.0 44.0
obstacle
0.0182209312916
110.0 3.0 49.0 20.0
obstacle
0.0181827563792
373.0 310.0 60.0 23.0
obstacle
0.0181786343455
144.0 21.0 56.0 90.0
obstacle
0.0181639473885
186.0 80.0 50.0 73.0
obstacle
0.0181618835777
416.0 2.0 52.0 21.0
obstacle
0.0181447528303
39.0 0.0 115.0 34.0
obstacle
0.018074741587
142.0 28.0 61.0 22.0
obstacle
0.018053824082
256.0 282.0 63.0 25.0
obstacle
0.0180253852159
379.0 205.0 52.0 21.0
obstacle
0.0179146695882
0.0 155.0 44.0 23.0
obstacle
0.0178767070174
375.0 28.0 57.0 21.0
obstacle
0.0178736206144
12.0 146.0 171.0 90.0
obstacle
0.0177763011307
393.0 77.0 17.0 29.0
obstacle
0.0177737697959
261.0 255.0 56.0 78.0
obstacle
0.0177709087729
228.0 42.0 121.0 44.0
obstacle
0.0177638884634
151.0 58.0 46.0 66.0
obstacle
0.0177537836134
419.0 249.0 81.0 41.0
obstacle
0.0177236683667
143.0 42.0 138.0 43.0
obstacle
0.017722370103
32.0 5.0 52.0 70.0
obstacle
0.0176656097174
110.0 277.0 50.0 56.0
obstacle
0.0175780430436
258.0 27.0 60.0 22.0
obstacle
0.0175507962704
124.0 25.0 330.0 130.0
obstacle
0.0175486207008
347.0 46.0 115.0 40.0
obstacle
0.0174405239522
309.0 154.0 33.0 70.0
obstacle
0.0174403842539
71.0 172.0 135.0 38.0
obstacle
0.0174189768732
217.0 229.0 65.0 27.0
obstacle
0.0173214953393
114.0 159.0 43.0 19.0
obstacle
0.0172857902944
228.0 199.0 45.0 87.0
obstacle
0.0172806046903
2.0 43.0 115.0 43.0
obstacle
0.0171960517764
107.0 73.0 55.0 85.0
obstacle
0.0171525459737
298.0 1.0 57.0 79.0
obstacle
0.0171397682279
393.0 139.0 23.0 8.0
obstacle
0.0171392001212
294.0 174.0 127.0 29.0
obstacle
0.0171030908823
181.0 229.0 62.0 27.0
obstacle
0.0170895885676
381.0 182.0 45.0 18.0
obstacle
0.0170795060694
30.0 52.0 56.0 26.0
obstacle
0.0170624516904
145.0 78.0 54.0 76.0
obstacle
0.0170553997159
230.0 16.0 117.0 46.0
obstacle
0.0168648734689
18.0 302.0 155.0 31.0
obstacle
0.0168533846736
344.0 175.0 112.0 31.0
obstacle
0.0168326143175
149.0 17.0 125.0 45.0
obstacle
0.0168276298791
0.0 310.0 45.0 22.0
obstacle
0.0167790204287
293.0 282.0 67.0 26.0
obstacle
0.0167742501944
334.0 311.0 62.0 22.0
obstacle
0.01675760746
220.0 0.0 59.0 82.0
obstacle
0.0166856050491
377.0 0.0 55.0 81.0
obstacle
0.0166480410844
297.0 28.0 59.0 21.0
obstacle
0.0165795534849
73.0 42.0 201.0 97.0
obstacle
0.016552913934
74.0 17.0 121.0 45.0
obstacle
0.0164422038943
219.0 28.0 60.0 21.0
obstacle
0.0163736660033
421.0 151.0 42.0 83.0
obstacle
0.0163606982678
227.0 53.0 46.0 76.0
obstacle
0.0163580700755
28.0 231.0 56.0 23.0
obstacle
0.0163189321756
298.0 231.0 58.0 24.0
obstacle
0.0162923168391
26.0 309.0 64.0 24.0
obstacle
0.0162478871644
353.0 77.0 20.0 28.0
obstacle
0.016222897917
456.0 177.0 44.0 81.0
obstacle
0.0161869060248
178.0 298.0 143.0 35.0
obstacle
0.016166260466
0.0 260.0 41.0 19.0
obstacle
0.0161330830306
111.0 207.0 50.0 75.0
