obstacle
0.798207402229
142.0 188.0 143.0 47.0
obstacle
0.629918396473
179.0 106.0 71.0 24.0
obstacle
0.612748920918
280.0 148.0 72.0 30.0
obstacle
0.57799321413
240.0 154.0 22.0 25.0
obstacle
0.516993224621
230.0 154.0 40.0 28.0
obstacle
0.507506728172
24.0 130.0 50.0 21.0
obstacle
0.483005285263
294.0 155.0 47.0 19.0
obstacle
0.415491938591
201.0 105.0 80.0 22.0
obstacle
0.290714532137
38.0 113.0 34.0 16.0
obstacle
0.276846110821
3.0 134.0 48.0 14.0
obstacle
0.261159360409
124.0 177.0 111.0 37.0
obstacle
0.252681225538
273.0 149.0 46.0 26.0
obstacle
0.240283682942
218.0 112.0 48.0 16.0
obstacle
0.233657717705
94.0 179.0 179.0 71.0
obstacle
0.215461373329
0.0 127.0 69.0 28.0
obstacle
0.192502915859
130.0 89.0 162.0 55.0
obstacle
0.185909971595
143.0 105.0 76.0 26.0
obstacle
0.179167687893
154.0 111.0 36.0 18.0
obstacle
0.160000190139
16.0 107.0 79.0 25.0
obstacle
0.14823590219
163.0 121.0 100.0 27.0
obstacle
0.147288277745
242.0 156.0 12.0 19.0
obstacle
0.13560038805
5.0 110.0 33.0 14.0
obstacle
0.123860254884
236.0 174.0 31.0 33.0
obstacle
0.116810135543
180.0 140.0 143.0 56.0
obstacle
0.113062784076
193.0 99.0 36.0 35.0
obstacle
0.113030903041
295.0 150.0 123.0 31.0
obstacle
0.112352967262
183.0 188.0 61.0 53.0
obstacle
0.111656442285
119.0 132.0 41.0 16.0
obstacle
0.11128783226
236.0 131.0 101.0 27.0
obstacle
0.108611531556
155.0 130.0 34.0 15.0
obstacle
0.107827417552
274.0 132.0 93.0 30.0
obstacle
0.104897104204
156.0 225.0 115.0 28.0
obstacle
0.102409400046
200.0 120.0 87.0 37.0
obstacle
0.102187424898
123.0 121.0 103.0 30.0
obstacle
0.0998176857829
0.0 99.0 139.0 79.0
obstacle
0.0917980447412
200.0 173.0 87.0 47.0
obstacle
0.0900683254004
23.0 151.0 59.0 21.0
obstacle
0.0886894911528
159.0 184.0 36.0 18.0
obstacle
0.0882021412253
238.0 103.0 89.0 27.0
obstacle
0.0881189703941
304.0 150.0 37.0 34.0
obstacle
0.0877479836345
200.0 158.0 34.0 17.0
obstacle
0.0837024450302
44.0 123.0 26.0 35.0
obstacle
0.0786145627499
198.0 146.0 38.0 42.0
obstacle
0.0778574347496
33.0 126.0 106.0 27.0
obstacle
0.0775758549571
161.0 77.0 100.0 33.0
obstacle
0.0775621533394
254.0 140.0 138.0 51.0
obstacle
0.0769077390432
119.0 109.0 30.0 17.0
obstacle
0.0763231962919
51.0 132.0 8.0 14.0
obstacle
0.075731664896
195.0 76.0 106.0 34.0
obstacle
0.0750685334206
78.0 132.0 35.0 14.0
obstacle
0.0748577788472
179.0 148.0 71.0 36.0
obstacle
0.0740256309509
89.0 80.0 171.0 76.0
obstacle
0.0737438350916
198.0 128.0 32.0 16.0
obstacle
0.0733533650637
186.0 202.0 55.0 27.0
obstacle
0.0729044601321
141.0 204.0 139.0 64.0
obstacle
0.0693121403456
340.0 158.0 42.0 15.0
obstacle
0.0669652745128
73.0 156.0 43.0 19.0
obstacle
0.0665575787425
235.0 113.0 29.0 65.0
obstacle
0.066109508276
86.0 102.0 98.0 31.0
obstacle
0.0660815685987
266.0 109.0 41.0 16.0
obstacle
0.0658409893513
75.0 108.0 34.0 17.0
obstacle
0.0647249743342
196.0 117.0 37.0 48.0
obstacle
0.063433714211
6.0 146.0 98.0 33.0
obstacle
0.0630413368344
0.0 82.0 39.0 20.0
obstacle
0.0619541890919
206.0 109.0 11.0 19.0
obstacle
0.0615605935454
226.0 190.0 39.0 49.0
obstacle
0.0608282163739
50.0 102.0 81.0 31.0
obstacle
0.0606630928814
0.0 86.0 38.0 58.0
obstacle
0.0596344284713
193.0 185.0 38.0 20.0
obstacle
0.0589188933372
118.0 102.0 188.0 72.0
obstacle
0.0578401684761
302.0 106.0 44.0 19.0
obstacle
0.0575577057898
155.0 156.0 42.0 21.0
obstacle
0.0575254559517
74.0 126.0 120.0 26.0
obstacle
0.0574769973755
0.0 154.0 43.0 18.0
obstacle
0.0547314845026
377.0 158.0 53.0 18.0
obstacle
0.0544147789478
114.0 154.0 43.0 23.0
obstacle
0.0542548298836
321.0 157.0 9.0 15.0
obstacle
0.0540317036211
225.0 205.0 43.0 18.0
obstacle
0.0538652390242
52.0 108.0 12.0 18.0
obstacle
0.053812071681
122.0 151.0 108.0 30.0
obstacle
0.051603730768
301.0 137.0 44.0 17.0
obstacle
0.0505814142525
155.0 169.0 183.0 53.0
obstacle
0.0503962188959
229.0 58.0 42.0 71.0
obstacle
0.049746029079
264.0 50.0 49.0 83.0
obstacle
0.0480322539806
143.0 171.0 289.0 94.0
obstacle
0.0477927029133
270.0 135.0 40.0 17.0
obstacle
0.0476614907384
230.0 98.0 36.0 40.0
obstacle
0.0474140010774
273.0 99.0 102.0 32.0
obstacle
0.0471948571503
0.0 73.0 70.0 37.0
obstacle
0.0466815121472
39.0 48.0 37.0 87.0
obstacle
0.0463655218482
126.0 186.0 30.0 19.0
obstacle
0.0452167391777
163.0 108.0 12.0 21.0
obstacle
0.0443710871041
122.0 223.0 120.0 34.0
obstacle
0.0441470779479
192.0 175.0 41.0 38.0
obstacle
0.0438439100981
41.0 91.0 32.0 55.0
obstacle
0.0431916229427
299.0 126.0 123.0 36.0
obstacle
0.043067574501
188.0 84.0 41.0 21.0
obstacle
0.0426996871829
84.0 176.0 116.0 35.0
obstacle
0.0426380001009
269.0 108.0 36.0 71.0
obstacle
0.04224755615
340.0 105.0 46.0 21.0
obstacle
0.0414829514921
154.0 43.0 115.0 44.0
obstacle
0.0409998856485
2.0 120.0 37.0 39.0
obstacle
0.0406475141644
193.0 60.0 38.0 66.0
obstacle
0.0405081138015
0.0 168.0 310.0 99.0
obstacle
0.0405017361045
259.0 173.0 126.0 33.0
obstacle
0.0404602922499
155.0 117.0 34.0 47.0
obstacle
0.0403860770166
261.0 128.0 198.0 74.0
obstacle
0.0402898490429
117.0 44.0 113.0 42.0
obstacle
0.0400633178651
155.0 82.0 33.0 19.0
obstacle
0.0398778766394
4.0 76.0 176.0 83.0
obstacle
0.0397022552788
379.0 130.0 47.0 20.0
obstacle
0.0396227017045
0.0 53.0 317.0 129.0
obstacle
0.039587456733
66.0 24.0 58.0 83.0
obstacle
0.0395150743425
70.0 49.0 48.0 85.0
obstacle
0.0394210554659
183.0 27.0 58.0 79.0
obstacle
0.0387620851398
36.0 146.0 114.0 36.0
obstacle
0.0385285206139
0.0 175.0 121.0 33.0
obstacle
0.0385194644332
223.0 84.0 50.0 18.0
obstacle
0.0384871475399
33.0 80.0 43.0 22.0
obstacle
0.0383915528655
227.0 74.0 119.0 36.0
obstacle
0.038152705878
120.0 72.0 107.0 38.0
obstacle
0.0381475538015
144.0 28.0 58.0 76.0
obstacle
0.0376287661493
100.0 50.0 222.0 88.0
obstacle
0.0376012027264
112.0 45.0 46.0 91.0
obstacle
0.0371289290488
226.0 128.0 38.0 19.0
obstacle
0.0369324237108
26.0 178.0 62.0 25.0
obstacle
0.0367307029665
10.0 107.0 12.0 18.0
obstacle
0.0362547710538
182.0 54.0 57.0 21.0
obstacle
0.0357449762523
156.0 95.0 35.0 42.0
obstacle
0.0356768518686
242.0 107.0 9.0 18.0
obstacle
0.0355566032231
65.0 54.0 58.0 22.0
obstacle
0.0355506725609
84.0 145.0 105.0 38.0
obstacle
0.0353618189692
0.0 179.0 48.0 25.0
obstacle
0.0352177172899
194.0 43.0 186.0 99.0
obstacle
0.0350215174258
144.0 54.0 58.0 22.0
obstacle
0.0347843877971
112.0 82.0 42.0 20.0
obstacle
0.0343178398907
151.0 54.0 46.0 76.0
obstacle
0.034268874675
259.0 200.0 130.0 32.0
obstacle
0.0333322100341
193.0 43.0 114.0 44.0
obstacle
0.0332717597485
0.0 0.0 236.0 131.0
obstacle
0.033110100776
374.0 104.0 57.0 23.0
obstacle
0.0327795743942
221.0 24.0 57.0 84.0
obstacle
0.0324092656374
338.0 182.0 52.0 19.0
obstacle
0.0323906205595
159.0 189.0 39.0 54.0
obstacle
0.0322345755994
73.0 81.0 43.0 18.0
obstacle
0.0319656729698
7.0 78.0 17.0 25.0
obstacle
0.0316205993295
302.0 79.0 48.0 75.0
obstacle
0.0315912812948
221.0 54.0 56.0 21.0
obstacle
0.0314460769296
258.0 80.0 58.0 22.0
obstacle
0.031403683126
301.0 176.0 44.0 23.0
obstacle
0.0313671194017
301.0 205.0 51.0 23.0
obstacle
0.0310070924461
337.0 131.0 50.0 18.0
obstacle
0.0308613087982
85.0 70.0 99.0 38.0
obstacle
0.0307685732841
154.0 203.0 41.0 77.0
obstacle
0.0307372808456
186.0 191.0 53.0 98.0
obstacle
0.0307310018688
297.0 79.0 57.0 22.0
obstacle
0.0306930895895
345.0 149.0 113.0 36.0
obstacle
0.030657146126
44.0 71.0 102.0 40.0
obstacle
0.0303937923163
458.0 131.0 42.0 19.0
obstacle
0.0302838385105
220.0 111.0 208.0 67.0
obstacle
0.0302279870957
79.0 44.0 111.0 42.0
obstacle
0.0302182100713
0.0 54.0 44.0 20.0
obstacle
0.030186990276
158.0 171.0 32.0 43.0
obstacle
0.0299411285669
300.0 52.0 53.0 79.0
obstacle
0.0298111401498
162.0 205.0 38.0 23.0
obstacle
0.029809076339
0.0 231.0 48.0 24.0
obstacle
0.0297187883407
72.0 182.0 48.0 21.0
obstacle
0.029718734324
105.0 24.0 59.0 84.0
obstacle
0.0294386520982
455.0 105.0 45.0 21.0
obstacle
0.0294098444283
198.0 112.0 24.0 7.0
obstacle
0.0292387716472
40.0 44.0 110.0 42.0
obstacle
0.0292126052082
239.0 75.0 21.0 32.0
obstacle
0.0291522331536
88.0 13.0 171.0 105.0
obstacle
0.0291222780943
267.0 88.0 40.0 58.0
obstacle
0.0289263036102
168.0 31.0 319.0 119.0
obstacle
0.0285950694233
72.0 193.0 278.0 94.0
obstacle
0.0285217817873
309.0 98.0 111.0 36.0
obstacle
0.0283552631736
0.0 19.0 43.0 94.0
obstacle
0.0281857773662
48.0 43.0 170.0 95.0
obstacle
0.0281416010112
259.0 23.0 58.0 86.0
obstacle
0.0280673727393
285.0 155.0 9.0 18.0
obstacle
0.02803748101
259.0 53.0 57.0 22.0
obstacle
0.0279900673777
200.0 47.0 23.0 35.0
obstacle
0.0279142800719
337.0 77.0 57.0 79.0
obstacle
0.0279094744474
105.0 54.0 58.0 22.0
obstacle
0.027603302151
33.0 3.0 49.0 20.0
obstacle
0.0275752879679
452.0 78.0 48.0 22.0
obstacle
0.0275170411915
259.0 71.0 133.0 39.0
obstacle
0.0272296015173
340.0 125.0 124.0 34.0
obstacle
0.0272293612361
140.0 14.0 218.0 103.0
obstacle
0.0271611660719
32.0 24.0 50.0 82.0
obstacle
0.0270496439189
47.0 113.0 19.0 8.0
obstacle
0.026890559122
263.0 208.0 44.0 17.0
obstacle
0.0267859771848
336.0 204.0 54.0 27.0
obstacle
0.026617910713
413.0 132.0 56.0 18.0
obstacle
0.0265579801053
0.0 44.0 139.0 99.0
obstacle
0.0264519695193
231.0 44.0 113.0 42.0
obstacle
0.0263780672103
304.0 116.0 42.0 59.0
obstacle
0.0262914076447
301.0 67.0 129.0 45.0
obstacle
0.0262140408158
154.0 133.0 46.0 67.0
obstacle
0.0260752364993
0.0 206.0 47.0 23.0
obstacle
0.0260715093464
372.0 48.0 62.0 87.0
obstacle
0.0260143596679
211.0 202.0 139.0 28.0
obstacle
0.0259720217437
317.0 103.0 16.0 26.0
obstacle
0.0259702131152
161.0 49.0 23.0 32.0
obstacle
0.0259322430938
1.0 0.0 116.0 33.0
obstacle
0.0258601475507
83.0 199.0 119.0 32.0
obstacle
0.0258301310241
33.0 53.0 47.0 23.0
obstacle
0.0256812535226
338.0 78.0 54.0 23.0
obstacle
0.0256062559783
333.0 53.0 64.0 77.0
obstacle
0.0254436060786
343.0 97.0 122.0 36.0
obstacle
0.0254241898656
67.0 225.0 147.0 35.0
obstacle
0.0252374131233
0.0 5.0 39.0 18.0
obstacle
0.0252021458
277.0 72.0 20.0 36.0
obstacle
0.0251204818487
0.0 122.0 154.0 81.0
obstacle
0.0247683022171
83.0 48.0 24.0 34.0
obstacle
0.0243095718324
375.0 77.0 56.0 25.0
obstacle
0.0242941640317
40.0 95.0 187.0 87.0
obstacle
0.0242481641471
0.0 30.0 44.0 18.0
obstacle
0.0241975076497
164.0 80.0 15.0 20.0
obstacle
0.0241653062403
237.0 48.0 24.0 34.0
obstacle
0.0240517985076
115.0 85.0 39.0 60.0
obstacle
0.0238784775138
247.0 85.0 253.0 114.0
obstacle
0.02374387905
163.0 132.0 9.0 17.0
obstacle
0.0237245634198
88.0 79.0 16.0 24.0
obstacle
0.0237066037953
216.0 69.0 219.0 95.0
obstacle
0.0236288812011
189.0 16.0 123.0 46.0
obstacle
0.0234948266298
0.0 154.0 42.0 78.0
obstacle
0.0233620405197
350.0 71.0 27.0 39.0
obstacle
0.0232840776443
304.0 158.0 42.0 66.0
obstacle
0.0230353698134
207.0 130.0 9.0 21.0
obstacle
0.0229817535728
410.0 106.0 61.0 22.0
obstacle
0.0227685924619
126.0 79.0 17.0 24.0
obstacle
0.0227309949696
183.0 2.0 58.0 77.0
obstacle
0.0227255020291
452.0 53.0 48.0 22.0
obstacle
0.0224942155182
378.0 73.0 51.0 86.0
obstacle
0.0223682317883
148.0 228.0 59.0 24.0
obstacle
0.0222295857966
418.0 123.0 82.0 36.0
obstacle
0.0221805758774
377.0 180.0 53.0 23.0
obstacle
0.0221463218331
66.0 28.0 58.0 22.0
obstacle
0.022092718631
0.0 311.0 49.0 21.0
obstacle
0.0220435466617
204.0 79.0 16.0 23.0
obstacle
0.021872125566
9.0 45.0 98.0 39.0
obstacle
0.0218694303185
145.0 0.0 56.0 80.0
obstacle
0.0218644943088
0.0 99.0 307.0 139.0
obstacle
0.0217259675264
204.0 176.0 296.0 135.0
obstacle
0.0217229127884
276.0 0.0 224.0 111.0
obstacle
0.0216203220189
451.0 284.0 49.0 21.0
obstacle
0.0215838681906
114.0 234.0 45.0 18.0
obstacle
0.0214891880751
48.0 78.0 17.0 24.0
obstacle
0.0214300379157
313.0 72.0 24.0 35.0
obstacle
0.0213884431869
34.0 28.0 51.0 21.0
obstacle
0.0213566366583
105.0 28.0 58.0 23.0
obstacle
0.0212150681764
454.0 48.0 46.0 85.0
obstacle
0.0212150253356
239.0 164.0 27.0 8.0
obstacle
0.0210973322392
299.0 53.0 56.0 21.0
obstacle
0.020987527445
410.0 78.0 60.0 24.0
obstacle
0.0209829881787
116.0 17.0 116.0 44.0
obstacle
0.0207960940897
223.0 148.0 202.0 85.0
obstacle
0.020789720118
219.0 131.0 281.0 124.0
obstacle
0.0207496322691
72.0 206.0 49.0 20.0
obstacle
0.0207039881498
26.0 205.0 61.0 24.0
obstacle
0.0206633321941
10.0 132.0 10.0 18.0
obstacle
0.0206265151501
378.0 2.0 50.0 21.0
obstacle
0.0206206683069
136.0 253.0 152.0 28.0
obstacle
0.0205596871674
181.0 29.0 60.0 21.0
obstacle
0.0205435864627
452.0 182.0 48.0 21.0
obstacle
0.0205424036831
217.0 174.0 130.0 38.0
obstacle
0.0204594172537
454.0 259.0 46.0 20.0
obstacle
0.0204396676272
280.0 103.0 13.0 26.0
obstacle
0.0203905049711
0.0 224.0 78.0 39.0
obstacle
0.0203418787569
203.0 156.0 10.0 21.0
obstacle
0.0202941317111
410.0 48.0 62.0 86.0
obstacle
0.0202843025327
346.0 142.0 36.0 51.0
obstacle
0.0201019458473
453.0 233.0 47.0 22.0
obstacle
0.0200952515006
220.0 28.0 60.0 21.0
obstacle
0.0200771354139
409.0 54.0 64.0 23.0
obstacle
0.0200601089746
275.0 46.0 25.0 38.0
obstacle
0.020021641627
389.0 71.0 27.0 38.0
obstacle
0.0200170688331
455.0 157.0 45.0 19.0
obstacle
0.0198948998004
386.0 147.0 112.0 41.0
obstacle
0.0198891498148
301.0 185.0 52.0 64.0
obstacle
0.0197942685336
78.0 81.0 33.0 68.0
obstacle
0.019770661369
453.0 28.0 47.0 20.0
obstacle
0.0197635125369
269.0 161.0 34.0 61.0
obstacle
0.0197536293417
5.0 17.0 110.0 45.0
obstacle
0.0196940321475
31.0 222.0 134.0 42.0
obstacle
0.0196586009115
142.0 29.0 61.0 21.0
obstacle
0.0196496993303
336.0 22.0 58.0 87.0
obstacle
0.0196376182139
114.0 114.0 40.0 54.0
obstacle
0.0196322221309
354.0 102.0 19.0 29.0
obstacle
0.0196108873934
30.0 4.0 56.0 72.0
obstacle
0.0194676239043
122.0 49.0 25.0 32.0
obstacle
0.019445175305
412.0 156.0 58.0 23.0
obstacle
0.0194097142667
259.0 29.0 58.0 20.0
obstacle
0.0193179920316
66.0 232.0 58.0 20.0
obstacle
0.0193113461137
338.0 198.0 56.0 92.0
obstacle
0.0192941464484
382.0 134.0 46.0 67.0
obstacle
0.0192372892052
374.0 53.0 59.0 22.0
obstacle
0.0192267503589
455.0 2.0 45.0 20.0
