obstacle
0.755492210388
37.0 133.0 275.0 107.0
obstacle
0.277698308229
121.0 127.0 169.0 88.0
obstacle
0.218361929059
88.0 116.0 313.0 108.0
obstacle
0.136006563902
29.0 140.0 224.0 66.0
obstacle
0.117006294429
193.0 137.0 32.0 16.0
obstacle
0.0972635373473
165.0 148.0 157.0 76.0
obstacle
0.0813877955079
86.0 129.0 28.0 19.0
obstacle
0.080461204052
21.0 91.0 303.0 113.0
obstacle
0.0754836723208
55.0 170.0 168.0 35.0
obstacle
0.0706215053797
190.0 138.0 39.0 62.0
obstacle
0.0693725049496
91.0 114.0 168.0 63.0
obstacle
0.0687699764967
158.0 154.0 36.0 69.0
obstacle
0.0684600770473
72.0 176.0 199.0 71.0
obstacle
0.0658471658826
53.0 158.0 314.0 112.0
obstacle
0.0627976059914
226.0 134.0 49.0 68.0
obstacle
0.0593499429524
160.0 130.0 95.0 29.0
obstacle
0.0503558032215
46.0 125.0 100.0 34.0
obstacle
0.0495271347463
79.0 117.0 37.0 51.0
obstacle
0.0494624078274
197.0 158.0 26.0 61.0
obstacle
0.0468898639083
375.0 80.0 59.0 19.0
obstacle
0.0462278723717
78.0 108.0 42.0 23.0
obstacle
0.0460742563009
236.0 153.0 87.0 32.0
obstacle
0.0456085987389
186.0 171.0 117.0 39.0
obstacle
0.0435000024736
191.0 114.0 37.0 60.0
obstacle
0.0423532910645
120.0 129.0 111.0 31.0
obstacle
0.0419251471758
112.0 107.0 38.0 20.0
obstacle
0.0417196825147
150.0 147.0 111.0 42.0
obstacle
0.0410789959133
155.0 145.0 37.0 45.0
obstacle
0.0405924394727
77.0 139.0 36.0 56.0
obstacle
0.0405656062067
454.0 80.0 46.0 20.0
obstacle
0.0399978458881
12.0 157.0 180.0 65.0
obstacle
0.0395376868546
149.0 105.0 48.0 23.0
obstacle
0.0393511541188
145.0 80.0 56.0 21.0
obstacle
0.0386621393263
107.0 204.0 137.0 26.0
obstacle
0.0386216565967
189.0 150.0 109.0 37.0
obstacle
0.0384166277945
43.0 147.0 115.0 46.0
obstacle
0.0380835980177
456.0 105.0 44.0 20.0
obstacle
0.0375942960382
454.0 207.0 46.0 22.0
obstacle
0.0367620028555
263.0 159.0 41.0 17.0
obstacle
0.0359274819493
113.0 151.0 43.0 77.0
obstacle
0.0359237603843
455.0 55.0 45.0 20.0
obstacle
0.0358211249113
146.0 124.0 354.0 138.0
obstacle
0.0346194803715
157.0 175.0 36.0 78.0
obstacle
0.033805411309
415.0 55.0 52.0 19.0
obstacle
0.0327380038798
185.0 80.0 51.0 19.0
obstacle
0.0326192714274
0.0 3.0 42.0 21.0
obstacle
0.0322581455112
454.0 130.0 46.0 21.0
obstacle
0.0319016911089
337.0 129.0 55.0 23.0
obstacle
0.0318344831467
110.0 81.0 48.0 18.0
obstacle
0.0318322218955
121.0 99.0 105.0 34.0
obstacle
0.0313273109496
0.0 103.0 45.0 23.0
obstacle
0.0310495700687
0.0 130.0 46.0 21.0
obstacle
0.0309900064021
414.0 80.0 54.0 21.0
obstacle
0.0309714060277
117.0 70.0 111.0 40.0
obstacle
0.0309043489397
267.0 138.0 42.0 64.0
obstacle
0.0306492969394
452.0 182.0 48.0 21.0
obstacle
0.0306270048022
377.0 55.0 51.0 18.0
obstacle
0.0305596441031
157.0 135.0 35.0 15.0
obstacle
0.0304952282459
30.0 1.0 55.0 25.0
obstacle
0.0304373260587
144.0 173.0 126.0 34.0
obstacle
0.0303513873369
154.0 114.0 34.0 63.0
obstacle
0.0302104242146
374.0 104.0 59.0 22.0
obstacle
0.0301858019084
4.0 0.0 110.0 34.0
obstacle
0.0301643311977
425.0 198.0 75.0 40.0
obstacle
0.0298224072903
412.0 29.0 57.0 20.0
obstacle
0.0297915209085
453.0 28.0 47.0 21.0
obstacle
0.0294946935028
220.0 80.0 56.0 19.0
obstacle
0.0294582527131
0.0 79.0 43.0 20.0
obstacle
0.0285049881786
272.0 157.0 34.0 68.0
obstacle
0.0282271932811
0.0 207.0 45.0 20.0
obstacle
0.0281881056726
216.0 231.0 66.0 19.0
obstacle
0.0279709976166
389.0 46.0 106.0 38.0
obstacle
0.0278292056173
0.0 174.0 291.0 134.0
obstacle
0.0276114158332
43.0 202.0 114.0 28.0
obstacle
0.0275504831225
191.0 175.0 40.0 83.0
obstacle
0.027158388868
343.0 122.0 123.0 38.0
obstacle
0.0269969142973
451.0 308.0 49.0 25.0
obstacle
0.0268265120685
342.0 79.0 47.0 20.0
obstacle
0.0267718397081
303.0 122.0 124.0 40.0
obstacle
0.0265928506851
409.0 180.0 65.0 24.0
obstacle
0.0264882650226
384.0 120.0 116.0 43.0
obstacle
0.0264712423086
413.0 3.0 56.0 21.0
obstacle
0.0263617057353
182.0 55.0 55.0 20.0
obstacle
0.0263383314013
230.0 182.0 39.0 16.0
obstacle
0.0262639671564
19.0 100.0 157.0 84.0
obstacle
0.0260990336537
122.0 143.0 29.0 49.0
obstacle
0.0260239206254
0.0 0.0 42.0 80.0
obstacle
0.0260063484311
233.0 135.0 31.0 16.0
obstacle
0.0259911008179
339.0 72.0 131.0 34.0
obstacle
0.0259478054941
412.0 103.0 59.0 23.0
obstacle
0.025817759335
67.0 123.0 132.0 41.0
obstacle
0.02579799667
67.0 2.0 57.0 22.0
obstacle
0.0257766526192
226.0 108.0 46.0 73.0
obstacle
0.0255774073303
370.0 130.0 66.0 22.0
obstacle
0.0255240183324
387.0 172.0 113.0 40.0
obstacle
0.0255188196898
0.0 55.0 41.0 20.0
obstacle
0.0251947138458
410.0 128.0 64.0 26.0
obstacle
0.0250423885882
454.0 180.0 46.0 77.0
obstacle
0.0250215604901
0.0 0.0 210.0 82.0
obstacle
0.024917492643
143.0 229.0 134.0 27.0
obstacle
0.0248586442322
179.0 225.0 139.0 33.0
obstacle
0.0248065888882
297.0 56.0 57.0 19.0
obstacle
0.0247421916574
454.0 258.0 46.0 23.0
obstacle
0.0245501920581
337.0 55.0 55.0 20.0
obstacle
0.0244921576232
191.0 106.0 43.0 20.0
obstacle
0.0244808606803
66.0 55.0 58.0 21.0
obstacle
0.0243570525199
300.0 129.0 53.0 23.0
obstacle
0.0243063308299
155.0 73.0 112.0 35.0
obstacle
0.0242270138115
453.0 283.0 47.0 23.0
obstacle
0.0240431316197
30.0 79.0 56.0 21.0
obstacle
0.0240044463426
88.0 100.0 88.0 36.0
obstacle
0.0239805970341
0.0 308.0 53.0 25.0
obstacle
0.0239534843713
456.0 2.0 44.0 21.0
obstacle
0.0238790493459
27.0 56.0 59.0 20.0
obstacle
0.0237667635083
164.0 101.0 96.0 31.0
obstacle
0.0237483978271
31.0 203.0 52.0 25.0
obstacle
0.0237328317016
49.0 101.0 93.0 32.0
obstacle
0.0237321779132
279.0 167.0 221.0 153.0
obstacle
0.0235992111266
405.0 302.0 95.0 31.0
obstacle
0.0235678181052
300.0 80.0 52.0 18.0
obstacle
0.0235218480229
259.0 80.0 57.0 18.0
obstacle
0.023499937728
301.0 181.0 48.0 20.0
obstacle
0.0234893616289
377.0 2.0 53.0 23.0
obstacle
0.023414010182
304.0 173.0 119.0 38.0
obstacle
0.0233900491148
201.0 130.0 89.0 27.0
obstacle
0.0233351103961
0.0 148.0 127.0 40.0
obstacle
0.0233318768442
199.0 130.0 19.0 24.0
obstacle
0.0232782699168
342.0 223.0 122.0 42.0
obstacle
0.0232320334762
116.0 131.0 25.0 16.0
obstacle
0.0231836568564
126.0 260.0 324.0 73.0
obstacle
0.0231454409659
410.0 153.0 65.0 26.0
obstacle
0.0231391787529
144.0 2.0 54.0 21.0
obstacle
0.0230649281293
234.0 156.0 34.0 20.0
obstacle
0.0229873843491
68.0 81.0 55.0 19.0
obstacle
0.0228822361678
0.0 116.0 184.0 149.0
obstacle
0.0228611696512
0.0 197.0 83.0 40.0
obstacle
0.0228400751948
176.0 232.0 69.0 20.0
obstacle
0.0228307358921
392.0 20.0 104.0 39.0
obstacle
0.0227011926472
38.0 130.0 41.0 19.0
obstacle
0.0226186867803
422.0 277.0 78.0 37.0
obstacle
0.0225911550224
420.0 0.0 43.0 79.0
obstacle
0.0225512888283
276.0 0.0 224.0 82.0
obstacle
0.0225322190672
221.0 55.0 55.0 20.0
obstacle
0.0225263368338
266.0 132.0 44.0 18.0
obstacle
0.0225130748004
120.0 0.0 107.0 34.0
obstacle
0.0224964972585
343.0 47.0 120.0 36.0
obstacle
0.0223628785461
189.0 74.0 121.0 33.0
obstacle
0.0222992449999
192.0 182.0 33.0 17.0
obstacle
0.022284289822
224.0 105.0 51.0 21.0
obstacle
0.0221658665687
265.0 151.0 117.0 34.0
obstacle
0.0221272427589
239.0 73.0 261.0 136.0
obstacle
0.0220778100193
185.0 0.0 54.0 83.0
obstacle
0.0220289379358
108.0 2.0 53.0 22.0
obstacle
0.0220069568604
424.0 0.0 76.0 36.0
obstacle
0.0220014173537
380.0 147.0 120.0 39.0
obstacle
0.0219731386751
376.0 203.0 56.0 82.0
obstacle
0.0219329670072
423.0 72.0 77.0 34.0
obstacle
0.0218916442245
144.0 55.0 55.0 19.0
obstacle
0.0218623168766
45.0 132.0 29.0 70.0
obstacle
0.0218296609819
0.0 175.0 131.0 35.0
obstacle
0.0218227542937
378.0 254.0 53.0 79.0
obstacle
0.0217136181891
28.0 0.0 61.0 53.0
obstacle
0.0217005405575
13.0 26.0 322.0 129.0
obstacle
0.0216970425099
0.0 123.0 86.0 36.0
obstacle
0.0216773245484
260.0 2.0 53.0 22.0
obstacle
0.0216394923627
263.0 0.0 52.0 82.0
obstacle
0.0215560141951
171.0 303.0 156.0 30.0
obstacle
0.0214534401894
305.0 157.0 40.0 21.0
obstacle
0.0213420595974
207.0 129.0 154.0 78.0
obstacle
0.0212959684432
383.0 224.0 116.0 40.0
obstacle
0.0212898124009
331.0 274.0 146.0 42.0
obstacle
0.021252239123
224.0 0.0 53.0 81.0
obstacle
0.0212450567633
109.0 18.0 131.0 42.0
obstacle
0.0212377794087
454.0 233.0 46.0 21.0
obstacle
0.0212113279849
342.0 97.0 124.0 36.0
obstacle
0.0211658515036
147.0 0.0 53.0 57.0
obstacle
0.0211361143738
187.0 251.0 52.0 82.0
obstacle
0.021102745086
224.0 16.0 130.0 45.0
obstacle
0.0210983529687
371.0 205.0 64.0 24.0
obstacle
0.0210460741073
107.0 56.0 54.0 20.0
obstacle
0.0209662057459
471.0 200.0 22.0 37.0
obstacle
0.0209260266274
455.0 254.0 45.0 79.0
obstacle
0.0208868365735
218.0 274.0 140.0 41.0
obstacle
0.0208689179271
371.0 231.0 65.0 25.0
obstacle
0.0207818355411
297.0 261.0 203.0 72.0
obstacle
0.0207637641579
81.0 152.0 112.0 37.0
obstacle
0.0207149460912
0.0 0.0 357.0 101.0
obstacle
0.0206934846938
182.0 2.0 55.0 21.0
obstacle
0.0206786431372
285.0 302.0 157.0 31.0
obstacle
0.0206737220287
112.0 231.0 48.0 24.0
obstacle
0.0206479039043
347.0 0.0 115.0 34.0
obstacle
0.0206060279161
339.0 99.0 54.0 84.0
obstacle
0.0205380488187
111.0 175.0 353.0 135.0
obstacle
0.0204875990748
417.0 147.0 50.0 89.0
obstacle
0.0204348228872
263.0 47.0 127.0 37.0
obstacle
0.0204187054187
410.0 231.0 63.0 25.0
obstacle
0.0203851275146
341.0 249.0 123.0 40.0
obstacle
0.020356208086
336.0 156.0 59.0 23.0
obstacle
0.0203192085028
0.0 284.0 51.0 22.0
obstacle
0.0202581528574
339.0 181.0 52.0 21.0
obstacle
0.0201683975756
374.0 180.0 59.0 23.0
obstacle
0.0201554205269
339.0 0.0 54.0 83.0
obstacle
0.0201428476721
253.0 281.0 69.0 27.0
obstacle
0.0200788993388
371.0 155.0 62.0 24.0
obstacle
0.0200767219067
218.0 309.0 64.0 24.0
obstacle
0.0200670715421
0.0 28.0 42.0 21.0
obstacle
0.0200620163232
0.0 233.0 306.0 100.0
obstacle
0.0200341325253
337.0 103.0 56.0 23.0
obstacle
0.0199767034501
0.0 97.0 86.0 38.0
obstacle
0.0199522227049
215.0 28.0 66.0 20.0
obstacle
0.0199428647757
144.0 172.0 206.0 83.0
obstacle
0.0199366249144
381.0 0.0 48.0 83.0
obstacle
0.0198825765401
143.0 274.0 136.0 42.0
obstacle
0.019813735038
418.0 106.0 49.0 71.0
obstacle
0.0198090877384
232.0 0.0 114.0 34.0
obstacle
0.0197901539505
416.0 205.0 52.0 78.0
obstacle
0.019779657945
334.0 29.0 60.0 20.0
obstacle
0.0197729021311
155.0 0.0 112.0 34.0
obstacle
0.0197223667055
303.0 149.0 121.0 37.0
obstacle
0.0197042692453
266.0 102.0 44.0 82.0
obstacle
0.0197025611997
151.0 199.0 45.0 84.0
obstacle
0.0195893328637
456.0 151.0 44.0 83.0
obstacle
0.0195410158485
0.0 253.0 43.0 80.0
obstacle
0.0195342935622
455.0 0.0 45.0 54.0
obstacle
0.0195193663239
171.0 282.0 78.0 26.0
obstacle
0.019505623728
297.0 2.0 56.0 21.0
obstacle
0.0194266978651
260.0 55.0 54.0 20.0
obstacle
0.0194028820843
34.0 106.0 46.0 20.0
obstacle
0.0193764586002
349.0 19.0 114.0 40.0
obstacle
0.01936141029
0.0 78.0 44.0 77.0
obstacle
0.0193519033492
117.0 174.0 37.0 84.0
obstacle
0.0193483587354
339.0 196.0 128.0 44.0
obstacle
0.0193470008671
300.0 257.0 55.0 76.0
obstacle
0.0193079058081
254.0 28.0 66.0 22.0
obstacle
0.0192742347717
262.0 105.0 49.0 21.0
obstacle
0.0192501600832
70.0 228.0 52.0 83.0
obstacle
0.0192368198186
420.0 30.0 44.0 69.0
obstacle
0.0192344486713
223.0 279.0 54.0 54.0
obstacle
0.0192214474082
80.0 73.0 112.0 35.0
obstacle
0.0192199535668
74.0 85.0 47.0 65.0
obstacle
0.0192088428885
419.0 95.0 81.0 40.0
obstacle
0.01919670403
373.0 28.0 59.0 22.0
obstacle
0.019182883203
41.0 0.0 112.0 34.0
obstacle
0.0191791821271
32.0 229.0 51.0 80.0
obstacle
0.0191734414548
221.0 2.0 53.0 22.0
obstacle
0.0191674865782
85.0 0.0 104.0 34.0
obstacle
0.0191526245326
72.0 206.0 47.0 20.0
obstacle
0.0191057790071
187.0 203.0 50.0 78.0
obstacle
0.019105637446
129.0 0.0 318.0 81.0
obstacle
0.0191047117114
339.0 254.0 54.0 79.0
obstacle
0.0190929323435
263.0 254.0 53.0 79.0
obstacle
0.018991202116
272.0 0.0 111.0 33.0
obstacle
0.0189866255969
338.0 203.0 56.0 82.0
obstacle
0.0189727339894
334.0 256.0 62.0 25.0
obstacle
0.0189714767039
338.0 1.0 51.0 23.0
obstacle
0.0189135689288
265.0 180.0 43.0 18.0
obstacle
0.0187079478055
333.0 230.0 63.0 26.0
obstacle
0.0186913330108
109.0 25.0 50.0 79.0
obstacle
0.0186668168753
372.0 282.0 63.0 25.0
obstacle
0.0185810662806
406.0 256.0 69.0 25.0
obstacle
0.0184348225594
373.0 256.0 62.0 24.0
obstacle
0.0183635968715
267.0 171.0 114.0 41.0
obstacle
0.018353594467
199.0 227.0 301.0 106.0
obstacle
0.0183504540473
452.0 156.0 48.0 21.0
obstacle
0.0181953050196
219.0 173.0 129.0 35.0
obstacle
0.0181563124061
0.0 302.0 128.0 31.0
obstacle
0.0180701557547
261.0 71.0 130.0 37.0
obstacle
0.0180585030466
254.0 230.0 63.0 24.0
obstacle
0.018048197031
455.0 100.0 45.0 83.0
obstacle
0.0179965551943
384.0 249.0 116.0 41.0
obstacle
0.0179958455265
293.0 282.0 66.0 25.0
obstacle
0.0179727319628
144.0 49.0 55.0 84.0
obstacle
0.017969423905
334.0 281.0 62.0 27.0
obstacle
0.0179673898965
113.0 119.0 39.0 53.0
obstacle
0.0179513227195
68.0 52.0 56.0 77.0
obstacle
0.0179316680878
44.0 157.0 38.0 20.0
obstacle
0.0179179590195
300.0 0.0 55.0 83.0
obstacle
0.0179161652923
108.0 80.0 47.0 76.0
obstacle
0.0178890246898
307.0 18.0 116.0 41.0
obstacle
0.0178559217602
149.0 224.0 49.0 90.0
obstacle
0.0178220234811
81.0 156.0 31.0 23.0
obstacle
0.0178155954927
0.0 70.0 85.0 38.0
obstacle
0.0177971627563
83.0 152.0 28.0 77.0
obstacle
0.017762651667
306.0 156.0 42.0 73.0
obstacle
0.0177429374307
194.0 0.0 113.0 35.0
obstacle
0.0176971405745
70.0 196.0 205.0 90.0
obstacle
0.0176830720156
419.0 81.0 48.0 69.0
obstacle
0.0176683906466
273.0 22.0 227.0 136.0
obstacle
0.0176359824836
299.0 104.0 53.0 22.0
obstacle
0.0176218058914
354.0 116.0 146.0 99.0
obstacle
0.0175828579813
69.0 0.0 56.0 84.0
obstacle
0.0175626706332
64.0 281.0 64.0 26.0
obstacle
0.0175540614873
456.0 80.0 44.0 72.0
obstacle
0.0175293404609
1.0 18.0 115.0 43.0
obstacle
0.0175130460411
411.0 207.0 64.0 23.0
obstacle
0.017493609339
331.0 205.0 67.0 26.0
obstacle
0.0174853187054
0.0 54.0 42.0 76.0
obstacle
0.0173723809421
302.0 95.0 126.0 41.0
obstacle
0.0173426177353
296.0 29.0 60.0 20.0
obstacle
0.0172781851143
342.0 172.0 124.0 40.0
