obstacle
0.858901023865
349.0 237.0 111.0 31.0
obstacle
0.783579349518
49.0 184.0 104.0 31.0
obstacle
0.739934623241
408.0 173.0 79.0 28.0
obstacle
0.631989836693
311.0 173.0 20.0 25.0
obstacle
0.581625103951
15.0 224.0 96.0 31.0
obstacle
0.532145917416
206.0 161.0 104.0 27.0
obstacle
0.479164093733
388.0 231.0 82.0 35.0
obstacle
0.453202664852
308.0 174.0 31.0 31.0
obstacle
0.449960231781
417.0 181.0 63.0 15.0
obstacle
0.382227599621
450.0 182.0 48.0 15.0
obstacle
0.356444716454
200.0 168.0 113.0 33.0
obstacle
0.31454923749
42.0 202.0 114.0 33.0
obstacle
0.301316142082
24.0 231.0 67.0 18.0
obstacle
0.274673134089
314.0 235.0 123.0 27.0
obstacle
0.245634675026
304.0 155.0 42.0 35.0
obstacle
0.234495863318
360.0 173.0 99.0 32.0
obstacle
0.220524951816
358.0 243.0 88.0 17.0
obstacle
0.209612369537
223.0 176.0 62.0 17.0
obstacle
0.204943358898
249.0 164.0 78.0 41.0
obstacle
0.202389419079
408.0 239.0 57.0 16.0
obstacle
0.198722869158
26.0 178.0 85.0 33.0
obstacle
0.192925050855
348.0 252.0 42.0 18.0
obstacle
0.192232519388
352.0 216.0 148.0 59.0
obstacle
0.183681622148
58.0 189.0 76.0 18.0
obstacle
0.174486517906
224.0 167.0 61.0 15.0
obstacle
0.169477522373
7.0 213.0 171.0 52.0
obstacle
0.162846639752
274.0 219.0 190.0 56.0
obstacle
0.162358060479
311.0 160.0 22.0 25.0
obstacle
0.158379614353
37.0 183.0 183.0 65.0
obstacle
0.157675206661
184.0 159.0 136.0 55.0
obstacle
0.147211700678
363.0 254.0 75.0 16.0
obstacle
0.141460716724
49.0 166.0 165.0 60.0
obstacle
0.138502642512
96.0 187.0 66.0 19.0
obstacle
0.137723997235
350.0 161.0 150.0 58.0
obstacle
0.133625209332
326.0 247.0 97.0 29.0
obstacle
0.130880191922
155.0 208.0 42.0 19.0
obstacle
0.129109710455
156.0 201.0 106.0 33.0
obstacle
0.125823155046
305.0 236.0 195.0 50.0
obstacle
0.125455528498
106.0 202.0 124.0 31.0
obstacle
0.123822778463
4.0 233.0 43.0 15.0
obstacle
0.116961859167
180.0 205.0 51.0 20.0
obstacle
0.116080664098
207.0 144.0 156.0 50.0
obstacle
0.114258319139
318.0 182.0 10.0 13.0
obstacle
0.113740690053
60.0 230.0 63.0 17.0
obstacle
0.102333806455
109.0 229.0 49.0 19.0
obstacle
0.101959243417
406.0 161.0 76.0 24.0
obstacle
0.101911738515
24.0 165.0 291.0 108.0
obstacle
0.100837506354
39.0 188.0 53.0 16.0
obstacle
0.0994788631797
271.0 164.0 29.0 18.0
obstacle
0.0986542701721
266.0 152.0 47.0 37.0
obstacle
0.0959700271487
388.0 184.0 44.0 16.0
obstacle
0.0952221155167
273.0 175.0 37.0 18.0
obstacle
0.0927306190133
63.0 225.0 133.0 29.0
obstacle
0.0886582881212
289.0 164.0 67.0 50.0
obstacle
0.0886028856039
159.0 154.0 119.0 31.0
obstacle
0.0858554393053
353.0 241.0 40.0 17.0
obstacle
0.0834149718285
423.0 163.0 45.0 18.0
obstacle
0.0811834037304
448.0 161.0 52.0 20.0
obstacle
0.0804751813412
351.0 179.0 29.0 20.0
obstacle
0.0800041630864
19.0 209.0 93.0 27.0
obstacle
0.0777675658464
156.0 176.0 126.0 29.0
obstacle
0.0763001218438
343.0 129.0 40.0 78.0
obstacle
0.0731074586511
347.0 205.0 111.0 25.0
obstacle
0.0725734233856
110.0 208.0 50.0 17.0
obstacle
0.0692080706358
429.0 156.0 71.0 30.0
obstacle
0.0687809959054
459.0 172.0 37.0 44.0
obstacle
0.0677742063999
271.0 171.0 47.0 39.0
obstacle
0.0673139020801
350.0 153.0 104.0 31.0
obstacle
0.0671104863286
193.0 162.0 43.0 16.0
obstacle
0.0642621517181
378.0 247.0 109.0 31.0
obstacle
0.0633397772908
196.0 183.0 38.0 15.0
obstacle
0.0626836717129
280.0 151.0 75.0 38.0
obstacle
0.0625851526856
248.0 158.0 150.0 64.0
obstacle
0.0593105666339
120.0 135.0 189.0 67.0
obstacle
0.0582857169211
349.0 159.0 28.0 16.0
obstacle
0.0579041093588
0.0 107.0 353.0 123.0
obstacle
0.0578892827034
272.0 228.0 115.0 30.0
obstacle
0.0569869764149
474.0 181.0 12.0 21.0
obstacle
0.0564264766872
343.0 165.0 37.0 53.0
obstacle
0.0542686805129
180.0 203.0 140.0 31.0
obstacle
0.05381764099
319.0 158.0 13.0 18.0
obstacle
0.0535322763026
243.0 122.0 94.0 35.0
obstacle
0.0529429651797
311.0 204.0 33.0 23.0
obstacle
0.051978059113
421.0 174.0 44.0 35.0
obstacle
0.0505358017981
377.0 225.0 52.0 37.0
obstacle
0.0492434538901
386.0 203.0 109.0 30.0
obstacle
0.0491815544665
167.0 193.0 324.0 104.0
obstacle
0.0491321794689
56.0 153.0 319.0 82.0
obstacle
0.0487597435713
58.0 209.0 72.0 16.0
obstacle
0.048098962754
419.0 229.0 81.0 33.0
obstacle
0.0477232895792
424.0 229.0 31.0 32.0
obstacle
0.0476395189762
339.0 53.0 54.0 23.0
obstacle
0.0468813814223
148.0 230.0 45.0 21.0
obstacle
0.0468660034239
228.0 204.0 48.0 20.0
obstacle
0.0463276579976
253.0 227.0 67.0 30.0
obstacle
0.0457346066833
98.0 177.0 140.0 37.0
obstacle
0.0453135706484
76.0 190.0 46.0 53.0
obstacle
0.0447353348136
376.0 56.0 54.0 18.0
obstacle
0.0446426570415
303.0 232.0 50.0 21.0
obstacle
0.04430796206
458.0 234.0 39.0 18.0
obstacle
0.0439120829105
393.0 191.0 26.0 55.0
obstacle
0.0437432266772
305.0 175.0 118.0 34.0
obstacle
0.0437169000506
311.0 46.0 104.0 38.0
obstacle
0.0433256365359
118.0 225.0 101.0 33.0
obstacle
0.0428996756673
0.0 164.0 150.0 63.0
obstacle
0.0422608107328
258.0 256.0 60.0 22.0
obstacle
0.0415727980435
302.0 110.0 49.0 71.0
obstacle
0.0414449423552
196.0 122.0 115.0 36.0
obstacle
0.0413805693388
113.0 173.0 37.0 42.0
obstacle
0.0412949323654
0.0 191.0 150.0 58.0
obstacle
0.0411375723779
384.0 162.0 44.0 16.0
obstacle
0.0411220937967
37.0 218.0 44.0 48.0
obstacle
0.0410075113177
230.0 225.0 117.0 37.0
obstacle
0.0409083850682
233.0 145.0 37.0 50.0
obstacle
0.0408875048161
380.0 133.0 51.0 18.0
obstacle
0.0405272245407
435.0 184.0 11.0 19.0
obstacle
0.0404362082481
391.0 124.0 100.0 36.0
obstacle
0.0402834005654
112.0 190.0 44.0 54.0
obstacle
0.0401580817997
349.0 126.0 104.0 31.0
obstacle
0.0399703904986
259.0 54.0 57.0 21.0
obstacle
0.0399131327868
418.0 255.0 41.0 16.0
obstacle
0.0393728204072
381.0 3.0 46.0 16.0
obstacle
0.039358291775
232.0 107.0 39.0 70.0
obstacle
0.0392983369529
251.0 188.0 224.0 65.0
obstacle
0.0390592105687
461.0 258.0 39.0 19.0
obstacle
0.0390472002327
267.0 114.0 44.0 62.0
obstacle
0.0385698378086
229.0 47.0 116.0 37.0
obstacle
0.0381989255548
343.0 106.0 45.0 17.0
obstacle
0.0378872156143
313.0 191.0 29.0 49.0
obstacle
0.0374454557896
154.0 190.0 38.0 53.0
obstacle
0.0373049117625
193.0 135.0 40.0 62.0
obstacle
0.0365570485592
227.0 132.0 46.0 19.0
obstacle
0.0364689230919
147.0 118.0 49.0 97.0
obstacle
0.0362806729972
33.0 211.0 54.0 17.0
obstacle
0.0360939539969
332.0 172.0 168.0 145.0
obstacle
0.0360087268054
456.0 2.0 44.0 21.0
obstacle
0.0359644144773
457.0 206.0 37.0 20.0
obstacle
0.0357910841703
345.0 134.0 40.0 15.0
obstacle
0.0357023924589
0.0 4.0 40.0 18.0
obstacle
0.0355154946446
350.0 209.0 33.0 19.0
obstacle
0.0352711863816
189.0 206.0 198.0 70.0
obstacle
0.0351643823087
0.0 173.0 75.0 40.0
obstacle
0.0348308831453
149.0 157.0 47.0 20.0
obstacle
0.0346989631653
384.0 209.0 40.0 15.0
obstacle
0.0346867367625
345.0 47.0 113.0 37.0
obstacle
0.0346553213894
309.0 256.0 43.0 18.0
obstacle
0.0346361994743
222.0 251.0 132.0 35.0
obstacle
0.0343841612339
417.0 2.0 46.0 18.0
obstacle
0.0341396406293
112.0 179.0 196.0 77.0
obstacle
0.0340845994651
0.0 54.0 43.0 20.0
obstacle
0.0339684486389
380.0 107.0 49.0 17.0
obstacle
0.0336356982589
269.0 46.0 113.0 38.0
obstacle
0.0336317233741
303.0 132.0 46.0 21.0
obstacle
0.0332663059235
455.0 132.0 45.0 19.0
obstacle
0.033060580492
70.0 171.0 47.0 48.0
obstacle
0.0329236537218
165.0 204.0 15.0 28.0
obstacle
0.0327050536871
281.0 157.0 13.0 26.0
obstacle
0.0326529927552
357.0 0.0 96.0 32.0
obstacle
0.0326356999576
24.0 252.0 139.0 32.0
obstacle
0.0324371084571
394.0 125.0 106.0 88.0
obstacle
0.0323479101062
297.0 54.0 58.0 21.0
obstacle
0.0323172882199
221.0 256.0 57.0 24.0
obstacle
0.0321948751807
46.0 194.0 29.0 48.0
obstacle
0.031411588192
186.0 100.0 52.0 85.0
obstacle
0.0310444291681
383.0 129.0 41.0 78.0
obstacle
0.0310310833156
265.0 107.0 45.0 18.0
obstacle
0.0307964384556
0.0 202.0 85.0 37.0
obstacle
0.0307405609637
81.0 153.0 105.0 31.0
obstacle
0.0306258872151
32.0 272.0 126.0 44.0
obstacle
0.0304840020835
415.0 131.0 54.0 22.0
obstacle
0.0303275678307
265.0 251.0 136.0 29.0
obstacle
0.0301694087684
114.0 147.0 117.0 40.0
obstacle
0.02989445813
414.0 105.0 55.0 21.0
obstacle
0.029880521819
329.0 303.0 147.0 30.0
obstacle
0.0298270750791
0.0 203.0 111.0 81.0
obstacle
0.0297966711223
64.0 277.0 62.0 32.0
obstacle
0.0297308135778
47.0 153.0 102.0 31.0
obstacle
0.0295999962837
458.0 138.0 42.0 63.0
obstacle
0.0295947529376
0.0 194.0 249.0 96.0
obstacle
0.0295403357595
160.0 121.0 102.0 39.0
obstacle
0.0292014647275
241.0 160.0 15.0 21.0
obstacle
0.0291884783655
331.0 278.0 147.0 31.0
obstacle
0.0291693769395
69.0 249.0 54.0 84.0
obstacle
0.0290073622018
147.0 129.0 50.0 23.0
obstacle
0.0288413837552
148.0 223.0 122.0 37.0
obstacle
0.0288280043751
390.0 0.0 104.0 30.0
obstacle
0.0286634955555
411.0 56.0 61.0 19.0
obstacle
0.0285738930106
125.0 182.0 16.0 24.0
obstacle
0.0285523235798
267.0 133.0 40.0 18.0
obstacle
0.0285460241139
0.0 184.0 41.0 18.0
obstacle
0.028400503099
455.0 105.0 45.0 20.0
obstacle
0.0283468496054
226.0 107.0 48.0 18.0
obstacle
0.0282648522407
312.0 127.0 102.0 30.0
obstacle
0.0281928498298
266.0 203.0 44.0 80.0
obstacle
0.0280843060464
50.0 233.0 12.0 20.0
obstacle
0.0280784424394
224.0 77.0 52.0 80.0
obstacle
0.0280175637454
422.0 176.0 41.0 84.0
obstacle
0.0277809202671
378.0 281.0 48.0 24.0
obstacle
0.0277138873935
189.0 131.0 44.0 22.0
obstacle
0.0277108605951
27.0 55.0 57.0 20.0
obstacle
0.0276011843234
431.0 233.0 14.0 21.0
obstacle
0.0275350548327
4.0 191.0 336.0 142.0
obstacle
0.027501385659
0.0 233.0 231.0 100.0
obstacle
0.0274631679058
463.0 179.0 36.0 78.0
obstacle
0.0273652598262
157.0 185.0 28.0 15.0
obstacle
0.0272567849606
111.0 249.0 49.0 84.0
obstacle
0.027087032795
312.0 98.0 106.0 36.0
obstacle
0.0270221102983
185.0 106.0 52.0 21.0
obstacle
0.0269917752594
44.0 166.0 33.0 54.0
obstacle
0.0269878637046
145.0 256.0 52.0 25.0
obstacle
0.0269838105887
113.0 216.0 44.0 52.0
obstacle
0.0269264280796
68.0 54.0 53.0 21.0
obstacle
0.0268196538091
340.0 106.0 47.0 78.0
obstacle
0.0267313215882
238.0 96.0 101.0 40.0
obstacle
0.0267191659659
29.0 253.0 60.0 25.0
obstacle
0.0266913287342
62.0 255.0 64.0 24.0
obstacle
0.0266612432897
144.0 104.0 57.0 22.0
obstacle
0.026562217623
310.0 202.0 115.0 35.0
obstacle
0.0265154596418
381.0 273.0 47.0 60.0
obstacle
0.0264841578901
355.0 48.0 20.0 34.0
obstacle
0.0264467466623
304.0 106.0 46.0 17.0
obstacle
0.0264466442168
195.0 96.0 112.0 40.0
obstacle
0.0263422410935
189.0 186.0 42.0 63.0
obstacle
0.0263280700892
132.0 5.0 313.0 119.0
obstacle
0.0263052824885
192.0 48.0 113.0 34.0
obstacle
0.0262512322515
107.0 104.0 56.0 22.0
obstacle
0.0260893832892
422.0 131.0 42.0 75.0
obstacle
0.0260013695806
386.0 47.0 111.0 38.0
obstacle
0.0259852465242
182.0 231.0 55.0 20.0
obstacle
0.0259707197547
386.0 168.0 37.0 48.0
obstacle
0.0259251222014
104.0 255.0 59.0 24.0
obstacle
0.0259194821119
151.0 228.0 349.0 105.0
obstacle
0.0258272327483
146.0 4.0 51.0 17.0
obstacle
0.0257971417159
0.0 310.0 47.0 22.0
obstacle
0.0257530547678
301.0 78.0 52.0 81.0
obstacle
0.025661200285
357.0 175.0 143.0 85.0
obstacle
0.0256469510496
278.0 120.0 94.0 44.0
obstacle
0.0255054719746
378.0 101.0 51.0 85.0
obstacle
0.0254958029836
259.0 28.0 58.0 74.0
obstacle
0.0254336353391
335.0 32.0 60.0 67.0
obstacle
0.0251196064055
310.0 213.0 35.0 58.0
obstacle
0.025048404932
114.0 121.0 115.0 39.0
obstacle
0.0250156968832
436.0 123.0 64.0 37.0
obstacle
0.024960886687
303.0 3.0 45.0 20.0
obstacle
0.0248426031321
73.0 161.0 46.0 16.0
obstacle
0.0247893054038
149.0 72.0 123.0 38.0
obstacle
0.0246846303344
380.0 82.0 46.0 14.0
obstacle
0.0246422626078
276.0 97.0 101.0 39.0
obstacle
0.0245393421501
0.0 281.0 47.0 26.0
obstacle
0.0245257448405
224.0 80.0 49.0 19.0
obstacle
0.0245137773454
0.0 80.0 41.0 18.0
obstacle
0.0245116762817
152.0 46.0 115.0 39.0
obstacle
0.0243154857308
108.0 130.0 50.0 21.0
obstacle
0.0243133120239
0.0 158.0 41.0 19.0
obstacle
0.0242978502065
343.0 81.0 44.0 15.0
obstacle
0.0242594741285
348.0 221.0 38.0 41.0
obstacle
0.0240945629776
18.0 47.0 311.0 136.0
obstacle
0.0240877456963
78.0 120.0 111.0 41.0
obstacle
0.0240365918726
260.0 77.0 57.0 82.0
obstacle
0.024035923183
150.0 165.0 43.0 57.0
obstacle
0.0240050852299
342.0 280.0 49.0 26.0
obstacle
0.0238887500018
189.0 73.0 119.0 35.0
obstacle
0.0238867774606
351.0 187.0 31.0 60.0
obstacle
0.0238769557327
417.0 283.0 46.0 22.0
obstacle
0.0238446183503
420.0 208.0 46.0 18.0
obstacle
0.0238011553884
462.0 217.0 35.0 56.0
obstacle
0.0237977094948
0.0 51.0 114.0 30.0
obstacle
0.0237260945141
143.0 248.0 134.0 40.0
obstacle
0.0236908830702
220.0 54.0 58.0 21.0
obstacle
0.0236611291766
338.0 3.0 48.0 19.0
obstacle
0.0235795415938
222.0 231.0 59.0 23.0
obstacle
0.0235645342618
67.0 0.0 136.0 32.0
obstacle
0.0234115868807
0.0 121.0 222.0 143.0
obstacle
0.023407233879
187.0 80.0 47.0 19.0
obstacle
0.0234057698399
0.0 130.0 43.0 22.0
obstacle
0.0233733989298
76.0 95.0 117.0 41.0
obstacle
0.0233536697924
183.0 24.0 57.0 82.0
obstacle
0.0232596676797
351.0 244.0 36.0 44.0
obstacle
0.0231480430812
72.0 218.0 43.0 50.0
obstacle
0.023145897314
68.0 130.0 53.0 23.0
obstacle
0.0231404397637
422.0 262.0 41.0 64.0
obstacle
0.0230915937573
473.0 155.0 17.0 24.0
obstacle
0.0230686385185
456.0 55.0 44.0 20.0
obstacle
0.0230004247278
145.0 75.0 56.0 83.0
obstacle
0.0228350050747
183.0 53.0 56.0 23.0
obstacle
0.0227723121643
101.0 278.0 64.0 31.0
obstacle
0.0227377340198
186.0 129.0 207.0 84.0
obstacle
0.0227109286934
391.0 234.0 19.0 23.0
obstacle
0.0225659683347
320.0 152.0 82.0 32.0
obstacle
0.022336281836
238.0 170.0 34.0 39.0
obstacle
0.0223361756653
107.0 76.0 57.0 81.0
obstacle
0.0223153345287
92.0 117.0 159.0 102.0
obstacle
0.022310398519
0.0 105.0 41.0 20.0
obstacle
0.0222546700388
353.0 100.0 99.0 33.0
obstacle
0.0221980866045
309.0 255.0 188.0 74.0
obstacle
0.0221687424928
106.0 4.0 54.0 19.0
obstacle
0.0220610778779
84.0 258.0 331.0 75.0
obstacle
0.0220514889807
69.0 104.0 55.0 23.0
obstacle
0.0219642352313
2.0 0.0 113.0 31.0
obstacle
0.021927466616
32.0 255.0 52.0 78.0
