obstacle
0.334237843752
327.055603027 0.0 172.944396973 333.0
obstacle
0.311246395111
301.014953613 213.562561035 38.4056396484 53.484375
obstacle
0.302505999804
310.152740479 118.654914856 20.1967163086 190.782226562
obstacle
0.301811307669
322.473297119 189.496185303 104.248962402 119.834014893
obstacle
0.288825511932
160.882736206 150.04258728 40.9614562988 49.0863342285
obstacle
0.277639359236
269.926849365 96.2325744629 32.2314453125 122.982849121
obstacle
0.277573823929
252.313903809 58.4303436279 146.846130371 202.939956665
obstacle
0.273990750313
154.211715698 188.631652832 224.633682251 144.368347168
obstacle
0.273593962193
74.7459106445 150.484588623 103.265197754 182.515411377
obstacle
0.27095296979
124.457870483 153.986450195 73.8327026367 112.676269531
obstacle
0.269235998392
371.470794678 222.15914917 128.529205322 56.8975524902
obstacle
0.253902435303
50.3396453857 168.731506348 274.988098145 41.3391113281
obstacle
0.249946370721
346.288787842 139.537765503 83.3384399414 44.7133483887
obstacle
0.249527573586
198.878540039 219.996002197 109.760559082 71.4761352539
obstacle
0.248173192143
356.880584717 199.30291748 35.4497680664 27.1680603027
obstacle
0.247172921896
195.405838013 196.198974609 24.1254577637 136.801025391
obstacle
0.244947984815
179.886199951 0.0 20.3186340332 333.0
obstacle
0.243956297636
144.899047852 266.543579102 52.8336181641 66.4564208984
obstacle
0.2426995188
341.874420166 190.824554443 89.3229370117 33.8524475098
obstacle
0.242559283972
261.370697021 70.4380493164 23.1552124023 258.440643311
obstacle
0.242049783468
137.154403687 94.2303924561 74.3624572754 61.2235870361
obstacle
0.241422012448
364.180358887 264.036346436 135.819641113 68.9636535645
obstacle
0.240529790521
0.0 218.714859009 451.286621094 41.8880767822
obstacle
0.240197107196
130.924453735 106.715896606 211.304489136 84.6448974609
obstacle
0.239881888032
74.498336792 0.0 246.519424438 238.08380127
obstacle
0.235441222787
191.429931641 115.593460083 56.9942321777 176.996749878
obstacle
0.233504936099
387.245788574 187.872634888 112.754211426 58.6199035645
obstacle
0.23306837678
377.632446289 65.2108917236 29.9128417969 121.038696289
obstacle
0.233045786619
435.58392334 38.6031341553 64.4160766602 217.624145508
obstacle
0.225931763649
499.0 0.0 1.0 333.0
obstacle
0.224760740995
90.1307525635 267.627929688 91.5731506348 24.403503418
obstacle
0.224690034986
88.4424972534 235.910812378 96.8017654419 12.799407959
obstacle
0.223957121372
287.251831055 243.180557251 77.7731933594 89.819442749
obstacle
0.223425358534
210.562042236 172.495239258 86.6319885254 41.1596069336
obstacle
0.220144435763
347.654968262 70.1969985962 24.8770141602 190.3855896
obstacle
0.21980547905
38.2560806274 43.714225769 156.960235596 109.666023254
obstacle
0.219379156828
345.494842529 176.167205811 22.5180664062 16.2149963379
obstacle
0.215988010168
0.0 3.76875305176 37.2608146667 285.774841309
obstacle
0.214045494795
189.074127197 167.127090454 40.7267456055 51.325592041
obstacle
0.213255643845
0.0 199.626037598 114.142913818 75.6033630371
obstacle
0.212142974138
338.819702148 0.0 94.3847045898 86.4756469727
obstacle
0.210469216108
326.096008301 165.705245972 26.4223022461 101.320846558
obstacle
0.209197849035
80.607925415 154.35005188 183.857650757 30.5469055176
obstacle
0.206651955843
311.497650146 1.15280342102 25.0203857422 64.138092041
obstacle
0.205599009991
356.025970459 226.311828613 56.0860595703 24.4709777832
obstacle
0.204990595579
330.443786621 0.0 26.3179321289 333.0
obstacle
0.204052090645
93.2360534668 160.946899414 29.816986084 172.053100586
obstacle
0.203586176038
176.145858765 297.095458984 277.407714844 35.9045410156
obstacle
0.20162075758
115.548706055 120.744003296 37.8910522461 80.4786071777
obstacle
0.201381519437
111.088668823 206.016311646 131.80178833 84.2604827881
obstacle
0.201230794191
24.1500396729 0.0 83.3568725586 272.175201416
obstacle
0.200251579285
187.107818604 206.724395752 187.680908203 24.0241088867
obstacle
0.200095921755
360.720703125 194.519943237 33.8834228516 138.480056763
obstacle
0.199219867587
334.41583252 242.921325684 55.2548828125 54.7274169922
obstacle
0.198671907187
164.808410645 193.543075562 51.6328735352 71.4265594482
obstacle
0.198024451733
218.900482178 133.561096191 23.5378723145 73.6422729492
obstacle
0.197247102857
329.561737061 191.456695557 29.60546875 25.982208252
obstacle
0.193456530571
93.7941055298 99.2461929321 20.3759765625 140.474121094
obstacle
0.19237922132
258.677185059 164.927993774 78.1138305664 62.4095153809
obstacle
0.192377120256
145.690551758 312.726074219 47.592956543 20.2739257812
obstacle
0.192175835371
273.115478516 110.706054688 88.8109130859 83.1920166016
obstacle
0.19028185308
0.0 301.103088379 192.947402954 31.8969116211
obstacle
0.185600072145
55.3545227051 144.953308105 103.819137573 36.6214904785
obstacle
0.183804124594
180.4193573 270.763183594 22.0575866699 62.2368164062
obstacle
0.183256179094
162.361953735 0.0 321.102050781 115.7525177
obstacle
0.183082595468
461.863006592 118.986450195 38.1369934082 77.0972595215
obstacle
0.182450503111
384.036071777 1.80472564697 115.963928223 110.089179993
obstacle
0.182230100036
229.65524292 0.0 63.3007202148 306.656158447
obstacle
0.181987002492
236.244186401 131.933242798 36.7675933838 94.9924316406
obstacle
0.181984215975
288.279785156 188.131011963 20.4266967773 64.8678283691
obstacle
0.181934460998
125.087852478 0.0 161.334014893 76.7000808716
obstacle
0.18143376708
458.210235596 201.843841553 35.2025146484 131.156158447
obstacle
0.181320160627
53.9961547852 147.395294189 23.1807403564 147.592681885
obstacle
0.180542320013
0.0 263.68081665 366.672363281 53.8655395508
obstacle
0.180311053991
327.164978027 46.8703994751 16.0709838867 122.542015076
obstacle
0.1802688241
394.089141846 0.0 105.910858154 35.7235908508
obstacle
0.179532542825
73.5200576782 145.633422852 24.5615997314 187.366577148
obstacle
0.178384840488
10.3625030518 164.604400635 117.487243652 39.4560546875
obstacle
0.177196890116
116.039024353 0.0 48.9904556274 194.678329468
obstacle
0.177097409964
262.362701416 174.830978394 14.3414306641 120.38130188
obstacle
0.175279095769
430.72442627 0.0 69.2755737305 1.0
obstacle
0.174406081438
483.948608398 0.0 16.0513916016 310.84677124
obstacle
0.173852726817
114.394165039 284.952819824 163.53704834 44.3926391602
obstacle
0.173838868737
130.612258911 74.7535095215 15.9141235352 85.9423370361
obstacle
0.173702865839
220.840194702 276.45703125 91.8150787354 52.5911254883
obstacle
0.17261916399
308.213134766 230.972686768 63.9626464844 48.3260803223
obstacle
0.171765446663
168.309387207 0.0 64.7290039062 223.677703857
obstacle
0.171153500676
473.32208252 0.0 25.7821044922 105.240982056
obstacle
0.17106230557
212.168807983 77.6128082275 30.2094726562 76.8157806396
obstacle
0.170896425843
133.03364563 152.245925903 21.6865539551 124.768722534
obstacle
0.170639708638
485.269592285 332.0 14.7304077148 1.0
obstacle
0.168828606606
439.573638916 226.507415771 38.0314941406 89.7756958008
obstacle
0.168502703309
161.759063721 0.0 20.3843994141 143.476028442
obstacle
0.166896685958
122.105102539 209.414978027 22.8770446777 123.585021973
obstacle
0.165873631835
66.7253570557 332.0 87.1221008301 1.0
obstacle
0.165021955967
39.3400192261 116.640922546 26.1921157837 111.788490295
obstacle
0.163939073682
386.665161133 234.068328857 32.2517700195 46.3190307617
obstacle
0.163687333465
128.270431519 175.981307983 46.2088928223 44.9743041992
obstacle
0.163332164288
163.694244385 80.3066711426 27.3694458008 175.20111084
obstacle
0.162836924195
80.1106491089 116.009742737 36.3761291504 47.1792984009
obstacle
0.161079436541
0.0 209.93963623 1.0 123.06036377
obstacle
0.16011621058
0.0 57.1411132812 87.4358062744 67.8346099854
obstacle
0.159850090742
0.0 168.280044556 38.2723236084 48.8182678223
obstacle
0.159757375717
353.441436768 0.0 47.5210571289 272.489227295
obstacle
0.159284695983
157.712692261 189.519393921 20.2118835449 143.480606079
obstacle
0.159021511674
0.0 238.897918701 157.047393799 60.3618774414
obstacle
0.158644869924
339.817077637 311.949249268 160.182922363 20.7781982422
obstacle
0.157952055335
240.395126343 0.0 78.3042144775 97.4641647339
obstacle
0.157600492239
109.59185791 127.713371277 20.5769500732 152.239227295
obstacle
0.156686410308
128.138458252 0.0 33.2318725586 84.7151184082
obstacle
0.156584352255
17.0087623596 57.0981903076 40.8597412109 275.901794434
obstacle
0.155978530645
226.076080322 119.160758972 80.7476196289 35.285987854
obstacle
0.154369801283
103.440284729 244.800354004 27.5425491333 81.5345458984
obstacle
0.153854772449
0.0 326.047576904 236.199127197 6.9524230957
obstacle
0.152805238962
359.928283691 18.025428772 25.1265258789 130.486846924
obstacle
0.152336001396
94.494430542 29.3936920166 41.7623138428 141.178665161
obstacle
0.151626124978
277.228424072 149.625213623 42.6156005859 29.3027038574
obstacle
0.151552453637
142.69631958 53.2485046387 29.352142334 278.068786621
obstacle
0.151537150145
257.356750488 0.0 33.4987182617 52.3113555908
obstacle
0.150713086128
31.9634780884 179.385391235 110.766014099 60.5987548828
obstacle
0.149982616305
0.0 183.946762085 6.92211914062 47.9901733398
obstacle
0.148389652371
0.0 129.770843506 500.0 79.2299499512
obstacle
0.147115767002
139.935653687 246.079177856 33.7529907227 60.8592987061
obstacle
0.145826205611
256.953674316 196.281295776 89.8333129883 88.8931732178
obstacle
0.144966170192
319.269561768 153.728088379 51.6001586914 28.1444702148
obstacle
0.144757091999
304.764526367 176.356109619 61.0928344727 42.3163146973
obstacle
0.142884403467
173.713012695 203.021316528 21.1922912598 120.062271118
obstacle
0.142722725868
219.354232788 145.993850708 80.0993804932 42.2652893066
obstacle
0.142459049821
25.7770271301 175.840209961 32.7970275879 92.5559387207
obstacle
0.140933215618
377.83996582 0.0 86.9076538086 1.0
obstacle
0.140670120716
107.625694275 96.6257171631 22.5472946167 73.3855895996
obstacle
0.140423178673
0.0 0.0 1.0 140.465087891
obstacle
0.136887893081
183.151321411 87.6907272339 31.1090698242 109.78049469
obstacle
0.135915651917
211.811660767 160.780410767 22.0657958984 88.156036377
obstacle
0.135479599237
144.739471436 249.674682617 65.3492126465 32.8110351562
obstacle
0.13504563272
231.412902832 0.0 222.521728516 43.5148086548
obstacle
0.134034454823
73.3363342285 213.058502197 44.0868225098 48.4552612305
obstacle
0.130457133055
200.759140015 95.4184112549 31.025604248 87.1889953613
obstacle
0.128588229418
281.00112915 49.3998718262 20.682800293 54.8457489014
obstacle
0.128496289253
367.111450195 136.430908203 132.888549805 78.9961242676
obstacle
0.124820105731
247.646148682 234.996688843 56.1447143555 35.7135772705
obstacle
0.124537110329
316.739074707 89.5085525513 183.260925293 57.7365341187
obstacle
0.122661814094
236.078475952 187.524108887 27.6085357666 117.053405762
obstacle
0.121413044631
0.0 252.564315796 46.9666290283 22.6370697021
obstacle
0.119310863316
237.801361084 67.5860519409 27.742401123 119.210029602
obstacle
0.118201203644
114.819442749 0.0 77.9909362793 1.0
obstacle
0.11636056006
0.0 177.671463013 17.473449707 155.328536987
obstacle
0.115128278732
204.709991455 203.462966919 62.1995239258 49.9891357422
obstacle
0.112797662616
243.966522217 205.695709229 37.7157592773 25.5901184082
obstacle
0.111378379166
82.4504699707 253.508850098 25.1304626465 79.4911499023
obstacle
0.111370615661
0.0 0.0 144.566635132 93.8223800659
obstacle
0.111263416708
172.327041626 98.8637390137 19.6309814453 24.1925964355
obstacle
0.111143320799
161.021286011 210.886764526 27.3955688477 37.6237487793
obstacle
0.1099242419
328.962738037 78.1663513184 48.6114501953 78.246963501
obstacle
0.0956518575549
305.821228027 192.67930603 91.3740844727 51.1982421875
obstacle
0.0948067232966
176.284301758 158.366043091 18.6143798828 77.2432556152
obstacle
0.0927624478936
245.927307129 48.2170715332 34.5122070312 88.9606781006
obstacle
0.082948513329
153.28338623 316.253295898 191.984985352 16.7467041016
obstacle
0.0760776996613
227.655578613 195.561416626 75.7673950195 29.8385009766
obstacle
0.0710024088621
253.183898926 332.0 181.927307129 1.0
obstacle
0.0680320411921
314.610168457 141.331970215 37.5850830078 25.9714660645
obstacle
0.061351776123
301.347076416 129.547912598 23.6025390625 43.7645874023
obstacle
0.0571924336255
0.0 332.0 28.5037841797 1.0
obstacle
0.0482962653041
282.734802246 178.093841553 29.1048583984 154.906158447
