obstacle
0.418608248234
449.049285889 15.5208892822 50.9507141113 214.43057251
obstacle
0.410911381245
499.0 0.0 1.0 281.0
obstacle
0.405464023352
350.772583008 102.612792969 20.3034057617 146.563323975
obstacle
0.399230450392
132.737213135 111.196586609 46.6058959961 36.8776473999
obstacle
0.398694813251
358.393829346 34.1264572144 48.9179077148 173.463287354
obstacle
0.385620236397
7.65802001953 0.0 54.3519287109 281.0
obstacle
0.367167681456
406.104248047 0.0 93.8957519531 82.4972381592
obstacle
0.358110666275
87.5459747314 167.369659424 193.842941284 51.5687866211
obstacle
0.356482684612
36.1906509399 0.0 156.221313477 281.0
obstacle
0.353450417519
421.357635498 0.0 29.5302734375 153.194458008
obstacle
0.335846215487
286.072723389 0.0 198.58795166 181.419433594
obstacle
0.33090621233
499.0 75.8243560791 1.0 60.4954681396
obstacle
0.31549847126
75.1368560791 80.6191864014 77.8609619141 88.4519958496
obstacle
0.307026654482
343.06741333 280.0 39.8270874023 1.0
obstacle
0.305055767298
450.760498047 0.0 49.2395019531 1.0
obstacle
0.303047865629
499.0 61.6776504517 1.0 32.7242584229
obstacle
0.298431187868
274.294128418 171.012710571 89.3366699219 109.987289429
obstacle
0.292600363493
386.763183594 0.0 19.668762207 26.8916931152
obstacle
0.290999054909
376.341705322 0.0 65.1228637695 135.790100098
obstacle
0.289877295494
242.843780518 0.0 132.027770996 281.0
obstacle
0.28807297349
486.856872559 0.0 13.1431274414 92.8288879395
obstacle
0.285145878792
252.779998779 116.106803894 143.900024414 29.375831604
obstacle
0.28484454751
287.036560059 0.0 22.2570800781 122.394683838
obstacle
0.272933930159
41.5722770691 150.855194092 94.6070098877 126.2315979
obstacle
0.270328313112
128.212921143 76.7111358643 106.513427734 69.2378082275
obstacle
0.26889911294
491.710144043 0.0 8.28985595703 281.0
obstacle
0.267220795155
497.922546387 35.2852668762 2.07745361328 95.6777496338
obstacle
0.265774339437
253.561813354 4.645154953 179.637954712 58.043258667
obstacle
0.254735767841
360.213989258 16.4894866943 10.4387207031 126.148101807
obstacle
0.254273384809
25.2004814148 66.852432251 37.495880127 120.251678467
obstacle
0.250591665506
387.024230957 195.731018066 112.975769043 79.9070129395
obstacle
0.247924387455
81.843170166 216.828460693 36.1250915527 64.1715393066
obstacle
0.247428670526
91.9431152344 0.0 45.5134735107 87.8282394409
obstacle
0.243008807302
351.323730469 0.0 32.3627929688 139.23348999
obstacle
0.241740003228
125.83996582 0.0 125.399871826 209.120101929
obstacle
0.241100147367
84.8409729004 0.0 280.469726562 60.4699935913
obstacle
0.239966720343
292.546661377 94.1480712891 53.6298828125 36.2041473389
obstacle
0.23712913692
341.31729126 0.0 27.3225708008 61.50831604
obstacle
0.236119478941
245.333084106 113.105499268 254.416244507 97.2130737305
obstacle
0.235910341144
171.567184448 169.55708313 126.355789185 111.44291687
obstacle
0.234210193157
40.024307251 57.4716453552 71.5180969238 73.6187438965
obstacle
0.226943254471
274.267364502 93.8243713379 59.3272094727 123.928192139
obstacle
0.226549044251
67.7764511108 0.0 39.5638885498 281.0
obstacle
0.226534903049
396.342834473 0.0 25.0316772461 278.653381348
obstacle
0.224718287587
475.458740234 133.595916748 24.5412597656 145.765960693
obstacle
0.224622443318
11.047542572 136.252944946 26.3531417847 73.5155029297
obstacle
0.223919436336
209.434616089 280.0 290.565368652 1.0
obstacle
0.219754487276
462.453338623 110.260391235 37.546661377 83.6056518555
obstacle
0.216289311647
148.237091064 99.6747055054 351.762908936 49.2743606567
obstacle
0.216260030866
185.016860962 170.932769775 314.983154297 30.8503417969
obstacle
0.216039851308
311.367431641 32.4935760498 71.5808105469 52.9108123779
obstacle
0.215876236558
34.0913085938 161.829711914 38.8822402954 119.170288086
obstacle
0.21477176249
58.9765281677 121.307929993 89.3531341553 16.8061141968
obstacle
0.20865264535
433.309417725 0.0 27.4044189453 281.0
obstacle
0.20846837759
123.339706421 0.0 376.66027832 1.0
obstacle
0.20841537416
386.681365967 220.074539185 24.9765014648 23.016998291
obstacle
0.20621471107
391.685302734 160.351409912 108.314697266 10.839263916
obstacle
0.204269364476
272.380157471 159.769287109 28.3884887695 117.573883057
obstacle
0.204154461622
212.009155273 29.6621837616 125.159667969 54.593963623
obstacle
0.20356361568
351.898986816 72.4664001465 144.164794922 58.7758026123
obstacle
0.203308835626
370.784210205 280.0 55.1901855469 1.0
obstacle
0.201984137297
453.156738281 17.0057086945 39.4906616211 53.527305603
obstacle
0.201751962304
128.96144104 0.0 26.6429138184 128.308395386
obstacle
0.20115223527
452.172149658 107.513641357 26.4623413086 173.486358643
obstacle
0.201090022922
323.516693115 0.0 24.1477050781 172.172866821
obstacle
0.200824782252
45.4771118164 5.74819946289 39.9815063477 243.463882446
obstacle
0.199479579926
474.592651367 52.5816421509 19.0035400391 69.5659179688
obstacle
0.199316293001
301.557373047 0.0 35.8527832031 281.0
obstacle
0.196708917618
225.943267822 0.0 31.1811523438 212.016479492
obstacle
0.196081370115
225.753067017 0.0 87.5119476318 31.9970035553
obstacle
0.194671407342
37.074256897 0.0 20.3094329834 85.444152832
obstacle
0.194294527173
495.135009766 84.5054626465 4.86499023438 86.1167297363
obstacle
0.193601623178
0.0 93.3983383179 16.4538049698 187.601654053
obstacle
0.192745611072
332.973205566 49.9213066101 34.6189575195 114.07572937
obstacle
0.192553058267
332.284667969 179.269561768 20.1147460938 101.730438232
obstacle
0.192175939679
450.114746094 224.750488281 49.8852539062 56.2495117188
obstacle
0.191546857357
185.371292114 272.037536621 314.628723145 8.96246337891
obstacle
0.190081715584
499.0 0.0 1.0 1.0
obstacle
0.189308091998
112.896255493 133.403381348 80.2624816895 80.6343383789
obstacle
0.188889577985
161.057601929 0.0 42.3826904297 109.916954041
obstacle
0.186922281981
201.050170898 231.494537354 260.879821777 49.5054626465
obstacle
0.182613030076
217.524368286 0.0 30.8186645508 55.4667549133
obstacle
0.181744784117
0.0 252.290283203 231.272888184 28.7097167969
obstacle
0.181160852313
255.105606079 49.227897644 112.441757202 77.6246643066
obstacle
0.180863961577
367.734588623 45.8423843384 37.595703125 57.9660797119
obstacle
0.180480360985
450.307830811 84.9222946167 18.1572875977 13.1624908447
obstacle
0.180189877748
0.0 82.4033432007 24.5955619812 57.620475769
obstacle
0.17753392458
170.931610107 15.5195732117 329.068389893 19.5456008911
obstacle
0.177243277431
288.303588867 34.3673171997 41.8895874023 44.3217468262
obstacle
0.177006736398
1.76190948486 23.4095344543 166.46661377 99.157119751
obstacle
0.175171166658
284.061096191 190.431289673 198.455688477 29.0717773438
obstacle
0.174187272787
412.427734375 280.0 14.2162475586 1.0
obstacle
0.173676550388
146.735565186 43.5834503174 52.2893371582 237.416549683
obstacle
0.173487335443
364.263824463 187.273284912 18.4087524414 93.7267150879
obstacle
0.172745734453
294.506469727 39.6646080017 26.1950073242 127.867263794
obstacle
0.169999822974
268.309539795 0.0 79.7881469727 20.5384483337
obstacle
0.168802008033
256.811401367 0.832698822021 43.8842773438 96.3217010498
obstacle
0.168795436621
28.0805587769 7.03099822998 17.3488006592 122.860908508
obstacle
0.168369457126
316.892456055 0.0 95.1622314453 21.0720024109
obstacle
0.167920604348
255.844924927 74.4141921997 35.3894195557 160.414794922
obstacle
0.167908370495
9.33098602295 29.779800415 15.0972900391 251.220199585
obstacle
0.166339486837
375.209228516 266.547454834 61.8031616211 14.452545166
obstacle
0.165016144514
343.133331299 0.0 132.883666992 39.829864502
obstacle
0.164482101798
304.526733398 161.744552612 93.4536132812 46.1380310059
obstacle
0.160468831658
0.0 276.831634521 155.45489502 4.16836547852
obstacle
0.159906253219
391.137390137 103.390617371 83.75390625 29.7455673218
obstacle
0.159411475062
435.955474854 43.4926300049 31.2497558594 67.2096252441
obstacle
0.15916800499
272.327148438 139.641616821 85.7842407227 40.7739562988
obstacle
0.157389625907
200.037124634 0.0 36.1348876953 199.805465698
obstacle
0.155874237418
0.0 77.4155960083 93.6323242188 29.6443328857
obstacle
0.154556676745
1.60018825531 158.824142456 23.1805305481 54.6073913574
obstacle
0.154503062367
284.909210205 130.800201416 215.090789795 12.7882995605
obstacle
0.153441801667
441.767059326 0.0 50.965637207 37.6533508301
obstacle
0.15285564959
401.175628662 0.0 37.7787475586 54.064491272
obstacle
0.152650550008
286.525512695 0.0 22.0454101562 9.9525680542
obstacle
0.151876091957
67.4133834839 258.881896973 66.3397293091 22.1181030273
obstacle
0.151538386941
0.0 78.8544158936 364.882537842 98.4767150879
obstacle
0.15072132647
475.503417969 8.17515563965 21.0982666016 46.3629722595
obstacle
0.146112442017
314.456329346 210.080368042 14.2005004883 70.919631958
obstacle
0.146008118987
75.1623687744 0.0 115.034942627 42.6405944824
obstacle
0.145067811012
369.617248535 159.182571411 106.498779297 28.925567627
obstacle
0.143310338259
0.0 39.9662475586 1.0 122.207565308
obstacle
0.143298655748
290.818481445 207.087234497 13.1044311523 73.9127655029
obstacle
0.141430944204
99.1170806885 0.0 31.6486816406 22.0225448608
obstacle
0.141310721636
119.776695251 16.3917999268 18.4553756714 264.608215332
obstacle
0.14125919342
398.739318848 135.248352051 101.260681152 80.7878723145
obstacle
0.139747768641
17.7721252441 162.034545898 482.227874756 118.965454102
obstacle
0.138952061534
358.963409424 245.75 119.638549805 35.25
obstacle
0.138854682446
387.870269775 0.0 44.0049438477 1.0
obstacle
0.138714194298
0.0 248.38583374 18.4789142609 32.6141662598
obstacle
0.137667655945
333.944580078 143.083267212 89.8633422852 44.7155456543
obstacle
0.137566834688
225.472183228 124.558319092 59.8658599854 64.2694396973
obstacle
0.136636972427
131.861053467 63.4801635742 368.138946533 22.7531433105
obstacle
0.135942235589
475.516998291 109.132118225 24.483001709 15.2782287598
obstacle
0.135748788714
398.07244873 164.826141357 59.9899291992 84.2224731445
obstacle
0.135605022311
0.0 155.594497681 1.0 8.78564453125
obstacle
0.13386054337
219.188766479 0.0 76.0442047119 1.0
obstacle
0.133858770132
0.0 147.307342529 136.351501465 28.6269226074
obstacle
0.133824333549
0.0 168.522827148 119.423347473 14.9125366211
obstacle
0.133569806814
431.737457275 273.748840332 30.5321044922 7.25115966797
obstacle
0.132612794638
405.546081543 60.4160423279 20.2940673828 30.3863945007
obstacle
0.132371202111
355.214019775 119.561325073 68.8759765625 161.438674927
obstacle
0.132206767797
312.620788574 0.0 18.0610351562 1.0
obstacle
0.131713986397
78.3249664307 50.6474723816 223.994064331 31.0753593445
obstacle
0.130835950375
302.180145264 280.0 49.0371704102 1.0
obstacle
0.129098325968
0.0 10.7330436707 500.0 98.1437530518
obstacle
0.127236947417
258.99810791 70.3743286133 77.6036987305 32.4310302734
obstacle
0.126947969198
293.18371582 66.6333770752 144.802185059 44.432220459
obstacle
0.125235199928
441.424926758 164.674133301 40.7713623047 20.6730041504
obstacle
0.124522723258
0.0 186.842163086 110.800598145 23.413269043
obstacle
0.124522030354
428.090911865 129.884292603 16.7955322266 151.115707397
obstacle
0.123690187931
0.0 0.0 1.0 47.4372825623
obstacle
0.123365797102
88.8869934082 146.6222229 119.522247314 27.1227111816
obstacle
0.123243406415
311.941986084 0.0 21.6361083984 3.41051483154
obstacle
0.122864291072
370.28314209 1.10117721558 10.549621582 92.2403259277
obstacle
0.122586064041
0.0 123.098724365 245.289733887 36.5880126953
obstacle
0.122244462371
0.0 76.4794692993 351.154602051 30.8553619385
obstacle
0.121174931526
118.949363708 149.812850952 43.4095077515 131.187149048
obstacle
0.120411403477
372.256530762 168.59185791 45.3809204102 53.3393554688
obstacle
0.119340971112
388.003082275 118.910133362 89.1081542969 36.1902389526
obstacle
0.119066536427
107.228889465 205.277587891 132.077392578 75.7224121094
obstacle
0.118928387761
65.5278015137 0.0 32.8372650146 62.9100074768
obstacle
0.118283376098
499.0 26.4824066162 1.0 24.4949111938
obstacle
0.118112757802
19.2962150574 9.20657348633 15.2263717651 271.793426514
obstacle
0.118075318635
0.0 0.0 59.9949798584 45.1467399597
obstacle
0.116152107716
317.390319824 249.761886597 17.460144043 31.2381134033
obstacle
0.1160832569
0.0 0.0 3.53256368637 1.0
obstacle
0.114317163825
401.88092041 0.0 98.1190795898 7.45018577576
obstacle
0.11052402854
2.66107559204 212.509475708 49.564453125 68.490524292
obstacle
0.110190369189
0.0 72.9160690308 7.95655536652 42.9830780029
obstacle
0.109228223562
499.0 132.623504639 1.0 77.2254638672
obstacle
0.108844161034
0.0 280.0 34.6012840271 1.0
obstacle
0.108739607036
449.164581299 263.354858398 14.5863037109 17.6451416016
obstacle
0.107981696725
307.054931641 8.00618362427 37.092590332 66.2034759521
obstacle
0.107620969415
125.412010193 156.001876831 222.436889648 30.8180847168
obstacle
0.104475870728
0.0 124.115013123 309.635131836 5.51026153564
obstacle
0.103279598057
437.143585205 82.302154541 38.0826416016 83.34324646
obstacle
0.102259039879
301.796478271 234.72694397 20.7738037109 46.2730560303
obstacle
0.100347675383
302.368286133 82.7588653564 90.5209960938 104.920684814
obstacle
0.0995711013675
0.0 280.0 203.723083496 1.0
obstacle
0.0993020310998
0.0 0.0 1.0 1.06298828125
obstacle
0.0992714762688
231.673049927 144.620819092 86.3916473389 99.9582214355
obstacle
0.0981824621558
0.0 0.0 28.4976997375 123.933792114
obstacle
0.0981713756919
81.6661224365 0.0 45.6943054199 1.0
obstacle
0.0977984070778
0.0 128.75982666 14.505279541 46.3149108887
obstacle
0.0974983647466
274.987701416 0.0 41.7362060547 1.0
obstacle
0.0967157110572
0.0 92.9277877808 145.184402466 118.577430725
obstacle
0.0958327353001
244.629745483 0.0 50.6593475342 16.3034667969
obstacle
0.0939846709371
17.8849620819 280.0 54.8908309937 1.0
obstacle
0.0914462283254
252.454055786 115.267547607 17.3273468018 34.8848876953
obstacle
0.0911514014006
8.1718120575 11.7072124481 16.1253910065 57.5101928711
obstacle
0.0909933447838
304.355010986 0.0 61.2299804688 1.0
obstacle
0.0906626805663
0.0 0.0 26.406879425 1.0
obstacle
0.0896114930511
0.0 155.302276611 1.0 125.697723389
obstacle
0.0885860174894
24.0107650757 0.0 110.279396057 14.8628501892
obstacle
0.0874582827091
427.745788574 0.0 16.6244506836 65.9345855713
obstacle
0.0873400270939
235.733352661 0.0 25.5266571045 42.9548034668
obstacle
0.0868224352598
327.819580078 0.0 13.9908447266 46.9253692627
obstacle
0.0847693905234
493.789520264 106.30821228 6.21047973633 16.7132415771
obstacle
0.0788103491068
313.299377441 112.522148132 121.495239258 21.0189285278
obstacle
0.0783010646701
0.0 0.0 1.0 8.03858947754
obstacle
0.0775179490447
0.0 0.0 73.3105316162 11.3842124939
obstacle
0.0773284286261
0.0 139.819198608 1.0 9.91830444336
obstacle
0.0771435499191
310.642822266 172.730300903 9.66009521484 81.8134155273
obstacle
0.0771351009607
0.0 111.44543457 159.507583618 14.1701049805
obstacle
0.0764125436544
319.482269287 141.630477905 28.6392822266 110.260925293
obstacle
0.07436273247
194.304000854 199.385879517 96.0442657471 38.1336975098
obstacle
0.0741086304188
288.227050781 136.9400177 39.2243041992 25.5818481445
obstacle
0.072507403791
0.0 93.1881866455 80.298034668 49.7697143555
obstacle
0.0709170624614
182.807220459 0.0 85.9039001465 89.5482025146
obstacle
0.0701907277107
0.0 199.974960327 473.920440674 25.4256896973
obstacle
0.0695653408766
104.042732239 0.0 102.330314636 6.28773880005
obstacle
0.0678039640188
352.265289307 0.0 14.5903320312 1.0
obstacle
0.0649299994111
314.319061279 52.3195724487 42.8671875 56.3603973389
obstacle
0.0648695975542
149.166229248 0.0 64.0151367188 1.7134437561
obstacle
0.063489370048
173.476211548 94.2197799683 97.0591888428 34.1562957764
obstacle
0.0607583150268
213.85748291 168.316818237 67.7134399414 31.5229797363
obstacle
0.0603986978531
221.183349609 82.5908126831 51.5451049805 18.0325927734
obstacle
0.0588215328753
314.668304443 0.0 21.0620727539 24.3511867523
obstacle
0.0586805455387
303.3309021 0.0 17.5742797852 31.9374961853
obstacle
0.058194655925
331.454711914 0.0 21.139831543 21.1144256592
obstacle
0.0580600425601
265.362945557 93.0375900269 29.8394775391 54.7371292114
obstacle
0.0538321249187
176.835800171 0.0 93.455947876 12.7479705811
obstacle
0.0533538758755
408.494720459 0.490642547607 5.46228027344 88.9764404297
obstacle
0.0531519800425
0.0 134.12638855 1.0 40.9202270508
obstacle
0.052972804755
0.0 212.775985718 113.401245117 32.0653381348
obstacle
0.0526275672019
315.432495117 90.7411422729 68.0853271484 20.2553253174
obstacle
0.0509678050876
431.122680664 186.490036011 68.8773193359 32.8637390137
obstacle
0.0504715591669
376.170684814 196.596313477 24.2380371094 84.4036865234
obstacle
0.0497903637588
382.144683838 0.0 10.5737304688 3.45595169067
obstacle
0.0492583625019
0.0 36.0200881958 15.8373565674 32.4353790283
obstacle
0.0475982539356
447.002868652 280.0 52.9971313477 1.0
obstacle
0.0374153479934
171.640441895 32.5891265869 82.2236633301 22.2931365967
obstacle
0.0363008603454
360.770751953 0.0 63.5640869141 10.7140846252
obstacle
0.0299553908408
141.148986816 0.0 102.851165771 33.4492340088
obstacle
0.0292306225747
410.439178467 72.4205245972 16.7280273438 45.0379486084
