obstacle
0.422297120094
499.0 0.0 1.0 334.0
obstacle
0.415672838688
172.090286255 202.336456299 141.459396362 131.663543701
obstacle
0.397931188345
317.701812744 59.9673156738 80.639465332 274.032684326
obstacle
0.393646031618
215.824707031 0.0 122.759765625 334.0
obstacle
0.38811442256
417.836486816 0.0 82.1635131836 293.759094238
obstacle
0.369859069586
0.0 322.826660156 76.4463806152 11.1733398438
obstacle
0.357790648937
484.685394287 0.0 15.3146057129 334.0
obstacle
0.350030362606
131.70489502 333.0 69.1317749023 1.0
obstacle
0.348706305027
72.2114868164 83.3016052246 73.3593902588 174.080596924
obstacle
0.295746147633
248.608215332 227.801315308 230.066650391 106.198684692
obstacle
0.294569134712
404.722198486 173.07220459 95.2778015137 79.3247680664
obstacle
0.28721472621
103.859512329 327.024230957 59.9421691895 6.97576904297
obstacle
0.268978655338
221.237289429 122.268325806 13.7068481445 211.731674194
obstacle
0.266916841269
168.879455566 333.0 151.910949707 1.0
obstacle
0.262811332941
207.567825317 267.054992676 61.6734771729 66.9450073242
obstacle
0.261194050312
285.795227051 192.558547974 104.753173828 80.9941864014
obstacle
0.259979516268
123.728225708 165.739654541 42.25 168.260345459
obstacle
0.256475359201
167.482513428 0.0 64.0724182129 334.0
obstacle
0.248467922211
266.138885498 202.298187256 69.9338989258 131.701812744
obstacle
0.241722866893
57.2221069336 206.079162598 71.1754455566 75.8428039551
obstacle
0.240756958723
241.214172363 0.0 207.756408691 147.422653198
obstacle
0.238443359733
45.013961792 271.444458008 98.5489349365 62.5555419922
obstacle
0.238425686955
126.302566528 294.064727783 93.6953125 39.9352722168
obstacle
0.238013401628
285.492980957 91.6048049927 214.507019043 159.895385742
obstacle
0.237493053079
0.0 229.593292236 500.0 28.296875
obstacle
0.23706522584
21.6818847656 117.134857178 73.6251602173 216.865142822
obstacle
0.235026419163
88.4934844971 0.0 129.47052002 160.432861328
obstacle
0.232855394483
222.408752441 19.9335174561 21.4004211426 250.341690063
obstacle
0.22114995122
54.7326316833 214.726867676 32.7087440491 119.273132324
obstacle
0.220576003194
6.06419944763 161.306213379 34.3375091553 172.693786621
obstacle
0.215767413378
376.562011719 0.0 123.437988281 36.2377815247
obstacle
0.215287983418
303.549926758 69.143699646 196.450073242 53.8770141602
obstacle
0.214840248227
307.064086914 160.235595703 38.8869628906 151.65802002
obstacle
0.214001595974
15.4182128906 0.0 160.410125732 334.0
obstacle
0.212210029364
94.1739959717 0.0 239.744827271 45.8376464844
obstacle
0.210666716099
0.0 224.714126587 1.0 109.285873413
obstacle
0.209785312414
68.244644165 333.0 58.5772094727 1.0
obstacle
0.209459036589
0.0 255.05670166 78.5779571533 28.3609008789
obstacle
0.206649810076
436.519561768 0.0 63.4804382324 101.331161499
obstacle
0.206583306193
374.042266846 15.7590789795 67.6394042969 255.822219849
obstacle
0.205879971385
0.0 263.673614502 447.253570557 56.3327026367
obstacle
0.204679742455
18.8006248474 0.0 103.643829346 15.3101043701
obstacle
0.204577803612
241.496490479 212.681442261 152.196350098 9.77914428711
obstacle
0.203958198428
200.200927734 172.464660645 22.5466918945 161.535339355
obstacle
0.202717900276
13.4076442719 100.719543457 47.4125442505 145.570159912
obstacle
0.201805993915
6.27285003662 0.0 43.1403045654 143.516662598
obstacle
0.200788125396
315.811889648 0.0 86.8347167969 97.4788970947
obstacle
0.200027957559
451.558013916 215.435211182 48.441986084 51.2473754883
obstacle
0.199497327209
355.960876465 154.797943115 72.7621459961 177.781005859
obstacle
0.196241930127
220.718460083 68.0092010498 39.5576934814 89.6588134766
obstacle
0.194648399949
20.7049942017 0.0 72.77734375 169.739898682
obstacle
0.192020088434
0.0 95.8471679688 500.0 238.152832031
obstacle
0.189862534404
82.8386230469 118.00844574 187.7394104 61.0915908813
obstacle
0.189460486174
66.2038421631 74.0133666992 111.844467163 52.0758209229
obstacle
0.189274981618
404.797119141 243.38873291 95.2028808594 90.6112670898
obstacle
0.189030900598
78.7758178711 0.0 22.0031585693 334.0
obstacle
0.188777863979
109.660812378 195.043136597 129.793914795 108.333145142
obstacle
0.188635915518
246.438934326 0.0 31.7654418945 331.335968018
obstacle
0.186961859465
0.0 195.706787109 58.459438324 17.0298156738
obstacle
0.186100959778
406.893066406 114.583877563 93.1069335938 77.9831237793
obstacle
0.183729097247
0.0 83.6807174683 368.200622559 111.105964661
obstacle
0.181092590094
482.212768555 240.923339844 17.7872314453 77.0259399414
obstacle
0.180763348937
59.2168807983 268.129516602 241.108459473 28.8190917969
obstacle
0.180236801505
0.0 129.256744385 169.391418457 44.1354370117
obstacle
0.178919419646
0.738021850586 223.071762085 33.46849823 41.5514068604
obstacle
0.177143618464
0.0 0.0 13.5681304932 90.664276123
obstacle
0.176580011845
105.393829346 19.8523712158 274.297851562 75.6651153564
obstacle
0.176313996315
440.097717285 123.075233459 41.1513061523 210.92477417
obstacle
0.176031202078
0.0 32.3587493896 22.0703163147 199.13369751
obstacle
0.174198061228
57.6713485718 0.0 221.736480713 17.5625782013
obstacle
0.172336444259
0.0 0.0 168.931625366 43.1111373901
obstacle
0.170597523451
0.0 333.0 1.0 1.0
obstacle
0.170107394457
179.605102539 118.768310547 20.6195983887 103.99786377
obstacle
0.168148472905
184.399688721 0.969610214233 218.361755371 21.5459156036
obstacle
0.167956501245
310.202331543 0.0 41.8819580078 263.685119629
obstacle
0.167321607471
0.0 290.884033203 88.1391448975 43.1159667969
obstacle
0.166585803032
89.2549133301 148.728759766 124.840667725 84.4257507324
obstacle
0.166573360562
323.891967773 275.764709473 63.6806030273 58.2352905273
obstacle
0.164647802711
179.266677856 179.760726929 320.733337402 37.0199890137
obstacle
0.164544090629
331.431365967 249.831542969 101.065429688 32.5612182617
obstacle
0.163337081671
472.394165039 151.012191772 18.8861694336 182.987808228
obstacle
0.161917060614
209.190185547 319.376495361 129.07800293 14.6235046387
obstacle
0.160917833447
112.535308838 285.852539062 212.044616699 32.0840454102
obstacle
0.160886988044
0.0 0.0 152.957168579 2.30515289307
obstacle
0.160727262497
23.4641990662 57.3800392151 32.6035690308 108.454498291
obstacle
0.160570368171
138.516281128 62.4047927856 116.335235596 58.4567260742
obstacle
0.16013263166
196.111495972 34.3993225098 34.0217285156 161.188995361
obstacle
0.15989613533
44.8328094482 167.860839844 26.0090484619 135.210510254
obstacle
0.157052353024
239.84513855 69.0057525635 68.1861114502 61.3346405029
obstacle
0.156078055501
155.494720459 138.45223999 179.001525879 58.4192504883
obstacle
0.154662713408
354.623596191 301.844482422 145.376403809 32.1555175781
obstacle
0.150722414255
254.872528076 171.483612061 32.9784545898 50.3482055664
obstacle
0.150267809629
289.138427734 54.7086830139 93.3458251953 112.947479248
obstacle
0.14772157371
67.7860794067 240.221191406 217.388916016 38.3927001953
obstacle
0.147496014833
243.826782227 321.218719482 31.9595336914 12.7812805176
obstacle
0.144987508655
0.0 313.808502197 312.424224854 20.1914978027
obstacle
0.144961848855
0.0 184.85383606 138.064712524 32.8449707031
obstacle
0.144851371646
48.7246856689 198.212692261 146.924880981 23.9365539551
obstacle
0.144374743104
0.0 327.473388672 226.073272705 6.52661132812
obstacle
0.144071578979
499.0 24.546207428 1.0 92.9008483887
obstacle
0.143014699221
0.0 333.0 75.0554351807 1.0
obstacle
0.142645508051
363.722595215 110.736709595 25.3446044922 195.558273315
obstacle
0.141388520598
18.872177124 76.3066177368 454.052307129 31.0859985352
obstacle
0.141201198101
0.0 155.63772583 104.90927124 25.7630615234
obstacle
0.137315154076
214.865005493 254.800506592 105.543197632 26.7152099609
obstacle
0.137021631002
257.005432129 33.6302986145 81.3419189453 78.6016998291
obstacle
0.136043906212
410.883605957 7.84538269043 45.002746582 180.755935669
obstacle
0.135122612119
328.907287598 0.0 103.627929688 26.7898521423
obstacle
0.131289839745
295.598358154 146.096282959 19.9808349609 122.600463867
obstacle
0.131027296185
0.0 0.0 81.0574951172 1.0
obstacle
0.130836471915
206.807342529 165.010757446 85.5034790039 100.185897827
obstacle
0.130570799112
280.566192627 206.246887207 19.2683105469 109.316162109
obstacle
0.129603877664
47.9032707214 57.1510238647 25.3596000671 195.313690186
obstacle
0.126737996936
0.0 0.0 42.1537399292 54.4529762268
obstacle
0.1234665066
0.0 0.0 1.0 1.0
obstacle
0.118374966085
255.426712036 0.0 100.262039185 60.0921897888
obstacle
0.118260584772
219.753860474 0.0 8.9875793457 66.8548202515
obstacle
0.117577381432
0.0 25.5195770264 1.0 38.6374206543
obstacle
0.117301337421
285.577178955 333.0 32.0166625977 1.0
obstacle
0.116605587304
132.781784058 218.907974243 118.671020508 14.1897888184
obstacle
0.116442151368
0.0 69.7142105103 37.569732666 52.69190979
obstacle
0.11542018503
0.0 332.059173584 170.510864258 1.94082641602
obstacle
0.112612947822
0.0 261.447143555 1.0 17.8146972656
obstacle
0.110631600022
69.3531799316 132.256164551 54.5910491943 73.1198730469
obstacle
0.10746845603
0.0 0.0 1.0 178.89666748
obstacle
0.107123762369
2.55794143677 241.891433716 111.150009155 24.4974517822
obstacle
0.105495639145
0.0 158.624679565 48.1842193604 57.6199035645
obstacle
0.105039738119
189.409439087 74.3258056641 15.8260803223 257.04888916
obstacle
0.104437477887
354.781311035 116.369293213 78.2909545898 58.4074401855
obstacle
0.104037158191
0.0 208.728973389 107.203300476 24.4529418945
obstacle
0.102165326476
243.874664307 113.157943726 107.54876709 132.422271729
obstacle
0.101877443492
124.685348511 278.72454834 89.7350769043 31.6264648438
obstacle
0.101649016142
174.416687012 121.563598633 325.583312988 53.7166442871
obstacle
0.101290799677
130.039611816 320.316009521 24.3134765625 13.6839904785
obstacle
0.100874066353
359.606872559 263.852996826 128.668945312 34.6810302734
obstacle
0.0948937758803
122.316131592 179.759735107 128.020294189 30.1131896973
obstacle
0.0920063406229
0.0 268.343597412 161.230911255 12.2500610352
obstacle
0.0888587459922
277.89654541 50.4387741089 24.4971313477 182.791259766
obstacle
0.0882671996951
344.749786377 333.0 155.250213623 1.0
obstacle
0.0872196629643
16.7763442993 216.538192749 173.698486328 99.4961090088
obstacle
0.0869755074382
230.105667114 0.0 21.5269775391 116.645339966
obstacle
0.0866578295827
125.696678162 79.5220718384 33.1385269165 172.050628662
obstacle
0.0863146930933
257.246765137 241.122802734 31.7259521484 31.6856689453
obstacle
0.0834078043699
63.8456687927 216.67918396 71.8675537109 25.2429199219
obstacle
0.08226018399
170.722808838 223.447738647 33.0113830566 110.552261353
obstacle
0.0819837227464
409.022338867 313.416442871 57.1218261719 20.5835571289
obstacle
0.0805609077215
0.0 114.413589478 3.88716125488 93.8553466797
obstacle
0.0782283321023
499.0 108.396560669 1.0 77.5164794922
obstacle
0.0737938135862
148.63067627 0.0 75.8534240723 1.0
obstacle
0.0734884366393
140.212936401 95.0512084961 103.034881592 50.7953033447
obstacle
0.0728754922748
149.279388428 4.9056186676 71.3208618164 59.3031463623
obstacle
0.0689043179154
159.678771973 172.295135498 65.6175537109 76.0181274414
obstacle
0.0679025277495
110.956924438 268.004882812 115.73651123 17.3958740234
obstacle
0.0665990188718
81.9782867432 0.0 29.7822113037 1.0
obstacle
0.0636260509491
336.928771973 31.3750476837 102.565612793 43.2350463867
obstacle
0.063095100224
0.0 253.167694092 21.1496047974 24.7617797852
obstacle
0.0630181208253
276.939178467 333.0 108.485229492 1.0
obstacle
0.0589779466391
0.0 135.332748413 1.0 126.931533813
obstacle
0.054444514215
0.0 82.4014129639 9.76222229004 98.4914855957
obstacle
0.0523166880012
153.574035645 318.004333496 97.7698669434 15.9956665039
obstacle
0.0419863052666
80.6474990845 0.0 42.4682617188 44.1154251099
obstacle
0.0363894179463
64.9670181274 52.5733375549 209.495880127 26.3439903259
