obstacle
0.530043125153
375.874237061 0.0 124.125762939 334.0
obstacle
0.5178835392
463.762420654 0.0 36.2375793457 334.0
obstacle
0.45236119628
202.805786133 45.5115661621 125.694091797 288.488433838
obstacle
0.448605030775
19.7678070068 0.0 470.067382812 334.0
obstacle
0.37698495388
499.0 0.0 1.0 334.0
obstacle
0.363071471453
271.078063965 268.264282227 228.921936035 43.370300293
obstacle
0.354990720749
235.608612061 138.424133301 156.074462891 90.7661132812
obstacle
0.330705970526
207.15222168 333.0 292.84777832 1.0
obstacle
0.32622897625
493.181945801 0.0 6.81805419922 329.011413574
obstacle
0.318612545729
0.0 107.198547363 354.892883301 64.7763671875
obstacle
0.313289582729
0.0 145.1434021 252.564300537 20.7584533691
obstacle
0.301330715418
393.890350342 232.94380188 106.109649658 67.0020599365
obstacle
0.300741732121
154.940124512 333.0 57.3967285156 1.0
obstacle
0.289871841669
156.491439819 113.363998413 65.590057373 220.636001587
obstacle
0.270177572966
0.0 0.0 99.2588500977 93.2780990601
obstacle
0.27003082633
240.6640625 211.750076294 191.524047852 122.249923706
obstacle
0.269520193338
124.790267944 143.892150879 375.209716797 17.9664916992
obstacle
0.267716795206
499.0 276.556213379 1.0 57.4437866211
obstacle
0.266934424639
255.850265503 333.0 55.8441925049 1.0
obstacle
0.265682280064
7.89720916748 333.0 233.105529785 1.0
obstacle
0.265470206738
357.145721436 279.956695557 102.121032715 54.0433044434
obstacle
0.251267969608
301.309509277 0.0 61.7670288086 320.301727295
obstacle
0.244794845581
69.8211669922 194.027313232 104.386749268 77.0283508301
obstacle
0.244766652584
0.0 289.653045654 379.20916748 44.3469543457
obstacle
0.244683876634
439.215240479 0.0 60.7847595215 86.5720977783
obstacle
0.23980538547
0.0 129.614074707 218.49307251 192.618713379
obstacle
0.239646464586
422.488647461 253.190582275 33.9387207031 80.8094177246
obstacle
0.238864436746
127.464889526 169.849380493 37.8633117676 164.150619507
obstacle
0.237588495016
225.101745605 0.0 274.898254395 107.91116333
obstacle
0.236975133419
0.0 87.2393951416 500.0 49.8830108643
obstacle
0.232282653451
0.0 222.069015503 136.858520508 50.5995025635
obstacle
0.232254803181
396.853149414 137.852416992 81.4030761719 143.617492676
obstacle
0.232090219855
0.0 149.634918213 145.052276611 53.3021240234
obstacle
0.230172261596
310.297363281 297.986206055 81.443359375 36.0137939453
obstacle
0.226442456245
227.059417725 164.693603516 79.3632202148 44.2538452148
obstacle
0.225492611527
260.629272461 266.486480713 34.2741088867 67.5135192871
obstacle
0.224960789084
215.244567871 313.294128418 284.755432129 20.705871582
obstacle
0.220765024424
185.249862671 165.851867676 76.9710845947 168.148132324
obstacle
0.220727741718
50.6367645264 73.9355926514 147.374298096 154.810394287
obstacle
0.217533960938
0.0 267.574676514 53.0641784668 63.8848266602
obstacle
0.216696113348
255.284637451 122.260276794 17.2194213867 69.090461731
obstacle
0.216035276651
245.300582886 53.5374298096 21.0365142822 269.036010742
obstacle
0.21450522542
26.1827087402 0.0 181.413543701 129.27432251
obstacle
0.208859756589
126.600013733 251.848480225 105.133506775 55.8616333008
obstacle
0.208316117525
180.511459351 294.708831787 61.8054199219 39.2911682129
obstacle
0.206732839346
37.7425537109 184.458221436 343.714538574 55.8325500488
obstacle
0.205705076456
445.752838135 60.2933349609 46.1111450195 121.086288452
obstacle
0.205254018307
477.080535889 307.016082764 22.9194641113 26.9839172363
obstacle
0.202101320028
0.0 55.6494293213 38.590713501 34.7700195312
obstacle
0.201791107655
313.439819336 322.168182373 117.077880859 11.831817627
obstacle
0.199229478836
8.06242370605 87.9410858154 33.4378929138 246.058914185
obstacle
0.199178859591
343.728759766 94.0806884766 124.71282959 66.8946990967
obstacle
0.198786363006
182.259140015 328.942779541 109.477432251 5.05722045898
obstacle
0.198443412781
47.5032157898 0.0 34.1729316711 307.400756836
obstacle
0.197149887681
0.0 175.048965454 1.0 140.879989624
obstacle
0.196715429425
335.365356445 151.582260132 164.634643555 13.141418457
obstacle
0.195472985506
476.05065918 124.619285583 23.9493408203 110.602027893
obstacle
0.194466650486
495.972900391 156.042785645 4.02709960938 40.7258300781
obstacle
0.190911710262
329.765533447 148.414779663 113.123535156 134.439041138
obstacle
0.190547451377
142.775009155 0.0 160.569412231 114.162834167
obstacle
0.189657956362
140.962799072 104.591522217 39.2878723145 82.3878173828
obstacle
0.188747942448
0.0 67.4181747437 18.481842041 244.384460449
obstacle
0.187901645899
388.5675354 122.266525269 111.4324646 31.6734008789
obstacle
0.187353506684
408.623046875 307.716491699 91.376953125 26.2835083008
obstacle
0.186537772417
290.704406738 0.0 130.802246094 3.65085983276
obstacle
0.185350492597
129.985549927 0.0731906890869 132.543319702 28.0945281982
obstacle
0.184546649456
0.0 214.886734009 500.0 53.4523162842
obstacle
0.1843752563
149.954116821 260.147888184 35.3563232422 73.8521118164
obstacle
0.183622598648
0.0 165.121383667 413.915557861 32.4907531738
obstacle
0.183558031917
0.0 1.27569007874 35.9948921204 17.6800575256
obstacle
0.18327742815
208.516281128 0.0 113.304519653 52.5633621216
obstacle
0.182508260012
287.925445557 217.145462036 151.250305176 43.9596405029
obstacle
0.180317178369
0.0 1.95708179474 404.713562012 29.747215271
obstacle
0.180072039366
207.453948975 228.506912231 35.2088317871 105.493087769
obstacle
0.178426042199
138.554351807 156.368972778 237.819824219 19.4702453613
obstacle
0.177923604846
0.0 108.772735596 1.0 29.1857757568
obstacle
0.177377060056
387.089691162 0.0 93.3258666992 18.8346176147
obstacle
0.176675528288
122.865020752 293.74899292 21.7171630859 40.2510070801
obstacle
0.176182463765
265.996917725 36.4349822998 192.281677246 158.676330566
obstacle
0.176057338715
199.70262146 333.0 62.2069244385 1.0
obstacle
0.175351247191
163.770019531 196.77381897 120.41998291 54.8397216797
obstacle
0.168972909451
113.135894775 84.4237823486 126.176940918 67.2799682617
obstacle
0.167084276676
161.314758301 170.080291748 109.601104736 30.3339538574
obstacle
0.161810681224
454.45413208 200.398452759 41.3205566406 75.628036499
obstacle
0.161504745483
0.0 62.8310241699 1.0 158.504394531
obstacle
0.161187425256
116.219848633 140.114532471 26.9407958984 68.3666992188
obstacle
0.16080494225
0.0 254.256439209 340.704040527 39.0063476562
obstacle
0.159895509481
242.723968506 24.3758277893 105.784912109 67.6417694092
obstacle
0.159729018807
0.0 52.7431945801 119.482398987 199.426147461
obstacle
0.159467235208
16.7277450562 187.447662354 116.342750549 34.2384643555
obstacle
0.158804967999
395.241882324 112.537322998 67.4408569336 86.2688293457
obstacle
0.158714696765
291.338012695 82.4187240601 122.071655273 48.5219802856
obstacle
0.158502653241
368.775939941 327.237304688 123.215332031 6.7626953125
obstacle
0.156943842769
54.39087677 274.254669189 138.931060791 54.6168212891
obstacle
0.156678825617
444.149078369 134.909347534 45.1935424805 114.717926025
obstacle
0.156085073948
0.0 111.618789673 37.835521698 81.4760131836
obstacle
0.155343830585
411.770355225 49.0575485229 46.7955932617 116.3645401
obstacle
0.155225709081
330.195861816 246.033340454 82.0734863281 79.1686553955
obstacle
0.154604241252
22.9035301208 11.8476867676 43.677936554 322.152313232
obstacle
0.154591336846
0.0 68.6806945801 391.484619141 34.1330566406
obstacle
0.154561370611
319.472015381 220.949371338 35.5129394531 90.1549682617
obstacle
0.153913587332
224.799682617 89.7179260254 71.0098266602 67.885559082
obstacle
0.153422728181
290.923217773 65.7550964355 31.96484375 76.7516174316
obstacle
0.152920410037
134.976760864 270.147491455 23.6930541992 63.8525085449
obstacle
0.151750028133
488.676269531 155.80682373 11.3237304688 121.329101562
obstacle
0.151197552681
456.356262207 245.766326904 43.643737793 88.2336730957
obstacle
0.151031330228
0.0 196.270065308 280.870605469 16.4200439453
obstacle
0.148533120751
146.964050293 292.601654053 79.9064025879 20.1748046875
obstacle
0.147802904248
244.493026733 0.0 26.5020904541 1.0
obstacle
0.147375375032
246.161361694 322.929382324 84.2993621826 11.0706176758
obstacle
0.14669303596
121.930671692 310.991973877 202.897460938 16.3189697266
obstacle
0.143114820123
217.453460693 286.69708252 95.6625366211 39.4153442383
obstacle
0.143085345626
279.977905273 248.851119995 62.2453613281 84.2364959717
obstacle
0.143077805638
293.763977051 0.0 153.033996582 10.7243232727
obstacle
0.142357245088
0.0 180.932800293 54.8346633911 85.6452636719
obstacle
0.14044496417
0.0 0.0 90.9907455444 1.0
obstacle
0.140318751335
25.0845565796 312.3565979 111.508552551 21.6434020996
obstacle
0.136805281043
0.0 106.469047546 22.2053527832 27.4407730103
obstacle
0.135055914521
492.755645752 114.783355713 7.24435424805 20.5882110596
obstacle
0.131854310632
0.0 240.959014893 358.295227051 21.8909606934
obstacle
0.131369143724
169.293685913 197.82434082 19.8857116699 136.17565918
obstacle
0.130942419171
0.0 106.939575195 116.210296631 58.1678161621
obstacle
0.129959627986
136.321243286 133.311157227 82.8724365234 75.0667724609
obstacle
0.129354447126
151.146270752 50.5217552185 59.6527099609 60.8536109924
obstacle
0.129180818796
357.913635254 0.0 124.73059082 66.7812805176
obstacle
0.128526493907
193.776611328 121.165969849 58.8270568848 108.107879639
obstacle
0.127668425441
117.107650757 180.016693115 43.6362915039 61.7344360352
obstacle
0.1275357306
374.071655273 198.10949707 52.8471069336 74.3692016602
obstacle
0.127040326595
0.0 189.817138672 1.0 16.9075622559
obstacle
0.126771196723
0.0 321.019470215 347.816711426 12.9805297852
obstacle
0.125607103109
269.523864746 0.0 21.4685058594 334.0
obstacle
0.122579902411
230.528045654 0.0 125.145263672 12.317653656
obstacle
0.122526422143
0.0 280.244842529 16.662311554 53.7551574707
obstacle
0.121699392796
0.0 0.0 8.9118347168 195.362014771
obstacle
0.120965540409
19.9699077606 27.4346885681 40.0861358643 104.076660156
obstacle
0.120127804577
220.092681885 273.686218262 121.347473145 21.6951904297
obstacle
0.119896508753
60.1769638062 329.390106201 89.0358352661 4.60989379883
obstacle
0.119727015495
0.0 333.0 28.5118103027 1.0
obstacle
0.119600206614
198.918060303 52.024936676 205.283508301 24.6958427429
obstacle
0.119304463267
458.065429688 333.0 41.9345703125 1.0
obstacle
0.117788933218
152.935180664 190.336639404 171.370269775 16.410369873
obstacle
0.116777844727
275.983123779 0.0 9.67779541016 25.3902282715
obstacle
0.116738721728
100.19190979 333.0 12.3505096436 1.0
obstacle
0.115535482764
106.400909424 0.0 72.5563659668 65.3489379883
obstacle
0.115108035505
419.903808594 0.0 34.6233520508 74.0192642212
obstacle
0.114742778242
257.729064941 178.131484985 242.270935059 36.4087524414
obstacle
0.11401925981
61.027885437 304.641906738 200.742248535 15.3579101562
obstacle
0.113300472498
0.0 209.683502197 256.595916748 22.0525512695
obstacle
0.112346060574
353.731658936 153.695526123 41.8934936523 79.8965454102
obstacle
0.112283483148
289.467529297 329.90020752 61.6006469727 4.09979248047
obstacle
0.112272448838
167.205245972 265.727508545 192.17616272 54.8608398438
obstacle
0.111911930144
80.5628051758 0.0 55.8511199951 183.728485107
obstacle
0.11123983562
365.495300293 60.1822280884 134.504699707 52.6642913818
obstacle
0.107229821384
249.671707153 89.1018829346 122.556991577 82.3802185059
obstacle
0.10620688647
324.605834961 259.29196167 175.394165039 18.1982421875
obstacle
0.10572103411
246.907485962 0.0 19.5582122803 116.524368286
obstacle
0.104952149093
110.448852539 181.885925293 22.4477996826 91.9614257812
obstacle
0.104029156268
458.629119873 0.0 20.5181884766 156.520355225
obstacle
0.101113088429
93.1581115723 289.346374512 37.5827331543 44.6536254883
obstacle
0.0981511622667
282.504119873 111.009712219 19.7854614258 135.350158691
obstacle
0.0981413498521
334.072357178 20.6027488708 88.7841186523 100.975799561
obstacle
0.0980026647449
52.3406524658 137.778503418 48.6945800781 91.0118713379
obstacle
0.0979093164206
50.6110687256 0.0 59.4938659668 24.2760772705
obstacle
0.0976766720414
89.6845626831 81.6263122559 165.065185547 19.1470336914
obstacle
0.0973421260715
0.0 0.0 18.2510452271 68.0106430054
obstacle
0.0971803590655
64.4658813477 59.0962982178 49.7538757324 52.4024047852
obstacle
0.0965558961034
402.709716797 0.0 38.4790039062 320.734405518
obstacle
0.0963717922568
27.9990310669 0.0 134.787353516 40.0960998535
obstacle
0.0952581465244
44.9801330566 115.258300781 40.5106048584 69.3734436035
obstacle
0.0947189852595
0.0 273.258331299 129.099517822 31.0857543945
obstacle
0.0945083647966
88.4072113037 212.54119873 33.1741943359 100.097961426
obstacle
0.0943649411201
0.0 253.503250122 72.5806732178 22.5311126709
obstacle
0.0941770672798
302.629180908 133.848297119 12.4766235352 43.2839050293
obstacle
0.0933436155319
86.4544067383 253.242279053 287.740966797 14.293762207
obstacle
0.0925484672189
0.0 0.0 1.0 54.6724433899
obstacle
0.0912766605616
383.1199646 145.226242065 44.682434082 43.7381286621
obstacle
0.0911043733358
479.935852051 151.705291748 20.0641479492 28.4383850098
obstacle
0.0910505503416
355.280426025 333.0 44.1979370117 1.0
obstacle
0.0905092805624
135.638336182 173.443191528 73.7380371094 80.5769348145
obstacle
0.0895619243383
192.534866333 107.145996094 239.232711792 11.5788574219
obstacle
0.0864822268486
91.5986709595 37.5885848999 166.657684326 45.0934295654
obstacle
0.0862177833915
0.0 202.013275146 1.0 37.4067077637
obstacle
0.0851318463683
283.205230713 128.974716187 57.9779052734 45.3515930176
obstacle
0.0849122330546
120.558143616 222.436981201 179.974090576 58.2643127441
obstacle
0.0847395732999
100.312530518 184.600372314 18.319152832 84.9716186523
obstacle
0.0845844820142
0.0 232.01550293 500.0 14.2001647949
obstacle
0.0827685073018
227.074981689 333.0 16.643737793 1.0
obstacle
0.0827161967754
84.5917434692 0.0 94.3478927612 1.0
obstacle
0.0781110748649
443.696105957 89.8278274536 56.303894043 29.2219696045
obstacle
0.0779721066356
415.720733643 146.997451782 84.2792663574 36.9739685059
obstacle
0.0753716379404
453.981628418 107.054443359 46.018371582 29.3773193359
obstacle
0.0748677104712
499.0 68.8551025391 1.0 87.6593017578
obstacle
0.0738597586751
0.0 323.688934326 94.8202972412 10.3110656738
obstacle
0.0729284882545
253.781860352 204.467987061 101.637023926 71.0938110352
obstacle
0.0725171789527
499.0 200.341537476 1.0 51.4073791504
obstacle
0.070681065321
81.0536651611 169.632522583 113.507415771 39.9247436523
obstacle
0.0696399584413
170.18989563 59.8970870972 15.1507568359 87.1653213501
obstacle
0.0690940991044
0.0 0.0 1.0 1.0
obstacle
0.0660811588168
117.931121826 317.063781738 17.9291992188 16.9362182617
obstacle
0.0657342672348
232.820877075 103.912406921 30.5963897705 96.9651870728
obstacle
0.065653949976
318.453887939 174.023071289 18.3112792969 78.851776123
obstacle
0.0633619651198
192.28968811 71.986618042 143.870101929 45.6466674805
obstacle
0.0628753378987
0.0 0.0 7.04128265381 1.0
obstacle
0.0628074258566
0.0 193.117340088 38.2845726013 34.4219665527
obstacle
0.0581357553601
0.0 333.0 1.0 1.0
obstacle
0.0549041070044
499.0 140.106033325 1.0 7.3932800293
obstacle
0.0519367270172
231.452545166 0.0 25.7378540039 91.8139953613
obstacle
0.0492319054902
499.0 0.0 1.0 55.0694885254
obstacle
0.0472489334643
0.0 277.962280273 1.0 56.0377197266
obstacle
0.0465419180691
493.411315918 179.059875488 6.58868408203 47.5495910645
obstacle
0.042887814343
489.850585938 0.0 10.1494140625 1.0
obstacle
0.0386057719588
226.610794067 217.444961548 28.4469909668 75.4062347412
obstacle
0.0371363572776
311.208526611 134.807189941 130.476867676 36.6454467773
obstacle
0.028344321996
227.20425415 103.029830933 42.6026611328 23.7021942139
