obstacle
0.56926125288
499.0 0.0 1.0 428.0
obstacle
0.426232039928
436.220245361 0.0 63.7797546387 428.0
obstacle
0.403807908297
173.382522583 0.0 152.7787323 428.0
obstacle
0.385782539845
459.120330811 165.233398438 40.8796691895 150.613189697
obstacle
0.385608524084
311.639221191 0.0 96.4197387695 428.0
obstacle
0.367165088654
493.839172363 0.0 6.16082763672 1.0
obstacle
0.361376613379
416.404937744 44.1361846924 23.3031616211 383.863830566
obstacle
0.319157421589
499.0 63.4471206665 1.0 125.569480896
obstacle
0.315619707108
187.214355469 0.0 310.141174316 217.796585083
obstacle
0.309915602207
240.203781128 77.7178039551 56.1315155029 304.92388916
obstacle
0.302816987038
496.967224121 0.0 3.03277587891 220.837371826
obstacle
0.300406128168
487.407287598 46.7944335938 12.5927124023 381.205566406
obstacle
0.29626378417
44.5240631104 231.170730591 142.813873291 149.134017944
obstacle
0.291096925735
284.070770264 41.1724395752 52.3519897461 272.459655762
obstacle
0.289974600077
9.4250793457 0.0 212.319091797 428.0
obstacle
0.277606487274
0.0 427.0 1.0 1.0
obstacle
0.277204453945
484.68951416 108.112411499 15.3104858398 83.991394043
obstacle
0.276676535606
9.17263031006 210.677719116 144.407501221 49.2380828857
obstacle
0.276615768671
97.5826950073 136.452026367 170.513244629 225.917053223
obstacle
0.270840227604
362.038269043 180.462524414 137.961730957 195.219970703
obstacle
0.268762260675
294.338562012 57.4891357422 205.661437988 76.6269683838
obstacle
0.268225729465
215.871871948 0.0 33.8612670898 90.5669784546
obstacle
0.264105767012
57.9715042114 271.413208008 219.496032715 46.7980957031
obstacle
0.263145774603
275.539001465 0.0 18.3984985352 428.0
obstacle
0.262534499168
434.525238037 133.505096436 65.4747619629 37.7109375
obstacle
0.261612087488
8.23204803467 375.153656006 198.447174072 52.8463439941
obstacle
0.259443938732
41.8887786865 427.0 458.111206055 1.0
obstacle
0.258516281843
268.15802002 387.610656738 156.509643555 40.3893432617
obstacle
0.25724864006
0.0 287.412994385 159.348754883 33.0483398438
obstacle
0.255366176367
233.202331543 146.464019775 216.668884277 165.583618164
obstacle
0.250233471394
360.792175293 218.785858154 139.207824707 28.8673706055
obstacle
0.250089943409
192.719970703 0.0 41.1621704102 428.0
obstacle
0.249778985977
339.328521729 82.948928833 100.118347168 164.916900635
obstacle
0.245652750134
185.837554932 0.0 110.050292969 162.426605225
obstacle
0.243527203798
164.575744629 194.985031128 148.522735596 73.5038909912
obstacle
0.243092030287
36.5802764893 177.031967163 47.5892486572 250.968032837
obstacle
0.242884367704
466.399108887 84.6364898682 33.6008911133 128.317687988
obstacle
0.234130531549
166.975250244 273.046356201 333.024749756 154.953643799
obstacle
0.230610266328
326.976623535 413.316345215 46.7803955078 14.6836547852
obstacle
0.230600252748
351.364318848 0.0 48.4130859375 64.6197013855
obstacle
0.227661475539
281.558410645 169.775192261 173.420593262 32.4498596191
obstacle
0.224731057882
188.161376953 427.0 53.326965332 1.0
obstacle
0.223983764648
367.064697266 122.351554871 75.1529541016 40.3071975708
obstacle
0.218844041228
60.4684829712 0.0 164.693908691 155.576629639
obstacle
0.218400210142
340.12487793 342.196105957 66.7203979492 85.803894043
obstacle
0.217820927501
308.241455078 151.467666626 73.048034668 141.027938843
obstacle
0.216333448887
266.551391602 301.375671387 143.838195801 83.7557983398
obstacle
0.216101378202
424.331665039 229.635314941 75.6683349609 59.3811035156
obstacle
0.208694443107
349.810516357 49.7139587402 8.82702636719 276.588165283
obstacle
0.206565439701
358.493804932 387.853210449 141.506195068 40.1467895508
obstacle
0.20604942739
391.968322754 0.0 51.373046875 216.213150024
obstacle
0.205895766616
0.0 299.880615234 128.600921631 114.940856934
obstacle
0.205759525299
402.047790527 0.0 97.9522094727 104.122390747
obstacle
0.204221814871
227.337661743 37.2576675415 39.299331665 41.1004486084
obstacle
0.202833980322
390.697662354 178.197692871 35.3988037109 216.255187988
obstacle
0.202817350626
298.786071777 0.0 40.8669433594 107.000457764
obstacle
0.202235504985
12.191116333 86.6903991699 87.0043334961 76.3174438477
obstacle
0.202131867409
499.0 167.470016479 1.0 81.7610778809
obstacle
0.199914142489
61.0231323242 173.087814331 365.815429688 54.7115783691
obstacle
0.19978043437
246.018005371 425.203460693 122.474853516 2.79653930664
obstacle
0.198823258281
499.0 341.108215332 1.0 86.891784668
obstacle
0.197927847505
194.421600342 294.004302979 77.705657959 81.9526977539
obstacle
0.195795595646
0.0 242.1144104 23.9657287598 98.2024536133
obstacle
0.195788964629
129.900177002 361.587585449 255.772094727 66.4124145508
obstacle
0.195000246167
417.284820557 112.055541992 54.4625854492 176.597473145
obstacle
0.193789094687
252.715042114 71.7634353638 20.223739624 167.074920654
obstacle
0.192379906774
144.215240479 0.0 47.6956481934 428.0
obstacle
0.192048892379
0.0 241.900177002 122.444526672 42.158203125
obstacle
0.19133348763
83.9881286621 0.0 333.265167236 67.7638549805
obstacle
0.190622463822
226.326049805 0.0 40.4165344238 1.0
obstacle
0.189032256603
0.0 11.4692001343 136.507446289 118.457527161
obstacle
0.188026130199
449.988067627 330.319335938 50.011932373 97.6806640625
obstacle
0.18613062799
357.369415283 0.0 95.9250488281 1.0
obstacle
0.185620948672
0.0 238.93989563 1.0 35.8951568604
obstacle
0.18450024724
357.86050415 272.434295654 41.2600097656 112.475585938
obstacle
0.178617432714
392.733734131 286.809173584 94.8007202148 141.190826416
obstacle
0.178030773997
311.072357178 0.0 188.927642822 34.0221633911
obstacle
0.176952436566
260.090881348 247.64050293 221.768676758 81.9524536133
obstacle
0.176019191742
424.207214355 0.0 75.7927856445 1.0
obstacle
0.175808474422
322.077758789 0.0 39.8679199219 31.4631137848
obstacle
0.175757214427
0.0 0.0 215.185394287 49.4677085876
obstacle
0.174527049065
380.599060059 210.888412476 119.400939941 11.4139404297
obstacle
0.174428194761
479.703643799 117.128913879 20.2963562012 24.6985855103
obstacle
0.174027830362
441.372467041 0.0 54.0297241211 22.4257392883
obstacle
0.173630222678
162.670333862 265.261077881 337.329650879 27.3788452148
obstacle
0.173008576035
334.515716553 90.3087005615 33.2866821289 34.9125366211
obstacle
0.172839298844
43.0501480103 190.461791992 171.477294922 38.9045410156
obstacle
0.171959772706
0.0 306.179016113 8.31300735474 121.820983887
obstacle
0.170879513025
0.0 268.877471924 123.268096924 36.2369995117
obstacle
0.170729696751
469.215087891 10.0359783173 30.7849121094 50.8401260376
obstacle
0.170703053474
485.033538818 0.0 14.9664611816 38.3084640503
obstacle
0.169740617275
352.34942627 427.0 23.703918457 1.0
obstacle
0.168663457036
60.8661346436 0.0 131.569519043 8.21018981934
obstacle
0.168373838067
289.915893555 23.1166610718 29.9060668945 111.896827698
obstacle
0.168057501316
350.958587646 210.110519409 83.348815918 91.1686248779
obstacle
0.167917385697
0.0 0.0 1.0 1.0
obstacle
0.167789012194
252.898956299 149.678894043 72.3405151367 49.6641845703
obstacle
0.167611762881
0.0 74.5702514648 1.0 42.8625183105
obstacle
0.167287901044
0.0 134.184112549 54.9701690674 293.815887451
obstacle
0.16583648324
479.821411133 0.0 20.1785888672 159.706741333
obstacle
0.164694428444
0.0 0.0 23.4398117065 232.408401489
obstacle
0.164144337177
155.889297485 196.790145874 59.7178039551 56.9700927734
obstacle
0.161288455129
468.7315979 207.905670166 31.2684020996 24.838104248
obstacle
0.160988420248
60.511341095 153.758026123 128.143493652 123.219573975
obstacle
0.160620003939
377.261901855 0.0 24.7395019531 428.0
obstacle
0.15903121233
274.137207031 200.680877686 56.2901000977 94.711151123
obstacle
0.158326253295
7.5044631958 294.36920166 53.7462539673 65.2789306641
obstacle
0.157565608621
362.947357178 427.0 64.9311523438 1.0
obstacle
0.157178089023
44.3485794067 138.012252808 92.3003463745 68.7329101562
obstacle
0.15716317296
267.133361816 0.0 27.7833251953 1.0
obstacle
0.15659609437
320.739807129 19.5720062256 70.0171508789 75.1374206543
obstacle
0.154015824199
272.565216064 104.611610413 40.8384399414 66.910697937
obstacle
0.153368651867
142.41065979 97.0307617188 38.7714233398 76.6611938477
obstacle
0.153303638101
221.834945679 427.0 68.9929656982 1.0
obstacle
0.153034120798
249.162734985 0.0 24.5801239014 118.435005188
obstacle
0.151538819075
0.0 88.7808303833 300.713317871 84.0652389526
obstacle
0.150762557983
0.0 130.555267334 49.5988426208 77.9504394531
obstacle
0.150468140841
156.086029053 260.575592041 82.0868530273 47.9639892578
obstacle
0.149476885796
278.598876953 427.0 89.1121826172 1.0
obstacle
0.148787155747
337.570526123 0.0 13.7673950195 428.0
obstacle
0.148058757186
495.415039062 141.493362427 4.5849609375 251.96836853
obstacle
0.146902248263
237.441207886 0.0 64.2349395752 14.2420845032
obstacle
0.146672695875
0.0 0.0 1.0 233.016479492
obstacle
0.145869031549
0.0 215.297073364 73.2691116333 21.1036987305
obstacle
0.145448714495
251.732208252 130.084716797 157.890197754 23.9985351562
obstacle
0.144512027502
0.0 427.0 175.003387451 1.0
obstacle
0.143647789955
139.387359619 0.0 118.936950684 1.0
obstacle
0.143445327878
377.632476807 0.0 16.5888671875 173.263809204
obstacle
0.142140090466
268.982910156 159.547134399 81.3247070312 268.452880859
obstacle
0.140605613589
391.961120605 186.683486938 60.3596191406 39.9492492676
obstacle
0.139378786087
302.152191162 174.652114868 37.3317871094 13.8382873535
obstacle
0.138982385397
121.081039429 85.8111877441 81.0790100098 125.339782715
obstacle
0.1386924088
256.099761963 30.0333862305 30.9924926758 139.254989624
obstacle
0.138352319598
93.385848999 322.85345459 254.404434204 55.2890625
obstacle
0.137933388352
436.885314941 263.290679932 63.1146850586 65.7638549805
obstacle
0.137567147613
407.487030029 99.4300308228 25.9704589844 88.8087081909
obstacle
0.137250095606
155.38293457 222.296401978 212.630615234 88.6264801025
obstacle
0.133357554674
241.640640259 299.66229248 19.1114349365 51.0774536133
obstacle
0.131069630384
329.188873291 111.400085449 27.8881225586 63.3701782227
obstacle
0.130261957645
0.0 126.970054626 1.0 45.0499954224
obstacle
0.129729181528
228.306365967 57.2589645386 24.3883666992 114.31879425
obstacle
0.129086688161
313.389526367 0.0 25.0639038086 1.0
obstacle
0.128067225218
275.793792725 0.0 27.7341308594 76.0901565552
obstacle
0.127142503858
453.649597168 427.0 46.350402832 1.0
obstacle
0.125074908137
71.9345169067 160.076080322 147.165374756 43.3326721191
obstacle
0.124548658729
377.182281494 0.0 23.5661621094 1.0
obstacle
0.124524071813
260.87890625 211.011825562 127.720458984 14.7444763184
obstacle
0.12415741384
358.413269043 0.0 33.1300048828 291.707519531
obstacle
0.124011017382
0.0 408.407684326 150.233276367 19.5923156738
obstacle
0.121969811618
0.0 416.671813965 1.0 11.3281860352
obstacle
0.119812875986
154.520690918 170.580688477 106.171417236 40.1651000977
obstacle
0.119799464941
0.0 181.809127808 1.0 18.0502624512
obstacle
0.119591474533
239.105316162 178.370040894 41.9161376953 105.359573364
obstacle
0.116888575256
312.584381104 74.3728637695 19.0077514648 298.4894104
obstacle
0.11598815769
393.339416504 172.140319824 106.660583496 34.3911132812
obstacle
0.115966685116
415.401672363 249.949996948 54.4932861328 118.820175171
obstacle
0.115719772875
120.958389282 0.0 58.792388916 40.2688941956
obstacle
0.115680851042
0.0 307.419616699 1.0 27.9008789062
obstacle
0.115031547844
0.0 363.4453125 1.0 64.5546875
obstacle
0.114877358079
364.995819092 167.842193604 135.004180908 16.7403259277
obstacle
0.114255696535
0.0 142.461486816 500.0 59.9138793945
obstacle
0.114073522389
238.005737305 147.775390625 206.205871582 11.6012878418
obstacle
0.113848954439
165.52684021 0.0 70.4051818848 35.8615112305
obstacle
0.1134159863
0.0 0.0 145.080932617 20.8218231201
obstacle
0.112109921873
0.0 346.045349121 53.1422729492 81.9546508789
obstacle
0.112066619098
0.0 140.587417603 4.56671142578 47.8459472656
obstacle
0.111501902342
0.0 47.0704231262 360.717163086 54.0577964783
obstacle
0.110868215561
219.145584106 361.248260498 51.9155426025 66.751739502
obstacle
0.110526755452
55.2462539673 103.916244507 142.205627441 35.1081237793
obstacle
0.110112726688
208.459671021 151.85723877 25.2948608398 47.8940429688
obstacle
0.110020428896
223.219833374 113.70400238 75.0865631104 41.0286331177
obstacle
0.109827421606
232.20362854 64.3556442261 92.4965057373 30.5912628174
obstacle
0.109596297145
499.0 281.363708496 1.0 20.9012451172
obstacle
0.1086210832
0.0 247.785339355 4.50452232361 81.852355957
obstacle
0.107849828899
0.0 208.907730103 500.0 134.127914429
obstacle
0.106431514025
0.0 194.569396973 1.0 34.3962402344
obstacle
0.104518011212
279.135620117 90.8881378174 109.519348145 49.9193725586
obstacle
0.104421414435
0.0 0.0 1.0 12.2014465332
obstacle
0.10333647579
258.774475098 406.351837158 77.9387817383 21.6481628418
obstacle
0.102127730846
252.771774292 183.870574951 101.399795532 27.1226196289
obstacle
0.101781517267
213.922073364 198.302810669 36.799987793 100.497390747
obstacle
0.10091766715
254.696395874 221.618438721 19.4136505127 54.6698608398
obstacle
0.100610606372
347.448608398 72.2811279297 42.8784790039 84.1705322266
obstacle
0.0997782796621
207.18989563 140.869033813 87.3707427979 17.6239929199
obstacle
0.0986595526338
428.38861084 154.990875244 71.6113891602 10.9774780273
obstacle
0.0985237807035
141.296585083 0.0 20.6575927734 201.866394043
obstacle
0.0983846411109
325.607666016 272.949523926 24.1259155273 155.050476074
obstacle
0.0983834862709
0.0 0.0 53.882019043 12.0448265076
obstacle
0.0969239994884
0.0 427.0 27.1907653809 1.0
obstacle
0.0964470878243
377.323608398 315.730407715 50.5040283203 112.269592285
obstacle
0.0963586196303
268.413635254 267.377197266 73.5622558594 52.1224365234
obstacle
0.0961649417877
334.41619873 0.0 38.1098022461 224.433151245
obstacle
0.0957240387797
499.0 0.0 1.0 1.0
obstacle
0.09517981112
297.583190918 0.0 42.8010864258 31.3274002075
obstacle
0.094740383327
280.613006592 31.3403701782 13.1348266602 78.2900543213
obstacle
0.0934384167194
199.706039429 0.0 31.4916992188 151.790634155
obstacle
0.0918829441071
0.0 158.066558838 11.3011665344 144.61050415
obstacle
0.0900827646255
0.0 389.554626465 1.0 16.3791503906
obstacle
0.089185371995
385.496856689 302.650024414 86.3071899414 42.9514770508
obstacle
0.0881967097521
0.0 0.0 1.0 57.964050293
obstacle
0.0870578810573
400.749420166 78.0566558838 99.250579834 90.8566894531
obstacle
0.0855737105012
499.0 91.8174514771 1.0 32.9294433594
obstacle
0.081984102726
115.061576843 0.0 52.8624343872 1.0
obstacle
0.0817316174507
280.273590088 340.056518555 14.3116455078 87.9434814453
obstacle
0.0812527090311
0.0 313.489257812 211.365447998 38.7122192383
obstacle
0.0806869491935
499.0 175.783065796 1.0 20.9925231934
obstacle
0.0800409466028
325.434753418 68.1806945801 23.3305053711 41.4296417236
obstacle
0.0787870436907
185.979995728 263.28137207 165.093612671 95.249206543
obstacle
0.0777132064104
499.0 191.830429077 1.0 22.6170654297
obstacle
0.0774079859257
0.0 0.0 468.52734375 1.0
obstacle
0.0770833417773
499.0 298.884185791 1.0 41.9253540039
obstacle
0.0763089135289
0.0 64.682220459 14.4569129944 98.15184021
obstacle
0.0758316665888
0.0 234.574935913 1.0 13.5059204102
obstacle
0.0742031410336
201.365142822 0.0 35.1995544434 5.8025894165
obstacle
0.0739695131779
279.717895508 230.720794678 27.3453369141 40.7016906738
obstacle
0.0712938755751
499.0 0.0 1.0 19.7994689941
obstacle
0.0705438405275
260.436126709 163.613586426 43.9650878906 74.0906677246
obstacle
0.069538205862
30.7648391724 161.005264282 78.8286437988 20.3576049805
obstacle
0.0662062391639
12.5358695984 96.4875411987 100.649902344 242.636260986
obstacle
0.0652232095599
338.663848877 381.906799316 30.7003173828 46.0932006836
obstacle
0.0649084895849
246.073257446 143.039215088 33.2797088623 47.960723877
obstacle
0.064166136086
247.552124023 244.948486328 36.4711303711 115.240478516
obstacle
0.0615089461207
233.19367981 143.91267395 13.6879272461 79.2425537109
obstacle
0.0599814169109
0.0 0.0 79.274230957 1.0
obstacle
0.0555139929056
0.0 0.0 5.66341018677 85.199508667
obstacle
0.0526022873819
364.023864746 63.7665023804 135.976135254 15.7128753662
obstacle
0.0516069196165
375.074829102 71.8918380737 67.3830566406 23.0034484863
obstacle
0.0478657484055
0.0 346.673980713 270.68057251 43.2109985352
obstacle
0.0430667214096
203.238525391 78.6687011719 51.6533203125 42.6573181152
obstacle
0.0421197451651
266.109527588 85.7315368652 26.8941040039 60.4492797852
obstacle
0.0392244383693
0.0 188.573913574 43.0706253052 109.979156494
obstacle
0.03491300717
95.7522888184 59.1778793335 131.30960083 54.0294342041
obstacle
0.0328074283898
0.0 295.579864502 500.0 35.8827514648
obstacle
0.02914654091
338.664154053 0.0 84.0667114258 17.5294342041
obstacle
0.0243176687509
10.4706459045 0.0 43.3472213745 173.557388306
