obstacle
0.665510714054
256.350219727 52.278213501 243.649780273 187.767120361
obstacle
0.577335119247
445.418365479 0.0 54.5816345215 235.590423584
obstacle
0.509794414043
499.0 0.0 1.0 333.0
obstacle
0.469182193279
422.508850098 0.0 33.7763671875 333.0
obstacle
0.431446313858
273.901794434 249.186264038 9.57751464844 83.8137359619
obstacle
0.409754246473
132.517974854 205.326293945 50.0710754395 80.181060791
obstacle
0.401081562042
96.4087524414 72.411239624 34.0244903564 260.588745117
obstacle
0.400092542171
0.0 213.892547607 500.0 73.0675354004
obstacle
0.396539747715
52.2819366455 0.0 304.606567383 333.0
obstacle
0.388050317764
71.6202468872 0.0 212.617401123 139.559143066
obstacle
0.377396583557
496.38848877 86.6042861938 3.61151123047 64.4512863159
obstacle
0.373552948236
21.3207359314 0.0 90.4477386475 333.0
obstacle
0.352968990803
241.973388672 0.0 68.0216064453 272.230834961
obstacle
0.350215315819
175.476104736 0.0 61.7967224121 205.03692627
obstacle
0.340644598007
49.7800750732 332.0 113.459075928 1.0
obstacle
0.336682349443
319.49798584 332.0 42.4611816406 1.0
obstacle
0.321618795395
32.4163742065 229.993179321 38.1184844971 103.006820679
obstacle
0.317776024342
133.819854736 0.0 23.6457519531 1.0
obstacle
0.309452801943
167.387619019 109.406532288 15.1078186035 173.050018311
obstacle
0.302239835262
186.757171631 332.0 74.3467102051 1.0
obstacle
0.29128408432
0.0 332.0 24.0028572083 1.0
obstacle
0.289849728346
369.280334473 118.550827026 65.4958496094 58.335723877
obstacle
0.289446741343
172.393066406 96.485534668 79.4045410156 236.514465332
obstacle
0.286946117878
44.0277137756 53.6003875732 29.8477363586 279.399597168
obstacle
0.282502532005
112.048629761 162.651245117 325.766174316 42.8671569824
obstacle
0.282137155533
152.717758179 85.5410385132 25.1142272949 242.023864746
obstacle
0.281635046005
92.3694992065 260.254089355 127.758003235 72.7459106445
obstacle
0.275268226862
338.244903564 0.0 80.3762207031 333.0
obstacle
0.273699462414
152.894958496 0.0 347.105041504 126.13053894
obstacle
0.271803438663
250.490280151 332.0 79.4045257568 1.0
obstacle
0.264897316694
0.0 316.832092285 1.0 16.1679077148
obstacle
0.26103490591
303.224761963 3.17684936523 83.9558105469 204.511474609
obstacle
0.259978622198
0.0 171.020965576 20.0669612885 161.979034424
obstacle
0.259451419115
337.670379639 139.070159912 28.7567138672 193.929840088
obstacle
0.256807237864
101.732872009 323.540924072 82.7323684692 9.45907592773
obstacle
0.255362302065
496.792449951 0.0 3.20755004883 262.717376709
obstacle
0.254590451717
0.0 328.742553711 121.165763855 4.25744628906
obstacle
0.253616720438
415.252716064 332.0 84.7472839355 1.0
obstacle
0.253528803587
111.61769104 0.0 45.558380127 333.0
obstacle
0.251103848219
254.706344604 215.73638916 68.2706756592 117.26361084
obstacle
0.245558261871
0.0 49.0263519287 126.313140869 47.9508972168
obstacle
0.245433077216
353.686889648 266.520690918 146.313110352 66.479309082
obstacle
0.244842410088
46.7645263672 117.470748901 275.56652832 57.2364196777
obstacle
0.239513739944
208.689666748 134.966033936 134.370178223 166.813354492
obstacle
0.238402858377
113.312316895 267.012908936 270.47769165 43.0046386719
obstacle
0.237391322851
390.760803223 29.159040451 109.239196777 25.2184925079
obstacle
0.236979335546
422.740905762 166.718673706 77.2590942383 155.759963989
obstacle
0.236640423536
0.0 332.0 497.41784668 1.0
obstacle
0.23494116962
487.334899902 0.0 12.6651000977 333.0
obstacle
0.231981173158
0.0 321.796508789 500.0 11.2034912109
obstacle
0.231214016676
394.977783203 0.0 105.022216797 39.4667663574
obstacle
0.23061864078
0.0 248.163879395 173.664031982 64.0610351562
obstacle
0.227625206113
143.475128174 0.0 122.467407227 1.0
obstacle
0.223155647516
381.599761963 164.249160767 20.2163696289 61.8905944824
obstacle
0.22109284997
390.575653076 81.7842407227 90.2152099609 103.438842773
obstacle
0.220476225019
4.28258514404 0.0 53.9964294434 183.043014526
obstacle
0.218897670507
398.442840576 49.7140007019 23.2257080078 49.9510383606
obstacle
0.218518808484
499.0 172.023117065 1.0 20.7859191895
obstacle
0.217678651214
457.636932373 51.0244140625 42.363067627 19.151550293
obstacle
0.216777950525
0.0 332.0 1.0 1.0
obstacle
0.215473875403
150.056427002 272.205749512 33.2961120605 60.7942504883
obstacle
0.212138548493
176.791061401 0.0 306.452880859 20.9534187317
obstacle
0.210699379444
0.0 73.3933105469 34.7082519531 53.9377441406
obstacle
0.208827331662
309.747436523 320.094207764 138.754211426 12.9057922363
obstacle
0.207693323493
196.309173584 236.125488281 146.370422363 43.076965332
obstacle
0.207187071443
184.449707031 39.2108001709 91.0430297852 79.9811706543
obstacle
0.205581128597
0.0 0.0 269.877624512 34.6736907959
obstacle
0.203291535378
0.0 323.674835205 31.6692199707 9.32516479492
obstacle
0.202172040939
91.3252716064 206.052429199 62.2633514404 62.4134216309
obstacle
0.201882869005
0.0 77.4304580688 166.256790161 105.156364441
obstacle
0.20013692975
469.705780029 0.0 30.2942199707 23.8667469025
obstacle
0.199032902718
345.674377441 332.0 38.337890625 1.0
obstacle
0.198701903224
223.444503784 99.5321655273 108.595993042 38.4888305664
obstacle
0.198356553912
488.193847656 13.3585262299 11.8061523438 44.318359375
obstacle
0.19812501967
427.690917969 325.114624023 72.3090820312 7.88537597656
obstacle
0.196088701487
499.0 104.672157288 1.0 11.0586242676
obstacle
0.193713083863
479.265106201 242.583709717 20.7348937988 56.7750244141
obstacle
0.191924199462
279.872650146 136.379135132 93.8983764648 53.5416870117
obstacle
0.191634014249
204.295501709 17.4698162079 23.2523803711 62.4591827393
obstacle
0.188345298171
124.151550293 18.2287387848 93.3528442383 60.8742675781
obstacle
0.18750320375
421.734466553 0.0 59.2321777344 106.71056366
obstacle
0.186014488339
294.55255127 20.1586151123 205.44744873 48.5997924805
obstacle
0.185645341873
67.6669235229 16.9935569763 70.4908218384 93.7165374756
obstacle
0.183848783374
375.37689209 332.0 33.1383056641 1.0
obstacle
0.183490946889
113.396087646 92.8749542236 53.3930053711 102.325714111
obstacle
0.183484137058
312.664642334 249.65032959 142.525695801 50.6469116211
obstacle
0.182966098189
286.171722412 243.659896851 88.5634155273 74.4931182861
obstacle
0.181850254536
0.0 4.76175785065 55.8043441772 32.8308601379
obstacle
0.181704446673
195.07901001 265.690856934 33.0851135254 67.3091430664
obstacle
0.179684385657
470.202056885 52.9630393982 29.7979431152 91.4727630615
obstacle
0.178664177656
386.218109131 91.0536193848 25.1635131836 169.433837891
obstacle
0.17856529355
41.6027832031 0.0 45.3110046387 110.942077637
obstacle
0.178241699934
240.026138306 0.0 104.108383179 42.6852111816
obstacle
0.17766906321
68.1247177124 0.0 22.6629333496 22.9886684418
obstacle
0.176039859653
0.0 63.2247772217 1.0 48.7426757812
obstacle
0.173834592104
341.265777588 34.0112533569 90.5152587891 63.2797393799
obstacle
0.172866940498
122.115859985 300.224304199 26.8795166016 32.7756958008
obstacle
0.172796517611
0.0 95.5381164551 55.1871109009 237.461883545
obstacle
0.171399712563
93.4039611816 303.807525635 406.596038818 27.3352050781
obstacle
0.169715002179
143.369354248 243.693618774 17.3153991699 74.7816925049
obstacle
0.168869033456
213.941986084 172.722442627 52.3158874512 54.8360900879
obstacle
0.167570650578
120.487052917 311.270568848 135.324829102 21.7294311523
obstacle
0.167073264718
0.0 272.41784668 1.0 57.5740356445
obstacle
0.16651712358
356.259155273 171.025817871 42.0188598633 160.03692627
obstacle
0.16641895473
308.003051758 100.680213928 191.996948242 24.0413208008
obstacle
0.16610750556
499.0 332.0 1.0 1.0
obstacle
0.165421158075
139.695648193 207.904937744 152.24230957 43.4462280273
obstacle
0.165408402681
174.49079895 330.466003418 53.0758666992 2.53399658203
obstacle
0.164841890335
144.011520386 8.88096618652 11.8981933594 52.208404541
obstacle
0.164425730705
44.9314880371 38.4456176758 333.863922119 43.6441345215
obstacle
0.16410215199
400.791168213 0.0 36.4387207031 333.0
obstacle
0.163914144039
328.041778564 80.3275299072 88.8925170898 78.7430114746
obstacle
0.163091897964
211.169784546 154.578445435 275.750915527 26.0029602051
obstacle
0.162837669253
478.673828125 137.567550659 21.326171875 45.83203125
obstacle
0.162706956267
391.496154785 0.0 16.5174560547 80.9751586914
obstacle
0.162500888109
416.524719238 227.623336792 83.4752807617 31.3009490967
obstacle
0.161418646574
0.0 24.1185340881 4.52906036377 114.706268311
obstacle
0.161095291376
241.405883789 0.0 258.594116211 1.0
obstacle
0.161009788513
196.99937439 11.1856899261 101.99079895 41.5455627441
obstacle
0.16095598042
420.952270508 3.50231361389 79.0477294922 12.4386043549
obstacle
0.160697445273
383.616271973 184.542251587 74.8077392578 82.7275238037
obstacle
0.160686612129
499.0 126.371109009 1.0 45.4468688965
obstacle
0.159818738699
162.842285156 332.0 52.1813964844 1.0
obstacle
0.159346461296
407.475616455 275.032806396 15.9295654297 52.5368041992
obstacle
0.15789090097
278.989593506 0.0 48.9526977539 1.0
obstacle
0.157793730497
34.2407646179 123.061691284 94.4256591797 35.6991882324
obstacle
0.15723438561
32.5656967163 142.142852783 184.764434814 71.1855163574
obstacle
0.156763866544
274.059265137 179.004608154 204.964172363 153.995391846
obstacle
0.155903294683
65.7045211792 99.927734375 18.8462677002 73.2387695312
obstacle
0.155813932419
0.0 88.0062637329 358.328674316 37.8256072998
obstacle
0.154608160257
499.0 263.648345947 1.0 10.727722168
obstacle
0.154413536191
0.0 301.397796631 12.356842041 17.8001098633
obstacle
0.153772354126
83.9696350098 0.0 23.8466186523 30.0102005005
obstacle
0.152617529035
411.460906982 60.1450157166 16.8815917969 122.952148438
obstacle
0.151888594031
490.528411865 167.162414551 9.47158813477 46.9066772461
obstacle
0.150727674365
499.0 306.320373535 1.0 26.6796264648
obstacle
0.150188490748
0.0 155.820877075 322.901885986 23.1788024902
obstacle
0.147475600243
282.677276611 9.94519805908 128.229431152 36.2568244934
obstacle
0.146366581321
156.856216431 114.544723511 55.8020019531 110.28717041
obstacle
0.14607052505
252.635314941 133.839202881 26.7822265625 18.5531311035
obstacle
0.145331144333
242.22543335 143.204940796 26.3394470215 189.795059204
obstacle
0.144062548876
46.2950820923 13.162771225 150.376434326 43.7247467041
obstacle
0.141685545444
0.0 91.4367752075 29.4293956757 133.898620605
obstacle
0.140470728278
138.841415405 294.86630249 25.3335266113 38.1336975098
obstacle
0.139033004642
195.565765381 324.135375977 45.0795898438 8.86462402344
obstacle
0.138581097126
0.0 221.863571167 1.0 21.8420715332
obstacle
0.138371795416
67.2941055298 282.1668396 62.2253494263 38.5288085938
obstacle
0.137804761529
267.936462402 24.3493061066 17.9768066406 27.8814220428
obstacle
0.137541815639
65.3650436401 160.24836731 28.5612335205 23.8120117188
obstacle
0.137230962515
11.2376785278 216.985290527 72.6942596436 44.5094604492
obstacle
0.137111708522
83.9830474854 0.0 43.0617828369 1.0
obstacle
0.135853990912
0.0 79.1083679199 1.0 104.462249756
obstacle
0.132674321532
100.287910461 248.836288452 159.912902832 27.3849029541
obstacle
0.131990283728
264.75189209 173.47883606 89.7987670898 51.4452819824
obstacle
0.131680563092
0.0 246.995742798 124.610832214 24.2032623291
obstacle
0.131208688021
154.076690674 0.0 35.4074401855 1.0
obstacle
0.130208417773
22.9229011536 332.0 25.0880432129 1.0
obstacle
0.129625961185
175.407302856 127.978103638 44.5651550293 16.6705322266
obstacle
0.129321977496
0.0 0.0 1.0 44.4954147339
obstacle
0.128433451056
11.4101781845 188.20904541 22.7504653931 109.097595215
obstacle
0.127852037549
0.0 304.601989746 1.0 14.4576416016
obstacle
0.126845061779
0.0 173.341888428 500.0 9.71566772461
obstacle
0.12675100565
0.0 196.450363159 8.96401977539 22.4875793457
obstacle
0.126574710011
0.0 53.8037757874 41.5249633789 9.30883789062
obstacle
0.126327842474
0.0 312.584625244 161.520401001 20.4153747559
obstacle
0.126279860735
96.8355941772 54.5423965454 52.979637146 39.7404785156
obstacle
0.12520647049
0.0 26.7470149994 171.180007935 12.3547077179
obstacle
0.125084146857
352.383270264 79.5187072754 23.7667236328 90.2447814941
obstacle
0.124345339835
460.923339844 113.557167053 39.0766601562 32.6729507446
obstacle
0.122191026807
463.042266846 298.184936523 36.9577331543 34.8150634766
obstacle
0.122145533562
215.444534302 0.0 17.1423034668 2.98243045807
obstacle
0.122088178992
302.190155029 0.0 114.494506836 16.2095127106
obstacle
0.122077874839
0.0 0.0 92.4646911621 1.0
obstacle
0.121938213706
263.653076172 0.0 9.96453857422 333.0
obstacle
0.12129355967
0.0 143.244949341 171.08013916 11.3844299316
obstacle
0.119274877012
21.6181945801 236.422897339 49.2824630737 5.65319824219
obstacle
0.118360489607
347.629577637 0.0 45.1568603516 42.6342163086
obstacle
0.117576695979
244.628540039 326.103363037 100.696044922 6.89663696289
obstacle
0.117505699396
201.53817749 296.224121094 104.92880249 36.7758789062
obstacle
0.116846188903
328.662384033 68.1435546875 46.1138916016 47.3290100098
obstacle
0.115878418088
417.219543457 0.0 20.294128418 106.618797302
obstacle
0.115755222738
8.01602554321 299.705780029 43.5856208801 33.2942199707
obstacle
0.115318112075
371.018188477 20.74401474 25.3817138672 112.627761841
obstacle
0.114975996315
499.0 0.0 1.0 1.0
obstacle
0.114848703146
356.693725586 0.0 39.3430175781 1.0
obstacle
0.113236993551
344.179534912 202.604156494 36.3890991211 70.7138671875
obstacle
0.112824313343
0.0 0.0 1.0 1.0
obstacle
0.109889343381
214.408798218 250.326553345 21.5610351562 80.1540679932
obstacle
0.10865355283
169.697280884 0.0 32.5793457031 71.410369873
obstacle
0.108211129904
0.0 208.286224365 246.319534302 29.351776123
obstacle
0.107128702104
242.844146729 0.0 52.9539794922 1.0
obstacle
0.106756992638
0.0 216.352844238 1.0 8.39227294922
obstacle
0.105481810868
291.619384766 55.4740142822 38.1369628906 90.6046447754
obstacle
0.101254589856
80.0386352539 165.076690674 247.120483398 5.53732299805
obstacle
0.101113960147
499.0 31.4121170044 1.0 29.0777130127
obstacle
0.100591816008
226.488342285 165.926574707 23.9017944336 167.073425293
obstacle
0.0979881212115
262.964996338 133.051101685 10.1033325195 15.2016906738
obstacle
0.0976985022426
115.427856445 39.2783889771 15.7294006348 59.0839233398
obstacle
0.0957607105374
141.617370605 127.979309082 108.044921875 39.9685668945
obstacle
0.0956372097135
373.780426025 306.782806396 18.6610717773 26.2171936035
obstacle
0.095480568707
411.316894531 0.0 88.6831054688 7.20829772949
obstacle
0.0953981876373
445.003936768 237.338790894 30.1680297852 95.6612091064
obstacle
0.0950325354934
499.0 243.134918213 1.0 10.8773498535
obstacle
0.0945793688297
315.226837158 130.59487915 156.388427734 10.2352294922
obstacle
0.0935664176941
63.4425926208 0.0 27.5389595032 66.729675293
obstacle
0.0918643549085
0.0 0.0 24.5578956604 75.8468170166
obstacle
0.0912343636155
396.916778564 36.1987915039 40.7463989258 101.894058228
obstacle
0.0900354385376
0.0 175.806900024 215.168243408 9.05410766602
obstacle
0.0899480506778
165.780059814 68.2041015625 23.6817016602 110.082824707
obstacle
0.0877330601215
0.0 0.0 199.164031982 9.96142196655
obstacle
0.0875330939889
398.640441895 138.679397583 85.7768554688 102.230682373
obstacle
0.0869009494781
0.0 0.0 15.9101209641 1.0
obstacle
0.0824730098248
0.0 140.375762939 1.0 150.349884033
obstacle
0.0823826789856
414.995330811 0.0 11.6859741211 24.0962142944
obstacle
0.0823612734675
0.0 197.863235474 500.0 26.941619873
obstacle
0.0822450146079
116.371253967 0.0 27.5990219116 20.4967441559
obstacle
0.0815507248044
0.0 310.343597412 15.5748262405 22.6564025879
obstacle
0.0809697955847
257.245941162 0.0 168.006469727 4.82475185394
obstacle
0.080564878881
372.304718018 85.6641311646 17.9253540039 96.0829391479
obstacle
0.0798171311617
35.0733184814 32.2002410889 34.4811401367 46.0992279053
obstacle
0.0768193751574
499.0 227.21697998 1.0 79.0299072266
obstacle
0.0757597014308
348.616973877 0.0 30.8330688477 9.58241176605
obstacle
0.0753241032362
1.46947479248 0.0 44.5059738159 13.5952606201
obstacle
0.0733214020729
148.573196411 0.0 36.3831481934 43.6207580566
obstacle
0.0726297795773
172.068496704 198.483230591 34.0266113281 56.1490783691
obstacle
0.068891428411
0.0 206.233032227 12.7409362793 34.8875732422
obstacle
0.068828701973
43.1036071777 268.419250488 158.383148193 23.0344238281
obstacle
0.0681058838964
0.0 187.04019165 130.551193237 21.1612243652
obstacle
0.0674536004663
243.115753174 208.05506897 45.6719360352 31.2755126953
obstacle
0.0657978728414
266.128601074 88.6342544556 122.36706543 35.0975799561
obstacle
0.0656337663531
0.0 104.975669861 130.852371216 5.13890075684
obstacle
0.0647567436099
324.892913818 219.645950317 23.1181030273 113.354049683
obstacle
0.0630552917719
390.31072998 191.185424805 68.2772216797 18.8135681152
obstacle
0.0627814158797
299.387298584 0.0 17.9548339844 333.0
obstacle
0.0613171122968
192.5181427 0.0 51.2475585938 14.8219909668
obstacle
0.0608465075493
194.449905396 15.0666999817 20.5351867676 31.0572052002
obstacle
0.0607864707708
31.6131057739 195.489517212 146.443603516 90.9056854248
obstacle
0.0597413778305
0.0 264.404449463 15.7383422852 34.0388793945
obstacle
0.0590794198215
0.0 332.0 91.0050582886 1.0
obstacle
0.0588055849075
156.972183228 0.0 35.2282409668 5.92638397217
obstacle
0.0586574971676
247.575744629 201.980987549 24.3721923828 19.164855957
obstacle
0.0585465021431
203.072235107 122.59513855 296.927764893 24.2656860352
obstacle
0.058539878577
257.908538818 39.7214202881 73.2760620117 31.3619232178
obstacle
0.0579287558794
190.361862183 48.3070755005 18.9370117188 23.175994873
obstacle
0.0572910606861
103.271659851 175.659744263 25.3263244629 15.5151062012
obstacle
0.0572416856885
407.461364746 31.491437912 55.2655639648 11.5870723724
obstacle
0.0570725947618
116.887329102 0.0 14.7437286377 1.0
obstacle
0.0567859970033
335.481140137 18.34400177 22.8302612305 129.113494873
obstacle
0.0553961284459
238.226776123 22.2430419922 23.9986572266 152.204803467
obstacle
0.0552270114422
0.0 161.647766113 20.8350143433 52.9010620117
obstacle
0.0552204065025
128.764526367 77.0731735229 51.7797851562 55.2547683716
obstacle
0.0548387765884
160.725219727 166.15512085 43.5444030762 35.7062988281
obstacle
0.0544865615666
310.927520752 0.0 28.8707275391 60.7851829529
obstacle
0.0540188252926
0.0 268.858123779 134.241455078 12.3103027344
obstacle
0.0535752214491
246.798675537 18.5214004517 42.4268188477 122.27016449
obstacle
0.0532540008426
362.657684326 0.0 16.2618408203 108.907501221
obstacle
0.0531698651612
0.0 216.499710083 55.3340148926 23.1242370605
obstacle
0.0529954470694
313.95413208 0.0 37.8218994141 8.8095703125
obstacle
0.0515319034457
77.6740341187 0.0 92.6464920044 22.4136772156
obstacle
0.0515232607722
178.294677734 141.198654175 94.6275939941 65.0528564453
obstacle
0.0506061576307
305.872344971 269.434814453 24.2376098633 23.551574707
obstacle
0.0500396378338
0.0 31.9333534241 1.0 23.4489822388
obstacle
0.0499681793153
264.795043945 6.59225463867 41.7016601562 97.0477142334
obstacle
0.049364451319
488.999420166 332.0 11.000579834 1.0
obstacle
0.0482739657164
0.0 238.542388916 316.095581055 18.3733520508
obstacle
0.0482729524374
396.327575684 146.615722656 103.672424316 30.6119689941
obstacle
0.0479593612254
273.1144104 280.755065918 58.0487670898 17.8071899414
obstacle
0.0454386286438
205.150115967 0.0 77.4314575195 1.9739074707
obstacle
0.0447966568172
499.0 69.7916488647 1.0 51.2310791016
obstacle
0.0443958863616
128.747848511 0.0 13.5172729492 153.072967529
obstacle
0.0435512848198
58.8061752319 119.798721313 9.49501037598 71.5232543945
obstacle
0.0407883301377
51.8906097412 47.0945510864 132.679901123 6.75775146484
obstacle
0.0407116264105
0.0 292.378417969 484.778625488 23.7264404297
obstacle
0.0405006073415
254.671813965 83.40574646 245.328186035 9.4216003418
obstacle
0.0391927622259
275.237701416 129.856246948 72.0688476562 16.2438049316
obstacle
0.0343214087188
128.445922852 0.0 41.2868652344 4.58766174316
obstacle
0.0327833145857
45.3777694702 0.0 29.6745758057 50.4391403198
obstacle
0.0300577022135
0.0 157.714416504 1.0 40.6453552246
obstacle
0.025754602626
215.119552612 126.824768066 71.6255340576 52.0252685547
obstacle
0.0244555436075
407.23223877 130.978591919 22.2701416016 7.58959960938
obstacle
0.0235180296004
499.0 159.636428833 1.0 12.0871887207
obstacle
0.0218658745289
14.3433094025 21.9848537445 34.3346557617 35.3320007324
obstacle
0.0208124835044
190.596466064 0.0 123.725616455 7.34786224365
obstacle
0.0162844266742
0.0 154.35710144 76.2700119019 13.5922851562
obstacle
0.0143478251994
233.628707886 158.810501099 46.1261138916 7.69555664062
