obstacle
0.459918558598
499.0 107.199028015 1.0 168.927947998
obstacle
0.450655311346
47.9631881714 0.0 115.729042053 273.908111572
obstacle
0.441773831844
91.45703125 92.5996398926 11.6723327637 88.3666381836
obstacle
0.40329810977
26.9289627075 0.0 32.8913421631 333.0
obstacle
0.392812639475
314.163909912 42.8547821045 185.836090088 290.145202637
obstacle
0.390727698803
170.152374268 0.0 243.957580566 295.266326904
obstacle
0.368002295494
446.20111084 29.825012207 53.7988891602 303.174987793
obstacle
0.328731954098
116.161865234 0.0 91.9530029297 333.0
obstacle
0.326999038458
360.373168945 138.479293823 39.526184082 194.520706177
obstacle
0.317702919245
366.413146973 147.986953735 14.3483886719 157.210189819
obstacle
0.303991764784
139.696075439 155.317443848 49.3283691406 111.194702148
obstacle
0.29392015934
0.0 96.4483184814 33.4931335449 90.3264465332
obstacle
0.289328485727
149.760070801 151.386184692 350.239929199 39.1947631836
obstacle
0.280168861151
400.937255859 127.779472351 55.0131835938 198.55871582
obstacle
0.278912752867
82.1492385864 0.0 214.739074707 74.5579299927
obstacle
0.273427098989
190.596252441 109.587585449 116.282043457 150.745239258
obstacle
0.26521807909
41.632522583 211.565368652 176.52053833 84.1452941895
obstacle
0.262868642807
35.0357208252 16.0847663879 42.0881195068 45.9204940796
obstacle
0.260338425636
0.0 216.927215576 1.0 116.072784424
obstacle
0.259872972965
130.437179565 210.017364502 44.4679870605 72.7427978516
obstacle
0.259267032146
333.41293335 0.0 42.5717773438 256.977844238
obstacle
0.258697897196
0.0 50.3028106689 214.010025024 93.2019042969
obstacle
0.250559866428
318.68536377 182.364807129 49.2132568359 88.4362182617
obstacle
0.24969227612
101.071403503 144.453323364 16.12840271 143.311935425
obstacle
0.247300818563
0.0 332.0 1.0 1.0
obstacle
0.245617359877
179.65083313 0.0 62.7308044434 333.0
obstacle
0.244650185108
145.455612183 76.655418396 45.5901794434 108.409553528
obstacle
0.243080019951
338.225524902 0.0 94.7365112305 140.018554688
obstacle
0.239690899849
62.6238708496 88.4656219482 22.0341033936 244.534378052
obstacle
0.238247916102
260.985198975 148.054916382 13.3363647461 141.841567993
obstacle
0.236437782645
307.222900391 170.550323486 26.6796875 162.449676514
obstacle
0.2363897264
309.291931152 0.0 38.1036987305 282.939575195
obstacle
0.235805913806
321.149780273 189.08380127 178.850219727 51.451965332
obstacle
0.235383659601
0.0 262.65524292 35.4489059448 70.3447570801
obstacle
0.234967797995
106.24092865 262.654693604 23.401222229 54.9615478516
obstacle
0.232528194785
375.305175781 244.460159302 124.694824219 88.5398406982
obstacle
0.232055276632
0.0 237.368408203 118.875473022 95.6315917969
obstacle
0.230283722281
292.149810791 262.057342529 72.66796875 39.9127807617
obstacle
0.230116933584
0.0 122.782302856 119.813728333 74.3711242676
obstacle
0.228890046477
246.328186035 110.080108643 90.2708740234 100.308898926
obstacle
0.226821750402
0.0 305.355895996 1.0 27.6441040039
obstacle
0.226288691163
177.895629883 138.569610596 28.5801086426 50.1958312988
obstacle
0.225804030895
0.0 149.455703735 343.598236084 116.717025757
obstacle
0.225256547332
0.0 178.38079834 1.0 70.2317199707
obstacle
0.222916066647
98.1328353882 193.175643921 37.8887405396 115.91456604
obstacle
0.220780700445
196.670257568 225.58833313 141.91003418 54.2814788818
obstacle
0.220356509089
0.0 22.9490509033 37.5073165894 310.050964355
obstacle
0.220154538751
110.448776245 240.039031982 169.331008911 92.9609680176
obstacle
0.215871617198
294.881988525 221.248275757 119.098693848 111.751724243
obstacle
0.215263679624
247.98526001 0.0 252.01473999 16.6535758972
obstacle
0.213317990303
102.738555908 119.467178345 49.3716430664 33.9852294922
obstacle
0.213260531425
176.192398071 332.0 106.070083618 1.0
obstacle
0.211438328028
47.673866272 0.0 22.722869873 326.748596191
obstacle
0.210236892104
90.8821411133 190.235076904 375.727966309 142.764923096
obstacle
0.209552496672
0.0 236.882461548 94.9275436401 14.3071899414
obstacle
0.208221450448
102.860694885 201.256912231 50.3175125122 37.1867980957
obstacle
0.207586020231
182.410522461 42.5379714966 118.042236328 137.123840332
obstacle
0.206707000732
123.930267334 73.0593414307 330.556091309 88.5616149902
obstacle
0.20527100563
188.693725586 174.416549683 46.825378418 49.9085083008
obstacle
0.203914806247
404.860137939 0.0 95.1398620605 117.815460205
obstacle
0.203340440989
77.8362579346 248.521133423 154.679260254 14.9653167725
obstacle
0.203046664596
235.444229126 136.36630249 112.686019897 196.63369751
obstacle
0.202301308513
47.2617225647 320.264984131 103.433654785 12.7350158691
obstacle
0.198647618294
469.544128418 245.155609131 30.455871582 87.8443908691
obstacle
0.198386251926
314.651031494 267.856109619 24.3677978516 65.1438903809
obstacle
0.197618871927
0.0 321.381011963 75.6676330566 11.6189880371
obstacle
0.197329133749
227.809997559 159.514663696 39.0009460449 88.8450012207
obstacle
0.195237502456
81.458770752 0.0 36.1990966797 333.0
obstacle
0.194828778505
0.0 288.995330811 463.42779541 44.0046691895
obstacle
0.194328442216
452.26550293 202.787506104 47.7344970703 54.7035217285
obstacle
0.193565249443
0.0 332.0 500.0 1.0
obstacle
0.192915767431
491.253448486 0.0 8.74655151367 333.0
obstacle
0.192350193858
100.351104736 36.410320282 122.046356201 70.356262207
obstacle
0.190899908543
285.946289062 252.602600098 26.9871826172 80.3973999023
obstacle
0.190472856164
0.0 206.96194458 56.0467224121 97.2749633789
obstacle
0.188299775124
290.76751709 200.586654663 21.0377807617 19.6000061035
obstacle
0.188032373786
0.0 0.0 10.4818496704 127.807579041
obstacle
0.188009753823
0.0 323.141113281 10.3582992554 9.85888671875
obstacle
0.185909733176
128.317321777 202.191421509 155.890228271 48.6678161621
obstacle
0.185289397836
221.242324829 274.209381104 100.911483765 58.7906188965
obstacle
0.183448642492
0.0 180.378143311 15.1885814667 85.0905151367
obstacle
0.183093771338
49.9583892822 125.342727661 11.7780303955 188.516708374
obstacle
0.182065054774
63.4363479614 48.1402282715 12.9233703613 170.125610352
obstacle
0.181747466326
180.304779053 0.0 319.695220947 53.7951965332
obstacle
0.181703433394
247.561981201 180.152404785 102.71673584 50.2697753906
obstacle
0.180596277118
17.5800933838 0.0 115.236541748 102.506416321
obstacle
0.180433541536
463.469024658 314.601959229 36.5309753418 18.3980407715
obstacle
0.179769009352
400.849945068 187.022964478 50.6234741211 62.5074768066
obstacle
0.179120764136
0.0 200.548858643 118.294998169 49.1257019043
obstacle
0.178562566638
0.0 105.103927612 9.68746089935 78.5330810547
obstacle
0.176982954144
60.5755081177 0.153514862061 64.2993164062 44.1308288574
obstacle
0.176890522242
92.3123855591 222.423400879 13.879776001 56.6132507324
obstacle
0.176199346781
13.8181266785 4.82105636597 43.43384552 122.014465332
obstacle
0.175866946578
41.4071960449 95.9490509033 273.915283203 104.937835693
obstacle
0.175848513842
157.35218811 113.810180664 89.7769775391 78.86328125
obstacle
0.17526909709
126.964942932 138.164306641 36.7952346802 53.2555847168
obstacle
0.17335523665
394.500701904 298.701019287 95.5408935547 34.2989807129
obstacle
0.173103064299
54.5407180786 263.840118408 123.298454285 59.7935180664
obstacle
0.171142414212
190.006942749 231.143417358 93.0787506104 15.6038818359
obstacle
0.170057982206
289.322998047 161.674224854 32.7192382812 85.3702087402
obstacle
0.169588699937
38.9653930664 296.904388428 45.3716125488 36.0956115723
obstacle
0.168793708086
281.950958252 217.818740845 62.0342407227 34.5155029297
obstacle
0.167527139187
78.584312439 137.489624023 13.8586120605 176.893829346
obstacle
0.164231345057
107.555152893 97.4173812866 13.1400604248 130.39163208
obstacle
0.163787782192
451.102478027 97.1836090088 36.932434082 123.816131592
obstacle
0.163504123688
110.188278198 0.0 25.6434631348 333.0
obstacle
0.163311600685
331.900634766 219.808685303 15.6427001953 61.974029541
obstacle
0.162755593657
136.879882812 0.0 37.0085754395 97.5760955811
obstacle
0.161260008812
302.506866455 117.894981384 19.5253295898 80.6151504517
obstacle
0.16050490737
0.0 238.924682617 7.18015861511 94.0753173828
obstacle
0.159891441464
231.748123169 216.325210571 91.2882843018 26.9588012695
obstacle
0.159737080336
0.0 0.0 1.0 163.6302948
obstacle
0.159280687571
69.3314285278 123.057662964 108.448814392 47.3502502441
obstacle
0.158742949367
44.4104270935 179.93951416 112.272155762 55.4058532715
obstacle
0.158405333757
5.97754669189 0.0 26.6921005249 60.2493019104
obstacle
0.156560733914
457.116485596 119.479187012 42.8835144043 45.558013916
obstacle
0.155720099807
262.063568115 221.731277466 21.7958374023 111.268722534
obstacle
0.155354470015
388.142608643 224.217224121 63.3884277344 49.8212280273
obstacle
0.154942184687
4.41831302643 157.025314331 17.7754745483 175.974685669
obstacle
0.153258308768
499.0 207.393188477 1.0 46.6197814941
obstacle
0.153163328767
262.845947266 0.0 27.2888793945 333.0
obstacle
0.151427164674
26.8353271484 219.621887207 20.85131073 113.378112793
obstacle
0.150763466954
238.184158325 109.639305115 70.4007110596 28.4638442993
obstacle
0.149884954095
333.538513184 210.25604248 32.1560058594 29.7546386719
obstacle
0.149274066091
92.8527679443 157.515304565 235.450332642 17.5760803223
obstacle
0.148301422596
55.0161781311 0.0 12.1037101746 173.895141602
obstacle
0.148079842329
220.01914978 230.159179688 44.7253570557 39.9551086426
obstacle
0.147226423025
300.083282471 99.3173446655 88.4766235352 89.6579360962
obstacle
0.147076681256
126.249153137 100.649871826 53.4625015259 36.6520080566
obstacle
0.146967455745
293.16519165 224.086654663 30.0809936523 71.5645294189
obstacle
0.146768137813
0.0 306.34564209 212.146347046 25.0567016602
obstacle
0.146167859435
479.154815674 47.3134460449 17.5053100586 231.830932617
obstacle
0.145769283175
308.456542969 305.261352539 22.1998291016 27.7386474609
obstacle
0.145139321685
369.913330078 189.39175415 22.3848266602 30.8201599121
obstacle
0.144670158625
146.596008301 240.263214111 131.849945068 19.1771240234
obstacle
0.144467070699
0.0 248.101852417 115.611999512 23.5538787842
obstacle
0.143949404359
324.939178467 118.260444641 34.7789916992 108.000907898
obstacle
0.141142785549
0.0 301.236846924 18.3994140625 31.7631530762
obstacle
0.140811860561
9.99345588684 332.0 29.9065608978 1.0
obstacle
0.140811607242
163.084259033 0.0 230.049133301 1.0
obstacle
0.139632865787
81.4081192017 0.0 13.5949249268 87.4749984741
obstacle
0.138503342867
55.2861289978 254.451370239 13.5199623108 78.5486297607
obstacle
0.136687368155
0.0 328.955047607 34.086856842 4.04495239258
obstacle
0.135692581534
64.6763076782 210.520217896 16.8420257568 66.9144134521
obstacle
0.134865090251
0.0 332.0 124.473678589 1.0
obstacle
0.131908968091
87.0765533447 155.724777222 47.7400817871 43.1018066406
obstacle
0.131764873862
208.075424194 126.342956543 61.9083709717 64.3913574219
obstacle
0.131342157722
21.9247283936 147.720718384 22.7551498413 104.744415283
obstacle
0.129269734025
44.6580696106 0.0 94.1007995605 1.0
obstacle
0.129114344716
330.008270264 262.906494141 23.4431152344 70.0935058594
obstacle
0.126612231135
360.793487549 142.693283081 16.1591796875 34.0872497559
obstacle
0.124508671463
48.8704833984 332.0 29.1015701294 1.0
obstacle
0.124268211424
499.0 263.490509033 1.0 69.5094909668
obstacle
0.123671516776
284.467651367 229.367675781 177.012695312 25.1876220703
obstacle
0.123472429812
347.837310791 172.838226318 27.5139770508 55.5302734375
obstacle
0.121397443116
381.720214844 230.504379272 38.6574707031 102.495620728
obstacle
0.120181597769
1.99070739746 150.031417847 33.7067871094 63.1602783203
obstacle
0.118907161057
79.5282669067 127.321472168 29.1936187744 112.009643555
obstacle
0.118481017649
0.0 155.628356934 1.0 48.1846923828
obstacle
0.117832668126
0.0 264.847198486 449.195343018 32.2715454102
obstacle
0.117781348526
0.0 163.329711914 20.7776641846 11.8781433105
obstacle
0.116815008223
154.605499268 212.114730835 111.627471924 17.6034240723
obstacle
0.116325676441
38.1663589478 254.026855469 16.1694335938 78.9731445312
obstacle
0.114023633301
164.345626831 84.5292663574 59.8461303711 72.6679992676
obstacle
0.11389131844
9.73113250732 168.010513306 159.101928711 27.9522705078
obstacle
0.113762453198
41.8320503235 182.164840698 18.1117858887 68.1306762695
obstacle
0.113668017089
339.430755615 239.24395752 41.1504516602 93.7560424805
obstacle
0.11252938211
7.37162590027 182.537811279 40.852645874 12.2564697266
obstacle
0.111144989729
118.590950012 57.9184150696 56.149269104 68.6910400391
obstacle
0.110495150089
279.062133789 206.677398682 51.272277832 17.4006347656
obstacle
0.110394768417
130.784729004 302.374298096 50.6487426758 30.6257019043
obstacle
0.108511418104
92.5817489624 316.017456055 177.958862305 16.9825439453
obstacle
0.107763901353
348.859283447 214.099838257 28.4974975586 43.3627471924
obstacle
0.107330389321
411.114013672 54.5932006836 69.5415039062 181.648956299
obstacle
0.106749787927
86.4462356567 0.0 87.2818527222 26.4282913208
obstacle
0.106330536306
0.0 0.0 25.6458625793 11.477848053
obstacle
0.105563089252
0.0 219.399917603 48.3385658264 30.8067016602
obstacle
0.105208016932
0.0 332.0 15.4088096619 1.0
obstacle
0.105117097497
125.700889587 187.378158569 77.1637954712 37.3718261719
obstacle
0.104915544391
153.996047974 166.532669067 92.4232177734 35.121307373
obstacle
0.102672763169
48.3383102417 153.135482788 97.1230545044 20.7307128906
obstacle
0.101624391973
499.0 0.0 1.0 181.061004639
obstacle
0.0989507064223
88.8281860352 273.550872803 183.896179199 27.5747680664
obstacle
0.0986908897758
70.0921707153 81.9771270752 22.2976226807 98.9362487793
obstacle
0.0963375195861
147.149963379 246.624145508 73.5725402832 49.0264892578
obstacle
0.0947999879718
26.4018287659 324.861480713 15.7192001343 8.13851928711
obstacle
0.0905385911465
93.5379486084 0.0 14.2724761963 111.636550903
obstacle
0.0900421887636
146.260147095 122.703285217 60.5285339355 20.4747848511
obstacle
0.0896540880203
93.0902557373 186.291244507 41.6027984619 32.0953979492
obstacle
0.0877815485001
11.4548244476 256.625183105 9.9658203125 71.8795776367
obstacle
0.0868007019162
80.5539093018 83.0388565063 141.660217285 31.0711517334
obstacle
0.0866433605552
374.139312744 154.334823608 40.6757202148 90.9170837402
obstacle
0.0860711559653
0.0 204.282272339 1.0 20.3305358887
obstacle
0.08571203053
61.1390380859 133.076522827 21.0137023926 26.9408569336
obstacle
0.0846593677998
255.762527466 0.0 57.8941802979 139.75668335
obstacle
0.0843991190195
106.330383301 0.0 109.415496826 1.0
obstacle
0.0836388841271
0.0 174.712097168 60.9985847473 59.6398925781
obstacle
0.0823752209544
53.9690246582 136.105819702 38.88230896 81.5986938477
obstacle
0.0803380906582
63.9007034302 255.292984009 109.746116638 25.7568511963
obstacle
0.0800296664238
52.318157196 172.768127441 49.8162269592 19.868347168
obstacle
0.079515568912
152.572113037 0.0 44.7578735352 45.1832122803
obstacle
0.0779101029038
110.590866089 332.0 35.326461792 1.0
obstacle
0.0749240592122
39.6435317993 111.139610291 85.7688446045 35.3350906372
obstacle
0.0738866403699
0.0 237.163345337 1.0 18.8853149414
obstacle
0.0737409517169
13.1037883759 154.442825317 48.2672729492 26.7995910645
obstacle
0.0721881836653
0.0 56.4123840332 3.7317237854 243.920379639
obstacle
0.0669940039515
5.00739002228 0.0 7.56232261658 46.4983673096
obstacle
0.0609213709831
159.894088745 144.718261719 33.6643981934 67.1019592285
obstacle
0.0561988241971
27.4930343628 212.854598999 12.4593505859 20.0306091309
obstacle
0.0532929636538
69.1321640015 217.396743774 59.5033721924 59.1477508545
obstacle
0.0505754463375
92.1324005127 58.4725761414 42.4521331787 86.357131958
obstacle
0.044627957046
91.2276916504 203.948410034 108.399536133 12.5559692383
obstacle
0.0424642711878
0.0 145.093200684 9.85845947266 14.157989502
obstacle
0.0365452393889
0.0 101.063903809 1.0 45.2293701172
