obstacle
0.530116796494
163.028823853 0.0 42.5065612793 159.456893921
obstacle
0.496658056974
0.0 124.524551392 102.974365234 99.576385498
obstacle
0.400363117456
0.0 0.0 278.542572021 311.206848145
obstacle
0.384889036417
0.0 212.261108398 140.985198975 120.738891602
obstacle
0.361148715019
345.283477783 100.94203186 39.7719726562 232.05796814
obstacle
0.35606816411
194.174987793 0.0 126.154663086 333.0
obstacle
0.35251352191
428.724060059 0.0 71.2759399414 333.0
obstacle
0.335945248604
499.0 0.0 1.0 333.0
obstacle
0.333346009254
0.0 280.896362305 399.114746094 52.1036376953
obstacle
0.332363456488
258.60635376 0.0 241.39364624 333.0
obstacle
0.331912636757
0.0 269.549957275 75.8894195557 63.4500427246
obstacle
0.320968925953
273.79397583 69.901260376 44.6997070312 135.34463501
obstacle
0.316129118204
343.785308838 130.12663269 156.214691162 116.402160645
obstacle
0.315649241209
0.0 192.7734375 54.4643859863 71.3154602051
obstacle
0.302196085453
73.6630172729 13.399974823 225.842895508 100.299728394
obstacle
0.301215708256
258.033599854 254.326965332 241.966400146 78.673034668
obstacle
0.299272656441
486.746246338 8.67429351807 13.2537536621 180.648834229
obstacle
0.298768013716
115.998519897 117.904273987 59.0088195801 87.6309738159
obstacle
0.294193148613
173.13319397 184.309204102 122.601882935 100.46585083
obstacle
0.283345550299
221.702560425 78.2015686035 57.0532989502 73.9886322021
obstacle
0.276945322752
48.9668579102 326.612854004 141.534820557 6.38714599609
obstacle
0.274267137051
243.207885742 183.962142944 55.8705444336 33.4802856445
obstacle
0.27313876152
149.211013794 236.716384888 19.022064209 65.3055267334
obstacle
0.262108623981
300.175628662 0.0 41.5662841797 333.0
obstacle
0.251335084438
94.9488296509 0.0 51.0580825806 333.0
obstacle
0.244945555925
225.125427246 118.764282227 138.777099609 82.8421020508
obstacle
0.243366450071
469.133361816 178.277587891 30.8666381836 117.432739258
obstacle
0.243326634169
0.0 332.0 94.4922332764 1.0
obstacle
0.240034773946
0.0 168.354858398 1.0 80.5644226074
obstacle
0.23976893723
252.936737061 148.844039917 37.2085571289 182.43409729
obstacle
0.239334702492
179.972946167 112.021575928 73.5717468262 99.4792175293
obstacle
0.235508695245
125.180343628 150.171783447 103.266998291 182.828216553
obstacle
0.235017076135
0.0 36.7840194702 1.0 130.748474121
obstacle
0.234245955944
93.8198547363 70.485244751 110.413604736 96.790435791
obstacle
0.233008429408
269.090393066 314.443115234 177.547607422 18.5568847656
obstacle
0.23248052597
317.296630859 45.1344985962 182.703369141 73.9479980469
obstacle
0.232415854931
91.7994995117 0.0 94.7934570312 41.2737503052
obstacle
0.230877444148
0.0 0.0 344.953216553 34.7990341187
obstacle
0.230056628585
184.8984375 236.082672119 36.107635498 96.9173278809
obstacle
0.229419514537
8.00070571899 10.8479156494 53.3007507324 322.152099609
obstacle
0.228385463357
80.8269729614 112.151870728 19.0747528076 199.469406128
obstacle
0.228056743741
133.718566895 0.0 15.2993774414 85.331161499
obstacle
0.215422272682
237.876647949 332.0 15.6014404297 1.0
obstacle
0.214423447847
141.013961792 172.224685669 36.0135498047 156.015548706
obstacle
0.212883755565
24.0263137817 201.309371948 136.349914551 31.6946411133
obstacle
0.212300851941
243.562072754 0.0 27.7034301758 333.0
obstacle
0.211095765233
70.0945510864 93.901550293 213.523834229 14.8471832275
obstacle
0.210939660668
5.37354469299 76.3873596191 15.617893219 256.612640381
obstacle
0.210725694895
77.4591369629 0.0 67.0800628662 92.9890899658
obstacle
0.208751708269
0.0 0.0 1.0 1.60607528687
obstacle
0.208460792899
199.708358765 161.301040649 66.4494781494 33.5894775391
obstacle
0.206684648991
0.0 212.730728149 8.93933105469 86.7100982666
obstacle
0.206390574574
0.0 74.5340118408 10.5592041016 200.845748901
obstacle
0.206086307764
114.360931396 4.87702941895 16.5597229004 187.18447876
obstacle
0.205370038748
69.2312545776 41.3918457031 50.3664550781 291.608154297
obstacle
0.205040484667
385.581085205 296.595397949 97.4097290039 36.4046020508
obstacle
0.20295342803
218.48979187 40.9608535767 29.8673706055 151.70526123
obstacle
0.202506572008
240.227996826 256.36126709 131.922973633 45.3239746094
obstacle
0.202258482575
208.789978027 332.0 184.170410156 1.0
obstacle
0.201979413629
437.369567871 1.45240402222 33.4321289062 114.990386963
obstacle
0.199742734432
153.768066406 213.994750977 60.2421569824 35.3643188477
obstacle
0.199523955584
222.745361328 40.7519378662 207.453674316 138.137268066
obstacle
0.196280807257
186.150985718 0.0 38.8338012695 333.0
obstacle
0.195864126086
369.927978516 0.0 130.072021484 76.4952926636
obstacle
0.195416510105
390.712310791 0.0 52.5704956055 156.348129272
obstacle
0.195017680526
64.8582000732 236.178985596 312.89831543 66.610168457
obstacle
0.194513455033
283.011108398 0.0 87.7563476562 1.0
obstacle
0.193104922771
150.662094116 89.9268035889 14.1307373047 192.235733032
obstacle
0.192573592067
0.0 42.4625587463 193.648406982 76.1918182373
obstacle
0.192430958152
165.598083496 183.672546387 334.401916504 31.1284790039
obstacle
0.191642940044
298.551116943 0.0 201.448883057 23.0177726746
obstacle
0.190024927258
212.832550049 177.935409546 15.4757995605 144.82270813
obstacle
0.188695028424
153.225875854 53.9818458557 96.4491271973 67.4860992432
obstacle
0.188684731722
246.082000732 139.224746704 77.9506225586 35.8981933594
obstacle
0.188307836652
172.625579834 308.511291504 95.5436096191 24.4887084961
obstacle
0.186725914478
0.0 120.935119629 288.190551758 37.0048217773
obstacle
0.183707237244
251.149246216 84.500617981 15.4722137451 135.797851562
obstacle
0.182473406196
85.7377624512 132.299133301 106.015380859 131.305480957
obstacle
0.182182237506
122.452392578 0.0 106.425964355 1.0
obstacle
0.181395485997
249.143493652 93.8095092773 216.98034668 39.3176116943
obstacle
0.181029096246
348.644989014 13.071647644 55.7044067383 130.468292236
obstacle
0.180598556995
187.470123291 212.836883545 312.529876709 74.8653564453
obstacle
0.180285289884
449.362915039 332.0 50.6370849609 1.0
obstacle
0.179954707623
0.0 131.568634033 1.0 49.7230529785
obstacle
0.177847638726
198.623458862 63.3528137207 16.6988830566 191.691558838
obstacle
0.176490366459
100.195892334 69.6259689331 22.8062286377 117.949684143
obstacle
0.175648480654
252.810440063 25.3482322693 50.3169403076 123.447998047
obstacle
0.175348073244
278.96887207 214.769470215 21.2588500977 97.4749755859
obstacle
0.175226405263
51.4698524475 82.9738845825 27.5059776306 222.992279053
obstacle
0.175128281116
432.845947266 231.653869629 67.1540527344 101.346130371
obstacle
0.173983812332
187.98727417 10.1994018555 278.505554199 87.0527420044
obstacle
0.173800900578
126.00579834 332.0 36.186920166 1.0
obstacle
0.173725351691
499.0 0.0 1.0 51.2202377319
obstacle
0.173704147339
43.2479248047 3.55615234375 61.9246368408 77.8031921387
obstacle
0.172928005457
459.194915771 0.0 40.8050842285 167.622741699
obstacle
0.172726795077
2.59071063995 249.193954468 22.2655448914 76.4475860596
obstacle
0.171906560659
178.29788208 11.6476421356 119.01461792 41.852973938
obstacle
0.17168854177
0.0 5.82781600952 74.6132049561 97.0308227539
obstacle
0.171645581722
318.812866211 137.929122925 91.6527099609 76.7556152344
obstacle
0.170618668199
127.255462646 154.913635254 107.625061035 33.2056884766
obstacle
0.170606717467
499.0 128.216552734 1.0 98.4774780273
obstacle
0.17028298974
183.005661011 73.7189331055 51.5628356934 86.1108703613
obstacle
0.16870598495
44.9423446655 236.794433594 40.3061676025 96.2055664062
obstacle
0.167923435569
136.856185913 257.692169189 137.066482544 50.4831542969
obstacle
0.167332842946
297.283538818 265.105834961 18.7612304688 67.8941650391
obstacle
0.16675363481
178.752380371 0.0 39.0286865234 53.9976196289
obstacle
0.166039511561
278.078796387 215.810546875 55.1185302734 39.4549255371
obstacle
0.165999054909
424.687683105 0.0 28.6912231445 87.9408111572
obstacle
0.16257584095
153.812133789 0.0 22.0241088867 1.0
obstacle
0.162201151252
173.804931641 112.621322632 29.032623291 220.378677368
obstacle
0.161859437823
85.8868865967 256.82611084 71.908203125 76.1738891602
obstacle
0.155878797174
135.725128174 290.466918945 51.6565551758 42.5330810547
obstacle
0.155580073595
27.3034172058 0.0 60.108707428 1.0
obstacle
0.154687866569
123.798828125 32.7744140625 42.0057373047 293.663848877
obstacle
0.154445677996
204.562896729 228.127502441 110.407592773 102.538391113
obstacle
0.153970733285
0.535346984863 233.731216431 158.694000244 23.6901702881
obstacle
0.150438517332
100.40196991 152.736297607 42.9820175171 47.6740112305
obstacle
0.148792207241
388.179626465 0.531343460083 81.0254516602 17.087305069
obstacle
0.147725820541
269.709564209 173.277282715 112.911560059 104.331756592
obstacle
0.147374793887
263.546386719 40.9332199097 19.0025634766 86.0159301758
obstacle
0.146687954664
171.753158569 0.0 113.441268921 25.9261283875
obstacle
0.145825967193
428.923156738 36.5492401123 37.3590698242 180.639099121
obstacle
0.14059369266
85.5947341919 318.521972656 39.7571105957 14.4780273438
obstacle
0.139358133078
16.8570175171 261.731994629 198.78237915 39.1104736328
obstacle
0.139299735427
354.770751953 106.356338501 49.3885498047 78.1806030273
obstacle
0.137552827597
310.102081299 330.219726562 64.1969604492 2.7802734375
obstacle
0.135323286057
134.140930176 0.0 12.1258850098 1.0
obstacle
0.135081708431
154.481903076 204.762985229 25.5149536133 71.0163116455
obstacle
0.131523683667
165.426010132 145.06111145 61.9119567871 26.3226623535
obstacle
0.12978631258
65.3432540894 167.09475708 241.217529297 27.7715454102
obstacle
0.129342317581
282.07522583 0.0 17.0803222656 36.0508918762
obstacle
0.128468006849
0.0 330.032623291 372.410522461 2.96737670898
obstacle
0.128173783422
352.426147461 173.260314941 100.019226074 159.739685059
obstacle
0.127517849207
0.0 222.785369873 1.0 110.214630127
obstacle
0.125467956066
130.976089478 149.139846802 25.2498168945 81.0429382324
obstacle
0.122911557555
136.926528931 123.321670532 25.1078491211 47.5202331543
obstacle
0.122606962919
499.0 228.081314087 1.0 36.725479126
obstacle
0.120715931058
110.963546753 325.067443848 8.66578674316 7.93255615234
obstacle
0.12037782371
0.0 309.138244629 168.23425293 23.8617553711
obstacle
0.120376035571
0.0 178.691192627 24.1818313599 60.0030822754
obstacle
0.119490839541
0.0 318.33013916 1.0 14.6698608398
obstacle
0.115021377802
0.0 162.582885742 430.405578613 90.8737182617
obstacle
0.113669402897
0.0 75.9711914062 34.9969329834 76.6273956299
obstacle
0.113581225276
73.9780426025 0.0 18.5805358887 258.291503906
obstacle
0.11151932925
0.0 332.0 1.0 1.0
obstacle
0.110498420894
116.170166016 310.711151123 38.981048584 22.288848877
obstacle
0.109835922718
456.01260376 223.03704834 43.9873962402 22.7030334473
obstacle
0.108053155243
128.478912354 0.0 46.8798522949 96.4377670288
obstacle
0.106071285903
340.901489258 84.7768478394 25.0433959961 103.106483459
obstacle
0.105966292322
185.02015686 320.713012695 46.3996887207 12.2869873047
obstacle
0.10554998368
119.606277466 77.8592834473 35.4471740723 95.7568969727
obstacle
0.10305904597
292.345245361 20.751537323 25.8221435547 108.062515259
obstacle
0.100391708314
393.597686768 185.247558594 106.402313232 99.0919799805
obstacle
0.0994171798229
0.0 87.5156478882 13.0702133179 47.1957778931
obstacle
0.0984543114901
159.934677124 197.891311646 113.76210022 30.8431091309
obstacle
0.0964789763093
0.0 128.220809937 94.05418396 29.0661315918
obstacle
0.0963110849261
196.771759033 180.065673828 23.2633666992 65.1119384766
obstacle
0.0934592038393
359.670410156 219.024185181 72.7338256836 32.3794250488
obstacle
0.0923276692629
129.637771606 84.9538040161 14.6956176758 208.958221436
obstacle
0.0919221267104
94.8388824463 268.250488281 34.6248321533 38.9807128906
obstacle
0.0890937373042
0.0 10.8920021057 1.0 68.4645080566
obstacle
0.086512260139
374.429626465 0.0 38.3926391602 278.528594971
obstacle
0.0842216089368
0.0 0.0 86.0189285278 28.8110351562
obstacle
0.0831467583776
207.504486084 182.873382568 57.8397216797 27.7752380371
obstacle
0.0820209830999
77.0474853516 170.436752319 58.1105499268 65.673248291
obstacle
0.0813880413771
254.673797607 116.88369751 132.234008789 28.7971801758
obstacle
0.077786244452
93.4714050293 20.9092597961 13.9946136475 87.870880127
obstacle
0.0773655176163
489.769470215 84.8030395508 10.2305297852 248.196960449
obstacle
0.0773510038853
63.1309013367 332.0 24.9685249329 1.0
obstacle
0.0752560794353
308.686584473 0.0 25.9821166992 1.0
obstacle
0.0744710192084
100.671127319 332.0 41.396697998 1.0
obstacle
0.0717295110226
139.382324219 232.236694336 88.1861572266 45.3846435547
obstacle
0.0705160722136
160.78125 25.985748291 23.291809082 68.1693878174
obstacle
0.0687675923109
158.532897949 74.5980453491 242.46295166 29.3592071533
obstacle
0.067495547235
499.0 90.2030334473 1.0 34.901260376
obstacle
0.0667680129409
0.0 0.0 28.4116268158 16.40574646
obstacle
0.0636042356491
281.494049072 122.580749512 21.5067138672 39.012298584
obstacle
0.0627158209682
66.8662109375 0.0 94.4819946289 16.3263015747
obstacle
0.0623522400856
0.0 168.703369141 57.9538574219 43.0704956055
obstacle
0.0615031011403
65.5665893555 210.468688965 172.071166992 46.720489502
obstacle
0.0612482242286
117.246055603 0.0 12.5980606079 1.0
obstacle
0.0566527098417
244.007537842 271.953796387 46.4462890625 61.0462036133
obstacle
0.0555344447494
196.306274414 141.417419434 16.0758972168 29.7916564941
obstacle
0.0552163943648
0.0 0.0 3.08037567139 160.997009277
obstacle
0.0502824708819
109.872756958 0.0 13.3646392822 58.9479942322
obstacle
0.0497850179672
246.782318115 203.335159302 63.8031005859 60.6568756104
obstacle
0.0489067099988
185.696136475 172.93081665 15.0921630859 66.2056274414
obstacle
0.0408342331648
51.9720306396 112.767601013 82.8005981445 48.0571975708
obstacle
0.0379771105945
499.0 117.06880188 1.0 26.9286499023
obstacle
0.036265656352
154.201690674 151.307144165 7.58163452148 48.3990478516
obstacle
0.0341933891177
0.0 0.0 9.30033874512 89.5594940186
obstacle
0.0334138274193
59.0745429993 0.0 24.5349388123 163.03994751
obstacle
0.0241763666272
152.666122437 26.2315597534 7.43161010742 110.374336243
obstacle
0.0240245349705
322.153717041 141.558151245 116.569213867 16.9598693848
