obstacle
0.537125170231
0.0 148.182907104 122.784500122 26.3297729492
obstacle
0.468043029308
320.832092285 0.0 179.167907715 333.0
obstacle
0.436021089554
104.781455994 163.3878479 217.835510254 12.8531188965
obstacle
0.395600527525
499.0 98.2143936157 1.0 140.637145996
obstacle
0.371359139681
82.628074646 140.161224365 246.35925293 14.6512145996
obstacle
0.351431548595
276.838562012 0.0 28.3576660156 333.0
obstacle
0.346200108528
449.751098633 0.0 50.2489013672 185.956237793
obstacle
0.329867810011
188.485092163 0.0 121.035598755 252.322998047
obstacle
0.320028841496
245.95098877 80.8067245483 35.3168334961 48.6097946167
obstacle
0.300674289465
44.1462249756 153.718811035 156.685028076 17.2154846191
obstacle
0.297747790813
0.0 149.618423462 187.440597534 61.6607971191
obstacle
0.286166161299
253.370635986 74.2164306641 29.657043457 174.629730225
obstacle
0.282332450151
0.0 18.2689056396 1.0 314.731079102
obstacle
0.275915443897
14.302822113 0.0 75.7201538086 285.10824585
obstacle
0.275653004646
0.0 123.500854492 1.0 70.6961975098
obstacle
0.275595188141
150.118942261 221.140762329 84.9493408203 9.00143432617
obstacle
0.265887886286
219.850845337 20.5847244263 27.7581176758 9.99089050293
obstacle
0.261361181736
499.0 293.84487915 1.0 39.1551208496
obstacle
0.259681910276
227.015075684 0.0 14.7141113281 321.765319824
obstacle
0.259570121765
367.032836914 0.0 28.5430297852 333.0
obstacle
0.259128063917
166.300354004 0.0 61.4073486328 1.0
obstacle
0.257009655237
251.618347168 136.855010986 115.409240723 196.144989014
obstacle
0.255556106567
482.14465332 166.870117188 17.8553466797 166.129882812
obstacle
0.25323343277
370.826324463 132.730911255 129.173675537 120.264312744
obstacle
0.252830207348
363.728240967 202.92880249 56.0752563477 130.07119751
obstacle
0.248573377728
14.7020721436 0.0 373.980224609 67.5723876953
obstacle
0.248370572925
0.0 186.155700684 1.0 11.0674438477
obstacle
0.24819265306
282.256988525 31.7883682251 70.7001953125 130.698760986
obstacle
0.24549856782
296.482055664 0.0 96.6195678711 1.0
obstacle
0.244385421276
159.727096558 120.432296753 37.443359375 123.80291748
obstacle
0.241378426552
466.743896484 105.776229858 33.2561035156 120.580230713
obstacle
0.239474788308
138.278869629 0.0 109.534851074 149.609329224
obstacle
0.239070907235
89.5955657959 0.0 368.145385742 177.059295654
obstacle
0.236411392689
77.5011901855 169.039505005 193.991821289 14.3599243164
obstacle
0.235975697637
223.810394287 0.0 60.2920532227 32.2006893158
obstacle
0.235956445336
54.6575546265 179.679672241 164.753814697 8.72402954102
obstacle
0.235600426793
76.3986740112 99.8720779419 204.480102539 233.127929688
obstacle
0.228264033794
151.477325439 230.266052246 78.8596496582 102.733947754
obstacle
0.225673273206
186.487792969 28.0816879272 39.7958679199 157.645477295
obstacle
0.224295943975
0.0 0.0 266.950408936 1.0
obstacle
0.22406847775
301.132873535 219.279403687 50.2218017578 87.8154449463
obstacle
0.223854064941
261.077575684 85.8685455322 199.329528809 87.388092041
obstacle
0.216959699988
236.524856567 42.9896697998 31.866317749 221.991775513
obstacle
0.2149772048
0.0 289.089172363 1.0 43.9108276367
obstacle
0.214891433716
0.0 257.638305664 318.525421143 52.7627563477
obstacle
0.211951509118
276.477844238 315.064819336 13.8909912109 17.9351806641
obstacle
0.21178637445
400.315673828 281.37588501 27.6091918945 23.6382446289
obstacle
0.209260165691
159.10055542 165.689758301 124.114807129 72.3292236328
obstacle
0.209201619029
313.417694092 208.159820557 59.1220703125 45.2670898438
obstacle
0.205957427621
321.930664062 282.864318848 133.833251953 50.1356811523
obstacle
0.204860821366
282.904052734 323.479553223 217.095947266 9.52044677734
obstacle
0.202992886305
327.042938232 247.569244385 43.6815185547 85.4307556152
obstacle
0.201614618301
257.581542969 29.0873413086 44.7874755859 97.7348022461
obstacle
0.201390028
236.74369812 50.7440681458 20.8789215088 75.998626709
obstacle
0.199163064361
371.653991699 229.358764648 53.5327148438 38.7993774414
obstacle
0.198253139853
0.0 36.595993042 191.41015625 141.240570068
obstacle
0.197306349874
131.406219482 196.663085938 185.661621094 72.1334838867
obstacle
0.195103257895
225.595565796 90.7601013184 24.389465332 85.0565185547
obstacle
0.193823218346
293.666931152 0.0 38.9273681641 333.0
obstacle
0.192764297128
204.065322876 136.50769043 37.1491088867 196.49230957
obstacle
0.19121773541
401.326599121 0.0 26.7949829102 326.34362793
obstacle
0.190447300673
0.0 216.250671387 68.788192749 8.64407348633
obstacle
0.189421862364
0.0 332.0 61.8658752441 1.0
obstacle
0.184864267707
262.605834961 0.0 59.6947021484 1.0
obstacle
0.184181600809
245.367996216 229.104797363 73.2853851318 103.895202637
obstacle
0.183957472444
228.604736328 0.0 271.395263672 36.01978302
obstacle
0.183682993054
270.827087402 121.098190308 21.9873657227 123.119293213
obstacle
0.182725548744
322.343139648 98.8902740479 21.701965332 234.109725952
obstacle
0.182435616851
0.0 58.322555542 53.1400756836 105.690551758
obstacle
0.182331860065
0.0 180.77130127 155.729003906 152.22869873
obstacle
0.182159498334
345.807891846 193.812637329 20.0932006836 91.3941497803
obstacle
0.181806623936
211.581558228 189.002838135 97.0897064209 16.9303283691
obstacle
0.181295886636
0.0 95.3856201172 38.2021026611 222.88684082
obstacle
0.18025624752
131.049667358 252.594207764 368.950317383 80.4057922363
obstacle
0.179902508855
226.183135986 236.037002563 31.1893920898 96.9629974365
obstacle
0.179659381509
117.91292572 0.0 43.14037323 39.8427581787
obstacle
0.178307592869
236.405578613 309.486297607 164.84777832 23.5137023926
obstacle
0.176065415144
199.426223755 232.984008789 275.860290527 56.9533691406
obstacle
0.175213217735
347.212158203 170.96546936 41.6842041016 72.9672241211
obstacle
0.173917844892
181.415496826 93.8643569946 26.6037902832 56.4006881714
obstacle
0.173258960247
392.133453369 203.974319458 107.866546631 129.025680542
obstacle
0.172711506486
5.19588470459 224.452575684 235.414428711 50.9486999512
obstacle
0.172404646873
294.936737061 1.813621521 106.636779785 109.458602905
obstacle
0.172185704112
244.334396362 182.802719116 54.8561859131 89.8386688232
obstacle
0.171461924911
358.116210938 37.7770347595 130.258666992 115.144393921
obstacle
0.170814111829
124.90461731 228.431045532 105.499908447 15.5983886719
obstacle
0.170096322894
476.037353516 315.145477295 23.9626464844 17.8545227051
obstacle
0.169891640544
198.380462646 0.0 67.6952514648 107.475540161
obstacle
0.16977660358
405.695373535 155.05657959 34.9116210938 126.390136719
obstacle
0.16827237606
216.211303711 216.370407104 50.8630065918 40.3264160156
obstacle
0.168086647987
334.268859863 3.94800186157 156.889953613 83.1292419434
obstacle
0.167073011398
184.189422607 141.036224365 52.5749206543 27.1334838867
obstacle
0.166598036885
0.0 61.3146934509 1.0 72.388092041
obstacle
0.166255101562
305.461242676 64.1488723755 26.7171020508 57.239440918
obstacle
0.165136426687
437.866760254 271.227630615 62.1332397461 61.7723693848
obstacle
0.164901643991
189.87600708 224.188446045 35.5442810059 63.0841064453
obstacle
0.164674326777
247.82220459 0.0 18.649230957 115.83416748
obstacle
0.164603739977
220.757720947 245.867523193 86.9971923828 32.758605957
obstacle
0.16366019845
375.830932617 332.0 124.169067383 1.0
obstacle
0.163051486015
360.532958984 184.156341553 20.0497436523 148.843658447
obstacle
0.162537574768
279.820953369 0.0 27.6087646484 12.0408706665
obstacle
0.161688372493
182.96887207 4.00169563293 129.535461426 42.9144439697
obstacle
0.159699454904
284.636169434 200.225830078 184.391357422 64.1999511719
obstacle
0.159632980824
335.886505127 59.3254089355 22.4368896484 273.674591064
obstacle
0.158411249518
80.3328552246 82.2484893799 208.524688721 95.2217102051
obstacle
0.158347159624
272.725769043 0.0 65.2466430664 89.8795013428
obstacle
0.156502991915
423.109802246 0.0 55.1443481445 292.25177002
obstacle
0.154981330037
374.669219971 0.0 22.2912597656 84.3885116577
obstacle
0.154448211193
0.0 273.567138672 90.2141494751 27.3178710938
obstacle
0.153469115496
200.917999268 48.8233070374 141.356750488 72.2796478271
obstacle
0.152210593224
174.222717285 178.432098389 45.3829650879 43.9007568359
obstacle
0.15054410696
0.0 0.0 148.413848877 7.40760803223
obstacle
0.150536686182
84.830871582 0.0 415.169128418 4.97777938843
obstacle
0.148544505239
66.8009033203 300.581329346 190.184967041 32.4186706543
obstacle
0.148420736194
0.0 104.217498779 280.53503418 33.5441436768
obstacle
0.148148685694
286.733428955 141.233581543 82.3192138672 28.3276062012
obstacle
0.146114826202
273.543365479 269.207672119 24.0512084961 63.7923278809
obstacle
0.146036475897
130.576217651 0.0 65.2973937988 333.0
obstacle
0.144925802946
359.485565186 211.500640869 89.0935668945 37.1719665527
obstacle
0.144233703613
0.0 332.0 256.780853271 1.0
obstacle
0.143832936883
0.0 208.312728882 17.5922279358 27.3031311035
obstacle
0.14260931313
220.887145996 8.85852432251 16.552154541 126.03616333
obstacle
0.141399458051
283.076782227 175.811553955 95.8254394531 58.3336181641
obstacle
0.14111751318
34.4608955383 28.945186615 84.1432037354 83.9381256104
obstacle
0.141081869602
184.987442017 237.370391846 62.9836730957 15.5511779785
obstacle
0.140546038747
239.16645813 172.783554077 20.6431121826 32.5533447266
obstacle
0.137056753039
12.3052215576 79.3261871338 339.726928711 31.5803527832
obstacle
0.135322123766
238.352798462 0.0 18.5614929199 26.4396896362
obstacle
0.135111197829
371.301116943 265.363708496 35.2614746094 50.4399414062
obstacle
0.13409973681
205.004058838 87.7894592285 18.8321228027 91.5227050781
obstacle
0.134031161666
421.36706543 242.075973511 78.6329345703 39.0624847412
obstacle
0.133863821626
31.1563262939 136.567810059 427.676391602 40.4929504395
obstacle
0.133150801063
273.002838135 217.832901001 27.5955200195 89.603805542
obstacle
0.131529435515
241.199584961 112.142677307 19.3888244629 104.195915222
obstacle
0.129336923361
270.179962158 0.0 10.5489501953 40.9246635437
obstacle
0.128818377852
223.194656372 191.696289062 35.1696929932 27.5589904785
obstacle
0.128766193986
264.478820801 211.617019653 36.289855957 21.8167114258
obstacle
0.128683775663
292.514068604 303.288208008 23.4453125 29.7117919922
obstacle
0.127378925681
231.928085327 121.556381226 78.1388702393 36.5166015625
obstacle
0.126227930188
0.0 144.539428711 40.4869003296 57.0425720215
obstacle
0.126024380326
311.759643555 143.242095947 18.4951171875 38.9060974121
obstacle
0.125518590212
493.580932617 24.4605426788 6.41906738281 57.5554656982
obstacle
0.12505415082
315.544799805 136.347625732 35.9266357422 84.6713256836
obstacle
0.123279087245
125.480545044 132.09552002 62.4522399902 25.998840332
obstacle
0.121652923524
255.63180542 0.0 22.0805664062 1.0
obstacle
0.121332153678
200.992248535 177.266235352 26.7934875488 85.0136108398
obstacle
0.120363615453
0.0 172.699295044 50.6570281982 9.23641967773
obstacle
0.120217762887
347.683380127 332.0 43.2266235352 1.0
obstacle
0.119248822331
144.944473267 329.622619629 247.964523315 3.37738037109
obstacle
0.119048073888
215.281143188 206.768753052 15.8233337402 126.231246948
obstacle
0.117015846074
499.0 0.0 1.0 1.0
obstacle
0.115790419281
0.0 0.0 124.036857605 32.0618267059
obstacle
0.115000002086
265.485321045 0.0 6.72998046875 219.57963562
obstacle
0.11409585923
221.861297607 270.038818359 9.51351928711 62.9611816406
obstacle
0.11391902715
10.0370407104 237.473678589 150.665008545 20.4066925049
obstacle
0.113016091287
352.071075439 0.0 23.5071411133 187.861480713
obstacle
0.112671352923
176.273712158 332.0 150.850036621 1.0
obstacle
0.111130200326
193.048629761 284.95425415 34.3828125 48.0457458496
obstacle
0.110882930458
227.162857056 108.460289001 85.3613128662 15.4464569092
obstacle
0.108699731529
297.657684326 26.1119556427 16.6495361328 41.748626709
obstacle
0.105097800493
276.061859131 0.0 10.89453125 32.479888916
obstacle
0.104801848531
351.289093018 263.895324707 33.1683349609 16.9655761719
obstacle
0.104565642774
0.0 143.227523804 1.0 17.9392700195
obstacle
0.10377792269
290.068695068 0.0 72.7098999023 3.35834121704
obstacle
0.101799227297
340.707641602 207.602645874 15.2537841797 57.0012664795
obstacle
0.0997806712985
248.970474243 0.0 37.321395874 3.13968276978
obstacle
0.0995213761926
349.553375244 175.171188354 4.11273193359 38.7737731934
obstacle
0.0994304120541
227.310852051 132.695266724 48.6035766602 54.1604309082
obstacle
0.098107971251
407.85534668 109.766403198 34.3598632812 41.8562316895
obstacle
0.097943238914
301.489807129 257.801574707 17.8966064453 23.5298461914
obstacle
0.097049869597
0.0 187.269515991 1.0 50.7958984375
obstacle
0.0955451726913
360.22442627 99.6649246216 18.2813110352 117.336357117
obstacle
0.0951838344336
320.612884521 278.048370361 40.4927368164 29.1547851562
obstacle
0.0944631397724
226.785476685 325.702575684 33.1972503662 7.29742431641
obstacle
0.0940581038594
140.615020752 158.491485596 109.364074707 39.8843078613
obstacle
0.0936172381043
291.853637695 37.0053405762 84.4904174805 33.5575256348
obstacle
0.093121804297
249.867202759 143.00491333 15.9947967529 39.668762207
obstacle
0.0930409729481
189.730209351 260.679748535 98.9859161377 31.4422607422
obstacle
0.0928084552288
427.08493042 284.207366943 51.3227539062 26.4431152344
obstacle
0.0927658081055
227.531677246 332.0 16.190246582 1.0
obstacle
0.0902847647667
0.0 177.223419189 1.0 9.22674560547
obstacle
0.0896714404225
200.761734009 319.494903564 31.1290283203 13.5050964355
obstacle
0.0869694575667
323.653564453 0.0 45.3208007812 54.3831558228
obstacle
0.0858152732253
329.725036621 0.0 19.7835693359 184.633361816
obstacle
0.0850126892328
167.133331299 127.659393311 100.896118164 25.9223327637
obstacle
0.084348320961
57.398021698 140.915649414 96.8206481934 7.36535644531
obstacle
0.0843430906534
0.0 224.391906738 1.0 59.424987793
obstacle
0.0841196477413
316.032440186 104.435882568 42.2609863281 38.3295898438
obstacle
0.0839976072311
499.0 0.0 1.0 70.825843811
obstacle
0.0819126740098
275.725891113 73.9862442017 69.4891357422 24.1113739014
obstacle
0.0815125256777
275.082122803 151.813781738 33.3192138672 26.178894043
obstacle
0.0809684321284
0.0 215.658355713 1.0 10.8472290039
obstacle
0.0792876929045
283.647155762 332.0 26.698425293 1.0
obstacle
0.0790136158466
0.0 0.0 19.9608230591 1.0
obstacle
0.0777094736695
426.635650635 134.553039551 59.3223876953 18.4836730957
obstacle
0.0775397196412
267.172668457 112.136917114 98.3870239258 16.7374267578
obstacle
0.0756836906075
222.312713623 197.93850708 108.591430664 24.6283569336
obstacle
0.0733878612518
113.797721863 122.29410553 65.7682876587 7.29503631592
obstacle
0.0717010349035
0.0 122.090522766 79.6697616577 12.5124893188
obstacle
0.0713080912828
0.0 0.0 59.4438362122 86.6926727295
obstacle
0.0710227712989
270.012023926 78.5420913696 18.1477661133 81.0460128784
obstacle
0.069592833519
308.297607422 169.195526123 22.8203125 38.1001586914
obstacle
0.0667293816805
385.085632324 117.580947876 90.5198974609 22.2593688965
obstacle
0.0657945796847
291.548522949 125.72151947 17.6028442383 20.0988235474
obstacle
0.0656313821673
237.673751831 202.467498779 15.1376647949 80.2870483398
obstacle
0.0652246326208
21.1728210449 201.427719116 309.41973877 25.2239685059
obstacle
0.065220348537
300.628082275 115.329437256 43.5728149414 9.44424438477
obstacle
0.0650279968977
317.180236816 112.245674133 81.7759399414 88.1852645874
obstacle
0.0642538517714
433.111206055 0.0 66.8887939453 30.4116439819
obstacle
0.0616675429046
193.878631592 170.207824707 115.366760254 14.3749389648
obstacle
0.0611945614219
345.493865967 0.0 67.5603027344 4.25646972656
obstacle
0.0610470995307
0.0 165.998504639 1.0 9.39236450195
obstacle
0.0607083179057
417.22869873 97.7374572754 82.7713012695 26.6423034668
obstacle
0.0604531392455
369.845184326 87.3824310303 54.9317016602 40.5051116943
obstacle
0.0601280629635
200.924728394 56.0796279907 23.2663879395 15.6441955566
obstacle
0.0597981996834
499.0 94.8259506226 1.0 27.0027923584
obstacle
0.0592929273844
499.0 153.136383057 1.0 11.7927856445
obstacle
0.0576585456729
128.868713379 96.4025039673 218.967956543 31.0129241943
obstacle
0.0575505159795
232.592346191 24.9727859497 15.5540161133 23.0380706787
obstacle
0.0554098375142
295.978210449 156.481185913 204.021789551 26.5239257812
obstacle
0.0544699952006
295.201904297 281.383911133 42.1484375 51.6160888672
obstacle
0.0533477440476
390.545898438 0.0 9.9345703125 333.0
obstacle
0.0508893914521
264.837036133 154.085540771 20.1667480469 56.9606628418
obstacle
0.0506633967161
274.678283691 0.0 12.4691162109 1.0
obstacle
0.0499723777175
207.857452393 64.2641296387 58.6154785156 86.2769927979
obstacle
0.0484353378415
370.225952148 189.40461731 129.774047852 23.6901855469
obstacle
0.0442602932453
276.692901611 168.409606934 50.7378540039 112.299163818
obstacle
0.0437034368515
264.081268311 221.348419189 21.6483764648 35.7733154297
obstacle
0.0434995517135
311.478118896 316.611114502 69.0865478516 16.388885498
obstacle
0.0401162914932
363.065093994 164.566619873 71.4945678711 21.8754272461
obstacle
0.0399314984679
310.273986816 0.0 45.2333984375 17.2520828247
obstacle
0.0382450930774
345.193359375 126.665992737 58.6124267578 18.4255599976
obstacle
0.0376520827413
226.974197388 61.9912185669 12.3514099121 29.7445831299
obstacle
0.0363159775734
231.842224121 56.0071907043 57.4006347656 47.6706352234
obstacle
0.0339752063155
45.5390815735 162.660919189 73.6031799316 67.3481140137
obstacle
0.0253421030939
58.8885536194 118.836074829 30.0052070618 63.1149902344
obstacle
0.025275696069
0.0 135.198287964 158.262084961 16.6201782227
obstacle
0.020814249292
94.0337219238 157.953872681 43.2854309082 20.490447998
obstacle
0.0200534127653
419.795288086 0.0 42.4586791992 86.8015289307
