obstacle
0.459420770407
417.100769043 0.0 82.899230957 333.0
obstacle
0.445819348097
499.0 0.0 1.0 333.0
obstacle
0.342407643795
406.639343262 291.610412598 74.0731811523 41.3895874023
obstacle
0.337847292423
434.772003174 151.644500732 65.2279968262 74.3573303223
obstacle
0.320737689734
299.293945312 124.220077515 129.95098877 102.129364014
obstacle
0.306284040213
487.515960693 0.0 12.4840393066 330.688873291
obstacle
0.296246707439
152.222610474 0.0 248.201889038 333.0
obstacle
0.276106238365
65.0535125732 131.867340088 190.220611572 174.189025879
obstacle
0.266329646111
325.826965332 68.5840148926 19.1186523438 218.172363281
obstacle
0.253280729055
353.874328613 207.003677368 146.125671387 20.2744445801
obstacle
0.247298836708
167.635787964 117.398239136 37.3509216309 104.417266846
obstacle
0.245303601027
281.476928711 0.0 96.7819213867 41.5766143799
obstacle
0.241612508893
0.0 270.838348389 333.5 62.1616516113
obstacle
0.237383723259
395.989959717 199.747344971 70.7971801758 133.252655029
obstacle
0.229625537992
490.290008545 267.228271484 9.70999145508 65.7717285156
obstacle
0.229330867529
145.053436279 0.0 91.4891967773 219.693878174
obstacle
0.225201159716
76.4893951416 140.209197998 82.1923828125 53.4233703613
obstacle
0.22205683589
281.594177246 0.0 218.405822754 194.757720947
obstacle
0.221471011639
162.162811279 258.24810791 34.3205871582 48.2014160156
obstacle
0.22115072608
15.8475532532 0.0 123.431213379 333.0
obstacle
0.221058696508
0.0 217.46244812 173.411636353 28.8287963867
obstacle
0.219169214368
349.68548584 0.0 14.6842651367 333.0
obstacle
0.218185529113
350.157806396 74.5417861938 65.7578735352 244.316986084
obstacle
0.215698510408
459.156005859 180.041351318 24.466796875 39.7350769043
obstacle
0.215651258826
400.414611816 91.7856369019 38.8045654297 118.853431702
obstacle
0.213382840157
0.0 155.321746826 189.188079834 64.967590332
obstacle
0.210579037666
307.543914795 186.40083313 74.081237793 20.6677856445
obstacle
0.209750235081
263.198974609 233.252822876 127.563354492 99.747177124
obstacle
0.209617808461
152.947341919 116.12046051 115.233566284 63.1051864624
obstacle
0.209384381771
340.16885376 206.537506104 17.4287719727 126.462493896
obstacle
0.20741301775
293.985473633 56.8766174316 68.2852783203 276.123382568
obstacle
0.206118002534
472.700469971 205.037872314 27.2995300293 127.962127686
obstacle
0.206108048558
461.879241943 91.3993453979 38.1207580566 203.237915039
obstacle
0.205835103989
37.6876678467 0.0 295.42956543 88.2686233521
obstacle
0.205559775233
352.261535645 184.351928711 30.2279052734 148.648071289
obstacle
0.205492049456
213.487579346 68.2301483154 145.253417969 119.139282227
obstacle
0.204017087817
396.506286621 106.472076416 21.5736083984 226.527923584
obstacle
0.203871637583
0.0 166.783660889 92.8975067139 166.216339111
obstacle
0.202670127153
167.60887146 242.004226685 18.3545227051 36.8455657959
obstacle
0.201569393277
499.0 267.953552246 1.0 65.0464477539
obstacle
0.199960231781
423.136871338 120.794013977 23.3472290039 20.3096847534
obstacle
0.198523491621
415.235809326 81.6349487305 33.5623779297 59.1061553955
obstacle
0.198464855552
125.906829834 156.464233398 316.144714355 89.5729064941
obstacle
0.197901755571
342.198791504 52.8252639771 34.1237182617 121.399925232
obstacle
0.197000712156
7.28228759766 73.8979644775 34.1989593506 146.77255249
obstacle
0.196932256222
13.5413665771 45.8505020142 125.799377441 82.3208770752
obstacle
0.19600944221
160.497543335 170.922973633 40.7075805664 31.063659668
obstacle
0.195926517248
36.0176506042 190.291046143 98.2846374512 29.8656005859
obstacle
0.195370540023
95.9482345581 203.259643555 52.7300033569 71.9216918945
obstacle
0.195000007749
458.382568359 225.718002319 19.9185791016 100.969558716
obstacle
0.194476902485
367.33694458 208.728225708 31.9625244141 102.917160034
obstacle
0.194174394011
456.513031006 45.4464187622 25.0089111328 168.07333374
obstacle
0.193174913526
169.150466919 150.501342773 72.1615600586 45.4780883789
obstacle
0.19232802093
0.0 149.630279541 55.5278396606 46.2554626465
obstacle
0.19193688035
300.768951416 193.728897095 79.680847168 47.8532104492
obstacle
0.191135033965
472.490875244 301.77230835 27.5091247559 31.2276916504
obstacle
0.190225437284
442.681732178 107.032600403 36.2801513672 225.967407227
obstacle
0.188529670238
24.1990280151 229.275802612 74.3091430664 52.6003875732
obstacle
0.187546268106
152.264404297 191.066864014 120.920623779 68.1790466309
obstacle
0.187372982502
46.9854736328 204.958465576 441.213012695 128.041534424
obstacle
0.18704354763
90.8421936035 313.254516602 303.01965332 19.7454833984
obstacle
0.186987012625
135.506240845 212.929428101 29.2218322754 117.418289185
obstacle
0.186470702291
372.295166016 81.0864639282 127.704833984 50.1549758911
obstacle
0.186317831278
169.269256592 148.483703613 46.8607177734 177.14352417
obstacle
0.185695067048
212.544967651 0.0 287.45501709 52.8545951843
obstacle
0.18535913527
404.894805908 178.873550415 61.1557617188 49.9530944824
obstacle
0.185267716646
380.127716064 270.232818604 119.872283936 42.5280151367
obstacle
0.184057995677
110.053138733 237.294372559 224.557556152 16.3102111816
obstacle
0.184010446072
421.821899414 133.934402466 25.5240478516 52.3471374512
obstacle
0.183510348201
265.41229248 0.0 126.262084961 117.170753479
obstacle
0.1826608181
12.5841999054 211.831588745 27.862569809 85.3676300049
obstacle
0.182503938675
147.140060425 208.269775391 48.028137207 124.730224609
obstacle
0.182106688619
398.862335205 170.022674561 31.2736816406 93.8781738281
obstacle
0.181188449264
430.627227783 0.0 25.4501953125 56.0424575806
obstacle
0.180114254355
469.007385254 138.483123779 20.5867919922 25.7420959473
obstacle
0.179519429803
362.387481689 8.46897983551 137.612518311 31.5223350525
obstacle
0.178965330124
107.742668152 168.891738892 41.0226669312 52.0994262695
obstacle
0.178418278694
393.767730713 22.1041526794 93.7886352539 91.9712219238
obstacle
0.178261071444
77.7425231934 81.9034729004 147.528961182 81.7484893799
obstacle
0.177578642964
106.382415771 0.0 55.1326293945 333.0
obstacle
0.175100818276
0.0 291.825317383 1.0 41.1746826172
obstacle
0.174295827746
11.6656227112 100.212356567 127.661209106 48.1971130371
obstacle
0.17286375165
461.635925293 0.0 38.364074707 102.084320068
obstacle
0.172650963068
452.330749512 151.344726562 28.4857788086 28.0984191895
obstacle
0.170949444175
214.226669312 222.031829834 134.665481567 15.6949462891
obstacle
0.170629814267
422.309997559 164.104431152 26.1428222656 52.9755859375
obstacle
0.170261308551
418.723937988 0.0 33.4911499023 217.140411377
obstacle
0.167659714818
85.8573303223 163.504241943 48.0148620605 169.495758057
obstacle
0.167649045587
470.278167725 193.587341309 27.6241455078 51.3459777832
obstacle
0.167541459203
132.989685059 153.722045898 43.6961975098 55.2621154785
obstacle
0.166196912527
59.9985122681 126.252548218 42.584854126 49.6495056152
obstacle
0.166074961424
297.940887451 68.4755706787 39.8193969727 111.139190674
obstacle
0.166016891599
288.070556641 220.981811523 71.9816894531 28.5485229492
obstacle
0.164276123047
9.39447784424 249.11505127 58.6700820923 69.0797729492
obstacle
0.161110475659
0.0 194.03074646 27.9926147461 138.96925354
obstacle
0.160732090473
120.694885254 158.769470215 44.1919250488 117.264831543
obstacle
0.159660041332
374.196014404 131.082611084 48.3919067383 42.2057495117
obstacle
0.159106940031
0.0 332.0 80.1026153564 1.0
obstacle
0.157878682017
298.576324463 234.195281982 131.633666992 45.2190551758
obstacle
0.155505761504
387.729400635 10.8366012573 35.3234863281 206.381286621
obstacle
0.155475765467
409.011383057 224.683624268 90.9886169434 36.0550842285
obstacle
0.155462443829
37.1977119446 270.549346924 93.9811553955 62.4506530762
obstacle
0.154985889792
297.978912354 0.0 20.1094360352 333.0
obstacle
0.15362355113
167.679260254 44.6127471924 129.593475342 96.3455963135
obstacle
0.153450444341
449.528778076 307.78213501 40.1400146484 20.0992431641
obstacle
0.153353959322
99.5692672729 0.0 30.3317947388 216.520050049
obstacle
0.152657225728
480.968780518 158.264419556 19.0312194824 34.285949707
obstacle
0.152204945683
342.583648682 0.0 96.8707885742 77.9529724121
obstacle
0.150968506932
0.0 126.071212769 151.036407471 48.5874633789
obstacle
0.150569438934
336.481506348 0.0 16.1242675781 149.440093994
obstacle
0.146536663175
259.542297363 181.071029663 83.6030273438 62.4995117188
obstacle
0.145358964801
313.208709717 232.943862915 42.5394897461 37.4272003174
obstacle
0.14530827105
477.528961182 0.0 14.5009765625 213.599731445
obstacle
0.145041763783
342.802734375 0.0 28.3432006836 79.3943862915
obstacle
0.144869402051
61.9237213135 133.075332642 46.7995758057 199.924667358
obstacle
0.144395545125
498.379364014 93.0688323975 1.62063598633 86.8833312988
obstacle
0.144100040197
230.391189575 99.0250015259 75.8296051025 62.1123580933
obstacle
0.143096297979
0.0 12.6462249756 1.0 317.184814453
obstacle
0.142723247409
151.931503296 220.143371582 100.178314209 23.7369384766
obstacle
0.141083940864
228.876312256 159.241775513 150.082519531 31.9626464844
obstacle
0.139585211873
439.099945068 0.0 29.2385253906 158.337188721
obstacle
0.137092456222
297.878570557 191.948547363 202.121429443 66.7568359375
obstacle
0.136865958571
493.525695801 88.8171539307 6.47430419922 88.2353210449
obstacle
0.13668616116
119.646530151 227.684814453 103.909301758 44.2916564941
obstacle
0.136332437396
377.734832764 159.21673584 23.9260864258 42.1564941406
obstacle
0.134508639574
111.344581604 236.629760742 42.5182571411 96.3702392578
obstacle
0.134437069297
344.528900146 257.031188965 86.0085449219 75.9688110352
obstacle
0.134114906192
0.0 176.533660889 92.8039321899 35.2310791016
obstacle
0.133074149489
99.6903305054 332.0 213.739196777 1.0
obstacle
0.133016094565
330.203735352 143.232910156 60.0765380859 54.6817016602
obstacle
0.132513523102
84.1875762939 0.0 30.868057251 176.057128906
obstacle
0.130926564336
0.0 192.004043579 37.4593734741 40.6131896973
obstacle
0.12977707386
116.142021179 57.2395744324 50.5148391724 102.566680908
obstacle
0.12860314548
359.929168701 172.148773193 21.3999023438 47.0039367676
obstacle
0.124662622809
303.981079102 332.0 184.896728516 1.0
obstacle
0.123263470829
350.466491699 249.24446106 16.4398193359 83.7555389404
obstacle
0.121920242906
279.56829834 263.850341797 94.7695922852 37.8163452148
obstacle
0.120861470699
0.0 0.0 84.6521148682 178.915664673
obstacle
0.12075740099
0.0 0.0 25.5170288086 111.032867432
obstacle
0.11936673522
324.106811523 161.392562866 175.893188477 29.8771057129
obstacle
0.117245510221
271.886291504 306.283416748 162.819396973 20.1406860352
obstacle
0.116461642087
255.058151245 128.550018311 61.0459136963 204.449981689
obstacle
0.115921266377
174.121246338 188.6328125 20.5767822266 81.0173034668
obstacle
0.115732826293
252.738128662 154.739959717 58.3306274414 27.4918823242
obstacle
0.115718461573
243.81098938 320.09967041 248.482528687 12.9003295898
obstacle
0.114774025977
485.349151611 208.567901611 12.2364501953 18.9099731445
obstacle
0.11450599879
99.509765625 152.271820068 32.5852050781 40.3900756836
obstacle
0.112491220236
116.870681763 0.0 24.4981994629 134.865692139
obstacle
0.111693479121
277.810211182 209.609710693 61.7961425781 18.8137207031
obstacle
0.110438495874
137.020324707 125.87097168 53.2633666992 41.6135253906
obstacle
0.10965757817
128.551925659 117.363731384 29.7354125977 47.3517379761
obstacle
0.108990356326
114.462280273 71.1166992188 381.798828125 63.795425415
obstacle
0.10850148648
101.103469849 317.705200195 111.606750488 15.2947998047
obstacle
0.108104333282
499.0 0.0 1.0 44.1514816284
obstacle
0.107047908008
463.544891357 88.967010498 11.803894043 49.6670227051
obstacle
0.105954021215
89.5105285645 0.0 410.489471436 11.5432434082
obstacle
0.103713274002
146.604248047 188.360702515 25.227355957 28.4393615723
obstacle
0.103566616774
297.090026855 199.93762207 180.873474121 18.1575927734
obstacle
0.101714059711
77.1441497803 189.321090698 197.919387817 20.8983154297
obstacle
0.100947871804
392.226989746 177.468353271 48.55859375 19.6062011719
obstacle
0.098470620811
181.7943573 328.682434082 202.011184692 4.31756591797
obstacle
0.0963518992066
460.245544434 0.0 39.7544555664 1.0
obstacle
0.0952690169215
430.763031006 127.251808167 31.3828735352 41.2618484497
obstacle
0.0890634730458
0.0 20.0904388428 17.153678894 279.556335449
obstacle
0.0887305140495
402.369628906 148.461593628 23.5399780273 49.2389831543
obstacle
0.0866237208247
99.8754425049 113.753265381 46.1985168457 56.1246337891
obstacle
0.0855212584138
331.693969727 325.826660156 116.760620117 7.17333984375
obstacle
0.0833756923676
41.755569458 239.097717285 152.853363037 54.4111328125
obstacle
0.0802356153727
473.73815918 168.312408447 20.3242797852 14.4438781738
obstacle
0.0768731385469
274.230377197 134.765777588 28.4573364258 13.350769043
obstacle
0.0750336199999
0.0 113.904762268 41.4150772095 40.2740859985
obstacle
0.0746925845742
385.809265137 202.302581787 80.1326904297 10.9556274414
obstacle
0.0743686109781
312.586914062 75.8463058472 75.1310424805 56.7694168091
obstacle
0.0678026899695
148.763931274 286.239196777 120.950271606 46.7608032227
obstacle
0.0671532228589
0.0 238.255767822 213.87600708 17.8151855469
obstacle
0.0661766678095
265.350402832 128.350067139 106.017944336 53.1647338867
obstacle
0.0611895062029
316.888580322 154.948043823 40.1406860352 27.1369018555
obstacle
0.0610176622868
413.255859375 169.342498779 65.9879760742 22.120880127
