obstacle
0.375108778477
59.4953536987 90.6724853516 205.951873779 152.401367188
obstacle
0.367610931396
307.426086426 58.7331466675 59.8617553711 165.702484131
obstacle
0.348176449537
323.478118896 0.0 145.669250488 333.0
obstacle
0.34741550684
344.09854126 99.6577911377 42.1853027344 118.857208252
obstacle
0.345115333796
228.503509521 80.7329711914 271.496490479 104.37600708
obstacle
0.333364218473
417.351715088 0.0 82.6482849121 333.0
obstacle
0.327400058508
499.0 0.0 1.0 333.0
obstacle
0.323234915733
480.286254883 0.0 19.7137451172 333.0
obstacle
0.318101525307
0.0 237.931533813 418.963348389 95.0684661865
obstacle
0.313502728939
315.520965576 143.105743408 184.479034424 42.6124572754
obstacle
0.309711545706
254.634307861 159.201385498 165.668457031 109.83883667
obstacle
0.302226513624
253.095092773 9.34127807617 60.8712768555 323.658721924
obstacle
0.29325953126
455.632598877 89.1960372925 44.367401123 129.465789795
obstacle
0.289833158255
0.0 187.291137695 120.412979126 134.940551758
obstacle
0.272688239813
303.176300049 72.9972076416 27.6537475586 260.002807617
obstacle
0.268021404743
384.437896729 291.804382324 115.562103271 41.1956176758
obstacle
0.266459316015
261.407867432 0.0 41.823425293 135.9009552
obstacle
0.261449158192
499.0 216.740844727 1.0 89.7990722656
obstacle
0.260614782572
219.020233154 173.381561279 55.7313842773 18.2936706543
obstacle
0.25946816802
368.99810791 113.511459351 52.0568237305 126.527801514
obstacle
0.258746892214
158.053268433 0.0 216.693008423 1.0
obstacle
0.254390835762
0.0 218.620162964 37.4590148926 114.379837036
obstacle
0.253041774035
297.932800293 197.874328613 19.0733032227 107.194946289
obstacle
0.250979572535
36.6907119751 90.0810623169 90.5695037842 80.2027511597
obstacle
0.249941691756
382.417236328 44.0049972534 117.582763672 105.554725647
obstacle
0.244673132896
0.0 37.560836792 164.542938232 179.284469604
obstacle
0.239342778921
142.941925049 81.4565963745 145.424346924 59.1074447632
obstacle
0.2363563627
0.0 321.380889893 468.172485352 11.6191101074
obstacle
0.233154609799
117.380599976 207.158996582 115.613800049 125.841003418
obstacle
0.233023434877
217.734558105 108.911712646 31.8149719238 82.3374633789
obstacle
0.230825051665
296.396972656 3.59106445312 17.3599853516 329.408935547
obstacle
0.230674371123
497.851318359 138.208328247 2.14868164062 58.270904541
obstacle
0.230618685484
0.0 87.128364563 36.6067047119 155.448852539
obstacle
0.23034954071
81.5416412354 137.035644531 90.1331787109 66.9332275391
obstacle
0.224693596363
0.0 134.383148193 1.0 198.616851807
obstacle
0.222377881408
61.1698913574 0.0 161.405914307 86.7780685425
obstacle
0.221238359809
0.0 245.731781006 10.4073638916 82.181640625
obstacle
0.220593392849
217.253173828 0.0 24.7893371582 156.316345215
obstacle
0.218487560749
95.0892028809 0.0 329.452453613 319.3828125
obstacle
0.218323558569
0.0 154.957626343 220.298919678 20.7131347656
obstacle
0.218228921294
0.0 204.251495361 206.749099731 16.4027709961
obstacle
0.216393575072
144.954208374 188.789932251 86.1129760742 57.1826782227
obstacle
0.212040260434
282.06451416 14.9451675415 162.694824219 112.620422363
obstacle
0.211514636874
438.546600342 202.584655762 61.4533996582 130.415344238
obstacle
0.206489115953
230.603363037 261.83392334 65.23828125 71.1660766602
obstacle
0.205419465899
432.752563477 26.5822029114 41.482421875 111.680984497
obstacle
0.205250114202
260.37322998 110.66784668 35.0048828125 59.5136413574
obstacle
0.203050047159
0.0 0.0 295.629333496 17.78881073
obstacle
0.201687917113
284.755981445 118.291069031 125.008483887 26.902961731
obstacle
0.197483718395
170.113815308 147.454788208 197.361526489 14.1234436035
obstacle
0.196821957827
270.476074219 288.530975342 160.325012207 44.4690246582
obstacle
0.195842295885
275.212554932 0.0 22.2619018555 1.0
obstacle
0.193922668695
282.493896484 147.422790527 78.7994995117 55.9787597656
obstacle
0.193035289645
278.173034668 0.0 67.4364013672 65.9634399414
obstacle
0.191649645567
181.697265625 16.0137481689 158.484863281 117.633041382
obstacle
0.191399991512
300.093566895 332.0 65.6936035156 1.0
obstacle
0.190144717693
0.0 67.4176483154 2.89071655273 230.871536255
obstacle
0.188216924667
357.824127197 201.75378418 49.0345458984 131.24621582
obstacle
0.188176676631
340.20715332 0.0 134.287353516 74.8123321533
obstacle
0.188125997782
246.404083252 184.025543213 18.0497741699 148.974456787
obstacle
0.188101172447
143.838287354 328.90045166 103.711090088 4.09954833984
obstacle
0.187863618135
317.62399292 199.218963623 64.135925293 104.243774414
obstacle
0.184794917703
0.0 210.674530029 292.357330322 41.4030456543
obstacle
0.18403314054
9.68225860596 0.0 57.2048873901 284.485168457
obstacle
0.18299447
0.0 28.5437736511 1.0 126.8465271
obstacle
0.181050524116
362.597564697 219.531341553 112.78729248 70.5133056641
obstacle
0.180974677205
145.592178345 93.9261016846 24.2648010254 51.1017303467
obstacle
0.179006144404
430.00881958 135.193237305 23.2618408203 197.806762695
obstacle
0.178603947163
210.617980957 77.4459686279 100.859558105 39.1793670654
obstacle
0.178146570921
218.639663696 174.074234009 28.3536071777 106.487045288
obstacle
0.177831336856
339.012756348 73.0308380127 117.08190918 35.5101623535
obstacle
0.17723454535
236.07673645 0.0 31.434463501 333.0
obstacle
0.177062645555
458.114624023 0.0 41.8853759766 126.0262146
obstacle
0.17671944201
0.0 155.224258423 75.8241882324 58.065826416
obstacle
0.176524162292
0.0 137.612136841 269.970703125 30.0814819336
obstacle
0.174989968538
217.812072754 187.73449707 18.7408752441 42.7851257324
obstacle
0.174886822701
62.835357666 0.0 437.164642334 41.7030792236
obstacle
0.174747094512
325.563018799 0.0 12.9237060547 237.725524902
obstacle
0.174738928676
200.324401855 219.0703125 62.2398376465 113.9296875
obstacle
0.170255348086
279.267364502 66.7338943481 36.8604125977 130.313232422
obstacle
0.168950885534
183.266906738 157.304992676 147.850097656 165.964996338
obstacle
0.168847948313
386.263000488 43.5625534058 38.4151000977 137.819152832
obstacle
0.168812796474
436.381530762 168.919403076 58.5470581055 65.251953125
obstacle
0.168672993779
62.5582389832 0.0 97.2893981934 36.0145225525
obstacle
0.167910203338
224.195648193 219.109237671 63.3063049316 57.55909729
obstacle
0.167254045606
73.336265564 1.92166519165 54.8907318115 116.19418335
obstacle
0.166115924716
499.0 92.7146911621 1.0 90.4485473633
obstacle
0.165749400854
368.00567627 23.9208488464 44.3262939453 81.9499053955
obstacle
0.16444440186
482.462097168 0.0 17.537902832 37.5662536621
obstacle
0.164290472865
359.83114624 174.689712524 18.9067382812 95.5367889404
obstacle
0.164190843701
193.413345337 204.642364502 28.4779968262 72.6840820312
obstacle
0.163692459464
337.400085449 0.0 35.5111694336 333.0
obstacle
0.162335023284
0.0 184.425048828 329.641906738 20.1924743652
obstacle
0.16229647398
263.922424316 191.544494629 25.9536743164 141.455505371
obstacle
0.162244573236
285.143707275 226.534942627 8.98999023438 106.465057373
obstacle
0.162182152271
255.988220215 168.929870605 30.4137573242 84.1784667969
obstacle
0.161151140928
333.379608154 115.906799316 27.0977783203 60.2723693848
obstacle
0.161121085286
297.540405273 0.0 22.8000488281 29.4358062744
obstacle
0.161103084683
217.35824585 273.98135376 36.9331359863 52.5985107422
obstacle
0.16024197638
234.596588135 202.99887085 106.968322754 36.1829223633
obstacle
0.159862279892
488.045043945 193.152511597 11.9549560547 68.3679046631
obstacle
0.158603966236
230.246139526 141.100738525 19.258026123 33.3226013184
obstacle
0.158083990216
0.0 278.486572266 126.820266724 54.5134277344
obstacle
0.157862633467
358.022521973 0.0 141.977478027 8.77944564819
obstacle
0.15761809051
169.227340698 242.562194824 48.7319946289 86.2562866211
obstacle
0.157587647438
6.18344116211 104.519973755 284.301086426 50.7944335938
obstacle
0.155974909663
71.2972259521 190.967880249 428.702758789 100.511245728
obstacle
0.155697003007
470.719085693 143.484680176 29.2809143066 45.4041137695
obstacle
0.155230283737
166.339889526 136.459014893 86.2141418457 136.693634033
obstacle
0.154958382249
408.554718018 84.7740707397 31.1030273438 220.453796387
obstacle
0.153366789222
0.0 141.901397705 77.9267120361 34.1209716797
obstacle
0.153215914965
364.210021973 185.715393066 55.6507568359 32.0863342285
obstacle
0.152853131294
325.467041016 88.9871673584 128.683227539 47.5594482422
obstacle
0.152661249042
160.367523193 38.3439025879 132.068237305 46.3059387207
obstacle
0.152173280716
213.191802979 224.639526367 22.2246398926 67.0625610352
obstacle
0.15171353519
245.238922119 70.0632705688 141.16796875 55.0987548828
obstacle
0.151585891843
130.021591187 253.487609863 74.3819274902 40.8046875
obstacle
0.151265054941
214.622299194 95.8534698486 53.1931610107 49.6119689941
obstacle
0.148461923003
0.0 296.140838623 1.0 36.859161377
obstacle
0.148090943694
156.673568726 186.303573608 43.8093566895 32.2691345215
obstacle
0.147510305047
0.750315666199 0.0 18.2474060059 194.932769775
obstacle
0.147211968899
297.561187744 0.0 16.5072631836 102.397460938
obstacle
0.145786240697
0.0 258.19039917 93.8313217163 35.5033569336
obstacle
0.144905641675
495.505432129 0.0 4.49456787109 224.034088135
obstacle
0.143633976579
274.1824646 142.49810791 34.1520996094 16.0450439453
obstacle
0.143192976713
148.169113159 270.871276855 48.1051025391 62.1287231445
obstacle
0.14229285717
297.403442383 0.0 15.9771728516 3.32160186768
obstacle
0.142055526376
210.12159729 211.082946777 13.5307006836 52.3981018066
obstacle
0.141982764006
300.694885254 247.324325562 28.1395263672 76.3220977783
obstacle
0.137322887778
47.879901886 268.395172119 65.7637939453 16.1862182617
obstacle
0.137111380696
402.494293213 0.0 97.5057067871 1.0
obstacle
0.136496543884
351.620239258 33.3474273682 33.4245605469 97.7474822998
obstacle
0.135825008154
420.776672363 3.80247497559 27.5376586914 176.778579712
obstacle
0.134966284037
100.244361877 0.0 205.447875977 8.12791442871
obstacle
0.134833410382
499.0 0.0 1.0 99.1990509033
obstacle
0.134832039475
82.7969818115 115.380111694 162.045623779 25.4176177979
obstacle
0.132695302367
374.076446533 161.170974731 100.664489746 22.95703125
obstacle
0.131924599409
237.589263916 248.620681763 109.557678223 27.995223999
obstacle
0.130971610546
98.7791595459 197.317993164 120.276916504 9.21826171875
obstacle
0.130558893085
366.872528076 129.220306396 24.6507568359 74.9572753906
obstacle
0.129620119929
257.36907959 0.0 20.7935791016 73.7072525024
obstacle
0.127270415425
499.0 283.151184082 1.0 49.848815918
obstacle
0.126661658287
62.1994743347 130.412216187 106.32321167 202.587783813
obstacle
0.126364693046
129.590332031 166.204605103 87.9782714844 26.2633056641
obstacle
0.126076251268
115.687332153 150.116882324 87.6022033691 21.3996582031
obstacle
0.124981664121
290.264221191 0.0 179.097167969 1.34352874756
obstacle
0.123949408531
436.185943604 69.493522644 26.8282470703 158.66973877
obstacle
0.123290486634
207.448257446 66.5044555664 25.9889221191 266.495544434
obstacle
0.12299888581
309.69921875 0.0 32.4604492188 20.4307785034
obstacle
0.121693313122
170.006439209 189.802185059 17.5407409668 99.4526977539
obstacle
0.120907455683
280.283905029 71.2456817627 11.096496582 243.631088257
obstacle
0.120780587196
0.0 332.0 288.195800781 1.0
obstacle
0.12024653703
158.517807007 96.0375366211 26.2408752441 92.2685241699
obstacle
0.118652053177
269.395477295 181.039245605 79.6692504883 30.3831787109
obstacle
0.118084490299
0.0 158.784088135 1.0 35.6249389648
obstacle
0.118066482246
190.964538574 0.0 29.6936645508 75.2918395996
obstacle
0.117587715387
224.167556763 145.150268555 94.7194671631 90.8973693848
obstacle
0.117128640413
35.9306259155 0.0 67.9050140381 134.22265625
obstacle
0.116626359522
198.571914673 129.463806152 23.7442932129 87.2529296875
obstacle
0.116241924465
337.808044434 89.4537963867 38.421875 42.8156890869
obstacle
0.116003312171
340.681854248 53.0816879272 14.0097045898 154.551147461
obstacle
0.115220934153
338.005523682 0.0 31.2009277344 96.4164962769
obstacle
0.114579282701
192.503356934 0.0 24.4016113281 27.1735534668
obstacle
0.110321827233
184.872787476 142.249267578 51.1342773438 21.9165649414
obstacle
0.10941221565
169.132904053 0.0 107.497161865 56.7734451294
obstacle
0.109181068838
0.0 192.77986145 59.3039093018 26.6293640137
obstacle
0.108147628605
247.095672607 106.124313354 99.7618408203 35.3313903809
obstacle
0.107815802097
84.7589111328 0.0 74.8693237305 1.0
obstacle
0.106126703322
146.232666016 141.100738525 238.361877441 40.9692687988
obstacle
0.102048836648
26.1367797852 57.1825141907 221.468353271 72.3087768555
obstacle
0.101035431027
203.017410278 177.249710083 18.0840148926 59.4348449707
obstacle
0.100668236613
108.423187256 228.30241394 96.5713806152 18.1883544922
obstacle
0.098780490458
187.13482666 0.0 62.0826721191 1.0
obstacle
0.0984172970057
0.0 332.0 80.0438995361 1.0
obstacle
0.096707560122
271.112579346 156.078308105 19.4703369141 37.1318664551
obstacle
0.093686632812
254.921081543 135.709365845 23.8692016602 28.0936584473
obstacle
0.0926046520472
426.790527344 0.0 40.1768798828 69.9012451172
obstacle
0.0917330235243
376.172393799 0.0 22.6935424805 333.0
obstacle
0.0902690291405
147.747344971 0.0 42.9573364258 178.117553711
obstacle
0.0798868983984
8.54532623291 315.901306152 144.39453125 17.0986938477
obstacle
0.07951297611
153.20451355 53.7324790955 54.492401123 48.6197395325
obstacle
0.0792102888227
315.16506958 16.6903381348 38.3952026367 94.9548339844
obstacle
0.0750667750835
0.0 0.0 8.16913604736 77.2117538452
obstacle
0.0744996145368
255.132843018 127.824775696 58.9596557617 13.1372756958
obstacle
0.0738971233368
284.053527832 123.90965271 89.2276000977 10.6963806152
obstacle
0.0715693086386
144.374954224 0.0 39.8546447754 38.8304519653
obstacle
0.0690459087491
288.15612793 27.6684036255 18.0220336914 84.6555938721
obstacle
0.0672947913408
275.303833008 103.948326111 34.028137207 23.7005767822
obstacle
0.0431710593402
216.037277222 124.024597168 75.4841766357 10.829498291
obstacle
0.0417968593538
288.16607666 56.6577415466 34.1301879883 25.6711082458
obstacle
0.0338465236127
172.223022461 127.215370178 133.912445068 32.3271255493
obstacle
0.023297611624
312.908050537 109.595085144 49.2082519531 20.6200790405
