obstacle
0.505309700966
0.0 73.201751709 119.286071777 212.271240234
obstacle
0.474906951189
225.721694946 0.0 274.278320312 333.0
obstacle
0.445285886526
499.0 0.0 1.0 333.0
obstacle
0.424411773682
56.3595314026 0.0 67.3181915283 75.6401519775
obstacle
0.413733750582
0.0 332.0 438.765991211 1.0
obstacle
0.39791443944
474.500213623 0.0 25.499786377 333.0
obstacle
0.366825610399
103.076461792 167.944290161 357.880981445 69.2730712891
obstacle
0.361762017012
5.35754776001 0.0 58.6639633179 8.1418762207
obstacle
0.350793898106
155.280639648 0.0 131.517730713 333.0
obstacle
0.350365966558
0.0 155.774841309 176.265380859 71.8668212891
obstacle
0.348535239697
19.7583656311 291.764953613 68.1767578125 41.2350463867
obstacle
0.346823513508
0.0 0.0 122.34576416 1.0
obstacle
0.342758715153
0.0 62.2411155701 369.764099121 122.633453369
obstacle
0.341070234776
0.0 63.1140289307 1.0 44.5659484863
obstacle
0.31952264905
326.085327148 236.93258667 147.192565918 96.0674133301
obstacle
0.308304965496
0.0 3.72910690308 241.634735107 73.1667938232
obstacle
0.297572791576
450.798339844 139.922241211 49.2016601562 133.339416504
obstacle
0.295870870352
0.0 230.161758423 108.46206665 92.945602417
obstacle
0.284717649221
253.900009155 73.4901733398 64.4435577393 259.50982666
obstacle
0.284380346537
89.7481918335 0.0 86.1661148071 229.37008667
obstacle
0.282249331474
8.45632171631 200.992828369 228.474517822 16.9872436523
obstacle
0.278890311718
0.0 64.6680679321 1.0 219.319946289
obstacle
0.273536592722
0.0 260.550415039 334.106933594 72.4495849609
obstacle
0.269496291876
0.0 205.820709229 482.565551758 62.2218017578
obstacle
0.268676489592
0.0 332.0 124.472579956 1.0
obstacle
0.266801953316
93.9731369019 69.469291687 32.0226745605 115.911933899
obstacle
0.2612862885
232.099334717 263.251251221 90.2438354492 69.7487487793
obstacle
0.246459439397
380.866943359 112.337402344 52.8392333984 220.662597656
obstacle
0.244735702872
11.7222042084 0.0 34.8553924561 333.0
obstacle
0.243460088968
354.778442383 0.0 145.221557617 162.609466553
obstacle
0.242481455207
177.535507202 193.671661377 86.6229400635 67.8831176758
obstacle
0.239047601819
15.8498382568 113.181114197 484.150146484 32.4840164185
obstacle
0.238768965006
309.138244629 332.0 83.600402832 1.0
obstacle
0.234175935388
216.770645142 131.189880371 114.915023804 21.8714599609
obstacle
0.231368780136
360.359527588 100.442489624 139.640472412 120.602203369
obstacle
0.227241307497
0.0 6.07762145996 1.0 86.5329742432
obstacle
0.224180057645
413.064453125 0.0 59.1332397461 333.0
obstacle
0.223957821727
20.0173568726 115.02722168 178.078979492 45.0546569824
obstacle
0.223048597574
188.2215271 24.5009841919 36.5437316895 67.3876190186
obstacle
0.219419777393
495.736816406 0.0 4.26318359375 333.0
obstacle
0.21754437685
0.0 170.602813721 43.7270812988 19.412902832
obstacle
0.21424344182
204.196502686 316.036315918 281.84387207 16.963684082
obstacle
0.214206859469
0.0 115.896148682 39.2822875977 58.4948425293
obstacle
0.213267982006
0.0 130.712112427 1.0 49.9863891602
obstacle
0.210323438048
81.0229492188 0.0 27.5346679688 181.577377319
obstacle
0.21004268527
230.771209717 332.0 110.524475098 1.0
obstacle
0.206089377403
259.506774902 91.2132034302 130.908508301 73.7257919312
obstacle
0.205407604575
112.442352295 233.896728516 56.0644836426 82.770324707
obstacle
0.202109321952
0.0 327.622558594 500.0 5.37744140625
obstacle
0.198809549212
402.895355225 0.0 97.1046447754 43.5606307983
obstacle
0.197125762701
50.8905906677 124.475265503 41.1532783508 87.4372253418
obstacle
0.195658057928
299.004821777 281.405090332 107.837524414 51.594909668
obstacle
0.194580227137
247.893569946 66.855140686 82.2059173584 61.1106719971
obstacle
0.193800285459
57.8270645142 0.0 242.092773438 1.0
obstacle
0.193103298545
131.485626221 0.0 362.143981934 66.2527770996
obstacle
0.191541671753
454.827026367 28.9548339844 43.6607666016 111.417770386
obstacle
0.191474199295
80.1010513306 190.612854004 137.543151855 142.387145996
obstacle
0.19091719389
80.4498748779 140.197479248 140.610229492 46.8378295898
obstacle
0.190620452166
167.35559082 97.7367401123 102.233703613 91.492980957
obstacle
0.190003827214
8.69476604462 38.4449996948 22.3957366943 160.71496582
obstacle
0.189204961061
60.8966522217 1.42679691315 304.958190918 24.3543624878
obstacle
0.188971206546
0.0 332.0 1.0 1.0
obstacle
0.188944324851
499.0 130.429504395 1.0 76.5404968262
obstacle
0.188561737537
126.555915833 198.847167969 68.8086776733 40.6625061035
obstacle
0.188372656703
0.0 316.495330811 13.207069397 16.5046691895
obstacle
0.18814446032
47.3260192871 27.0720405579 51.6674194336 82.7750854492
obstacle
0.185195282102
0.0 279.478149414 1.0 17.2537841797
obstacle
0.182829201221
449.233428955 275.153167725 50.7665710449 57.8468322754
obstacle
0.182211101055
98.2254867554 274.988830566 128.451423645 44.2091674805
obstacle
0.181966230273
142.750366211 0.0 30.6686706543 123.419265747
obstacle
0.181948110461
185.217651367 279.213226318 70.3571777344 53.7867736816
obstacle
0.17917598784
322.228637695 0.0 30.4583740234 333.0
obstacle
0.176239520311
251.046447754 0.0 15.5155029297 333.0
obstacle
0.175883188844
269.201965332 24.4340667725 207.9765625 70.5131835938
obstacle
0.174879685044
7.2369966507 176.444351196 29.8798751831 139.543258667
obstacle
0.174746066332
124.671279907 103.511283875 55.2735900879 212.12689209
obstacle
0.174488216639
20.2362976074 300.107727051 220.512176514 32.8922729492
obstacle
0.173632606864
119.836654663 326.39944458 57.2894897461 6.60055541992
obstacle
0.172897964716
301.981018066 253.036254883 64.516784668 61.4867553711
obstacle
0.171612337232
470.122192383 218.581817627 29.1852416992 101.164855957
obstacle
0.170610204339
197.394073486 82.0912780762 39.6394348145 44.0407409668
obstacle
0.170183315873
233.252471924 226.774169922 169.357666016 33.0577697754
obstacle
0.17015978694
274.991271973 0.0 22.4008789062 123.739601135
obstacle
0.169610783458
4.68976020813 1.55894470215 54.2721328735 24.137216568
obstacle
0.167961031199
260.421508789 149.448120117 130.810791016 72.3564453125
obstacle
0.167362704873
136.416885376 42.2866744995 216.328659058 54.0082397461
obstacle
0.16712641716
76.5178070068 128.802505493 46.3810272217 92.3818664551
obstacle
0.165729254484
0.0 193.427963257 24.4671401978 27.6708984375
obstacle
0.165400654078
441.172180176 332.0 58.8278198242 1.0
obstacle
0.165167182684
143.671615601 254.271209717 297.492248535 48.4307861328
obstacle
0.164239928126
246.92855835 0.0 50.3325805664 199.305648804
obstacle
0.164119780064
27.4809265137 0.338936805725 139.204559326 21.000629425
obstacle
0.163244470954
0.0 190.491119385 19.495765686 142.508880615
obstacle
0.163156151772
467.245849609 9.62041282654 30.3919677734 60.2742080688
obstacle
0.161347270012
0.0 56.7961502075 6.28274536133 207.117340088
obstacle
0.161245495081
328.172943115 115.443260193 45.6536254883 137.90234375
obstacle
0.157852768898
145.365890503 0.0 68.2913818359 64.9852371216
obstacle
0.157432764769
309.505737305 198.351913452 150.456054688 60.4272613525
obstacle
0.157364368439
0.0 131.581115723 14.3249206543 72.723815918
obstacle
0.157297208905
77.0321655273 122.725280762 20.5288848877 58.5401611328
obstacle
0.157217547297
165.083297729 0.0 30.8459777832 170.261077881
obstacle
0.156342029572
17.6883239746 105.813827515 85.1061096191 39.922668457
obstacle
0.155458301306
188.780456543 45.0453529358 264.690307617 104.097442627
obstacle
0.153875112534
0.0 200.418304443 114.414108276 11.3116760254
obstacle
0.152805581689
294.365478516 322.099700928 68.9701538086 10.9002990723
obstacle
0.15257807076
0.0 316.45401001 58.8226776123 16.5459899902
obstacle
0.152364134789
443.34475708 145.414428711 56.6552429199 35.3725891113
obstacle
0.150552168489
378.820892334 215.129272461 121.179107666 72.7812194824
obstacle
0.149341657758
0.0 316.442199707 1.0 16.557800293
obstacle
0.148465901613
38.6016807556 210.060089111 89.6020050049 45.6890869141
obstacle
0.147613450885
14.5746364594 69.2792434692 61.1408081055 49.3957672119
obstacle
0.146753937006
250.671035767 180.746704102 59.1298370361 60.9807739258
obstacle
0.142648398876
380.743988037 152.877639771 93.6156005859 41.280090332
obstacle
0.142493486404
94.4666290283 232.439666748 272.582214355 49.0877685547
obstacle
0.141834959388
499.0 332.0 1.0 1.0
obstacle
0.140391975641
254.547851562 0.0 76.346862793 60.9564819336
obstacle
0.139853313565
104.241653442 141.021865845 42.9063720703 66.5039978027
obstacle
0.139681980014
302.401763916 296.802490234 24.2004394531 36.1975097656
obstacle
0.138954639435
0.0 332.0 34.7161712646 1.0
obstacle
0.138559415936
323.922821045 0.0 129.867858887 54.5879516602
obstacle
0.138169273734
84.446182251 34.5133171082 144.45022583 84.6610412598
obstacle
0.137512847781
0.0 140.819885254 29.6437683105 98.8709106445
obstacle
0.135233536363
103.857566833 332.0 48.7221908569 1.0
obstacle
0.134960204363
0.0 171.784805298 500.0 8.78536987305
obstacle
0.131908357143
107.072250366 291.163757324 55.1599121094 41.8362426758
obstacle
0.130174055696
114.233573914 167.074523926 61.5789871216 62.8986206055
obstacle
0.129305154085
81.8776168823 260.967102051 51.4717788696 72.0328979492
obstacle
0.128775760531
212.606536865 206.339630127 73.1912231445 92.5702209473
obstacle
0.128147512674
18.7697277069 0.0 46.946685791 72.9510345459
obstacle
0.126594543457
0.0 216.439025879 251.694198608 12.9170532227
obstacle
0.124763675034
65.770866394 0.0 11.4431152344 81.9234237671
obstacle
0.122292749584
152.975830078 289.015655518 61.4540405273 40.1463623047
obstacle
0.120601810515
0.0 84.3908157349 272.399475098 45.9619064331
obstacle
0.120220735669
229.592697144 0.0 87.8355560303 21.0393371582
obstacle
0.119880668819
78.0754013062 241.914428711 10.2070617676 91.0855712891
obstacle
0.116122834384
473.453491211 103.095207214 26.5465087891 88.4430923462
obstacle
0.113374680281
288.720336914 189.327072144 58.8233032227 79.8275299072
obstacle
0.109324261546
0.0 182.057861328 305.422912598 13.1788330078
obstacle
0.103828176856
80.0806503296 308.09475708 42.0950164795 24.9052429199
obstacle
0.102944500744
283.592834473 0.0 32.3939208984 1.0
obstacle
0.102931596339
0.0 208.422180176 1.0 113.653137207
obstacle
0.102487884462
79.2635650635 204.533813477 35.6730651855 93.2520446777
obstacle
0.100560218096
246.876525879 41.5761795044 253.123474121 19.3756256104
obstacle
0.0998721122742
0.0 0.0 13.6444683075 179.873306274
obstacle
0.0996161401272
216.627319336 138.968994141 21.1230163574 31.8215942383
obstacle
0.0992759987712
0.0 196.251068115 62.6325798035 37.5698242188
obstacle
0.0986765101552
67.0325546265 95.3747253418 22.8279571533 62.3269042969
obstacle
0.0967073217034
0.0 0.0 24.7576084137 44.6841812134
obstacle
0.0964234396815
215.997711182 166.478744507 207.555725098 21.5415039062
obstacle
0.0950500667095
0.0 142.490280151 328.338317871 18.5614013672
obstacle
0.0945311114192
438.204284668 209.085159302 61.795715332 35.2961425781
obstacle
0.0944306775928
0.0 241.257003784 38.062713623 35.1751556396
obstacle
0.0915462374687
454.424133301 177.340087891 45.5758666992 41.9142456055
obstacle
0.0906528159976
315.789672852 0.0 99.6012573242 11.4843063354
obstacle
0.0895318686962
0.0 190.011322021 173.072631836 18.4559631348
obstacle
0.0883412584662
351.967193604 121.77167511 44.7523193359 45.0027389526
obstacle
0.0867621675134
236.407058716 139.317321777 71.9445037842 55.0471496582
obstacle
0.0865836814046
345.802947998 55.5813751221 59.4202270508 277.418640137
obstacle
0.0840961039066
58.3706550598 332.0 36.8167991638 1.0
obstacle
0.0812295749784
70.0157241821 61.9159698486 26.0631408691 48.1509246826
obstacle
0.0805992856622
0.0 211.280761719 169.914581299 12.1683044434
obstacle
0.080544359982
0.0 266.664337158 11.1365966797 66.3356628418
obstacle
0.0789515301585
317.421112061 0.0 25.2235717773 1.0
obstacle
0.0785096585751
246.435760498 68.1842803955 253.564239502 20.3005828857
obstacle
0.078344039619
288.594360352 172.998947144 57.1378173828 21.2313537598
obstacle
0.0780865550041
182.300262451 0.0 75.7288513184 7.45687866211
obstacle
0.078046835959
204.28956604 0.0 44.1186828613 36.3571205139
obstacle
0.0774065554142
129.830047607 0.0 47.8452148438 1.0
obstacle
0.0774063467979
195.408355713 0.0 67.3185424805 1.0
obstacle
0.0764469578862
138.296478271 332.0 65.3470153809 1.0
obstacle
0.0760692581534
0.0 0.0 1.0 1.0
obstacle
0.0759330689907
0.0 182.484619141 1.0 57.3844909668
obstacle
0.0757425427437
302.339355469 139.384628296 197.660644531 36.0881347656
obstacle
0.0755371972919
361.031890869 54.7961654663 68.4248046875 67.5546264648
obstacle
0.0742551609874
284.429229736 0.0 84.7421875 137.419525146
obstacle
0.0739197060466
362.426422119 99.5328521729 137.573577881 11.2281799316
obstacle
0.0735904946923
297.226806641 0.0 36.1724853516 22.1249351501
obstacle
0.0723828747869
331.699035645 166.559158325 121.06036377 54.4886779785
obstacle
0.071916513145
5.01655960083 0.0 98.3213500977 164.426696777
obstacle
0.0709671080112
0.0 0.0 35.0871582031 1.0
obstacle
0.0695354193449
499.0 55.1878013611 1.0 65.7845458984
obstacle
0.0689470246434
156.449371338 175.156066895 31.857421875 45.2119750977
obstacle
0.0684674233198
159.582778931 217.058898926 56.743927002 76.7524108887
obstacle
0.0683181807399
161.817382812 130.921325684 36.2095947266 35.4030761719
obstacle
0.0663138404489
197.020706177 188.635543823 201.993209839 144.364456177
obstacle
0.0657958611846
172.595703125 165.112884521 98.6416625977 15.4644165039
obstacle
0.0656138509512
0.0 48.3175125122 9.71557617188 54.9480743408
obstacle
0.0649155750871
282.45715332 210.82989502 23.9014892578 122.17010498
obstacle
0.0632107257843
135.646118164 173.113555908 78.0895690918 16.6582641602
obstacle
0.0627337694168
233.67489624 51.2429428101 52.1217651367 41.8559112549
obstacle
0.0626345649362
110.630218506 115.821037292 23.272277832 52.4487075806
obstacle
0.06028233096
23.7177906036 149.732696533 64.3812713623 31.2708740234
obstacle
0.0594466067851
68.3443603516 83.590927124 431.655639648 11.0193786621
obstacle
0.0574267208576
152.400024414 90.6458587646 276.761291504 20.58152771
obstacle
0.0574108622968
478.830688477 56.2338294983 21.1693115234 67.1856689453
obstacle
0.0555887371302
337.129089355 0.0 44.1429443359 1.0
obstacle
0.0529485456645
327.969085693 128.548812866 115.886291504 22.4609680176
obstacle
0.0528121888638
120.692588806 0.636054992676 36.8687057495 121.147445679
obstacle
0.0525981485844
89.9683837891 0.0 23.9032287598 35.6773414612
obstacle
0.05240502581
25.8609142303 0.0 11.6881504059 12.7111587524
obstacle
0.0457675345242
494.401824951 0.0 5.59817504883 33.8551864624
obstacle
0.0402156412601
17.2016639709 95.1119384766 20.7197647095 36.5311126709
obstacle
0.0389361009002
0.0 294.932983398 5.22468185425 38.0670166016
obstacle
0.0385741591454
139.986785889 0.0 52.5767211914 16.7901535034
obstacle
0.0361006222665
118.087371826 76.5842437744 24.533996582 44.7577056885
obstacle
0.0340125374496
115.226455688 18.6945037842 53.4577941895 30.8700256348
obstacle
0.0271564498544
183.301986694 0.0 316.697998047 1.0
obstacle
0.0191528387368
173.355041504 327.498168945 37.4447631836 5.50183105469
obstacle
0.0182394180447
493.99041748 71.3125457764 6.00958251953 36.7021331787
