obstacle
0.524314343929
42.8458862305 0.0 457.15411377 281.0
obstacle
0.44311979413
366.475280762 0.0 133.524719238 221.926391602
obstacle
0.413495838642
90.2788391113 0.0 92.7559204102 281.0
obstacle
0.402638942003
239.786468506 0.0 80.6949462891 133.430221558
obstacle
0.385505527258
499.0 0.0 1.0 281.0
obstacle
0.379111111164
44.4396820068 0.0 34.8592605591 235.774414062
obstacle
0.368515223265
187.821578979 0.0 209.230545044 74.6607055664
obstacle
0.358033418655
289.032104492 0.0 97.1428222656 281.0
obstacle
0.314291983843
434.296569824 60.0252685547 65.7034301758 134.00718689
obstacle
0.30805799365
145.773300171 0.0 117.00920105 281.0
obstacle
0.299382776022
425.120361328 0.0 74.8796386719 113.6980896
obstacle
0.281763106585
0.0 187.160217285 418.996856689 93.8397827148
obstacle
0.281510710716
282.938812256 0.0 45.3474121094 65.2784576416
obstacle
0.2745038867
0.0 22.1754417419 204.438308716 66.9889984131
obstacle
0.272977501154
495.361572266 0.0 4.63842773438 281.0
obstacle
0.269387036562
4.86131763458 0.0 28.6750259399 105.895233154
obstacle
0.267942368984
493.689788818 180.712738037 6.31021118164 90.9033813477
obstacle
0.26445004344
25.9405212402 102.998855591 343.244018555 117.645843506
obstacle
0.260623365641
350.710357666 0.0 56.8664550781 281.0
obstacle
0.255845755339
59.5620918274 55.1695365906 98.1337585449 108.106765747
obstacle
0.253924310207
66.4589385986 20.8529624939 315.192810059 110.701187134
obstacle
0.249678134918
70.1003189087 203.490325928 132.590606689 77.5096740723
obstacle
0.248121410608
219.166091919 0.0 22.1090087891 101.05581665
obstacle
0.244756639004
0.0 1.61807584763 222.549697876 12.3820800781
obstacle
0.243599265814
395.471984863 129.289672852 55.7779541016 21.2174377441
obstacle
0.243583098054
237.057525635 0.0 31.9663085938 80.6628723145
obstacle
0.242451116443
106.57459259 0.0 27.1252059937 281.0
obstacle
0.241166010499
0.0 0.0 118.593269348 281.0
obstacle
0.241123154759
166.81137085 52.9094772339 81.0534057617 103.773445129
obstacle
0.238750964403
210.99987793 89.1041946411 177.065063477 57.2091751099
obstacle
0.238270431757
252.596679688 0.0 225.226928711 20.9604263306
obstacle
0.231612592936
424.286773682 195.570251465 36.4197998047 85.4297485352
obstacle
0.229304999113
0.0 280.0 41.7573242188 1.0
obstacle
0.22668325901
24.5004348755 158.779281616 67.8096313477 122.220718384
obstacle
0.224481523037
475.859558105 0.0 24.1404418945 281.0
obstacle
0.224038496614
265.172729492 121.74382019 63.8048706055 159.25617981
obstacle
0.223263710737
358.374633789 190.908905029 138.925964355 90.0910949707
obstacle
0.220943912864
416.543579102 70.5569458008 33.4154052734 74.9371948242
obstacle
0.220471799374
22.0093231201 13.8961057663 299.679748535 26.1621780396
obstacle
0.214981094003
394.429321289 0.0 105.570678711 16.1925430298
obstacle
0.214085251093
400.283935547 127.870620728 43.2991333008 140.171920776
obstacle
0.211489841342
460.708648682 120.06463623 39.2913513184 103.384918213
obstacle
0.210617154837
72.9612045288 118.501457214 16.4844970703 162.498535156
obstacle
0.21039429307
0.0 127.811210632 90.40599823 34.0803451538
obstacle
0.209731653333
192.891204834 0.0 92.9524536133 1.0
obstacle
0.205333828926
2.14407634735 59.5697555542 28.9079055786 221.430236816
obstacle
0.203248992562
196.033248901 96.2528076172 22.9229736328 184.747192383
obstacle
0.201963543892
151.309844971 75.7022018433 29.0612487793 146.803375244
obstacle
0.20105406642
449.349365234 0.0 24.1503295898 261.429473877
obstacle
0.198879852891
238.38394165 71.4660491943 35.8693237305 79.2001953125
obstacle
0.198021098971
499.0 0.0 1.0 1.0
obstacle
0.197962939739
89.6316223145 0.0 18.221496582 281.0
obstacle
0.197685390711
56.3282928467 258.62097168 212.590103149 22.3790283203
obstacle
0.193559318781
86.9820709229 17.5591163635 106.661193848 28.4279441833
obstacle
0.193477198482
248.745895386 0.0 85.2324676514 13.8795814514
obstacle
0.193168282509
0.0 187.845870972 74.0186843872 39.8528442383
obstacle
0.192500442266
230.408569336 121.598213196 53.5753173828 147.810241699
obstacle
0.192186936736
279.525177002 73.4600524902 23.5752563477 90.6687011719
obstacle
0.191719070077
179.291717529 113.668258667 320.708282471 80.218536377
obstacle
0.191289752722
293.133972168 0.0 25.0217895508 255.453659058
obstacle
0.191225290298
499.0 0.0 1.0 82.3601455688
obstacle
0.191097542644
0.0 23.6447982788 11.0134067535 178.65246582
obstacle
0.190654098988
0.0 41.6089096069 1.0 40.0627212524
obstacle
0.189144507051
0.0 82.1342849731 58.9587211609 47.923866272
obstacle
0.188380107284
172.27835083 0.0 101.922149658 4.94035720825
obstacle
0.18791167438
254.026580811 39.676574707 36.2163696289 119.862045288
obstacle
0.187658756971
249.441955566 22.1296024323 38.4370117188 33.3414459229
obstacle
0.187488898635
386.212341309 0.0 59.6576538086 40.1649436951
obstacle
0.187213048339
15.4362049103 0.0 52.44921875 39.5134429932
obstacle
0.1871547997
130.549880981 97.2340087891 37.7035522461 183.765991211
obstacle
0.185354322195
432.472290039 259.389831543 67.5277099609 21.610168457
obstacle
0.184904932976
217.090072632 44.0424461365 16.5288085938 88.0387420654
obstacle
0.184793546796
162.258651733 9.30486106873 218.723892212 18.3536567688
obstacle
0.184015974402
456.931152344 77.736907959 32.59765625 75.3479919434
obstacle
0.183393120766
413.43548584 112.736991882 34.2552490234 59.8796768188
obstacle
0.183168634772
0.0 0.0300874710083 29.4871387482 31.5059509277
obstacle
0.181929141283
180.328598022 239.21182251 160.259170532 41.7881774902
obstacle
0.18054254353
84.9744262695 118.113700867 55.1372070312 53.6352615356
obstacle
0.180101215839
484.727844238 0.0 15.2721557617 85.1549911499
obstacle
0.178698644042
179.197799683 93.2093658447 26.8598022461 187.790634155
obstacle
0.177941456437
379.81930542 40.1160202026 53.6670532227 146.121490479
obstacle
0.177888184786
37.6273460388 103.360305786 70.8939056396 100.779083252
obstacle
0.177624240518
348.326477051 195.781234741 20.9421386719 85.2187652588
obstacle
0.177382335067
147.589385986 0.0 170.78729248 20.1927680969
obstacle
0.177190989256
318.281463623 37.2185287476 35.7347412109 150.5809021
obstacle
0.176882848144
0.0 70.849822998 101.600273132 26.0514678955
obstacle
0.175725087523
37.4344177246 92.9833450317 61.4575500488 36.2631149292
obstacle
0.172633513808
175.553283691 22.7618179321 49.1304016113 33.7485809326
obstacle
0.170185133815
0.0 235.005386353 130.930114746 45.9946136475
obstacle
0.169941589236
150.635223389 280.0 79.8824768066 1.0
obstacle
0.169791221619
239.77293396 2.78184890747 49.8292999268 19.6124305725
obstacle
0.169155478477
0.0 134.005813599 1.0 46.5663757324
obstacle
0.168973222375
174.393661499 180.277648926 105.67829895 60.1404724121
obstacle
0.168906331062
0.0 272.949188232 173.213180542 8.05081176758
obstacle
0.166298881173
444.660644531 71.7662506104 15.0625610352 96.4130706787
obstacle
0.166227772832
158.514938354 0.0 35.092010498 158.466522217
obstacle
0.166053667665
313.671630859 81.5872650146 186.328369141 68.9098815918
obstacle
0.164568558335
223.058685303 0.0 39.3396911621 182.67376709
obstacle
0.164539158344
0.0 19.9933662415 1.0 25.0166549683
obstacle
0.163098335266
0.0 0.0 170.546188354 3.94359397888
obstacle
0.162377178669
0.0 10.7905521393 15.0179958344 46.723274231
obstacle
0.16217893362
499.0 204.75793457 1.0 76.2420654297
obstacle
0.161853849888
329.518096924 88.5542678833 41.8882446289 172.002166748
obstacle
0.161546632648
170.422454834 14.4362831116 38.1260986328 83.6203918457
obstacle
0.160833582282
457.920501709 184.839080811 35.7425537109 96.1609191895
obstacle
0.159530550241
443.918029785 5.83692359924 56.0819702148 31.6820278168
obstacle
0.159157380462
81.4375991821 70.7315368652 63.4274520874 18.6515960693
obstacle
0.15914683044
83.1658554077 146.978515625 8.5147857666 134.021484375
obstacle
0.15870064497
210.93913269 90.8779754639 16.2520141602 109.212005615
obstacle
0.158165842295
34.6831016541 90.0845108032 23.0225906372 190.915496826
obstacle
0.158049330115
231.155166626 9.25884056091 18.3239135742 38.9706344604
obstacle
0.156899601221
85.966796875 86.9134597778 28.4966888428 24.2778167725
obstacle
0.155990943313
369.010192871 155.849884033 54.9818115234 92.0266723633
obstacle
0.155890598893
310.529144287 257.350524902 183.857727051 23.6494750977
obstacle
0.155723497272
339.322418213 4.06408691406 74.7588500977 68.4220352173
obstacle
0.154624536633
213.345092773 158.882568359 40.5721740723 122.117431641
obstacle
0.152947247028
32.2248306274 27.7579040527 91.2358398438 30.8155593872
obstacle
0.152803450823
381.611022949 59.0280342102 87.5581054688 45.886089325
obstacle
0.151970639825
421.201477051 93.7292327881 40.1678466797 129.252563477
obstacle
0.151034966111
262.06741333 220.813842773 17.8763427734 60.1861572266
obstacle
0.149447590113
250.353302002 280.0 13.0155029297 1.0
obstacle
0.149438545108
33.0243835449 280.0 69.0320739746 1.0
obstacle
0.146772518754
146.76663208 38.549621582 62.0802307129 17.008605957
obstacle
0.146625682712
17.8077163696 47.938873291 84.0431671143 91.1527404785
obstacle
0.145394712687
0.0 0.0 1.0 16.4064435959
obstacle
0.145203575492
34.5986785889 45.9902000427 22.1459197998 100.187347412
obstacle
0.143268734217
322.633087158 46.397605896 70.7406616211 62.1196746826
obstacle
0.142867639661
61.1639785767 91.5521697998 78.402885437 189.4478302
obstacle
0.141614958644
467.478302002 53.2043571472 32.521697998 41.602481842
obstacle
0.141457334161
0.0 87.511505127 185.183868408 34.561630249
obstacle
0.13873898983
0.0 184.208724976 3.09585571289 76.9973907471
obstacle
0.13807721436
122.380912781 35.2954978943 50.3377151489 30.3426399231
obstacle
0.137754127383
82.853729248 0.0 14.0207061768 82.2495346069
obstacle
0.137513160706
0.0 88.3793029785 1.0 28.0577697754
obstacle
0.136689558625
118.918106079 0.0 147.09324646 84.0449295044
obstacle
0.135889187455
73.4130249023 31.8436508179 85.3662109375 39.7910614014
obstacle
0.135343581438
0.0 191.662750244 1.0 89.3372497559
obstacle
0.134872823954
0.0 219.622772217 43.4147033691 61.3772277832
obstacle
0.134589731693
270.419372559 172.084075928 20.1424560547 108.915924072
obstacle
0.133094534278
0.0 0.0 8.23470401764 1.0
obstacle
0.130883574486
285.587371826 20.6532745361 172.455505371 76.6054840088
obstacle
0.129000157118
270.713592529 106.077178955 25.9837646484 126.812286377
obstacle
0.127113446593
0.0 18.1390018463 150.859222412 12.237411499
obstacle
0.126221477985
78.7748718262 280.0 44.3016052246 1.0
obstacle
0.125855177641
271.852355957 0.0 30.1462402344 36.8511734009
obstacle
0.125522002578
87.3585357666 226.880737305 29.7783966064 54.1192626953
obstacle
0.123613029718
0.0 92.0555419922 19.5569515228 43.4902954102
obstacle
0.121923357248
24.2633972168 149.491531372 223.514923096 37.3352355957
obstacle
0.121859431267
95.1482925415 136.497070312 22.0057525635 93.8319091797
obstacle
0.121335498989
58.0489006042 11.0639305115 13.9867973328 75.2850494385
obstacle
0.121248148382
75.4844665527 159.405929565 307.597259521 16.210723877
obstacle
0.120713718235
300.896087646 204.514419556 131.933166504 52.9240875244
obstacle
0.119918242097
133.301635742 22.3919868469 46.0306091309 101.890319824
obstacle
0.11915872246
49.3868408203 0.0 42.9215087891 1.0
obstacle
0.117670156062
118.584487915 0.0 35.1907653809 114.581787109
obstacle
0.117066949606
230.905883789 77.3675460815 20.8157043457 85.885597229
obstacle
0.116135247052
99.6288909912 159.720596313 41.7637023926 83.9803771973
obstacle
0.115410596132
100.571929932 0.0 27.3454589844 78.0765228271
obstacle
0.112508736551
366.343688965 87.4871368408 133.656311035 27.5904846191
obstacle
0.110888399184
300.920776367 17.0522842407 21.3689575195 76.4703445435
obstacle
0.108636878431
118.123550415 252.328521729 14.8782806396 28.6714782715
obstacle
0.108488731086
111.679016113 0.0 388.320983887 7.68562269211
obstacle
0.108159720898
416.111846924 17.5350418091 48.0553588867 52.8791275024
obstacle
0.107938766479
101.072509766 0.0 115.753295898 32.7023773193
obstacle
0.105630874634
322.947143555 0.0 157.2734375 1.0
obstacle
0.103257291019
413.456451416 51.2458152771 12.7221069336 100.883285522
obstacle
0.103089854121
55.7011489868 242.567749023 27.6790924072 38.4322509766
obstacle
0.0998522788286
96.1463928223 0.0 60.0408782959 15.7914094925
obstacle
0.0987213999033
0.0 0.0 3.95348358154 5.59536361694
obstacle
0.0979858785868
203.503189087 0.0 11.4662780762 51.5861320496
obstacle
0.0976324826479
53.7371711731 152.309753418 14.1085395813 128.690246582
obstacle
0.0962122529745
380.093109131 16.6382026672 51.6444702148 60.2724266052
obstacle
0.0939220413566
405.996948242 104.622497559 14.8740234375 41.4907836914
obstacle
0.0925873294473
201.012771606 44.6374473572 113.808609009 37.8152046204
obstacle
0.0924299806356
78.584197998 126.207550049 15.8441009521 55.24609375
obstacle
0.0895204544067
32.4400520325 8.64537620544 24.9943389893 57.0859985352
obstacle
0.0888262093067
55.4903488159 0.0 52.4353027344 12.6040840149
obstacle
0.0881672278047
84.6108551025 35.575958252 26.3595581055 30.8741455078
obstacle
0.0877024754882
53.3068580627 54.2377128601 69.189163208 37.836856842
obstacle
0.0866224318743
140.453994751 130.299346924 163.674850464 36.4874267578
obstacle
0.0851626247168
330.178833008 0.0 26.9716186523 25.2055130005
obstacle
0.0839011669159
0.0 0.0 68.6118774414 11.6653842926
obstacle
0.083211876452
433.889770508 19.8372344971 20.2247314453 135.157608032
obstacle
0.0824976339936
0.0 0.0 156.155059814 1.0
obstacle
0.080341912806
499.0 41.1737670898 1.0 23.5165863037
obstacle
0.0798860490322
9.22627830505 17.3655261993 31.3167667389 38.4989929199
obstacle
0.0795130580664
76.1616668701 0.0 46.7345123291 1.0
obstacle
0.0789794027805
67.6055145264 0.0 9.94094848633 205.670059204
obstacle
0.0745577290654
311.966003418 136.805755615 109.425964355 28.8734741211
obstacle
0.0721741393209
0.0 38.7082138062 18.676399231 58.0426330566
obstacle
0.0694105029106
61.5799179077 6.35940074921 78.8972244263 20.7173538208
obstacle
0.0685352161527
61.6758232117 87.9053726196 26.8544654846 20.7890930176
obstacle
0.0663596317172
491.148681641 9.48579597473 8.85131835938 36.2923049927
obstacle
0.0653077289462
357.303344727 8.80250835419 142.696655273 13.9493608475
obstacle
0.063797570765
240.464309692 16.7458953857 259.535705566 19.3678588867
obstacle
0.0592332929373
202.299255371 43.012588501 129.933959961 169.136062622
obstacle
0.0587439835072
117.985069275 0.0 84.9934768677 1.99119567871
obstacle
0.0535059385002
248.384506226 0.0 20.1901092529 258.117553711
obstacle
0.0526286922395
47.6227378845 0.0 16.8004455566 91.4937515259
obstacle
0.0465542636812
94.8981628418 37.1261749268 22.2307128906 147.201293945
obstacle
0.0421902425587
61.9483833313 72.1322631836 26.7228355408 93.1168060303
obstacle
0.0341403335333
61.150970459 0.0 35.3657684326 42.7002258301
obstacle
0.0297708176076
6.8853931427 0.0 36.2756958008 1.0
