obstacle
0.497278690338
499.0 0.0 1.0 375.0
obstacle
0.445886969566
103.063232422 0.0 396.936767578 333.430358887
obstacle
0.400579541922
9.41255187988 374.0 318.878173828 1.0
obstacle
0.362944155931
437.231201172 0.0 62.7687988281 375.0
obstacle
0.34175285697
225.94102478 301.54083252 68.394821167 73.4591674805
obstacle
0.289730846882
23.5148849487 0.0 94.3435821533 311.156066895
obstacle
0.289534509182
184.670776367 0.0 89.5033569336 375.0
obstacle
0.277772992849
380.565643311 155.182922363 119.434356689 34.3767089844
obstacle
0.273428171873
62.4922714233 0.0 162.064544678 375.0
obstacle
0.268949061632
352.842681885 0.0 30.649597168 375.0
obstacle
0.266112715006
206.617431641 0.0 293.382568359 58.2384643555
obstacle
0.265610218048
242.146026611 0.0 146.523071289 261.77331543
obstacle
0.262464612722
394.94152832 119.106872559 35.8883666992 104.782806396
obstacle
0.260024935007
392.856689453 67.9084472656 26.1001586914 307.091552734
obstacle
0.256773114204
10.9752311707 93.6822738647 66.552230835 174.514709473
obstacle
0.254433393478
468.019470215 11.9029388428 31.9805297852 113.450592041
obstacle
0.251855254173
336.031860352 0.0 12.1832275391 375.0
obstacle
0.250272542238
4.83557128906 178.02255249 51.4561309814 75.1063232422
obstacle
0.249785155058
376.383758545 0.0 24.2526855469 375.0
obstacle
0.246785089374
111.757461548 102.098800659 48.6488342285 259.492431641
obstacle
0.246087178588
40.7247161865 332.424163818 156.502487183 42.5758361816
obstacle
0.244920969009
168.580459595 100.883842468 66.0172424316 187.938079834
obstacle
0.244610875845
358.407714844 163.979919434 114.318237305 61.8973083496
obstacle
0.239143043756
304.042327881 21.1021461487 14.0401611328 89.1399841309
obstacle
0.237976282835
151.967330933 354.78994751 76.3459777832 20.2100524902
obstacle
0.236181005836
489.891693115 0.0 10.1083068848 375.0
obstacle
0.235336318612
323.42578125 7.57123565674 176.57421875 187.727416992
obstacle
0.230098232627
388.245025635 0.0 19.5108642578 248.154632568
obstacle
0.228583559394
149.286010742 77.6519317627 197.182617188 110.805084229
obstacle
0.227862864733
366.599700928 121.036880493 96.299621582 253.963119507
obstacle
0.227257400751
81.1398773193 118.71546936 51.5314788818 225.304244995
obstacle
0.226570501924
173.290130615 94.1594314575 23.066192627 163.742980957
obstacle
0.225799307227
0.0 200.361114502 90.8241271973 113.11328125
obstacle
0.224986121058
468.594573975 242.216293335 31.4054260254 42.0322418213
obstacle
0.224129080772
233.587249756 234.561523438 137.557678223 123.76751709
obstacle
0.224095642567
152.629013062 0.0 37.8935241699 333.470214844
obstacle
0.223928123713
0.0 157.651092529 1.0 125.767883301
obstacle
0.22238701582
455.188140869 134.880645752 44.8118591309 102.180419922
obstacle
0.219139277935
140.35458374 233.307418823 43.0249938965 86.1772918701
obstacle
0.218838781118
157.016021729 123.759498596 31.3001403809 105.735099792
obstacle
0.217541694641
407.635131836 260.187347412 59.3647460938 114.812652588
obstacle
0.217266499996
91.1117630005 172.873825073 164.106994629 63.0094604492
obstacle
0.216999933124
80.5595092773 177.07170105 223.067626953 146.517532349
obstacle
0.2155418396
470.763366699 0.0 12.509765625 375.0
obstacle
0.214689031243
0.0 287.829589844 285.682281494 87.1704101562
obstacle
0.211658716202
0.0 51.0077972412 1.0 137.711517334
obstacle
0.21015354991
20.0822868347 62.568069458 125.400939941 64.9316711426
obstacle
0.210010170937
155.190246582 142.215744019 17.6191711426 232.784255981
obstacle
0.205973565578
350.433166504 188.117248535 67.6592407227 84.5526733398
obstacle
0.205426380038
465.786376953 0.0 34.2136230469 1.0
obstacle
0.202110305429
144.455230713 0.0 17.4505004883 375.0
obstacle
0.201186209917
115.523147583 234.687606812 202.745223999 40.8667144775
obstacle
0.200403958559
127.015380859 254.004562378 82.3946228027 120.995437622
obstacle
0.200362727046
419.546600342 0.0 17.8652954102 121.80255127
obstacle
0.198392257094
405.933868408 0.0 45.5656738281 205.999465942
obstacle
0.196384236217
232.452651978 362.988708496 40.6736907959 12.0112915039
obstacle
0.196258157492
56.9109802246 53.5687942505 130.696380615 45.0781707764
obstacle
0.195958524942
450.722869873 250.179489136 47.3214111328 97.5984039307
obstacle
0.194747030735
398.936981201 198.733337402 12.2810058594 138.761230469
obstacle
0.193848237395
74.6588973999 227.634216309 50.7055511475 60.9259643555
obstacle
0.193764150143
51.3096313477 152.570144653 55.0053405762 139.100570679
obstacle
0.193391188979
432.780914307 134.336929321 67.2190856934 33.1377563477
obstacle
0.191837310791
84.6124267578 0.0 15.4627227783 375.0
obstacle
0.191336989403
415.41595459 0.0 84.5840454102 59.6288223267
obstacle
0.190954729915
0.0 41.5176811218 63.3422584534 75.6018829346
obstacle
0.188868790865
279.584899902 214.067077637 94.3195800781 71.9399414062
obstacle
0.188540607691
272.309020996 254.093658447 227.690979004 28.6876220703
obstacle
0.187804758549
499.0 0.0 1.0 20.1292800903
obstacle
0.187484055758
90.4565505981 0.0 253.920715332 105.995223999
obstacle
0.186603263021
0.0 99.5134658813 33.2222900391 225.177734375
obstacle
0.186571806669
228.312011719 197.369094849 109.996337891 39.489440918
obstacle
0.186015456915
146.741653442 208.253250122 89.8066711426 34.8251647949
obstacle
0.185634791851
165.767669678 0.0 167.692932129 36.6380653381
obstacle
0.184267252684
440.023071289 59.184261322 59.9769287109 98.3399047852
obstacle
0.181996405125
75.9911346436 356.044464111 424.008850098 18.9555358887
obstacle
0.181461125612
443.515106201 0.0 20.1006469727 321.663208008
obstacle
0.181378155947
0.0 329.339416504 44.5801391602 45.6605834961
obstacle
0.181073099375
0.0 260.958496094 500.0 47.8095703125
obstacle
0.180267885327
96.7178344727 0.0 22.3601226807 301.670532227
obstacle
0.180050134659
339.711669922 300.80355835 82.2362670898 74.1964416504
obstacle
0.178125366569
468.343536377 356.75302124 31.656463623 18.2469787598
obstacle
0.176995575428
363.943145752 228.11668396 87.5920410156 64.4076690674
obstacle
0.175522834063
131.191375732 314.674255371 14.9659423828 60.3257446289
obstacle
0.175511866808
499.0 0.0 1.0 90.5233535767
obstacle
0.174563959241
433.146789551 0.0 19.6972045898 375.0
obstacle
0.173982009292
222.863616943 13.4250106812 102.667175293 57.5695724487
obstacle
0.173121511936
86.0184631348 64.0505523682 158.557434082 74.7234954834
obstacle
0.171799913049
437.070495605 328.124267578 62.9295043945 46.8757324219
obstacle
0.170162066817
413.942443848 0.0 12.1596069336 154.084365845
obstacle
0.16827210784
80.1976928711 80.1824874878 72.2007446289 75.6067276001
obstacle
0.167715057731
0.0 374.0 6.12910461426 1.0
obstacle
0.167405307293
61.8917388916 9.11777496338 189.114746094 29.5096969604
obstacle
0.165770709515
180.599761963 151.315246582 33.0542602539 223.684753418
obstacle
0.165122121572
0.0 1.87564086914 1.0 93.8908081055
obstacle
0.163765102625
234.871414185 181.581359863 265.128601074 24.4891967773
obstacle
0.162577793002
64.6284484863 119.781105042 208.484893799 56.2453536987
obstacle
0.162062957883
499.0 313.394958496 1.0 61.6050415039
obstacle
0.161415070295
331.401184082 0.0 164.897521973 22.2896614075
obstacle
0.161368906498
0.0 255.737976074 49.1063842773 101.900878906
obstacle
0.161028698087
486.838287354 0.0 13.1617126465 87.1663970947
obstacle
0.160039767623
158.759613037 191.50567627 31.1372070312 51.8291320801
obstacle
0.159409925342
0.0 308.178009033 136.367614746 35.4922485352
obstacle
0.156155213714
220.574066162 186.994491577 270.449523926 87.3997955322
obstacle
0.156042516232
116.087730408 0.0 28.5403060913 216.17376709
obstacle
0.155427828431
315.224487305 200.080352783 55.9192504883 49.0993652344
obstacle
0.154664933681
492.336883545 374.0 7.66311645508 1.0
obstacle
0.154153302312
71.5121612549 0.0 20.2119445801 320.005004883
obstacle
0.153413489461
162.940124512 189.015625 167.125762939 22.5615234375
obstacle
0.15336085856
316.755554199 104.427207947 67.8601074219 63.552406311
obstacle
0.152226120234
90.6082000732 325.397613525 409.391784668 45.5207519531
obstacle
0.151712521911
129.605880737 87.5375976562 40.9287414551 140.264282227
obstacle
0.151580914855
194.146011353 374.0 61.4763793945 1.0
obstacle
0.151505678892
95.254989624 215.049484253 95.1088867188 29.674621582
obstacle
0.15112401545
63.2030220032 238.472503662 35.0672569275 136.527496338
obstacle
0.151060625911
139.827362061 211.209136963 19.2540283203 44.4996337891
obstacle
0.150824636221
0.0 215.484359741 151.802825928 2.94354248047
obstacle
0.148585319519
309.434173584 295.829071045 25.1520996094 79.1709289551
obstacle
0.148066490889
11.6203899384 197.767868042 21.7341556549 81.380569458
obstacle
0.147105798125
21.6039924622 218.48538208 32.162437439 88.171081543
obstacle
0.147044733167
303.911865234 0.0 39.3565063477 375.0
obstacle
0.14635373652
0.0 105.338310242 234.263092041 44.4662094116
obstacle
0.144494920969
310.287322998 89.4036407471 15.223449707 42.528717041
obstacle
0.143861979246
137.023727417 187.577255249 34.9705810547 97.2372589111
obstacle
0.142767623067
128.465698242 240.615341187 36.6173706055 26.2317962646
obstacle
0.139218628407
130.885879517 155.0809021 19.5943603516 182.423553467
obstacle
0.138851195574
0.0 181.211456299 14.4252357483 142.601226807
obstacle
0.138541743159
231.872924805 374.0 62.1013183594 1.0
obstacle
0.137087985873
39.9151611328 228.40145874 163.327270508 32.6826782227
obstacle
0.13394035399
59.5052757263 140.473358154 117.917785645 31.2911682129
obstacle
0.133613571525
346.322052002 221.624786377 38.7756347656 44.7851867676
obstacle
0.13231228292
195.303833008 106.261070251 75.0316772461 91.04322052
obstacle
0.13219897449
270.763366699 0.0 9.99334716797 375.0
obstacle
0.132048740983
12.6977844238 0.0 198.18560791 1.0
obstacle
0.131280392408
339.880157471 0.0 23.3915405273 30.2805557251
obstacle
0.128960728645
198.925003052 247.970977783 49.916229248 127.029022217
obstacle
0.128722265363
104.628189087 363.066375732 18.3372039795 11.9336242676
obstacle
0.128626048565
86.5815124512 108.121765137 40.6292724609 79.104309082
obstacle
0.126250699162
308.902984619 84.0971984863 191.097015381 11.0744018555
obstacle
0.125411093235
0.0 0.0 134.032531738 83.2307128906
obstacle
0.121313735843
0.0 216.527618408 500.0 19.1962890625
obstacle
0.121063627303
0.0 156.984283447 150.081848145 61.7798156738
obstacle
0.120683312416
271.338104248 346.100463867 126.522155762 28.8995361328
obstacle
0.120548456907
279.634765625 8.78538513184 118.310791016 93.623626709
obstacle
0.118462845683
0.0 194.632904053 24.3401870728 48.852935791
obstacle
0.116959437728
230.785430908 115.795433044 126.324279785 39.2410354614
obstacle
0.115028597414
227.434646606 60.0091552734 24.2648925781 168.353851318
obstacle
0.112164974213
360.790588379 70.5928649902 65.9494018555 65.6854095459
obstacle
0.108137600124
152.507751465 0.0 97.9782714844 1.0
obstacle
0.107856884599
287.896636963 51.1552581787 15.751159668 86.9883270264
obstacle
0.10609511286
383.779907227 0.0 47.2589111328 97.354385376
obstacle
0.105652391911
120.570869446 373.72052002 22.5668869019 1.27947998047
obstacle
0.104302339256
0.0 262.683227539 364.421875 13.3200683594
obstacle
0.104290835559
88.0633392334 152.359359741 99.2293395996 53.7294006348
obstacle
0.103893741965
299.109680176 12.6307525635 12.8775024414 144.367965698
obstacle
0.102967210114
482.177062988 199.508850098 17.8229370117 143.049194336
obstacle
0.102673478425
0.0 0.0 21.612159729 215.491851807
obstacle
0.101741157472
314.942443848 143.13835144 89.5241088867 231.86164856
obstacle
0.101105950773
0.0 250.76600647 396.450683594 6.47514343262
obstacle
0.100493684411
352.332824707 0.0 18.0676879883 19.3010482788
obstacle
0.098940551281
0.0 374.0 27.7903289795 1.0
obstacle
0.0985024049878
0.0 0.0 33.2471809387 48.0509757996
obstacle
0.0959374979138
348.889038086 125.813720703 103.446655273 65.3020019531
obstacle
0.0955215469003
346.622833252 23.061706543 17.5457763672 173.403381348
obstacle
0.0945925936103
499.0 0.0 1.0 1.0
obstacle
0.094508625567
362.446289062 0.0 120.671691895 1.0
obstacle
0.0941330194473
142.533569336 28.0030403137 36.4356994629 113.685745239
obstacle
0.0939960330725
370.598754883 0.0 20.1572875977 149.284851074
obstacle
0.0929973423481
0.0 0.0 46.799621582 1.0
obstacle
0.0926401615143
51.1128082275 143.462127686 448.887207031 49.1992492676
obstacle
0.0906447544694
48.097618103 9.34072113037 32.2361907959 141.567260742
obstacle
0.0901022329926
0.0 277.177185059 1.0 97.8228149414
obstacle
0.088956721127
359.818908691 0.0 16.5100708008 125.162322998
obstacle
0.0887783914804
325.446746826 261.3203125 24.7066040039 113.6796875
obstacle
0.0881773084402
130.083679199 0.0 20.5632629395 107.448822021
obstacle
0.0869391411543
183.054718018 261.650909424 171.460510254 36.1162109375
obstacle
0.0854297950864
401.178649902 0.0 18.1446533203 1.0
obstacle
0.0841446369886
0.0 189.528137207 423.647338867 11.9411621094
obstacle
0.0819919407368
0.0 374.0 1.0 1.0
obstacle
0.0814503133297
367.012145996 171.756500244 18.637878418 203.243499756
obstacle
0.0809975489974
323.830200195 0.0 176.169799805 5.66106033325
obstacle
0.0808553397655
236.01864624 0.0 36.9730834961 142.713134766
obstacle
0.0764872431755
0.0 139.760437012 68.1829223633 23.7062683105
obstacle
0.0759420245886
275.36920166 48.6844520569 10.5678100586 65.1619262695
obstacle
0.0757678598166
114.933197021 232.784713745 22.4558563232 142.215286255
obstacle
0.0751538276672
123.787994385 146.194335938 25.6469726562 73.2266540527
obstacle
0.0740327164531
499.0 116.544395447 1.0 62.7482528687
obstacle
0.0693172886968
340.308502197 283.407989502 23.7883911133 91.592010498
obstacle
0.0692566782236
96.6377182007 0.0 45.3468704224 87.8282470703
obstacle
0.0686378180981
112.144989014 0.0 19.1213989258 21.8945922852
obstacle
0.068203561008
245.469650269 125.143333435 50.9282684326 57.4552383423
obstacle
0.0678573995829
121.235992432 0.0 28.1620483398 36.052116394
obstacle
0.0672345608473
99.6578063965 0.0 14.2308959961 1.0
obstacle
0.0666619539261
466.305236816 71.1054534912 20.9895019531 120.633117676
obstacle
0.0663640275598
392.412353516 88.3148803711 50.9861450195 62.2702484131
obstacle
0.065344452858
0.0 220.416015625 127.73033905 28.6959533691
obstacle
0.0647061318159
415.234191895 103.956771851 34.7281494141 81.021697998
obstacle
0.0645115971565
455.14743042 56.2005310059 44.8525695801 22.3996124268
obstacle
0.0640241056681
0.0 0.0 1.0 1.0
obstacle
0.0609622597694
0.0 90.2106170654 8.9157409668 57.2554168701
obstacle
0.0603285431862
253.445983887 0.0 12.8739013672 1.0
obstacle
0.059932436794
329.974945068 345.044830322 22.7467651367 29.9551696777
obstacle
0.0597810633481
339.068206787 0.0 46.9224243164 1.0
obstacle
0.0590014532208
169.915924072 196.267196655 78.6526489258 4.44653320312
obstacle
0.0581105239689
297.836791992 95.0427856445 43.2995605469 68.7137451172
obstacle
0.057620242238
41.1497573853 0.0 40.0054168701 1.0
obstacle
0.0537881404161
499.0 163.910827637 1.0 79.1270141602
obstacle
0.0520568974316
205.425720215 0.0 43.2579345703 125.675941467
obstacle
0.0492406971753
132.062484741 75.1713638306 30.3671569824 70.8289413452
obstacle
0.0486784018576
109.027534485 0.0 69.4225082397 18.8333473206
obstacle
0.0479677021503
151.889831543 51.2561836243 314.082214355 45.8190879822
obstacle
0.0456444621086
176.448806763 22.2267189026 59.1786804199 73.3814697266
obstacle
0.0451054647565
337.922607422 133.588607788 97.0658569336 23.6657714844
obstacle
0.04454036057
220.504425049 202.488647461 279.495574951 15.7113952637
obstacle
0.0442911051214
206.792495728 82.3464660645 71.8321685791 33.4260559082
obstacle
0.0427975766361
246.050720215 0.0 158.327514648 13.1533317566
obstacle
0.0422523356974
310.817596436 128.79548645 41.4227905273 32.672088623
obstacle
0.0402402468026
215.925186157 65.4240341187 284.074829102 8.19264221191
obstacle
0.0397378243506
115.796447754 0.0 22.6799163818 1.0
obstacle
0.0382919311523
0.0 0.0 102.744781494 23.3595733643
obstacle
0.0377570576966
296.65222168 68.4453201294 19.5173339844 226.738372803
obstacle
0.0375211648643
273.565460205 0.0 37.4758300781 42.2291259766
obstacle
0.0372970364988
272.775909424 0.0 25.6821289062 156.233978271
obstacle
0.0363374501467
350.112731934 108.857559204 149.887268066 34.1305847168
obstacle
0.035115160048
214.694992065 148.804138184 6.58563232422 30.0219421387
obstacle
0.0344938337803
341.449584961 58.8439712524 130.958312988 19.7463684082
obstacle
0.0288456790149
107.107536316 74.2239074707 57.0104751587 28.5618133545
obstacle
0.0283693019301
314.489532471 125.454498291 15.493347168 61.2636108398
obstacle
0.0269520021975
280.011291504 124.729721069 105.315185547 12.3423461914
obstacle
0.0267093665898
0.0 18.4379081726 1.0 15.5466690063
obstacle
0.0220648441464
194.564590454 0.0 50.3652038574 35.3029174805
obstacle
0.0174270272255
469.106414795 186.023132324 25.4493408203 45.0076293945
obstacle
0.0154521176592
0.0 0.0 1.0 14.6984443665
obstacle
0.0116543080658
354.172271729 105.146736145 66.1789550781 11.0936584473
