obstacle
0.207163050771
87.6291732788 186.203094482 27.5522155762 17.8923034668
obstacle
0.203429549932
48.6092071533 142.938858032 369.63494873 105.134552002
obstacle
0.199848592281
235.706237793 188.286819458 218.015686035 144.713180542
obstacle
0.199612051249
0.0 108.875320435 89.8679199219 223.341537476
obstacle
0.198812827468
57.9288253784 78.6424102783 183.689941406 254.357589722
obstacle
0.198087185621
25.2931556702 218.29460144 52.2724571228 114.70539856
obstacle
0.197619110346
97.1666488647 192.01322937 31.4185638428 18.3842468262
obstacle
0.19706146419
303.262878418 205.442901611 34.0711669922 18.7410583496
obstacle
0.196599289775
55.8714599609 0.0 168.714111328 45.3390235901
obstacle
0.196320697665
14.9812660217 182.279251099 73.5049285889 20.3171691895
obstacle
0.195946902037
48.2214126587 0.0 147.372589111 134.387496948
obstacle
0.195568412542
272.307495117 0.0 227.692504883 72.8558654785
obstacle
0.194765552878
13.6996669769 0.0 37.9078063965 91.5923080444
obstacle
0.194414496422
86.0364685059 0.0 301.902984619 80.2312850952
obstacle
0.193459242582
241.136291504 188.617202759 190.562255859 45.8622436523
obstacle
0.193043142557
73.7873535156 190.304153442 24.0943145752 18.4695739746
obstacle
0.192579314113
13.6408157349 283.324462891 38.8606491089 42.3380126953
obstacle
0.192472368479
436.249633789 0.0 63.7503662109 72.630859375
obstacle
0.192420452833
70.7899932861 188.06867981 89.974029541 20.6081542969
obstacle
0.192091420293
216.397964478 194.817932129 39.8583068848 18.6452636719
obstacle
0.192063599825
44.2828903198 184.099822998 219.572021484 49.4246826172
obstacle
0.19154176116
221.516159058 214.448410034 100.599197388 22.2996520996
obstacle
0.19078476727
291.075439453 185.717834473 40.4352416992 24.6203308105
obstacle
0.1902769804
221.808792114 221.793914795 48.3632659912 22.0397338867
obstacle
0.190190419555
5.58703517914 275.277374268 19.2262763977 56.8535766602
obstacle
0.189854681492
197.573028564 0.0 111.469390869 156.773178101
obstacle
0.18880687654
123.25994873 0.0 130.245330811 171.645339966
obstacle
0.188803970814
3.05555391312 0.0 14.7153015137 21.1560783386
obstacle
0.188689365983
124.784568787 214.400146484 195.675262451 118.599853516
obstacle
0.188585221767
384.769226074 132.41242981 103.342224121 200.58757019
obstacle
0.187419429421
253.634338379 225.797515869 67.225769043 26.1274719238
obstacle
0.186626985669
153.948547363 206.096496582 96.3228759766 20.057800293
obstacle
0.186090201139
0.0 188.753372192 23.4055633545 31.0958862305
obstacle
0.185870245099
0.0 200.132736206 81.7592926025 22.5325622559
obstacle
0.185652032495
416.897613525 259.362121582 83.1023864746 73.2442626953
obstacle
0.1855314821
17.7913856506 0.0 78.7239837646 197.131988525
obstacle
0.185423657298
473.880828857 195.207473755 26.1191711426 134.101303101
obstacle
0.18470440805
359.80480957 269.930786133 117.664672852 21.2351074219
obstacle
0.184538319707
322.552734375 190.931274414 35.446472168 18.3081054688
obstacle
0.184422239661
62.8535194397 188.661605835 19.2177085876 20.0534362793
obstacle
0.184366613626
468.618164062 6.99294281006 31.3818359375 181.702545166
obstacle
0.184319555759
483.524017334 247.297119141 16.475982666 44.546081543
obstacle
0.184267446399
277.830047607 0.0 121.997131348 288.237335205
obstacle
0.184222906828
30.3363456726 190.693099976 43.7895698547 18.2153625488
obstacle
0.183141827583
151.510742188 189.506027222 47.000793457 21.0690307617
obstacle
0.182736411691
200.036865234 236.694534302 106.574005127 20.4463348389
obstacle
0.182329714298
463.662261963 289.572265625 36.3377380371 43.3358154297
obstacle
0.182294368744
424.47857666 242.219558716 31.5802612305 22.9073944092
obstacle
0.181929782033
429.994598389 258.068206787 68.9794921875 26.423034668
obstacle
0.181584969163
281.20602417 198.594848633 43.5875854492 21.6671447754
obstacle
0.181424736977
321.162078857 201.017959595 35.0915527344 17.5291442871
obstacle
0.181231811643
487.201812744 220.911773682 12.7981872559 43.965423584
obstacle
0.181207403541
0.0 252.175003052 229.100158691 80.8249969482
obstacle
0.180528253317
31.2618236542 175.888412476 35.0559616089 18.7545166016
obstacle
0.180491492152
134.001617432 180.415390015 41.2356262207 17.884765625
obstacle
0.179634928703
337.921905518 195.292938232 48.764465332 19.2997131348
obstacle
0.179423496127
262.57925415 200.76020813 32.2202148438 19.2606506348
obstacle
0.179383188486
367.66506958 183.273544312 49.2438964844 17.927734375
obstacle
0.179245859385
293.221862793 191.81288147 77.3977661133 27.3358764648
obstacle
0.178916782141
109.656433105 181.490036011 32.6818084717 17.0457458496
obstacle
0.178733989596
430.684875488 0.0 69.3151245117 274.393218994
obstacle
0.178532913327
98.3314971924 197.727584839 76.0942077637 17.1617431641
obstacle
0.178205356002
262.791320801 212.196746826 34.1517333984 17.5846252441
obstacle
0.178164660931
249.346954346 209.380279541 32.4937133789 28.9953918457
obstacle
0.178063064814
161.905059814 197.886199951 59.4495544434 19.3651428223
obstacle
0.177860289812
241.528121948 173.594085693 29.3249053955 18.1113891602
obstacle
0.177201211452
179.902923584 185.462020874 54.1688842773 19.74609375
obstacle
0.176321417093
0.0 153.177368164 31.1147632599 52.109954834
obstacle
0.176128730178
46.1535682678 165.781082153 24.5914039612 19.1724243164
obstacle
0.17576405406
250.175201416 190.51222229 59.8780517578 18.9658508301
obstacle
0.175468713045
101.485366821 179.916137695 21.0814361572 21.2714233398
obstacle
0.174684345722
351.441680908 187.174591064 30.8456420898 17.5805053711
obstacle
0.172964006662
344.291534424 202.326385498 77.5588989258 23.6663818359
obstacle
0.171930551529
316.028747559 177.508895874 74.4717407227 21.5830078125
obstacle
0.170266494155
11.4323959351 174.398101807 36.4476356506 20.6319274902
obstacle
0.167998865247
0.0 6.71783828735 108.0548172 59.1112327576
obstacle
0.16720533371
49.708190918 173.561721802 60.5894622803 22.4612731934
obstacle
0.167028680444
6.3095703125 165.595504761 133.52784729 81.9553833008
obstacle
0.16653996706
362.498382568 192.222244263 39.9224853516 18.3911437988
obstacle
0.16443310678
319.458129883 173.487106323 169.377502441 50.7772521973
obstacle
0.16354046762
115.90713501 170.910964966 62.6369628906 18.9067993164
obstacle
0.161937296391
436.208099365 251.113922119 31.7416992188 18.8954467773
obstacle
0.161300092936
196.042922974 198.966033936 83.0767364502 21.7878417969
obstacle
0.158486708999
484.428955078 303.210784912 15.5710449219 29.7892150879
obstacle
0.157564714551
120.524116516 177.704376221 98.7302780151 30.0856628418
obstacle
0.151861965656
351.153289795 35.7135162354 127.84564209 154.97177124
obstacle
0.150651410222
38.1091575623 283.946289062 96.6636810303 49.0537109375
obstacle
0.150021806359
8.71159172058 3.85001850128 20.5235519409 29.1764068604
obstacle
0.150020644069
478.387542725 233.417266846 16.7307128906 35.1506652832
obstacle
0.145599082112
0.0 227.975341797 36.8403816223 101.898376465
obstacle
0.145288467407
211.045349121 45.9405975342 126.544311523 272.31060791
obstacle
0.143064722419
471.928009033 260.496643066 20.8675537109 34.8864135742
obstacle
0.137846454978
0.0 7.71028900146 29.842420578 92.9797134399
obstacle
0.136916950345
35.5079803467 212.155838013 69.1683959961 18.0009765625
obstacle
0.132432624698
364.440948486 197.106964111 135.559051514 46.9820556641
