obstacle
0.208050563931
0.0 98.0770111084 117.478088379 234.922988892
obstacle
0.202353104949
96.2394866943 58.5580596924 183.820999146 274.441955566
obstacle
0.197217151523
0.0 177.280838013 31.8176002502 27.8342590332
obstacle
0.197009250522
103.273849487 0.0 301.125061035 79.4864196777
obstacle
0.195859849453
24.142539978 0.0 58.6782073975 73.8717269897
obstacle
0.194902911782
201.178985596 47.0098419189 176.330627441 285.99017334
obstacle
0.194438040257
383.655792236 29.3403167725 103.543212891 303.659667969
obstacle
0.19435018301
48.907787323 170.274230957 39.1585731506 46.5130004883
obstacle
0.193256884813
111.78553772 224.334701538 115.563873291 23.1334533691
obstacle
0.193204879761
30.5668144226 0.0 99.4893341064 144.105987549
obstacle
0.190791815519
40.4658813477 192.274642944 217.50177002 66.0833282471
obstacle
0.190302506089
332.54675293 0.0 167.45324707 93.601272583
obstacle
0.188599944115
410.97467041 168.142547607 62.338684082 20.3081054688
obstacle
0.188454732299
456.312957764 0.0 43.6870422363 84.0213775635
obstacle
0.187843739986
168.296661377 194.131744385 110.067810059 28.6720275879
obstacle
0.187616571784
284.078674316 209.294845581 215.921325684 123.030685425
obstacle
0.187093809247
65.9406280518 257.891235352 381.965820312 75.1087646484
obstacle
0.186726883054
350.459472656 152.607879639 106.58013916 42.4208984375
obstacle
0.186050668359
54.2269477844 154.548461914 41.7439537048 25.5933532715
obstacle
0.184909939766
441.974639893 229.021026611 58.0253601074 103.978973389
obstacle
0.183720380068
83.0077514648 103.2918396 100.780517578 170.346405029
obstacle
0.183677896857
285.621643066 142.939331055 212.041748047 86.6663818359
obstacle
0.183633387089
209.077178955 182.531600952 40.2450256348 18.8010559082
obstacle
0.183568254113
0.0 26.6062927246 71.098815918 191.848632812
obstacle
0.183292612433
191.249023438 210.357940674 30.267364502 18.2633666992
obstacle
0.182895228267
75.7350845337 149.945114136 80.0340499878 51.7024536133
obstacle
0.182698488235
266.963470459 143.688293457 83.1734008789 50.1994934082
obstacle
0.181190088391
211.722320557 169.640914917 47.7707214355 22.7348632812
obstacle
0.180449292064
259.827514648 0.0 197.764709473 235.979034424
obstacle
0.180331423879
337.369171143 133.054168701 67.8247680664 50.786895752
obstacle
0.180237442255
445.846557617 187.083770752 50.9921875 36.5548095703
obstacle
0.17997533083
330.238189697 167.010482788 35.7120361328 19.2469787598
obstacle
0.179202243686
0.0 252.314605713 184.942016602 80.6853942871
obstacle
0.179076090455
184.63571167 0.0 122.732177734 150.375198364
obstacle
0.179061233997
99.9227752686 157.078582764 265.25769043 66.1511230469
obstacle
0.178861111403
474.842559814 0.0 25.1574401855 23.5523643494
obstacle
0.178782939911
126.172660828 195.946716309 92.2142715454 38.4190979004
obstacle
0.178478509188
482.629547119 282.788879395 17.3704528809 49.0302124023
obstacle
0.178473234177
176.306671143 170.813034058 89.1963806152 37.9351501465
obstacle
0.178242743015
113.739997864 140.057174683 37.3537826538 30.7453613281
obstacle
0.178071260452
180.529266357 219.424514771 79.195526123 26.7075500488
obstacle
0.177242204547
12.5722045898 176.193786621 95.1935195923 56.5744018555
obstacle
0.177165105939
202.061767578 112.136138916 226.063110352 77.5130004883
obstacle
0.176801636815
193.129898071 187.735137939 37.6865844727 21.8258666992
obstacle
0.176467806101
131.873535156 150.618682861 146.158508301 39.2379150391
obstacle
0.176253825426
167.466796875 215.891357422 50.7718811035 20.086730957
obstacle
0.17621897161
217.308563232 195.987747192 27.8256530762 22.7087402344
obstacle
0.175835430622
80.8884277344 0.0 140.826660156 161.734039307
obstacle
0.174900576472
211.68145752 144.631256104 94.6214599609 33.3276367188
obstacle
0.174562737346
334.41305542 123.71270752 60.8833007812 27.5123596191
obstacle
0.174281850457
485.501403809 181.024597168 14.4985961914 38.3560180664
obstacle
0.174128010869
289.778198242 125.19720459 66.6550292969 40.0344848633
obstacle
0.173405617476
158.492218018 149.32951355 37.4752197266 18.4718322754
obstacle
0.173236429691
167.065002441 188.098876953 44.3796691895 20.6421203613
obstacle
0.171841904521
125.641868591 150.027160645 50.6400375366 25.6850585938
obstacle
0.171437293291
91.1826858521 135.021392822 121.648368835 45.048614502
obstacle
0.171415746212
173.533370972 207.13684082 32.2268981934 20.6253356934
obstacle
0.170698031783
91.4646987915 169.944625854 129.54699707 41.1295471191
obstacle
0.170612946153
0.0 116.193473816 283.354370117 71.8029556274
obstacle
0.169467717409
381.140533447 140.800476074 35.5424194336 36.9107971191
obstacle
0.169453009963
162.620361328 175.893051147 59.0833435059 22.4854431152
obstacle
0.169305756688
316.686859131 147.864532471 52.0882568359 33.8876342773
obstacle
0.169178396463
152.243560791 201.499542236 60.0748596191 16.6759033203
obstacle
0.168657287955
224.420837402 129.986785889 62.5695495605 32.8755493164
obstacle
0.167346715927
315.044555664 120.638931274 41.8161010742 20.5395812988
obstacle
0.166423872113
0.0 14.5554656982 44.7933387756 97.3894348145
obstacle
0.163265988231
441.037719727 34.4941864014 58.9622802734 193.490081787
obstacle
0.15864354372
197.438751221 102.305007935 87.9901733398 174.758651733
obstacle
0.151088058949
30.4697704315 145.038131714 62.0045852661 52.3044128418
obstacle
0.149605199695
166.370254517 154.187515259 56.8940124512 25.9048461914
obstacle
0.145144462585
306.971496582 91.1003875732 87.9398803711 171.706008911
obstacle
0.141164362431
404.426452637 159.902954102 88.0738525391 19.0653991699
obstacle
0.139084815979
270.83505249 1.72752380371 172.077941895 47.0857658386
obstacle
0.137585997581
447.266235352 0.392804145813 43.5645141602 19.5566139221
obstacle
0.131794154644
161.3934021 195.712860107 148.371826172 137.287139893
obstacle
0.118829973042
8.88464736938 188.430236816 33.8459014893 31.0923461914
