obstacle
0.198184713721
216.667770386 0.0 119.197799683 138.024627686
obstacle
0.197871536016
29.9214019775 73.3785858154 172.228347778 207.621414185
obstacle
0.197181776166
126.505569458 0.0 87.0247192383 31.3806552887
obstacle
0.194456204772
13.3668193817 172.199462891 30.105173111 108.800537109
obstacle
0.193444564939
21.5772094727 0.0 67.3210449219 167.927337646
obstacle
0.192619010806
392.26739502 0.0 107.73260498 40.8478469849
obstacle
0.192235261202
141.754928589 5.51955032349 26.5459289551 24.0713157654
obstacle
0.1921582371
12.4563903809 247.255081177 36.6989860535 32.2357940674
obstacle
0.191995158792
5.15116882324 24.4072990417 198.150787354 74.127166748
obstacle
0.191776767373
28.1054077148 216.706695557 88.8726348877 64.2933044434
obstacle
0.191410332918
447.536956787 191.217514038 52.4630432129 89.7824859619
obstacle
0.191272541881
4.91577243805 238.468582153 17.7217941284 42.5314178467
obstacle
0.19104167819
400.760559082 0.0 99.239440918 147.643737793
obstacle
0.190739557147
246.804428101 0.0 183.30708313 45.9401435852
obstacle
0.189779758453
284.047485352 0.0 128.058654785 154.20904541
obstacle
0.189754664898
174.705734253 0.0 102.719497681 65.7419433594
obstacle
0.18890941143
7.81850242615 0.0 59.8403015137 28.0749263763
obstacle
0.188445881009
9.31324577332 0.0 38.545173645 88.5751342773
obstacle
0.188369065523
39.270072937 9.36300945282 34.2179412842 25.7512016296
obstacle
0.188272297382
465.206176758 0.0 34.7938232422 76.4660186768
obstacle
0.187950238585
276.072723389 148.770751953 175.441955566 132.229248047
obstacle
0.187004983425
19.8517036438 22.4124469757 15.0528068542 23.3477458954
obstacle
0.186611622572
57.352848053 0.0 89.9163513184 31.3757667542
obstacle
0.186346381903
157.923522949 161.592285156 190.288757324 119.407714844
obstacle
0.18613947928
221.150192261 253.979431152 34.1283569336 26.6206054688
obstacle
0.185196965933
69.7545776367 36.5059356689 102.488021851 40.1694717407
obstacle
0.185187667608
361.958221436 60.6486434937 138.041778564 192.809448242
obstacle
0.185135796666
8.21615600586 130.97857666 217.846069336 66.6772766113
obstacle
0.184997618198
124.092834473 17.9192676544 21.5104980469 27.7053356171
obstacle
0.184982120991
487.402191162 245.290390015 12.5978088379 35.7096099854
obstacle
0.18431699276
148.787811279 0.0 41.040435791 17.5887641907
obstacle
0.184286251664
96.6015472412 0.329998016357 28.0459442139 37.5262413025
obstacle
0.184204280376
129.521865845 115.527664185 67.4692077637 27.629699707
obstacle
0.183395817876
170.166809082 108.43762207 36.7279052734 30.446182251
obstacle
0.182131946087
4.11967372894 5.43494796753 22.3460121155 32.8236961365
obstacle
0.18145942688
4.09616374969 0.0 28.6448898315 17.2576904297
obstacle
0.181274011731
84.0555877686 49.7908782959 289.824645996 141.548858643
obstacle
0.180952548981
141.061645508 37.7135887146 22.0084228516 23.3877868652
obstacle
0.17988614738
120.086784363 133.270385742 52.9084854126 27.1290588379
obstacle
0.179239749908
92.928024292 7.75273132324 149.218841553 68.5042495728
obstacle
0.178739905357
80.466178894 30.9160461426 43.5657043457 20.543258667
obstacle
0.178264424205
292.739074707 0.0 39.7055664062 18.0534591675
obstacle
0.177892506123
105.719734192 4.05556678772 61.4879837036 38.3960800171
obstacle
0.177531778812
468.261291504 0.0 31.7387084961 22.0366821289
obstacle
0.176953271031
18.1589660645 21.5684776306 55.6359405518 20.9606552124
obstacle
0.176130235195
360.607727051 241.459243774 127.731689453 39.5407562256
obstacle
0.176047310233
60.006855011 0.0 44.569316864 16.4446249008
obstacle
0.175619065762
92.3518066406 10.5979785919 48.0876464844 53.8477783203
obstacle
0.175397858024
460.444091797 253.785568237 39.2555541992 27.2144317627
obstacle
0.175376176834
0.0 2.43139457703 176.147125244 49.4234313965
obstacle
0.173830971122
111.76436615 43.822845459 38.5283584595 21.3851776123
obstacle
0.172921255231
111.956069946 19.6362762451 22.9076538086 32.507232666
obstacle
0.172377899289
185.702468872 259.55255127 53.9276428223 21.4474487305
obstacle
0.171883031726
108.887023926 104.897583008 147.006072998 75.8637695312
obstacle
0.170103415847
136.070755005 125.775314331 67.0170288086 45.4547424316
obstacle
0.169954136014
103.65750885 22.6550750732 20.6131591797 21.374382019
obstacle
0.168696805835
137.357849121 17.9238433838 31.5729675293 29.4785766602
obstacle
0.168645337224
0.0 14.6742477417 29.403295517 111.905975342
obstacle
0.166562765837
73.1141357422 52.6327438354 56.6345672607 21.2949142456
obstacle
0.16647721827
84.9873046875 19.7759017944 33.1842803955 19.5721092224
obstacle
0.164966896176
87.9443511963 40.7070007324 34.9007415771 21.3496780396
obstacle
0.164869964123
128.059295654 2.56925964355 122.133300781 278.351806641
obstacle
0.163825184107
93.448928833 144.751266479 95.1301879883 38.6653747559
obstacle
0.163744449615
39.8413162231 62.9988746643 112.801994324 26.9765281677
obstacle
0.15903621912
114.147232056 0.0 371.007446289 79.5658874512
obstacle
0.158465966582
0.0 8.87380981445 51.2502670288 254.334472656
obstacle
0.154507547617
239.634216309 266.808319092 33.8237304688 14.1916809082
obstacle
0.152852207422
115.744903564 55.8011627197 89.5239868164 24.6993865967
obstacle
0.150001719594
338.675567627 12.0518875122 114.426513672 65.137802124
obstacle
0.14026658237
90.1279602051 219.066345215 147.969390869 61.9336547852
obstacle
0.136743843555
130.024017334 36.1460037231 199.255981445 56.8643951416
