obstacle
0.201460510492
0.0 25.6932792664 139.485717773 92.5611724854
obstacle
0.201126649976
0.0 34.9346084595 14.6926784515 25.6245574951
obstacle
0.196025401354
390.987792969 112.287109375 98.2515258789 220.712890625
obstacle
0.195767566562
57.733291626 285.446746826 29.4253082275 37.8589477539
obstacle
0.195324346423
177.190490723 10.6304359436 254.023803711 81.0762786865
obstacle
0.194207623601
328.723327637 25.6329040527 139.224365234 137.527496338
obstacle
0.193915173411
104.481864929 282.863006592 29.8132095337 33.643737793
obstacle
0.193480327725
75.2615432739 287.866516113 30.3653869629 35.2801513672
obstacle
0.192887276411
239.197235107 33.688873291 24.4783630371 18.495223999
obstacle
0.192367121577
0.0 19.0762939453 19.2525730133 25.6765632629
obstacle
0.192202493548
0.0 253.490570068 170.772857666 79.5094299316
obstacle
0.191621139646
19.1740074158 43.6650123596 114.81817627 19.6691207886
obstacle
0.191173419356
438.620178223 231.754684448 61.3798217773 101.245315552
obstacle
0.190643563867
178.11618042 98.165687561 29.5226135254 21.7816772461
obstacle
0.190444052219
0.0 54.9809188843 149.758392334 24.6147003174
obstacle
0.189832106233
0.0 50.1064453125 131.596252441 282.893554688
obstacle
0.189778909087
62.9323883057 122.720352173 43.830657959 29.7939453125
obstacle
0.189602509141
217.059341431 87.581817627 21.306060791 24.6034851074
obstacle
0.189601406455
41.5439071655 23.7388763428 238.381622314 126.750656128
obstacle
0.1895493716
384.730407715 13.1995124817 99.8161621094 76.4668121338
obstacle
0.189540266991
280.512512207 195.780822754 186.753295898 137.219177246
obstacle
0.189463913441
234.346466064 41.4770507812 20.4233093262 19.440574646
obstacle
0.189068973064
455.891235352 290.544067383 39.1784667969 36.2341918945
obstacle
0.188555583358
125.203292847 0.0 40.0698242188 16.9036722183
obstacle
0.188486173749
5.13245868683 283.605895996 19.1409912109 49.3032836914
obstacle
0.188293024898
22.9539337158 283.982635498 36.6636428833 40.8397216797
obstacle
0.187958836555
242.975265503 46.1010704041 19.5802764893 18.6515426636
obstacle
0.187477990985
0.0 8.29375076294 72.0551834106 74.7068481445
obstacle
0.186236575246
77.4777755737 98.1633148193 45.8859710693 33.5142822266
obstacle
0.186123430729
65.7386856079 104.086090088 237.436798096 192.216644287
obstacle
0.186052665114
228.80569458 88.5262832642 23.602355957 23.5195007324
obstacle
0.185900375247
200.852615356 93.542640686 23.4399108887 21.6585845947
obstacle
0.185551181436
0.0 4.89279937744 229.52482605 57.3148040771
obstacle
0.185258299112
89.1087722778 104.991424561 22.6060180664 18.6840362549
obstacle
0.185219138861
120.938522339 80.4032974243 19.7589111328 24.2063446045
obstacle
0.185152515769
255.262939453 88.8529586792 24.6306152344 17.909576416
obstacle
0.184951126575
217.708618164 46.0865783691 168.901000977 286.913421631
obstacle
0.18475972116
49.066444397 63.8392868042 83.648765564 25.0686645508
obstacle
0.184710204601
361.20513916 52.4192008972 54.7841186523 25.6106376648
obstacle
0.183586552739
237.289337158 129.116653442 76.8971557617 36.0930786133
obstacle
0.182666912675
219.910140991 55.1580810547 38.8599700928 23.8708496094
obstacle
0.182663336396
199.389358521 109.107925415 46.7700500488 31.9425811768
obstacle
0.182573229074
482.332611084 289.425445557 17.667388916 43.5745544434
obstacle
0.182559728622
478.33392334 0.0 21.6660766602 19.1423873901
obstacle
0.182238921523
195.460845947 64.495300293 33.5217285156 19.0767211914
obstacle
0.181944653392
39.5695495605 32.3953094482 52.1488037109 17.9472045898
obstacle
0.181874856353
383.12588501 44.6774291992 71.5321044922 22.0889892578
obstacle
0.181095346808
314.982025146 119.294052124 50.1594848633 22.6651611328
obstacle
0.180717423558
251.043487549 0.0 42.3742675781 20.7623329163
obstacle
0.179901257157
8.0964756012 0.0 29.4158687592 30.9143123627
obstacle
0.179169908166
110.213371277 103.240257263 26.8775863647 26.7420272827
obstacle
0.178847387433
215.696136475 133.18762207 163.403869629 61.966003418
obstacle
0.178732648492
338.11807251 163.789993286 48.385559082 24.3049316406
obstacle
0.178594663739
41.0551643372 1.56464576721 78.2522583008 38.5973815918
obstacle
0.178235217929
367.604766846 69.9038772583 32.5045166016 16.7297821045
obstacle
0.178189411759
224.751556396 99.7404174805 50.4967346191 25.4756774902
obstacle
0.177896872163
106.333572388 75.909072876 20.1505126953 22.776473999
obstacle
0.177811399102
435.128845215 0.0 64.8711547852 255.325942993
obstacle
0.177515417337
383.91784668 54.721660614 66.3753662109 28.7158927917
obstacle
0.177437841892
83.0732574463 0.0 55.5044555664 30.3880577087
obstacle
0.177328929305
63.9092903137 24.876581192 66.3291015625 19.8208675385
obstacle
0.17707836628
54.1559944153 264.838165283 50.7701072693 21.8153076172
obstacle
0.176534131169
248.511825562 91.6412811279 41.7857818604 28.7146759033
obstacle
0.176297932863
83.9701766968 76.3775558472 27.8906860352 23.5295257568
obstacle
0.176004603505
395.370819092 70.0495223999 76.2308959961 30.3564910889
obstacle
0.175870627165
68.9719390869 83.9043579102 35.0908966064 22.480255127
obstacle
0.175306245685
92.3608016968 113.732025146 43.4733657837 37.5625915527
obstacle
0.175092771649
349.689971924 286.563598633 137.851135254 46.4364013672
obstacle
0.174496889114
280.247375488 133.787353516 43.5746459961 25.5807189941
obstacle
0.174359291792
101.142250061 129.051025391 43.5515213013 43.2807617188
obstacle
0.174240589142
142.129821777 113.083595276 29.9912719727 20.5790939331
obstacle
0.174038872123
461.226470947 0.0 38.7735290527 82.3496627808
obstacle
0.173627838492
139.301223755 79.1107177734 348.198669434 116.716461182
obstacle
0.172718256712
32.1621780396 300.695739746 48.8979873657 32.151184082
obstacle
0.171979784966
418.155303955 304.144012451 63.3109130859 28.8559875488
obstacle
0.171781495214
217.054428101 122.587402344 58.1147918701 28.6809387207
obstacle
0.171454712749
28.036491394 0.0 47.7602767944 29.1086997986
obstacle
0.171241819859
269.737030029 97.6606750488 28.5355834961 19.3509216309
obstacle
0.17116035521
312.053924561 105.466026306 43.9309082031 21.8814239502
obstacle
0.171003639698
107.392997742 89.8567504883 27.9004592896 20.7422180176
obstacle
0.170954048634
340.855499268 179.064498901 51.7793579102 17.8342590332
obstacle
0.170686885715
78.7026977539 59.7425422668 29.6656951904 25.8938484192
obstacle
0.170654222369
99.8140258789 132.072021484 141.809173584 52.1184082031
obstacle
0.168692946434
287.195770264 104.156539917 36.0760498047 22.5413818359
obstacle
0.168419525027
97.7221984863 94.8623809814 19.6449584961 24.8001098633
obstacle
0.167597681284
179.543029785 133.428482056 92.5849609375 37.7504882812
obstacle
0.166402593255
204.29637146 54.3916625977 31.0148620605 20.7524719238
obstacle
0.166145548224
357.580596924 72.2935409546 77.3186035156 23.0987243652
obstacle
0.166054457426
217.982345581 65.7066879272 22.319152832 20.5228424072
obstacle
0.166003584862
422.218444824 73.4723892212 35.5901489258 16.6722106934
obstacle
0.16589269042
119.266075134 117.68837738 53.0741195679 42.2050704956
obstacle
0.164049059153
65.9917449951 44.8959007263 122.024810791 29.2410926819
obstacle
0.162256672978
339.977416992 106.10786438 32.4787597656 21.2485198975
obstacle
0.161860287189
394.520782471 51.774646759 34.6302490234 19.5915107727
obstacle
0.160651162267
260.185333252 108.686950684 47.9737548828 27.7963867188
obstacle
0.156880408525
280.026123047 0.0 197.901916504 46.4753799438
obstacle
0.155290231109
349.023071289 118.767547607 39.030456543 22.2030029297
obstacle
0.148690998554
0.0 165.841033936 65.4968414307 167.158966064
obstacle
0.145437419415
183.533325195 209.714569092 131.784484863 123.285430908
obstacle
0.145127311349
88.0762176514 299.082611084 31.5960693359 26.1070556641
obstacle
0.141760915518
131.612106323 4.34377479553 202.690261841 51.196762085
obstacle
0.139631718397
100.500915527 64.097694397 60.6012268066 23.325378418
obstacle
0.134765341878
93.0283584595 259.009460449 164.675598145 73.9905395508
obstacle
0.127817541361
5.81692028046 30.47889328 17.7369766235 25.3229446411
