obstacle
0.202224597335
33.4155273438 0.0 95.0451965332 135.824996948
obstacle
0.201687753201
61.8866424561 0.0 162.689147949 84.9358062744
obstacle
0.201442211866
0.0 122.537391663 193.754852295 210.462615967
obstacle
0.198600515723
251.847412109 61.7040100098 191.685913086 271.29598999
obstacle
0.197737544775
381.167877197 52.3817062378 97.1574707031 231.453918457
obstacle
0.197612166405
266.449981689 0.0 233.550018311 75.3360748291
obstacle
0.197370991111
24.4711742401 0.0 57.7649993896 70.1656799316
obstacle
0.196097061038
393.091003418 115.006942749 89.9927978516 19.6025695801
obstacle
0.195943444967
69.628288269 171.365447998 80.414680481 45.8346862793
obstacle
0.194791018963
466.116088867 112.878494263 32.1149291992 24.8335418701
obstacle
0.193052560091
149.087432861 38.5887908936 192.268280029 294.411193848
obstacle
0.192434996367
24.4242706299 224.209182739 52.7106933594 108.304367065
obstacle
0.191092461348
205.266479492 18.0316467285 186.933349609 158.47088623
obstacle
0.191086903214
137.292602539 0.0 129.906463623 156.83996582
obstacle
0.189365804195
423.38848877 0.0 76.6115112305 49.6257133484
obstacle
0.189277753234
453.133483887 90.0571365356 27.9156494141 21.6307220459
obstacle
0.189085632563
4.40737819672 280.718719482 16.4152727127 51.7927246094
obstacle
0.188957870007
151.134689331 168.073989868 92.2041625977 36.4907531738
obstacle
0.187587752938
334.715362549 135.577667236 87.4370727539 19.465637207
obstacle
0.187044978142
34.5401916504 116.247787476 403.712493896 126.46484375
obstacle
0.18702352047
348.635559082 204.134490967 151.364440918 128.865509033
obstacle
0.186280727386
485.039459229 0.0 14.9605407715 16.516330719
obstacle
0.186280250549
430.154083252 125.214157104 69.845916748 23.9946899414
obstacle
0.18583765626
245.885955811 173.510253906 79.4241333008 22.5093994141
obstacle
0.185382962227
369.879241943 97.1149520874 41.4065551758 20.3591461182
obstacle
0.185137063265
354.729553223 110.833450317 27.3856811523 17.3561248779
obstacle
0.184841990471
299.362304688 168.066680908 90.9624023438 28.4330444336
obstacle
0.184538424015
464.143951416 218.709274292 35.856048584 110.017623901
obstacle
0.183559864759
240.466873169 128.685150146 226.075485229 55.6199951172
obstacle
0.183490395546
58.6203613281 250.715881348 407.482910156 82.2841186523
obstacle
0.183429658413
415.767059326 78.3911437988 69.5769042969 40.1072692871
obstacle
0.183352455497
423.147247314 0.0 76.8527526855 168.477035522
obstacle
0.182711452246
367.643371582 156.134460449 41.3392333984 20.9841003418
obstacle
0.182682216167
425.545379639 92.5788421631 19.3602294922 17.2720794678
obstacle
0.182329729199
445.985565186 105.366348267 30.3279418945 19.462310791
obstacle
0.181660354137
355.105529785 160.834625244 30.3110961914 17.698425293
obstacle
0.181580677629
348.768127441 125.740600586 62.9686889648 17.5869445801
obstacle
0.181510195136
482.286712646 285.550567627 17.7132873535 46.7611694336
obstacle
0.18081061542
367.534454346 111.657310486 35.6097412109 17.0253753662
obstacle
0.180656000972
291.382080078 148.166717529 53.7619018555 22.8982849121
obstacle
0.180498227477
221.434143066 160.541793823 72.6469116211 32.6642456055
obstacle
0.180390164256
475.62109375 63.8661880493 24.37890625 33.0353088379
obstacle
0.180255696177
325.365722656 124.744819641 34.7135620117 21.394493103
obstacle
0.180224329233
343.913909912 163.828674316 24.3784790039 17.0871582031
obstacle
0.179018065333
103.201805115 188.148742676 91.1110610962 21.4090881348
obstacle
0.178436160088
4.49535655975 0.0 17.4220581055 21.6860656738
obstacle
0.178076922894
369.227539062 131.843276978 34.8845825195 19.2016601562
obstacle
0.177444577217
0.0 23.7496414185 77.8735046387 204.099029541
obstacle
0.17699316144
102.842445374 176.149032593 71.556388855 20.6505432129
obstacle
0.176584154367
47.9591903687 188.231887817 143.952056885 50.4046936035
obstacle
0.176243498921
351.690673828 144.271255493 42.8883666992 22.2187805176
obstacle
0.17614248395
315.803527832 145.480529785 55.5733032227 31.0713806152
obstacle
0.175456464291
244.982849121 151.624938965 91.3496704102 29.4059448242
obstacle
0.17324899137
484.75970459 104.633026123 15.2402954102 28.8524932861
obstacle
0.171376153827
379.998718262 126.455604553 60.1385498047 22.8428268433
obstacle
0.171056494117
305.119720459 134.97517395 43.7607421875 22.1688232422
obstacle
0.169053256512
128.301574707 156.409057617 59.8389892578 31.2294921875
obstacle
0.165361821651
323.436676025 155.06880188 97.7844238281 30.3072509766
obstacle
0.165263146162
99.0740661621 147.534179688 157.872772217 107.634674072
obstacle
0.162710890174
0.0 15.5700492859 42.8044052124 100.026748657
obstacle
0.162406072021
351.676086426 169.788024902 81.4578857422 24.6119995117
obstacle
0.159747943282
469.93548584 15.1649246216 30.0645141602 91.7446517944
obstacle
0.157788917422
394.350891113 98.5801315308 32.4279785156 22.9857177734
obstacle
0.154766008258
424.027252197 285.59552002 75.9727478027 47.4044799805
obstacle
0.150975942612
31.9648399353 284.175567627 99.1984710693 48.824432373
obstacle
0.148979872465
391.530761719 130.975860596 19.9338989258 16.6148681641
obstacle
0.14540939033
0.0 254.579833984 48.974067688 78.4201660156
obstacle
0.145177781582
315.018615723 129.510070801 26.4585571289 16.2490234375
obstacle
0.144901692867
205.298950195 173.490478516 57.4649353027 37.9046020508
obstacle
0.144573569298
452.100128174 65.774017334 38.0405273438 37.5330963135
obstacle
0.1399923563
230.225814819 220.622070312 128.192733765 112.377929688
obstacle
0.136206284165
44.6485481262 73.9206542969 60.3347129822 259.079345703
obstacle
0.133893683553
442.171905518 121.418067932 41.1347045898 16.1946334839
obstacle
0.127439618111
463.443786621 51.5337905884 36.5562133789 222.237976074
obstacle
0.125849127769
93.3589401245 215.779754639 135.042236328 117.220245361
