obstacle
0.205770775676
242.179473877 54.7074890137 201.791442871 278.292510986
obstacle
0.196915343404
126.462280273 33.4340133667 178.696838379 201.753479004
obstacle
0.196886911988
61.5703201294 0.0 214.946075439 72.7068634033
obstacle
0.196227669716
44.1611633301 122.571716309 149.923706055 121.566833496
obstacle
0.19536472857
38.4685516357 80.6396942139 283.601623535 50.5523376465
obstacle
0.193919807673
0.561100006104 186.909637451 41.5713691711 24.6844482422
obstacle
0.193229675293
0.0 138.226974487 78.9303894043 194.773025513
obstacle
0.19119925797
23.246383667 0.0 90.1896972656 56.1751098633
obstacle
0.190641149879
384.262298584 109.225570679 102.690856934 223.774429321
obstacle
0.190590903163
0.0 30.1263504028 148.458358765 157.079589844
obstacle
0.190418094397
121.210357666 131.606124878 36.1645202637 17.7883300781
obstacle
0.190338417888
146.370223999 115.447090149 23.6030578613 22.183052063
obstacle
0.190194800496
129.140777588 123.925064087 36.5138549805 17.5156860352
obstacle
0.18907058239
42.2863578796 239.18649292 90.5243682861 92.7819213867
obstacle
0.188989922404
438.369018555 0.0 61.6309814453 154.760894775
obstacle
0.188393846154
0.0 256.464538574 426.5234375 76.5354614258
obstacle
0.188371747732
330.838623047 0.0 169.161376953 91.1885757446
obstacle
0.187824293971
8.26561164856 271.173339844 29.7270641327 61.8266601562
obstacle
0.187576755881
411.200836182 255.286865234 88.7991638184 76.7833862305
obstacle
0.187442079186
0.0 85.9418487549 34.4163627625 17.9053497314
obstacle
0.186862468719
338.15246582 146.963668823 62.1932373047 30.8303833008
obstacle
0.18639010191
453.205993652 173.427276611 26.107421875 25.5573425293
obstacle
0.186125695705
3.98610305786 158.925857544 14.4849891663 47.4918823242
obstacle
0.185937225819
5.15727615356 0.0 21.9692230225 26.1803207397
obstacle
0.185822039843
64.4744415283 166.866867065 40.7653961182 44.7213745117
obstacle
0.185612216592
412.395294189 0.0 87.6047058105 46.7755508423
obstacle
0.185166925192
58.4013137817 184.056060791 164.625976562 147.846069336
obstacle
0.184730917215
14.8749675751 76.9086685181 42.7997665405 18.651473999
obstacle
0.184468045831
4.11606359482 196.75012207 15.4767570496 22.2523498535
obstacle
0.183519974351
451.191101074 150.91394043 22.7348632812 24.0356140137
obstacle
0.18283239007
179.502548218 148.979675293 130.147781372 44.7977905273
obstacle
0.182613432407
480.099639893 0.0 19.9003601074 18.6137504578
obstacle
0.182477712631
8.96565914154 101.245201111 22.7200164795 23.8853302002
obstacle
0.182450398803
31.5586280823 186.612640381 56.1632804871 36.2523803711
obstacle
0.182273417711
462.999633789 164.049179077 19.8021240234 23.6031494141
obstacle
0.182229548693
153.030517578 130.009048462 44.4732971191 21.3830566406
obstacle
0.181701093912
6.1218585968 200.698547363 46.193397522 24.6018676758
obstacle
0.181623056531
457.825073242 290.978881836 42.1749267578 42.0165405273
obstacle
0.181622758508
483.627655029 143.245239258 16.3723449707 47.1807861328
obstacle
0.181373849511
482.99432373 93.603729248 17.0056762695 42.5048522949
obstacle
0.180924847722
222.368286133 103.438552856 43.6492614746 21.042388916
obstacle
0.180849611759
255.124359131 91.1573562622 52.2805786133 19.070022583
obstacle
0.180720746517
50.1023674011 173.25227356 22.7853736877 17.9200744629
obstacle
0.180505543947
225.129760742 110.982688904 80.1201782227 18.820854187
obstacle
0.180368036032
482.982818604 117.856735229 17.0171813965 44.1220703125
obstacle
0.180354788899
13.2372169495 0.0 39.1723175049 96.9473571777
obstacle
0.178645312786
23.9121589661 62.9233322144 37.8974838257 22.012512207
obstacle
0.178488567472
112.312782288 138.425384521 29.7974472046 24.1581115723
obstacle
0.178234443069
487.387451172 230.750946045 12.6125488281 47.061126709
obstacle
0.178009405732
20.0864486694 86.7180786133 32.5514755249 17.4850463867
obstacle
0.177919745445
3.32220315933 216.427276611 14.8949565887 22.1474914551
obstacle
0.177859589458
483.082824707 175.789001465 16.917175293 46.7144470215
obstacle
0.177518859506
432.240478516 183.09463501 42.6926269531 20.9933776855
obstacle
0.176594853401
277.465576172 99.9446563721 26.4324951172 20.854095459
obstacle
0.176538378
190.467254639 120.253128052 129.908630371 18.9384460449
obstacle
0.175949662924
11.2917175293 150.604278564 426.833343506 73.3966064453
obstacle
0.175836056471
191.825149536 83.5249023438 105.584579468 20.3724517822
obstacle
0.175830304623
104.656951904 152.965591431 29.4391937256 28.450012207
obstacle
0.175774037838
113.120803833 133.46031189 48.5617980957 49.1682434082
obstacle
0.17576469481
199.413085938 0.0 140.297119141 148.130126953
obstacle
0.175631463528
66.0496063232 128.577758789 38.4117431641 20.0594787598
obstacle
0.175414428115
484.784790039 208.919158936 15.2152099609 43.0951538086
obstacle
0.175089806318
76.575088501 152.094070435 121.519714355 46.5092163086
obstacle
0.17483612895
169.276184082 129.679214478 153.755340576 32.838104248
obstacle
0.174817338586
47.5595741272 186.632873535 26.2693138123 20.0558166504
obstacle
0.17409683764
153.746856689 156.796768188 80.5350646973 56.5380249023
obstacle
0.173570170999
88.6838226318 124.192749023 58.6522216797 30.348236084
obstacle
0.170539662242
169.282791138 64.0884628296 257.606811523 56.6505279541
obstacle
0.170104756951
79.8684616089 137.964294434 44.7721252441 18.9049377441
obstacle
0.168895155191
286.026580811 132.310546875 90.0429077148 36.8092041016
obstacle
0.166319698095
0.0 211.443450928 32.7949333191 19.3934631348
obstacle
0.166125416756
254.067550659 143.409561157 94.0623321533 53.5917358398
obstacle
0.165801927447
30.2569789886 94.7082901001 31.7084140778 20.9558105469
obstacle
0.165309995413
197.259506226 108.994613647 302.740478516 92.0150756836
obstacle
0.164026960731
249.740936279 114.070785522 112.553894043 21.9741363525
obstacle
0.163053676486
176.615539551 122.891746521 151.014038086 197.596984863
obstacle
0.162146374583
437.87890625 167.128723145 31.5411987305 19.6516113281
obstacle
0.160863563418
469.063049316 17.5355262756 30.9369506836 91.828994751
obstacle
0.15425118804
476.506958008 229.569595337 18.5209350586 34.0333099365
obstacle
0.153457969427
231.218780518 96.0922088623 100.512878418 26.6271514893
obstacle
0.152043938637
473.464202881 203.173660278 21.0767822266 37.1439208984
obstacle
0.150772929192
473.694824219 165.319885254 20.9740600586 38.2949523926
obstacle
0.149027526379
472.428710938 137.356842041 21.2723388672 35.2990722656
obstacle
0.148412719369
333.922973633 28.8979034424 131.924560547 154.803894043
obstacle
0.147036775947
472.052520752 113.934570312 21.362487793 34.2349243164
obstacle
0.147032037377
243.27041626 125.433853149 150.630737305 23.4637756348
obstacle
0.141416266561
151.961517334 125.279693604 26.0749206543 17.4345092773
obstacle
0.137606278062
461.845703125 72.9771270752 38.154296875 228.741317749
obstacle
0.13719342649
21.6234130859 257.926818848 38.4043121338 75.0731811523
