obstacle
0.200917080045
11.1485977173 87.4853820801 197.054748535 287.51461792
obstacle
0.200355634093
86.9073944092 0.0 304.259216309 73.03099823
obstacle
0.197683244944
69.06590271 0.0 146.732818604 165.606628418
obstacle
0.196098253131
29.3269462585 0.0 70.5322570801 305.425872803
obstacle
0.195064410567
33.575176239 0.0 100.292541504 56.1758728027
obstacle
0.19464160502
195.665588379 46.6520004272 246.727416992 168.399383545
obstacle
0.192902937531
128.810012817 83.6463317871 253.360641479 260.64251709
obstacle
0.191595047712
230.640838623 101.068344116 102.525756836 182.245193481
obstacle
0.19144077599
18.4869403839 0.0 43.5004577637 95.3600769043
obstacle
0.189961776137
106.933807373 137.753234863 27.0657806396 26.5216674805
obstacle
0.189489945769
140.998657227 118.242889404 17.8464660645 19.4335632324
obstacle
0.189108073711
337.998016357 48.4082641602 147.059509277 326.59173584
obstacle
0.187949553132
243.446487427 152.625167847 196.94670105 51.1243896484
obstacle
0.187732949853
444.906158447 64.3243637085 23.9777832031 22.010345459
obstacle
0.186342865229
64.217956543 259.271789551 318.09967041 115.728210449
obstacle
0.186334699392
373.756225586 124.532043457 35.2571411133 21.8755493164
obstacle
0.186159670353
479.251953125 22.9819202423 20.748046875 51.3516540527
obstacle
0.18610471487
133.007965088 111.001861572 18.8498840332 23.9635009766
obstacle
0.186084762216
411.096435547 0.0 88.9035644531 53.2344169617
obstacle
0.18548566103
12.0942001343 0.0 29.4380111694 26.3639850616
obstacle
0.18543343246
139.761169434 131.913528442 19.064453125 19.6573181152
obstacle
0.185337170959
124.813873291 164.518875122 47.3174438477 30.1038208008
obstacle
0.185316845775
245.219024658 161.779846191 66.3276367188 75.0846252441
obstacle
0.185099318624
409.347290039 79.0478515625 33.8563842773 17.2021789551
obstacle
0.18488368392
380.8487854 61.9482650757 104.447814941 84.4632034302
obstacle
0.183834701777
317.456054688 0.0 182.543945312 98.547744751
obstacle
0.18377289176
413.372039795 110.432800293 85.9459228516 30.810043335
obstacle
0.183553636074
439.776123047 112.328941345 22.6899414062 26.6722946167
obstacle
0.183390155435
268.546783447 143.158508301 31.2130126953 22.0333251953
obstacle
0.182999134064
477.652099609 0.0 22.3479003906 46.0743675232
obstacle
0.182637616992
0.0 266.238067627 166.225860596 108.761932373
obstacle
0.182505741715
16.9090023041 218.927947998 42.7659225464 156.072052002
obstacle
0.182226985693
123.345314026 138.487884521 28.7221908569 22.8077392578
obstacle
0.181925550103
400.477416992 93.8322753906 41.041015625 17.303527832
obstacle
0.181913971901
395.763336182 122.628486633 44.4497070312 21.1710586548
obstacle
0.181717202067
348.363739014 172.720748901 36.4559936523 19.9863586426
obstacle
0.181086629629
475.467773438 150.815460205 24.5322265625 63.2719726562
obstacle
0.181000560522
139.089324951 141.346801758 26.9612426758 29.5429077148
obstacle
0.180979937315
248.985870361 218.14390564 60.2183227539 26.5540771484
obstacle
0.180900499225
280.992462158 213.431732178 22.8540649414 19.6919555664
obstacle
0.180618703365
396.233581543 101.317710876 92.1302490234 23.7388458252
obstacle
0.180094122887
283.612457275 145.573608398 86.8477172852 38.2265930176
obstacle
0.180062651634
406.618621826 105.177284241 30.3153686523 18.7434539795
obstacle
0.179961562157
478.158966064 57.8546600342 21.8410339355 38.0920562744
obstacle
0.179729148746
467.064117432 81.6335983276 32.442199707 35.9136810303
obstacle
0.17962191999
429.964141846 268.796356201 37.8472290039 49.7650756836
obstacle
0.178821653128
271.298339844 106.815139771 129.888671875 29.5618133545
obstacle
0.178717553616
362.579772949 267.466278076 130.962646484 107.533721924
obstacle
0.178578272462
352.398864746 98.7158813477 37.0839233398 21.8778076172
obstacle
0.178573593497
81.6206054688 150.803619385 44.6314544678 34.0257263184
obstacle
0.178162157536
380.499084473 95.1458816528 31.7543334961 17.6130828857
obstacle
0.177802577615
414.810028076 114.823822021 85.1899719238 195.946228027
obstacle
0.177708372474
333.47454834 153.342330933 34.717590332 28.0668334961
obstacle
0.177694648504
351.372619629 122.33354187 132.878723145 24.9885253906
obstacle
0.177676230669
290.908416748 148.824783325 33.8297119141 22.1655578613
obstacle
0.177320733666
472.771881104 298.262207031 27.2281188965 61.7332763672
obstacle
0.176797986031
352.953491211 132.028381348 43.0350952148 20.4097290039
obstacle
0.176550269127
407.500396729 115.252204895 43.5227050781 18.0273208618
obstacle
0.176261261106
428.379119873 102.084495544 29.0138549805 17.7649383545
obstacle
0.176248371601
305.709014893 101.155090332 46.9029541016 16.9757995605
obstacle
0.176142394543
456.259552002 0.0 43.740447998 162.555877686
obstacle
0.176091462374
320.950500488 137.781311035 76.2504272461 27.4069213867
obstacle
0.175924316049
458.224060059 238.701660156 41.7759399414 136.298339844
obstacle
0.175656616688
426.760925293 80.389793396 50.2567749023 24.1452331543
obstacle
0.175489798188
487.34664917 92.1670150757 12.6533508301 34.580581665
obstacle
0.174802049994
423.955230713 95.9237365723 58.8125610352 17.5652008057
obstacle
0.174728035927
149.979141235 149.123306274 35.0079650879 32.5974121094
obstacle
0.174616143107
440.801696777 333.870239258 54.4790039062 41.1297607422
obstacle
0.174323320389
116.309371948 145.707107544 30.9219360352 31.4913635254
obstacle
0.174017295241
115.603813171 110.342308044 27.6292037964 19.9606704712
obstacle
0.173923388124
456.732055664 323.237854004 36.1202392578 29.6070556641
obstacle
0.173665165901
116.46383667 120.459220886 34.5892333984 24.4911575317
obstacle
0.173356756568
316.387329102 126.819801331 61.2073364258 19.8091201782
obstacle
0.172232493758
478.741638184 221.288543701 21.2583618164 67.822052002
obstacle
0.172092586756
447.712310791 100.650924683 24.8120727539 17.8970947266
obstacle
0.171961277723
474.025115967 258.879150391 25.9748840332 61.3732299805
obstacle
0.171398848295
411.847381592 292.138214111 49.5116577148 44.4159545898
obstacle
0.170884996653
281.025787354 138.661148071 54.5439453125 20.8138122559
obstacle
0.170819595456
449.793823242 88.0047912598 38.5883178711 20.4417724609
obstacle
0.170312047005
0.0 4.700963974 26.5162773132 27.0888671875
obstacle
0.169407650828
329.799560547 141.659576416 24.4976806641 21.8237915039
obstacle
0.168705865741
368.966644287 119.788352966 18.5907592773 20.0288314819
obstacle
0.166010379791
474.502075195 104.219902039 25.4979248047 32.3054885864
obstacle
0.165045529604
345.554443359 130.093429565 22.4450073242 21.6558532715
obstacle
0.161319702864
352.074249268 148.025100708 104.914794922 32.2641601562
obstacle
0.161228433251
266.629760742 206.73991394 46.3851928711 20.7464599609
obstacle
0.156121313572
449.276489258 0.0 45.4844360352 25.6685295105
obstacle
0.153804510832
309.903076172 151.926208496 36.749206543 23.1404724121
obstacle
0.143593773246
0.0 10.4259033203 59.0970535278 296.770629883
obstacle
0.136652216315
177.388092041 0.0 135.965759277 171.633575439
obstacle
0.132642686367
58.9064369202 61.7853546143 79.1075439453 197.574081421
