obstacle
0.938736617565
418.0 120.0 66.0 14.0
obstacle
0.933549880981
420.0 123.0 59.0 12.0
obstacle
0.923867285252
70.0 148.0 224.0 77.0
obstacle
0.856287837029
89.0 151.0 220.0 69.0
obstacle
0.83146739006
305.0 120.0 13.0 13.0
obstacle
0.74350297451
40.0 151.0 250.0 71.0
obstacle
0.732449948788
63.0 161.0 238.0 67.0
obstacle
0.570756435394
306.0 122.0 13.0 14.0
obstacle
0.429098427296
32.0 151.0 301.0 89.0
obstacle
0.383071839809
40.0 150.0 284.0 76.0
obstacle
0.380817472935
413.0 122.0 57.0 16.0
obstacle
0.379244536161
17.0 145.0 298.0 85.0
obstacle
0.366642147303
112.0 162.0 172.0 46.0
obstacle
0.360134124756
417.0 124.0 69.0 12.0
obstacle
0.325093507767
103.0 165.0 161.0 42.0
obstacle
0.287602216005
422.0 120.0 58.0 13.0
obstacle
0.260381639004
80.0 139.0 239.0 74.0
obstacle
0.25199753046
55.0 136.0 255.0 80.0
obstacle
0.234993264079
86.0 138.0 192.0 97.0
obstacle
0.226790070534
414.0 126.0 47.0 9.0
obstacle
0.203643113375
298.0 117.0 13.0 16.0
obstacle
0.203389555216
24.0 146.0 282.0 100.0
