obstacle
0.945079147816
78.0 181.0 66.0 18.0
obstacle
0.927780270576
209.0 220.0 72.0 26.0
obstacle
0.916026651859
151.0 163.0 48.0 18.0
obstacle
0.838001847267
303.0 177.0 57.0 20.0
obstacle
0.833126008511
146.0 164.0 50.0 17.0
obstacle
0.822592258453
199.0 219.0 86.0 29.0
obstacle
0.798456192017
297.0 157.0 46.0 16.0
obstacle
0.724628448486
213.0 223.0 77.0 22.0
obstacle
0.719657063484
78.0 185.0 61.0 17.0
obstacle
0.71225130558
338.0 198.0 23.0 27.0
obstacle
0.668734312057
329.0 198.0 28.0 25.0
obstacle
0.650544881821
206.0 215.0 74.0 28.0
obstacle
0.585757374763
295.0 178.0 57.0 18.0
obstacle
0.570371985435
85.0 180.0 65.0 19.0
obstacle
0.551974713802
244.0 167.0 36.0 11.0
obstacle
0.516072273254
194.0 211.0 96.0 37.0
obstacle
0.507645070553
289.0 163.0 62.0 17.0
obstacle
0.48890426755
211.0 219.0 85.0 29.0
obstacle
0.449517279863
293.0 158.0 48.0 12.0
obstacle
0.395204663277
147.0 165.0 63.0 17.0
obstacle
0.373603731394
142.0 167.0 52.0 14.0
obstacle
0.371166795492
235.0 164.0 55.0 16.0
obstacle
0.319322735071
69.0 180.0 74.0 17.0
obstacle
0.316674500704
320.0 193.0 37.0 33.0
obstacle
0.301903635263
209.0 215.0 88.0 29.0
obstacle
0.289215296507
436.0 191.0 28.0 11.0
obstacle
0.287196785212
333.0 192.0 36.0 37.0
obstacle
0.248968720436
252.0 169.0 50.0 8.0
obstacle
0.245534688234
310.0 198.0 57.0 23.0
obstacle
0.240495637059
309.0 181.0 55.0 11.0
obstacle
0.238813713193
302.0 185.0 61.0 24.0
obstacle
0.217572644353
206.0 209.0 99.0 39.0
obstacle
0.215182721615
288.0 184.0 69.0 24.0
obstacle
0.205094173551
297.0 164.0 66.0 20.0
obstacle
0.201871737838
325.0 199.0 50.0 25.0
obstacle
0.201813161373
62.0 175.0 95.0 28.0
obstacle
0.200653880835
337.0 182.0 31.0 11.0
