obstacle
0.9270657897
172.0 204.0 140.0 33.0
obstacle
0.825500965118
336.0 204.0 116.0 32.0
obstacle
0.818202853203
184.0 204.0 138.0 35.0
obstacle
0.73952049017
336.0 200.0 117.0 33.0
obstacle
0.736485183239
172.0 198.0 137.0 36.0
obstacle
0.686694502831
2.0 161.0 126.0 48.0
obstacle
0.62015068531
354.0 211.0 84.0 21.0
obstacle
0.469090253115
159.0 205.0 139.0 31.0
obstacle
0.447066873312
356.0 200.0 102.0 40.0
obstacle
0.419029414654
0.0 152.0 139.0 46.0
obstacle
0.347146213055
161.0 199.0 131.0 33.0
obstacle
0.346024900675
184.0 199.0 140.0 34.0
obstacle
0.3350251019
164.0 199.0 153.0 46.0
obstacle
0.309043437243
315.0 205.0 133.0 32.0
obstacle
0.277171969414
18.0 165.0 125.0 40.0
obstacle
0.251853615046
0.0 155.0 169.0 61.0
obstacle
0.244304165244
188.0 210.0 104.0 25.0
obstacle
0.225968614221
338.0 204.0 112.0 23.0
obstacle
0.224869325757
345.0 199.0 125.0 34.0
obstacle
0.222102746367
0.0 151.0 119.0 49.0
obstacle
0.218796402216
370.0 210.0 74.0 23.0
obstacle
0.207595944405
0.0 178.0 138.0 33.0
