obstacle
0.943722724915
82.0 170.0 121.0 47.0
obstacle
0.901673614979
84.0 171.0 122.0 39.0
obstacle
0.741612792015
427.0 100.0 50.0 16.0
obstacle
0.730682849884
72.0 175.0 121.0 38.0
obstacle
0.701695501804
90.0 170.0 133.0 39.0
obstacle
0.698689460754
431.0 102.0 42.0 13.0
obstacle
0.650117814541
224.0 151.0 144.0 44.0
obstacle
0.64137595892
379.0 112.0 29.0 13.0
obstacle
0.602519333363
93.0 173.0 124.0 41.0
obstacle
0.574975371361
221.0 155.0 124.0 38.0
obstacle
0.434846252203
368.0 111.0 49.0 16.0
obstacle
0.374788075686
449.0 102.0 36.0 13.0
obstacle
0.348812311888
238.0 151.0 148.0 41.0
obstacle
0.338288336992
361.0 114.0 33.0 11.0
obstacle
0.312171071768
262.0 144.0 148.0 36.0
obstacle
0.308328062296
421.0 105.0 31.0 9.0
obstacle
0.300493717194
336.0 114.0 11.0 14.0
obstacle
0.274873495102
325.0 116.0 28.0 10.0
obstacle
0.262744247913
436.0 99.0 56.0 17.0
obstacle
0.236170962453
338.0 116.0 33.0 10.0
obstacle
0.23608623445
378.0 106.0 32.0 10.0
obstacle
0.230443462729
63.0 173.0 138.0 35.0
obstacle
0.224947571754
336.0 151.0 72.0 22.0
obstacle
0.219873309135
284.0 142.0 138.0 38.0
obstacle
0.210705012083
67.0 172.0 153.0 46.0
obstacle
0.205046802759
53.0 168.0 180.0 41.0
obstacle
0.201459988952
342.0 110.0 69.0 18.0
