obstacle
0.980032622814
261.296508789 202.207641602 52.5040893555 22.4232788086
obstacle
0.962557077408
114.968223572 182.130355835 49.1154708862 16.7572631836
obstacle
0.951594829559
7.28861999512 189.481674194 53.5441131592 17.3206787109
obstacle
0.948061227798
344.035644531 191.535980225 56.8106079102 18.7934875488
obstacle
0.930758416653
342.307830811 198.92590332 64.6333618164 18.1663818359
obstacle
0.916385352612
6.62334442139 179.899429321 48.3094596863 22.1370544434
obstacle
0.898468136787
120.827255249 174.877975464 47.4208374023 19.7492675781
obstacle
0.87152504921
335.737091064 188.985519409 53.2486572266 16.9699401855
obstacle
0.815715193748
115.059570312 182.772277832 88.2734680176 17.8102416992
obstacle
0.806720852852
19.3570919037 185.473937988 56.6854858398 18.3151245117
obstacle
0.778906524181
266.302703857 196.555877686 36.2260131836 23.9258728027
obstacle
0.762612104416
175.908370972 190.861587524 56.1323242188 18.7014465332
obstacle
0.649215698242
32.8403511047 189.701690674 44.0384025574 18.2702636719
obstacle
0.631538033485
115.689918518 186.983383179 59.5466537476 16.122833252
obstacle
0.61552554369
8.80418777466 173.459564209 67.4839630127 51.7976074219
obstacle
0.483531534672
258.726318359 207.620956421 28.3084106445 16.5849914551
obstacle
0.47973176837
260.907684326 190.642105103 167.462768555 30.0732116699
obstacle
0.456059753895
192.905105591 188.207305908 42.163848877 16.6881713867
obstacle
0.450117468834
374.858032227 194.491027832 36.3961181641 15.6840515137
