obstacle
0.916546046734
260.413269043 118.442855835 217.251098633 76.4128723145
obstacle
0.879940927029
42.7040557861 138.859146118 275.167907715 68.0888366699
obstacle
0.848870575428
145.68572998 140.935684204 130.595550537 65.0957641602
obstacle
0.834205210209
377.342224121 133.838195801 97.1136474609 57.4878845215
obstacle
0.818032205105
327.983306885 144.483078003 166.716796875 43.65234375
obstacle
0.661022543907
308.070251465 132.803863525 153.168762207 44.7027282715
obstacle
0.659877300262
44.9872436523 127.165863037 455.012756348 85.6177368164
obstacle
0.630313038826
143.863327026 187.514038086 71.7720947266 48.7098693848
obstacle
0.59593385458
38.5609283447 175.032852173 28.8508911133 27.9133605957
obstacle
0.58622610569
34.7663040161 167.468734741 37.8690795898 47.8430786133
obstacle
0.564303636551
276.824645996 128.922637939 105.605773926 56.2017822266
obstacle
0.511102735996
86.3396759033 149.715911865 116.60949707 45.1060180664
obstacle
0.502877831459
41.0463752747 169.832901001 23.457244873 22.7590942383
obstacle
0.481476604939
183.795654297 147.410690308 79.930480957 51.5359802246
obstacle
0.468993961811
26.4442138672 172.196380615 66.1056137085 50.0484313965
obstacle
0.464448362589
32.6394844055 182.17237854 26.7509078979 28.4094543457
obstacle
0.449245989323
442.24987793 155.106460571 46.850769043 29.3605651855
obstacle
0.435739964247
350.496459961 126.467285156 52.7824707031 56.7007446289
obstacle
0.390663146973
329.045623779 133.013183594 53.7308349609 42.7801818848
obstacle
0.376911222935
46.7501907349 172.985168457 41.6918945312 37.4385070801
obstacle
0.361979603767
367.166473389 128.15284729 55.3562011719 52.2362976074
