obstacle
0.919592857361
70.2824325562 165.075897217 231.661437988 64.4448547363
obstacle
0.888681650162
196.640625 162.810089111 131.132629395 46.9390258789
obstacle
0.781717419624
177.137634277 151.236236572 144.706542969 83.7674560547
obstacle
0.714562058449
65.1354751587 186.152084351 138.545928955 29.8764953613
obstacle
0.660584628582
77.7108306885 187.833374023 50.6946411133 47.5750732422
obstacle
0.577809929848
60.9736671448 185.697372437 97.683807373 51.242401123
obstacle
0.533385276794
82.4178924561 207.674865723 31.0810241699 25.1135864258
obstacle
0.483328849077
224.784454346 174.133651733 87.7230224609 33.0059814453
obstacle
0.480875641108
237.739501953 161.862518311 62.83984375 57.6304321289
obstacle
0.365523099899
209.48526001 167.036239624 84.8017578125 34.1501159668
