obstacle
0.920701682568
132.036773682 147.049621582 136.616973877 109.083282471
obstacle
0.841861188412
130.98286438 191.22442627 121.733612061 50.1784973145
obstacle
0.585535466671
177.961669922 162.053283691 61.1094360352 34.8148498535
obstacle
0.558277308941
164.814910889 167.977081299 87.9877624512 67.4698181152
obstacle
0.501424849033
138.989471436 180.469055176 127.188354492 40.1068725586
obstacle
0.440898001194
189.302062988 163.366348267 24.6915893555 22.4565429688
obstacle
0.403426617384
198.372436523 158.894607544 24.3011474609 19.649597168
obstacle
0.363523542881
142.158432007 160.349639893 111.708374023 39.9514465332
