obstacle
0.95172804594
215.575668335 140.46635437 82.7287750244 59.3825683594
obstacle
0.788625121117
228.215759277 146.428131104 68.5675048828 34.9870300293
obstacle
0.756409943104
275.576721191 154.893508911 73.6862182617 72.5305786133
obstacle
0.616031587124
203.440093994 143.368484497 159.783874512 60.5376586914
obstacle
0.61428207159
290.286376953 159.462982178 60.6916503906 41.2881774902
obstacle
0.579032301903
285.144226074 177.851837158 67.6504516602 39.1636962891
obstacle
0.546557784081
221.561920166 147.817138672 118.497314453 40.0819396973
obstacle
0.540762543678
315.543212891 181.879074097 29.3231201172 21.9619445801
obstacle
0.524948239326
223.432281494 153.037307739 53.871673584 39.3183288574
obstacle
0.520379602909
317.271850586 173.898498535 24.242980957 22.8171386719
obstacle
0.475562572479
311.007568359 171.035614014 25.9499511719 31.6947631836
obstacle
0.445594221354
293.932128906 166.361984253 37.372253418 40.018157959
obstacle
0.437464237213
323.883514404 170.417312622 23.903503418 19.1943969727
obstacle
0.430450499058
283.651611328 167.491409302 42.1822509766 55.125
obstacle
0.422521352768
281.171081543 191.236785889 49.0859985352 29.9181518555
obstacle
0.407636255026
310.881652832 164.036712646 21.4207763672 19.697265625
obstacle
0.383248835802
267.401397705 169.911300659 98.2153320312 35.2392272949
obstacle
0.3643206954
282.096679688 174.911224365 26.2647094727 37.7274169922
obstacle
0.354297816753
317.903961182 163.762329102 20.7020263672 21.5858154297
