obstacle
0.984113395214
86.9721221924 166.600921631 242.516036987 67.5209350586
obstacle
0.950390100479
313.849853516 92.6825485229 58.6685791016 21.7247009277
obstacle
0.892707228661
319.028259277 85.7880783081 53.5090942383 22.1667022705
obstacle
0.879647254944
153.675506592 173.125244141 141.06817627 43.3426513672
obstacle
0.824007511139
101.126815796 201.712417603 77.0882263184 26.5425720215
obstacle
0.775062322617
116.372367859 192.273010254 146.173614502 28.0386047363
obstacle
0.605039536953
448.928985596 118.835098267 31.2707519531 20.2564086914
obstacle
0.587497830391
164.959960938 175.423324585 80.8822631836 53.2443237305
obstacle
0.543634772301
448.629516602 112.793273926 24.8470458984 18.8382720947
obstacle
0.530992031097
114.932052612 196.865646362 53.2360839844 25.6753845215
obstacle
0.486695349216
185.05960083 168.953887939 78.5960998535 52.7456970215
obstacle
0.423381894827
107.891616821 214.369369507 40.0898284912 17.3151855469
obstacle
0.380461007357
60.8812561035 190.239608765 235.735656738 52.738861084
