obstacle
0.98291426897
238.247238159 135.320602417 169.280471802 76.7176818848
obstacle
0.839128315449
143.683944702 124.665344238 271.631530762 116.323364258
obstacle
0.819985628128
308.026733398 135.932449341 97.5832519531 61.9298400879
obstacle
0.689663529396
240.87121582 164.740386963 138.435852051 46.6405029297
obstacle
0.615214109421
125.211791992 139.975845337 24.309967041 25.4001159668
obstacle
0.607039511204
253.44128418 161.460327148 74.9791259766 47.4954223633
obstacle
0.563362002373
121.518135071 151.935836792 27.2565078735 26.6795349121
obstacle
0.5256305933
126.453277588 140.435165405 33.3358154297 35.2584838867
obstacle
0.516755402088
113.914230347 147.2421875 51.0929260254 34.6116638184
obstacle
0.504728794098
251.34463501 154.148773193 153.637573242 42.1155090332
obstacle
0.470293164253
116.586181641 145.177932739 22.6344299316 27.1420593262
