obstacle
0.709656476974
53.0207748413 167.425384521 20.8136672974 20.2108459473
obstacle
0.684792518616
46.2858581543 161.728256226 32.3431549072 34.6234741211
obstacle
0.628580451012
290.342010498 169.45892334 35.6483764648 17.7869567871
obstacle
0.552995502949
52.5999603271 157.469680786 25.0488433838 25.7175598145
obstacle
0.537473618984
45.3780860901 167.749633789 19.2453308105 26.4447021484
obstacle
0.479024976492
253.245788574 136.690032959 42.6813964844 22.0471496582
obstacle
0.436503082514
60.28647995 164.274856567 28.3605537415 27.2091369629
obstacle
0.421803563833
378.157470703 185.607666016 31.9747924805 26.0065612793
obstacle
0.356145977974
375.126342773 196.467773438 45.5790405273 37.4067077637
