obstacle
0.500634372234
108.0 170.0 134.0 35.0
obstacle
0.406903415918
108.0 160.0 191.0 52.0
obstacle
0.360334038734
41.0 134.0 340.0 109.0
obstacle
0.341560542583
96.0 175.0 97.0 28.0
obstacle
0.325225710869
398.0 126.0 90.0 26.0
obstacle
0.316562533379
154.0 159.0 107.0 31.0
obstacle
0.312252402306
65.0 164.0 161.0 50.0
obstacle
0.305003672838
102.0 110.0 368.0 119.0
obstacle
0.298239707947
148.0 147.0 187.0 53.0
obstacle
0.295087069273
400.0 105.0 85.0 25.0
obstacle
0.269940018654
16.0 179.0 90.0 25.0
obstacle
0.269903540611
191.0 156.0 101.0 31.0
obstacle
0.265104025602
185.0 171.0 109.0 32.0
obstacle
0.260442703962
153.0 184.0 43.0 17.0
obstacle
0.236714228988
363.0 128.0 87.0 25.0
obstacle
0.227361932397
234.0 176.0 93.0 28.0
obstacle
0.227139353752
421.0 130.0 43.0 18.0
obstacle
0.223911628127
365.0 105.0 82.0 25.0
obstacle
0.223350018263
182.0 164.0 200.0 55.0
obstacle
0.222023293376
435.0 128.0 65.0 25.0
obstacle
0.219093546271
355.0 114.0 145.0 50.0
obstacle
0.2174474895
462.0 132.0 35.0 15.0
obstacle
0.207336395979
22.0 258.0 377.0 74.0
obstacle
0.206789419055
89.0 148.0 103.0 85.0
obstacle
0.203497901559
235.0 154.0 94.0 31.0
obstacle
0.196827024221
45.0 148.0 193.0 52.0
obstacle
0.196497619152
17.0 157.0 86.0 24.0
obstacle
0.196075052023
100.0 160.0 86.0 26.0
obstacle
0.195394858718
190.0 182.0 40.0 17.0
obstacle
0.194760650396
351.0 90.0 149.0 52.0
obstacle
0.194626823068
0.0 164.0 149.0 54.0
obstacle
0.191898554564
193.0 143.0 33.0 48.0
obstacle
0.190258935094
56.0 179.0 95.0 25.0
obstacle
0.186994940042
199.0 152.0 93.0 74.0
obstacle
0.181699499488
118.0 185.0 43.0 14.0
obstacle
0.180905267596
256.0 212.0 145.0 113.0
obstacle
0.179771631956
437.0 105.0 63.0 25.0
obstacle
0.17965310812
287.0 103.0 80.0 27.0
obstacle
0.17904253304
39.0 182.0 40.0 16.0
obstacle
0.177492916584
422.0 108.0 40.0 15.0
obstacle
0.175247192383
133.0 201.0 76.0 20.0
obstacle
0.174264535308
179.0 210.0 144.0 116.0
obstacle
0.172628372908
286.0 128.0 81.0 27.0
obstacle
0.171302735806
385.0 132.0 37.0 15.0
obstacle
0.169553846121
0.0 169.0 350.0 94.0
obstacle
0.168894514441
101.0 209.0 147.0 117.0
obstacle
0.167879343033
392.0 93.0 100.0 92.0
obstacle
0.166965216398
0.0 114.0 267.0 111.0
obstacle
0.166136220098
463.0 109.0 33.0 13.0
obstacle
0.163530424237
250.0 103.0 78.0 27.0
obstacle
0.162503033876
326.0 104.0 80.0 25.0
obstacle
0.162322044373
155.0 139.0 34.0 55.0
obstacle
0.159622520208
107.0 203.0 60.0 17.0
obstacle
0.158876255155
190.0 163.0 42.0 13.0
obstacle
0.158635616302
282.0 153.0 86.0 28.0
obstacle
0.155764892697
325.0 128.0 83.0 25.0
obstacle
0.154899269342
281.0 178.0 85.0 27.0
obstacle
0.153828918934
182.0 190.0 202.0 55.0
obstacle
0.152618810534
148.0 192.0 352.0 141.0
obstacle
0.151868283749
222.0 139.0 205.0 56.0
obstacle
0.148396417499
148.0 163.0 48.0 14.0
obstacle
0.147226199508
254.0 114.0 220.0 54.0
obstacle
0.1470695436
386.0 109.0 35.0 13.0
obstacle
0.145692646503
30.0 185.0 360.0 148.0
obstacle
0.145407482982
15.0 204.0 90.0 23.0
obstacle
0.144554421306
190.0 306.0 272.0 27.0
obstacle
0.144318565726
427.0 121.0 31.0 37.0
obstacle
0.143943563104
234.0 144.0 102.0 95.0
obstacle
0.143806129694
0.0 140.0 154.0 56.0
obstacle
0.143643006682
0.0 180.0 65.0 25.0
obstacle
0.142966300249
74.0 306.0 274.0 27.0
obstacle
0.141568377614
348.0 217.0 114.0 103.0
obstacle
0.140932068229
66.0 206.0 65.0 19.0
obstacle
0.140858873725
233.0 142.0 30.0 52.0
obstacle
0.140301570296
363.0 254.0 81.0 31.0
obstacle
0.139534235001
12.0 145.0 95.0 91.0
obstacle
0.139331921935
57.0 158.0 89.0 25.0
obstacle
0.138454496861
401.0 256.0 81.0 27.0
obstacle
0.138351082802
223.0 87.0 205.0 56.0
obstacle
0.137698724866
126.0 170.0 25.0 41.0
obstacle
0.137278959155
186.0 259.0 314.0 73.0
obstacle
0.136574938893
427.0 97.0 31.0 37.0
obstacle
0.134166270494
230.0 161.0 38.0 12.0
obstacle
0.134123578668
229.0 183.0 34.0 14.0
obstacle
0.13383308053
370.0 233.0 71.0 22.0
obstacle
0.133119031787
103.0 141.0 368.0 152.0
obstacle
0.131348833442
249.0 128.0 78.0 28.0
obstacle
0.131305649877
322.0 253.0 85.0 31.0
obstacle
0.131295844913
4.0 185.0 31.0 13.0
obstacle
0.12997084856
41.0 159.0 35.0 14.0
obstacle
0.129784345627
61.0 169.0 75.0 93.0
obstacle
0.127701565623
41.0 205.0 36.0 18.0
obstacle
0.127493843436
281.0 252.0 89.0 33.0
obstacle
0.125906810164
377.0 264.0 51.0 58.0
obstacle
0.125855579972
213.0 104.0 75.0 25.0
obstacle
0.125494837761
41.0 212.0 113.0 111.0
obstacle
0.125393927097
119.0 137.0 34.0 60.0
obstacle
0.125217735767
17.0 132.0 81.0 22.0
obstacle
0.124184295535
383.0 250.0 37.0 34.0
obstacle
0.124021954834
336.0 263.0 56.0 60.0
obstacle
0.123656332493
404.0 234.0 77.0 21.0
obstacle
0.123430334032
289.0 80.0 77.0 23.0
obstacle
0.12335576117
196.0 202.0 99.0 25.0
obstacle
0.123054757714
465.0 5.0 31.0 13.0
obstacle
0.122795805335
86.0 164.0 25.0 57.0
obstacle
0.122230969369
159.0 201.0 96.0 24.0
obstacle
0.120964862406
0.0 156.0 63.0 24.0
obstacle
0.120746999979
0.0 189.0 152.0 55.0
obstacle
0.120719462633
251.0 81.0 76.0 22.0
obstacle
0.120514534414
23.0 77.0 375.0 135.0
obstacle
0.1204842031
103.0 228.0 136.0 23.0
obstacle
0.120302520692
402.0 81.0 81.0 21.0
obstacle
0.120064422488
84.0 185.0 31.0 11.0
obstacle
0.119989708066
344.0 250.0 40.0 33.0
obstacle
0.119767807424
298.0 263.0 54.0 60.0
obstacle
0.11964508146
106.0 129.0 134.0 86.0
obstacle
0.119589433074
42.0 170.0 31.0 43.0
obstacle
0.119149945676
127.0 190.0 20.0 47.0
obstacle
0.118816398084
156.0 201.0 33.0 24.0
obstacle
0.11841391772
0.0 305.0 227.0 28.0
obstacle
0.118274360895
306.0 251.0 38.0 32.0
obstacle
0.1171021685
0.0 205.0 65.0 24.0
obstacle
0.116274550557
260.0 263.0 54.0 60.0
obstacle
0.115959890187
355.0 91.0 97.0 99.0
obstacle
0.115935429931
183.0 112.0 209.0 60.0
obstacle
0.11565246433
367.0 81.0 77.0 22.0
obstacle
0.115323275328
5.0 210.0 30.0 13.0
obstacle
0.115320488811
329.0 233.0 74.0 21.0
obstacle
0.115256540477
242.0 251.0 91.0 34.0
obstacle
0.115152254701
136.0 105.0 74.0 24.0
obstacle
0.114809408784
60.0 132.0 71.0 23.0
obstacle
0.113541387022
287.0 232.0 80.0 23.0
obstacle
0.1132331267
335.0 282.0 60.0 23.0
obstacle
0.113205105066
268.0 250.0 38.0 33.0
obstacle
0.112998865545
68.0 264.0 53.0 58.0
obstacle
0.112985432148
86.0 193.0 23.0 48.0
obstacle
0.112873934209
274.0 139.0 27.0 59.0
obstacle
0.112631209195
221.0 263.0 54.0 60.0
obstacle
0.1125934273
175.0 104.0 73.0 25.0
obstacle
0.111479826272
472.0 121.0 24.0 39.0
obstacle
0.111167162657
104.0 262.0 59.0 62.0
obstacle
0.111102215946
141.0 50.0 359.0 135.0
obstacle
0.111068196595
299.0 282.0 55.0 22.0
obstacle
0.111012928188
261.0 84.0 131.0 116.0
obstacle
0.110784627497
420.0 269.0 44.0 49.0
obstacle
0.110538385808
271.0 185.0 29.0 12.0
obstacle
0.110298223794
442.0 3.0 58.0 23.0
obstacle
0.110279873013
264.0 134.0 123.0 118.0
obstacle
0.109715133905
365.0 208.0 79.0 23.0
obstacle
0.109606139362
0.0 2.0 58.0 23.0
obstacle
0.109576523304
16.0 106.0 81.0 22.0
obstacle
0.109525196254
213.0 81.0 75.0 22.0
obstacle
0.109407611191
182.0 263.0 55.0 61.0
obstacle
0.109232902527
328.0 81.0 77.0 21.0
obstacle
0.109058283269
229.0 250.0 38.0 33.0
obstacle
0.108528509736
388.0 97.0 29.0 39.0
obstacle
0.108339309692
42.0 146.0 32.0 42.0
obstacle
0.108254931867
424.0 252.0 36.0 30.0
obstacle
0.108037240803
439.0 257.0 61.0 26.0
obstacle
0.107855349779
260.0 282.0 56.0 22.0
obstacle
0.107310980558
82.0 137.0 31.0 63.0
obstacle
0.107174694538
143.0 263.0 56.0 61.0
obstacle
0.107041411102
13.0 255.0 88.0 27.0
obstacle
0.106835916638
388.0 121.0 29.0 40.0
obstacle
0.106303982437
202.0 251.0 94.0 34.0
obstacle
0.10614605993
401.0 208.0 83.0 22.0
obstacle
0.106103621423
0.0 216.0 118.0 103.0
obstacle
0.105844311416
123.0 203.0 28.0 18.0
obstacle
0.105698250234
386.0 218.0 114.0 101.0
obstacle
0.105368696153
190.0 250.0 39.0 32.0
obstacle
0.105273805559
58.0 106.0 74.0 22.0
obstacle
0.105160266161
274.0 75.0 226.0 131.0
obstacle
0.105070963502
375.0 283.0 57.0 21.0
obstacle
0.104590579867
43.0 190.0 191.0 49.0
obstacle
0.104499958456
34.0 269.0 46.0 49.0
obstacle
0.104489296675
222.0 282.0 55.0 22.0
obstacle
0.104460410774
113.0 163.0 43.0 11.0
obstacle
0.104411065578
465.0 157.0 29.0 14.0
obstacle
0.104398563504
282.0 204.0 86.0 26.0
obstacle
0.10436668247
75.0 249.0 40.0 35.0
obstacle
0.104336373508
5.0 160.0 28.0 12.0
obstacle
0.103883288801
175.0 81.0 74.0 22.0
obstacle
0.103715367615
312.0 99.0 29.0 36.0
obstacle
0.103714413941
3.0 6.0 31.0 11.0
obstacle
0.103630103171
226.0 272.0 274.0 41.0
obstacle
0.103265188634
81.0 161.0 31.0 10.0
obstacle
0.103122808039
152.0 250.0 39.0 32.0
obstacle
0.103061422706
232.0 205.0 33.0 17.0
obstacle
0.102989628911
16.0 81.0 82.0 20.0
obstacle
0.10286514461
474.0 146.0 23.0 41.0
obstacle
0.10253020376
136.0 81.0 75.0 22.0
obstacle
0.101528808475
198.0 244.0 254.0 44.0
obstacle
0.101275287569
407.0 54.0 71.0 18.0
obstacle
0.101186461747
3.0 173.0 22.0 40.0
obstacle
0.101090498269
184.0 282.0 54.0 22.0
obstacle
0.100975990295
111.0 249.0 44.0 34.0
obstacle
0.100973054767
313.0 123.0 28.0 39.0
obstacle
0.10092613101
109.0 271.0 281.0 42.0
obstacle
0.100598789752
296.0 53.0 63.0 20.0
obstacle
0.100545138121
162.0 251.0 97.0 34.0
obstacle
0.100368693471
258.0 53.0 62.0 20.0
obstacle
0.0999677479267
293.0 29.0 67.0 19.0
obstacle
0.0999578684568
3.0 198.0 22.0 41.0
obstacle
0.0997796654701
254.0 29.0 67.0 19.0
obstacle
0.0995519682765
326.0 207.0 79.0 23.0
obstacle
0.0993732213974
22.0 54.0 69.0 18.0
obstacle
0.0993328541517
216.0 29.0 67.0 19.0
obstacle
0.0992355197668
98.0 106.0 73.0 21.0
obstacle
0.0991830900311
82.0 136.0 28.0 10.0
obstacle
0.0991546660662
88.0 207.0 23.0 12.0
obstacle
0.0991407930851
219.0 53.0 62.0 20.0
obstacle
0.0991324707866
440.0 80.0 60.0 23.0
obstacle
0.0990754142404
0.0 130.0 61.0 24.0
obstacle
0.0989770442247
177.0 29.0 68.0 19.0
obstacle
0.0987780839205
234.0 203.0 100.0 25.0
obstacle
0.0986133441329
104.0 282.0 60.0 23.0
obstacle
0.09843596071
273.0 161.0 29.0 11.0
obstacle
0.098402351141
181.0 53.0 62.0 20.0
obstacle
0.0983769148588
441.0 233.0 59.0 23.0
obstacle
0.0983607172966
145.0 282.0 55.0 22.0
obstacle
0.0981157496572
139.0 29.0 67.0 19.0
obstacle
0.0980562344193
3.0 149.0 22.0 38.0
obstacle
0.0977569147944
38.0 250.0 38.0 33.0
obstacle
0.0976234823465
442.0 54.0 58.0 21.0
obstacle
0.0975927338004
0.0 232.0 64.0 22.0
obstacle
0.0975496321917
472.0 96.0 24.0 40.0
obstacle
0.0974776893854
142.0 53.0 62.0 19.0
obstacle
0.0971245095134
0.0 53.0 59.0 22.0
obstacle
0.0970117300749
0.0 256.0 63.0 26.0
obstacle
0.0969472676516
274.0 99.0 28.0 36.0
obstacle
0.0967490300536
82.0 230.0 104.0 19.0
obstacle
0.0966001972556
313.0 303.0 187.0 30.0
obstacle
0.0965976566076
0.0 272.0 276.0 40.0
obstacle
0.0965620726347
123.0 251.0 98.0 34.0
obstacle
0.09618909657
101.0 131.0 67.0 23.0
obstacle
0.0959206074476
313.0 147.0 28.0 43.0
obstacle
0.0956481769681
436.0 87.0 64.0 108.0
obstacle
0.0956400632858
466.0 84.0 28.0 12.0
obstacle
0.0953977182508
335.0 54.0 61.0 18.0
obstacle
0.0953766778111
67.0 283.0 57.0 22.0
obstacle
0.0952326804399
325.0 181.0 81.0 23.0
obstacle
0.0946976095438
247.0 164.0 232.0 56.0
obstacle
0.0946570858359
110.0 191.0 191.0 51.0
obstacle
0.0945972055197
3.0 125.0 22.0 35.0
obstacle
0.0942055881023
178.0 130.0 66.0 27.0
obstacle
0.0940568447113
0.0 105.0 60.0 23.0
obstacle
0.0940510630608
213.0 130.0 71.0 27.0
obstacle
0.0937760770321
0.0 79.0 61.0 23.0
obstacle
0.0937526375055
473.0 174.0 23.0 38.0
obstacle
0.093695551157
130.0 242.0 164.0 91.0
obstacle
0.0934898033738
324.0 154.0 84.0 24.0
obstacle
0.0934657230973
350.0 122.0 31.0 39.0
obstacle
0.0934423282743
3.0 100.0 23.0 34.0
obstacle
0.0931526944041
440.0 29.0 60.0 21.0
obstacle
0.0930882245302
473.0 201.0 23.0 35.0
obstacle
0.0929402410984
373.0 54.0 63.0 18.0
obstacle
0.0926405489445
140.0 130.0 66.0 26.0
obstacle
0.0926328599453
473.0 227.0 22.0 33.0
obstacle
0.0924245715141
3.0 225.0 22.0 37.0
obstacle
0.092278406024
208.0 242.0 162.0 91.0
obstacle
0.0921760648489
331.0 30.0 67.0 17.0
obstacle
0.0920157432556
406.0 4.0 71.0 20.0
obstacle
0.0918467119336
247.0 190.0 232.0 55.0
obstacle
0.0918110609055
0.0 28.0 60.0 21.0
obstacle
0.0917767211795
313.0 174.0 28.0 39.0
obstacle
0.0915532112122
439.0 208.0 61.0 23.0
obstacle
0.0915457680821
473.0 72.0 23.0 37.0
obstacle
0.0913323685527
58.0 81.0 75.0 20.0
obstacle
0.0908146053553
139.0 85.0 219.0 59.0
obstacle
0.0907973200083
194.0 204.0 32.0 21.0
obstacle
0.0907307341695
312.0 77.0 31.0 28.0
obstacle
0.0905352309346
466.0 211.0 28.0 12.0
obstacle
0.0902153849602
389.0 281.0 105.0 28.0
obstacle
0.0898227840662
21.0 4.0 71.0 20.0
obstacle
0.0896894186735
50.0 253.0 89.0 31.0
obstacle
0.0896079912782
214.0 144.0 74.0 144.0
obstacle
0.0894538387656
3.0 74.0 23.0 34.0
obstacle
0.0894317924976
429.0 145.0 29.0 42.0
obstacle
0.0891295522451
199.0 220.0 252.0 47.0
obstacle
0.0889834612608
350.0 147.0 32.0 41.0
obstacle
0.0889389514923
197.0 184.0 27.0 12.0
obstacle
0.0888216048479
273.0 77.0 31.0 28.0
obstacle
0.0886607691646
100.0 30.0 67.0 17.0
obstacle
0.0885741040111
13.0 231.0 90.0 21.0
obstacle
0.0885264277458
292.0 4.0 69.0 20.0
obstacle
0.0884974971414
275.0 121.0 25.0 44.0
obstacle
0.0884792655706
253.0 4.0 69.0 20.0
obstacle
0.0883298516273
215.0 4.0 69.0 20.0
obstacle
0.0882251262665
469.0 272.0 29.0 45.0
obstacle
0.0882151052356
176.0 4.0 69.0 20.0
obstacle
0.0881791338325
349.0 98.0 32.0 37.0
obstacle
0.0877300351858
138.0 4.0 69.0 20.0
obstacle
0.0873077884316
349.0 201.0 33.0 36.0
obstacle
0.0872733294964
219.0 58.0 139.0 118.0
obstacle
0.0871535986662
104.0 54.0 61.0 17.0
obstacle
0.0870952755213
241.0 230.0 92.0 23.0
obstacle
0.0867677032948
0.0 282.0 68.0 26.0
obstacle
0.0866498723626
388.0 157.0 30.0 14.0
obstacle
0.0865783989429
349.0 174.0 33.0 38.0
obstacle
0.0865061208606
405.0 29.0 74.0 19.0
