obstacle
0.445168405771
152.0 73.0 348.0 91.0
obstacle
0.401699870825
239.0 98.0 177.0 43.0
obstacle
0.364041477442
7.0 85.0 99.0 22.0
obstacle
0.362529426813
236.0 78.0 183.0 44.0
obstacle
0.347713500261
263.0 80.0 126.0 75.0
obstacle
0.335095465183
392.0 108.0 94.0 22.0
obstacle
0.327842533588
316.0 87.0 97.0 24.0
obstacle
0.326214283705
11.0 67.0 93.0 21.0
obstacle
0.322420418262
236.0 104.0 107.0 28.0
obstacle
0.319822132587
42.0 85.0 100.0 23.0
obstacle
0.319628000259
14.0 78.0 160.0 40.0
obstacle
0.318029165268
271.0 104.0 112.0 27.0
obstacle
0.31588563323
319.0 99.0 168.0 42.0
obstacle
0.313060432673
277.0 86.0 101.0 26.0
obstacle
0.310601681471
352.0 107.0 101.0 22.0
obstacle
0.309415519238
241.0 85.0 97.0 27.0
obstacle
0.309413105249
311.0 105.0 107.0 24.0
obstacle
0.309129565954
48.0 67.0 90.0 21.0
obstacle
0.302177190781
198.0 117.0 183.0 45.0
obstacle
0.296630650759
156.0 96.0 191.0 46.0
obstacle
0.293289452791
306.0 75.0 117.0 85.0
obstacle
0.284474670887
356.0 88.0 91.0 23.0
obstacle
0.282286286354
230.0 93.0 117.0 92.0
obstacle
0.277677565813
113.0 107.0 350.0 109.0
obstacle
0.276508331299
83.0 85.0 94.0 23.0
obstacle
0.271097242832
204.0 105.0 98.0 26.0
obstacle
0.269840151072
64.0 46.0 370.0 104.0
obstacle
0.267234325409
226.0 60.0 124.0 75.0
obstacle
0.267100781202
362.0 194.0 86.0 21.0
obstacle
0.265375226736
399.0 195.0 85.0 21.0
obstacle
0.264933794737
315.0 78.0 174.0 44.0
obstacle
0.259004622698
207.0 85.0 91.0 26.0
obstacle
0.258205831051
397.0 213.0 89.0 25.0
obstacle
0.256795763969
1.0 89.0 39.0 13.0
obstacle
0.254394769669
155.0 74.0 192.0 47.0
obstacle
0.251942187548
189.0 77.0 123.0 83.0
obstacle
0.241021856666
89.0 68.0 84.0 19.0
obstacle
0.23951561749
193.0 138.0 191.0 45.0
obstacle
0.237243443727
351.0 90.0 29.0 57.0
obstacle
0.236212089658
9.0 59.0 97.0 73.0
obstacle
0.235052078962
395.0 88.0 87.0 22.0
obstacle
0.233574002981
76.0 71.0 40.0 12.0
obstacle
0.230542093515
0.0 57.0 143.0 42.0
obstacle
0.227936610579
0.0 48.0 255.0 98.0
obstacle
0.227744653821
35.0 87.0 45.0 16.0
obstacle
0.221689358354
314.0 91.0 25.0 56.0
obstacle
0.215759649873
231.0 124.0 116.0 27.0
obstacle
0.215739145875
434.0 109.0 66.0 22.0
obstacle
0.214873030782
420.0 110.0 42.0 15.0
obstacle
0.214854165912
37.0 98.0 189.0 41.0
obstacle
0.214751929045
357.0 79.0 90.0 77.0
obstacle
0.214479029179
325.0 68.0 81.0 20.0
obstacle
0.214352190495
75.0 89.0 40.0 14.0
obstacle
0.211751118302
37.0 69.0 43.0 14.0
obstacle
0.211404412985
228.0 160.0 196.0 45.0
obstacle
0.208575248718
49.0 58.0 90.0 77.0
obstacle
0.20760409534
82.0 72.0 31.0 50.0
obstacle
0.207096621394
461.0 132.0 36.0 13.0
obstacle
0.206616386771
462.0 112.0 35.0 12.0
obstacle
0.20622959733
202.0 126.0 102.0 25.0
obstacle
0.205879420042
315.0 105.0 25.0 70.0
obstacle
0.202168226242
389.0 93.0 29.0 51.0
obstacle
0.202005937696
83.0 87.0 30.0 62.0
obstacle
0.201913207769
80.0 51.0 106.0 91.0
obstacle
0.201675251126
276.0 93.0 24.0 54.0
obstacle
0.200819283724
352.0 103.0 29.0 73.0
obstacle
0.19945217669
270.0 118.0 189.0 43.0
obstacle
0.198128342628
0.0 66.0 67.0 21.0
obstacle
0.197920128703
276.0 110.0 25.0 61.0
obstacle
0.197598099709
126.0 85.0 89.0 24.0
obstacle
0.197494372725
363.0 68.0 80.0 20.0
obstacle
0.197203442454
358.0 212.0 92.0 27.0
obstacle
0.196961477399
351.0 184.0 107.0 83.0
obstacle
0.196308732033
390.0 127.0 101.0 21.0
obstacle
0.196226686239
247.0 67.0 83.0 22.0
obstacle
0.194715842605
3.0 109.0 36.0 14.0
obstacle
0.194286972284
345.0 109.0 40.0 14.0
obstacle
0.194270327687
255.0 176.0 147.0 100.0
obstacle
0.192599326372
351.0 70.0 29.0 56.0
obstacle
0.192530840635
210.0 67.0 82.0 21.0
obstacle
0.191854760051
73.0 74.0 195.0 47.0
obstacle
0.191620081663
359.0 118.0 141.0 41.0
obstacle
0.189605653286
383.0 110.0 39.0 13.0
obstacle
0.18852776289
103.0 219.0 369.0 60.0
obstacle
0.186635285616
3.0 70.0 34.0 11.0
obstacle
0.186600714922
269.0 102.0 115.0 117.0
obstacle
0.185509085655
321.0 193.0 91.0 20.0
obstacle
0.184113845229
286.0 68.0 83.0 21.0
obstacle
0.18332567811
432.0 129.0 68.0 21.0
obstacle
0.18319581449
395.0 80.0 92.0 76.0
obstacle
0.1831779778
421.0 128.0 41.0 18.0
obstacle
0.181983619928
177.0 178.0 149.0 97.0
obstacle
0.180935800076
436.0 215.0 64.0 23.0
obstacle
0.180863231421
390.0 108.0 28.0 63.0
obstacle
0.180335789919
0.0 96.0 137.0 42.0
obstacle
0.17887891829
113.0 89.0 40.0 14.0
obstacle
0.177036464214
148.0 162.0 352.0 119.0
obstacle
0.175641924143
100.0 178.0 149.0 97.0
obstacle
0.175474479795
0.0 60.0 354.0 119.0
obstacle
0.171306580305
314.0 72.0 25.0 54.0
obstacle
0.17054463923
19.0 45.0 75.0 17.0
obstacle
0.170140206814
345.0 91.0 40.0 12.0
obstacle
0.169986203313
169.0 86.0 87.0 24.0
obstacle
0.169689550996
424.0 209.0 36.0 31.0
obstacle
0.167395010591
189.0 110.0 124.0 103.0
obstacle
0.166798010468
272.0 111.0 34.0 12.0
obstacle
0.166579961777
384.0 92.0 37.0 11.0
obstacle
0.165668278933
310.0 111.0 34.0 12.0
obstacle
0.163670450449
130.0 67.0 82.0 21.0
obstacle
0.163117006421
39.0 127.0 109.0 20.0
obstacle
0.161543235183
37.0 105.0 41.0 19.0
obstacle
0.161231607199
304.0 186.0 196.0 39.0
obstacle
0.16091440618
391.0 186.0 103.0 78.0
obstacle
0.158733442426
34.0 56.0 196.0 43.0
obstacle
0.158339217305
389.0 73.0 29.0 50.0
obstacle
0.158221438527
0.0 106.0 71.0 20.0
obstacle
0.157046213746
76.0 107.0 39.0 16.0
obstacle
0.157006323338
227.0 127.0 124.0 112.0
obstacle
0.15621073544
43.0 90.0 32.0 53.0
obstacle
0.155967444181
168.0 107.0 91.0 24.0
obstacle
0.154106780887
437.0 196.0 63.0 20.0
obstacle
0.153020083904
399.0 68.0 84.0 18.0
obstacle
0.152973249555
202.0 148.0 102.0 24.0
obstacle
0.152900382876
273.0 92.0 32.0 11.0
obstacle
0.15216833353
314.0 129.0 28.0 66.0
obstacle
0.152057379484
384.0 207.0 37.0 35.0
obstacle
0.151550322771
423.0 91.0 36.0 12.0
obstacle
0.151465430856
61.0 45.0 67.0 17.0
obstacle
0.151404425502
0.0 164.0 349.0 117.0
obstacle
0.151397615671
305.0 126.0 118.0 21.0
obstacle
0.151307329535
1.0 128.0 111.0 19.0
obstacle
0.150669038296
30.0 118.0 203.0 43.0
obstacle
0.150623396039
387.0 72.0 33.0 11.0
obstacle
0.150523170829
311.0 92.0 32.0 11.0
obstacle
0.150280430913
120.0 74.0 31.0 47.0
obstacle
0.149879321456
172.0 67.0 81.0 21.0
obstacle
0.149688050151
109.0 52.0 125.0 92.0
obstacle
0.14955432713
0.0 1.0 60.0 21.0
obstacle
0.149070754647
116.0 72.0 36.0 12.0
obstacle
0.147395819426
124.0 106.0 93.0 24.0
obstacle
0.146669253707
231.0 147.0 116.0 25.0
obstacle
0.146116018295
41.0 74.0 34.0 44.0
obstacle
0.144812807441
148.0 71.0 128.0 96.0
obstacle
0.14446157217
464.0 4.0 33.0 11.0
obstacle
0.144330531359
334.0 45.0 63.0 16.0
obstacle
0.144189193845
280.0 193.0 97.0 21.0
obstacle
0.14418540895
272.0 130.0 34.0 15.0
obstacle
0.144125297666
78.0 105.0 104.0 22.0
obstacle
0.143287807703
2.0 4.0 34.0 11.0
obstacle
0.142825514078
215.0 24.0 69.0 16.0
obstacle
0.142709836364
235.0 112.0 32.0 11.0
obstacle
0.14263240993
20.0 3.0 73.0 18.0
obstacle
0.142509534955
275.0 133.0 27.0 58.0
obstacle
0.142271250486
2.0 76.0 24.0 43.0
obstacle
0.142012953758
306.0 149.0 115.0 20.0
obstacle
0.141674369574
208.0 185.0 238.0 39.0
obstacle
0.141505509615
318.0 212.0 95.0 27.0
obstacle
0.141250818968
105.0 115.0 214.0 50.0
obstacle
0.141250059009
262.0 140.0 203.0 43.0
obstacle
0.141073539853
253.0 24.0 69.0 16.0
obstacle
0.141001805663
189.0 258.0 274.0 23.0
obstacle
0.14082556963
81.0 128.0 101.0 20.0
obstacle
0.140770658851
275.0 74.0 25.0 50.0
obstacle
0.140713170171
38.0 105.0 109.0 21.0
obstacle
0.140454247594
82.0 55.0 30.0 42.0
obstacle
0.140181809664
257.0 44.0 64.0 18.0
obstacle
0.139634341002
218.0 44.0 65.0 17.0
obstacle
0.139228895307
292.0 24.0 69.0 16.0
obstacle
0.139065161347
121.0 92.0 31.0 53.0
obstacle
0.138828083873
176.0 24.0 70.0 16.0
obstacle
0.13879494369
76.0 128.0 39.0 18.0
obstacle
0.138318255544
74.0 258.0 274.0 23.0
obstacle
0.138135284185
309.0 123.0 112.0 120.0
obstacle
0.13760869205
84.0 26.0 24.0 57.0
obstacle
0.136828884482
138.0 24.0 69.0 16.0
obstacle
0.136423110962
271.0 169.0 112.0 25.0
obstacle
0.136307001114
465.0 92.0 30.0 10.0
obstacle
0.136287212372
427.0 98.0 32.0 40.0
obstacle
0.135707467794
176.0 3.0 70.0 17.0
obstacle
0.135673418641
309.0 161.0 186.0 46.0
obstacle
0.135131254792
137.0 3.0 71.0 17.0
obstacle
0.134759053588
214.0 3.0 71.0 17.0
obstacle
0.134346008301
295.0 44.0 65.0 17.0
obstacle
0.133979037404
312.0 171.0 105.0 22.0
obstacle
0.133022040129
253.0 3.0 70.0 17.0
obstacle
0.132391810417
371.0 45.0 65.0 16.0
obstacle
0.132134988904
274.0 62.0 29.0 30.0
obstacle
0.132077395916
459.0 219.0 41.0 15.0
obstacle
0.131449744105
441.0 2.0 59.0 20.0
obstacle
0.131211981177
114.0 108.0 38.0 16.0
obstacle
0.130903065205
291.0 3.0 70.0 17.0
obstacle
0.130708560348
330.0 24.0 69.0 16.0
obstacle
0.130336537957
0.0 44.0 62.0 19.0
obstacle
0.130142211914
18.0 24.0 76.0 16.0
obstacle
0.129853874445
129.0 213.0 87.0 27.0
obstacle
0.129769831896
235.0 63.0 30.0 27.0
obstacle
0.129712119699
437.0 89.0 63.0 20.0
obstacle
0.129671797156
464.0 153.0 31.0 13.0
obstacle
0.129571259022
168.0 128.0 91.0 24.0
obstacle
0.129544705153
385.0 128.0 36.0 16.0
obstacle
0.129534080625
235.0 92.0 30.0 10.0
obstacle
0.129337340593
279.0 212.0 95.0 28.0
obstacle
0.129137068987
167.0 212.0 88.0 28.0
obstacle
0.128180027008
99.0 24.0 69.0 15.0
obstacle
0.128136724234
99.0 3.0 70.0 17.0
obstacle
0.128008931875
344.0 208.0 40.0 33.0
obstacle
0.127987325191
271.0 151.0 35.0 16.0
obstacle
0.127965688705
101.0 45.0 64.0 16.0
obstacle
0.127404421568
197.0 123.0 303.0 121.0
obstacle
0.126847520471
204.0 212.0 90.0 28.0
obstacle
0.126626580954
142.0 158.0 216.0 49.0
obstacle
0.126617357135
42.0 54.0 32.0 43.0
obstacle
0.125764757395
83.0 111.0 31.0 57.0
obstacle
0.125184744596
313.0 60.0 29.0 34.0
obstacle
0.125168278813
283.0 83.0 217.0 112.0
obstacle
0.124466449022
257.0 55.0 214.0 46.0
obstacle
0.124389342964
242.0 212.0 92.0 28.0
obstacle
0.12434758991
351.0 128.0 32.0 67.0
obstacle
0.124285489321
406.0 3.0 72.0 18.0
obstacle
0.124285362661
60.0 3.0 70.0 18.0
obstacle
0.123460568488
330.0 3.0 70.0 17.0
obstacle
0.123211629689
464.0 199.0 32.0 12.0
obstacle
0.12309370935
0.0 218.0 313.0 62.0
obstacle
0.122247770429
0.0 23.0 62.0 19.0
obstacle
0.122094027698
39.0 181.0 116.0 91.0
obstacle
0.121880605817
428.0 189.0 30.0 30.0
obstacle
0.121864907444
406.0 45.0 72.0 16.0
obstacle
0.121757239103
235.0 132.0 31.0 13.0
obstacle
0.121731996536
388.0 150.0 105.0 19.0
obstacle
0.121424429119
237.0 97.0 24.0 46.0
obstacle
0.121338643134
439.0 91.0 61.0 98.0
obstacle
0.121212661266
16.0 216.0 80.0 23.0
obstacle
0.121147871017
310.0 129.0 33.0 15.0
obstacle
0.121026806533
59.0 24.0 71.0 16.0
obstacle
0.120989784598
428.0 116.0 31.0 45.0
obstacle
0.119942456484
180.0 44.0 65.0 17.0
obstacle
0.119744516909
3.0 96.0 22.0 46.0
obstacle
0.119467496872
119.0 59.0 33.0 35.0
obstacle
0.119355931878
384.0 175.0 36.0 14.0
obstacle
0.119205713272
307.0 210.0 36.0 30.0
obstacle
0.118643470109
348.0 126.0 110.0 21.0
obstacle
0.118616141379
44.0 27.0 27.0 53.0
obstacle
0.118548251688
194.0 5.0 33.0 9.0
obstacle
0.118510663509
377.0 219.0 51.0 56.0
obstacle
0.118339389563
102.0 136.0 219.0 50.0
obstacle
0.118217624724
347.0 127.0 36.0 18.0
obstacle
0.118197023869
186.0 53.0 203.0 48.0
obstacle
0.118033513427
158.0 63.0 31.0 27.0
obstacle
0.117927841842
152.0 212.0 38.0 26.0
obstacle
0.117826685309
233.0 5.0 33.0 9.0
obstacle
0.117730177939
105.0 222.0 57.0 50.0
obstacle
0.117416441441
135.0 196.0 78.0 20.0
obstacle
0.117211349308
191.0 212.0 37.0 26.0
obstacle
0.117134131491
156.0 5.0 33.0 9.0
obstacle
0.117129802704
295.0 206.0 205.0 37.0
obstacle
0.116972640157
221.0 222.0 54.0 50.0
obstacle
0.116965226829
126.0 128.0 92.0 23.0
obstacle
0.116834826767
183.0 222.0 54.0 50.0
obstacle
0.116701237857
144.0 223.0 55.0 49.0
obstacle
0.116643056273
336.0 219.0 57.0 56.0
obstacle
0.116366557777
140.0 44.0 65.0 17.0
obstacle
0.116333596408
53.0 80.0 86.0 118.0
obstacle
0.116331905127
230.0 212.0 36.0 27.0
obstacle
0.116182282567
271.0 5.0 33.0 9.0
obstacle
0.116097487509
259.0 222.0 55.0 51.0
obstacle
0.116029322147
368.0 3.0 70.0 17.0
obstacle
0.115542478859
268.0 211.0 37.0 28.0
obstacle
0.11550706625
55.0 214.0 80.0 26.0
obstacle
0.115075856447
0.0 55.0 64.0 85.0
obstacle
0.115063458681
298.0 221.0 54.0 52.0
obstacle
0.114818766713
17.0 197.0 79.0 18.0
obstacle
0.114656299353
69.0 224.0 52.0 47.0
obstacle
0.114403545856
92.0 214.0 84.0 25.0
obstacle
0.114353656769
349.0 150.0 108.0 19.0
obstacle
0.114181227982
236.0 169.0 107.0 25.0
obstacle
0.114071086049
422.0 197.0 40.0 16.0
obstacle
0.11392686516
4.0 131.0 32.0 14.0
obstacle
0.113673001528
169.0 150.0 89.0 23.0
obstacle
0.113605491817
310.0 5.0 33.0 9.0
obstacle
0.113497503102
112.0 212.0 42.0 26.0
obstacle
0.113265693188
471.0 209.0 26.0 34.0
obstacle
0.113070987165
82.0 205.0 255.0 39.0
obstacle
0.112805083394
173.0 196.0 80.0 20.0
obstacle
0.112323403358
76.0 212.0 38.0 26.0
obstacle
0.112213350832
369.0 24.0 69.0 16.0
obstacle
0.111795902252
79.0 5.0 33.0 9.0
obstacle
0.111676186323
383.0 197.0 40.0 15.0
obstacle
0.111671902239
38.0 126.0 40.0 21.0
obstacle
0.111651025712
428.0 79.0 31.0 37.0
obstacle
0.111435383558
236.0 78.0 26.0 41.0
obstacle
0.111096695065
237.0 117.0 25.0 48.0
obstacle
0.110916696489
244.0 194.0 93.0 21.0
obstacle
0.110541567206
0.0 257.0 228.0 24.0
obstacle
0.110465712845
11.0 80.0 95.0 116.0
obstacle
0.110407061875
110.0 86.0 126.0 110.0
obstacle
0.110252693295
439.0 67.0 61.0 20.0
obstacle
0.110104344785
420.0 222.0 45.0 49.0
obstacle
0.109534576535
388.0 187.0 30.0 33.0
obstacle
0.1093429178
351.0 59.0 30.0 35.0
obstacle
0.109319940209
197.0 64.0 29.0 26.0
