obstacle
0.474703669548
74.0 107.0 356.0 111.0
obstacle
0.414401590824
203.0 136.0 184.0 54.0
obstacle
0.33516946435
391.0 126.0 93.0 25.0
obstacle
0.327541410923
124.0 144.0 100.0 88.0
obstacle
0.318814843893
258.0 148.0 118.0 35.0
obstacle
0.315447211266
161.0 125.0 194.0 50.0
obstacle
0.311124831438
12.0 154.0 90.0 26.0
obstacle
0.301606446505
84.0 134.0 194.0 62.0
obstacle
0.282280117273
278.0 133.0 89.0 66.0
obstacle
0.280249387026
278.0 173.0 97.0 26.0
obstacle
0.278976351023
342.0 27.0 108.0 25.0
obstacle
0.278803020716
126.0 14.0 246.0 66.0
obstacle
0.272525042295
9.0 177.0 96.0 25.0
obstacle
0.269423991442
361.0 116.0 139.0 46.0
obstacle
0.267311751842
199.0 90.0 301.0 112.0
obstacle
0.265185683966
0.0 129.0 350.0 120.0
obstacle
0.258327811956
241.0 127.0 101.0 78.0
obstacle
0.254918336868
52.0 154.0 90.0 25.0
obstacle
0.254629343748
91.0 152.0 96.0 26.0
obstacle
0.249681025743
85.0 161.0 184.0 58.0
obstacle
0.248313948512
12.0 0.0 320.0 89.0
obstacle
0.247852280736
232.0 132.0 113.0 33.0
obstacle
0.243659600616
148.0 153.0 124.0 121.0
obstacle
0.233929157257
366.0 5.0 70.0 23.0
obstacle
0.231998428702
382.0 6.0 43.0 12.0
obstacle
0.229109287262
229.0 44.0 123.0 26.0
obstacle
0.227804228663
126.0 150.0 106.0 29.0
obstacle
0.227223008871
351.0 127.0 97.0 26.0
obstacle
0.226925507188
349.0 6.0 32.0 62.0
obstacle
0.226441830397
247.0 161.0 144.0 49.0
obstacle
0.225931704044
163.0 145.0 96.0 87.0
obstacle
0.224348440766
10.0 140.0 175.0 55.0
obstacle
0.220631197095
346.0 6.0 39.0 12.0
obstacle
0.219740748405
11.0 0.0 105.0 33.0
obstacle
0.219362974167
183.0 29.0 135.0 30.0
obstacle
0.214114457369
461.0 131.0 35.0 14.0
obstacle
0.21268941462
432.0 127.0 68.0 25.0
obstacle
0.210739687085
399.0 4.0 76.0 23.0
obstacle
0.209779217839
120.0 74.0 339.0 88.0
obstacle
0.20930750668
68.0 113.0 222.0 66.0
obstacle
0.208405196667
381.0 26.0 102.0 23.0
obstacle
0.207909613848
0.0 166.0 140.0 48.0
obstacle
0.207068055868
429.0 27.0 71.0 23.0
obstacle
0.207031950355
421.0 129.0 39.0 17.0
obstacle
0.207014620304
395.0 96.0 90.0 85.0
obstacle
0.206032186747
386.0 11.0 33.0 51.0
obstacle
0.205640748143
271.0 17.0 32.0 41.0
obstacle
0.205320850015
2.0 182.0 36.0 15.0
obstacle
0.204997465014
89.0 134.0 95.0 108.0
obstacle
0.204868450761
311.0 7.0 29.0 61.0
obstacle
0.203802198172
151.0 128.0 349.0 115.0
obstacle
0.200818687677
97.0 258.0 381.0 73.0
obstacle
0.200651615858
255.0 15.0 220.0 60.0
obstacle
0.200119182467
310.0 6.0 33.0 9.0
obstacle
0.19870840013
36.0 179.0 43.0 19.0
obstacle
0.197689712048
10.0 0.0 240.0 52.0
obstacle
0.1972502321
421.0 6.0 42.0 12.0
obstacle
0.196464523673
462.0 6.0 36.0 12.0
obstacle
0.19464944303
335.0 5.0 65.0 23.0
obstacle
0.194004401565
23.0 3.0 66.0 23.0
obstacle
0.191748961806
176.0 209.0 150.0 115.0
obstacle
0.191358998418
47.0 176.0 97.0 25.0
obstacle
0.190378278494
130.0 175.0 90.0 25.0
obstacle
0.190157189965
57.0 178.0 382.0 154.0
obstacle
0.190080568194
95.0 130.0 87.0 26.0
obstacle
0.189987257123
37.0 157.0 41.0 16.0
obstacle
0.189263448119
2.0 159.0 35.0 13.0
obstacle
0.185668155551
426.0 7.0 32.0 60.0
obstacle
0.185534194112
254.0 209.0 148.0 116.0
obstacle
0.18536645174
204.0 45.0 107.0 23.0
obstacle
0.184628024697
106.0 1.0 51.0 24.0
obstacle
0.18437615037
71.0 0.0 121.0 32.0
obstacle
0.183463484049
0.0 77.0 314.0 130.0
obstacle
0.181814357638
20.0 26.0 90.0 24.0
obstacle
0.181775137782
159.0 6.0 336.0 104.0
obstacle
0.179799109697
273.0 5.0 31.0 9.0
obstacle
0.178869187832
122.0 193.0 181.0 45.0
obstacle
0.178754672408
350.0 97.0 99.0 86.0
obstacle
0.177436172962
471.0 7.0 26.0 63.0
obstacle
0.17703461647
360.0 94.0 140.0 48.0
obstacle
0.175156161189
100.0 209.0 148.0 115.0
obstacle
0.174575060606
11.0 142.0 94.0 94.0
obstacle
0.172693699598
438.0 3.0 62.0 24.0
obstacle
0.172145813704
254.0 117.0 207.0 60.0
obstacle
0.171644717455
233.0 24.0 33.0 26.0
obstacle
0.171509161592
119.0 157.0 30.0 66.0
obstacle
0.169357612729
459.0 31.0 38.0 13.0
obstacle
0.167552307248
389.0 110.0 28.0 61.0
obstacle
0.167479395866
119.0 136.0 30.0 60.0
obstacle
0.166807100177
340.0 29.0 53.0 21.0
obstacle
0.166215240955
145.0 1.0 46.0 20.0
obstacle
0.166088074446
15.0 131.0 84.0 24.0
obstacle
0.164524167776
200.0 116.0 108.0 100.0
obstacle
0.164484977722
79.0 158.0 36.0 13.0
obstacle
0.164432555437
162.0 162.0 22.0 56.0
obstacle
0.16427436471
351.0 105.0 24.0 73.0
obstacle
0.164220839739
249.0 141.0 202.0 57.0
obstacle
0.163320675492
260.0 31.0 131.0 24.0
obstacle
0.161617174745
376.0 28.0 53.0 21.0
obstacle
0.16117669642
268.0 118.0 34.0 44.0
obstacle
0.159226313233
79.0 180.0 36.0 16.0
obstacle
0.158969193697
303.0 44.0 120.0 23.0
obstacle
0.158395841718
264.0 135.0 43.0 14.0
obstacle
0.158106163144
276.0 94.0 174.0 49.0
obstacle
0.157316014171
248.0 42.0 153.0 146.0
obstacle
0.156487479806
128.0 130.0 101.0 29.0
obstacle
0.153353318572
156.0 200.0 110.0 26.0
obstacle
0.153185427189
57.0 131.0 80.0 24.0
obstacle
0.152816459537
190.0 143.0 138.0 36.0
obstacle
0.15264236927
81.0 162.0 30.0 57.0
obstacle
0.151981085539
268.0 102.0 39.0 17.0
obstacle
0.150743454695
160.0 148.0 118.0 31.0
obstacle
0.150654315948
181.0 179.0 64.0 20.0
obstacle
0.150190144777
353.0 54.0 27.0 125.0
obstacle
0.148983851075
463.0 107.0 32.0 13.0
obstacle
0.14886341989
386.0 105.0 105.0 25.0
obstacle
0.148790314794
345.0 45.0 107.0 21.0
obstacle
0.147702202201
56.0 139.0 81.0 100.0
obstacle
0.147657185793
68.0 2.0 49.0 22.0
obstacle
0.144511044025
0.0 9.0 160.0 56.0
obstacle
0.143702656031
221.0 31.0 52.0 21.0
obstacle
0.143153369427
175.0 48.0 85.0 21.0
obstacle
0.142696678638
250.0 20.0 84.0 80.0
obstacle
0.142638370395
100.0 185.0 378.0 68.0
obstacle
0.142531380057
119.0 157.0 35.0 13.0
obstacle
0.142361238599
261.0 30.0 51.0 20.0
obstacle
0.141442909837
348.0 215.0 114.0 105.0
obstacle
0.141013711691
160.0 104.0 27.0 77.0
obstacle
0.139395907521
427.0 116.0 32.0 45.0
obstacle
0.139106974006
463.0 181.0 33.0 16.0
obstacle
0.138989716768
475.0 38.0 22.0 50.0
obstacle
0.138655111194
142.0 50.0 69.0 21.0
obstacle
0.138596668839
310.0 117.0 26.0 49.0
obstacle
0.138348996639
151.0 305.0 274.0 27.0
obstacle
0.13794721663
258.0 175.0 73.0 22.0
obstacle
0.137563854456
35.0 305.0 274.0 27.0
obstacle
0.137404561043
87.0 175.0 99.0 24.0
obstacle
0.13684476912
200.0 106.0 28.0 71.0
obstacle
0.136551842093
263.0 78.0 52.0 17.0
obstacle
0.136216446757
232.0 115.0 36.0 49.0
obstacle
0.136120811105
432.0 50.0 68.0 21.0
obstacle
0.135349646211
42.0 144.0 32.0 43.0
obstacle
0.13519769907
463.0 155.0 31.0 15.0
obstacle
0.13496376574
388.0 131.0 31.0 11.0
obstacle
0.134917363524
388.0 47.0 93.0 21.0
obstacle
0.134841248393
119.0 109.0 31.0 67.0
obstacle
0.133096650243
81.0 140.0 30.0 52.0
obstacle
0.132413178682
462.0 54.0 32.0 15.0
obstacle
0.131269142032
41.0 49.0 43.0 18.0
obstacle
0.131131112576
297.0 4.0 63.0 23.0
obstacle
0.130315542221
306.0 151.0 45.0 69.0
obstacle
0.130131542683
163.0 140.0 23.0 53.0
obstacle
0.128961935639
310.0 128.0 94.0 28.0
obstacle
0.128847211599
303.0 30.0 48.0 18.0
obstacle
0.128582760692
0.0 130.0 63.0 24.0
obstacle
0.128314107656
391.0 130.0 26.0 72.0
obstacle
0.128053769469
117.0 2.0 31.0 17.0
obstacle
0.128046289086
429.0 132.0 30.0 65.0
obstacle
0.12787245214
1.0 4.0 68.0 25.0
obstacle
0.127722859383
36.0 32.0 45.0 24.0
obstacle
0.127574786544
431.0 104.0 69.0 25.0
obstacle
0.127570256591
428.0 79.0 32.0 72.0
obstacle
0.127251774073
268.0 160.0 40.0 17.0
obstacle
0.127238497138
316.0 53.0 21.0 128.0
obstacle
0.127027928829
358.0 139.0 142.0 51.0
obstacle
0.126567736268
0.0 258.0 314.0 74.0
obstacle
0.125596657395
0.0 112.0 195.0 62.0
obstacle
0.125524058938
295.0 78.0 61.0 19.0
obstacle
0.125190958381
277.0 49.0 21.0 135.0
obstacle
0.124966084957
234.0 5.0 30.0 10.0
obstacle
0.124664343894
99.0 25.0 143.0 28.0
obstacle
0.124267794192
40.0 212.0 114.0 111.0
obstacle
0.123709864914
308.0 103.0 36.0 15.0
obstacle
0.123667150736
111.0 51.0 53.0 20.0
obstacle
0.123330257833
170.0 133.0 101.0 28.0
obstacle
0.122593261302
421.0 105.0 41.0 17.0
obstacle
0.122533589602
232.0 103.0 35.0 16.0
obstacle
0.121580176055
273.0 47.0 227.0 137.0
obstacle
0.12131139636
4.0 207.0 32.0 15.0
obstacle
0.120614051819
117.0 94.0 114.0 99.0
obstacle
0.119916893542
120.0 178.0 33.0 17.0
obstacle
0.119500383735
296.0 162.0 197.0 59.0
obstacle
0.119238138199
421.0 177.0 40.0 21.0
obstacle
0.118865534663
438.0 87.0 62.0 107.0
obstacle
0.118707433343
307.0 102.0 114.0 25.0
obstacle
0.118603691459
399.0 127.0 85.0 123.0
obstacle
0.117629028857
418.0 29.0 45.0 16.0
obstacle
0.11677326262
82.0 135.0 30.0 10.0
obstacle
0.116256609559
119.0 134.0 33.0 11.0
obstacle
0.115764133632
287.0 0.0 213.0 48.0
obstacle
0.115701653063
227.0 137.0 43.0 12.0
obstacle
0.115560427308
13.0 254.0 86.0 28.0
obstacle
0.115444451571
42.0 166.0 32.0 47.0
obstacle
0.115344151855
81.0 201.0 109.0 22.0
obstacle
0.115203328431
376.0 264.0 52.0 57.0
obstacle
0.115047201514
69.0 265.0 52.0 55.0
obstacle
0.114359147847
342.0 0.0 116.0 100.0
obstacle
0.114214904606
81.0 2.0 29.0 18.0
obstacle
0.113668560982
2.0 8.0 43.0 13.0
obstacle
0.113380305469
104.0 263.0 58.0 59.0
obstacle
0.113206364214
335.0 262.0 58.0 60.0
obstacle
0.113004185259
353.0 0.0 23.0 44.0
obstacle
0.112958095968
111.0 0.0 109.0 74.0
obstacle
0.112912811339
29.0 0.0 63.0 107.0
obstacle
0.112659297884
353.0 10.0 147.0 61.0
obstacle
0.112655237317
194.0 200.0 37.0 24.0
obstacle
0.112287864089
307.0 134.0 36.0 11.0
obstacle
0.112100996077
464.0 207.0 31.0 15.0
obstacle
0.112044803798
87.0 87.0 100.0 110.0
obstacle
0.111756935716
4.0 134.0 30.0 12.0
obstacle
0.111307099462
391.0 0.0 23.0 42.0
obstacle
0.110670410097
162.0 160.0 28.0 9.0
obstacle
0.110037066042
297.0 93.0 122.0 100.0
obstacle
0.109975136817
271.0 304.0 229.0 28.0
obstacle
0.108752205968
6.0 202.0 102.0 23.0
obstacle
0.107617273927
386.0 177.0 105.0 23.0
obstacle
0.1073885113
34.0 268.0 46.0 48.0
obstacle
0.107326254249
143.0 262.0 56.0 60.0
obstacle
0.107303358614
239.0 55.0 23.0 123.0
obstacle
0.10718126595
208.0 203.0 81.0 24.0
obstacle
0.107000946999
0.0 215.0 118.0 104.0
obstacle
0.106861867011
228.0 79.0 45.0 16.0
obstacle
0.106713548303
297.0 262.0 55.0 60.0
obstacle
0.106704138219
5.0 78.0 33.0 16.0
obstacle
0.106683760881
205.0 171.0 16.0 37.0
obstacle
0.106562241912
244.0 101.0 86.0 25.0
obstacle
0.106471419334
163.0 179.0 25.0 15.0
obstacle
0.106143310666
270.0 192.0 174.0 49.0
obstacle
0.10580509901
0.0 255.0 63.0 26.0
obstacle
0.105498842895
383.0 250.0 38.0 33.0
obstacle
0.104626335204
42.0 0.0 32.0 22.0
obstacle
0.104523710907
399.0 255.0 84.0 27.0
obstacle
0.104425795376
259.0 262.0 55.0 60.0
obstacle
0.104410991073
182.0 262.0 55.0 60.0
obstacle
0.103879585862
383.0 106.0 39.0 14.0
obstacle
0.103810280561
163.0 0.0 328.0 62.0
obstacle
0.103786669672
424.0 151.0 34.0 20.0
obstacle
0.103723615408
273.0 100.0 102.0 26.0
obstacle
0.103714443743
200.0 97.0 175.0 43.0
obstacle
0.103656798601
220.0 262.0 55.0 60.0
obstacle
0.103358544409
3.0 169.0 23.0 46.0
obstacle
0.103239454329
273.0 58.0 32.0 17.0
obstacle
0.103175722063
3.0 194.0 23.0 46.0
obstacle
0.103000253439
302.0 158.0 39.0 18.0
obstacle
0.102940477431
77.0 52.0 45.0 19.0
obstacle
0.102777987719
40.0 133.0 34.0 14.0
obstacle
0.102731376886
46.0 27.0 104.0 23.0
obstacle
0.102623276412
439.0 0.0 61.0 130.0
obstacle
0.102562755346
275.0 12.0 104.0 99.0
obstacle
0.102557331324
75.0 249.0 40.0 34.0
obstacle
0.102473378181
273.0 200.0 100.0 24.0
obstacle
0.102291695774
343.0 249.0 42.0 33.0
obstacle
0.102096058428
336.0 281.0 57.0 23.0
obstacle
0.102077312768
360.0 252.0 86.0 32.0
obstacle
0.101827546954
197.0 185.0 28.0 62.0
obstacle
0.10180914402
433.0 45.0 23.0 31.0
obstacle
0.101714991033
39.0 202.0 38.0 21.0
obstacle
0.101669065654
170.0 51.0 159.0 130.0
obstacle
0.101550765336
3.0 145.0 22.0 44.0
obstacle
0.101356238127
159.0 242.0 255.0 44.0
obstacle
0.101078443229
11.0 0.0 22.0 31.0
obstacle
0.101055555046
316.0 0.0 20.0 48.0
obstacle
0.100733883679
219.0 19.0 74.0 83.0
obstacle
0.100458562374
431.0 179.0 69.0 23.0
obstacle
0.100205667317
387.0 215.0 113.0 104.0
obstacle
0.10020545125
153.0 162.0 205.0 54.0
obstacle
0.100113391876
3.0 122.0 22.0 40.0
obstacle
0.0997449979186
38.0 250.0 38.0 32.0
obstacle
0.0991557464004
105.0 281.0 58.0 23.0
obstacle
0.0991264283657
420.0 269.0 44.0 47.0
obstacle
0.0991095080972
12.0 54.0 27.0 14.0
obstacle
0.0989325940609
402.0 4.0 83.0 167.0
obstacle
0.0984094589949
257.0 4.0 61.0 23.0
obstacle
0.0982111990452
33.0 189.0 203.0 49.0
obstacle
0.0981245413423
0.0 302.0 185.0 30.0
obstacle
0.0980950370431
208.0 144.0 18.0 45.0
obstacle
0.0979352295399
347.0 104.0 36.0 15.0
obstacle
0.0978644937277
318.0 251.0 92.0 33.0
obstacle
0.0977893620729
44.0 202.0 102.0 22.0
obstacle
0.0977778211236
310.0 183.0 31.0 21.0
obstacle
0.0977334156632
225.0 178.0 56.0 19.0
obstacle
0.0976818948984
0.0 137.0 65.0 109.0
obstacle
0.097083710134
146.0 282.0 53.0 21.0
obstacle
0.0969993248582
300.0 281.0 53.0 22.0
obstacle
0.0969698652625
473.0 196.0 24.0 42.0
obstacle
0.0968502238393
74.0 33.0 193.0 56.0
obstacle
0.0965783670545
189.0 33.0 39.0 18.0
obstacle
0.0965098440647
465.0 79.0 29.0 16.0
obstacle
0.095873452723
349.0 156.0 29.0 18.0
obstacle
0.0952973812819
474.0 168.0 23.0 47.0
obstacle
0.0950900018215
376.0 282.0 54.0 21.0
obstacle
0.0950503274798
68.0 282.0 55.0 22.0
obstacle
0.0946799069643
438.0 127.0 62.0 129.0
obstacle
0.0946375727654
306.0 250.0 37.0 32.0
obstacle
0.0946147590876
262.0 281.0 52.0 22.0
obstacle
0.0945088937879
80.0 203.0 33.0 19.0
obstacle
0.094491392374
185.0 282.0 52.0 21.0
obstacle
0.0944842323661
387.0 78.0 104.0 19.0
obstacle
0.0944783687592
345.0 140.0 37.0 93.0
obstacle
0.0940940082073
277.0 78.0 25.0 20.0
