obstacle
0.425414264202
110.0 135.0 355.0 114.0
obstacle
0.387573897839
35.0 161.0 352.0 113.0
obstacle
0.360664874315
121.0 192.0 182.0 52.0
obstacle
0.349035024643
198.0 167.0 181.0 53.0
obstacle
0.346595197916
237.0 193.0 179.0 52.0
obstacle
0.338608533144
197.0 141.0 182.0 53.0
obstacle
0.331602662802
242.0 126.0 92.0 31.0
obstacle
0.326210170984
120.0 167.0 185.0 53.0
obstacle
0.314206421375
360.0 230.0 84.0 25.0
obstacle
0.305930703878
196.0 116.0 183.0 51.0
obstacle
0.304583609104
226.0 142.0 123.0 99.0
obstacle
0.304465740919
151.0 169.0 120.0 96.0
obstacle
0.302141755819
158.0 200.0 109.0 33.0
obstacle
0.297919690609
163.0 177.0 99.0 31.0
obstacle
0.296711504459
272.0 175.0 105.0 33.0
obstacle
0.296365618706
104.0 81.0 367.0 122.0
obstacle
0.296212792397
236.0 150.0 104.0 32.0
obstacle
0.29550242424
127.0 202.0 97.0 30.0
obstacle
0.295053333044
190.0 165.0 119.0 103.0
obstacle
0.295001864433
400.0 232.0 81.0 24.0
obstacle
0.293854564428
266.0 165.0 119.0 103.0
obstacle
0.292301565409
225.0 222.0 205.0 42.0
obstacle
0.287404328585
271.0 226.0 110.0 28.0
obstacle
0.281882703304
316.0 228.0 95.0 25.0
obstacle
0.281753867865
247.0 103.0 82.0 29.0
obstacle
0.274594545364
146.0 221.0 210.0 43.0
obstacle
0.271786034107
160.0 226.0 106.0 28.0
obstacle
0.271260797977
276.0 152.0 96.0 30.0
obstacle
0.270614892244
196.0 175.0 109.0 33.0
obstacle
0.266341924667
232.0 175.0 112.0 32.0
obstacle
0.264486759901
202.0 151.0 99.0 31.0
obstacle
0.263284981251
232.0 225.0 113.0 29.0
obstacle
0.258705794811
195.0 225.0 111.0 29.0
obstacle
0.25848993659
268.0 200.0 115.0 32.0
obstacle
0.255589097738
208.0 127.0 89.0 29.0
obstacle
0.251742571592
128.0 228.0 96.0 26.0
obstacle
0.248680144548
131.0 179.0 89.0 29.0
obstacle
0.246351227164
191.0 200.0 117.0 32.0
obstacle
0.244843840599
189.0 116.0 122.0 101.0
obstacle
0.242769137025
225.0 93.0 125.0 96.0
obstacle
0.235592439771
158.0 196.0 336.0 137.0
obstacle
0.230639487505
265.0 169.0 194.0 50.0
obstacle
0.229203909636
312.0 204.0 99.0 27.0
obstacle
0.228607088327
317.0 179.0 89.0 27.0
obstacle
0.227648824453
281.0 127.0 86.0 29.0
obstacle
0.227469295263
62.0 220.0 225.0 45.0
obstacle
0.227331236005
277.0 179.0 24.0 79.0
obstacle
0.226258784533
265.0 116.0 120.0 102.0
obstacle
0.225814715028
315.0 181.0 25.0 75.0
obstacle
0.224305972457
193.0 90.0 188.0 53.0
obstacle
0.22303314507
224.0 184.0 129.0 113.0
obstacle
0.222652807832
25.0 105.0 371.0 126.0
obstacle
0.222501650453
397.0 252.0 88.0 29.0
obstacle
0.221838459373
211.0 103.0 82.0 28.0
obstacle
0.21957077086
238.0 181.0 24.0 75.0
obstacle
0.216065242887
38.0 194.0 345.0 139.0
obstacle
0.214656293392
276.0 156.0 25.0 74.0
obstacle
0.213810697198
261.0 209.0 134.0 114.0
obstacle
0.209195226431
169.0 153.0 89.0 29.0
obstacle
0.208020836115
113.0 139.0 199.0 57.0
obstacle
0.206131160259
142.0 208.0 141.0 117.0
obstacle
0.202242746949
356.0 250.0 93.0 32.0
obstacle
0.197524026036
238.0 158.0 24.0 70.0
obstacle
0.197435557842
194.0 154.0 306.0 128.0
obstacle
0.196697279811
353.0 217.0 102.0 99.0
obstacle
0.196181327105
198.0 187.0 26.0 63.0
obstacle
0.194242849946
305.0 222.0 194.0 45.0
obstacle
0.190848752856
314.0 160.0 26.0 67.0
obstacle
0.18870434165
358.0 207.0 86.0 25.0
obstacle
0.186970502138
310.0 158.0 107.0 119.0
obstacle
0.186045482755
285.0 104.0 80.0 27.0
obstacle
0.183393612504
112.0 144.0 123.0 98.0
obstacle
0.178991094232
0.0 259.0 355.0 71.0
obstacle
0.178863525391
276.0 134.0 25.0 68.0
obstacle
0.177868887782
321.0 155.0 82.0 25.0
obstacle
0.173809543252
313.0 249.0 102.0 32.0
obstacle
0.170324862003
271.0 248.0 110.0 34.0
obstacle
0.170248508453
351.0 186.0 31.0 64.0
obstacle
0.169199347496
439.0 232.0 61.0 25.0
obstacle
0.165350332856
194.0 208.0 35.0 15.0
obstacle
0.163337543607
258.0 142.0 208.0 52.0
obstacle
0.161965325475
308.0 192.0 186.0 55.0
obstacle
0.161704882979
149.0 259.0 351.0 70.0
obstacle
0.16147364676
107.0 184.0 135.0 116.0
obstacle
0.159941852093
309.0 183.0 34.0 15.0
obstacle
0.159562826157
314.0 215.0 27.0 51.0
obstacle
0.15948137641
251.0 246.0 226.0 39.0
obstacle
0.158667773008
270.0 133.0 35.0 15.0
obstacle
0.158080413938
271.0 158.0 34.0 15.0
obstacle
0.157032176852
276.0 214.0 26.0 52.0
obstacle
0.15660405159
134.0 155.0 81.0 27.0
obstacle
0.155596807599
157.0 209.0 34.0 15.0
obstacle
0.153808236122
385.0 245.0 36.0 41.0
obstacle
0.153428167105
195.0 185.0 33.0 13.0
obstacle
0.153119534254
172.0 129.0 83.0 27.0
obstacle
0.152776777744
425.0 248.0 35.0 36.0
obstacle
0.152459233999
399.0 208.0 83.0 23.0
obstacle
0.150839313865
436.0 255.0 64.0 27.0
obstacle
0.150560960174
233.0 248.0 111.0 34.0
obstacle
0.150414451957
68.0 208.0 138.0 120.0
obstacle
0.149897143245
390.0 219.0 105.0 95.0
obstacle
0.149696558714
309.0 208.0 35.0 15.0
obstacle
0.149418339133
272.0 183.0 33.0 14.0
obstacle
0.149176478386
123.0 250.0 100.0 33.0
obstacle
0.147421360016
250.0 81.0 77.0 23.0
obstacle
0.147329255939
234.0 183.0 33.0 14.0
obstacle
0.145985290408
158.0 248.0 106.0 35.0
obstacle
0.145766094327
24.0 190.0 222.0 55.0
obstacle
0.145539090037
362.0 182.0 79.0 24.0
obstacle
0.143593847752
346.0 243.0 38.0 44.0
obstacle
0.14310477674
198.0 165.0 25.0 58.0
obstacle
0.142613634467
345.0 208.0 38.0 16.0
obstacle
0.142079278827
237.0 215.0 26.0 51.0
obstacle
0.140960380435
233.0 208.0 34.0 15.0
obstacle
0.140043631196
195.0 248.0 109.0 34.0
obstacle
0.139022007585
234.0 159.0 32.0 13.0
obstacle
0.138004526496
72.0 307.0 277.0 26.0
obstacle
0.137882933021
173.0 104.0 80.0 26.0
obstacle
0.137829318643
237.0 137.0 25.0 62.0
obstacle
0.137217134237
188.0 307.0 277.0 26.0
obstacle
0.137172460556
309.0 243.0 34.0 44.0
obstacle
0.136942014098
107.0 112.0 210.0 59.0
obstacle
0.136781960726
95.0 206.0 84.0 24.0
obstacle
0.136408790946
274.0 96.0 28.0 42.0
obstacle
0.134978428483
212.0 81.0 78.0 23.0
obstacle
0.134331434965
272.0 207.0 33.0 16.0
obstacle
0.133462607861
309.0 159.0 32.0 14.0
obstacle
0.131875380874
96.0 231.0 83.0 22.0
obstacle
0.131638795137
351.0 216.0 30.0 48.0
obstacle
0.130418285728
325.0 130.0 77.0 24.0
obstacle
0.130242228508
97.0 181.0 79.0 24.0
obstacle
0.129724413157
154.0 247.0 35.0 38.0
obstacle
0.129166603088
382.0 234.0 41.0 17.0
obstacle
0.12854886055
428.0 225.0 30.0 33.0
obstacle
0.128117218614
270.0 243.0 35.0 44.0
obstacle
0.127831578255
169.0 244.0 238.0 42.0
obstacle
0.127754092216
385.0 211.0 33.0 12.0
obstacle
0.127749964595
193.0 245.0 35.0 41.0
obstacle
0.127142488956
185.0 63.0 131.0 107.0
obstacle
0.125478118658
39.0 215.0 117.0 107.0
obstacle
0.125408247113
464.0 236.0 32.0 14.0
obstacle
0.124716036022
21.0 164.0 226.0 57.0
obstacle
0.123998552561
231.0 244.0 35.0 43.0
obstacle
0.122918114066
288.0 81.0 77.0 23.0
obstacle
0.12240152061
159.0 186.0 29.0 12.0
obstacle
0.122193194926
365.0 157.0 76.0 24.0
obstacle
0.121885165572
275.0 116.0 27.0 52.0
obstacle
0.121582940221
465.0 5.0 31.0 13.0
obstacle
0.12095810473
135.0 130.0 78.0 25.0
obstacle
0.120515801013
16.0 256.0 80.0 27.0
obstacle
0.120341643691
235.0 134.0 30.0 13.0
obstacle
0.119762971997
159.0 221.0 27.0 39.0
obstacle
0.118784539402
346.0 184.0 35.0 14.0
obstacle
0.117969579995
314.0 139.0 27.0 59.0
obstacle
0.1176494807
61.0 233.0 72.0 22.0
obstacle
0.117244817317
235.0 97.0 28.0 40.0
obstacle
0.117003723979
113.0 248.0 40.0 36.0
obstacle
0.116966456175
422.0 235.0 39.0 17.0
obstacle
0.116727441549
19.0 234.0 76.0 21.0
obstacle
0.116099350154
90.0 252.0 90.0 31.0
obstacle
0.116075493395
198.0 217.0 27.0 47.0
obstacle
0.115196421742
272.0 110.0 32.0 13.0
obstacle
0.114392451942
159.0 171.0 26.0 46.0
obstacle
0.114041119814
55.0 254.0 81.0 30.0
obstacle
0.113976307213
327.0 105.0 76.0 23.0
obstacle
0.112841293216
135.0 104.0 77.0 25.0
obstacle
0.112809166312
47.0 243.0 251.0 45.0
obstacle
0.112741798162
174.0 81.0 77.0 22.0
obstacle
0.112628012896
76.0 251.0 38.0 32.0
obstacle
0.112531773746
69.0 265.0 52.0 56.0
obstacle
0.111830249429
159.0 193.0 26.0 51.0
obstacle
0.111802458763
104.0 86.0 214.0 59.0
obstacle
0.111487224698
0.0 305.0 229.0 28.0
obstacle
0.111037828028
104.0 261.0 58.0 63.0
obstacle
0.111020117998
0.0 2.0 58.0 23.0
obstacle
0.110841013491
236.0 118.0 26.0 49.0
obstacle
0.110296539962
389.0 221.0 29.0 41.0
obstacle
0.110194191337
313.0 119.0 28.0 47.0
obstacle
0.109971016645
251.0 114.0 223.0 55.0
obstacle
0.109607182443
401.0 183.0 81.0 22.0
obstacle
0.108922481537
442.0 3.0 58.0 23.0
obstacle
0.107762642205
460.0 259.0 39.0 17.0
obstacle
0.107191883028
439.0 208.0 61.0 23.0
obstacle
0.106578759849
313.0 98.0 28.0 39.0
obstacle
0.106333620846
144.0 259.0 55.0 68.0
obstacle
0.106315620244
146.0 84.0 132.0 116.0
obstacle
0.105275139213
366.0 131.0 76.0 24.0
obstacle
0.105034090579
3.0 6.0 31.0 12.0
obstacle
0.104824446142
466.0 211.0 28.0 12.0
obstacle
0.103643581271
473.0 225.0 23.0 36.0
obstacle
0.103534668684
16.0 183.0 81.0 21.0
obstacle
0.103396229446
273.0 76.0 31.0 30.0
obstacle
0.103375703096
135.0 81.0 77.0 22.0
obstacle
0.103224724531
0.0 257.0 61.0 25.0
obstacle
0.102834284306
16.0 157.0 81.0 22.0
obstacle
0.102754078805
387.0 186.0 30.0 11.0
obstacle
0.10240329802
305.0 104.0 117.0 128.0
obstacle
0.102225057781
198.0 160.0 28.0 12.0
obstacle
0.102183200419
377.0 257.0 52.0 71.0
obstacle
0.101990111172
15.0 208.0 82.0 22.0
obstacle
0.101957820356
257.0 53.0 63.0 20.0
obstacle
0.101719066501
261.0 61.0 129.0 112.0
obstacle
0.101565204561
471.0 249.0 26.0 38.0
obstacle
0.101314179599
34.0 270.0 45.0 47.0
obstacle
0.10101775825
198.0 144.0 26.0 49.0
obstacle
0.100932426751
57.0 182.0 76.0 23.0
obstacle
0.100896395743
219.0 53.0 63.0 20.0
obstacle
0.100651629269
16.0 132.0 81.0 21.0
obstacle
0.100541524589
32.0 271.0 282.0 41.0
obstacle
0.100316867232
182.0 257.0 56.0 71.0
obstacle
0.100274346769
0.0 233.0 60.0 22.0
obstacle
0.100214146078
57.0 208.0 77.0 23.0
obstacle
0.100046858191
336.0 254.0 58.0 76.0
obstacle
0.0996159985662
97.0 156.0 76.0 23.0
obstacle
0.0995356142521
402.0 157.0 80.0 22.0
obstacle
0.0993650332093
25.0 50.0 370.0 135.0
obstacle
0.0993232429028
216.0 29.0 67.0 19.0
obstacle
0.0992612317204
367.0 106.0 75.0 23.0
obstacle
0.0992587581277
311.0 135.0 29.0 12.0
obstacle
0.0991700291634
254.0 29.0 68.0 19.0
obstacle
0.0990998893976
177.0 29.0 68.0 19.0
obstacle
0.0990930348635
16.0 106.0 81.0 21.0
obstacle
0.0987288728356
402.0 81.0 81.0 20.0
obstacle
0.0985024124384
190.0 272.0 273.0 39.0
obstacle
0.09830981493
293.0 29.0 67.0 19.0
obstacle
0.0982271507382
296.0 53.0 62.0 20.0
obstacle
0.0981435105205
16.0 81.0 82.0 20.0
obstacle
0.0980717092752
139.0 29.0 67.0 19.0
obstacle
0.0975890830159
105.0 281.0 59.0 24.0
obstacle
0.09735044837
39.0 252.0 37.0 30.0
obstacle
0.0972916856408
181.0 53.0 62.0 20.0
obstacle
0.0971676409245
235.0 77.0 31.0 28.0
obstacle
0.0968559980392
425.0 211.0 33.0 13.0
obstacle
0.096576794982
351.0 166.0 31.0 54.0
obstacle
0.0965260267258
328.0 81.0 75.0 20.0
obstacle
0.096512556076
367.0 81.0 76.0 21.0
obstacle
0.0962250009179
22.0 54.0 69.0 18.0
obstacle
0.0962172821164
0.0 181.0 60.0 24.0
obstacle
0.096196308732
298.0 254.0 56.0 77.0
obstacle
0.096124112606
402.0 132.0 80.0 21.0
obstacle
0.0958945304155
0.0 53.0 59.0 22.0
obstacle
0.0957021936774
402.0 106.0 80.0 21.0
obstacle
0.095577865839
0.0 156.0 60.0 23.0
obstacle
0.0955705270171
144.0 281.0 57.0 24.0
obstacle
0.0955172330141
142.0 53.0 63.0 19.0
obstacle
0.0952275916934
159.0 149.0 27.0 40.0
obstacle
0.0950669124722
0.0 207.0 60.0 23.0
obstacle
0.094879321754
407.0 54.0 70.0 18.0
obstacle
0.0948161333799
220.0 255.0 57.0 74.0
obstacle
0.0946596711874
442.0 54.0 58.0 21.0
obstacle
0.0944527089596
57.0 157.0 75.0 23.0
obstacle
0.0943284928799
69.0 283.0 54.0 21.0
obstacle
0.0942487120628
420.0 263.0 45.0 59.0
obstacle
0.0939334928989
473.0 201.0 23.0 36.0
obstacle
0.0936899259686
0.0 130.0 60.0 23.0
obstacle
0.0936080217361
259.0 254.0 56.0 76.0
obstacle
0.0935974344611
3.0 176.0 23.0 35.0
obstacle
0.093231447041
3.0 202.0 23.0 34.0
obstacle
0.0931452512741
3.0 151.0 23.0 34.0
obstacle
0.0929892808199
78.0 153.0 117.0 131.0
obstacle
0.0927464812994
440.0 80.0 60.0 22.0
obstacle
0.0923958718777
0.0 105.0 60.0 23.0
obstacle
0.0923082008958
3.0 125.0 23.0 35.0
obstacle
0.0922731235623
0.0 79.0 61.0 23.0
obstacle
0.0921924114227
215.0 4.0 69.0 20.0
obstacle
0.0920030251145
176.0 4.0 69.0 20.0
obstacle
0.0919375792146
253.0 4.0 69.0 20.0
obstacle
0.0918398723006
0.0 28.0 60.0 21.0
obstacle
0.0917512848973
3.0 100.0 23.0 34.0
obstacle
0.0916529893875
197.0 122.0 27.0 42.0
obstacle
0.0913404300809
21.0 4.0 71.0 20.0
obstacle
0.0912809744477
119.0 198.0 31.0 41.0
obstacle
0.0911387205124
311.0 303.0 189.0 30.0
obstacle
0.0911057442427
292.0 4.0 69.0 20.0
obstacle
0.0910056829453
138.0 4.0 69.0 20.0
obstacle
0.0909895524383
3.0 227.0 23.0 34.0
obstacle
0.0909237489104
312.0 77.0 31.0 28.0
obstacle
0.0909159630537
473.0 73.0 23.0 34.0
obstacle
0.0908786207438
57.0 131.0 75.0 23.0
obstacle
0.0908067747951
235.0 110.0 29.0 12.0
obstacle
0.09068775177
406.0 4.0 71.0 20.0
obstacle
0.0905551835895
335.0 54.0 61.0 17.0
obstacle
0.0904844477773
440.0 29.0 60.0 21.0
obstacle
0.0904844179749
473.0 176.0 23.0 34.0
obstacle
0.090417675674
17.0 138.0 232.0 57.0
obstacle
0.0902506783605
473.0 99.0 23.0 34.0
obstacle
0.0900915414095
473.0 150.0 23.0 34.0
obstacle
0.0900705382228
473.0 125.0 23.0 34.0
obstacle
0.0897749885917
248.0 88.0 230.0 56.0
obstacle
0.0895495265722
331.0 30.0 67.0 17.0
obstacle
0.0892694965005
57.0 106.0 75.0 22.0
obstacle
0.0890017300844
440.0 182.0 60.0 23.0
obstacle
0.0887713357806
307.0 231.0 40.0 21.0
obstacle
0.0882364660501
3.0 74.0 23.0 34.0
obstacle
0.0882007852197
100.0 30.0 67.0 17.0
obstacle
0.0877596884966
183.0 280.0 57.0 25.0
obstacle
0.0874375477433
118.0 175.0 32.0 37.0
obstacle
0.0871347934008
197.0 99.0 28.0 37.0
obstacle
0.0871229693294
97.0 131.0 75.0 22.0
obstacle
0.0869954898953
373.0 54.0 63.0 18.0
