obstacle
0.519461631775
39.0 121.0 113.0 27.0
obstacle
0.486297994852
48.0 113.0 94.0 25.0
obstacle
0.408315867186
47.0 106.0 99.0 59.0
obstacle
0.407129585743
110.0 170.0 356.0 105.0
obstacle
0.397711545229
104.0 132.0 367.0 102.0
obstacle
0.349789261818
22.0 109.0 377.0 106.0
obstacle
0.334641903639
234.0 161.0 185.0 45.0
obstacle
0.331510871649
122.0 190.0 104.0 25.0
obstacle
0.325152128935
2.0 165.0 342.0 114.0
obstacle
0.320879817009
321.0 150.0 89.0 24.0
obstacle
0.316926330328
394.0 172.0 93.0 22.0
obstacle
0.315527826548
74.0 187.0 201.0 35.0
obstacle
0.313389778137
157.0 161.0 184.0 46.0
obstacle
0.306837290525
282.0 150.0 90.0 26.0
obstacle
0.302696585655
267.0 142.0 194.0 42.0
obstacle
0.302210330963
360.0 152.0 86.0 23.0
obstacle
0.293071359396
225.0 142.0 125.0 81.0
obstacle
0.289806813002
355.0 171.0 97.0 23.0
obstacle
0.289352983236
275.0 169.0 103.0 26.0
obstacle
0.287820100784
157.0 190.0 106.0 25.0
obstacle
0.286781162024
23.0 126.0 91.0 21.0
obstacle
0.285783499479
118.0 140.0 185.0 45.0
obstacle
0.285409361124
204.0 149.0 90.0 26.0
obstacle
0.284810096025
243.0 150.0 89.0 26.0
obstacle
0.282123893499
24.0 113.0 88.0 22.0
obstacle
0.281063824892
316.0 162.0 174.0 44.0
obstacle
0.279787868261
142.0 187.0 216.0 36.0
obstacle
0.279450327158
236.0 169.0 103.0 27.0
obstacle
0.278559088707
195.0 140.0 186.0 45.0
obstacle
0.276274800301
224.0 182.0 130.0 85.0
obstacle
0.275592952967
151.0 140.0 119.0 85.0
obstacle
0.272956728935
81.0 162.0 182.0 44.0
obstacle
0.270755618811
75.0 101.0 43.0 33.0
obstacle
0.269553512335
163.0 149.0 94.0 26.0
obstacle
0.259668827057
76.0 110.0 96.0 25.0
obstacle
0.259230971336
114.0 133.0 118.0 99.0
obstacle
0.259143531322
395.0 192.0 92.0 21.0
obstacle
0.258081644773
73.0 128.0 47.0 21.0
obstacle
0.25655862689
197.0 169.0 104.0 27.0
obstacle
0.252473413944
158.0 216.0 337.0 61.0
obstacle
0.251871198416
315.0 170.0 101.0 24.0
obstacle
0.251640677452
216.0 186.0 223.0 37.0
obstacle
0.249003097415
196.0 191.0 106.0 24.0
obstacle
0.248284906149
148.0 180.0 129.0 87.0
obstacle
0.245281040668
306.0 179.0 120.0 90.0
obstacle
0.244242399931
88.0 192.0 97.0 22.0
obstacle
0.243841543794
28.0 102.0 193.0 44.0
obstacle
0.239889010787
398.0 153.0 85.0 21.0
obstacle
0.238490268588
236.0 191.0 104.0 24.0
obstacle
0.237833157182
306.0 135.0 117.0 95.0
obstacle
0.236043676734
356.0 183.0 96.0 82.0
obstacle
0.235222324729
156.0 169.0 108.0 27.0
obstacle
0.234100162983
185.0 123.0 128.0 79.0
obstacle
0.232182145119
11.0 212.0 93.0 26.0
obstacle
0.232054576278
183.0 229.0 214.0 33.0
obstacle
0.23027780652
261.0 123.0 130.0 79.0
obstacle
0.229853138328
358.0 192.0 93.0 21.0
obstacle
0.229272007942
47.0 185.0 100.0 78.0
obstacle
0.229165911674
275.0 191.0 104.0 23.0
obstacle
0.228484511375
353.0 210.0 99.0 29.0
obstacle
0.224651351571
76.0 180.0 121.0 88.0
obstacle
0.22298592329
0.0 69.0 357.0 105.0
obstacle
0.220820277929
68.0 114.0 55.0 16.0
obstacle
0.217341452837
435.0 173.0 65.0 22.0
obstacle
0.217289850116
117.0 207.0 111.0 31.0
obstacle
0.215907633305
313.0 210.0 103.0 30.0
obstacle
0.2143381387
421.0 174.0 42.0 15.0
obstacle
0.214214652777
62.0 117.0 210.0 48.0
obstacle
0.211702480912
37.0 218.0 349.0 57.0
obstacle
0.210670143366
255.0 230.0 221.0 31.0
obstacle
0.21042829752
168.0 129.0 83.0 24.0
obstacle
0.210106953979
47.0 210.0 97.0 29.0
obstacle
0.20986354351
184.0 156.0 132.0 94.0
obstacle
0.209700673819
462.0 176.0 35.0 12.0
obstacle
0.205801993608
119.0 128.0 93.0 24.0
obstacle
0.199080333114
273.0 209.0 105.0 33.0
obstacle
0.19790750742
83.0 209.0 103.0 29.0
obstacle
0.197865441442
392.0 211.0 96.0 26.0
obstacle
0.197679251432
317.0 192.0 97.0 21.0
obstacle
0.197645172477
155.0 207.0 111.0 32.0
obstacle
0.196553140879
235.0 209.0 105.0 32.0
obstacle
0.194898322225
383.0 175.0 40.0 13.0
obstacle
0.194734022021
172.0 207.0 233.0 37.0
obstacle
0.194288983941
434.0 194.0 66.0 20.0
obstacle
0.193573191762
51.0 193.0 91.0 21.0
obstacle
0.192811921239
74.0 171.0 119.0 21.0
obstacle
0.190697133541
12.0 194.0 91.0 20.0
obstacle
0.190685108304
172.0 256.0 234.0 23.0
obstacle
0.190123468637
161.0 150.0 26.0 68.0
obstacle
0.189623966813
259.0 153.0 136.0 100.0
obstacle
0.189153194427
196.0 208.0 107.0 32.0
obstacle
0.188681617379
7.0 186.0 103.0 76.0
obstacle
0.188441023231
200.0 153.0 24.0 62.0
obstacle
0.184862524271
383.0 156.0 38.0 11.0
obstacle
0.184587821364
357.0 142.0 91.0 81.0
obstacle
0.184241712093
303.0 207.0 197.0 35.0
obstacle
0.183556884527
22.0 207.0 226.0 33.0
obstacle
0.182321533561
326.0 131.0 79.0 21.0
obstacle
0.176820233464
351.0 156.0 29.0 54.0
obstacle
0.175985008478
120.0 149.0 100.0 23.0
obstacle
0.175500720739
461.0 196.0 36.0 14.0
obstacle
0.174764156342
288.0 130.0 79.0 23.0
obstacle
0.174288287759
350.0 140.0 150.0 45.0
obstacle
0.173750013113
238.0 156.0 24.0 56.0
obstacle
0.172426477075
210.0 130.0 79.0 23.0
obstacle
0.171438425779
243.0 257.0 243.0 23.0
obstacle
0.170046344399
395.0 143.0 93.0 78.0
obstacle
0.169210284948
115.0 170.0 115.0 25.0
obstacle
0.168917745352
307.0 186.0 193.0 39.0
obstacle
0.168336868286
394.0 181.0 96.0 86.0
obstacle
0.168051987886
364.0 132.0 79.0 21.0
obstacle
0.167373329401
389.0 179.0 28.0 47.0
obstacle
0.167197406292
17.0 99.0 94.0 77.0
obstacle
0.167108535767
389.0 159.0 29.0 48.0
obstacle
0.166039541364
98.0 206.0 228.0 35.0
obstacle
0.165784746408
249.0 130.0 79.0 23.0
obstacle
0.163981735706
314.0 158.0 25.0 52.0
obstacle
0.162852868438
45.0 132.0 38.0 13.0
obstacle
0.162134751678
59.0 90.0 70.0 21.0
obstacle
0.161726251245
232.0 108.0 268.0 110.0
obstacle
0.161023974419
276.0 158.0 24.0 52.0
obstacle
0.1604411304
38.0 206.0 38.0 35.0
obstacle
0.15913695097
345.0 174.0 39.0 14.0
obstacle
0.158804997802
0.0 214.0 67.0 23.0
obstacle
0.158503949642
41.0 99.0 36.0 39.0
obstacle
0.15651768446
77.0 205.0 37.0 37.0
obstacle
0.156486004591
78.0 258.0 268.0 22.0
obstacle
0.154408931732
264.0 214.0 47.0 62.0
obstacle
0.153729826212
31.0 139.0 194.0 47.0
obstacle
0.153267741203
199.0 182.0 25.0 41.0
obstacle
0.152752846479
147.0 98.0 127.0 87.0
obstacle
0.151936501265
0.0 257.0 219.0 23.0
obstacle
0.151862308383
94.0 85.0 386.0 114.0
obstacle
0.15183109045
35.0 114.0 49.0 13.0
obstacle
0.151749059558
423.0 155.0 37.0 13.0
obstacle
0.151679232717
0.0 229.0 208.0 33.0
obstacle
0.150966256857
385.0 201.0 36.0 45.0
obstacle
0.149773597717
310.0 175.0 33.0 13.0
obstacle
0.149769380689
120.0 145.0 32.0 77.0
obstacle
0.149517565966
256.0 119.0 215.0 45.0
obstacle
0.148558706045
424.0 204.0 37.0 39.0
obstacle
0.148426145315
115.0 203.0 37.0 39.0
obstacle
0.146630987525
148.0 117.0 201.0 48.0
obstacle
0.146266162395
123.0 109.0 87.0 24.0
obstacle
0.146116629243
22.0 89.0 74.0 21.0
obstacle
0.145002797246
260.0 208.0 133.0 72.0
obstacle
0.144924819469
28.0 171.0 131.0 19.0
obstacle
0.14447298646
28.0 150.0 64.0 17.0
obstacle
0.144117176533
345.0 155.0 38.0 13.0
obstacle
0.142960593104
272.0 176.0 32.0 11.0
obstacle
0.142846107483
156.0 204.0 32.0 38.0
obstacle
0.142572894692
302.0 213.0 47.0 64.0
obstacle
0.14163453877
421.0 193.0 42.0 18.0
obstacle
0.14158411324
112.0 112.0 42.0 12.0
obstacle
0.140875399113
172.0 109.0 77.0 22.0
obstacle
0.140287488699
238.0 181.0 24.0 43.0
obstacle
0.140052288771
347.0 201.0 35.0 45.0
obstacle
0.13970965147
88.0 229.0 250.0 32.0
obstacle
0.139665871859
0.0 126.0 295.0 115.0
obstacle
0.139523893595
86.0 150.0 91.0 19.0
obstacle
0.138775616884
80.0 115.0 111.0 133.0
obstacle
0.138128325343
34.0 219.0 46.0 53.0
obstacle
0.137855365872
438.0 153.0 62.0 21.0
obstacle
0.137374058366
465.0 156.0 30.0 11.0
obstacle
0.137299001217
160.0 183.0 26.0 39.0
obstacle
0.13553956151
234.0 176.0 31.0 11.0
obstacle
0.135134711862
311.0 156.0 31.0 11.0
obstacle
0.134886369109
400.0 132.0 82.0 19.0
obstacle
0.134798839688
195.0 155.0 31.0 11.0
obstacle
0.134582415223
78.0 93.0 35.0 10.0
obstacle
0.13430981338
11.0 154.0 24.0 10.0
obstacle
0.134022176266
427.0 163.0 32.0 38.0
obstacle
0.133939385414
69.0 214.0 52.0 62.0
obstacle
0.133827134967
0.0 153.0 58.0 17.0
obstacle
0.133619382977
352.0 179.0 28.0 47.0
obstacle
0.131554529071
378.0 212.0 51.0 67.0
obstacle
0.131275489926
339.0 211.0 51.0 68.0
obstacle
0.131189107895
195.0 204.0 31.0 39.0
obstacle
0.131174430251
16.0 68.0 82.0 17.0
obstacle
0.131001472473
234.0 156.0 30.0 11.0
obstacle
0.130515217781
464.0 4.0 32.0 11.0
obstacle
0.129402413964
310.0 202.0 31.0 44.0
obstacle
0.12930637598
116.0 98.0 34.0 43.0
obstacle
0.129166588187
272.0 202.0 30.0 43.0
obstacle
0.129065781832
195.0 176.0 32.0 11.0
obstacle
0.129009500146
212.0 109.0 76.0 22.0
obstacle
0.128186970949
250.0 109.0 77.0 22.0
obstacle
0.128174394369
289.0 109.0 77.0 22.0
obstacle
0.127598315477
432.0 214.0 68.0 22.0
obstacle
0.127118825912
233.0 203.0 31.0 41.0
obstacle
0.126262515783
75.0 144.0 40.0 27.0
obstacle
0.125897422433
273.0 156.0 30.0 11.0
obstacle
0.125842645764
107.0 100.0 60.0 120.0
obstacle
0.125706970692
43.0 149.0 35.0 17.0
obstacle
0.124029502273
276.0 182.0 25.0 42.0
obstacle
0.123864777386
112.0 132.0 36.0 13.0
obstacle
0.123622350395
199.0 138.0 25.0 50.0
obstacle
0.123362913728
0.0 233.0 118.0 26.0
obstacle
0.123075179756
117.0 97.0 106.0 87.0
obstacle
0.12239228189
4.0 175.0 32.0 13.0
obstacle
0.121989898384
161.0 139.0 28.0 46.0
obstacle
0.121976338327
212.0 87.0 76.0 22.0
obstacle
0.121517904103
155.0 174.0 35.0 14.0
obstacle
0.120475046337
315.0 181.0 25.0 43.0
obstacle
0.120453767478
250.0 87.0 77.0 22.0
obstacle
0.119972757995
41.0 147.0 102.0 18.0
obstacle
0.119056865573
174.0 87.0 75.0 22.0
obstacle
0.118128299713
328.0 110.0 76.0 19.0
obstacle
0.117644242942
47.0 137.0 25.0 43.0
obstacle
0.117593690753
442.0 2.0 58.0 20.0
obstacle
0.11719982326
0.0 2.0 58.0 19.0
obstacle
0.117053240538
289.0 87.0 77.0 22.0
obstacle
0.116837486625
225.0 210.0 47.0 70.0
obstacle
0.116744816303
428.0 146.0 30.0 32.0
obstacle
0.11605296284
257.0 235.0 64.0 22.0
obstacle
0.115708142519
0.0 186.0 198.0 38.0
obstacle
0.11549244076
313.0 141.0 26.0 44.0
obstacle
0.115306787193
182.0 204.0 139.0 76.0
obstacle
0.114809557796
366.0 110.0 76.0 20.0
obstacle
0.114702709019
105.0 211.0 57.0 68.0
obstacle
0.114490799606
388.0 143.0 30.0 39.0
obstacle
0.114431656897
40.0 91.0 34.0 12.0
obstacle
0.114166900516
105.0 95.0 209.0 48.0
obstacle
0.112899936736
383.0 194.0 41.0 17.0
obstacle
0.112332463264
120.0 182.0 30.0 40.0
obstacle
0.11222872138
330.0 234.0 69.0 24.0
obstacle
0.112028993666
0.0 87.0 222.0 102.0
obstacle
0.11189994216
61.0 234.0 69.0 24.0
obstacle
0.111813895404
212.0 68.0 77.0 19.0
obstacle
0.111279994249
3.0 5.0 31.0 10.0
obstacle
0.110940113664
387.0 135.0 31.0 10.0
obstacle
0.110705919564
174.0 68.0 76.0 19.0
obstacle
0.11049003154
275.0 141.0 26.0 44.0
obstacle
0.110040843487
6.0 113.0 29.0 9.0
obstacle
0.110024236143
250.0 67.0 77.0 20.0
obstacle
0.10973162204
113.0 171.0 43.0 18.0
obstacle
0.109572134912
420.0 217.0 46.0 57.0
obstacle
0.109515637159
350.0 141.0 31.0 43.0
obstacle
0.109375871718
459.0 217.0 41.0 16.0
obstacle
0.108488477767
57.0 68.0 76.0 18.0
obstacle
0.108047790825
0.0 66.0 62.0 20.0
obstacle
0.107472278178
221.0 94.0 134.0 95.0
obstacle
0.10715585947
289.0 68.0 77.0 19.0
obstacle
0.107130512595
49.0 119.0 24.0 38.0
obstacle
0.106737740338
21.0 45.0 71.0 16.0
obstacle
0.106544554234
295.0 235.0 63.0 22.0
obstacle
0.106538340449
401.0 110.0 82.0 19.0
obstacle
0.106023065746
117.0 152.0 32.0 14.0
obstacle
0.105971165001
136.0 68.0 75.0 18.0
obstacle
0.105434991419
406.0 3.0 72.0 17.0
obstacle
0.105151504278
158.0 154.0 29.0 11.0
obstacle
0.10512778908
428.0 183.0 30.0 38.0
obstacle
0.104657553136
473.0 185.0 23.0 37.0
obstacle
0.104565024376
198.0 122.0 27.0 40.0
obstacle
0.104017868638
237.0 141.0 25.0 45.0
obstacle
0.103587813675
437.0 139.0 63.0 90.0
obstacle
0.103413484991
402.0 68.0 82.0 17.0
obstacle
0.103081203997
366.0 89.0 77.0 19.0
obstacle
0.102454543114
328.0 88.0 76.0 19.0
obstacle
0.102408230305
42.0 186.0 32.0 33.0
obstacle
0.102147810161
11.0 134.0 25.0 8.0
obstacle
0.102022312582
0.0 44.0 59.0 19.0
obstacle
0.10171816498
368.0 233.0 69.0 25.0
obstacle
0.101664744318
402.0 89.0 81.0 18.0
obstacle
0.101585566998
292.0 24.0 68.0 16.0
obstacle
0.101579263806
139.0 24.0 67.0 16.0
obstacle
0.101552709937
3.0 187.0 22.0 35.0
obstacle
0.101495243609
177.0 24.0 68.0 16.0
obstacle
0.100937440991
216.0 24.0 67.0 16.0
obstacle
0.100844092667
254.0 24.0 68.0 16.0
obstacle
0.100813210011
100.0 232.0 69.0 27.0
obstacle
0.100423976779
313.0 124.0 27.0 36.0
obstacle
0.100070521235
3.0 198.0 33.0 12.0
obstacle
0.099798925221
6.0 92.0 26.0 9.0
obstacle
0.0997706055641
181.0 45.0 62.0 16.0
obstacle
0.0997511222959
366.0 68.0 77.0 18.0
obstacle
0.099741525948
219.0 45.0 63.0 16.0
obstacle
0.0991470515728
236.0 123.0 27.0 38.0
obstacle
0.0991460382938
235.0 150.0 265.0 107.0
obstacle
0.0990952029824
21.0 3.0 71.0 17.0
obstacle
0.098904915154
257.0 45.0 63.0 16.0
obstacle
0.098901361227
439.0 132.0 61.0 19.0
obstacle
0.0988265424967
161.0 125.0 27.0 33.0
obstacle
0.0988073125482
82.0 140.0 33.0 85.0
obstacle
0.0987752452493
142.0 45.0 62.0 16.0
obstacle
0.0983825623989
220.0 234.0 61.0 23.0
obstacle
0.0982860028744
330.0 3.0 70.0 17.0
obstacle
0.0982062965631
218.0 94.0 215.0 49.0
obstacle
0.0981111526489
473.0 165.0 23.0 36.0
obstacle
0.0978811085224
466.0 134.0 28.0 11.0
obstacle
0.0974626839161
0.0 119.0 60.0 85.0
obstacle
0.0974412485957
275.0 124.0 26.0 36.0
obstacle
0.0974282026291
0.0 78.0 190.0 45.0
obstacle
0.0973109453917
296.0 45.0 63.0 16.0
obstacle
0.0972968861461
0.0 219.0 40.0 14.0
obstacle
0.0972134619951
369.0 3.0 69.0 17.0
obstacle
0.0971711203456
407.0 45.0 71.0 16.0
obstacle
0.0968272909522
3.0 164.0 23.0 39.0
obstacle
0.0967430621386
0.0 88.0 62.0 20.0
obstacle
0.09669059515
292.0 3.0 69.0 17.0
