obstacle
0.582761645317
314.0 184.0 98.0 29.0
obstacle
0.570880234241
87.0 181.0 90.0 28.0
obstacle
0.458955138922
58.0 174.0 149.0 41.0
obstacle
0.437402307987
59.0 182.0 87.0 27.0
obstacle
0.418029218912
435.0 178.0 65.0 26.0
obstacle
0.414918005466
313.0 195.0 101.0 27.0
obstacle
0.388008236885
394.0 180.0 95.0 26.0
obstacle
0.387645691633
244.0 170.0 182.0 54.0
obstacle
0.339635103941
357.0 169.0 143.0 48.0
obstacle
0.33373939991
315.0 175.0 101.0 73.0
obstacle
0.330505609512
0.0 137.0 355.0 115.0
obstacle
0.327373057604
146.0 155.0 354.0 122.0
obstacle
0.322922468185
457.0 183.0 43.0 16.0
obstacle
0.321988523006
118.0 180.0 95.0 30.0
obstacle
0.298259079456
288.0 189.0 153.0 43.0
obstacle
0.289617091417
1.0 198.0 343.0 134.0
obstacle
0.289127469063
287.0 198.0 92.0 26.0
obstacle
0.288185685873
263.0 174.0 132.0 81.0
obstacle
0.288018733263
343.0 175.0 44.0 33.0
obstacle
0.284108430147
109.0 187.0 50.0 16.0
obstacle
0.281125247478
80.0 197.0 104.0 25.0
obstacle
0.274228096008
73.0 189.0 193.0 55.0
obstacle
0.272331863642
114.0 172.0 40.0 40.0
obstacle
0.266654878855
154.0 191.0 193.0 55.0
obstacle
0.265713572502
84.0 164.0 101.0 98.0
obstacle
0.265630155802
203.0 228.0 96.0 27.0
obstacle
0.260984063148
228.0 194.0 123.0 94.0
obstacle
0.259321659803
141.0 222.0 219.0 43.0
obstacle
0.259271800518
113.0 193.0 349.0 140.0
obstacle
0.257449865341
338.0 188.0 52.0 16.0
obstacle
0.246911928058
246.0 229.0 90.0 25.0
obstacle
0.246177539229
162.0 202.0 94.0 30.0
obstacle
0.243742331862
343.0 183.0 106.0 27.0
obstacle
0.243195205927
107.0 213.0 134.0 107.0
obstacle
0.242884203792
15.0 205.0 89.0 24.0
obstacle
0.242349207401
77.0 187.0 44.0 13.0
obstacle
0.241967439651
123.0 169.0 97.0 93.0
obstacle
0.240926295519
53.0 201.0 91.0 23.0
obstacle
0.23948019743
151.0 170.0 118.0 95.0
obstacle
0.239071846008
118.0 201.0 100.0 27.0
obstacle
0.238199964166
203.0 203.0 95.0 30.0
obstacle
0.237274840474
15.0 189.0 169.0 54.0
obstacle
0.236104354262
15.0 181.0 93.0 26.0
obstacle
0.235519230366
161.0 227.0 100.0 27.0
obstacle
0.233270600438
182.0 214.0 138.0 105.0
obstacle
0.229909777641
438.0 158.0 62.0 26.0
obstacle
0.227495193481
422.0 184.0 42.0 14.0
obstacle
0.220360666513
32.0 258.0 358.0 71.0
obstacle
0.220115333796
404.0 159.0 80.0 25.0
obstacle
0.216824993491
346.0 203.0 38.0 21.0
obstacle
0.215520128608
63.0 223.0 216.0 41.0
obstacle
0.213683083653
48.0 216.0 98.0 101.0
obstacle
0.212074249983
13.0 229.0 91.0 23.0
obstacle
0.209292814136
257.0 209.0 141.0 114.0
obstacle
0.207178324461
167.0 180.0 83.0 29.0
obstacle
0.204262629151
387.0 151.0 108.0 81.0
obstacle
0.203996881843
9.0 252.0 97.0 30.0
obstacle
0.20274195075
113.0 166.0 191.0 56.0
obstacle
0.19595721364
51.0 169.0 94.0 91.0
obstacle
0.194153442979
279.0 137.0 221.0 112.0
obstacle
0.194137319922
119.0 248.0 106.0 36.0
obstacle
0.193573415279
0.0 205.0 67.0 26.0
obstacle
0.192318603396
45.0 250.0 100.0 33.0
obstacle
0.190844833851
0.0 164.0 154.0 58.0
obstacle
0.190147727728
122.0 189.0 26.0 51.0
obstacle
0.19000312686
301.0 226.0 123.0 23.0
obstacle
0.189829453826
308.0 189.0 43.0 12.0
obstacle
0.189762696624
20.0 247.0 228.0 39.0
obstacle
0.188136518002
116.0 202.0 37.0 21.0
obstacle
0.188047930598
82.0 249.0 103.0 34.0
obstacle
0.187308073044
84.0 186.0 26.0 60.0
obstacle
0.18543240428
0.0 230.0 67.0 24.0
obstacle
0.18444852531
80.0 170.0 32.0 45.0
obstacle
0.182361841202
248.0 204.0 89.0 27.0
obstacle
0.182155549526
71.0 227.0 123.0 23.0
obstacle
0.181835249066
114.0 227.0 114.0 26.0
obstacle
0.181731835008
461.0 161.0 37.0 13.0
obstacle
0.181443959475
3.0 210.0 34.0 14.0
obstacle
0.180035188794
462.0 205.0 34.0 18.0
obstacle
0.179262056947
469.0 171.0 28.0 39.0
obstacle
0.179066479206
0.0 273.0 202.0 39.0
obstacle
0.175977423787
426.0 168.0 33.0 46.0
obstacle
0.175828680396
352.0 211.0 105.0 110.0
obstacle
0.175786986947
9.0 217.0 99.0 98.0
obstacle
0.175598502159
159.0 248.0 103.0 36.0
obstacle
0.174372315407
7.0 307.0 254.0 26.0
obstacle
0.173673644662
352.0 201.0 89.0 24.0
obstacle
0.173287689686
82.0 206.0 31.0 68.0
obstacle
0.172583699226
208.0 179.0 85.0 29.0
obstacle
0.170701354742
198.0 248.0 103.0 36.0
obstacle
0.170196712017
313.0 170.0 29.0 45.0
obstacle
0.16978007555
13.0 171.0 92.0 89.0
obstacle
0.166978105903
116.0 307.0 267.0 26.0
obstacle
0.16693739593
436.0 147.0 64.0 88.0
obstacle
0.166584223509
235.0 248.0 106.0 36.0
obstacle
0.163421928883
194.0 258.0 306.0 73.0
obstacle
0.162002518773
351.0 143.0 149.0 56.0
obstacle
0.158435419202
354.0 190.0 146.0 51.0
obstacle
0.157923713326
319.0 192.0 18.0 49.0
obstacle
0.157019242644
231.0 307.0 267.0 26.0
obstacle
0.156923413277
389.0 202.0 99.0 22.0
obstacle
0.155563920736
315.0 210.0 26.0 59.0
obstacle
0.155412942171
96.0 160.0 72.0 24.0
obstacle
0.15353269875
243.0 179.0 103.0 31.0
obstacle
0.153458669782
49.0 272.0 248.0 39.0
obstacle
0.15271282196
40.0 185.0 39.0 13.0
obstacle
0.152502834797
248.0 248.0 231.0 36.0
obstacle
0.152325421572
42.0 207.0 35.0 15.0
obstacle
0.151044666767
82.0 206.0 32.0 15.0
obstacle
0.149732142687
328.0 159.0 71.0 26.0
obstacle
0.149363234639
39.0 242.0 37.0 47.0
obstacle
0.148728013039
115.0 241.0 38.0 49.0
obstacle
0.148612499237
77.0 240.0 38.0 51.0
obstacle
0.148034781218
121.0 200.0 32.0 79.0
obstacle
0.147604763508
3.0 234.0 35.0 16.0
obstacle
0.146984949708
91.0 103.0 394.0 133.0
obstacle
0.145850926638
45.0 228.0 101.0 23.0
obstacle
0.145114913583
186.0 141.0 128.0 105.0
obstacle
0.144545972347
315.0 208.0 30.0 13.0
obstacle
0.144158169627
34.0 259.0 47.0 66.0
obstacle
0.143583506346
385.0 169.0 34.0 48.0
obstacle
0.143417596817
270.0 248.0 112.0 35.0
obstacle
0.142561540008
155.0 244.0 34.0 44.0
obstacle
0.141766503453
70.0 254.0 51.0 75.0
obstacle
0.140475824475
0.0 181.0 64.0 25.0
obstacle
0.140313103795
426.0 162.0 34.0 11.0
obstacle
0.140000343323
393.0 253.0 95.0 28.0
obstacle
0.13942527771
155.0 188.0 33.0 11.0
obstacle
0.1387732476
91.0 245.0 240.0 42.0
obstacle
0.138682305813
392.0 214.0 102.0 105.0
obstacle
0.138546332717
0.0 277.0 120.0 30.0
obstacle
0.134873047471
269.0 245.0 35.0 41.0
obstacle
0.134117141366
193.0 245.0 34.0 41.0
obstacle
0.133973091841
107.0 253.0 54.0 77.0
obstacle
0.133567199111
162.0 198.0 24.0 40.0
obstacle
0.13309058547
231.0 245.0 34.0 41.0
obstacle
0.133008345962
279.0 228.0 97.0 25.0
obstacle
0.132539272308
307.0 244.0 37.0 43.0
obstacle
0.132512122393
63.0 160.0 69.0 24.0
obstacle
0.131664872169
237.0 273.0 256.0 38.0
obstacle
0.13038186729
376.0 259.0 53.0 67.0
obstacle
0.127698987722
383.0 242.0 40.0 47.0
obstacle
0.127116635442
352.0 251.0 101.0 32.0
obstacle
0.126416832209
354.0 203.0 28.0 73.0
obstacle
0.125610053539
4.0 186.0 30.0 12.0
obstacle
0.125064060092
267.0 225.0 193.0 34.0
obstacle
0.124277934432
0.0 220.0 151.0 45.0
obstacle
0.124061316252
425.0 204.0 33.0 17.0
obstacle
0.123852230608
35.0 147.0 195.0 50.0
obstacle
0.123810485005
424.0 246.0 37.0 40.0
obstacle
0.123447015882
428.0 144.0 30.0 47.0
obstacle
0.123341582716
465.0 5.0 31.0 13.0
obstacle
0.122883148491
344.0 241.0 42.0 48.0
obstacle
0.122228346765
429.0 190.0 29.0 51.0
obstacle
0.121984474361
212.0 155.0 77.0 26.0
obstacle
0.121567025781
279.0 193.0 20.0 53.0
obstacle
0.121235646307
145.0 255.0 53.0 74.0
obstacle
0.121001876891
99.0 277.0 71.0 31.0
obstacle
0.12040501833
196.0 210.0 28.0 12.0
obstacle
0.120238192379
336.0 256.0 57.0 72.0
obstacle
0.120142281055
295.0 158.0 69.0 26.0
obstacle
0.119934551418
158.0 209.0 27.0 12.0
obstacle
0.119872957468
38.0 229.0 42.0 23.0
obstacle
0.119817495346
231.0 133.0 117.0 122.0
obstacle
0.11940664798
236.0 211.0 28.0 12.0
obstacle
0.118521094322
385.0 186.0 35.0 11.0
obstacle
0.118160448968
419.0 264.0 46.0 57.0
obstacle
0.117389209569
18.0 158.0 82.0 23.0
obstacle
0.117025099695
161.0 213.0 27.0 55.0
obstacle
0.115140594542
290.0 130.0 74.0 25.0
obstacle
0.11505844444
262.0 148.0 203.0 49.0
obstacle
0.114658802748
251.0 104.0 75.0 25.0
obstacle
0.114655524492
252.0 130.0 74.0 25.0
obstacle
0.114596255124
290.0 104.0 74.0 25.0
obstacle
0.114305265248
213.0 104.0 75.0 25.0
obstacle
0.11392326653
174.0 104.0 76.0 25.0
obstacle
0.113326042891
135.0 104.0 76.0 25.0
obstacle
0.113276682794
184.0 255.0 52.0 74.0
obstacle
0.113198079169
42.0 169.0 32.0 48.0
obstacle
0.113176472485
213.0 130.0 75.0 25.0
obstacle
0.113044850528
158.0 171.0 29.0 47.0
obstacle
0.112652510405
60.0 278.0 71.0 29.0
obstacle
0.11237475276
237.0 221.0 25.0 40.0
obstacle
0.112276546657
222.0 255.0 53.0 74.0
obstacle
0.112210340798
173.0 155.0 75.0 27.0
obstacle
0.111526705325
199.0 194.0 25.0 51.0
obstacle
0.111304625869
0.0 152.0 222.0 130.0
obstacle
0.111088506877
370.0 279.0 66.0 27.0
obstacle
0.110948674381
175.0 130.0 74.0 25.0
obstacle
0.110633760691
442.0 3.0 58.0 23.0
obstacle
0.11014059186
260.0 255.0 54.0 74.0
obstacle
0.109555013478
331.0 278.0 67.0 29.0
obstacle
0.109465606511
289.0 80.0 77.0 23.0
obstacle
0.109463118017
0.0 2.0 58.0 23.0
obstacle
0.10939181596
251.0 80.0 76.0 23.0
obstacle
0.109213232994
298.0 256.0 55.0 73.0
obstacle
0.109048195183
434.0 256.0 66.0 26.0
obstacle
0.109028361738
309.0 250.0 111.0 32.0
obstacle
0.108829468489
68.0 240.0 135.0 93.0
obstacle
0.10875312984
403.0 132.0 79.0 22.0
obstacle
0.108752131462
212.0 80.0 77.0 23.0
obstacle
0.108437232673
142.0 278.0 62.0 28.0
obstacle
0.108388721943
472.0 144.0 24.0 48.0
obstacle
0.108195640147
174.0 80.0 76.0 23.0
obstacle
0.107766740024
0.0 284.0 43.0 19.0
obstacle
0.107485361397
402.0 81.0 82.0 20.0
obstacle
0.107344806194
375.0 173.0 53.0 82.0
obstacle
0.107264943421
135.0 80.0 77.0 23.0
obstacle
0.107256084681
275.0 219.0 26.0 43.0
obstacle
0.107007607818
16.0 132.0 81.0 21.0
obstacle
0.10656965524
367.0 106.0 75.0 22.0
obstacle
0.106225721538
402.0 106.0 81.0 21.0
obstacle
0.105870954692
43.0 193.0 30.0 48.0
obstacle
0.105677135289
0.0 156.0 62.0 23.0
obstacle
0.105674684048
368.0 131.0 74.0 24.0
obstacle
0.105453334749
74.0 227.0 46.0 26.0
obstacle
0.104190424085
367.0 81.0 76.0 21.0
obstacle
0.104029595852
16.0 106.0 81.0 21.0
obstacle
0.104006014764
136.0 130.0 74.0 24.0
obstacle
0.10357016325
3.0 6.0 31.0 11.0
obstacle
0.103176951408
307.0 121.0 115.0 97.0
obstacle
0.10288464278
329.0 105.0 74.0 22.0
obstacle
0.102696277201
198.0 171.0 26.0 47.0
obstacle
0.102566383779
306.0 227.0 44.0 27.0
obstacle
0.102530740201
16.0 81.0 82.0 20.0
obstacle
0.102482013404
329.0 131.0 74.0 22.0
obstacle
0.102393642068
407.0 54.0 71.0 18.0
obstacle
0.10236595571
296.0 53.0 63.0 20.0
obstacle
0.102090314031
392.0 217.0 28.0 47.0
obstacle
0.101998619735
42.0 216.0 32.0 48.0
obstacle
0.101961173117
3.0 196.0 22.0 45.0
obstacle
0.101817548275
3.0 221.0 22.0 44.0
obstacle
0.101623117924
257.0 53.0 63.0 20.0
obstacle
0.101480469108
136.0 240.0 152.0 93.0
obstacle
0.101385690272
81.0 163.0 29.0 10.0
obstacle
0.101208537817
237.0 193.0 25.0 53.0
obstacle
0.100807718933
293.0 29.0 67.0 19.0
obstacle
0.100704535842
143.0 137.0 213.0 60.0
obstacle
0.100660696626
219.0 53.0 63.0 20.0
obstacle
0.100527577102
254.0 29.0 68.0 19.0
obstacle
0.100404523313
0.0 259.0 41.0 18.0
obstacle
0.100380770862
220.0 279.0 60.0 27.0
obstacle
0.100283846259
181.0 279.0 60.0 27.0
obstacle
0.100281827152
3.0 173.0 22.0 41.0
obstacle
0.100157350302
180.0 53.0 63.0 20.0
obstacle
0.10007853061
216.0 29.0 67.0 19.0
obstacle
0.0999990925193
177.0 29.0 68.0 19.0
obstacle
0.0997049286962
22.0 54.0 69.0 18.0
obstacle
0.0996326804161
142.0 53.0 63.0 19.0
obstacle
0.0996231362224
199.0 219.0 26.0 44.0
obstacle
0.0996138453484
139.0 29.0 67.0 19.0
obstacle
0.0993485376239
328.0 81.0 76.0 20.0
obstacle
0.0991991683841
442.0 54.0 58.0 21.0
obstacle
0.0990622118115
212.0 240.0 154.0 93.0
obstacle
0.0981435850263
258.0 279.0 60.0 27.0
obstacle
0.0980247110128
314.0 138.0 27.0 63.0
obstacle
0.097585760057
440.0 80.0 60.0 22.0
obstacle
0.0974962562323
335.0 54.0 62.0 18.0
obstacle
0.0971583276987
388.0 229.0 102.0 21.0
obstacle
0.0971481651068
296.0 279.0 61.0 27.0
obstacle
0.0969579294324
0.0 53.0 59.0 22.0
obstacle
0.0969361364841
0.0 305.0 142.0 26.0
obstacle
0.09684497118
352.0 229.0 99.0 22.0
obstacle
0.0966862291098
3.0 150.0 22.0 37.0
obstacle
0.0960218682885
0.0 130.0 61.0 23.0
obstacle
0.0954463779926
474.0 191.0 23.0 51.0
obstacle
0.0949915274978
293.0 239.0 146.0 94.0
obstacle
0.0944259762764
3.0 125.0 23.0 35.0
obstacle
0.0943336859345
120.0 139.0 30.0 61.0
obstacle
0.0942584350705
236.0 172.0 26.0 45.0
obstacle
0.0941817462444
373.0 54.0 63.0 18.0
obstacle
0.0940547063947
440.0 29.0 60.0 21.0
obstacle
0.0937482342124
0.0 105.0 60.0 23.0
obstacle
0.0936603173614
473.0 73.0 23.0 34.0
obstacle
0.0935828462243
0.0 79.0 61.0 23.0
obstacle
0.0933545306325
473.0 99.0 23.0 34.0
obstacle
0.0933076515794
57.0 106.0 75.0 22.0
obstacle
0.0931942984462
3.0 99.0 23.0 35.0
obstacle
0.0930675566196
331.0 30.0 67.0 17.0
obstacle
0.0924322754145
197.0 187.0 26.0 11.0
obstacle
0.0921669155359
406.0 4.0 71.0 20.0
obstacle
0.092050857842
83.0 118.0 104.0 103.0
obstacle
0.091959156096
474.0 217.0 23.0 51.0
obstacle
0.0918108150363
0.0 28.0 60.0 21.0
obstacle
0.0917121767998
440.0 105.0 60.0 23.0
obstacle
0.0914587303996
57.0 81.0 77.0 20.0
obstacle
0.0909674465656
58.0 132.0 74.0 22.0
obstacle
0.0905433148146
280.0 211.0 22.0 9.0
obstacle
0.0903322026134
133.0 157.0 73.0 27.0
obstacle
0.0902480557561
0.0 266.0 29.0 56.0
obstacle
0.0901997238398
100.0 30.0 67.0 17.0
obstacle
0.090145803988
467.0 134.0 27.0 12.0
obstacle
0.089994110167
21.0 4.0 71.0 20.0
obstacle
0.0899422541261
338.0 221.0 53.0 37.0
obstacle
0.0893155634403
176.0 4.0 69.0 20.0
obstacle
0.0892531946301
467.0 83.0 27.0 13.0
obstacle
0.0891950279474
473.0 124.0 23.0 37.0
obstacle
0.0891554877162
138.0 4.0 69.0 20.0
obstacle
0.0890943259001
3.0 74.0 23.0 34.0
obstacle
0.0890601202846
104.0 54.0 61.0 17.0
