obstacle
0.581224620342
239.0 71.0 90.0 26.0
obstacle
0.541801333427
55.0 128.0 310.0 83.0
obstacle
0.466352164745
218.0 73.0 82.0 23.0
obstacle
0.430573821068
60.0 146.0 225.0 52.0
obstacle
0.41292744875
194.0 140.0 171.0 44.0
obstacle
0.358093768358
204.0 63.0 162.0 42.0
obstacle
0.349475353956
271.0 75.0 90.0 25.0
obstacle
0.325435996056
267.0 81.0 42.0 18.0
obstacle
0.31433224678
106.0 113.0 287.0 74.0
obstacle
0.301741600037
247.0 60.0 76.0 23.0
obstacle
0.287941545248
318.0 78.0 82.0 23.0
obstacle
0.266829937696
224.0 60.0 68.0 22.0
obstacle
0.259475886822
36.0 145.0 149.0 50.0
obstacle
0.249850764871
12.0 252.0 89.0 30.0
obstacle
0.249228268862
263.0 148.0 95.0 29.0
obstacle
0.246171057224
61.0 103.0 70.0 27.0
obstacle
0.242796465755
179.0 78.0 80.0 21.0
obstacle
0.241789475083
140.0 80.0 74.0 20.0
obstacle
0.238745108247
236.0 83.0 38.0 15.0
obstacle
0.236130312085
233.0 135.0 104.0 63.0
obstacle
0.228766828775
62.0 54.0 376.0 123.0
obstacle
0.219065591693
272.0 78.0 30.0 16.0
obstacle
0.20619431138
180.0 50.0 150.0 73.0
obstacle
0.203618779778
74.0 155.0 136.0 33.0
obstacle
0.203015625477
238.0 33.0 25.0 63.0
obstacle
0.201503098011
19.0 105.0 79.0 24.0
obstacle
0.201200604439
274.0 31.0 27.0 67.0
obstacle
0.198301613331
240.0 71.0 23.0 31.0
obstacle
0.196084931493
305.0 85.0 37.0 12.0
obstacle
0.193064197898
51.0 252.0 86.0 30.0
obstacle
0.189804464579
92.0 157.0 152.0 55.0
obstacle
0.189412936568
99.0 101.0 72.0 28.0
obstacle
0.18622174859
402.0 232.0 81.0 22.0
obstacle
0.179681137204
145.0 54.0 62.0 20.0
obstacle
0.171767547727
144.0 177.0 63.0 20.0
obstacle
0.170678988099
231.0 101.0 37.0 18.0
obstacle
0.170289173722
140.0 31.0 360.0 116.0
obstacle
0.166486546397
146.0 43.0 219.0 60.0
obstacle
0.165542662144
362.0 80.0 80.0 22.0
obstacle
0.165516227484
313.0 23.0 23.0 85.0
obstacle
0.1611944139
227.0 116.0 39.0 44.0
obstacle
0.157753169537
260.0 65.0 201.0 50.0
obstacle
0.157624915242
269.0 99.0 36.0 21.0
obstacle
0.156450390816
102.0 82.0 70.0 18.0
obstacle
0.153781801462
5.0 222.0 107.0 89.0
obstacle
0.153150185943
181.0 55.0 73.0 22.0
obstacle
0.151845917106
224.0 135.0 120.0 30.0
obstacle
0.151209995151
18.0 81.0 80.0 21.0
obstacle
0.150979965925
399.0 207.0 85.0 23.0
obstacle
0.15038689971
140.0 104.0 360.0 120.0
obstacle
0.14984254539
199.0 23.0 25.0 85.0
obstacle
0.149693459272
61.0 82.0 71.0 20.0
obstacle
0.148594379425
329.0 55.0 64.0 19.0
obstacle
0.148303180933
39.0 245.0 37.0 41.0
obstacle
0.147771090269
91.0 253.0 84.0 27.0
obstacle
0.147576794028
439.0 232.0 61.0 23.0
obstacle
0.147434681654
23.0 14.0 380.0 105.0
obstacle
0.146042823792
42.0 218.0 109.0 98.0
obstacle
0.145789042115
146.0 259.0 354.0 72.0
obstacle
0.145723864436
346.0 83.0 35.0 15.0
obstacle
0.145514205098
75.0 109.0 43.0 14.0
obstacle
0.144211322069
96.0 59.0 159.0 112.0
obstacle
0.141249522567
265.0 119.0 39.0 41.0
obstacle
0.14074985683
399.0 254.0 85.0 28.0
obstacle
0.140439882874
260.0 211.0 136.0 113.0
obstacle
0.13955232501
138.0 99.0 76.0 29.0
obstacle
0.137658283114
240.0 75.0 21.0 78.0
obstacle
0.137458950281
351.0 216.0 107.0 103.0
obstacle
0.135612338781
189.0 306.0 274.0 27.0
obstacle
0.134898334742
0.0 246.0 159.0 42.0
obstacle
0.13400901854
81.0 93.0 32.0 44.0
obstacle
0.133768424392
39.0 90.0 274.0 50.0
obstacle
0.132936105132
0.0 110.0 284.0 79.0
obstacle
0.130695134401
186.0 100.0 61.0 26.0
obstacle
0.130600273609
356.0 156.0 81.0 23.0
obstacle
0.130435675383
280.0 56.0 77.0 23.0
obstacle
0.128461405635
5.0 134.0 28.0 10.0
obstacle
0.12843132019
438.0 207.0 62.0 24.0
obstacle
0.128093123436
0.0 91.0 201.0 51.0
obstacle
0.126770526171
191.0 112.0 33.0 52.0
obstacle
0.126484856009
130.0 253.0 83.0 27.0
obstacle
0.126167520881
0.0 307.0 270.0 26.0
obstacle
0.125798776746
223.0 98.0 59.0 25.0
obstacle
0.125761836767
268.0 63.0 40.0 12.0
obstacle
0.125308722258
117.0 90.0 34.0 48.0
obstacle
0.124885812402
0.0 104.0 63.0 24.0
obstacle
0.124681092799
353.0 31.0 24.0 68.0
obstacle
0.124621815979
365.0 232.0 78.0 22.0
obstacle
0.124463163316
387.0 84.0 31.0 13.0
obstacle
0.123157724738
465.0 210.0 30.0 14.0
obstacle
0.123139478266
465.0 5.0 31.0 13.0
obstacle
0.123013392091
371.0 54.0 63.0 19.0
obstacle
0.122947469354
401.0 80.0 82.0 21.0
obstacle
0.122572563589
361.0 253.0 84.0 30.0
obstacle
0.122235015035
78.0 242.0 36.0 47.0
obstacle
0.121698647738
265.0 160.0 39.0 19.0
obstacle
0.121659502387
351.0 73.0 32.0 32.0
obstacle
0.121536329389
106.0 54.0 60.0 17.0
obstacle
0.121436536312
285.0 137.0 62.0 57.0
obstacle
0.119463078678
39.0 108.0 37.0 14.0
obstacle
0.119328193367
160.0 71.0 26.0 33.0
obstacle
0.118574418128
115.0 175.0 60.0 19.0
obstacle
0.118300072849
266.0 205.0 112.0 23.0
obstacle
0.118201844394
238.0 127.0 148.0 49.0
obstacle
0.118102893233
141.0 30.0 65.0 18.0
obstacle
0.117746777833
232.0 64.0 38.0 10.0
obstacle
0.117180250585
157.0 86.0 29.0 55.0
obstacle
0.117123611271
5.0 109.0 29.0 12.0
obstacle
0.116745904088
170.0 254.0 81.0 26.0
obstacle
0.11651071161
275.0 195.0 165.0 47.0
obstacle
0.116410799325
22.0 54.0 69.0 19.0
obstacle
0.11616794765
0.0 79.0 62.0 23.0
obstacle
0.114991083741
377.0 264.0 51.0 59.0
obstacle
0.114957608283
22.0 156.0 100.0 27.0
obstacle
0.114740744233
207.0 253.0 83.0 28.0
obstacle
0.114579342306
384.0 249.0 37.0 35.0
obstacle
0.113630384207
388.0 217.0 111.0 101.0
obstacle
0.113622300327
336.0 262.0 56.0 62.0
obstacle
0.113608948886
264.0 51.0 115.0 76.0
obstacle
0.11355009675
323.0 144.0 86.0 143.0
obstacle
0.113525211811
49.0 69.0 95.0 93.0
obstacle
0.112778156996
424.0 249.0 36.0 35.0
obstacle
0.112386144698
407.0 54.0 70.0 19.0
obstacle
0.11210694164
400.0 157.0 82.0 21.0
obstacle
0.111817352474
464.0 235.0 32.0 15.0
obstacle
0.111645624042
49.0 65.0 252.0 52.0
obstacle
0.111594699323
437.0 256.0 63.0 26.0
obstacle
0.111557736993
119.0 201.0 337.0 131.0
obstacle
0.111303858459
400.0 131.0 82.0 22.0
obstacle
0.110716857016
162.0 85.0 28.0 15.0
obstacle
0.110477894545
400.0 105.0 83.0 22.0
obstacle
0.11046744138
98.0 161.0 67.0 21.0
obstacle
0.110395081341
442.0 3.0 58.0 23.0
obstacle
0.110306590796
0.0 2.0 58.0 23.0
obstacle
0.110262826085
10.0 207.0 25.0 13.0
obstacle
0.110034704208
298.0 261.0 55.0 63.0
obstacle
0.109810762107
2.0 209.0 342.0 115.0
obstacle
0.109645850956
400.0 182.0 82.0 22.0
obstacle
0.108812220395
260.0 131.0 49.0 22.0
obstacle
0.107731930912
0.0 53.0 59.0 22.0
obstacle
0.107706926763
42.0 96.0 32.0 39.0
obstacle
0.107677765191
114.0 149.0 190.0 36.0
obstacle
0.107506804168
142.0 160.0 56.0 21.0
obstacle
0.106897555292
473.0 225.0 22.0 36.0
obstacle
0.106481947005
243.0 253.0 88.0 30.0
obstacle
0.106169462204
280.0 85.0 18.0 57.0
obstacle
0.105761878192
320.0 253.0 88.0 30.0
obstacle
0.105643756688
0.0 231.0 68.0 23.0
obstacle
0.105635330081
35.0 260.0 44.0 64.0
obstacle
0.105583868921
0.0 260.0 40.0 17.0
obstacle
0.105007201433
344.0 248.0 41.0 36.0
obstacle
0.104789480567
3.0 6.0 31.0 11.0
obstacle
0.104743972421
0.0 272.0 172.0 42.0
obstacle
0.104029931128
66.0 213.0 139.0 109.0
obstacle
0.102787405252
181.0 30.0 61.0 18.0
obstacle
0.102286309004
219.0 131.0 53.0 19.0
obstacle
0.102141186595
298.0 282.0 57.0 23.0
obstacle
0.101698577404
166.0 62.0 169.0 106.0
obstacle
0.101658947766
442.0 54.0 58.0 21.0
obstacle
0.101538300514
280.0 252.0 91.0 31.0
obstacle
0.101528696716
72.0 257.0 47.0 70.0
obstacle
0.101376250386
261.0 260.0 52.0 65.0
obstacle
0.101325646043
203.0 67.0 21.0 43.0
obstacle
0.101229958236
306.0 247.0 39.0 38.0
obstacle
0.101200036705
310.0 206.0 102.0 21.0
obstacle
0.101000696421
65.0 54.0 62.0 18.0
obstacle
0.100900098681
197.0 105.0 31.0 14.0
obstacle
0.100784793496
248.0 96.0 74.0 25.0
obstacle
0.100725293159
3.0 97.0 22.0 40.0
obstacle
0.100669935346
335.0 282.0 60.0 23.0
obstacle
0.100500702858
472.0 200.0 24.0 37.0
obstacle
0.100422881544
47.0 230.0 97.0 21.0
obstacle
0.100417204201
440.0 80.0 60.0 22.0
obstacle
0.100346125662
420.0 267.0 44.0 52.0
obstacle
0.0999185666442
101.0 30.0 66.0 17.0
obstacle
0.0997941419482
172.0 215.0 159.0 107.0
obstacle
0.0983368828893
80.0 109.0 31.0 59.0
obstacle
0.0981305018067
71.0 123.0 133.0 103.0
obstacle
0.0980390906334
0.0 280.0 72.0 26.0
obstacle
0.0977060869336
3.0 73.0 22.0 36.0
obstacle
0.0976217985153
259.0 177.0 55.0 19.0
obstacle
0.0975623950362
160.0 35.0 24.0 60.0
obstacle
0.097301594913
439.0 182.0 61.0 23.0
obstacle
0.0972670465708
350.0 108.0 24.0 70.0
obstacle
0.0972661152482
259.0 283.0 58.0 23.0
obstacle
0.0970087349415
300.0 139.0 195.0 56.0
obstacle
0.0968222171068
172.0 115.0 153.0 111.0
obstacle
0.0965196490288
25.0 148.0 75.0 81.0
obstacle
0.0965072289109
425.0 209.0 34.0 16.0
obstacle
0.096384011209
342.0 192.0 158.0 52.0
obstacle
0.095181286335
0.0 28.0 60.0 22.0
obstacle
0.0951172187924
228.0 29.0 115.0 79.0
obstacle
0.0950055420399
466.0 185.0 28.0 13.0
obstacle
0.0948212444782
440.0 29.0 60.0 21.0
obstacle
0.0947452113032
43.0 188.0 415.0 65.0
obstacle
0.0943302586675
29.0 134.0 75.0 24.0
obstacle
0.0942336544394
473.0 73.0 23.0 34.0
obstacle
0.0941640213132
375.0 283.0 56.0 22.0
obstacle
0.0938808992505
332.0 30.0 65.0 18.0
obstacle
0.0936470553279
473.0 99.0 23.0 34.0
obstacle
0.0935544148088
472.0 175.0 24.0 36.0
obstacle
0.0934284850955
440.0 105.0 60.0 23.0
obstacle
0.093416005373
270.0 98.0 92.0 98.0
obstacle
0.0933402180672
154.0 108.0 29.0 62.0
obstacle
0.0931347161531
473.0 124.0 23.0 35.0
obstacle
0.0931062996387
0.0 131.0 68.0 24.0
obstacle
0.0929923728108
466.0 83.0 29.0 13.0
obstacle
0.0928090959787
0.0 143.0 59.0 98.0
obstacle
0.0927095860243
388.0 107.0 28.0 12.0
obstacle
0.0924756526947
473.0 150.0 23.0 35.0
obstacle
0.0924567356706
43.0 111.0 33.0 59.0
obstacle
0.0924219936132
439.0 131.0 61.0 23.0
obstacle
0.0923027843237
406.0 4.0 71.0 20.0
obstacle
0.0920276418328
467.0 108.0 27.0 13.0
obstacle
0.0919746533036
109.0 256.0 49.0 72.0
obstacle
0.0918997004628
116.0 107.0 31.0 62.0
obstacle
0.091808848083
199.0 85.0 24.0 58.0
obstacle
0.091651558876
386.0 159.0 29.0 12.0
obstacle
0.0916286408901
312.0 303.0 188.0 30.0
obstacle
0.091526016593
268.0 245.0 38.0 42.0
obstacle
0.0914063155651
21.0 4.0 71.0 20.0
obstacle
0.0913122370839
1.0 247.0 26.0 43.0
obstacle
0.0911296755075
177.0 4.0 68.0 20.0
obstacle
0.0909375920892
439.0 156.0 61.0 23.0
obstacle
0.0908872112632
185.0 272.0 283.0 41.0
obstacle
0.0908419638872
467.0 134.0 27.0 12.0
obstacle
0.0904303863645
5.0 84.0 28.0 12.0
obstacle
0.0903960764408
103.0 281.0 62.0 26.0
obstacle
0.0903584286571
362.0 104.0 80.0 23.0
obstacle
0.0901364907622
0.0 257.0 305.0 75.0
obstacle
0.089996099472
405.0 29.0 74.0 19.0
obstacle
0.0897981077433
81.0 230.0 102.0 20.0
obstacle
0.0897161066532
138.0 4.0 69.0 20.0
obstacle
0.0896044000983
64.0 280.0 63.0 26.0
obstacle
0.0894750654697
67.0 163.0 60.0 16.0
obstacle
0.089163608849
467.0 159.0 27.0 13.0
obstacle
0.0891321375966
310.0 119.0 27.0 45.0
obstacle
0.0891308709979
0.0 207.0 59.0 20.0
obstacle
0.0890653580427
236.0 205.0 95.0 23.0
obstacle
0.0887974351645
429.0 225.0 28.0 32.0
obstacle
0.0887032076716
19.0 29.0 74.0 19.0
obstacle
0.0886320993304
123.0 86.0 26.0 14.0
obstacle
0.0886157378554
221.0 284.0 57.0 22.0
obstacle
0.0885144770145
370.0 30.0 67.0 18.0
obstacle
0.0882679671049
358.0 132.0 82.0 22.0
obstacle
0.0881702825427
389.0 74.0 29.0 32.0
obstacle
0.088138513267
284.0 134.0 83.0 164.0
obstacle
0.0880681574345
215.0 4.0 68.0 20.0
obstacle
0.0876018181443
224.0 258.0 49.0 69.0
obstacle
0.0875724628568
228.0 161.0 41.0 16.0
obstacle
0.0875668600202
1.0 128.0 206.0 45.0
obstacle
0.0875543653965
3.0 235.0 33.0 15.0
obstacle
0.0874125957489
73.0 135.0 39.0 11.0
obstacle
0.0870591774583
2.0 221.0 23.0 45.0
obstacle
0.0869659483433
144.0 283.0 57.0 23.0
obstacle
0.0867874547839
187.0 159.0 46.0 18.0
obstacle
0.0862646251917
473.0 43.0 22.0 43.0
obstacle
0.0862312763929
186.0 131.0 44.0 16.0
obstacle
0.0859285369515
292.0 4.0 68.0 20.0
obstacle
0.0858869105577
336.0 220.0 164.0 47.0
obstacle
0.0857707411051
115.0 239.0 37.0 53.0
obstacle
0.0854251980782
285.0 177.0 66.0 22.0
obstacle
0.0852023437619
220.0 31.0 58.0 17.0
obstacle
0.0848341733217
389.0 133.0 27.0 11.0
obstacle
0.0848013907671
254.0 4.0 68.0 20.0
obstacle
0.0846083164215
314.0 104.0 24.0 12.0
obstacle
0.0845482945442
178.0 90.0 215.0 52.0
obstacle
0.0844228044152
109.0 133.0 41.0 13.0
obstacle
0.0844158455729
3.0 44.0 22.0 43.0
obstacle
0.0841966345906
330.0 4.0 69.0 20.0
obstacle
0.0840337052941
198.0 60.0 28.0 10.0
obstacle
0.0839929357171
61.0 30.0 68.0 18.0
obstacle
0.0839782357216
100.0 4.0 68.0 20.0
obstacle
0.0838901698589
471.0 249.0 26.0 38.0
obstacle
0.0836483165622
0.0 183.0 59.0 17.0
obstacle
0.0833511725068
42.0 180.0 50.0 14.0
obstacle
0.0832941010594
148.0 256.0 47.0 72.0
obstacle
0.0829225853086
71.0 135.0 67.0 24.0
obstacle
0.0826847180724
428.0 200.0 30.0 35.0
obstacle
0.0825863927603
105.0 229.0 129.0 21.0
obstacle
0.0821180045605
161.0 167.0 24.0 40.0
obstacle
0.0820448622108
39.0 135.0 34.0 10.0
obstacle
0.0818293690681
369.0 4.0 69.0 20.0
obstacle
0.0809914246202
184.0 284.0 55.0 22.0
obstacle
0.080897577107
352.0 104.0 25.0 12.0
obstacle
0.0808721110225
61.0 4.0 69.0 20.0
obstacle
0.08079020679
302.0 38.0 120.0 105.0
obstacle
0.0807477012277
116.0 278.0 112.0 28.0
obstacle
0.0806825980544
145.0 36.0 140.0 106.0
obstacle
0.0806443095207
469.0 271.0 29.0 47.0
obstacle
0.0805191919208
202.0 85.0 29.0 13.0
obstacle
0.0804247111082
386.0 208.0 32.0 15.0
obstacle
0.0803782939911
44.0 34.0 261.0 66.0
obstacle
0.0803769603372
299.0 113.0 200.0 61.0
obstacle
0.0803307369351
76.0 278.0 115.0 28.0
obstacle
0.0802345201373
85.0 152.0 33.0 24.0
obstacle
0.079698652029
15.0 184.0 18.0 9.0
obstacle
0.0794875025749
466.0 58.0 29.0 12.0
obstacle
0.078499250114
153.0 162.0 347.0 114.0
obstacle
0.078417815268
305.0 153.0 89.0 24.0
