obstacle
0.572613060474
21.0 34.0 83.0 26.0
obstacle
0.507621943951
10.0 125.0 328.0 95.0
obstacle
0.503562510014
77.0 139.0 346.0 100.0
obstacle
0.415271669626
198.0 153.0 177.0 48.0
obstacle
0.404849261045
143.0 158.0 224.0 62.0
obstacle
0.370639175177
47.0 150.0 178.0 48.0
obstacle
0.365556538105
0.0 26.0 131.0 42.0
obstacle
0.349484562874
15.0 85.0 394.0 119.0
obstacle
0.324191987514
212.0 170.0 139.0 33.0
obstacle
0.316869825125
79.0 157.0 114.0 32.0
obstacle
0.315718322992
228.0 159.0 120.0 33.0
obstacle
0.293065607548
61.0 160.0 89.0 26.0
obstacle
0.285486102104
226.0 156.0 117.0 69.0
obstacle
0.281023710966
69.0 158.0 227.0 66.0
obstacle
0.270668774843
50.0 45.0 67.0 22.0
obstacle
0.248416349292
36.0 22.0 42.0 27.0
obstacle
0.242691472173
58.0 173.0 96.0 26.0
obstacle
0.237353473902
110.0 147.0 220.0 56.0
obstacle
0.233292207122
179.0 145.0 143.0 99.0
obstacle
0.230363205075
43.0 50.0 35.0 21.0
obstacle
0.223458692431
31.0 36.0 56.0 19.0
obstacle
0.215001165867
0.0 258.0 361.0 73.0
obstacle
0.20955196023
69.0 169.0 143.0 34.0
obstacle
0.208287134767
29.0 159.0 156.0 56.0
obstacle
0.207832992077
157.0 126.0 31.0 82.0
obstacle
0.187732115388
144.0 258.0 356.0 73.0
obstacle
0.187516912818
264.0 162.0 45.0 16.0
obstacle
0.187108546495
96.0 130.0 78.0 27.0
obstacle
0.186962753534
107.0 160.0 53.0 15.0
obstacle
0.184773623943
108.0 172.0 362.0 85.0
obstacle
0.182439386845
19.0 172.0 81.0 86.0
obstacle
0.182351231575
193.0 115.0 307.0 114.0
obstacle
0.178271457553
24.0 206.0 73.0 21.0
obstacle
0.174268811941
232.0 144.0 33.0 43.0
obstacle
0.173469722271
306.0 155.0 34.0 22.0
obstacle
0.172778844833
141.0 174.0 153.0 36.0
obstacle
0.172763600945
105.0 97.0 136.0 92.0
obstacle
0.172395184636
141.0 171.0 70.0 87.0
obstacle
0.171868234873
4.0 208.0 33.0 15.0
obstacle
0.171842247248
72.0 114.0 204.0 60.0
obstacle
0.169543311
197.0 132.0 30.0 67.0
obstacle
0.167918428779
356.0 157.0 82.0 25.0
obstacle
0.164801374078
148.0 204.0 63.0 19.0
obstacle
0.164609059691
0.0 32.0 74.0 23.0
obstacle
0.163605615497
21.0 180.0 85.0 22.0
obstacle
0.163310185075
136.0 104.0 73.0 26.0
obstacle
0.162978336215
0.0 166.0 364.0 98.0
obstacle
0.161544039845
112.0 137.0 43.0 57.0
obstacle
0.161289125681
5.0 184.0 32.0 13.0
obstacle
0.160914450884
133.0 127.0 80.0 30.0
obstacle
0.160044148564
0.0 204.0 67.0 25.0
obstacle
0.158710613847
55.0 143.0 93.0 92.0
obstacle
0.158680930734
0.0 180.0 68.0 25.0
obstacle
0.158057376742
79.0 141.0 37.0 50.0
obstacle
0.155051916838
95.0 133.0 88.0 115.0
obstacle
0.154933795333
253.0 196.0 148.0 137.0
obstacle
0.154597967863
97.0 206.0 153.0 121.0
obstacle
0.154165610671
175.0 104.0 70.0 26.0
obstacle
0.152578353882
175.0 128.0 74.0 29.0
obstacle
0.151937410235
0.0 307.0 269.0 26.0
obstacle
0.151463031769
44.0 214.0 107.0 106.0
obstacle
0.150355324149
98.0 186.0 162.0 56.0
obstacle
0.150078997016
235.0 141.0 234.0 63.0
obstacle
0.149862319231
273.0 135.0 26.0 10.0
obstacle
0.149733841419
34.0 265.0 46.0 55.0
obstacle
0.148962795734
170.0 201.0 161.0 130.0
obstacle
0.14824552834
252.0 203.0 70.0 24.0
obstacle
0.148077458143
117.0 134.0 35.0 12.0
obstacle
0.146416813135
234.0 135.0 27.0 9.0
obstacle
0.145257070661
4.0 217.0 109.0 100.0
obstacle
0.145045489073
273.0 203.0 89.0 27.0
obstacle
0.144525811076
188.0 203.0 57.0 18.0
obstacle
0.144408032298
0.0 279.0 113.0 30.0
obstacle
0.14379554987
305.0 155.0 95.0 28.0
obstacle
0.143046811223
150.0 307.0 275.0 26.0
obstacle
0.142928943038
83.0 182.0 36.0 13.0
obstacle
0.14090873301
75.0 163.0 46.0 13.0
obstacle
0.138636231422
60.0 132.0 74.0 24.0
obstacle
0.138491004705
256.0 191.0 195.0 58.0
obstacle
0.138369977474
214.0 104.0 69.0 25.0
obstacle
0.138367563486
0.0 189.0 152.0 58.0
obstacle
0.138124883175
39.0 104.0 109.0 23.0
obstacle
0.137314066291
0.0 103.0 117.0 23.0
obstacle
0.137133464217
90.0 52.0 66.0 19.0
obstacle
0.136712789536
77.0 21.0 31.0 36.0
obstacle
0.136664271355
197.0 135.0 26.0 9.0
obstacle
0.136223241687
38.0 197.0 344.0 136.0
obstacle
0.134844526649
69.0 261.0 53.0 63.0
obstacle
0.134477645159
0.0 273.0 167.0 41.0
obstacle
0.134419575334
170.0 249.0 233.0 33.0
obstacle
0.134226992726
80.0 135.0 32.0 11.0
obstacle
0.133897349238
140.0 53.0 61.0 19.0
obstacle
0.13386695087
101.0 203.0 73.0 19.0
obstacle
0.133851766586
0.0 0.0 200.0 86.0
obstacle
0.133668407798
9.0 254.0 95.0 29.0
obstacle
0.132102876902
160.0 134.0 26.0 10.0
obstacle
0.132006064057
5.0 7.0 26.0 9.0
obstacle
0.131501689553
86.0 185.0 24.0 60.0
obstacle
0.130863204598
7.0 13.0 22.0 53.0
obstacle
0.130381911993
224.0 161.0 47.0 14.0
obstacle
0.130342692137
355.0 181.0 83.0 23.0
obstacle
0.129090934992
4.0 133.0 30.0 13.0
obstacle
0.128704220057
288.0 156.0 60.0 65.0
obstacle
0.128556653857
0.0 135.0 173.0 68.0
obstacle
0.127632334828
15.0 130.0 86.0 24.0
obstacle
0.126726388931
218.0 129.0 64.0 28.0
obstacle
0.126426056027
0.0 129.0 65.0 24.0
obstacle
0.126352831721
231.0 186.0 38.0 17.0
obstacle
0.12479699403
46.0 206.0 30.0 16.0
obstacle
0.124720662832
114.0 182.0 43.0 17.0
obstacle
0.124536365271
12.0 157.0 105.0 25.0
obstacle
0.124404378235
267.0 185.0 36.0 18.0
obstacle
0.123315379024
253.0 104.0 69.0 25.0
obstacle
0.122256428003
465.0 5.0 31.0 13.0
obstacle
0.120215825737
137.0 29.0 67.0 19.0
obstacle
0.120206385851
115.0 155.0 119.0 30.0
obstacle
0.120022632182
88.0 166.0 22.0 48.0
obstacle
0.119834698737
442.0 53.0 58.0 22.0
obstacle
0.119386740029
400.0 157.0 81.0 22.0
obstacle
0.118728391826
5.0 159.0 30.0 12.0
obstacle
0.118677318096
38.0 247.0 39.0 38.0
obstacle
0.118572242558
81.0 203.0 34.0 19.0
obstacle
0.118540808558
15.0 213.0 394.0 64.0
obstacle
0.118449747562
234.0 228.0 104.0 23.0
obstacle
0.118279762566
258.0 135.0 118.0 75.0
obstacle
0.117534808815
3.0 106.0 33.0 15.0
obstacle
0.117021888494
257.0 130.0 60.0 28.0
obstacle
0.116492845118
63.0 281.0 65.0 25.0
obstacle
0.116321794689
104.0 260.0 58.0 65.0
obstacle
0.116104982793
3.0 36.0 38.0 11.0
obstacle
0.115827165544
407.0 53.0 71.0 20.0
obstacle
0.115598797798
40.0 132.0 34.0 14.0
obstacle
0.115351527929
125.0 173.0 25.0 34.0
obstacle
0.114856094122
176.0 81.0 70.0 21.0
obstacle
0.114784926176
291.0 104.0 71.0 25.0
obstacle
0.114701017737
166.0 157.0 105.0 29.0
obstacle
0.114477261901
347.0 148.0 31.0 40.0
obstacle
0.114351190627
93.0 119.0 156.0 106.0
obstacle
0.114135600626
215.0 81.0 70.0 21.0
obstacle
0.11410535872
402.0 80.0 82.0 21.0
obstacle
0.113455332816
237.0 225.0 165.0 36.0
obstacle
0.113089010119
315.0 206.0 84.0 24.0
obstacle
0.112676382065
313.0 135.0 26.0 9.0
obstacle
0.111278824508
350.0 214.0 109.0 107.0
obstacle
0.11123842001
386.0 160.0 31.0 11.0
obstacle
0.110333263874
439.0 79.0 61.0 23.0
obstacle
0.110254012048
64.0 87.0 215.0 58.0
obstacle
0.109835699201
77.0 57.0 26.0 13.0
obstacle
0.10952205956
442.0 3.0 58.0 23.0
obstacle
0.109342433512
75.0 247.0 40.0 38.0
obstacle
0.109276518226
6.0 75.0 96.0 18.0
obstacle
0.109218098223
399.0 182.0 82.0 22.0
obstacle
0.109095111489
253.0 81.0 71.0 21.0
obstacle
0.108671456575
151.0 271.0 274.0 41.0
obstacle
0.108612984419
270.0 305.0 230.0 28.0
obstacle
0.108370907605
336.0 260.0 57.0 65.0
obstacle
0.107955388725
135.0 81.0 73.0 20.0
obstacle
0.107916496694
377.0 264.0 51.0 59.0
obstacle
0.107698731124
3.0 122.0 22.0 40.0
obstacle
0.106970526278
71.0 35.0 44.0 12.0
obstacle
0.10679744184
133.0 228.0 79.0 24.0
obstacle
0.106726013124
145.0 120.0 214.0 53.0
obstacle
0.106670677662
0.0 155.0 68.0 24.0
obstacle
0.105807647109
298.0 259.0 55.0 68.0
obstacle
0.105761632323
225.0 204.0 56.0 20.0
obstacle
0.105715304613
291.0 81.0 72.0 22.0
obstacle
0.105680435896
0.0 50.0 62.0 17.0
obstacle
0.105601631105
259.0 258.0 55.0 70.0
obstacle
0.105587117374
103.0 281.0 62.0 25.0
obstacle
0.105392731726
177.0 29.0 67.0 19.0
obstacle
0.105170689523
11.0 80.0 24.0 13.0
obstacle
0.105133242905
267.0 227.0 113.0 24.0
obstacle
0.104579865932
400.0 256.0 81.0 26.0
obstacle
0.104402735829
33.0 271.0 279.0 41.0
obstacle
0.104373238981
182.0 54.0 59.0 18.0
obstacle
0.104331769049
1.0 116.0 192.0 57.0
obstacle
0.103981211782
401.0 131.0 81.0 22.0
obstacle
0.103932864964
80.0 77.0 31.0 21.0
obstacle
0.103736184537
208.0 193.0 144.0 46.0
obstacle
0.103734187782
216.0 29.0 67.0 19.0
obstacle
0.103624127805
61.0 204.0 71.0 20.0
obstacle
0.103566251695
220.0 54.0 60.0 18.0
obstacle
0.103427313268
3.0 196.0 22.0 44.0
obstacle
0.103315331042
466.0 83.0 29.0 13.0
obstacle
0.103217877448
365.0 131.0 75.0 24.0
obstacle
0.103189073503
329.0 105.0 73.0 23.0
obstacle
0.103119909763
192.0 186.0 42.0 17.0
obstacle
0.103107109666
93.0 230.0 86.0 21.0
obstacle
0.102887257934
221.0 258.0 54.0 69.0
obstacle
0.102710187435
182.0 173.0 61.0 82.0
obstacle
0.102633610368
299.0 164.0 197.0 57.0
obstacle
0.102412477136
144.0 260.0 54.0 66.0
obstacle
0.102350406349
88.0 247.0 244.0 35.0
obstacle
0.102326773107
254.0 29.0 67.0 19.0
obstacle
0.101949840784
367.0 81.0 76.0 21.0
obstacle
0.101698927581
258.0 54.0 61.0 18.0
obstacle
0.100939467549
49.0 77.0 87.0 20.0
obstacle
0.100869745016
39.0 8.0 33.0 10.0
obstacle
0.100829459727
367.0 106.0 74.0 23.0
obstacle
0.100656494498
182.0 259.0 55.0 68.0
obstacle
0.100307889283
293.0 29.0 67.0 19.0
obstacle
0.0998678132892
473.0 72.0 23.0 36.0
obstacle
0.0997803732753
3.0 93.0 23.0 45.0
obstacle
0.0995815768838
0.0 230.0 67.0 23.0
obstacle
0.0994583144784
297.0 54.0 61.0 18.0
obstacle
0.0992487743497
0.0 270.0 29.0 49.0
obstacle
0.0992408841848
121.0 205.0 31.0 18.0
obstacle
0.0991940870881
290.0 130.0 65.0 28.0
obstacle
0.0989441424608
47.0 184.0 29.0 11.0
obstacle
0.0987881794572
152.0 158.0 35.0 11.0
obstacle
0.0985940918326
440.0 29.0 60.0 21.0
obstacle
0.0984293445945
0.0 126.0 217.0 130.0
obstacle
0.0983918681741
340.0 147.0 50.0 138.0
obstacle
0.0979055017233
65.0 31.0 54.0 56.0
obstacle
0.0977574139833
111.0 246.0 44.0 38.0
obstacle
0.0968209058046
0.0 285.0 41.0 18.0
obstacle
0.0966509729624
334.0 281.0 61.0 25.0
obstacle
0.0966420173645
401.0 106.0 82.0 21.0
obstacle
0.0965309143066
307.0 242.0 40.0 47.0
obstacle
0.0962173491716
120.0 4.0 26.0 74.0
obstacle
0.0960008352995
36.0 68.0 43.0 34.0
obstacle
0.0959857627749
329.0 81.0 73.0 20.0
obstacle
0.0958592072129
171.0 229.0 75.0 24.0
obstacle
0.0956467315555
384.0 249.0 38.0 35.0
obstacle
0.0955831184983
297.0 280.0 58.0 25.0
obstacle
0.0954622924328
402.0 234.0 78.0 20.0
obstacle
0.0953226238489
344.0 246.0 43.0 39.0
obstacle
0.0951213985682
439.0 257.0 61.0 26.0
obstacle
0.0950133726001
259.0 280.0 58.0 25.0
obstacle
0.094978928566
160.0 103.0 23.0 82.0
obstacle
0.0949779972434
420.0 269.0 44.0 49.0
obstacle
0.0949526429176
399.0 208.0 83.0 21.0
obstacle
0.0949516817927
46.0 252.0 97.0 32.0
obstacle
0.0944216698408
148.0 183.0 352.0 119.0
obstacle
0.0943710952997
473.0 98.0 23.0 36.0
obstacle
0.0942708700895
176.0 4.0 69.0 20.0
obstacle
0.0939867347479
200.0 87.0 23.0 12.0
obstacle
0.0939398556948
238.0 87.0 23.0 12.0
obstacle
0.0936803594232
229.0 241.0 40.0 49.0
obstacle
0.0935658589005
42.0 120.0 33.0 43.0
obstacle
0.093463525176
160.0 94.0 27.0 47.0
obstacle
0.0933846086264
335.0 54.0 61.0 17.0
obstacle
0.0933038815856
215.0 4.0 69.0 20.0
obstacle
0.0931415781379
145.0 281.0 55.0 23.0
obstacle
0.0931349694729
465.0 58.0 30.0 13.0
obstacle
0.0931302160025
151.0 245.0 41.0 41.0
obstacle
0.09307987988
48.0 49.0 17.0 17.0
obstacle
0.0930328071117
3.0 222.0 22.0 42.0
obstacle
0.0929899811745
92.0 81.0 77.0 17.0
obstacle
0.0929354652762
373.0 54.0 63.0 18.0
obstacle
0.0928535833955
26.0 7.0 58.0 22.0
obstacle
0.0928495302796
312.0 230.0 98.0 20.0
obstacle
0.0924072340131
48.0 229.0 97.0 21.0
obstacle
0.092393271625
3.0 171.0 22.0 45.0
obstacle
0.0923038423061
277.0 104.0 21.0 79.0
obstacle
0.0921687334776
41.0 158.0 36.0 13.0
obstacle
0.0920893400908
253.0 4.0 69.0 20.0
obstacle
0.0918307304382
222.0 280.0 55.0 25.0
obstacle
0.0916654393077
25.0 282.0 64.0 24.0
obstacle
0.0914738103747
267.0 238.0 42.0 55.0
obstacle
0.0913682281971
473.0 125.0 23.0 34.0
obstacle
0.0912328436971
138.0 4.0 68.0 20.0
obstacle
0.0911702513695
189.0 160.0 39.0 10.0
obstacle
0.0911541506648
406.0 4.0 71.0 20.0
obstacle
0.0909108072519
388.0 147.0 31.0 42.0
obstacle
0.0908579826355
15.0 57.0 21.0 9.0
obstacle
0.0908172056079
331.0 30.0 67.0 17.0
obstacle
0.0908115357161
292.0 4.0 69.0 20.0
obstacle
0.0908026769757
473.0 42.0 22.0 44.0
obstacle
0.0907606780529
2.0 145.0 23.0 46.0
obstacle
0.0905866771936
120.0 106.0 28.0 74.0
obstacle
0.0905806422234
130.0 239.0 164.0 94.0
obstacle
0.090429238975
80.0 43.0 413.0 150.0
obstacle
0.090367808938
473.0 150.0 23.0 34.0
obstacle
0.0902727469802
184.0 281.0 54.0 23.0
obstacle
0.0901833921671
60.0 241.0 151.0 92.0
obstacle
0.0901430249214
208.0 238.0 162.0 95.0
obstacle
0.0900660604239
128.0 195.0 18.0 41.0
obstacle
0.089992582798
277.0 86.0 23.0 13.0
obstacle
0.0898485332727
74.0 40.0 125.0 152.0
obstacle
0.0896762013435
136.0 56.0 151.0 123.0
obstacle
0.0896002203226
424.0 251.0 36.0 31.0
obstacle
0.0894012972713
386.0 217.0 114.0 102.0
obstacle
0.089356943965
77.0 104.0 38.0 19.0
obstacle
0.0890947580338
238.0 100.0 24.0 87.0
obstacle
0.0890473499894
473.0 176.0 23.0 34.0
obstacle
0.0890307500958
0.0 246.0 164.0 42.0
obstacle
0.0890184938908
375.0 283.0 55.0 22.0
obstacle
0.0889968574047
190.0 242.0 41.0 46.0
obstacle
0.0889455452561
405.0 29.0 74.0 19.0
obstacle
0.0888380408287
198.0 95.0 27.0 46.0
obstacle
0.0888101458549
389.0 135.0 26.0 10.0
obstacle
0.0887997895479
467.0 108.0 27.0 13.0
obstacle
0.0885175764561
440.0 157.0 60.0 22.0
obstacle
0.0885090976954
387.0 184.0 27.0 12.0
obstacle
0.0884975716472
359.0 254.0 85.0 29.0
obstacle
0.088265940547
6.0 91.0 175.0 49.0
obstacle
0.0879831239581
161.0 86.0 24.0 13.0
obstacle
0.0879747718573
0.0 297.0 157.0 36.0
obstacle
0.08794516325
439.0 105.0 61.0 23.0
