obstacle
0.46520498395
99.0 163.0 305.0 84.0
obstacle
0.456256985664
223.0 184.0 215.0 49.0
obstacle
0.391524791718
125.0 177.0 189.0 54.0
obstacle
0.323119133711
285.0 128.0 82.0 33.0
obstacle
0.294460117817
215.0 121.0 223.0 47.0
obstacle
0.290678352118
79.0 130.0 347.0 95.0
obstacle
0.286333233118
249.0 129.0 81.0 32.0
obstacle
0.28402325511
325.0 129.0 76.0 31.0
obstacle
0.27716627717
132.0 188.0 102.0 30.0
obstacle
0.252074599266
201.0 164.0 299.0 99.0
obstacle
0.247822999954
128.0 72.0 372.0 141.0
obstacle
0.224395856261
78.0 256.0 192.0 33.0
obstacle
0.219901353121
14.0 211.0 87.0 25.0
obstacle
0.209033608437
152.0 187.0 132.0 33.0
obstacle
0.206919834018
214.0 130.0 75.0 30.0
obstacle
0.203506022692
135.0 176.0 86.0 84.0
obstacle
0.203148826957
367.0 132.0 70.0 28.0
obstacle
0.199579641223
299.0 201.0 119.0 27.0
obstacle
0.196490615606
99.0 187.0 94.0 27.0
obstacle
0.196424484253
333.0 191.0 110.0 29.0
obstacle
0.194834426045
42.0 166.0 207.0 68.0
obstacle
0.193034097552
16.0 236.0 85.0 23.0
obstacle
0.184557303786
9.0 150.0 325.0 137.0
obstacle
0.184190616012
305.0 160.0 35.0 13.0
obstacle
0.183893561363
81.0 224.0 112.0 95.0
obstacle
0.182833477855
247.0 95.0 161.0 98.0
obstacle
0.179003223777
109.0 183.0 152.0 65.0
obstacle
0.175916075706
135.0 117.0 231.0 55.0
obstacle
0.175847351551
181.0 185.0 69.0 69.0
obstacle
0.172872051597
0.0 211.0 64.0 25.0
obstacle
0.16568492353
16.0 187.0 84.0 23.0
obstacle
0.165617346764
346.0 161.0 32.0 11.0
obstacle
0.164039671421
152.0 245.0 348.0 63.0
obstacle
0.163434371352
60.0 236.0 79.0 23.0
obstacle
0.16305783391
157.0 175.0 37.0 41.0
obstacle
0.161215409636
136.0 202.0 93.0 26.0
obstacle
0.159961119294
310.0 122.0 30.0 42.0
obstacle
0.159701392055
48.0 224.0 100.0 97.0
obstacle
0.157978445292
5.0 261.0 337.0 79.0
obstacle
0.156495451927
269.0 161.0 32.0 12.0
obstacle
0.154798433185
0.0 236.0 64.0 24.0
obstacle
0.152664065361
177.0 132.0 71.0 27.0
obstacle
0.151101276278
141.0 161.0 71.0 28.0
obstacle
0.150371566415
3.0 216.0 33.0 13.0
obstacle
0.150169283152
161.0 259.0 175.0 32.0
obstacle
0.150121897459
295.0 109.0 64.0 22.0
obstacle
0.148000448942
114.0 221.0 119.0 101.0
obstacle
0.146996960044
56.0 186.0 92.0 25.0
obstacle
0.145317867398
195.0 164.0 29.0 9.0
obstacle
0.145024165511
272.0 122.0 29.0 43.0
obstacle
0.144325703382
0.0 196.0 147.0 53.0
obstacle
0.143769368529
347.0 122.0 35.0 42.0
obstacle
0.143666625023
112.0 248.0 42.0 45.0
obstacle
0.14359369874
387.0 218.0 110.0 108.0
obstacle
0.142740562558
39.0 214.0 38.0 15.0
obstacle
0.142255634069
107.0 238.0 63.0 20.0
obstacle
0.140896111727
60.0 211.0 81.0 22.0
obstacle
0.139611542225
257.0 109.0 65.0 22.0
obstacle
0.136665210128
205.0 134.0 295.0 89.0
obstacle
0.134620577097
156.0 166.0 31.0 9.0
obstacle
0.133642137051
319.0 257.0 156.0 33.0
obstacle
0.133510172367
468.0 164.0 25.0 10.0
obstacle
0.132835045457
160.0 201.0 116.0 29.0
obstacle
0.132275283337
76.0 151.0 201.0 52.0
obstacle
0.132264152169
93.0 196.0 87.0 101.0
obstacle
0.131809309125
171.0 87.0 161.0 115.0
obstacle
0.130002632737
96.0 279.0 232.0 38.0
obstacle
0.129995211959
148.0 193.0 51.0 13.0
obstacle
0.12985265255
233.0 162.0 28.0 10.0
obstacle
0.129494801164
152.0 243.0 41.0 55.0
obstacle
0.129400417209
333.0 110.0 64.0 20.0
obstacle
0.129126355052
147.0 237.0 54.0 21.0
obstacle
0.129089772701
426.0 187.0 74.0 24.0
obstacle
0.128627166152
0.0 2.0 59.0 24.0
obstacle
0.128158152103
0.0 315.0 270.0 26.0
obstacle
0.127891361713
402.0 134.0 78.0 23.0
obstacle
0.127756953239
16.0 161.0 82.0 23.0
obstacle
0.126632511616
300.0 186.0 173.0 57.0
obstacle
0.126287579536
0.0 186.0 62.0 24.0
obstacle
0.125319853425
138.0 133.0 71.0 26.0
obstacle
0.124626360834
465.0 6.0 31.0 12.0
obstacle
0.12307806313
49.0 257.0 95.0 32.0
obstacle
0.122702814639
176.0 4.0 70.0 21.0
obstacle
0.12261839956
4.0 223.0 110.0 100.0
obstacle
0.122508399189
214.0 4.0 70.0 21.0
obstacle
0.122505173087
121.0 169.0 32.0 57.0
obstacle
0.122451990843
147.0 154.0 130.0 100.0
obstacle
0.122198648751
104.0 163.0 70.0 24.0
obstacle
0.122170045972
295.0 118.0 205.0 53.0
obstacle
0.122046396136
3.0 6.0 32.0 12.0
obstacle
0.121208064258
75.0 251.0 39.0 41.0
obstacle
0.120178669691
371.0 109.0 66.0 22.0
obstacle
0.118982851505
11.0 259.0 93.0 29.0
obstacle
0.118726953864
104.0 208.0 78.0 21.0
obstacle
0.118245102465
183.0 191.0 52.0 15.0
obstacle
0.118150234222
218.0 109.0 66.0 22.0
obstacle
0.116722382605
242.0 263.0 160.0 26.0
obstacle
0.116284176707
386.0 126.0 33.0 36.0
obstacle
0.115752965212
123.0 223.0 25.0 45.0
obstacle
0.115262776613
138.0 4.0 70.0 21.0
obstacle
0.114297933877
234.0 123.0 29.0 44.0
obstacle
0.114291965961
465.0 190.0 28.0 10.0
obstacle
0.114125609398
253.0 4.0 70.0 21.0
obstacle
0.114103935659
388.0 162.0 29.0 11.0
obstacle
0.114048995078
232.0 181.0 37.0 29.0
obstacle
0.113723672926
159.0 135.0 28.0 75.0
obstacle
0.113172538579
215.0 29.0 69.0 19.0
obstacle
0.113030150533
350.0 93.0 105.0 103.0
obstacle
0.112992942333
21.0 4.0 71.0 21.0
obstacle
0.112766139209
15.0 135.0 82.0 22.0
obstacle
0.112487144768
180.0 160.0 68.0 28.0
obstacle
0.112331792712
176.0 29.0 70.0 19.0
obstacle
0.11198489368
15.0 108.0 82.0 22.0
obstacle
0.111915245652
378.0 187.0 97.0 27.0
obstacle
0.111794129014
442.0 3.0 58.0 23.0
obstacle
0.111765481532
9.0 280.0 252.0 36.0
obstacle
0.111459024251
192.0 178.0 41.0 34.0
obstacle
0.111381717026
15.0 82.0 83.0 21.0
obstacle
0.111011639237
338.0 199.0 48.0 37.0
obstacle
0.110985189676
0.0 159.0 61.0 24.0
obstacle
0.110464267433
253.0 29.0 69.0 19.0
obstacle
0.110180474818
0.0 169.0 152.0 56.0
obstacle
0.109966859221
58.0 196.0 81.0 100.0
obstacle
0.109669551253
83.0 190.0 31.0 10.0
obstacle
0.109658427536
305.0 187.0 38.0 14.0
obstacle
0.109636433423
11.0 175.0 94.0 94.0
obstacle
0.109497457743
179.0 108.0 67.0 23.0
obstacle
0.109147198498
299.0 198.0 58.0 43.0
obstacle
0.10914696008
225.0 189.0 145.0 33.0
obstacle
0.108964800835
355.0 166.0 145.0 69.0
obstacle
0.108816847205
233.0 201.0 126.0 29.0
obstacle
0.108791261911
162.0 278.0 254.0 42.0
obstacle
0.108758442104
138.0 29.0 69.0 19.0
obstacle
0.107634343207
42.0 203.0 31.0 39.0
obstacle
0.107568614185
184.0 213.0 126.0 119.0
obstacle
0.107393704355
3.0 204.0 22.0 40.0
obstacle
0.10732293129
118.0 191.0 38.0 11.0
obstacle
0.107214353979
4.0 190.0 29.0 13.0
obstacle
0.106705956161
0.0 251.0 208.0 42.0
obstacle
0.106670059264
139.0 108.0 69.0 23.0
obstacle
0.106636330485
292.0 29.0 68.0 19.0
obstacle
0.106506332755
41.0 189.0 33.0 14.0
obstacle
0.106434628367
0.0 54.0 59.0 22.0
obstacle
0.106329225004
129.0 196.0 19.0 53.0
obstacle
0.106283076108
195.0 6.0 32.0 11.0
obstacle
0.106003381312
0.0 133.0 61.0 24.0
obstacle
0.105997428298
233.0 6.0 32.0 11.0
obstacle
0.10574259609
0.0 107.0 61.0 24.0
obstacle
0.105662629008
0.0 28.0 61.0 23.0
obstacle
0.105627454817
38.0 253.0 38.0 38.0
obstacle
0.105520628393
291.0 4.0 70.0 21.0
obstacle
0.105515517294
0.0 261.0 65.0 27.0
obstacle
0.105452261865
3.0 241.0 33.0 15.0
obstacle
0.105160877109
0.0 81.0 62.0 23.0
obstacle
0.10497687012
404.0 109.0 76.0 21.0
obstacle
0.104696907103
21.0 55.0 71.0 19.0
obstacle
0.104505516589
432.0 211.0 68.0 23.0
obstacle
0.104249745607
99.0 4.0 70.0 20.0
obstacle
0.104083396494
3.0 229.0 22.0 39.0
obstacle
0.10397785902
165.0 153.0 256.0 50.0
obstacle
0.103763371706
269.0 184.0 38.0 20.0
obstacle
0.103667959571
55.0 230.0 312.0 86.0
obstacle
0.1033719033
378.0 190.0 40.0 10.0
obstacle
0.103325143456
0.0 108.0 318.0 133.0
obstacle
0.102857068181
200.0 257.0 96.0 31.0
obstacle
0.10272449255
185.0 258.0 52.0 80.0
obstacle
0.102714143693
222.0 188.0 63.0 66.0
obstacle
0.102616123855
104.0 261.0 58.0 75.0
obstacle
0.10217949748
120.0 166.0 28.0 9.0
obstacle
0.101860463619
144.0 259.0 56.0 78.0
obstacle
0.101572103798
3.0 179.0 22.0 38.0
obstacle
0.101348139346
114.0 313.0 270.0 28.0
obstacle
0.101203367114
403.0 83.0 79.0 20.0
obstacle
0.10119047761
292.0 84.0 70.0 21.0
obstacle
0.101189225912
192.0 239.0 39.0 19.0
obstacle
0.101116418839
254.0 84.0 70.0 21.0
obstacle
0.10036675632
123.0 259.0 332.0 82.0
obstacle
0.100262001157
3.0 154.0 23.0 36.0
obstacle
0.100183531642
33.0 271.0 47.0 57.0
obstacle
0.100123822689
61.0 162.0 74.0 23.0
obstacle
0.10002220422
68.0 265.0 53.0 69.0
obstacle
0.100018151104
137.0 83.0 73.0 22.0
obstacle
0.0998226851225
157.0 6.0 31.0 11.0
obstacle
0.0997169613838
3.0 128.0 23.0 36.0
obstacle
0.0996014773846
61.0 4.0 69.0 21.0
obstacle
0.0995882824063
0.0 199.0 253.0 142.0
obstacle
0.0994938835502
3.0 101.0 23.0 36.0
obstacle
0.0992127805948
33.0 227.0 213.0 49.0
obstacle
0.0989914759994
165.0 225.0 19.0 40.0
obstacle
0.0988694280386
272.0 6.0 31.0 11.0
obstacle
0.0987976789474
273.0 130.0 24.0 79.0
obstacle
0.0985292196274
176.0 83.0 72.0 22.0
obstacle
0.098465912044
215.0 84.0 71.0 21.0
obstacle
0.0980369523168
312.0 131.0 22.0 76.0
obstacle
0.0979872494936
43.0 228.0 30.0 36.0
obstacle
0.0975632369518
18.0 29.0 76.0 20.0
obstacle
0.0973706617951
197.0 131.0 25.0 83.0
obstacle
0.0973386019468
330.0 4.0 69.0 20.0
obstacle
0.0971860364079
99.0 30.0 69.0 18.0
obstacle
0.0970513150096
407.0 55.0 71.0 19.0
obstacle
0.0969344601035
331.0 30.0 68.0 18.0
obstacle
0.0968277454376
369.0 84.0 72.0 20.0
obstacle
0.0967960506678
180.0 189.0 56.0 117.0
obstacle
0.0967799946666
261.0 194.0 63.0 55.0
obstacle
0.0967673584819
406.0 4.0 71.0 21.0
obstacle
0.0965523794293
467.0 137.0 27.0 13.0
obstacle
0.0965128466487
442.0 55.0 58.0 22.0
obstacle
0.0962236970663
86.0 214.0 26.0 11.0
obstacle
0.0959217995405
110.0 136.0 129.0 76.0
obstacle
0.0951120257378
3.0 75.0 23.0 36.0
obstacle
0.0950580239296
440.0 82.0 60.0 23.0
obstacle
0.0946570783854
237.0 218.0 263.0 113.0
obstacle
0.0944207757711
296.0 55.0 62.0 19.0
obstacle
0.0943324863911
2.0 215.0 417.0 72.0
obstacle
0.0941291227937
258.0 55.0 62.0 19.0
obstacle
0.0939313769341
84.0 165.0 25.0 9.0
obstacle
0.0939279571176
352.0 134.0 20.0 72.0
obstacle
0.0939259529114
100.0 135.0 70.0 22.0
obstacle
0.0939224436879
340.0 189.0 41.0 11.0
obstacle
0.0936818793416
142.0 54.0 63.0 20.0
obstacle
0.0934847816825
219.0 54.0 63.0 20.0
obstacle
0.0934344902635
180.0 54.0 63.0 20.0
obstacle
0.0926533415914
440.0 29.0 60.0 22.0
obstacle
0.0923740714788
239.0 258.0 93.0 29.0
obstacle
0.0923479795456
59.0 135.0 72.0 23.0
obstacle
0.0922838374972
431.0 162.0 25.0 10.0
obstacle
0.0921919867396
440.0 134.0 60.0 24.0
obstacle
0.0920191407204
473.0 75.0 23.0 35.0
obstacle
0.091785594821
473.0 128.0 23.0 35.0
obstacle
0.0916905328631
331.0 84.0 69.0 19.0
obstacle
0.0916838422418
473.0 102.0 23.0 34.0
obstacle
0.0916600376368
58.0 109.0 73.0 22.0
obstacle
0.0916536524892
196.0 125.0 29.0 43.0
obstacle
0.0912517532706
311.0 6.0 31.0 11.0
obstacle
0.090990498662
5.0 164.0 27.0 12.0
obstacle
0.0909334570169
58.0 83.0 75.0 21.0
obstacle
0.0908287093043
118.0 142.0 33.0 63.0
obstacle
0.0904740914702
369.0 4.0 69.0 21.0
obstacle
0.0903348773718
62.0 114.0 219.0 61.0
obstacle
0.0902866199613
335.0 55.0 61.0 18.0
obstacle
0.0898888409138
350.0 223.0 150.0 58.0
obstacle
0.0893285274506
266.0 312.0 234.0 29.0
obstacle
0.0888145938516
83.0 198.0 27.0 51.0
obstacle
0.0886488929391
80.0 6.0 31.0 11.0
obstacle
0.088607467711
440.0 108.0 60.0 23.0
obstacle
0.0883757323027
177.0 282.0 68.0 33.0
obstacle
0.0883137583733
145.0 245.0 135.0 96.0
obstacle
0.0882863402367
373.0 55.0 63.0 19.0
obstacle
0.0882665961981
469.0 176.0 28.0 45.0
obstacle
0.0882166102529
403.0 239.0 70.0 22.0
obstacle
0.088141694665
42.0 179.0 31.0 36.0
obstacle
0.0881037637591
60.0 30.0 70.0 18.0
obstacle
0.0880448594689
316.0 89.0 22.0 13.0
obstacle
0.0880019515753
277.0 89.0 22.0 13.0
obstacle
0.087592586875
100.0 283.0 69.0 32.0
obstacle
0.0874393582344
465.0 216.0 23.0 10.0
obstacle
0.0871991440654
0.0 288.0 70.0 27.0
obstacle
0.0869852602482
448.0 181.0 52.0 133.0
obstacle
0.086870521307
405.0 30.0 74.0 19.0
obstacle
0.0866292193532
298.0 157.0 60.0 28.0
obstacle
0.0865898877382
306.0 248.0 40.0 93.0
obstacle
0.086498953402
139.0 282.0 67.0 33.0
obstacle
0.0860714688897
99.0 109.0 71.0 21.0
obstacle
0.08604195714
82.0 238.0 34.0 18.0
obstacle
0.0857526808977
239.0 89.0 22.0 12.0
obstacle
0.0856807678938
428.0 189.0 34.0 116.0
obstacle
0.0855690538883
473.0 44.0 22.0 44.0
obstacle
0.0855613276362
160.0 235.0 31.0 20.0
obstacle
0.085433408618
369.0 30.0 69.0 19.0
obstacle
0.0850430652499
5.0 138.0 27.0 12.0
obstacle
0.0848978310823
63.0 55.0 64.0 19.0
obstacle
0.084539026022
314.0 102.0 26.0 33.0
obstacle
0.0843367427588
432.0 238.0 68.0 22.0
obstacle
0.0843185558915
0.0 142.0 155.0 57.0
obstacle
0.0843121260405
336.0 189.0 48.0 23.0
obstacle
0.0842820703983
104.0 55.0 61.0 18.0
obstacle
0.0841971114278
200.0 89.0 23.0 12.0
obstacle
0.084190942347
3.0 44.0 22.0 45.0
obstacle
0.0840765312314
262.0 158.0 61.0 28.0
obstacle
0.0838376581669
467.0 85.0 27.0 13.0
obstacle
0.0837897956371
118.0 6.0 32.0 11.0
obstacle
0.0836877673864
0.0 225.0 158.0 47.0
obstacle
0.083656385541
5.0 111.0 27.0 13.0
obstacle
0.0836216360331
98.0 84.0 74.0 19.0
obstacle
0.0831770077348
467.0 111.0 27.0 13.0
obstacle
0.0829386338592
65.0 286.0 62.0 27.0
obstacle
0.0827022045851
440.0 161.0 60.0 24.0
obstacle
0.0826613903046
122.0 236.0 32.0 19.0
obstacle
0.0826229155064
236.0 128.0 23.0 86.0
obstacle
0.0825135335326
342.0 136.0 44.0 18.0
obstacle
0.0824214071035
5.0 86.0 28.0 13.0
obstacle
0.0821853876114
199.0 93.0 253.0 53.0
obstacle
0.0821518078446
161.0 88.0 24.0 13.0
obstacle
0.0820697844028
226.0 255.0 47.0 86.0
obstacle
0.0807694122195
280.0 279.0 220.0 41.0
obstacle
0.0806719437242
345.0 248.0 41.0 93.0
obstacle
0.0806115865707
237.0 139.0 28.0 13.0
obstacle
0.0801630690694
42.0 163.0 31.0 14.0
obstacle
0.0794611498713
276.0 102.0 26.0 34.0
obstacle
0.0793560221791
388.0 6.0 30.0 11.0
