obstacle
0.496689915657
22.0 83.0 376.0 117.0
obstacle
0.452642381191
239.0 123.0 100.0 32.0
obstacle
0.441085219383
209.0 115.0 162.0 49.0
obstacle
0.400277793407
228.0 193.0 127.0 34.0
obstacle
0.387844622135
273.0 124.0 98.0 31.0
obstacle
0.376304060221
85.0 141.0 175.0 53.0
obstacle
0.366301566362
110.0 106.0 355.0 121.0
obstacle
0.360755741596
204.0 177.0 162.0 45.0
obstacle
0.35118085146
41.0 136.0 342.0 109.0
obstacle
0.348967134953
238.0 177.0 106.0 70.0
obstacle
0.333506882191
89.0 58.0 396.0 119.0
obstacle
0.330903500319
82.0 91.0 179.0 53.0
obstacle
0.329986959696
258.0 100.0 132.0 81.0
obstacle
0.320773988962
108.0 150.0 126.0 32.0
obstacle
0.313100278378
289.0 26.0 75.0 21.0
obstacle
0.306376844645
86.0 149.0 109.0 27.0
obstacle
0.300902456045
224.0 188.0 189.0 51.0
obstacle
0.300722509623
252.0 26.0 73.0 21.0
obstacle
0.297721296549
111.0 119.0 122.0 93.0
obstacle
0.297136545181
181.0 96.0 138.0 89.0
obstacle
0.295294076204
121.0 100.0 100.0 32.0
obstacle
0.294118434191
328.0 26.0 74.0 20.0
obstacle
0.288823276758
86.0 119.0 171.0 52.0
obstacle
0.286516547203
109.0 69.0 125.0 93.0
obstacle
0.284301817417
146.0 154.0 354.0 119.0
obstacle
0.281193703413
214.0 27.0 72.0 20.0
obstacle
0.272611409426
365.0 26.0 77.0 21.0
obstacle
0.269073367119
401.0 26.0 80.0 21.0
obstacle
0.267089366913
85.0 101.0 99.0 28.0
obstacle
0.265043139458
194.0 179.0 125.0 32.0
obstacle
0.264204055071
200.0 124.0 104.0 32.0
obstacle
0.262622952461
243.0 104.0 91.0 30.0
obstacle
0.262297153473
176.0 27.0 71.0 20.0
obstacle
0.261928677559
264.0 117.0 195.0 50.0
obstacle
0.260709941387
201.0 94.0 176.0 52.0
obstacle
0.252246201038
314.0 126.0 93.0 28.0
obstacle
0.247106552124
0.0 55.0 304.0 122.0
obstacle
0.244875773787
405.0 3.0 73.0 23.0
obstacle
0.243392601609
137.0 27.0 70.0 20.0
obstacle
0.241709843278
329.0 4.0 72.0 22.0
obstacle
0.238026335835
280.0 178.0 89.0 72.0
obstacle
0.237405702472
393.0 178.0 96.0 26.0
obstacle
0.237018212676
12.0 128.0 94.0 25.0
obstacle
0.235463008285
291.0 3.0 72.0 23.0
obstacle
0.229515373707
120.0 97.0 31.0 88.0
obstacle
0.229278579354
368.0 4.0 71.0 22.0
obstacle
0.22924952209
271.0 133.0 36.0 14.0
obstacle
0.229001998901
24.0 258.0 374.0 74.0
obstacle
0.226821705699
118.0 126.0 104.0 31.0
obstacle
0.22596180439
99.0 28.0 69.0 19.0
obstacle
0.22385327518
163.0 101.0 94.0 31.0
obstacle
0.221428707242
109.0 160.0 220.0 65.0
obstacle
0.219818726182
201.0 196.0 113.0 28.0
obstacle
0.217672556639
83.0 63.0 104.0 104.0
obstacle
0.216204613447
88.0 128.0 97.0 26.0
obstacle
0.215676054358
461.0 5.0 38.0 13.0
obstacle
0.215649858117
217.0 108.0 141.0 114.0
obstacle
0.212388172746
61.0 51.0 71.0 21.0
obstacle
0.210994109511
161.0 97.0 24.0 91.0
obstacle
0.210947185755
89.0 112.0 99.0 104.0
obstacle
0.210597872734
436.0 26.0 64.0 24.0
obstacle
0.210396125913
195.0 160.0 118.0 106.0
obstacle
0.208413749933
10.0 89.0 176.0 56.0
obstacle
0.208390429616
429.0 24.0 27.0 76.0
obstacle
0.208256617188
225.0 72.0 127.0 90.0
obstacle
0.20779427886
51.0 102.0 94.0 26.0
obstacle
0.206208884716
277.0 103.0 92.0 31.0
obstacle
0.20598000288
270.0 206.0 40.0 20.0
obstacle
0.205279007554
88.0 79.0 92.0 23.0
obstacle
0.203984603286
391.0 0.0 24.0 78.0
obstacle
0.202966481447
253.0 49.0 73.0 21.0
obstacle
0.202708765864
60.0 28.0 71.0 20.0
obstacle
0.201784923673
439.0 2.0 61.0 25.0
obstacle
0.2013990134
353.0 0.0 25.0 76.0
obstacle
0.200885102153
11.0 152.0 96.0 24.0
obstacle
0.200666919351
315.0 3.0 24.0 71.0
obstacle
0.200647562742
253.0 4.0 71.0 21.0
obstacle
0.199989631772
384.0 6.0 39.0 12.0
obstacle
0.199448376894
308.0 6.0 38.0 12.0
obstacle
0.198545530438
356.0 167.0 144.0 49.0
obstacle
0.198539093137
100.0 51.0 67.0 20.0
obstacle
0.198296278715
311.0 153.0 30.0 79.0
obstacle
0.197620138526
52.0 78.0 92.0 23.0
obstacle
0.197453960776
79.0 82.0 38.0 16.0
obstacle
0.197401016951
102.0 214.0 145.0 108.0
obstacle
0.196926832199
462.0 183.0 35.0 15.0
obstacle
0.196755319834
345.0 6.0 40.0 12.0
obstacle
0.194613009691
158.0 135.0 31.0 63.0
obstacle
0.193251699209
199.0 122.0 25.0 91.0
obstacle
0.193032279611
0.0 107.0 295.0 116.0
obstacle
0.192958623171
153.0 143.0 196.0 55.0
obstacle
0.192418470979
239.0 111.0 22.0 113.0
obstacle
0.191681206226
398.0 49.0 87.0 21.0
obstacle
0.190563380718
0.0 115.0 145.0 52.0
obstacle
0.190550580621
421.0 6.0 41.0 12.0
obstacle
0.190394729376
305.0 84.0 116.0 113.0
obstacle
0.190179035068
308.0 133.0 34.0 14.0
obstacle
0.189693212509
460.0 31.0 39.0 14.0
obstacle
0.189416140318
289.0 48.0 77.0 21.0
obstacle
0.189152985811
393.0 154.0 96.0 25.0
obstacle
0.188367083669
115.0 155.0 44.0 18.0
obstacle
0.187770962715
421.0 180.0 42.0 19.0
obstacle
0.187133401632
82.0 103.0 29.0 77.0
obstacle
0.186820328236
351.0 144.0 29.0 97.0
obstacle
0.186665937304
269.0 162.0 38.0 58.0
obstacle
0.186057791114
214.0 4.0 71.0 21.0
obstacle
0.185939475894
84.0 29.0 24.0 69.0
obstacle
0.185703009367
299.0 203.0 134.0 127.0
obstacle
0.185436710715
397.0 254.0 88.0 29.0
obstacle
0.185358762741
156.0 124.0 106.0 32.0
obstacle
0.18523478508
304.0 202.0 104.0 26.0
obstacle
0.184915304184
0.0 185.0 355.0 148.0
obstacle
0.184747129679
206.0 103.0 91.0 30.0
obstacle
0.184323236346
147.0 115.0 125.0 105.0
obstacle
0.183534815907
262.0 140.0 201.0 54.0
obstacle
0.182742506266
127.0 79.0 88.0 25.0
obstacle
0.182697296143
354.0 179.0 96.0 25.0
obstacle
0.182322248816
278.0 107.0 21.0 120.0
obstacle
0.18052496016
176.0 3.0 71.0 22.0
obstacle
0.18022698164
353.0 216.0 102.0 103.0
obstacle
0.177996650338
276.0 4.0 25.0 69.0
obstacle
0.177986294031
200.0 99.0 21.0 88.0
obstacle
0.177494928241
216.0 50.0 70.0 20.0
obstacle
0.175939977169
115.0 106.0 40.0 15.0
obstacle
0.175445318222
20.0 52.0 77.0 20.0
obstacle
0.175369754434
462.0 158.0 35.0 14.0
obstacle
0.175113961101
235.0 161.0 34.0 59.0
obstacle
0.174752309918
462.0 80.0 35.0 16.0
obstacle
0.173940509558
270.0 6.0 37.0 11.0
obstacle
0.173744216561
14.0 254.0 85.0 29.0
obstacle
0.173526629806
315.0 23.0 23.0 80.0
obstacle
0.173464238644
461.0 55.0 36.0 15.0
obstacle
0.172463282943
257.0 90.0 211.0 55.0
obstacle
0.17121091485
122.0 26.0 25.0 75.0
obstacle
0.1709048599
10.0 136.0 182.0 59.0
obstacle
0.170576229692
435.0 51.0 65.0 23.0
obstacle
0.170340403914
192.0 258.0 308.0 74.0
obstacle
0.170230448246
305.0 31.0 43.0 16.0
obstacle
0.16989992559
354.0 141.0 146.0 52.0
obstacle
0.169895023108
153.0 157.0 38.0 16.0
obstacle
0.169800892472
463.0 106.0 34.0 15.0
obstacle
0.168979153037
137.0 4.0 71.0 21.0
obstacle
0.168631747365
51.0 128.0 97.0 25.0
obstacle
0.168202504516
0.0 129.0 66.0 25.0
obstacle
0.167566150427
39.0 131.0 39.0 16.0
obstacle
0.16730043292
171.0 210.0 159.0 114.0
obstacle
0.167047038674
363.0 49.0 83.0 20.0
obstacle
0.166725218296
79.0 106.0 37.0 15.0
obstacle
0.166295573115
258.0 181.0 120.0 30.0
obstacle
0.16616089642
38.0 154.0 41.0 18.0
obstacle
0.165795773268
253.0 167.0 212.0 58.0
obstacle
0.165661558509
19.0 28.0 77.0 20.0
obstacle
0.165510177612
82.0 84.0 29.0 64.0
obstacle
0.165436536074
42.0 217.0 111.0 101.0
obstacle
0.165126681328
155.0 148.0 117.0 134.0
obstacle
0.165015205741
275.0 227.0 98.0 23.0
obstacle
0.16419826448
356.0 128.0 93.0 26.0
obstacle
0.163899555802
382.0 31.0 43.0 15.0
obstacle
0.163775518537
138.0 51.0 68.0 20.0
obstacle
0.162572443485
16.0 233.0 82.0 22.0
obstacle
0.162057682872
304.0 208.0 39.0 17.0
obstacle
0.162019506097
14.0 104.0 91.0 24.0
obstacle
0.161703452468
463.0 132.0 33.0 14.0
obstacle
0.161074906588
327.0 49.0 78.0 19.0
obstacle
0.160993799567
232.0 6.0 36.0 11.0
obstacle
0.159955665469
232.0 306.0 266.0 27.0
obstacle
0.159729406238
394.0 128.0 95.0 24.0
obstacle
0.159626454115
277.0 26.0 22.0 75.0
obstacle
0.159527674317
0.0 153.0 67.0 25.0
obstacle
0.159450858831
82.0 132.0 29.0 68.0
obstacle
0.159219712019
317.0 122.0 21.0 90.0
obstacle
0.158351004124
76.0 306.0 270.0 27.0
obstacle
0.157806426287
3.0 158.0 33.0 14.0
obstacle
0.157488465309
473.0 33.0 23.0 60.0
obstacle
0.157442390919
344.0 31.0 43.0 15.0
obstacle
0.157198578119
422.0 156.0 40.0 17.0
obstacle
0.157075941563
156.0 197.0 341.0 136.0
obstacle
0.156325444579
389.0 161.0 29.0 63.0
obstacle
0.155807569623
99.0 4.0 70.0 21.0
obstacle
0.155513718724
422.0 77.0 41.0 21.0
obstacle
0.155265554786
49.0 151.0 104.0 24.0
obstacle
0.155253350735
111.0 184.0 211.0 61.0
obstacle
0.155049622059
4.0 134.0 32.0 13.0
obstacle
0.154748797417
193.0 6.0 36.0 11.0
obstacle
0.154555037618
151.0 152.0 115.0 30.0
obstacle
0.153743684292
463.0 208.0 33.0 15.0
obstacle
0.153465464711
178.0 51.0 68.0 20.0
obstacle
0.153166785836
355.0 154.0 95.0 25.0
obstacle
0.1527980268
116.0 83.0 38.0 16.0
obstacle
0.152784153819
422.0 103.0 40.0 19.0
obstacle
0.152660638094
358.0 252.0 90.0 32.0
obstacle
0.152548596263
313.0 116.0 26.0 52.0
obstacle
0.152175500989
202.0 158.0 25.0 67.0
obstacle
0.150756105781
353.0 88.0 147.0 52.0
obstacle
0.150247767568
391.0 218.0 104.0 98.0
obstacle
0.149985417724
268.0 32.0 41.0 15.0
obstacle
0.149638399482
238.0 6.0 24.0 65.0
obstacle
0.149394094944
13.0 79.0 93.0 21.0
obstacle
0.149387836456
393.0 102.0 98.0 24.0
obstacle
0.149189323187
156.0 108.0 33.0 13.0
obstacle
0.14905308187
352.0 114.0 148.0 53.0
obstacle
0.148924648762
311.0 190.0 181.0 54.0
obstacle
0.148818612099
36.0 66.0 196.0 52.0
obstacle
0.148582115769
52.0 253.0 85.0 31.0
obstacle
0.146459907293
423.0 129.0 38.0 18.0
obstacle
0.146242827177
261.0 184.0 51.0 20.0
obstacle
0.145372107625
473.0 9.0 23.0 59.0
obstacle
0.144928991795
155.0 6.0 35.0 11.0
obstacle
0.144924536347
209.0 11.0 238.0 59.0
obstacle
0.143470063806
396.0 139.0 91.0 102.0
obstacle
0.143246933818
419.0 30.0 45.0 17.0
obstacle
0.142886355519
351.0 112.0 30.0 59.0
obstacle
0.141714990139
316.0 103.0 93.0 26.0
obstacle
0.141658633947
377.0 260.0 51.0 65.0
obstacle
0.141633778811
275.0 116.0 25.0 51.0
obstacle
0.141629129648
420.0 265.0 45.0 55.0
obstacle
0.140486881137
236.0 273.0 258.0 39.0
obstacle
0.140232056379
436.0 256.0 64.0 27.0
obstacle
0.14007152617
12.0 114.0 94.0 100.0
obstacle
0.139843374491
60.0 4.0 71.0 21.0
obstacle
0.139559671283
423.0 204.0 38.0 20.0
obstacle
0.13904568553
385.0 182.0 35.0 14.0
obstacle
0.138808920979
235.0 71.0 265.0 141.0
obstacle
0.138320803642
424.0 248.0 36.0 37.0
obstacle
0.137835547328
226.0 184.0 49.0 18.0
obstacle
0.136771008372
168.0 79.0 85.0 24.0
obstacle
0.135368347168
116.0 132.0 38.0 14.0
obstacle
0.1351223737
200.0 152.0 98.0 28.0
obstacle
0.134874209762
337.0 259.0 55.0 67.0
obstacle
0.134628549218
1.0 220.0 115.0 96.0
obstacle
0.134242102504
76.0 250.0 38.0 34.0
obstacle
0.13422305882
422.0 52.0 40.0 19.0
obstacle
0.13414350152
149.0 175.0 138.0 30.0
obstacle
0.13411681354
21.0 4.0 72.0 21.0
obstacle
0.133809179068
384.0 246.0 37.0 41.0
obstacle
0.133530214429
386.0 78.0 36.0 19.0
obstacle
0.132910788059
392.0 203.0 97.0 24.0
obstacle
0.132514432073
386.0 279.0 112.0 29.0
obstacle
0.132376670837
206.0 248.0 236.0 35.0
obstacle
0.132336840034
69.0 263.0 52.0 60.0
obstacle
0.132055267692
0.0 305.0 226.0 28.0
obstacle
0.131937518716
352.0 203.0 98.0 24.0
obstacle
0.131569370627
432.0 77.0 68.0 24.0
obstacle
0.131514623761
386.0 131.0 33.0 14.0
obstacle
0.131501913071
162.0 159.0 24.0 63.0
obstacle
0.13149549067
351.0 197.0 31.0 39.0
obstacle
0.131257086992
433.0 129.0 67.0 24.0
obstacle
0.13078571856
0.0 2.0 59.0 23.0
obstacle
0.129647120833
331.0 280.0 67.0 26.0
obstacle
0.129200577736
390.0 137.0 27.0 60.0
obstacle
0.128925204277
39.0 250.0 37.0 33.0
obstacle
0.128815069795
238.0 28.0 23.0 71.0
obstacle
0.128429993987
199.0 8.0 25.0 61.0
obstacle
0.128204494715
238.0 133.0 27.0 11.0
obstacle
0.128089427948
236.0 205.0 35.0 18.0
obstacle
0.127794742584
122.0 155.0 27.0 70.0
obstacle
0.127634420991
105.0 262.0 57.0 62.0
obstacle
0.127155020833
116.0 6.0 36.0 11.0
obstacle
0.12653619051
385.0 206.0 35.0 16.0
obstacle
0.126156464219
162.0 29.0 23.0 70.0
obstacle
0.12591868639
3.0 6.0 32.0 12.0
obstacle
0.125902280211
0.0 256.0 63.0 26.0
obstacle
0.125850751996
390.0 188.0 28.0 58.0
obstacle
0.125695928931
79.0 57.0 35.0 14.0
obstacle
0.125518471003
109.0 132.0 129.0 166.0
obstacle
0.12547314167
230.0 32.0 40.0 15.0
obstacle
0.125444948673
346.0 132.0 35.0 14.0
obstacle
0.125113636255
81.0 155.0 35.0 15.0
obstacle
0.12507365644
79.0 6.0 34.0 11.0
obstacle
0.1249621436
80.0 131.0 34.0 13.0
obstacle
0.124815128744
356.0 102.0 96.0 26.0
obstacle
0.124730661511
154.0 0.0 346.0 95.0
obstacle
0.124380871654
0.0 232.0 62.0 23.0
obstacle
0.12408579886
0.0 27.0 62.0 23.0
obstacle
0.123988308012
386.0 157.0 33.0 14.0
obstacle
0.123487599194
57.0 232.0 77.0 23.0
obstacle
0.12347766757
386.0 105.0 34.0 15.0
obstacle
0.123443439603
41.0 106.0 35.0 15.0
obstacle
0.123365856707
0.0 52.0 61.0 22.0
obstacle
0.12235481292
55.0 63.0 85.0 104.0
obstacle
0.121898435056
361.0 138.0 83.0 107.0
obstacle
0.121601380408
156.0 133.0 32.0 12.0
obstacle
0.121454462409
34.0 267.0 46.0 52.0
obstacle
0.121207624674
371.0 281.0 65.0 24.0
obstacle
0.12080258131
161.0 8.0 25.0 62.0
obstacle
0.120283782482
109.0 171.0 131.0 27.0
obstacle
0.120076969266
43.0 162.0 189.0 51.0
obstacle
0.119420230389
314.0 78.0 25.0 80.0
obstacle
0.119305819273
313.0 151.0 98.0 26.0
obstacle
0.119303435087
122.0 6.0 25.0 65.0
obstacle
0.119171716273
298.0 260.0 54.0 65.0
obstacle
0.119128018618
199.0 83.0 24.0 70.0
obstacle
0.118692174554
336.0 37.0 164.0 55.0
obstacle
0.118653260171
144.0 262.0 54.0 62.0
obstacle
0.118372745812
278.0 125.0 222.0 134.0
obstacle
0.118333302438
0.0 272.0 270.0 40.0
obstacle
0.118222981691
92.0 221.0 245.0 46.0
obstacle
0.118190616369
89.0 252.0 90.0 32.0
obstacle
0.117798373103
208.0 79.0 84.0 23.0
obstacle
0.117630571127
386.0 53.0 36.0 17.0
