obstacle
0.415054440498
69.0 139.0 358.0 110.0
obstacle
0.40730497241
152.0 197.0 112.0 32.0
obstacle
0.406091928482
99.0 190.0 156.0 46.0
obstacle
0.404298424721
90.0 175.0 169.0 47.0
obstacle
0.39593449235
240.0 150.0 96.0 33.0
obstacle
0.388624787331
200.0 142.0 175.0 50.0
obstacle
0.381890624762
125.0 184.0 100.0 29.0
obstacle
0.373422414064
279.0 151.0 91.0 31.0
obstacle
0.366786330938
152.0 179.0 116.0 71.0
obstacle
0.336886465549
5.0 162.0 335.0 108.0
obstacle
0.323623090982
95.0 183.0 92.0 28.0
obstacle
0.311509639025
154.0 191.0 181.0 51.0
obstacle
0.304825812578
223.0 124.0 128.0 85.0
obstacle
0.303870022297
154.0 169.0 186.0 55.0
obstacle
0.302139759064
156.0 183.0 104.0 30.0
obstacle
0.298975914717
205.0 151.0 91.0 32.0
obstacle
0.295716077089
95.0 200.0 92.0 25.0
obstacle
0.293686777353
145.0 107.0 355.0 121.0
obstacle
0.288280010223
187.0 199.0 112.0 31.0
obstacle
0.242893651128
12.0 129.0 87.0 24.0
obstacle
0.234022244811
192.0 168.0 109.0 96.0
obstacle
0.231160774827
192.0 178.0 107.0 32.0
obstacle
0.229605942965
247.0 129.0 83.0 29.0
obstacle
0.212280392647
285.0 129.0 81.0 29.0
obstacle
0.212167322636
192.0 208.0 37.0 15.0
obstacle
0.212145105004
84.0 168.0 108.0 94.0
obstacle
0.211134165525
322.0 154.0 83.0 25.0
obstacle
0.20702470839
157.0 207.0 36.0 15.0
obstacle
0.20564198494
232.0 175.0 106.0 31.0
obstacle
0.201368525624
192.0 116.0 191.0 54.0
obstacle
0.200012311339
210.0 129.0 82.0 28.0
obstacle
0.199842438102
237.0 154.0 25.0 80.0
obstacle
0.198317319155
270.0 159.0 36.0 14.0
obstacle
0.188845872879
226.0 164.0 196.0 54.0
obstacle
0.185935795307
103.0 259.0 369.0 72.0
obstacle
0.184328153729
259.0 141.0 206.0 51.0
obstacle
0.184249132872
179.0 200.0 143.0 133.0
obstacle
0.183244034648
57.0 205.0 86.0 23.0
obstacle
0.18322263658
307.0 159.0 37.0 15.0
obstacle
0.18109229207
14.0 105.0 83.0 24.0
obstacle
0.178668215871
255.0 210.0 147.0 116.0
obstacle
0.172633141279
112.0 141.0 200.0 57.0
obstacle
0.172202676535
55.0 181.0 90.0 26.0
obstacle
0.171449795365
237.0 193.0 27.0 49.0
obstacle
0.17106385529
59.0 78.0 380.0 130.0
obstacle
0.170067489147
171.0 154.0 82.0 29.0
obstacle
0.169759437442
120.0 207.0 35.0 14.0
obstacle
0.167490079999
266.0 130.0 119.0 123.0
obstacle
0.166516020894
157.0 165.0 32.0 56.0
obstacle
0.166021957994
276.0 158.0 25.0 70.0
obstacle
0.165897116065
3.0 186.0 194.0 62.0
obstacle
0.16484645009
115.0 187.0 42.0 13.0
obstacle
0.164824455976
100.0 201.0 148.0 130.0
obstacle
0.16349466145
197.0 160.0 28.0 68.0
obstacle
0.161382853985
154.0 189.0 39.0 12.0
obstacle
0.161351725459
17.0 232.0 82.0 22.0
obstacle
0.160863444209
45.0 197.0 332.0 136.0
obstacle
0.159737989306
0.0 115.0 146.0 51.0
obstacle
0.159124985337
275.0 175.0 98.0 29.0
obstacle
0.158872053027
0.0 163.0 199.0 62.0
obstacle
0.158260703087
0.0 104.0 360.0 131.0
obstacle
0.158206835389
3.0 133.0 33.0 14.0
obstacle
0.154387906194
173.0 129.0 79.0 27.0
obstacle
0.153888598084
230.0 153.0 113.0 127.0
obstacle
0.152639269829
122.0 190.0 26.0 53.0
obstacle
0.152562081814
148.0 192.0 352.0 141.0
obstacle
0.15213291347
234.0 160.0 32.0 12.0
obstacle
0.151459932327
231.0 208.0 34.0 15.0
obstacle
0.1514467448
162.0 207.0 25.0 65.0
obstacle
0.149350583553
38.0 132.0 38.0 17.0
obstacle
0.148283794522
325.0 130.0 78.0 25.0
obstacle
0.147969007492
147.0 118.0 128.0 101.0
obstacle
0.147284671664
54.0 130.0 78.0 24.0
obstacle
0.146119937301
230.0 201.0 107.0 28.0
obstacle
0.143598005176
35.0 306.0 275.0 27.0
obstacle
0.142871111631
11.0 154.0 90.0 23.0
obstacle
0.142844498158
14.0 207.0 87.0 23.0
obstacle
0.142098218203
313.0 145.0 28.0 45.0
obstacle
0.141842484474
0.0 104.0 62.0 25.0
obstacle
0.140342116356
14.0 254.0 85.0 28.0
obstacle
0.139667376876
150.0 306.0 275.0 27.0
obstacle
0.138348892331
132.0 220.0 227.0 43.0
obstacle
0.136025354266
42.0 213.0 111.0 109.0
obstacle
0.135914281011
347.0 217.0 115.0 103.0
obstacle
0.134668499231
117.0 166.0 35.0 55.0
obstacle
0.134209245443
83.0 209.0 31.0 12.0
obstacle
0.133856579661
161.0 195.0 24.0 42.0
obstacle
0.13369974494
364.0 254.0 80.0 31.0
obstacle
0.132669970393
212.0 104.0 76.0 26.0
obstacle
0.132124364376
0.0 232.0 62.0 23.0
obstacle
0.131987705827
193.0 188.0 36.0 11.0
obstacle
0.131309866905
402.0 256.0 79.0 27.0
obstacle
0.131185159087
192.0 227.0 107.0 22.0
obstacle
0.130373999476
81.0 185.0 33.0 12.0
obstacle
0.130352914333
250.0 104.0 77.0 26.0
obstacle
0.130304038525
364.0 156.0 79.0 24.0
obstacle
0.129934862256
149.0 225.0 119.0 23.0
obstacle
0.129698172212
89.0 246.0 240.0 38.0
obstacle
0.128661826253
0.0 259.0 308.0 72.0
obstacle
0.128567457199
174.0 104.0 76.0 25.0
obstacle
0.127795502543
275.0 142.0 26.0 51.0
obstacle
0.127081274986
288.0 104.0 77.0 26.0
obstacle
0.126747533679
263.0 91.0 125.0 104.0
obstacle
0.126670226455
198.0 199.0 27.0 34.0
obstacle
0.126644149423
59.0 231.0 80.0 21.0
obstacle
0.126614391804
155.0 164.0 112.0 150.0
obstacle
0.126551121473
135.0 129.0 77.0 26.0
obstacle
0.12596206367
201.0 214.0 26.0 51.0
obstacle
0.125752255321
184.0 88.0 132.0 109.0
obstacle
0.125654160976
272.0 182.0 31.0 15.0
obstacle
0.125606700778
323.0 253.0 84.0 31.0
obstacle
0.125388324261
105.0 112.0 212.0 58.0
obstacle
0.125322043896
370.0 234.0 71.0 21.0
obstacle
0.125271722674
253.0 115.0 219.0 54.0
obstacle
0.124776445329
56.0 106.0 76.0 23.0
obstacle
0.124420002103
136.0 156.0 75.0 27.0
obstacle
0.123660191894
281.0 252.0 90.0 32.0
obstacle
0.12197407335
465.0 5.0 31.0 13.0
obstacle
0.121832638979
377.0 265.0 51.0 57.0
obstacle
0.120759196579
383.0 251.0 37.0 32.0
obstacle
0.120248124003
336.0 263.0 57.0 60.0
obstacle
0.119635090232
4.0 158.0 31.0 14.0
obstacle
0.11918669194
16.0 81.0 82.0 21.0
obstacle
0.119011126459
136.0 104.0 75.0 25.0
obstacle
0.118998073041
0.0 256.0 63.0 26.0
obstacle
0.118409328163
404.0 234.0 77.0 21.0
obstacle
0.118372052908
274.0 121.0 28.0 45.0
obstacle
0.118111796677
0.0 218.0 117.0 99.0
obstacle
0.117722176015
234.0 185.0 31.0 12.0
obstacle
0.117665708065
68.0 221.0 213.0 41.0
obstacle
0.116975754499
344.0 251.0 40.0 32.0
obstacle
0.116560280323
3.0 122.0 23.0 39.0
obstacle
0.116551108658
365.0 131.0 78.0 24.0
obstacle
0.116236574948
76.0 248.0 38.0 36.0
obstacle
0.115873940289
307.0 251.0 37.0 32.0
obstacle
0.115694455802
313.0 122.0 28.0 42.0
obstacle
0.115605615079
0.0 89.0 151.0 53.0
obstacle
0.115577235818
298.0 263.0 55.0 60.0
obstacle
0.115084044635
152.0 242.0 40.0 47.0
obstacle
0.114106357098
4.0 109.0 30.0 13.0
obstacle
0.114042714238
80.0 134.0 30.0 13.0
obstacle
0.113641023636
112.0 244.0 43.0 42.0
obstacle
0.113263495266
272.0 305.0 228.0 28.0
obstacle
0.11308978498
69.0 263.0 52.0 60.0
obstacle
0.112987793982
43.0 123.0 31.0 35.0
obstacle
0.112727053463
39.0 250.0 37.0 33.0
obstacle
0.112354069948
259.0 262.0 55.0 62.0
obstacle
0.112129613757
285.0 231.0 83.0 24.0
obstacle
0.111973665655
304.0 106.0 120.0 123.0
obstacle
0.111808121204
0.0 139.0 150.0 53.0
obstacle
0.111523613334
3.0 147.0 23.0 40.0
obstacle
0.111340299249
12.0 181.0 91.0 23.0
obstacle
0.111162289977
174.0 81.0 76.0 22.0
obstacle
0.111159436405
212.0 81.0 77.0 22.0
obstacle
0.11103399843
239.0 251.0 95.0 33.0
obstacle
0.110796160996
0.0 206.0 63.0 24.0
obstacle
0.110769748688
55.0 167.0 87.0 99.0
obstacle
0.110535867512
268.0 249.0 38.0 35.0
obstacle
0.110120654106
104.0 259.0 59.0 67.0
obstacle
0.110024757683
6.0 91.0 102.0 99.0
obstacle
0.109792239964
217.0 188.0 214.0 57.0
obstacle
0.109784170985
364.0 181.0 79.0 24.0
obstacle
0.109716430306
39.0 156.0 36.0 17.0
obstacle
0.10967413336
0.0 2.0 58.0 23.0
obstacle
0.10941606015
51.0 252.0 89.0 31.0
obstacle
0.10939373076
236.0 121.0 27.0 44.0
obstacle
0.109301351011
442.0 3.0 58.0 23.0
obstacle
0.109204389155
221.0 260.0 55.0 65.0
obstacle
0.109189234674
327.0 105.0 77.0 23.0
obstacle
0.108846284449
336.0 282.0 58.0 23.0
obstacle
0.108755506575
251.0 80.0 76.0 23.0
obstacle
0.108474746346
191.0 241.0 40.0 49.0
obstacle
0.108391784132
230.0 245.0 39.0 42.0
obstacle
0.107616312802
329.0 233.0 75.0 21.0
obstacle
0.107563875616
289.0 80.0 77.0 23.0
obstacle
0.10752786696
276.0 189.0 27.0 59.0
obstacle
0.107404582202
239.0 229.0 94.0 23.0
obstacle
0.107275858521
135.0 81.0 77.0 22.0
obstacle
0.107264071703
182.0 258.0 56.0 69.0
obstacle
0.106653735042
143.0 258.0 57.0 69.0
obstacle
0.106397263706
237.0 140.0 25.0 56.0
obstacle
0.10611461848
299.0 282.0 55.0 22.0
obstacle
0.106025651097
366.0 106.0 77.0 23.0
obstacle
0.105851307511
34.0 272.0 277.0 40.0
obstacle
0.105689190328
3.0 98.0 23.0 38.0
obstacle
0.105012558401
34.0 268.0 46.0 50.0
obstacle
0.104999653995
402.0 81.0 82.0 20.0
obstacle
0.104888118804
420.0 269.0 44.0 49.0
obstacle
0.104234717786
424.0 252.0 36.0 30.0
obstacle
0.104180127382
0.0 79.0 62.0 23.0
obstacle
0.104176543653
401.0 157.0 82.0 22.0
obstacle
0.103966228664
439.0 257.0 61.0 26.0
obstacle
0.103757172823
3.0 6.0 31.0 11.0
obstacle
0.103498764336
401.0 182.0 82.0 22.0
obstacle
0.103338517249
402.0 131.0 81.0 22.0
obstacle
0.103272624314
321.0 179.0 86.0 24.0
obstacle
0.103142991662
55.0 156.0 79.0 23.0
obstacle
0.102807745337
402.0 106.0 81.0 21.0
obstacle
0.102558270097
401.0 208.0 82.0 22.0
obstacle
0.102360419929
260.0 282.0 56.0 22.0
obstacle
0.102213643491
367.0 81.0 76.0 21.0
obstacle
0.101793147624
3.0 226.0 22.0 35.0
obstacle
0.101772539318
197.0 244.0 256.0 44.0
obstacle
0.101164475083
194.0 250.0 108.0 33.0
obstacle
0.101154401898
375.0 283.0 56.0 21.0
obstacle
0.100866600871
97.0 131.0 75.0 22.0
obstacle
0.100805602968
40.0 108.0 34.0 15.0
obstacle
0.100751325488
310.0 182.0 31.0 15.0
obstacle
0.10063945502
3.0 200.0 23.0 38.0
obstacle
0.100578784943
385.0 217.0 115.0 102.0
obstacle
0.100298732519
3.0 174.0 23.0 39.0
obstacle
0.100152485073
407.0 54.0 71.0 18.0
obstacle
0.100139737129
0.0 303.0 186.0 30.0
obstacle
0.0996356531978
121.0 212.0 29.0 55.0
obstacle
0.0993742570281
296.0 53.0 63.0 20.0
obstacle
0.0992625430226
257.0 53.0 63.0 20.0
obstacle
0.0992603302002
219.0 53.0 63.0 20.0
obstacle
0.0992025360465
22.0 54.0 69.0 19.0
obstacle
0.0989487916231
181.0 53.0 62.0 20.0
obstacle
0.0989480093122
147.0 271.0 282.0 42.0
obstacle
0.098636046052
180.0 86.0 214.0 59.0
obstacle
0.0984080284834
293.0 29.0 67.0 19.0
obstacle
0.0983956679702
221.0 281.0 57.0 24.0
obstacle
0.0983562767506
82.0 160.0 28.0 11.0
obstacle
0.0982845425606
254.0 29.0 67.0 19.0
obstacle
0.0979278460145
216.0 29.0 67.0 19.0
obstacle
0.0977230444551
442.0 54.0 58.0 21.0
obstacle
0.0976446047425
177.0 29.0 67.0 19.0
obstacle
0.0975818634033
93.0 229.0 90.0 20.0
obstacle
0.0975234434009
142.0 53.0 63.0 20.0
obstacle
0.0973388701677
328.0 81.0 76.0 20.0
obstacle
0.097307883203
40.0 209.0 35.0 15.0
obstacle
0.0971740856767
0.0 53.0 59.0 22.0
obstacle
0.0971644073725
271.0 207.0 31.0 16.0
obstacle
0.0970295965672
57.0 81.0 76.0 21.0
obstacle
0.0968327671289
139.0 29.0 67.0 19.0
obstacle
0.0967217758298
350.0 148.0 32.0 39.0
obstacle
0.0963835790753
103.0 280.0 62.0 26.0
obstacle
0.0963690206409
99.0 158.0 72.0 22.0
obstacle
0.0962612479925
365.0 207.0 79.0 24.0
obstacle
0.0962093099952
441.0 233.0 59.0 23.0
obstacle
0.0961449891329
440.0 80.0 60.0 22.0
obstacle
0.0959683954716
182.0 280.0 58.0 25.0
obstacle
0.0957595035434
143.0 280.0 59.0 25.0
obstacle
0.0956250354648
274.0 136.0 28.0 12.0
obstacle
0.0951792225242
67.0 282.0 58.0 23.0
obstacle
0.0950742512941
351.0 172.0 31.0 41.0
obstacle
0.0945367664099
335.0 54.0 61.0 18.0
obstacle
0.0943779274821
97.0 105.0 74.0 22.0
obstacle
0.093798391521
199.0 161.0 26.0 11.0
obstacle
0.0937045887113
81.0 109.0 29.0 13.0
obstacle
0.0933925062418
0.0 180.0 64.0 24.0
obstacle
0.0933074057102
101.0 86.0 218.0 58.0
obstacle
0.0929085463285
5.0 211.0 28.0 13.0
obstacle
0.0928494557738
197.0 123.0 28.0 40.0
obstacle
0.0925447270274
440.0 29.0 60.0 21.0
obstacle
0.0925199091434
473.0 73.0 23.0 34.0
obstacle
0.0923662558198
3.0 73.0 23.0 36.0
obstacle
0.0921788066626
473.0 99.0 23.0 34.0
obstacle
0.0920715928078
199.0 220.0 252.0 47.0
obstacle
0.0920380726457
387.0 160.0 30.0 12.0
obstacle
0.0920103639364
472.0 201.0 24.0 35.0
obstacle
0.0920062810183
472.0 125.0 24.0 34.0
obstacle
0.0918683558702
472.0 176.0 24.0 34.0
obstacle
0.0918464586139
373.0 54.0 63.0 18.0
obstacle
0.0918453410268
472.0 150.0 24.0 35.0
obstacle
0.0915151536465
473.0 227.0 22.0 33.0
obstacle
0.0913941413164
0.0 28.0 60.0 21.0
obstacle
0.0910922586918
43.0 147.0 31.0 37.0
obstacle
0.0908618196845
331.0 30.0 67.0 17.0
obstacle
0.0907439738512
406.0 4.0 71.0 20.0
obstacle
0.0906956866384
440.0 208.0 60.0 23.0
obstacle
0.0906799286604
440.0 105.0 60.0 23.0
obstacle
0.0904919281602
440.0 131.0 60.0 23.0
obstacle
0.0904233157635
312.0 136.0 28.0 12.0
obstacle
0.0904044285417
440.0 182.0 60.0 23.0
obstacle
0.0901448503137
440.0 156.0 60.0 23.0
obstacle
0.0897494480014
43.0 99.0 31.0 33.0
obstacle
0.0893551856279
21.0 4.0 71.0 20.0
obstacle
0.0890249460936
16.0 112.0 232.0 57.0
obstacle
0.0889577716589
115.0 249.0 116.0 33.0
obstacle
0.0887453556061
199.0 140.0 23.0 59.0
obstacle
0.088304951787
467.0 211.0 27.0 12.0
obstacle
0.0881806537509
467.0 83.0 27.0 13.0
obstacle
0.088048838079
467.0 134.0 27.0 12.0
obstacle
0.0880180746317
467.0 185.0 27.0 13.0
obstacle
0.0878251567483
467.0 159.0 27.0 13.0
obstacle
0.0877178162336
467.0 108.0 27.0 13.0
obstacle
0.0873940959573
100.0 30.0 67.0 17.0
obstacle
0.0873710215092
253.0 4.0 69.0 20.0
obstacle
0.0873424857855
292.0 4.0 69.0 20.0
obstacle
0.087323538959
247.0 87.0 232.0 57.0
obstacle
0.087309487164
40.0 183.0 34.0 15.0
obstacle
0.0872794911265
215.0 4.0 69.0 20.0
obstacle
0.0872119516134
176.0 4.0 69.0 20.0
obstacle
0.0869165062904
347.0 159.0 33.0 14.0
obstacle
0.0868695154786
0.0 282.0 68.0 26.0
obstacle
0.0867639183998
138.0 4.0 69.0 20.0
obstacle
0.0866503193974
207.0 241.0 164.0 92.0
obstacle
0.0866106897593
18.0 140.0 231.0 58.0
