obstacle
0.328921794891
124.0 105.0 96.0 26.0
obstacle
0.313612997532
80.0 97.0 183.0 43.0
obstacle
0.309124350548
12.0 87.0 88.0 22.0
obstacle
0.288278073072
9.0 107.0 95.0 21.0
obstacle
0.276404559612
283.0 106.0 89.0 25.0
obstacle
0.268988490105
129.0 86.0 86.0 25.0
obstacle
0.268677681684
165.0 106.0 91.0 25.0
obstacle
0.268518567085
51.0 88.0 86.0 22.0
obstacle
0.267507195473
47.0 107.0 94.0 22.0
obstacle
0.264107227325
0.0 68.0 348.0 103.0
obstacle
0.263249695301
87.0 106.0 94.0 23.0
obstacle
0.263017416
92.0 88.0 84.0 22.0
obstacle
0.249158903956
8.0 97.0 174.0 43.0
obstacle
0.245290845633
245.0 107.0 88.0 24.0
obstacle
0.241412460804
230.0 96.0 192.0 45.0
obstacle
0.239246979356
34.0 77.0 198.0 43.0
obstacle
0.236400216818
111.0 78.0 122.0 82.0
obstacle
0.234885081649
323.0 108.0 85.0 22.0
obstacle
0.233282953501
206.0 107.0 88.0 24.0
obstacle
0.233262628317
0.0 218.0 351.0 61.0
obstacle
0.230216935277
103.0 181.0 142.0 91.0
obstacle
0.218569666147
15.0 215.0 83.0 25.0
obstacle
0.218480065465
35.0 166.0 350.0 115.0
obstacle
0.218079343438
0.0 77.0 142.0 42.0
obstacle
0.215099170804
169.0 87.0 83.0 24.0
obstacle
0.214964643121
76.0 110.0 40.0 14.0
obstacle
0.213905468583
286.0 87.0 83.0 23.0
obstacle
0.213252797723
178.0 180.0 145.0 92.0
obstacle
0.211709156632
145.0 218.0 355.0 61.0
obstacle
0.211601048708
36.0 109.0 43.0 16.0
obstacle
0.207660153508
151.0 96.0 196.0 45.0
obstacle
0.202493578196
255.0 180.0 146.0 93.0
obstacle
0.199942648411
128.0 171.0 91.0 24.0
obstacle
0.199343711138
53.0 213.0 84.0 28.0
obstacle
0.197919875383
73.0 117.0 198.0 46.0
obstacle
0.197696834803
248.0 87.0 82.0 23.0
obstacle
0.193208962679
80.0 72.0 109.0 93.0
obstacle
0.192655369639
2.0 111.0 36.0 13.0
obstacle
0.191248551011
209.0 87.0 82.0 23.0
obstacle
0.191240370274
132.0 194.0 85.0 22.0
obstacle
0.190675482154
42.0 185.0 109.0 82.0
obstacle
0.190250828862
126.0 211.0 93.0 30.0
obstacle
0.190039932728
36.0 90.0 42.0 14.0
obstacle
0.187787637115
71.0 160.0 202.0 46.0
obstacle
0.187604978681
43.0 258.0 259.0 23.0
obstacle
0.186517581344
325.0 88.0 80.0 21.0
obstacle
0.186285853386
77.0 92.0 37.0 12.0
obstacle
0.184076845646
149.0 67.0 351.0 106.0
obstacle
0.183611810207
71.0 138.0 202.0 47.0
obstacle
0.183213561773
2.0 91.0 35.0 12.0
obstacle
0.182724356651
112.0 75.0 196.0 46.0
obstacle
0.18182221055
2.0 235.0 110.0 26.0
obstacle
0.180248275399
164.0 211.0 93.0 30.0
obstacle
0.179558977485
167.0 172.0 87.0 23.0
obstacle
0.179172769189
89.0 213.0 89.0 27.0
obstacle
0.179043442011
362.0 109.0 82.0 21.0
obstacle
0.178936585784
170.0 195.0 84.0 21.0
obstacle
0.177473008633
113.0 110.0 42.0 15.0
obstacle
0.175639569759
226.0 75.0 200.0 46.0
obstacle
0.17273786664
8.0 77.0 99.0 81.0
obstacle
0.171544104815
154.0 112.0 36.0 13.0
obstacle
0.171220928431
125.0 149.0 96.0 24.0
obstacle
0.169638693333
263.0 76.0 127.0 87.0
obstacle
0.168320164084
204.0 212.0 90.0 29.0
obstacle
0.16789200902
155.0 258.0 266.0 23.0
obstacle
0.165904819965
122.0 127.0 100.0 24.0
obstacle
0.163413882256
243.0 212.0 89.0 29.0
obstacle
0.163263291121
14.0 68.0 84.0 19.0
obstacle
0.162740543485
0.0 107.0 348.0 112.0
obstacle
0.161868423223
34.0 224.0 46.0 46.0
obstacle
0.16160710156
282.0 212.0 89.0 29.0
obstacle
0.160415872931
163.0 128.0 94.0 23.0
obstacle
0.159134805202
8.0 230.0 253.0 34.0
obstacle
0.158964291215
165.0 150.0 91.0 24.0
obstacle
0.158439695835
70.0 221.0 51.0 52.0
obstacle
0.158288091421
2.0 187.0 112.0 78.0
obstacle
0.156989246607
50.0 77.0 91.0 82.0
obstacle
0.154996201396
76.0 210.0 38.0 30.0
obstacle
0.154532060027
54.0 186.0 236.0 39.0
obstacle
0.153209477663
211.0 196.0 80.0 20.0
obstacle
0.152617916465
322.0 213.0 85.0 27.0
obstacle
0.152299195528
363.0 214.0 81.0 26.0
obstacle
0.150999486446
107.0 220.0 54.0 54.0
obstacle
0.150830820203
51.0 206.0 241.0 38.0
obstacle
0.150430068374
185.0 74.0 129.0 91.0
obstacle
0.149711489677
348.0 184.0 113.0 85.0
obstacle
0.148772850633
0.0 216.0 63.0 23.0
obstacle
0.147819072008
39.0 211.0 37.0 29.0
obstacle
0.146644383669
19.0 197.0 77.0 19.0
obstacle
0.146415621042
364.0 89.0 79.0 20.0
obstacle
0.145986646414
60.0 197.0 72.0 19.0
obstacle
0.145207092166
113.0 209.0 40.0 31.0
obstacle
0.144738644361
154.0 210.0 35.0 30.0
obstacle
0.144639238715
290.0 196.0 77.0 20.0
obstacle
0.144412428141
251.0 196.0 77.0 20.0
obstacle
0.144144594669
146.0 220.0 51.0 54.0
obstacle
0.143166974187
401.0 215.0 81.0 24.0
obstacle
0.142783075571
101.0 237.0 67.0 21.0
obstacle
0.140808537602
111.0 109.0 124.0 106.0
obstacle
0.140445843339
184.0 221.0 52.0 53.0
obstacle
0.140265926719
192.0 210.0 35.0 30.0
obstacle
0.140113338828
370.0 197.0 71.0 19.0
obstacle
0.139392390847
205.0 128.0 89.0 23.0
obstacle
0.138367399573
96.0 196.0 79.0 18.0
obstacle
0.138184741139
149.0 89.0 123.0 104.0
obstacle
0.138164192438
143.0 115.0 210.0 49.0
obstacle
0.136719897389
142.0 237.0 61.0 21.0
obstacle
0.13659863174
134.0 68.0 78.0 20.0
obstacle
0.13659632206
163.0 206.0 247.0 38.0
obstacle
0.136584118009
0.0 256.0 178.0 25.0
obstacle
0.136440128088
220.0 115.0 212.0 49.0
obstacle
0.135385215282
222.0 221.0 52.0 52.0
obstacle
0.135356336832
208.0 173.0 83.0 23.0
obstacle
0.135300308466
62.0 237.0 68.0 21.0
obstacle
0.134901463985
230.0 211.0 36.0 28.0
obstacle
0.134743079543
0.0 67.0 63.0 20.0
obstacle
0.134606003761
282.0 128.0 90.0 23.0
obstacle
0.134199932218
42.0 80.0 32.0 34.0
obstacle
0.134088397026
337.0 221.0 55.0 52.0
obstacle
0.134062021971
299.0 221.0 53.0 52.0
obstacle
0.134029299021
261.0 221.0 52.0 52.0
obstacle
0.132951036096
269.0 211.0 36.0 28.0
obstacle
0.132693082094
67.0 44.0 364.0 110.0
obstacle
0.132663935423
307.0 211.0 36.0 28.0
obstacle
0.132660090923
181.0 238.0 60.0 19.0
obstacle
0.132492855191
35.0 234.0 120.0 28.0
obstacle
0.131978645921
377.0 223.0 51.0 49.0
obstacle
0.131560370326
68.0 83.0 361.0 117.0
obstacle
0.13148573041
194.0 112.0 33.0 13.0
obstacle
0.131483495235
245.0 128.0 88.0 23.0
obstacle
0.131473109126
309.0 112.0 34.0 13.0
obstacle
0.131234154105
329.0 197.0 74.0 18.0
obstacle
0.131205528975
158.0 81.0 29.0 35.0
obstacle
0.130873098969
312.0 103.0 29.0 33.0
obstacle
0.130616515875
303.0 95.0 197.0 48.0
obstacle
0.130181655288
116.0 92.0 36.0 12.0
obstacle
0.130118072033
383.0 211.0 37.0 29.0
obstacle
0.130081385374
118.0 229.0 263.0 35.0
obstacle
0.129828438163
344.0 211.0 40.0 28.0
obstacle
0.129309132695
85.0 128.0 99.0 20.0
obstacle
0.128826186061
464.0 4.0 32.0 11.0
obstacle
0.12826217711
404.0 197.0 77.0 18.0
obstacle
0.127906039357
56.0 69.0 78.0 18.0
obstacle
0.12746873498
220.0 238.0 59.0 19.0
obstacle
0.12741099298
159.0 100.0 28.0 39.0
obstacle
0.126794785261
297.0 238.0 59.0 19.0
obstacle
0.126790612936
386.0 113.0 33.0 11.0
obstacle
0.126652374864
259.0 238.0 58.0 19.0
obstacle
0.125950202346
273.0 257.0 227.0 24.0
obstacle
0.125927314162
173.0 68.0 78.0 20.0
obstacle
0.125480249524
304.0 69.0 121.0 101.0
obstacle
0.125422045588
334.0 238.0 62.0 20.0
obstacle
0.125405475497
288.0 68.0 79.0 19.0
obstacle
0.125100016594
42.0 99.0 32.0 37.0
obstacle
0.124679520726
400.0 110.0 83.0 19.0
obstacle
0.124169841409
197.0 102.0 29.0 36.0
obstacle
0.123601771891
147.0 54.0 127.0 90.0
obstacle
0.123531907797
156.0 93.0 32.0 11.0
obstacle
0.122226580977
274.0 103.0 28.0 33.0
obstacle
0.122084893286
250.0 68.0 78.0 19.0
obstacle
0.121100470424
231.0 230.0 268.0 34.0
obstacle
0.120966523886
97.0 69.0 76.0 17.0
obstacle
0.120848655701
147.0 134.0 128.0 101.0
obstacle
0.120700970292
82.0 98.0 30.0 41.0
obstacle
0.120691418648
287.0 174.0 80.0 22.0
obstacle
0.120648860931
249.0 174.0 80.0 22.0
obstacle
0.120598986745
211.0 68.0 78.0 19.0
obstacle
0.120066478848
136.0 206.0 152.0 75.0
obstacle
0.118552662432
235.0 103.0 29.0 34.0
obstacle
0.117709830403
143.0 159.0 211.0 49.0
obstacle
0.117666862905
206.0 151.0 86.0 23.0
obstacle
0.117077961564
401.0 89.0 82.0 19.0
obstacle
0.117058098316
197.0 82.0 28.0 33.0
obstacle
0.116451919079
312.0 83.0 29.0 32.0
obstacle
0.116020001471
442.0 2.0 58.0 20.0
obstacle
0.115800790489
193.0 166.0 307.0 115.0
obstacle
0.115406058729
65.0 205.0 141.0 76.0
obstacle
0.114451602101
82.0 80.0 30.0 37.0
obstacle
0.114444628358
362.0 131.0 83.0 20.0
obstacle
0.114170849323
272.0 113.0 32.0 12.0
obstacle
0.114012755454
118.0 80.0 33.0 37.0
obstacle
0.113723114133
0.0 2.0 58.0 19.0
obstacle
0.113014504313
159.0 191.0 28.0 26.0
obstacle
0.112621761858
328.0 68.0 77.0 18.0
obstacle
0.112592987716
3.0 100.0 23.0 38.0
obstacle
0.11211283505
402.0 68.0 82.0 17.0
obstacle
0.111865654588
420.0 226.0 44.0 42.0
obstacle
0.111841104925
79.0 130.0 34.0 15.0
obstacle
0.111607864499
366.0 68.0 78.0 18.0
obstacle
0.111589096487
141.0 137.0 214.0 49.0
obstacle
0.111374102533
0.0 196.0 61.0 20.0
obstacle
0.111255660653
374.0 239.0 58.0 18.0
obstacle
0.111220300198
21.0 45.0 70.0 17.0
obstacle
0.111203759909
107.0 233.0 130.0 30.0
obstacle
0.11101039499
274.0 83.0 28.0 32.0
obstacle
0.110695116222
424.0 212.0 36.0 26.0
obstacle
0.110681012273
165.0 185.0 245.0 41.0
obstacle
0.110653564334
4.0 71.0 30.0 11.0
obstacle
0.109534047544
211.0 205.0 156.0 76.0
obstacle
0.109400272369
0.0 45.0 59.0 18.0
obstacle
0.109372727573
223.0 52.0 130.0 93.0
obstacle
0.109050922096
197.0 191.0 29.0 26.0
obstacle
0.108884170651
235.0 83.0 29.0 32.0
obstacle
0.108719728887
234.0 113.0 31.0 11.0
obstacle
0.108681239188
3.0 80.0 23.0 36.0
obstacle
0.108628861606
401.0 175.0 82.0 19.0
obstacle
0.108473420143
158.0 167.0 29.0 35.0
obstacle
0.108300626278
386.0 184.0 114.0 85.0
obstacle
0.108285583556
156.0 132.0 33.0 13.0
obstacle
0.108035773039
365.0 175.0 78.0 20.0
obstacle
0.108028963208
439.0 217.0 61.0 22.0
obstacle
0.107793524861
3.0 5.0 31.0 10.0
obstacle
0.107509575784
119.0 142.0 33.0 41.0
obstacle
0.107298992574
349.0 102.0 33.0 34.0
obstacle
0.107245981693
400.0 132.0 84.0 19.0
obstacle
0.106807440519
350.0 123.0 32.0 35.0
obstacle
0.106310345232
118.0 167.0 33.0 34.0
obstacle
0.106248639524
0.0 115.0 191.0 48.0
obstacle
0.105887651443
46.0 129.0 97.0 19.0
obstacle
0.105810314417
346.0 111.0 37.0 14.0
obstacle
0.105426937342
322.0 129.0 87.0 21.0
obstacle
0.105388239026
0.0 241.0 41.0 14.0
obstacle
0.105328336358
119.0 117.0 33.0 47.0
obstacle
0.10527908057
4.0 133.0 31.0 12.0
obstacle
0.104980945587
3.0 122.0 23.0 38.0
obstacle
0.104816354811
327.0 175.0 78.0 19.0
obstacle
0.104234032333
119.0 98.0 32.0 42.0
obstacle
0.103915683925
0.0 44.0 223.0 108.0
obstacle
0.103409253061
299.0 73.0 201.0 50.0
obstacle
0.103194490075
224.0 87.0 130.0 108.0
obstacle
0.103004775941
197.0 168.0 29.0 34.0
obstacle
0.102984510362
7.0 129.0 99.0 19.0
obstacle
0.102578751743
82.0 72.0 29.0 11.0
obstacle
0.102307915688
407.0 45.0 71.0 16.0
obstacle
0.102031648159
387.0 92.0 31.0 11.0
obstacle
0.101449579
0.0 228.0 29.0 41.0
obstacle
0.100733473897
66.0 126.0 365.0 118.0
obstacle
0.100716046989
441.0 197.0 59.0 19.0
obstacle
0.100673571229
440.0 67.0 60.0 19.0
obstacle
0.100447811186
442.0 45.0 58.0 18.0
obstacle
0.10039075464
246.0 151.0 85.0 22.0
obstacle
0.100087873638
217.0 159.0 217.0 49.0
obstacle
0.0998056232929
158.0 64.0 31.0 25.0
obstacle
0.0995568409562
401.0 154.0 83.0 18.0
obstacle
0.099485181272
3.0 60.0 22.0 33.0
obstacle
0.0993398576975
177.0 25.0 68.0 15.0
obstacle
0.0993225127459
216.0 25.0 67.0 15.0
obstacle
0.0991950333118
254.0 25.0 68.0 15.0
obstacle
0.0991753339767
293.0 25.0 67.0 15.0
obstacle
0.0988327711821
406.0 3.0 72.0 17.0
obstacle
0.0988163053989
236.0 193.0 28.0 23.0
obstacle
0.098692253232
296.0 45.0 63.0 16.0
obstacle
0.0983943492174
139.0 25.0 67.0 15.0
obstacle
0.0982951372862
156.0 177.0 32.0 12.0
obstacle
0.0982565060258
159.0 143.0 29.0 40.0
obstacle
0.0981081351638
257.0 45.0 63.0 16.0
obstacle
0.0978955775499
142.0 45.0 63.0 16.0
obstacle
0.097504094243
156.0 154.0 33.0 14.0
obstacle
0.0973993614316
181.0 45.0 62.0 16.0
obstacle
0.0973756983876
219.0 45.0 63.0 16.0
obstacle
0.0971152335405
285.0 151.0 85.0 22.0
obstacle
0.0968946069479
39.0 129.0 36.0 17.0
obstacle
0.0968611687422
93.0 173.0 85.0 20.0
obstacle
0.0967474430799
387.0 133.0 31.0 12.0
obstacle
0.0964611470699
184.0 234.0 129.0 29.0
obstacle
0.0961857065558
0.0 24.0 60.0 18.0
obstacle
0.0954678431153
299.0 116.0 201.0 49.0
obstacle
0.0953007414937
440.0 24.0 60.0 18.0
obstacle
0.0952546596527
197.0 144.0 29.0 38.0
obstacle
0.095243550837
349.0 82.0 33.0 32.0
obstacle
0.0950030907989
89.0 151.0 93.0 20.0
obstacle
0.0949024856091
274.0 193.0 28.0 23.0
obstacle
0.0948438793421
196.0 93.0 29.0 10.0
obstacle
0.0947128236294
3.0 191.0 22.0 29.0
obstacle
0.0946670994163
388.0 104.0 30.0 31.0
obstacle
0.0945123806596
473.0 61.0 23.0 30.0
obstacle
0.0944515243173
440.0 175.0 60.0 20.0
obstacle
0.0943630039692
196.0 65.0 31.0 24.0
obstacle
0.0942542105913
440.0 89.0 60.0 19.0
obstacle
0.094238653779
312.0 193.0 29.0 23.0
obstacle
0.0941974371672
290.0 204.0 152.0 77.0
obstacle
0.0940789654851
473.0 83.0 23.0 30.0
obstacle
0.0939974486828
335.0 45.0 62.0 15.0
obstacle
0.0937105864286
473.0 105.0 23.0 29.0
obstacle
0.0937079340219
472.0 170.0 24.0 29.0
obstacle
0.0936736539006
473.0 191.0 22.0 28.0
obstacle
0.0936413928866
14.0 175.0 85.0 19.0
obstacle
0.0936316102743
439.0 110.0 61.0 20.0
obstacle
0.0936233252287
21.0 3.0 71.0 17.0
obstacle
0.0934843420982
214.0 136.0 223.0 51.0
obstacle
0.0934332758188
3.0 146.0 23.0 34.0
obstacle
0.0931039750576
473.0 126.0 23.0 30.0
obstacle
0.0931039601564
3.0 170.0 23.0 30.0
obstacle
0.0929190963507
473.0 148.0 23.0 30.0
obstacle
0.0928860902786
466.0 70.0 29.0 11.0
obstacle
0.0925075039268
311.0 65.0 32.0 23.0
obstacle
0.0924604535103
176.0 3.0 69.0 17.0
obstacle
0.0924547761679
198.0 121.0 28.0 40.0
obstacle
0.0921645611525
466.0 178.0 28.0 10.0
obstacle
0.0921419262886
215.0 3.0 69.0 17.0
