obstacle
0.457793504
110.0 128.0 355.0 119.0
obstacle
0.45100286603
244.0 160.0 164.0 53.0
obstacle
0.436719566584
274.0 168.0 104.0 35.0
obstacle
0.401356786489
160.0 159.0 183.0 59.0
obstacle
0.39379119873
31.0 148.0 359.0 135.0
obstacle
0.392368614674
238.0 168.0 104.0 36.0
obstacle
0.356831729412
220.0 143.0 136.0 87.0
obstacle
0.346913546324
200.0 169.0 102.0 37.0
obstacle
0.343857795
10.0 201.0 95.0 30.0
obstacle
0.34039953351
311.0 169.0 100.0 31.0
obstacle
0.339777767658
397.0 285.0 88.0 35.0
obstacle
0.333424210548
82.0 187.0 181.0 59.0
obstacle
0.331273943186
240.0 135.0 173.0 57.0
obstacle
0.325603306293
81.0 159.0 183.0 60.0
obstacle
0.318961799145
358.0 282.0 92.0 39.0
obstacle
0.31594184041
397.0 87.0 90.0 27.0
obstacle
0.313255429268
161.0 170.0 101.0 36.0
obstacle
0.30252379179
279.0 146.0 95.0 34.0
obstacle
0.300046235323
151.0 221.0 349.0 154.0
obstacle
0.297650635242
112.0 159.0 121.0 112.0
obstacle
0.2959895432
147.0 138.0 127.0 99.0
obstacle
0.295111566782
363.0 88.0 86.0 27.0
obstacle
0.294107794762
279.0 258.0 96.0 31.0
obstacle
0.292926877737
0.0 221.0 347.0 154.0
obstacle
0.284326583147
12.0 189.0 168.0 57.0
obstacle
0.283174663782
157.0 185.0 187.0 61.0
obstacle
0.28300255537
122.0 170.0 101.0 36.0
obstacle
0.281631022692
189.0 155.0 121.0 119.0
obstacle
0.277106463909
316.0 145.0 94.0 32.0
obstacle
0.275744259357
239.0 256.0 99.0 32.0
obstacle
0.274228841066
45.0 201.0 100.0 30.0
obstacle
0.267999380827
118.0 196.0 109.0 36.0
obstacle
0.267839580774
218.0 250.0 217.0 48.0
obstacle
0.26569801569
322.0 260.0 86.0 28.0
obstacle
0.261366724968
245.0 146.0 90.0 34.0
obstacle
0.258533090353
364.0 261.0 80.0 28.0
obstacle
0.257899194956
317.0 281.0 96.0 38.0
obstacle
0.257588207722
259.0 242.0 137.0 117.0
obstacle
0.254695892334
157.0 196.0 109.0 35.0
obstacle
0.254163533449
106.0 240.0 136.0 121.0
obstacle
0.251476764679
305.0 129.0 115.0 113.0
obstacle
0.248937636614
37.0 291.0 349.0 80.0
obstacle
0.24817301333
264.0 114.0 123.0 93.0
obstacle
0.246068820357
181.0 239.0 139.0 123.0
obstacle
0.246049746871
353.0 252.0 103.0 98.0
obstacle
0.246044918895
35.0 131.0 197.0 57.0
obstacle
0.244670256972
199.0 256.0 102.0 31.0
obstacle
0.2415920645
90.0 144.0 88.0 30.0
obstacle
0.23848682642
139.0 249.0 222.0 49.0
obstacle
0.236829161644
0.0 87.0 359.0 147.0
obstacle
0.234752714634
189.0 91.0 311.0 139.0
obstacle
0.231758862734
85.0 172.0 98.0 31.0
obstacle
0.230972796679
353.0 172.0 93.0 29.0
obstacle
0.228898465633
49.0 174.0 93.0 29.0
obstacle
0.225806549191
308.0 178.0 37.0 16.0
obstacle
0.225488975644
152.0 130.0 197.0 64.0
obstacle
0.225060105324
8.0 159.0 177.0 61.0
obstacle
0.224308401346
111.0 172.0 353.0 146.0
obstacle
0.22121180594
160.0 256.0 103.0 31.0
obstacle
0.221172988415
36.0 205.0 44.0 20.0
obstacle
0.220383778214
14.0 176.0 88.0 28.0
obstacle
0.219665721059
82.0 151.0 105.0 128.0
obstacle
0.219326078892
128.0 144.0 88.0 32.0
obstacle
0.219207435846
2.0 208.0 36.0 15.0
obstacle
0.218812778592
385.0 93.0 39.0 18.0
obstacle
0.216972008348
422.0 91.0 42.0 20.0
obstacle
0.21584315598
208.0 145.0 87.0 34.0
obstacle
0.215340450406
276.0 280.0 100.0 40.0
obstacle
0.213931530714
61.0 250.0 224.0 48.0
obstacle
0.213918834925
436.0 288.0 64.0 32.0
obstacle
0.213789835572
75.0 214.0 194.0 61.0
obstacle
0.212847426534
121.0 257.0 104.0 30.0
obstacle
0.210796907544
406.0 60.0 72.0 24.0
obstacle
0.210726499557
81.0 199.0 105.0 30.0
obstacle
0.209968090057
120.0 178.0 30.0 77.0
obstacle
0.209523186088
436.0 87.0 64.0 28.0
obstacle
0.207660257816
54.0 146.0 85.0 28.0
obstacle
0.207348555326
312.0 158.0 177.0 59.0
obstacle
0.207096487284
194.0 195.0 112.0 34.0
obstacle
0.205880120397
124.0 344.0 252.0 31.0
obstacle
0.203728854656
7.0 228.0 100.0 28.0
obstacle
0.203418523073
12.0 344.0 245.0 31.0
obstacle
0.20302541554
46.0 241.0 102.0 118.0
obstacle
0.202462330461
401.0 262.0 81.0 26.0
obstacle
0.201777115464
393.0 253.0 99.0 96.0
obstacle
0.201676085591
424.0 278.0 36.0 44.0
obstacle
0.201066479087
462.0 92.0 36.0 17.0
obstacle
0.200635552406
76.0 205.0 40.0 18.0
obstacle
0.200565010309
270.0 137.0 112.0 151.0
obstacle
0.200171753764
94.0 117.0 80.0 28.0
obstacle
0.198854357004
343.0 175.0 41.0 19.0
obstacle
0.198243975639
121.0 280.0 102.0 40.0
obstacle
0.196023449302
9.0 165.0 97.0 99.0
obstacle
0.195949703455
152.0 171.0 119.0 145.0
obstacle
0.19579026103
10.0 215.0 171.0 59.0
obstacle
0.194069713354
233.0 183.0 186.0 61.0
obstacle
0.192921891809
3.0 234.0 35.0 17.0
obstacle
0.191952228546
151.0 214.0 197.0 61.0
obstacle
0.191484346986
81.0 182.0 31.0 68.0
obstacle
0.191343531013
327.0 90.0 81.0 25.0
obstacle
0.190757796168
239.0 345.0 252.0 30.0
obstacle
0.190380558372
385.0 276.0 35.0 48.0
obstacle
0.190131187439
273.0 179.0 33.0 14.0
obstacle
0.1899702847
354.0 145.0 93.0 30.0
obstacle
0.18885114789
161.0 180.0 24.0 74.0
obstacle
0.188324317336
169.0 145.0 85.0 32.0
obstacle
0.187163561583
310.0 130.0 182.0 61.0
obstacle
0.186854422092
237.0 280.0 101.0 40.0
obstacle
0.185133561492
199.0 290.0 301.0 82.0
obstacle
0.184154614806
160.0 280.0 101.0 41.0
obstacle
0.183057442307
372.0 60.0 66.0 23.0
obstacle
0.182335466146
132.0 116.0 80.0 31.0
obstacle
0.181946441531
83.0 207.0 29.0 75.0
obstacle
0.18192909658
84.0 281.0 100.0 37.0
obstacle
0.181551098824
349.0 72.0 151.0 57.0
obstacle
0.181384161115
238.0 177.0 24.0 79.0
obstacle
0.180716812611
37.0 229.0 42.0 23.0
obstacle
0.17991514504
219.0 209.0 139.0 127.0
obstacle
0.179237931967
350.0 156.0 31.0 62.0
obstacle
0.179091379046
199.0 180.0 24.0 74.0
obstacle
0.178508713841
209.0 275.0 234.0 49.0
obstacle
0.177919492126
20.0 308.0 230.0 43.0
obstacle
0.177867606282
198.0 280.0 102.0 40.0
obstacle
0.177187263966
51.0 161.0 89.0 109.0
obstacle
0.176972359419
276.0 157.0 24.0 62.0
obstacle
0.176418468356
120.0 152.0 30.0 73.0
obstacle
0.175137504935
47.0 282.0 96.0 37.0
obstacle
0.17504554987
10.0 284.0 95.0 33.0
obstacle
0.174721315503
237.0 156.0 24.0 66.0
obstacle
0.17464633286
186.0 106.0 128.0 109.0
obstacle
0.174121007323
277.0 173.0 23.0 86.0
obstacle
0.173087447882
28.0 101.0 209.0 59.0
obstacle
0.172783970833
121.0 203.0 30.0 83.0
obstacle
0.172520071268
323.0 116.0 86.0 29.0
obstacle
0.172025233507
78.0 178.0 37.0 16.0
obstacle
0.171887755394
259.0 101.0 211.0 60.0
obstacle
0.171804875135
110.0 101.0 125.0 118.0
obstacle
0.171593561769
114.0 203.0 40.0 20.0
obstacle
0.17145191133
313.0 158.0 27.0 59.0
obstacle
0.170549765229
383.0 312.0 117.0 34.0
obstacle
0.169864147902
298.0 307.0 202.0 45.0
obstacle
0.169329106808
383.0 176.0 37.0 17.0
obstacle
0.168596193194
350.0 122.0 30.0 76.0
obstacle
0.168381869793
346.0 276.0 37.0 46.0
obstacle
0.167494252324
234.0 179.0 33.0 14.0
obstacle
0.164878994226
56.0 118.0 80.0 27.0
obstacle
0.162479192019
79.0 151.0 35.0 15.0
obstacle
0.161925747991
0.0 169.0 296.0 150.0
obstacle
0.160516068339
287.0 117.0 81.0 30.0
obstacle
0.160438343883
81.0 95.0 108.0 129.0
obstacle
0.160022884607
440.0 60.0 60.0 26.0
obstacle
0.159237265587
456.0 319.0 44.0 21.0
obstacle
0.158457800746
115.0 177.0 39.0 18.0
obstacle
0.158090919256
91.0 275.0 240.0 49.0
obstacle
0.157897278666
6.0 243.0 105.0 114.0
obstacle
0.156660601497
316.0 172.0 24.0 87.0
obstacle
0.156403273344
303.0 277.0 197.0 48.0
obstacle
0.155969768763
207.0 306.0 240.0 46.0
obstacle
0.155810847878
77.0 231.0 38.0 20.0
obstacle
0.155675143003
160.0 154.0 25.0 70.0
obstacle
0.15478926897
92.0 307.0 239.0 45.0
obstacle
0.154317140579
358.0 115.0 91.0 29.0
obstacle
0.154182195663
300.0 250.0 200.0 53.0
obstacle
0.154162988067
420.0 293.0 45.0 71.0
obstacle
0.152838468552
16.0 277.0 236.0 46.0
obstacle
0.152622491121
199.0 156.0 24.0 66.0
obstacle
0.15151669085
114.0 274.0 39.0 50.0
obstacle
0.151146844029
196.0 180.0 31.0 14.0
obstacle
0.151042982936
309.0 277.0 33.0 45.0
obstacle
0.150309145451
156.0 205.0 33.0 17.0
obstacle
0.150246590376
77.0 273.0 38.0 52.0
obstacle
0.147283419967
155.0 277.0 34.0 45.0
obstacle
0.146403044462
15.0 147.0 85.0 26.0
obstacle
0.146295204759
230.0 195.0 116.0 31.0
obstacle
0.146056070924
78.0 227.0 109.0 28.0
obstacle
0.145871326327
384.0 149.0 36.0 16.0
obstacle
0.14573007822
346.0 150.0 37.0 16.0
obstacle
0.145698830485
396.0 175.0 88.0 26.0
obstacle
0.14486669004
0.0 176.0 64.0 27.0
obstacle
0.144263193011
457.0 293.0 43.0 19.0
obstacle
0.144072294235
314.0 124.0 25.0 74.0
obstacle
0.143517464399
82.0 156.0 30.0 65.0
obstacle
0.14290137589
41.0 188.0 34.0 54.0
obstacle
0.142773702741
161.0 206.0 25.0 80.0
obstacle
0.142766073346
84.0 257.0 100.0 27.0
obstacle
0.142565235496
397.0 232.0 89.0 27.0
obstacle
0.142557412386
157.0 179.0 31.0 15.0
obstacle
0.142473131418
251.0 117.0 77.0 30.0
obstacle
0.141993552446
34.0 291.0 47.0 76.0
obstacle
0.141374513507
270.0 277.0 34.0 45.0
obstacle
0.141103297472
39.0 179.0 37.0 16.0
obstacle
0.140765592456
196.0 205.0 31.0 16.0
obstacle
0.140730619431
193.0 277.0 34.0 45.0
obstacle
0.14050117135
38.0 275.0 39.0 48.0
obstacle
0.140182361007
107.0 283.0 54.0 91.0
obstacle
0.139956012368
8.0 258.0 98.0 25.0
obstacle
0.139648243785
289.0 91.0 78.0 25.0
obstacle
0.139541104436
335.0 60.0 63.0 21.0
obstacle
0.138812348247
70.0 284.0 51.0 90.0
obstacle
0.138777062297
385.0 119.0 35.0 17.0
obstacle
0.138614073396
313.0 251.0 28.0 42.0
obstacle
0.138505652547
231.0 277.0 34.0 45.0
obstacle
0.13657669723
378.0 286.0 50.0 86.0
obstacle
0.136513411999
173.0 117.0 77.0 29.0
obstacle
0.135400503874
135.0 91.0 76.0 25.0
obstacle
0.135305225849
97.0 91.0 76.0 24.0
obstacle
0.135120049119
0.0 314.0 119.0 34.0
obstacle
0.134803578258
223.0 214.0 204.0 62.0
obstacle
0.134600684047
115.0 150.0 38.0 16.0
obstacle
0.133911132812
396.0 203.0 89.0 26.0
obstacle
0.133388012648
311.0 154.0 32.0 12.0
obstacle
0.133170440793
46.0 257.0 98.0 27.0
obstacle
0.132831722498
0.0 287.0 67.0 30.0
obstacle
0.13222438097
464.0 65.0 32.0 15.0
obstacle
0.13032874465
146.0 284.0 51.0 90.0
obstacle
0.130059793591
41.0 228.0 105.0 28.0
obstacle
0.129981935024
213.0 117.0 76.0 30.0
obstacle
0.129854232073
275.0 249.0 27.0 45.0
obstacle
0.129261374474
427.0 79.0 31.0 42.0
obstacle
0.128861710429
338.0 284.0 53.0 90.0
obstacle
0.128699213266
238.0 204.0 25.0 84.0
obstacle
0.128531306982
464.0 6.0 32.0 14.0
obstacle
0.12818595767
4.0 181.0 30.0 13.0
obstacle
0.127841681242
115.0 226.0 114.0 32.0
obstacle
0.127840951085
199.0 206.0 26.0 80.0
obstacle
0.127807557583
81.0 123.0 31.0 14.0
obstacle
0.127408757806
57.0 91.0 78.0 24.0
obstacle
0.127159684896
15.0 119.0 84.0 25.0
obstacle
0.126972228289
357.0 129.0 88.0 115.0
obstacle
0.125710442662
261.0 285.0 51.0 88.0
obstacle
0.125547349453
388.0 80.0 29.0 41.0
obstacle
0.125433474779
470.0 278.0 27.0 47.0
obstacle
0.124811068177
235.0 203.0 30.0 17.0
obstacle
0.124716505408
300.0 285.0 51.0 88.0
obstacle
0.124457992613
42.0 213.0 32.0 60.0
obstacle
0.124346874654
99.0 314.0 71.0 32.0
obstacle
0.124180309474
185.0 284.0 50.0 90.0
obstacle
0.124109260738
223.0 285.0 51.0 89.0
obstacle
0.122514173388
0.0 2.0 58.0 26.0
obstacle
0.122490413487
116.0 230.0 37.0 21.0
obstacle
0.122480906546
83.0 240.0 30.0 61.0
obstacle
0.122456140816
465.0 237.0 30.0 14.0
obstacle
0.122405640781
387.0 47.0 110.0 106.0
obstacle
0.122105248272
219.0 271.0 140.0 104.0
obstacle
0.121817663312
154.0 226.0 114.0 32.0
obstacle
0.12161051482
308.0 198.0 107.0 25.0
obstacle
0.121423199773
142.0 271.0 139.0 104.0
obstacle
0.120995998383
439.0 262.0 61.0 26.0
obstacle
0.120798677206
465.0 119.0 30.0 16.0
obstacle
0.119864359498
72.0 269.0 127.0 106.0
obstacle
0.118952035904
237.0 248.0 27.0 47.0
obstacle
0.118939056993
15.0 91.0 84.0 23.0
obstacle
0.11846793443
331.0 314.0 68.0 31.0
obstacle
0.118467070162
438.0 233.0 62.0 27.0
obstacle
0.117819197476
274.0 154.0 29.0 12.0
obstacle
0.117494165897
465.0 208.0 30.0 15.0
obstacle
0.117154985666
276.0 201.0 27.0 89.0
obstacle
0.116998225451
438.0 204.0 62.0 27.0
obstacle
0.116757415235
251.0 91.0 76.0 25.0
obstacle
0.116697669029
307.0 59.0 117.0 144.0
obstacle
0.116359651089
182.0 98.0 211.0 66.0
obstacle
0.116236768663
301.0 206.0 128.0 135.0
obstacle
0.116086110473
3.0 6.0 31.0 14.0
obstacle
0.115473486483
442.0 3.0 58.0 26.0
obstacle
0.115257404745
469.0 301.0 30.0 59.0
obstacle
0.115176454186
306.0 184.0 190.0 63.0
obstacle
0.114766307175
275.0 127.0 25.0 69.0
obstacle
0.11376234889
298.0 269.0 136.0 106.0
obstacle
0.113657653332
424.0 117.0 35.0 19.0
obstacle
0.112979233265
390.0 41.0 24.0 63.0
obstacle
0.112546756864
351.0 250.0 30.0 44.0
obstacle
0.112516909838
142.0 315.0 62.0 30.0
obstacle
0.112407058477
296.0 60.0 63.0 22.0
obstacle
0.111975297332
174.0 91.0 75.0 25.0
obstacle
0.111276037991
55.0 54.0 387.0 157.0
obstacle
0.110834591091
344.0 214.0 156.0 61.0
obstacle
0.110760912299
412.0 291.0 59.0 24.0
obstacle
0.110711932182
473.0 78.0 23.0 45.0
obstacle
0.110288739204
198.0 247.0 27.0 49.0
obstacle
0.110150426626
62.0 315.0 68.0 31.0
obstacle
0.109263010323
21.0 60.0 71.0 22.0
obstacle
0.109225742519
3.0 263.0 34.0 18.0
obstacle
0.109118744731
394.0 115.0 94.0 26.0
obstacle
0.109060406685
386.0 204.0 32.0 17.0
obstacle
0.108882002532
424.0 177.0 34.0 17.0
obstacle
0.108861401677
296.0 315.0 61.0 29.0
obstacle
0.108235314488
429.0 42.0 26.0 60.0
obstacle
0.10811958462
425.0 235.0 34.0 17.0
obstacle
0.108110494912
370.0 314.0 67.0 31.0
obstacle
0.108071014285
213.0 91.0 75.0 25.0
obstacle
0.108032569289
345.0 98.0 155.0 61.0
obstacle
0.107969067991
258.0 315.0 61.0 29.0
obstacle
0.107676900923
0.0 128.0 154.0 62.0
obstacle
0.10706242919
389.0 161.0 30.0 53.0
obstacle
0.107040464878
104.0 97.0 212.0 66.0
obstacle
0.106862343848
200.0 134.0 300.0 162.0
obstacle
0.106834039092
389.0 129.0 29.0 61.0
obstacle
0.106634400785
473.0 107.0 23.0 45.0
obstacle
0.106452040374
389.0 250.0 28.0 44.0
obstacle
0.106096215546
275.0 201.0 28.0 19.0
