obstacle
0.444163620472
106.0 159.0 363.0 116.0
obstacle
0.389857649803
33.0 55.0 355.0 119.0
obstacle
0.370780169964
104.0 102.0 368.0 128.0
obstacle
0.3671695292
118.0 202.0 340.0 124.0
obstacle
0.351774722338
159.0 192.0 183.0 53.0
obstacle
0.322789788246
148.0 222.0 207.0 43.0
obstacle
0.322194427252
147.0 52.0 353.0 125.0
obstacle
0.315601587296
188.0 168.0 122.0 98.0
obstacle
0.314662992954
233.0 166.0 186.0 54.0
obstacle
0.311215102673
233.0 192.0 187.0 54.0
obstacle
0.300806969404
24.0 123.0 373.0 139.0
obstacle
0.299770474434
66.0 222.0 216.0 43.0
obstacle
0.298345327377
126.0 228.0 97.0 29.0
obstacle
0.298029214144
120.0 89.0 183.0 53.0
obstacle
0.294630527496
0.0 198.0 346.0 134.0
obstacle
0.293545454741
291.0 51.0 74.0 22.0
obstacle
0.292809039354
222.0 223.0 210.0 42.0
obstacle
0.290532678366
264.0 140.0 124.0 103.0
obstacle
0.285557597876
94.0 230.0 85.0 25.0
obstacle
0.280783355236
393.0 205.0 92.0 25.0
obstacle
0.279688328505
161.0 227.0 105.0 29.0
obstacle
0.278451621532
174.0 50.0 74.0 23.0
obstacle
0.27742344141
150.0 60.0 122.0 108.0
obstacle
0.275272667408
196.0 226.0 110.0 30.0
obstacle
0.274732232094
157.0 113.0 186.0 55.0
obstacle
0.274061977863
357.0 180.0 90.0 27.0
obstacle
0.27378192544
402.0 27.0 77.0 21.0
obstacle
0.273049861193
368.0 28.0 72.0 21.0
obstacle
0.271464109421
19.0 51.0 78.0 22.0
obstacle
0.270058751106
188.0 83.0 123.0 113.0
obstacle
0.269835710526
194.0 88.0 188.0 55.0
obstacle
0.269284963608
232.0 226.0 112.0 30.0
obstacle
0.267905086279
160.0 201.0 106.0 32.0
obstacle
0.267005234957
328.0 50.0 74.0 21.0
obstacle
0.266876578331
194.0 200.0 113.0 33.0
obstacle
0.263624668121
135.0 51.0 75.0 22.0
obstacle
0.26356241107
354.0 204.0 97.0 26.0
obstacle
0.262179404497
194.0 139.0 188.0 55.0
obstacle
0.262042373419
177.0 29.0 67.0 20.0
obstacle
0.261138349771
8.0 76.0 101.0 24.0
obstacle
0.260652095079
59.0 51.0 73.0 21.0
obstacle
0.260300248861
226.0 108.0 124.0 115.0
obstacle
0.259769529104
155.0 165.0 190.0 56.0
obstacle
0.259603589773
317.0 193.0 171.0 52.0
obstacle
0.258598148823
273.0 75.0 108.0 27.0
obstacle
0.258305191994
331.0 29.0 69.0 20.0
obstacle
0.256511151791
253.0 51.0 72.0 23.0
obstacle
0.25643530488
315.0 177.0 98.0 29.0
obstacle
0.256406992674
226.0 58.0 123.0 112.0
obstacle
0.255678266287
226.0 217.0 125.0 98.0
obstacle
0.254281401634
213.0 51.0 72.0 23.0
obstacle
0.251368999481
98.0 51.0 71.0 21.0
obstacle
0.251348793507
270.0 227.0 111.0 29.0
obstacle
0.249498575926
156.0 75.0 109.0 27.0
obstacle
0.24855260551
147.0 216.0 131.0 100.0
obstacle
0.243966966867
272.0 175.0 108.0 32.0
obstacle
0.243930324912
236.0 76.0 105.0 26.0
obstacle
0.243138924241
194.0 247.0 112.0 37.0
obstacle
0.243090927601
394.0 229.0 91.0 24.0
obstacle
0.243067458272
231.0 247.0 114.0 37.0
obstacle
0.240658089519
117.0 75.0 111.0 27.0
obstacle
0.240184754133
138.0 29.0 69.0 20.0
obstacle
0.238401219249
270.0 247.0 111.0 37.0
obstacle
0.238288745284
315.0 168.0 174.0 52.0
obstacle
0.237915277481
293.0 29.0 68.0 20.0
obstacle
0.237852528691
190.0 128.0 310.0 129.0
obstacle
0.236988648772
265.0 54.0 123.0 120.0
obstacle
0.236920595169
400.0 49.0 81.0 22.0
obstacle
0.236694723368
76.0 190.0 195.0 56.0
obstacle
0.23654255271
196.0 76.0 106.0 27.0
obstacle
0.235486969352
83.0 25.0 24.0 76.0
obstacle
0.232828557491
41.0 90.0 187.0 49.0
obstacle
0.23194552958
356.0 228.0 94.0 25.0
obstacle
0.231036871672
364.0 50.0 79.0 21.0
obstacle
0.229908257723
58.0 231.0 79.0 24.0
obstacle
0.228130936623
353.0 23.0 24.0 80.0
obstacle
0.225897401571
81.0 65.0 184.0 51.0
obstacle
0.22533133626
122.0 24.0 24.0 79.0
obstacle
0.224833130836
391.0 23.0 23.0 80.0
obstacle
0.224126890302
307.0 136.0 115.0 112.0
obstacle
0.222941219807
61.0 29.0 68.0 20.0
obstacle
0.222541287541
235.0 65.0 185.0 50.0
obstacle
0.222190707922
314.0 28.0 23.0 72.0
obstacle
0.22167751193
306.0 212.0 120.0 108.0
obstacle
0.22154866159
158.0 248.0 108.0 36.0
obstacle
0.221411019564
100.0 30.0 67.0 19.0
obstacle
0.219530031085
161.0 26.0 23.0 76.0
obstacle
0.219524800777
153.0 97.0 115.0 31.0
obstacle
0.218839973211
262.0 186.0 129.0 111.0
obstacle
0.218753054738
199.0 27.0 23.0 74.0
obstacle
0.216374799609
152.0 136.0 120.0 112.0
obstacle
0.216004014015
78.0 258.0 343.0 70.0
obstacle
0.215216293931
193.0 98.0 112.0 31.0
obstacle
0.214684084058
277.0 180.0 23.0 78.0
obstacle
0.214067772031
215.0 29.0 67.0 20.0
obstacle
0.213907256722
312.0 248.0 104.0 34.0
obstacle
0.212839797139
36.0 78.0 45.0 20.0
obstacle
0.212445378304
352.0 180.0 28.0 76.0
obstacle
0.210562229156
396.0 181.0 87.0 25.0
obstacle
0.21053147316
127.0 203.0 96.0 30.0
obstacle
0.209765404463
72.0 213.0 129.0 108.0
obstacle
0.209304004908
315.0 178.0 24.0 81.0
obstacle
0.208948582411
267.0 200.0 117.0 32.0
obstacle
0.208793506026
107.0 191.0 133.0 102.0
obstacle
0.207775771618
314.0 228.0 101.0 25.0
obstacle
0.20625975728
355.0 215.0 98.0 102.0
obstacle
0.206125974655
121.0 248.0 104.0 36.0
obstacle
0.205819860101
429.0 28.0 26.0 69.0
obstacle
0.205193772912
238.0 183.0 24.0 72.0
obstacle
0.205136120319
3.0 81.0 36.0 15.0
obstacle
0.204533919692
231.0 175.0 113.0 32.0
obstacle
0.203618377447
77.0 79.0 40.0 18.0
obstacle
0.203605949879
156.0 65.0 187.0 52.0
obstacle
0.202523723245
232.0 98.0 111.0 31.0
obstacle
0.202287077904
120.0 77.0 31.0 75.0
obstacle
0.20143507421
42.0 76.0 106.0 24.0
obstacle
0.200376033783
161.0 78.0 25.0 75.0
obstacle
0.200328022242
44.0 30.0 26.0 66.0
obstacle
0.199326947331
193.0 123.0 113.0 31.0
obstacle
0.1990647614
87.0 250.0 95.0 32.0
obstacle
0.198928460479
254.0 247.0 221.0 38.0
obstacle
0.198247790337
238.0 28.0 23.0 73.0
obstacle
0.197916656733
265.0 89.0 198.0 51.0
obstacle
0.197456926107
82.0 57.0 30.0 63.0
obstacle
0.196774765849
200.0 78.0 24.0 76.0
obstacle
0.196108981967
114.0 73.0 119.0 132.0
obstacle
0.196059152484
276.0 28.0 23.0 72.0
obstacle
0.195850193501
273.0 150.0 104.0 31.0
obstacle
0.195765912533
353.0 250.0 99.0 32.0
obstacle
0.195490837097
255.0 29.0 67.0 20.0
obstacle
0.194804728031
232.0 149.0 111.0 31.0
obstacle
0.194206342101
309.0 81.0 38.0 17.0
obstacle
0.193807095289
76.0 111.0 194.0 56.0
obstacle
0.192321911454
120.0 56.0 30.0 66.0
obstacle
0.19209420681
421.0 208.0 40.0 16.0
obstacle
0.190520867705
437.0 27.0 63.0 24.0
obstacle
0.189738452435
0.0 65.0 145.0 49.0
obstacle
0.18832282722
227.0 113.0 197.0 55.0
obstacle
0.18800701201
156.0 81.0 37.0 17.0
obstacle
0.187295436859
239.0 77.0 23.0 78.0
obstacle
0.187084183097
82.0 80.0 30.0 69.0
obstacle
0.186799734831
81.0 76.0 107.0 23.0
obstacle
0.186568200588
0.0 52.0 63.0 23.0
obstacle
0.185650125146
194.0 175.0 112.0 32.0
obstacle
0.185523077846
20.0 29.0 75.0 20.0
obstacle
0.185169860721
194.0 82.0 37.0 16.0
obstacle
0.184844687581
216.0 38.0 224.0 58.0
obstacle
0.184769749641
311.0 202.0 107.0 28.0
obstacle
0.184041664004
270.0 97.0 111.0 30.0
obstacle
0.182927370071
115.0 80.0 41.0 18.0
obstacle
0.182650372386
437.0 51.0 63.0 23.0
obstacle
0.181847766042
3.0 105.0 35.0 16.0
obstacle
0.181433945894
383.0 207.0 39.0 16.0
obstacle
0.181347027421
180.0 246.0 217.0 40.0
obstacle
0.180736556649
311.0 75.0 106.0 24.0
obstacle
0.180006235838
32.0 6.0 359.0 117.0
obstacle
0.1799120754
391.0 2.0 24.0 73.0
obstacle
0.179858535528
161.0 176.0 104.0 31.0
obstacle
0.179485484958
37.0 101.0 42.0 21.0
obstacle
0.178892821074
0.0 89.0 141.0 49.0
obstacle
0.178805708885
276.0 213.0 25.0 56.0
obstacle
0.178631648421
42.0 218.0 111.0 99.0
obstacle
0.178099572659
98.0 245.0 229.0 42.0
obstacle
0.177961096168
85.0 49.0 101.0 129.0
obstacle
0.177949264646
238.0 103.0 25.0 77.0
obstacle
0.177830547094
260.0 142.0 205.0 52.0
obstacle
0.177588075399
6.0 100.0 103.0 25.0
obstacle
0.177347153425
10.0 179.0 93.0 24.0
obstacle
0.176172196865
389.0 188.0 29.0 59.0
obstacle
0.176077932119
277.0 77.0 24.0 78.0
obstacle
0.176047340035
52.0 252.0 88.0 31.0
obstacle
0.174649789929
101.0 38.0 221.0 58.0
obstacle
0.174564570189
383.0 184.0 38.0 14.0
obstacle
0.172894701362
351.0 160.0 29.0 65.0
obstacle
0.172838464379
133.0 272.0 236.0 38.0
obstacle
0.172803848982
462.0 55.0 35.0 15.0
obstacle
0.172740250826
272.0 82.0 35.0 16.0
obstacle
0.172298148274
463.0 210.0 33.0 13.0
obstacle
0.17200922966
315.0 213.0 25.0 56.0
obstacle
0.171988964081
359.0 167.0 86.0 99.0
obstacle
0.171597599983
345.0 78.0 41.0 20.0
obstacle
0.170698240399
384.0 78.0 39.0 19.0
obstacle
0.169691160321
233.0 82.0 35.0 16.0
obstacle
0.169278562069
113.0 38.0 120.0 102.0
obstacle
0.168867006898
435.0 206.0 65.0 25.0
obstacle
0.168662264943
238.0 214.0 24.0 54.0
obstacle
0.168552190065
111.0 137.0 202.0 58.0
obstacle
0.167223244905
405.0 4.0 72.0 22.0
obstacle
0.16648453474
315.0 78.0 25.0 76.0
obstacle
0.16631616652
160.0 59.0 27.0 60.0
obstacle
0.166148617864
77.0 102.0 39.0 19.0
obstacle
0.165627270937
389.0 214.0 29.0 53.0
obstacle
0.165543034673
463.0 81.0 34.0 15.0
obstacle
0.165379419923
277.0 128.0 24.0 79.0
obstacle
0.165139913559
435.0 231.0 65.0 24.0
obstacle
0.164307013154
238.0 154.0 24.0 79.0
obstacle
0.163981884718
352.0 211.0 29.0 58.0
obstacle
0.162593007088
463.0 106.0 33.0 15.0
obstacle
0.160869553685
78.0 307.0 267.0 26.0
obstacle
0.160673469305
461.0 32.0 37.0 13.0
obstacle
0.16038300097
422.0 77.0 41.0 21.0
obstacle
0.160102337599
463.0 6.0 34.0 12.0
obstacle
0.160073310137
198.0 188.0 25.0 62.0
obstacle
0.159504890442
393.0 252.0 94.0 28.0
obstacle
0.15938539803
70.0 163.0 207.0 59.0
obstacle
0.158808216453
154.0 123.0 115.0 29.0
obstacle
0.158614978194
429.0 5.0 27.0 67.0
obstacle
0.158467128873
308.0 42.0 113.0 144.0
obstacle
0.157606005669
308.0 221.0 191.0 45.0
obstacle
0.156774476171
369.0 4.0 70.0 22.0
obstacle
0.156648933887
351.0 57.0 30.0 63.0
obstacle
0.156335249543
187.0 39.0 125.0 101.0
obstacle
0.156094014645
77.0 57.0 37.0 14.0
obstacle
0.155450463295
114.0 246.0 39.0 39.0
obstacle
0.155084237456
194.0 149.0 112.0 30.0
obstacle
0.153814405203
200.0 104.0 24.0 74.0
obstacle
0.153298541903
422.0 102.0 39.0 20.0
obstacle
0.152816563845
115.0 102.0 39.0 19.0
obstacle
0.151856914163
390.0 58.0 28.0 61.0
obstacle
0.150654777884
384.0 241.0 38.0 48.0
obstacle
0.15050765872
11.0 58.0 94.0 109.0
obstacle
0.149791955948
346.0 241.0 38.0 48.0
obstacle
0.149770438671
113.0 132.0 122.0 120.0
obstacle
0.149544626474
199.0 61.0 27.0 58.0
obstacle
0.149028688669
78.0 99.0 111.0 25.0
obstacle
0.148563012481
392.0 101.0 98.0 24.0
obstacle
0.14849062264
42.0 61.0 32.0 54.0
obstacle
0.148267313838
309.0 57.0 36.0 14.0
obstacle
0.14798592031
345.0 182.0 38.0 16.0
obstacle
0.147564664483
395.0 169.0 91.0 95.0
obstacle
0.147483065724
353.0 88.0 147.0 51.0
obstacle
0.1472299546
310.0 242.0 32.0 46.0
obstacle
0.146590307355
238.0 128.0 25.0 79.0
obstacle
0.145743563771
76.0 248.0 38.0 37.0
obstacle
0.14573174715
463.0 234.0 33.0 15.0
obstacle
0.145141258836
393.0 214.0 99.0 105.0
obstacle
0.144839376211
0.0 39.0 168.0 55.0
obstacle
0.144725441933
15.0 255.0 84.0 28.0
obstacle
0.14381429553
421.0 53.0 41.0 18.0
obstacle
0.143781796098
382.0 33.0 43.0 14.0
obstacle
0.143607065082
231.0 307.0 267.0 26.0
obstacle
0.143344268203
233.0 241.0 32.0 49.0
obstacle
0.143285602331
155.0 245.0 33.0 41.0
obstacle
0.142923980951
156.0 104.0 34.0 16.0
obstacle
0.142761990428
423.0 184.0 36.0 15.0
obstacle
0.142649292946
440.0 3.0 60.0 24.0
obstacle
0.14256682992
272.0 241.0 31.0 48.0
obstacle
0.142518550158
352.0 79.0 30.0 72.0
obstacle
0.142455428839
16.0 233.0 84.0 21.0
obstacle
0.142214074731
194.0 57.0 34.0 14.0
obstacle
0.142160773277
92.0 206.0 86.0 25.0
obstacle
0.142004773021
194.0 243.0 32.0 45.0
obstacle
0.141509458423
389.0 76.0 104.0 23.0
obstacle
0.141430824995
234.0 209.0 33.0 14.0
obstacle
0.141410663724
81.0 125.0 106.0 23.0
obstacle
0.141295790672
196.0 209.0 32.0 14.0
obstacle
0.141064271331
386.0 6.0 35.0 11.0
obstacle
0.140723526478
384.0 103.0 37.0 17.0
obstacle
0.140680104494
315.0 131.0 25.0 74.0
obstacle
0.140482619405
385.0 55.0 37.0 15.0
obstacle
0.140087768435
350.0 76.0 106.0 23.0
obstacle
0.140028953552
310.0 99.0 107.0 26.0
obstacle
0.139674842358
127.0 178.0 95.0 28.0
obstacle
0.13959145546
200.0 7.0 24.0 65.0
obstacle
0.139401376247
3.0 58.0 34.0 13.0
obstacle
0.138082623482
161.0 6.0 24.0 67.0
obstacle
0.137926638126
37.0 56.0 41.0 16.0
obstacle
0.137675061822
314.0 61.0 27.0 56.0
obstacle
0.137278780341
84.0 5.0 24.0 69.0
obstacle
0.137243255973
15.0 245.0 239.0 42.0
obstacle
0.137093394995
311.0 63.0 184.0 54.0
obstacle
0.136880725622
346.0 206.0 38.0 17.0
obstacle
0.136149957776
347.0 56.0 36.0 14.0
obstacle
0.135998353362
156.0 57.0 34.0 14.0
obstacle
0.135799750686
195.0 104.0 33.0 16.0
obstacle
0.135440021753
0.0 165.0 147.0 51.0
obstacle
0.135373473167
473.0 36.0 23.0 55.0
obstacle
0.135120779276
0.0 220.0 204.0 48.0
obstacle
0.134324997663
310.0 183.0 32.0 14.0
obstacle
0.133977949619
38.0 181.0 38.0 19.0
obstacle
0.133490547538
433.0 103.0 67.0 24.0
obstacle
0.132893458009
199.0 217.0 25.0 48.0
obstacle
0.131946414709
123.0 4.0 24.0 71.0
obstacle
0.131703779101
425.0 245.0 36.0 42.0
obstacle
0.131556510925
266.0 15.0 121.0 99.0
obstacle
0.131540134549
333.0 38.0 167.0 54.0
obstacle
0.130994543433
41.0 100.0 107.0 25.0
obstacle
0.130713820457
116.0 57.0 36.0 14.0
obstacle
0.130625516176
271.0 124.0 107.0 29.0
obstacle
0.13062132895
272.0 208.0 32.0 15.0
obstacle
0.130529806018
315.0 6.0 24.0 66.0
obstacle
0.130521669984
432.0 78.0 68.0 23.0
obstacle
0.130299985409
54.0 55.0 84.0 116.0
obstacle
0.129922553897
177.0 4.0 68.0 21.0
obstacle
0.129743307829
242.0 273.0 246.0 36.0
obstacle
0.129418879747
421.0 230.0 41.0 21.0
obstacle
0.129090309143
315.0 154.0 96.0 26.0
obstacle
0.128212526441
237.0 62.0 27.0 56.0
obstacle
0.127985626459
331.0 5.0 69.0 20.0
obstacle
0.12784139812
423.0 6.0 37.0 12.0
