obstacle
0.999672651291
52.3612670898 152.936828613 250.270751953 67.2606201172
obstacle
0.968208491802
414.777984619 122.950561523 63.6659545898 16.5586242676
obstacle
0.78610098362
296.196929932 114.131622314 28.0143432617 16.6811981201
obstacle
0.776305198669
300.86517334 120.867256165 18.2744750977 17.9709396362
obstacle
0.0848883390427
285.661102295 125.282577515 38.9384765625 20.0180053711
obstacle
0.0418987721205
407.150634766 131.232818604 56.5921020508 16.6549987793
obstacle
0.0326730497181
427.807861328 112.861740112 66.7844238281 21.3198394775
obstacle
0.0280548017472
395.591156006 113.318489075 102.111328125 48.3482894897
obstacle
0.0114888781682
387.877319336 146.506271362 104.080078125 15.6369018555
obstacle
0.0110983159393
54.3290863037 176.878570557 304.773254395 98.1372680664
