obstacle
0.971343636513
460.058135986 241.757507324 32.5517578125 29.7449951172
obstacle
0.644607663155
312.415252686 140.603607178 21.3932495117 60.426574707
obstacle
0.589605927467
244.51210022 131.718276978 24.5613555908 70.6712036133
obstacle
0.566527485847
376.16519165 119.959327698 23.5575561523 55.4650802612
obstacle
0.565766632557
186.654129028 116.74344635 24.4405212402 60.8328781128
obstacle
0.537572443485
322.124542236 124.830062866 27.3199462891 79.1796569824
obstacle
0.534399926662
391.821746826 116.560317993 23.4625244141 52.9593505859
obstacle
0.523796498775
176.299621582 126.747749329 22.9893188477 57.738899231
obstacle
0.504757881165
256.718231201 117.893920898 25.3420410156 83.9754943848
obstacle
0.461947023869
357.854888916 120.075004578 21.3345336914 63.3700942993
obstacle
0.443473994732
200.403579712 106.937934875 30.0649719238 88.2653121948
obstacle
0.440450906754
141.510650635 184.111251831 41.5779724121 26.3594360352
obstacle
0.41196501255
164.605255127 130.201934814 22.346282959 54.6976318359
obstacle
0.408932834864
340.796478271 123.996650696 23.9852905273 79.8827133179
obstacle
0.356251627207
273.200408936 115.864128113 23.5587768555 81.9736709595
obstacle
0.296369731426
77.2940750122 112.863220215 25.9190368652 66.1919555664
obstacle
0.290888220072
107.842857361 117.663391113 35.2767562866 81.1180419922
obstacle
0.290409862995
299.769897461 123.941940308 23.3656616211 75.6306762695
obstacle
0.2778634727
285.41015625 123.172073364 24.041809082 71.2129211426
obstacle
0.261241257191
133.029388428 132.071899414 144.389312744 46.5691223145
obstacle
0.257287412882
53.5697631836 120.63344574 387.667663574 118.429695129
obstacle
0.251138389111
280.567443848 204.463500977 197.611755371 21.9758605957
obstacle
0.228644743562
401.477203369 122.276229858 23.1380615234 33.5909423828
obstacle
0.22502104938
216.973068237 118.942657471 28.5867614746 86.1238098145
obstacle
0.204384684563
127.864814758 116.812110901 19.9262466431 62.0446090698
obstacle
0.191520676017
301.929138184 142.632247925 120.62310791 36.1734313965
obstacle
0.151886686683
88.9052810669 122.705291748 30.8720550537 77.0988769531
obstacle
0.133929610252
367.075653076 154.167510986 34.3054199219 66.6318054199
obstacle
0.131746828556
348.79598999 144.290939331 28.7095336914 78.4367370605
obstacle
0.122734636068
198.82144165 151.765197754 141.302062988 41.2348632812
obstacle
0.109196089208
249.849884033 168.352737427 186.266479492 35.4395446777
obstacle
0.095028206706
382.391845703 192.071899414 56.1039428711 38.891998291
obstacle
0.0930287539959
137.968521118 121.730171204 26.9228210449 61.7724227905
obstacle
0.0881809219718
285.64944458 113.487808228 170.799682617 86.1852416992
obstacle
0.0716028437018
154.030227661 157.005767822 47.6464233398 51.3805847168
obstacle
0.0700358822942
47.4199371338 158.276138306 156.735488892 32.8172302246
obstacle
0.0603008307517
59.9900283813 0.951759338379 146.208007812 230.557281494
obstacle
0.0350124016404
166.570861816 31.5999908447 146.613037109 196.864807129
obstacle
0.0271586924791
310.904327393 177.099060059 73.5953979492 44.2740478516
obstacle
0.0208916626871
249.310852051 34.8170547485 137.54095459 209.960113525
obstacle
0.014899816364
424.352935791 250.951629639 75.647064209 28.3409423828
