obstacle
0.75056964159
54.2542419434 198.014175415 250.613037109 75.5049591064
obstacle
0.267836660147
267.228790283 139.804595947 70.7595214844 35.5238952637
obstacle
0.22552883625
91.5216064453 107.259590149 118.397583008 21.7063140869
obstacle
0.0871184021235
103.882614136 107.410362244 32.1787261963 16.6522827148
obstacle
0.0594296120107
69.1720428467 212.850769043 132.760528564 38.7592468262
obstacle
0.0480478815734
0.0 120.538703918 20.9052639008 19.4419784546
obstacle
0.0478445999324
111.382827759 117.524230957 77.217010498 16.8665466309
obstacle
0.0389546006918
400.890014648 93.5203704834 34.4633178711 19.9089202881
obstacle
0.0311199724674
280.54208374 118.193237305 50.3233642578 42.8811340332
obstacle
0.0286124832928
0.0 100.371765137 19.1042480469 21.6739654541
obstacle
0.0274641923606
75.166633606 222.717956543 41.3296203613 29.0515441895
obstacle
0.0216073393822
64.9146347046 203.032653809 201.440185547 22.1973876953
obstacle
0.0112390993163
170.262084961 206.557617188 73.037689209 27.5330200195
