obstacle
0.936002194881
146.767669678 189.103179932 257.911254883 66.000793457
obstacle
0.264614403248
262.723083496 111.594284058 32.3016967773 60.0303039551
obstacle
0.185759156942
277.760742188 121.035675049 18.3220825195 33.0709838867
obstacle
0.154713004827
235.237091064 130.940917969 75.121887207 57.8280334473
obstacle
0.116747200489
202.230957031 176.205200195 68.8598632812 25.0587158203
obstacle
0.0528611727059
210.742904663 112.609550476 128.182144165 137.395782471
obstacle
0.0517456158996
204.994689941 162.381530762 81.8779907227 26.8547363281
obstacle
0.0401802845299
286.456726074 217.4662323 82.9460449219 28.295135498
obstacle
0.0367533490062
0.0 325.192962646 60.4211540222 7.80703735352
obstacle
0.0299844928086
261.570465088 107.789253235 19.2237548828 25.4772872925
obstacle
0.0253106188029
237.753204346 121.809211731 88.2008056641 21.1028671265
obstacle
0.0169579796493
239.182617188 126.098388672 28.743927002 42.522064209
obstacle
0.0146997002885
246.902542114 185.282440186 90.2520904541 30.2262878418
obstacle
0.0124329747632
224.352539062 148.878570557 51.6875 30.0815429688
obstacle
0.0102242492139
183.309417725 153.724761963 158.703735352 23.3186645508
