obstacle
0.795330584049
30.1921539307 112.271087646 130.252990723 41.7323608398
obstacle
0.300511926413
90.9638061523 156.195419312 409.036193848 123.804580688
obstacle
0.245855897665
47.7428207397 246.822357178 193.002349854 31.2222900391
obstacle
0.180176734924
143.401031494 229.687088013 34.1614379883 38.273147583
obstacle
0.0992718040943
80.5621948242 235.607513428 45.3632354736 37.8265991211
obstacle
0.0763180553913
78.846786499 185.671173096 115.446228027 94.3288269043
obstacle
0.0690314844251
394.990234375 223.18069458 40.094909668 45.6031799316
obstacle
0.0590287223458
187.894546509 178.208755493 169.064376831 26.0322265625
obstacle
0.0578853599727
214.703033447 226.707015991 222.395568848 41.3390960693
obstacle
0.0544580593705
192.441421509 227.137908936 54.8020935059 46.9469909668
obstacle
0.0488351508975
242.0415802 177.68132019 73.2982940674 62.2410583496
obstacle
0.0471265092492
338.772033691 221.510101318 69.2735595703 51.9678649902
obstacle
0.0462137535214
0.0 122.872505188 74.30493927 83.0932540894
obstacle
0.0396852903068
216.333496094 191.293228149 191.854858398 59.4851989746
obstacle
0.0394843928516
237.29006958 182.404708862 50.9053344727 19.5850830078
obstacle
0.0346196740866
386.43963623 145.305328369 113.56036377 124.739715576
obstacle
0.0248044598848
0.0 147.962997437 24.7167072296 45.6268920898
obstacle
0.018969507888
237.212875366 167.542755127 91.2231903076 17.7911987305
obstacle
0.018406694755
318.927764893 190.189590454 37.5408935547 67.3422393799
obstacle
0.0158001836389
0.0 184.06477356 82.2185134888 34.7516784668
obstacle
0.0143287181854
0.0 91.8479919434 155.171051025 167.177703857
obstacle
0.0138827627525
259.972198486 59.1075439453 154.611450195 220.892456055
obstacle
0.0138342771679
113.283042908 241.568313599 61.3213577271 38.4316864014
