obstacle
0.999105393887
74.1900787354 170.062789917 326.856384277 67.9013366699
obstacle
0.808025360107
119.468093872 124.215766907 33.5692443848 15.7759017944
obstacle
0.445855170488
215.567428589 121.39931488 37.8030700684 17.1922988892
obstacle
0.222565129399
99.1221694946 129.325454712 73.8492965698 14.6761474609
obstacle
0.201281458139
117.024009705 117.345542908 51.107673645 14.9863204956
obstacle
0.0810605660081
215.465667725 131.895477295 36.5488891602 14.8501586914
obstacle
0.0718341246247
192.761123657 147.87020874 88.3894500732 20.4051818848
obstacle
0.0263525992632
209.44354248 136.931259155 57.2680969238 22.5963439941
obstacle
0.0239009670913
174.488327026 152.287994385 120.003189087 111.09286499
obstacle
0.015014485456
94.1576309204 155.533126831 30.6477813721 18.5736694336
obstacle
0.0145321767777
75.1478729248 143.075744629 56.4172058105 17.4532165527
obstacle
0.0101950010285
120.765487671 162.266479492 85.7832641602 66.372467041
