obstacle
0.999171733856
87.6523361206 183.584365845 89.8169021606 20.7075500488
obstacle
0.996120750904
311.159576416 186.881759644 104.194152832 25.0605773926
obstacle
0.905872046947
128.366607666 191.825820923 40.2810058594 17.8775634766
obstacle
0.597671031952
429.816802979 284.058898926 68.6257324219 45.28125
obstacle
0.485255271196
462.014190674 181.929748535 28.8039550781 18.7099914551
obstacle
0.0891909599304
365.589111328 320.138580322 134.410888672 12.8614196777
obstacle
0.0434362851083
82.7008514404 195.320877075 99.6919250488 18.6327819824
obstacle
0.0231796186417
93.2779846191 176.287261963 82.9643554688 15.0674438477
obstacle
0.0177463274449
459.320983887 174.455093384 34.4677124023 15.0604858398
obstacle
0.0170608069748
344.586669922 173.434829712 50.4774780273 28.0153808594
