obstacle
0.973819553852
69.8390045166 44.303943634 280.080810547 79.4713287354
obstacle
0.857379853725
318.630645752 145.753616333 31.2544555664 37.7271728516
obstacle
0.370778024197
47.7510528564 163.560531616 343.33770752 63.0624694824
obstacle
0.103652715683
302.866668701 149.043121338 34.3977050781 49.8282165527
obstacle
0.0762491896749
271.505645752 148.941299438 93.6860351562 64.2063598633
obstacle
0.07221339643
314.251525879 158.477783203 185.748474121 66.6773376465
obstacle
0.0604981072247
59.2330932617 193.291351318 193.398956299 40.3177490234
obstacle
0.057322576642
189.918289185 54.3209686279 147.059371948 38.8403625488
obstacle
0.0516326092184
0.311939239502 66.1307067871 19.0711040497 18.9814910889
obstacle
0.0394683144987
481.281066895 137.81918335 18.7189331055 73.8220825195
obstacle
0.0302068255842
77.9432296753 74.1809768677 204.391845703 184.986358643
obstacle
0.0267522521317
0.374815940857 77.5816497803 19.7729644775 19.5628051758
obstacle
0.0186512805521
212.44833374 43.7291641235 68.346862793 36.7070770264
obstacle
0.0100195687264
91.0371932983 168.714996338 177.548675537 34.529876709
