obstacle
0.991216301918
135.435302734 178.637374878 153.174560547 62.6709289551
obstacle
0.973609209061
268.454467773 154.126861572 71.2211303711 21.1423034668
obstacle
0.87774515152
123.708404541 183.226638794 104.321807861 31.3063964844
obstacle
0.740591943264
24.9582271576 134.660583496 33.1794662476 17.25390625
obstacle
0.647738456726
239.263885498 157.941696167 21.943145752 18.7727050781
obstacle
0.398094058037
23.855266571 123.44506073 31.7634048462 20.3886184692
obstacle
0.135631233454
200.072982788 117.12449646 60.7068328857 18.3041687012
obstacle
0.118467614055
148.146942139 122.778121948 27.4259033203 20.724395752
obstacle
0.0877027213573
230.67338562 164.948913574 47.4823760986 19.7565002441
obstacle
0.0609066411853
287.888427734 163.023605347 36.2028198242 18.3409118652
obstacle
0.0434517562389
288.901306152 145.813751221 37.5809326172 21.4730834961
obstacle
0.0317245349288
250.368057251 158.550231934 47.4459686279 18.0729675293
obstacle
0.0222742296755
267.885467529 145.481765747 38.9162597656 22.5881347656
obstacle
0.0195132959634
238.801757812 149.176834106 25.3102111816 17.6812744141
obstacle
0.0107075562701
213.825698853 113.333709717 19.5282592773 23.8375244141
obstacle
0.0101478481665
127.797668457 143.657791138 97.7995605469 18.4376220703
