obstacle
0.99906796217
26.3064880371 127.099685669 398.67401123 102.811798096
obstacle
0.992553770542
216.494415283 89.3130569458 89.4669189453 20.8813934326
obstacle
0.153184652328
214.940124512 101.684638977 68.9816589355 15.7782440186
obstacle
0.0176682472229
210.018615723 108.525360107 81.5516967773 20.2460632324
obstacle
0.0152063369751
200.171508789 82.66431427 108.402862549 67.0551071167
obstacle
0.0119133647531
110.234886169 145.598373413 116.181495667 66.2096557617
obstacle
0.0111906556413
76.7529754639 114.455467224 316.886108398 49.3178482056
