obstacle
0.983918070793
53.4734268188 172.36328125 22.4959106445 28.1061706543
obstacle
0.941393315792
292.225830078 171.216339111 66.0531616211 19.8710632324
obstacle
0.510003089905
184.185150146 181.103317261 273.073364258 73.4344787598
obstacle
0.449121952057
118.185310364 231.493362427 33.4002456665 30.0324249268
obstacle
0.375502169132
230.465087891 133.524276733 53.4584960938 28.994720459
obstacle
0.373563051224
367.976593018 188.854644775 53.5731811523 37.2608032227
obstacle
0.184723600745
205.841720581 195.081771851 122.754898071 47.5273132324
obstacle
0.165641218424
226.628295898 138.189880371 30.0011291504 18.0531616211
obstacle
0.119998283684
45.7900924683 159.633041382 35.853805542 27.5407104492
obstacle
0.0674970895052
212.702194214 144.408966064 45.3890533447 29.2868041992
obstacle
0.0287082307041
34.5208320618 166.981765747 35.7491569519 42.8942260742
obstacle
0.0224745254964
188.459686279 142.67338562 132.499725342 24.6188049316
obstacle
0.0159828457981
419.806518555 0.0957612991333 64.0192871094 18.1627845764
obstacle
0.0136791812256
87.954284668 228.804122925 83.8622131348 21.5189819336
obstacle
0.0118813822046
287.323150635 164.941101074 54.8837280273 16.2285766602
obstacle
0.0109729412943
33.5935325623 169.314559937 119.139251709 54.6263122559
obstacle
0.0109066069126
380.341186523 4.69546508789 116.668945312 53.4646835327
