obstacle
0.995433390141
78.3226470947 210.958206177 130.231872559 28.9696350098
obstacle
0.995431423187
86.0899353027 205.174835205 126.365478516 30.1752929688
obstacle
0.992049515247
91.1896057129 210.758605957 108.895782471 31.6907653809
obstacle
0.985536515713
88.9125671387 206.836181641 105.064361572 30.0826721191
obstacle
0.98500931263
149.386184692 171.697738647 48.0823974609 16.3562011719
obstacle
0.976000249386
89.7986373901 202.431228638 118.375892639 29.5891723633
obstacle
0.967641711235
88.5065917969 210.279678345 106.030883789 20.9963989258
obstacle
0.966338634491
86.640914917 205.291900635 117.496154785 34.5512695312
obstacle
0.963146686554
98.9814376831 205.576889038 97.7417678833 32.5249938965
obstacle
0.962049305439
335.600585938 192.392410278 62.8386230469 28.0008544922
obstacle
0.960662662983
141.986282349 166.56086731 55.7158203125 20.0874633789
obstacle
0.960144281387
93.9498138428 206.586791992 97.8472595215 33.120880127
obstacle
0.960067808628
92.615020752 208.224914551 95.0514526367 22.881652832
obstacle
0.951667666435
226.595016479 179.753692627 63.2111968994 18.1129150391
obstacle
0.948482871056
94.5548934937 206.541229248 108.542732239 32.4887695312
obstacle
0.944558382034
87.0856781006 204.434844971 114.879425049 28.2062988281
obstacle
0.944558382034
86.7018051147 210.237762451 111.803260803 27.8190307617
obstacle
0.942737698555
88.6345367432 207.7237854 110.72253418 26.5813293457
obstacle
0.938749909401
86.4668273926 214.339645386 92.7700500488 23.210357666
obstacle
0.938749909401
87.3832473755 208.804000854 93.4926986694 21.6115112305
obstacle
0.93853110075
341.216003418 190.321044922 51.0141601562 31.1605224609
obstacle
0.931231081486
227.079269409 180.363983154 73.3311309814 18.6691894531
obstacle
0.923001646996
106.284744263 206.096817017 96.5207519531 26.3569641113
obstacle
0.91659373045
334.234191895 192.373413086 61.9521484375 25.287902832
obstacle
0.915930867195
345.671875 193.29598999 51.0186157227 25.6689453125
obstacle
0.909839749336
223.651596069 182.695770264 70.9825286865 18.0694580078
obstacle
0.909815371037
92.8677215576 209.435272217 93.4962768555 24.7446899414
obstacle
0.901501834393
325.476257324 187.044952393 74.2371826172 31.7114562988
obstacle
0.900480091572
342.495574951 189.46496582 45.7152709961 26.71875
obstacle
0.898940861225
140.136169434 165.878616333 56.1415100098 18.2583618164
obstacle
0.897914648056
224.096237183 175.177215576 74.6875152588 20.6899719238
obstacle
0.897914648056
219.212402344 179.118942261 77.3599243164 19.3440246582
obstacle
0.884767770767
222.984130859 173.701431274 84.1421508789 19.5815734863
obstacle
0.873088657856
334.56451416 188.635070801 51.4245605469 26.2491455078
obstacle
0.871987164021
228.427062988 171.993560791 95.1259155273 22.799041748
obstacle
0.859727501869
93.8924713135 208.377960205 91.0842895508 28.7893981934
obstacle
0.852869093418
235.31022644 176.136672974 45.1764984131 17.1518249512
obstacle
0.846266627312
144.945663452 168.933380127 47.4484863281 15.3337402344
obstacle
0.837761878967
224.507019043 175.9190979 84.798034668 19.3168029785
obstacle
0.830205261707
344.496826172 190.251419067 49.0258178711 27.0459594727
obstacle
0.826994240284
335.180053711 190.479415894 67.924987793 29.2838439941
obstacle
0.825375318527
53.9257049561 163.284790039 54.4960479736 18.2031555176
obstacle
0.816514134407
346.811981201 196.739471436 37.4260864258 20.390045166
obstacle
0.808126449585
347.337493896 191.381973267 31.5635986328 19.3578186035
obstacle
0.786058723927
138.869491577 167.80329895 62.2808227539 21.5104675293
obstacle
0.756599843502
232.095916748 171.970062256 104.856323242 24.6061096191
obstacle
0.727229952812
237.559173584 173.098480225 80.1422729492 18.8595275879
obstacle
0.724977135658
228.45010376 178.122940063 90.2814331055 21.1631164551
obstacle
0.724617779255
147.514053345 173.734786987 49.3359069824 17.904510498
obstacle
0.692319393158
343.543518066 190.82182312 27.7096557617 18.1112976074
obstacle
0.678617417812
103.982185364 216.20413208 55.5728988647 19.3290100098
obstacle
0.678127229214
300.156768799 196.273544312 25.028503418 22.6661071777
obstacle
0.67338180542
348.818847656 187.028198242 32.0678100586 17.5180664062
obstacle
0.669579863548
94.2192230225 213.955780029 85.7459106445 22.0538330078
obstacle
0.659823358059
243.514038086 174.943588257 85.037902832 22.3975524902
obstacle
0.658196926117
46.8814697266 157.939254761 64.1191558838 17.9254760742
obstacle
0.638446092606
228.595855713 169.094055176 80.2591552734 21.5729370117
obstacle
0.629419982433
139.805007935 163.868850708 58.4088134766 18.2549133301
obstacle
0.622485101223
349.685791016 194.368530273 44.9028320312 25.0500793457
obstacle
0.606765031815
349.714019775 191.35635376 43.9747924805 22.6157226562
obstacle
0.606765031815
357.734741211 196.34765625 31.3602905273 18.4641723633
obstacle
0.603391647339
100.932388306 210.968902588 66.821685791 18.5445861816
obstacle
0.596512556076
45.0355148315 161.559692383 60.6226959229 17.0926818848
obstacle
0.593884408474
114.514404297 201.722610474 84.9278564453 29.43359375
obstacle
0.559119284153
237.406829834 180.578857422 75.4945678711 20.3068237305
obstacle
0.551475346088
236.387771606 188.585220337 43.3947906494 16.2188415527
obstacle
0.551475346088
230.172302246 185.048355103 48.8680114746 16.4528808594
obstacle
0.519094884396
249.97833252 173.820159912 74.9479370117 20.186920166
obstacle
0.515004456043
234.293640137 175.409118652 112.69909668 25.2608337402
obstacle
0.498096168041
302.189208984 196.759490967 21.9901733398 21.734588623
obstacle
0.495546072721
130.829147339 160.08694458 67.7181091309 18.1946411133
obstacle
0.492538243532
297.747039795 196.576171875 21.9118652344 19.0838317871
obstacle
0.492538243532
298.308197021 197.756195068 25.0921630859 21.3323974609
obstacle
0.491964101791
56.869102478 168.650741577 53.2684936523 14.9949035645
obstacle
0.481493473053
137.688400269 168.75680542 66.7318115234 23.8086547852
obstacle
0.472363084555
231.556610107 170.141738892 51.3863525391 15.4352722168
obstacle
0.46671000123
107.216720581 198.634124756 83.1399536133 31.4809875488
obstacle
0.463975727558
297.454040527 194.047775269 39.1276245117 24.1713867188
obstacle
0.443066775799
175.712371826 316.084381104 27.1362915039 16.9156188965
obstacle
0.438709080219
110.006896973 197.081329346 72.1690368652 31.6467285156
obstacle
0.435879081488
121.338699341 202.3175354 71.3179626465 24.7517700195
obstacle
0.42885184288
312.185943604 198.221389771 19.6220703125 18.4410705566
obstacle
0.428053766489
47.986000061 168.131149292 54.7919616699 15.5325012207
obstacle
0.423478156328
298.187957764 202.343338013 23.9979858398 19.8782958984
obstacle
0.383482396603
341.503814697 179.886581421 34.7294311523 20.1877746582
obstacle
0.378741681576
331.804962158 189.815979004 43.826171875 22.8673095703
obstacle
0.367973268032
341.171051025 199.980957031 47.3355712891 24.4696960449
obstacle
0.362490922213
295.843933105 189.932342529 40.159362793 28.493927002
obstacle
0.356888443232
297.717895508 197.018096924 20.1752929688 23.7058105469
obstacle
0.356888443232
295.04574585 203.487930298 22.3332519531 21.1670227051
obstacle
0.35218128562
105.585144043 206.923553467 54.4372253418 21.4411010742
obstacle
0.342513531446
293.377807617 193.069290161 24.6896972656 24.9164123535
obstacle
0.313517302275
296.293212891 191.957122803 33.2644042969 27.2783508301
obstacle
0.307795882225
335.202789307 196.416412354 37.3724365234 20.3648071289
obstacle
0.30059748888
175.289733887 315.42980957 21.3641662598 17.5701904297
obstacle
0.30059748888
177.247909546 310.923095703 19.4918212891 22.0769042969
obstacle
0.296571195126
299.914581299 202.539474487 26.4281616211 22.7239379883
obstacle
0.296571195126
302.818878174 198.014755249 20.5054321289 22.1620788574
obstacle
0.293724060059
296.816375732 187.606445312 27.4262084961 29.6951293945
obstacle
0.285586386919
182.636749268 313.132415771 17.8810424805 19.8675842285
obstacle
0.269041568041
296.561340332 196.50944519 28.2341918945 25.3270568848
obstacle
0.255961686373
104.784667969 197.288696289 97.4978637695 28.4086608887
obstacle
0.25559976697
231.400680542 167.409072876 90.0449981689 22.5490112305
obstacle
0.252043813467
345.547668457 199.287780762 48.3928833008 23.9686889648
obstacle
0.251188158989
87.5791168213 194.113952637 122.571014404 51.8721313477
obstacle
0.234169542789
136.707946777 170.826370239 59.1735229492 15.7796020508
obstacle
0.233437612653
231.548019409 170.013427734 105.478256226 24.3959960938
obstacle
0.22003313899
265.313781738 178.505264282 56.5729370117 22.388885498
obstacle
0.216814920306
334.543029785 196.921615601 52.2681274414 21.0757446289
