obstacle
0.996478736401
147.753875732 147.708618164 163.16986084 49.7648925781
obstacle
0.991873919964
142.102035522 149.956451416 164.93208313 45.6051025391
obstacle
0.989952147007
157.553695679 149.16494751 159.498855591 47.3817443848
obstacle
0.989569664001
129.042663574 142.623275757 196.211700439 62.4054260254
obstacle
0.989396512508
153.561462402 150.282775879 161.277130127 39.0274963379
obstacle
0.988704025745
273.852416992 57.587223053 89.3412475586 23.4583396912
obstacle
0.985534667969
143.242645264 155.292404175 159.711456299 34.8309631348
obstacle
0.984714448452
260.51385498 55.5034790039 103.613037109 24.1866455078
obstacle
0.983249604702
267.726318359 52.4571342468 94.1364135742 27.9940071106
obstacle
0.981255471706
144.298034668 153.440475464 172.65032959 39.4314575195
obstacle
0.97846198082
162.768371582 147.540634155 142.679901123 49.1536254883
obstacle
0.978364765644
276.183502197 59.0471420288 82.8677368164 25.7905883789
obstacle
0.975829958916
276.357147217 54.5576629639 86.5209350586 24.9289550781
obstacle
0.974928319454
283.476104736 59.0595626831 82.5670166016 20.0869903564
obstacle
0.973238706589
157.41317749 156.384368896 145.491088867 42.1413574219
obstacle
0.968290448189
141.446075439 149.365875244 164.213562012 38.6577758789
obstacle
0.962872862816
297.348571777 66.7120437622 66.0690917969 17.1275787354
obstacle
0.961472690105
177.960296631 152.324920654 127.515350342 43.4027099609
obstacle
0.960758447647
113.757392883 147.143157959 230.038513184 53.0446472168
obstacle
0.958262503147
291.438293457 62.7330589294 68.2513427734 20.6212348938
obstacle
0.954836070538
283.087249756 62.6286239624 81.3174438477 21.4214019775
obstacle
0.953842639923
284.914978027 59.6843185425 69.1810913086 26.5757904053
obstacle
0.952993929386
273.931091309 57.2327537537 79.0704956055 20.961933136
obstacle
0.952878117561
271.164215088 58.9478721619 95.35546875 23.7950782776
obstacle
0.922826647758
305.724090576 64.6304779053 54.2506713867 20.4869842529
obstacle
0.922826647758
310.079803467 67.2586288452 54.7612915039 18.8053741455
obstacle
0.920248925686
287.124023438 63.1595687866 74.3708496094 22.5821075439
obstacle
0.901447296143
174.845611572 148.171173096 120.206970215 50.3981018066
obstacle
0.9005215168
157.093017578 146.718017578 133.955963135 55.5174865723
obstacle
0.899108409882
400.760620117 62.5473670959 99.2021484375 28.2629890442
obstacle
0.895433962345
405.370635986 58.5099487305 80.0708618164 31.1915435791
obstacle
0.891318440437
153.069732666 153.452774048 148.051300049 47.5982971191
obstacle
0.889020383358
292.202209473 59.6102981567 66.1358032227 18.609085083
obstacle
0.887912094593
288.734680176 53.7481384277 65.0179443359 21.9535675049
obstacle
0.884150087833
403.619781494 67.3917160034 77.154296875 23.5770568848
obstacle
0.864367604256
185.09387207 149.470291138 113.999786377 44.1659851074
obstacle
0.859009563923
412.740753174 61.9740486145 81.1317138672 28.2095298767
obstacle
0.856479585171
281.057434082 62.22813797 67.1608886719 19.0177116394
obstacle
0.831733107567
401.841918945 65.183555603 94.5513305664 22.6695556641
obstacle
0.82581615448
150.391448975 153.827346802 170.047241211 41.9562072754
obstacle
0.825050532818
410.743835449 60.1402282715 72.4604492188 26.6057891846
obstacle
0.817751228809
409.732696533 65.4893112183 66.3647460938 22.6345825195
obstacle
0.80646198988
289.189331055 54.4795684814 42.5565795898 24.532409668
obstacle
0.791798830032
410.398590088 62.74193573 76.2209472656 24.9820861816
obstacle
0.782056510448
159.641723633 146.771316528 144.265899658 43.2975769043
obstacle
0.779382407665
139.615936279 141.066925049 176.111785889 69.8863830566
obstacle
0.770606040955
412.182556152 67.4635162354 77.0357666016 19.5119476318
obstacle
0.764797389507
151.928253174 149.899963379 145.928283691 45.0993347168
obstacle
0.762606978416
289.135772705 48.9114532471 58.1370239258 23.2706985474
obstacle
0.746918916702
281.228302002 61.0721282959 69.4478149414 21.7776031494
obstacle
0.740786850452
283.905548096 51.3780899048 39.8137207031 18.8036575317
obstacle
0.703010499477
406.394195557 60.3620758057 88.5301513672 28.1010742188
obstacle
0.700877606869
118.441207886 148.438095093 228.024124146 56.1301269531
obstacle
0.700606584549
407.139190674 64.5464553833 79.3382568359 26.5305175781
obstacle
0.697653055191
157.857818604 141.795562744 163.371002197 66.1168823242
obstacle
0.697088837624
286.676849365 49.4421577454 52.5686035156 24.8489646912
obstacle
0.692060887814
419.59979248 66.7317123413 49.6621704102 18.6643676758
obstacle
0.678900241852
119.044502258 148.543426514 251.102020264 50.6438293457
obstacle
0.674215018749
412.452209473 54.1671676636 72.6650390625 29.0566864014
obstacle
0.642174839973
411.730529785 57.4125366211 88.2694702148 31.5970916748
obstacle
0.631579101086
166.390579224 151.342102051 141.75718689 40.0647888184
obstacle
0.576472103596
275.186279297 60.5944900513 63.6505737305 21.1210021973
obstacle
0.56172555685
413.31036377 63.9989776611 86.6896362305 31.4169769287
obstacle
0.531720638275
422.800201416 59.1578102112 65.2772827148 21.1749839783
obstacle
0.529682815075
188.207382202 151.468566895 111.875259399 36.0757141113
obstacle
0.511377930641
282.76461792 70.9301681519 78.3260498047 17.1651611328
obstacle
0.500499665737
287.168273926 57.491394043 52.5629272461 24.8870239258
obstacle
0.497783213854
279.638793945 57.440071106 32.7502441406 19.6495056152
obstacle
0.458716779947
413.89175415 61.0505332947 86.1082458496 31.0409355164
obstacle
0.455966770649
202.262664795 148.747528076 97.1964416504 39.5732421875
obstacle
0.421022832394
189.986633301 147.679260254 102.873901367 46.7782897949
obstacle
0.406368911266
273.213256836 58.3957214355 66.8163452148 24.4853363037
obstacle
0.389804184437
168.909667969 154.967407227 129.772460938 31.2879943848
obstacle
0.383417367935
416.458770752 66.2556762695 70.4774780273 26.0646972656
obstacle
0.374363869429
147.465698242 154.769729614 143.221984863 35.9783325195
obstacle
0.371092021465
415.940429688 66.3086700439 84.0595703125 35.2572021484
obstacle
0.353505700827
143.434356689 159.010513306 159.554718018 37.6616821289
obstacle
0.285688519478
401.531402588 52.1753921509 98.4685974121 54.0157928467
obstacle
0.28088837862
155.653533936 149.733139038 134.372650146 39.7229614258
obstacle
0.261681467295
288.461242676 55.2055511475 31.9769897461 25.4091491699
obstacle
0.246094793081
205.766220093 153.24446106 95.2894439697 33.3348388672
obstacle
0.243292480707
204.825241089 152.131622314 88.2426300049 37.6670532227
obstacle
0.242081344128
290.583557129 62.0028877258 37.5726318359 22.9547691345
obstacle
0.220575362444
159.022338867 155.960662842 126.854675293 41.2119750977
obstacle
0.219105541706
291.431945801 71.1969680786 64.4515380859 18.8067779541
obstacle
0.2030377388
411.801574707 63.3597412109 88.198425293 25.7048950195
