obstacle
0.916070818901
154.938354492 119.295257568 313.661743164 128.376098633
obstacle
0.881894409657
189.176834106 106.704086304 275.975402832 136.910247803
obstacle
0.855368375778
48.4528961182 117.331306458 426.343261719 127.49886322
obstacle
0.747043013573
57.5724487305 143.497650146 382.506530762 110.295959473
obstacle
0.735569477081
461.961914062 236.755996704 25.5490722656 33.0482025146
obstacle
0.644805550575
456.311767578 240.314559937 43.6882324219 26.0807647705
obstacle
0.643570780754
45.3132629395 176.391677856 337.475524902 69.855255127
obstacle
0.632096767426
454.886993408 238.514892578 29.510559082 34.399597168
obstacle
0.611786901951
256.21194458 124.232727051 187.252319336 87.6010131836
obstacle
0.584828674793
43.5335845947 167.356994629 275.436340332 74.0538024902
obstacle
0.571191966534
460.019256592 232.588516235 32.9948120117 40.7308807373
obstacle
0.553851723671
61.9772567749 189.574020386 181.650604248 46.3880615234
obstacle
0.537675976753
455.915527344 237.62588501 44.0844726562 38.4655151367
obstacle
0.485008537769
107.913375854 183.623382568 86.2631225586 54.557434082
obstacle
0.480452358723
47.8410797119 132.960281372 424.878723145 113.040161133
obstacle
0.468286812305
248.833740234 125.356384277 190.601806641 113.386779785
obstacle
0.454609304667
198.065002441 125.202423096 242.867675781 89.4977416992
obstacle
0.450171738863
99.8812713623 188.848251343 115.047698975 49.3629150391
obstacle
0.438829004765
455.901489258 234.41394043 44.0985107422 33.7041320801
obstacle
0.426830053329
279.877563477 117.853668213 174.994140625 149.381439209
obstacle
0.418557882309
451.455841064 239.919036865 35.0298461914 31.6147155762
obstacle
0.416345983744
459.618652344 241.076248169 30.665222168 31.0581207275
obstacle
0.408035904169
459.976074219 239.246902466 27.9153442383 30.1724090576
obstacle
0.401604890823
248.583511353 142.95135498 22.5088348389 32.4780273438
obstacle
0.399856477976
452.031646729 235.728759766 47.9683532715 43.2053833008
obstacle
0.392131835222
46.5623474121 119.529571533 274.035766602 121.611694336
obstacle
0.371316075325
251.771331787 138.587844849 34.1287231445 42.703704834
obstacle
0.361244559288
241.449432373 148.02734375 29.310760498 25.7312011719
obstacle
0.359918773174
248.665847778 140.195404053 28.6441802979 42.6933288574
obstacle
0.359918773174
246.260269165 146.999893188 30.1244049072 28.3959960938
obstacle
0.359918773174
245.547195435 142.989456177 26.7534332275 40.2514648438
obstacle
0.346813440323
461.475311279 228.636032104 33.8368530273 49.5295257568
obstacle
0.346544921398
469.072662354 231.327682495 30.9273376465 45.1954498291
obstacle
0.345178455114
304.612884521 140.462646484 34.7783203125 50.59375
obstacle
0.343599498272
235.247283936 140.058029175 58.0505981445 44.8442382812
obstacle
0.33698618412
114.964477539 180.392318726 80.5761413574 57.988494873
obstacle
0.335121452808
237.851699829 132.212738037 46.2982025146 54.4318237305
obstacle
0.322278439999
243.572067261 145.166976929 32.1814727783 46.4046936035
obstacle
0.320107847452
250.144012451 135.519836426 31.1708984375 48.3040466309
obstacle
0.312902271748
238.036911011 146.539367676 27.4984893799 39.4311218262
obstacle
0.307190865278
76.2117919922 110.951431274 45.9756011963 73.0401916504
obstacle
0.305223047733
241.991912842 142.406463623 22.9474487305 33.5747680664
obstacle
0.303060293198
305.410064697 141.215652466 35.1184082031 31.008392334
obstacle
0.30027961731
458.848022461 235.983566284 38.6782836914 51.5957183838
obstacle
0.29536023736
310.495452881 136.160949707 111.329284668 42.5411071777
obstacle
0.2927942276
251.948806763 145.380981445 31.0822906494 31.0051879883
obstacle
0.289236932993
312.930084229 142.051696777 30.4320068359 26.793182373
obstacle
0.284429907799
231.129821777 138.606307983 51.5640869141 56.1495666504
obstacle
0.281931906939
309.072021484 141.512954712 41.2722167969 48.398223877
obstacle
0.280201643705
68.9268341064 112.232315063 51.5815429688 73.2778625488
obstacle
0.275830745697
71.8276062012 113.257019043 65.5282287598 69.4928283691
obstacle
0.272390663624
64.9590759277 153.40184021 388.456115723 99.7451782227
obstacle
0.271262317896
310.724914551 134.509124756 34.8101806641 52.2195739746
obstacle
0.264741748571
76.6283874512 119.298614502 44.1489105225 55.1026611328
obstacle
0.261367589235
42.6824188232 102.931343079 414.466064453 143.252380371
obstacle
0.261200547218
70.4387969971 169.61529541 391.327575684 78.6837463379
obstacle
0.258622735739
313.44430542 143.230758667 46.09765625 47.2329711914
obstacle
0.255700081587
233.955383301 139.749603271 69.0539550781 54.2315979004
obstacle
0.253781169653
202.248977661 138.507019043 139.285751343 41.8697814941
obstacle
0.253421008587
225.269943237 149.973327637 30.378112793 50.5787353516
obstacle
0.248149812222
244.493652344 137.67805481 36.8023681641 58.0629882812
obstacle
0.24368005991
108.507858276 156.092254639 34.1739196777 40.2288818359
obstacle
0.240711688995
82.4557037354 128.541641235 35.7139587402 43.1332092285
obstacle
0.239005297422
204.87071228 146.194946289 134.848342896 44.4781494141
obstacle
0.238213434815
349.826171875 136.610900879 33.0838623047 52.5956115723
obstacle
0.237183898687
65.868560791 187.785400391 210.473754883 44.7949829102
obstacle
0.234140768647
78.8595809937 119.691055298 45.5370483398 67.3289489746
obstacle
0.233450472355
183.348175049 119.895362854 276.400939941 147.453918457
obstacle
0.232104688883
103.306846619 154.820343018 32.497718811 40.0130004883
obstacle
0.232104688883
104.610389709 159.930892944 33.9499893188 38.8929138184
obstacle
0.230337187648
72.2610931396 121.994049072 64.9276428223 68.4501953125
obstacle
0.229920625687
113.124816895 181.835510254 90.5582885742 53.708984375
obstacle
0.227728590369
312.494476318 134.567886353 36.2756958008 41.7863769531
obstacle
0.226347237825
235.643875122 148.288238525 31.7479705811 52.7893981934
obstacle
0.226338401437
104.140838623 185.73928833 100.481018066 48.147064209
obstacle
0.223848000169
47.5969085693 118.441917419 281.192565918 136.981079102
obstacle
0.222442984581
358.658874512 132.492401123 29.5648193359 49.1086730957
obstacle
0.222121834755
223.614959717 157.814285278 32.9403381348 50.0108947754
obstacle
0.219809755683
354.219207764 135.695541382 31.0700683594 45.1851501465
obstacle
0.215152099729
342.413513184 139.988220215 35.711730957 49.8960876465
obstacle
0.214864999056
228.58644104 144.44708252 68.2765350342 57.6695861816
obstacle
0.212337508798
363.439941406 128.255065918 31.4608764648 52.0539245605
obstacle
0.210252806544
233.952697754 144.001098633 48.499206543 59.0843505859
obstacle
0.208944037557
299.969512939 147.300842285 40.2719116211 47.2145080566
obstacle
0.208774521947
284.698547363 156.220504761 133.158447266 42.1332397461
obstacle
0.207014545798
448.997497559 241.65675354 51.0025024414 45.8677215576
obstacle
0.207001149654
170.685256958 120.278297424 263.5546875 137.041442871
obstacle
0.205193266273
143.6953125 175.727294922 50.7699890137 42.7209472656
obstacle
0.202208757401
345.417816162 138.182723999 35.379699707 41.4424438477
obstacle
0.202159881592
325.442810059 141.173950195 34.7166748047 33.1209716797
