obstacle
0.570770084858
288.654083252 302.410339355 76.055847168 71.5896606445
obstacle
0.570135653019
271.624633789 302.080291748 112.947143555 71.919708252
obstacle
0.532834351063
272.004852295 314.968902588 112.115539551 51.4125976562
obstacle
0.524071156979
296.223846436 302.042175293 76.33203125 71.957824707
obstacle
0.519729673862
272.445739746 306.521240234 95.1278686523 52.2482910156
obstacle
0.511324882507
271.370513916 312.531066895 104.523742676 61.4689331055
obstacle
0.508876502514
280.289123535 317.504608154 101.713256836 56.4953918457
obstacle
0.497323960066
293.572692871 317.96081543 77.0400390625 56.0391845703
obstacle
0.491393268108
276.686767578 315.000213623 101.891479492 45.9857788086
obstacle
0.48925280571
284.163146973 305.548583984 68.1932983398 41.8036499023
obstacle
0.482681512833
290.812957764 305.985321045 84.6956176758 54.4414672852
obstacle
0.479023456573
284.198547363 318.13671875 101.761108398 52.8355102539
obstacle
0.475413262844
284.027191162 318.268859863 77.979309082 55.7311401367
obstacle
0.361518889666
289.891601562 305.625793457 93.5692138672 68.374206543
obstacle
0.352094650269
300.641052246 315.860473633 72.0797119141 58.1395263672
obstacle
0.351907253265
276.535552979 310.507781982 73.9372558594 63.4922180176
obstacle
0.33708781004
239.353408813 290.198760986 162.619003296 83.8012390137
obstacle
0.332978874445
285.06463623 321.582336426 86.7768554688 44.3267211914
obstacle
0.320483416319
381.016357422 188.648590088 111.25994873 46.5347900391
obstacle
0.299607276917
283.91418457 331.545379639 89.4619140625 42.4546203613
obstacle
0.295516371727
243.528121948 313.462036133 150.656021118 53.4812011719
obstacle
0.270179510117
273.981384277 318.24810791 97.4411621094 55.7518920898
obstacle
0.263942182064
396.327178955 190.144500732 103.672821045 39.9154968262
obstacle
0.251325726509
266.134735107 322.485198975 102.41027832 39.830871582
obstacle
0.242333427072
251.923461914 318.762084961 124.224182129 55.2379150391
obstacle
0.239325404167
249.951797485 301.662200928 146.456466675 72.3377990723
obstacle
0.235719501972
237.733352661 315.498535156 144.567611694 58.5014648438
obstacle
0.232972443104
370.538024902 196.452819824 129.461975098 32.2486572266
obstacle
0.227950319648
243.448196411 308.368438721 156.664840698 53.2886962891
obstacle
0.200506433845
273.030090332 322.959259033 79.6132202148 51.0407409668
