obstacle
0.994777560234
74.8298950195 169.476013184 357.90335083 71.0841064453
obstacle
0.993881583214
76.1781158447 172.207870483 335.335021973 73.0624694824
obstacle
0.988152205944
74.0559844971 169.471603394 352.983337402 83.350982666
obstacle
0.983930647373
109.915664673 121.147949219 54.2325439453 18.023651123
obstacle
0.982461154461
109.086135864 125.670509338 57.7004089355 15.268119812
obstacle
0.97893434763
82.4692993164 164.498077393 307.111755371 79.9519042969
obstacle
0.973365962505
67.1598815918 166.932754517 321.850494385 72.29296875
obstacle
0.972925543785
95.8207244873 122.218177795 69.064239502 20.1890640259
obstacle
0.964961707592
101.825531006 119.058410645 65.1838378906 16.5436096191
obstacle
0.964482843876
99.3308410645 124.649307251 66.5730895996 21.4193115234
obstacle
0.961367785931
118.040283203 122.115219116 46.6988525391 16.4860839844
obstacle
0.960494041443
84.2693634033 175.942749023 308.309936523 70.9341430664
obstacle
0.940362513065
62.8789978027 146.25769043 334.877197266 97.0021972656
obstacle
0.938097119331
90.899848938 122.040481567 72.5616378784 16.1795349121
obstacle
0.93449139595
92.5325546265 117.034378052 71.5128250122 15.2960662842
obstacle
0.910658299923
135.674301147 159.997406006 237.368789673 87.4052429199
obstacle
0.852290451527
81.2930755615 161.904067993 335.323364258 76.6640625
obstacle
0.843879938126
73.3268127441 166.356628418 325.911743164 84.4266662598
obstacle
0.839634299278
98.8756027222 127.225669861 57.6922836304 15.2065811157
obstacle
0.838780045509
98.3536529541 121.902297974 53.3242492676 16.8451843262
obstacle
0.777930259705
117.787712097 166.367874146 246.005218506 80.8916015625
obstacle
0.768220126629
108.921798706 173.773132324 283.38684082 45.7698364258
obstacle
0.752349495888
141.669067383 158.314819336 245.993286133 82.1520080566
obstacle
0.750559508801
65.178024292 142.954803467 298.75378418 99.368347168
obstacle
0.677454829216
95.0692672729 113.502861023 65.6904983521 16.0867996216
obstacle
0.631549477577
75.1962585449 172.413894653 320.505706787 83.9002685547
obstacle
0.622010409832
102.104049683 172.797225952 270.280090332 58.5960998535
obstacle
0.599072217941
96.9495697021 168.595397949 259.783508301 78.3772277832
obstacle
0.554903805256
87.713180542 183.322052002 280.851989746 46.850402832
obstacle
0.523202180862
100.529724121 128.524719238 56.2120666504 22.5156860352
obstacle
0.52007073164
127.23613739 171.890853882 248.335906982 51.9213562012
obstacle
0.50804233551
212.882980347 122.508934021 39.8377685547 17.3102340698
obstacle
0.460726767778
78.9880828857 179.934829712 293.807861328 46.4612731934
obstacle
0.433130323887
107.356155396 177.738845825 267.192932129 47.2542114258
obstacle
0.426880180836
183.192260742 170.146820068 152.048217773 56.7084655762
obstacle
0.424929618835
92.3621520996 179.134902954 262.114501953 44.4386901855
obstacle
0.412653923035
82.6316070557 186.513534546 267.368164062 36.8893737793
obstacle
0.38755607605
79.974822998 185.521621704 307.493225098 35.0042419434
obstacle
0.38442376256
148.228363037 175.959671021 208.223114014 52.6296081543
obstacle
0.36003485322
94.2126083374 121.310676575 44.6750869751 16.7359237671
obstacle
0.32444870472
176.001434326 171.240539551 151.120819092 64.9190673828
obstacle
0.31229197979
95.1017684937 179.750854492 225.107849121 59.9979553223
obstacle
0.307929754257
90.5733947754 187.559799194 248.109741211 38.1347351074
obstacle
0.295376777649
72.5116729736 171.854598999 260.3671875 73.2952880859
obstacle
0.289028555155
132.743164062 175.201385498 255.768981934 43.7019348145
obstacle
0.265404284
117.676376343 175.623809814 161.45930481 54.6441650391
obstacle
0.23834118247
94.8940887451 126.160583496 43.8458709717 15.8528442383
obstacle
0.232974410057
101.959251404 131.14855957 60.4920425415 15.4504394531
obstacle
0.228544011712
84.9346923828 176.341110229 285.916931152 54.600769043
obstacle
0.22534686327
107.439041138 178.888824463 241.824081421 48.6700439453
obstacle
0.220899179578
167.030578613 177.095901489 116.335540771 51.4429016113
obstacle
0.216967150569
134.267974854 180.215133667 217.894744873 41.5647277832
obstacle
0.211998596787
85.8747406006 179.794052124 261.737487793 39.6530151367
obstacle
0.204381406307
186.319824219 175.747192383 129.645263672 51.1133728027
obstacle
0.201780602336
115.881088257 174.442504883 237.791213989 61.4669799805
