obstacle
0.392532199621
396.52557373 132.571517944 32.8439331055 30.4384155273
obstacle
0.387566864491
35.664806366 73.3571166992 119.228042603 21.3296813965
obstacle
0.383709609509
401.597808838 136.682250977 35.0313720703 35.1531066895
obstacle
0.367835402489
397.892150879 131.605102539 33.8053588867 27.3851928711
obstacle
0.335699409246
386.128570557 134.780014038 49.5757446289 37.8911743164
obstacle
0.332976311445
360.216918945 133.361526489 80.1331787109 40.8445129395
obstacle
0.320705860853
393.735809326 138.789520264 32.5736694336 27.8008422852
obstacle
0.320705860853
395.15322876 130.717025757 33.1025390625 36.0093078613
obstacle
0.316785901785
394.415496826 134.368927002 30.0588378906 40.6457824707
obstacle
0.308251529932
397.287750244 134.776123047 38.9996948242 36.0233459473
obstacle
0.301170319319
375.360290527 142.90385437 56.9924316406 33.4407348633
obstacle
0.298601597548
67.3902282715 143.126724243 43.03125 31.8344421387
obstacle
0.296943545341
401.845489502 134.013778687 19.2669677734 21.7069396973
obstacle
0.290167033672
365.625518799 141.795730591 58.5008544922 37.4192810059
obstacle
0.28961789608
388.114715576 138.111526489 30.1667480469 33.5095214844
obstacle
0.28961789608
390.61730957 145.269592285 33.4649047852 23.3095092773
obstacle
0.285351634026
386.427093506 139.358963013 50.0633544922 37.4630737305
obstacle
0.285028666258
377.946166992 134.226287842 54.2384643555 39.6094665527
obstacle
0.28323251009
394.691040039 137.701873779 24.5706176758 26.190246582
obstacle
0.28002384305
394.584503174 143.773605347 22.5241699219 29.1848144531
obstacle
0.28002384305
390.993682861 143.580276489 28.790222168 35.4002685547
obstacle
0.276609063148
32.5438346863 70.5310668945 109.211074829 23.8291931152
obstacle
0.268836826086
392.586120605 141.639587402 35.932434082 41.5641174316
obstacle
0.268009722233
377.015869141 145.695541382 39.7044677734 27.4811706543
obstacle
0.268009722233
378.559753418 140.882217407 36.352722168 25.6637268066
obstacle
0.25571206212
375.871948242 146.723236084 28.4208374023 24.5715332031
obstacle
0.251721739769
70.3487701416 74.3564300537 67.0560760498 20.6719818115
obstacle
0.249503284693
370.762756348 137.513534546 59.8674926758 39.353515625
obstacle
0.248538807034
379.902954102 138.934783936 37.6923828125 44.6064453125
obstacle
0.247163310647
387.092956543 137.024612427 34.5386352539 41.8005371094
obstacle
0.246659830213
367.310089111 134.477111816 61.4321289062 34.0629577637
obstacle
0.239956751466
370.140472412 145.457901001 45.9299926758 31.5752563477
obstacle
0.238220542669
384.076446533 132.456207275 33.557800293 44.1201477051
obstacle
0.237014055252
69.4849472046 149.466293335 35.0602722168 28.6687316895
obstacle
0.237014055252
73.7848052979 150.341583252 34.5918731689 30.2490844727
obstacle
0.232319176197
369.120697021 139.525817871 36.1674194336 28.6602783203
obstacle
0.225300177932
380.220092773 129.876098633 49.8469848633 36.1513366699
obstacle
0.221027553082
372.418243408 135.057785034 41.0227050781 44.0466918945
obstacle
0.220554232597
74.5532226562 139.753967285 28.5070648193 30.9810791016
obstacle
0.220305979252
369.043212891 145.726455688 35.6505126953 32.2874145508
obstacle
0.214868947864
68.9301605225 152.416000366 26.9598846436 23.6875915527
obstacle
0.212187498808
68.0002822876 147.488189697 43.7112426758 35.5294799805
obstacle
0.210277855396
367.789093018 141.232727051 63.7869873047 39.4797973633
obstacle
0.209160417318
387.284454346 149.087387085 28.8480224609 22.893737793
obstacle
0.205353409052
369.672821045 149.055084229 29.8963012695 33.5630493164
obstacle
0.205111607909
366.648132324 128.496292114 68.2987670898 39.749786377
obstacle
0.202890381217
68.744720459 71.8278198242 58.6021728516 22.0160675049
obstacle
0.202095657587
72.9551086426 137.630432129 35.9736938477 35.7665100098
