obstacle
0.417845010757
107.0 116.0 39.0 12.0
obstacle
0.343000859022
82.0 139.0 356.0 121.0
obstacle
0.249873563647
22.0 119.0 10.0 12.0
obstacle
0.231635212898
244.0 123.0 66.0 26.0
obstacle
0.22905279696
376.0 87.0 124.0 47.0
obstacle
0.149611905217
138.0 116.0 49.0 13.0
obstacle
0.148846447468
156.0 80.0 171.0 111.0
obstacle
0.146072864532
239.0 140.0 39.0 13.0
obstacle
0.136755228043
12.0 127.0 32.0 10.0
obstacle
0.128904893994
0.0 116.0 57.0 17.0
obstacle
0.119910374284
29.0 127.0 36.0 12.0
obstacle
0.116799466312
244.0 131.0 33.0 11.0
obstacle
0.101945869625
204.0 151.0 188.0 48.0
obstacle
0.0951805412769
296.0 117.0 42.0 11.0
obstacle
0.0885197073221
88.0 107.0 114.0 31.0
obstacle
0.0857686772943
273.0 280.0 127.0 43.0
obstacle
0.0739859640598
178.0 320.0 49.0 13.0
obstacle
0.0739087462425
181.0 306.0 77.0 22.0
obstacle
0.0725866705179
42.0 117.0 11.0 13.0
obstacle
0.0716075003147
163.0 80.0 39.0 85.0
obstacle
0.0710794106126
271.0 128.0 55.0 92.0
obstacle
0.0704339370131
298.0 75.0 37.0 94.0
obstacle
0.0671160072088
101.0 176.0 126.0 46.0
obstacle
0.0656829476357
5.0 114.0 10.0 18.0
obstacle
0.0589433759451
277.0 129.0 43.0 12.0
obstacle
0.0588645599782
98.0 295.0 131.0 39.0
obstacle
0.0581052787602
219.0 117.0 44.0 12.0
obstacle
0.0556133165956
11.0 105.0 35.0 11.0
obstacle
0.0522935315967
247.0 57.0 253.0 106.0
obstacle
0.0512635968626
234.0 124.0 16.0 26.0
obstacle
0.0509202294052
175.0 107.0 15.0 29.0
