obstacle
0.768347620964
339.0 41.0 46.0 56.0
obstacle
0.705398499966
366.0 60.0 122.0 44.0
obstacle
0.473316371441
28.0 79.0 310.0 112.0
obstacle
0.466970950365
64.0 216.0 89.0 44.0
obstacle
0.318952351809
26.0 204.0 238.0 67.0
obstacle
0.25658428669
193.0 120.0 126.0 51.0
obstacle
0.187732636929
45.0 124.0 122.0 46.0
obstacle
0.165747419
392.0 0.0 45.0 10.0
obstacle
0.127114474773
183.0 151.0 192.0 120.0
obstacle
0.104613035917
222.0 229.0 38.0 12.0
obstacle
0.0951642915606
239.0 124.0 76.0 20.0
obstacle
0.0943403467536
407.0 0.0 87.0 18.0
obstacle
0.0792649686337
172.0 79.0 23.0 33.0
obstacle
0.0778738856316
275.0 175.0 44.0 69.0
obstacle
0.0744971111417
250.0 129.0 23.0 35.0
obstacle
0.0649930760264
107.0 113.0 154.0 43.0
obstacle
0.0648208484054
62.0 192.0 127.0 44.0
obstacle
0.0574355795979
181.0 26.0 319.0 87.0
obstacle
0.0557567924261
22.0 108.0 135.0 33.0
obstacle
0.0545168407261
163.0 67.0 40.0 82.0
obstacle
0.0515148714185
197.0 205.0 51.0 15.0
obstacle
0.0511683449149
267.0 119.0 59.0 12.0
obstacle
0.0506909005344
278.0 129.0 37.0 9.0
