obstacle
0.925872683525
175.0 205.0 135.0 32.0
obstacle
0.828523635864
338.0 204.0 113.0 33.0
obstacle
0.628788769245
2.0 161.0 126.0 49.0
obstacle
0.159772083163
229.0 213.0 23.0 22.0
obstacle
0.134221032262
52.0 148.0 31.0 52.0
obstacle
0.131819486618
65.0 185.0 76.0 21.0
obstacle
0.108516514301
89.0 243.0 39.0 12.0
obstacle
0.105197198689
88.0 157.0 33.0 10.0
obstacle
0.101279877126
55.0 183.0 25.0 29.0
obstacle
0.0997951850295
0.0 135.0 26.0 76.0
obstacle
0.0782625153661
33.0 130.0 33.0 65.0
obstacle
0.0774611160159
247.0 213.0 25.0 21.0
obstacle
0.0764433816075
316.0 217.0 44.0 13.0
obstacle
0.0746304616332
106.0 167.0 35.0 12.0
obstacle
0.0696820318699
106.0 156.0 36.0 10.0
obstacle
0.0682436004281
365.0 215.0 61.0 14.0
obstacle
0.0679343119264
264.0 213.0 57.0 21.0
obstacle
0.0625820830464
420.0 196.0 20.0 32.0
obstacle
0.0605047345161
64.0 150.0 80.0 23.0
obstacle
0.055402778089
57.0 152.0 14.0 21.0
obstacle
0.0505433045328
44.0 148.0 13.0 28.0
obstacle
0.0503786839545
86.0 179.0 38.0 15.0
