obstacle
0.90234875679
75.0 123.0 329.0 103.0
obstacle
0.868779718876
224.0 91.0 75.0 16.0
obstacle
0.346605449915
29.0 81.0 34.0 11.0
obstacle
0.221987113357
32.0 88.0 28.0 10.0
obstacle
0.18620236218
2.0 85.0 61.0 19.0
obstacle
0.138516247272
41.0 162.0 128.0 47.0
obstacle
0.107223019004
220.0 100.0 45.0 11.0
obstacle
0.0957840532064
187.0 92.0 33.0 9.0
obstacle
0.0871795043349
234.0 92.0 15.0 15.0
obstacle
0.0859381556511
295.0 153.0 120.0 38.0
obstacle
0.0845382809639
45.0 89.0 42.0 11.0
obstacle
0.0834942534566
205.0 93.0 37.0 9.0
obstacle
0.0636626332998
249.0 94.0 19.0 22.0
obstacle
0.0595017559826
192.0 178.0 60.0 16.0
obstacle
0.0568004921079
32.0 160.0 36.0 77.0
obstacle
0.0510219112039
196.0 148.0 49.0 74.0
obstacle
0.0507681034505
22.0 76.0 18.0 20.0
