obstacle
0.962362170219
237.0 136.0 57.0 26.0
obstacle
0.867823004723
52.0 170.0 20.0 20.0
obstacle
0.62500846386
202.0 189.0 119.0 43.0
obstacle
0.496942996979
127.0 229.0 29.0 36.0
obstacle
0.427225530148
91.0 44.0 29.0 77.0
obstacle
0.319168329239
73.0 45.0 29.0 75.0
obstacle
0.284590542316
109.0 46.0 29.0 73.0
obstacle
0.25852021575
52.0 44.0 31.0 78.0
obstacle
0.230826407671
12.0 35.0 31.0 70.0
obstacle
0.210814490914
416.0 117.0 34.0 11.0
obstacle
0.184028655291
128.0 42.0 31.0 82.0
obstacle
0.179719507694
185.0 45.0 70.0 25.0
obstacle
0.170499563217
365.0 196.0 58.0 26.0
obstacle
0.166197001934
389.0 23.0 111.0 43.0
obstacle
0.155180484056
30.0 42.0 35.0 81.0
obstacle
0.146154135466
208.0 131.0 32.0 7.0
obstacle
0.134673729539
234.0 134.0 10.0 8.0
obstacle
0.132214263082
110.0 242.0 39.0 13.0
obstacle
0.13211672008
250.0 178.0 171.0 92.0
obstacle
0.110995784402
319.0 216.0 35.0 13.0
obstacle
0.108212925494
24.0 107.0 162.0 30.0
obstacle
0.0993889048696
214.0 129.0 66.0 16.0
obstacle
0.0967684835196
183.0 18.0 39.0 78.0
obstacle
0.0917315483093
190.0 27.0 21.0 35.0
obstacle
0.088675506413
302.0 129.0 28.0 10.0
obstacle
0.0879117548466
286.0 204.0 22.0 36.0
obstacle
0.0877246037126
310.0 178.0 51.0 13.0
obstacle
0.0802871435881
301.0 118.0 31.0 9.0
obstacle
0.0781420916319
334.0 204.0 45.0 15.0
obstacle
0.0773477703333
300.0 208.0 70.0 30.0
obstacle
0.0744647756219
284.0 119.0 27.0 8.0
obstacle
0.0744162872434
335.0 31.0 78.0 27.0
obstacle
0.0729839578271
36.0 47.0 139.0 49.0
obstacle
0.0717590302229
275.0 135.0 9.0 6.0
obstacle
0.0684779733419
41.0 170.0 76.0 27.0
obstacle
0.0654469132423
446.0 37.0 50.0 15.0
obstacle
0.0637608468533
108.0 233.0 38.0 13.0
obstacle
0.0629518777132
184.0 129.0 39.0 10.0
obstacle
0.0615249425173
217.0 128.0 10.0 13.0
obstacle
0.0614784285426
102.0 230.0 119.0 37.0
obstacle
0.0590617395937
145.0 36.0 35.0 71.0
obstacle
0.0579749718308
278.0 105.0 39.0 11.0
obstacle
0.0560515373945
401.0 11.0 23.0 41.0
obstacle
0.0558553524315
126.0 128.0 36.0 11.0
obstacle
0.0552773326635
226.0 120.0 32.0 8.0
obstacle
0.0537392161787
163.0 115.0 40.0 12.0
obstacle
0.0517073944211
283.0 132.0 26.0 7.0
obstacle
0.0516905076802
0.0 199.0 358.0 100.0
obstacle
0.0515902377665
0.0 16.0 286.0 135.0
obstacle
0.0510663092136
328.0 200.0 16.0 27.0
obstacle
0.0507316440344
268.0 201.0 20.0 23.0
