obstacle
0.885236144066
187.0 152.0 37.0 13.0
obstacle
0.549935281277
190.0 151.0 46.0 13.0
obstacle
0.367802560329
180.0 153.0 50.0 16.0
obstacle
0.299208492041
0.0 147.0 10.0 13.0
obstacle
0.205621629953
187.0 152.0 55.0 19.0
obstacle
0.170179083943
483.0 260.0 16.0 17.0
obstacle
0.161844372749
0.0 150.0 20.0 8.0
obstacle
0.150520950556
198.0 152.0 36.0 9.0
obstacle
0.13759560883
468.0 265.0 32.0 12.0
obstacle
0.128610402346
184.0 156.0 43.0 11.0
obstacle
0.127691075206
0.0 147.0 51.0 15.0
obstacle
0.106884665787
12.0 149.0 31.0 10.0
obstacle
0.0994209498167
209.0 154.0 17.0 15.0
obstacle
0.0981708094478
200.0 157.0 37.0 11.0
obstacle
0.0959882363677
452.0 260.0 48.0 17.0
obstacle
0.0757698267698
159.0 144.0 92.0 26.0
obstacle
0.0756297260523
485.0 251.0 14.0 22.0
obstacle
0.0747100710869
416.0 256.0 84.0 21.0
obstacle
0.0722055882215
471.0 256.0 29.0 10.0
obstacle
0.0704842209816
0.0 145.0 29.0 17.0
obstacle
0.0666995719075
164.0 148.0 108.0 29.0
obstacle
0.0643264725804
1.0 136.0 11.0 19.0
obstacle
0.0631634294987
27.0 149.0 39.0 11.0
obstacle
0.0601991675794
208.0 151.0 16.0 12.0
obstacle
0.0594763532281
188.0 153.0 29.0 15.0
obstacle
0.0594346895814
462.0 258.0 19.0 19.0
obstacle
0.059035256505
448.0 265.0 47.0 12.0
obstacle
0.0587936975062
0.0 140.0 24.0 10.0
obstacle
0.0571472682059
451.0 255.0 43.0 12.0
obstacle
0.0555069223046
470.0 242.0 30.0 35.0
obstacle
0.0534261763096
182.0 145.0 41.0 21.0
obstacle
0.0512087121606
352.0 242.0 148.0 35.0
obstacle
0.0506444200873
5.0 145.0 81.0 20.0
