obstacle
0.986622512341
195.88369751 216.057846069 98.9593811035 34.0776672363
obstacle
0.986041247845
203.984863281 225.174224854 89.8313903809 23.1994018555
obstacle
0.972103953362
201.707687378 224.791687012 87.7078399658 26.392791748
obstacle
0.970225989819
195.721176147 216.937026978 106.612136841 29.2586364746
obstacle
0.963106870651
144.200927734 168.935760498 55.8995056152 16.6104125977
obstacle
0.963106870651
148.88494873 165.436431885 56.3817138672 20.5297851562
obstacle
0.958554089069
151.002578735 167.834564209 44.1414794922 18.5949401855
obstacle
0.949186205864
140.482803345 172.856460571 56.7149963379 16.3516235352
obstacle
0.943730592728
148.993972778 172.628265381 39.8025512695 16.8547363281
obstacle
0.940596163273
200.162139893 221.689056396 86.6558227539 24.9162902832
obstacle
0.938872396946
134.048614502 164.929275513 64.8601074219 19.4918212891
obstacle
0.932323813438
299.038238525 172.586837769 63.8029174805 26.2222290039
obstacle
0.931545913219
290.075042725 176.277236938 74.7180786133 30.9982299805
obstacle
0.930463314056
296.969116211 179.835357666 73.6510620117 20.8726806641
obstacle
0.923683166504
210.626113892 218.180603027 67.40965271 28.8533630371
obstacle
0.923427760601
286.159667969 170.361221313 74.7727050781 25.1040344238
obstacle
0.921001195908
286.322052002 178.527404785 73.6766967773 20.287902832
obstacle
0.91827750206
66.4306488037 175.283279419 93.4198913574 26.4895324707
obstacle
0.91827750206
69.2889862061 180.489807129 93.243560791 23.8338928223
obstacle
0.91319167614
274.679779053 168.534164429 94.2937011719 33.4576721191
obstacle
0.909164011478
207.87538147 217.7215271 85.9062347412 24.8532104492
obstacle
0.906778216362
147.384262085 163.064346313 47.9025268555 16.9281311035
obstacle
0.905140519142
76.4224700928 180.984863281 75.124206543 26.2043151855
obstacle
0.900346934795
145.390777588 168.610549927 46.7456665039 15.9049377441
obstacle
0.889135718346
291.619262695 176.320877075 72.1226196289 25.995513916
obstacle
0.888679921627
288.045776367 162.475036621 57.0230102539 17.7276306152
obstacle
0.886231541634
81.7277908325 182.187637329 74.2246932983 20.2891540527
obstacle
0.873130261898
296.232696533 174.966339111 75.5211791992 29.0385131836
obstacle
0.872088849545
73.5835342407 178.953796387 78.6610641479 23.4346008301
obstacle
0.871940553188
283.573730469 173.470367432 79.9878540039 25.3460083008
obstacle
0.86794924736
277.484069824 174.42930603 92.2604370117 26.5217590332
obstacle
0.846025288105
274.586029053 157.359909058 71.276184082 19.1690673828
obstacle
0.841352105141
289.826568604 172.97958374 64.8710327148 24.6982727051
obstacle
0.82455688715
295.039123535 163.098205566 44.2549438477 17.5552978516
obstacle
0.816648423672
229.932220459 171.060043335 63.8928833008 16.5816040039
obstacle
0.814561605453
72.3136825562 182.292160034 73.274848938 22.0144958496
obstacle
0.814063668251
64.2029418945 184.220611572 85.8213195801 24.6221313477
obstacle
0.813130497932
64.9384613037 181.402526855 77.7325744629 20.7598266602
obstacle
0.805677890778
295.709014893 174.792617798 66.8818969727 20.5391845703
obstacle
0.799888193607
278.06338501 164.097183228 66.3958129883 17.579284668
obstacle
0.792844593525
78.470703125 178.531326294 78.5928955078 24.8351135254
obstacle
0.791881501675
127.397323608 168.26739502 75.5462036133 19.2513122559
obstacle
0.785847365856
133.529693604 160.568908691 68.4524841309 19.6932067871
obstacle
0.78344732523
278.119140625 155.977111816 76.6604003906 21.9067687988
obstacle
0.771992921829
242.111755371 166.170379639 53.6989135742 18.112487793
obstacle
0.76563501358
266.51071167 161.365081787 90.1159057617 27.2351989746
obstacle
0.765272140503
287.864074707 169.344955444 83.2157592773 32.2674560547
obstacle
0.759115338326
287.87689209 166.406768799 62.3305053711 17.8376464844
obstacle
0.752404153347
75.1566925049 175.885620117 60.7315826416 22.2763366699
obstacle
0.751388967037
300.014465332 176.962081909 73.4391479492 30.4069824219
obstacle
0.747032344341
307.539367676 173.418899536 54.0521850586 28.4152526855
obstacle
0.746207416058
282.001037598 173.096206665 98.4967651367 34.1461181641
obstacle
0.741885960102
211.741165161 220.963577271 68.3484344482 26.7344970703
obstacle
0.734943389893
295.872741699 176.082260132 64.7534179688 28.2814331055
obstacle
0.721110761166
237.852478027 172.984359741 49.4135131836 15.9211120605
obstacle
0.69209754467
135.385101318 158.155471802 66.3759155273 19.6039733887
obstacle
0.679985821247
237.18460083 167.346206665 60.8773803711 16.8827819824
obstacle
0.661047279835
211.61265564 223.098693848 80.998550415 24.4333190918
obstacle
0.657377302647
295.074981689 171.564025879 52.4730224609 22.3399353027
obstacle
0.641508162022
233.513092041 161.459945679 61.1302490234 17.7387390137
obstacle
0.598783254623
277.396240234 153.85635376 65.1270141602 18.0007629395
obstacle
0.581483185291
276.977050781 151.732391357 73.6363525391 17.8971862793
obstacle
0.570600748062
299.033325195 169.042388916 51.9651489258 18.3220825195
obstacle
0.558996796608
275.563842773 166.840209961 89.9215087891 27.8200683594
obstacle
0.556084692478
66.040473938 179.99798584 99.5842819214 22.7763671875
obstacle
0.554118037224
326.834991455 206.294235229 32.1215820312 23.0342407227
obstacle
0.554118037224
333.554504395 206.803955078 26.9137573242 24.4478149414
obstacle
0.523572564125
295.465332031 170.551620483 49.9401855469 17.7862854004
obstacle
0.51577693224
329.857543945 208.33416748 27.6309814453 25.2532653809
obstacle
0.503928899765
217.100906372 221.252426147 72.4911346436 21.4393310547
obstacle
0.502262353897
311.105224609 175.716705322 51.0948486328 34.3460083008
obstacle
0.495346397161
334.726348877 207.705505371 21.1634521484 24.5363464355
obstacle
0.490644961596
234.334869385 167.141830444 49.4447021484 15.1921386719
obstacle
0.477121651173
230.505859375 166.177474976 73.3333740234 17.5115966797
obstacle
0.455032467842
299.424377441 169.393508911 57.6652832031 24.859954834
obstacle
0.450292348862
333.06137085 208.251037598 31.6205444336 23.2731323242
obstacle
0.450292348862
340.349609375 206.738082886 25.2901000977 22.8701782227
obstacle
0.4498693645
62.8287811279 173.981750488 112.59552002 25.3727416992
obstacle
0.442847788334
429.163696289 183.148681641 28.8421020508 26.0179748535
obstacle
0.438706099987
333.560394287 201.514358521 24.2099609375 22.1812133789
obstacle
0.438706099987
337.643005371 203.753463745 18.9302368164 21.3646240234
obstacle
0.438706099987
336.479919434 204.236236572 25.2330322266 22.0836181641
obstacle
0.42083632946
83.9412841797 187.245681763 73.0929718018 21.9009094238
obstacle
0.416938185692
329.046966553 206.094329834 40.5414428711 29.6844787598
obstacle
0.413165122271
232.317337036 158.5859375 64.3291778564 17.7772216797
obstacle
0.404964357615
211.433563232 219.729980469 79.8098754883 30.0214538574
obstacle
0.404691040516
70.0462799072 186.14465332 74.3762359619 22.0390014648
obstacle
0.394565314054
433.199157715 188.940353394 18.3472900391 20.5570373535
obstacle
0.394565314054
431.285614014 186.738342285 19.3887329102 19.9973144531
obstacle
0.372478187084
330.36730957 201.77746582 44.362121582 30.5229797363
obstacle
0.369940161705
331.160369873 205.49281311 31.3379516602 33.6130065918
obstacle
0.348413348198
336.17678833 205.393112183 39.7847900391 28.5631713867
obstacle
0.344839692116
426.48727417 185.349700928 34.6649169922 24.9897155762
obstacle
0.298172324896
215.046646118 215.562713623 62.9263763428 24.8432312012
obstacle
0.297879070044
433.629211426 189.16355896 15.6076660156 20.3057556152
obstacle
0.280914366245
433.237792969 192.546096802 17.0340576172 18.0919494629
obstacle
0.274611264467
428.676879883 181.138778687 31.5641479492 26.1520080566
obstacle
0.271265417337
327.624572754 201.978591919 34.2732543945 31.874206543
obstacle
0.255100727081
218.937911987 221.790512085 74.4712982178 26.858795166
obstacle
0.236254766583
341.304962158 206.825836182 29.3988647461 24.4447021484
obstacle
0.230636119843
432.153289795 184.26701355 17.6685180664 20.6358337402
obstacle
0.230636119843
434.017700195 186.396209717 16.7244873047 21.2143554688
obstacle
0.226011186838
431.974090576 178.452026367 25.4045410156 27.0101318359
obstacle
0.210458919406
328.600769043 209.451202393 30.5858154297 27.1406555176
obstacle
0.184843704104
326.965454102 199.313796997 30.5765991211 29.9627380371
obstacle
0.183421447873
427.967254639 187.019622803 31.3462524414 24.0494689941
obstacle
0.177444174886
292.198944092 181.294754028 53.7047119141 22.0128173828
obstacle
0.169935151935
241.578796387 161.643936157 66.0785522461 14.7975769043
obstacle
0.155407056212
332.50213623 211.067092896 35.7133178711 27.6128540039
obstacle
0.145283311605
216.047592163 211.123428345 58.4094085693 23.5133361816
obstacle
0.133696958423
262.938110352 159.141769409 119.76550293 60.9398498535
obstacle
0.127350345254
322.512817383 204.384933472 37.5383300781 32.3392028809
obstacle
0.117046944797
323.363220215 206.838302612 29.2131347656 25.4447021484
obstacle
0.112613961101
289.595794678 177.727294922 77.9842529297 35.3857421875
obstacle
0.101754158735
436.410827637 190.06552124 15.1775512695 21.9011535645
obstacle
0.100635178387
333.495330811 209.036972046 21.6724853516 25.1714782715
