obstacle
0.817487597466
228.169433594 163.536621094 66.8721313477 26.1096191406
obstacle
0.801104128361
222.681213379 157.527694702 72.6376953125 27.9183959961
obstacle
0.744886696339
407.541107178 78.4718551636 45.8987426758 20.4107208252
obstacle
0.726635575294
192.181762695 162.913116455 158.981567383 28.4479064941
obstacle
0.706074655056
226.405044556 162.494628906 78.3462371826 30.8732299805
obstacle
0.63719779253
411.707122803 80.5677566528 25.3051757812 20.7250823975
obstacle
0.63487547636
203.897338867 162.937698364 159.438110352 22.4486694336
obstacle
0.599333226681
197.065795898 161.353683472 125.500183105 25.4060058594
obstacle
0.581557273865
199.453796387 159.942520142 135.958374023 31.226776123
obstacle
0.58035337925
201.223876953 165.458236694 158.586853027 24.2134399414
obstacle
0.58015114069
230.996383667 165.900726318 63.3538360596 24.9157409668
obstacle
0.567272663116
211.755096436 163.034500122 88.4675292969 28.1077880859
obstacle
0.540389299393
205.524978638 166.386001587 101.247177124 30.2694396973
obstacle
0.539369106293
201.885894775 168.316986084 147.206970215 22.2315673828
obstacle
0.538161993027
210.789642334 164.82862854 78.1877441406 24.854095459
obstacle
0.461583346128
411.559143066 80.0055236816 33.3301391602 21.0774230957
obstacle
0.4564627707
205.587295532 162.627029419 121.748214722 20.4540100098
obstacle
0.428385138512
403.711700439 79.8690872192 50.4873046875 23.968170166
obstacle
0.385992377996
246.749328613 163.919708252 52.1929931641 26.6432189941
obstacle
0.376268446445
406.440307617 76.9628295898 33.5712890625 20.3371124268
obstacle
0.371331930161
239.603118896 158.241607666 49.647644043 20.5790405273
obstacle
0.358032912016
230.593231201 163.306716919 82.3733520508 32.778503418
obstacle
0.351426362991
407.55947876 76.76121521 25.0405883789 18.0498657227
obstacle
0.304233908653
209.586975098 165.871871948 84.7817077637 27.3899841309
obstacle
0.288724690676
223.331985474 168.034988403 66.3322296143 22.539855957
obstacle
0.275040268898
199.23828125 162.598495483 104.655334473 23.2607116699
obstacle
0.265144377947
407.104034424 84.6134185791 42.047668457 19.1194763184
obstacle
0.246689960361
407.361724854 79.9068908691 29.6491699219 18.4379730225
obstacle
0.220236837864
295.496490479 155.242126465 61.737121582 30.7932128906
obstacle
0.220236837864
287.652679443 159.138961792 63.3778076172 24.6311340332
obstacle
0.219934567809
416.318389893 82.8497619629 34.0172119141 21.360458374
obstacle
0.214529305696
229.626754761 162.280670166 77.7806243896 28.2196960449
obstacle
0.208285242319
232.347045898 155.453659058 54.3048095703 22.9368896484
obstacle
0.171297550201
245.619247437 163.459609985 45.5789642334 18.9483337402
obstacle
0.163445696235
221.008529663 156.663208008 57.4191131592 21.7372436523
obstacle
0.163257107139
219.777450562 166.80015564 57.0529327393 23.4403991699
obstacle
0.1612072438
410.417388916 81.3004226685 34.7736206055 22.8509368896
obstacle
0.149620816112
402.825958252 78.1151809692 38.9663696289 31.4518890381
obstacle
0.147502437234
213.871109009 159.806930542 58.6200408936 22.5748291016
obstacle
0.142048925161
405.075500488 83.4441299438 39.7833251953 26.4449005127
obstacle
0.133154466748
407.650878906 74.513130188 23.5671386719 19.7178955078
obstacle
0.128656730056
151.278320312 157.913040161 258.472106934 43.4149475098
obstacle
0.125986471772
407.723052979 72.0083770752 25.7502441406 22.276184082
obstacle
0.125986471772
407.555664062 77.0911483765 29.3157958984 20.7331390381
obstacle
0.125456795096
236.052520752 156.222366333 56.7617797852 26.8819885254
obstacle
0.121584035456
405.771881104 72.0679397583 32.9415283203 24.915222168
obstacle
0.119455933571
204.39151001 167.720596313 75.7872924805 23.4755554199
obstacle
0.117601744831
408.444458008 76.1039657593 35.4221801758 28.7279052734
obstacle
0.11653418839
418.769500732 84.7129440308 26.1262817383 18.8618927002
obstacle
0.111997649074
219.208618164 162.424728394 174.523498535 23.2280273438
obstacle
0.110937140882
240.659606934 155.684356689 45.2843017578 20.4044799805
obstacle
0.105226181448
406.229705811 76.2296600342 24.8917236328 17.4196014404
obstacle
0.103618174791
293.288879395 155.102859497 59.8860473633 28.823059082
obstacle
0.103618174791
285.385437012 159.028488159 61.4766845703 23.0684814453
obstacle
0.102224238217
232.591445923 151.35559082 50.1624298096 24.1743774414
obstacle
0.100050903857
210.473342896 162.118301392 58.9994049072 20.0766906738
