obstacle
0.840618431568
33.4518051147 107.234771729 131.569946289 37.5684051514
obstacle
0.763025939465
38.8044433594 112.876228333 134.862701416 31.9994125366
obstacle
0.470544457436
31.2998199463 112.465881348 131.761871338 33.0052490234
obstacle
0.405452519655
126.527603149 156.276092529 373.472412109 115.35345459
obstacle
0.393415302038
203.84375 144.448150635 243.672546387 135.551849365
obstacle
0.391628503799
160.354095459 156.660308838 339.645904541 123.339691162
obstacle
0.326786071062
52.1307983398 118.979064941 108.742752075 36.6299438477
obstacle
0.316127210855
332.269073486 227.900054932 57.9868164062 45.1514892578
obstacle
0.299863010645
64.8113708496 116.370384216 95.0564117432 32.361076355
obstacle
0.288668900728
319.573486328 216.793167114 75.4060058594 45.6496429443
obstacle
0.285113066435
100.560852051 163.137359619 399.439147949 116.862640381
obstacle
0.274636387825
345.82598877 223.721908569 38.9303588867 33.5143585205
obstacle
0.262835890055
302.285888672 156.39074707 105.310546875 123.598388672
obstacle
0.262041628361
300.281890869 219.867294312 140.098815918 57.8824920654
obstacle
0.261666238308
164.03338623 147.375946045 218.828796387 129.50189209
obstacle
0.261543601751
101.794891357 223.829650879 59.7793273926 50.0628662109
obstacle
0.254220664501
319.345336914 160.028717041 103.271179199 119.971282959
obstacle
0.253044635057
322.761810303 218.612121582 84.1630859375 49.6178588867
obstacle
0.252341300249
321.850952148 215.999450684 65.6064453125 51.2943725586
obstacle
0.252120196819
56.5971336365 249.437866211 58.5495948792 30.5621337891
obstacle
0.249639764428
340.445770264 226.517150879 55.8368530273 45.5340576172
obstacle
0.239975675941
210.791244507 152.47428894 289.208740234 127.52571106
obstacle
0.237661510706
35.263584137 112.665626526 96.8846282959 37.9430618286
obstacle
0.236112579703
351.98135376 221.802276611 40.7850952148 36.7534179688
obstacle
0.231854125857
150.568908691 133.783950806 318.010986328 141.319747925
obstacle
0.22701510787
42.0466423035 108.882911682 93.8303833008 37.6017837524
obstacle
0.222472012043
320.724395752 223.596115112 87.1734008789 50.4214935303
obstacle
0.21841879189
305.278411865 218.660552979 85.1248168945 45.4761047363
obstacle
0.217789888382
341.617614746 233.904418945 71.2716064453 39.8616638184
obstacle
0.210008472204
90.5057983398 149.218658447 409.49420166 114.29119873
obstacle
0.207334697247
118.306472778 230.021682739 43.8852233887 42.8654022217
obstacle
0.201350405812
300.164978027 239.806228638 126.417785645 33.9992523193
obstacle
0.199297279119
340.653930664 221.327606201 55.6245727539 44.0402832031
obstacle
0.194837033749
315.674468994 217.831069946 66.7258300781 50.7581939697
obstacle
0.190581634641
306.149017334 215.349502563 96.2563476562 54.61277771
obstacle
0.189149230719
323.341644287 227.377166748 85.8161010742 49.799621582
obstacle
0.187538743019
44.4863166809 110.810661316 105.470550537 43.8503494263
obstacle
0.187498539686
335.625762939 224.286010742 36.3760375977 30.6081848145
obstacle
0.185102209449
312.104187012 192.481948853 65.0492553711 55.8499755859
obstacle
0.184074744582
368.622802734 179.917907715 50.7287597656 39.3434143066
obstacle
0.180213555694
115.377319336 235.930160522 51.0103759766 41.0652923584
obstacle
0.179859593511
303.850036621 221.217483521 100.050598145 53.7354278564
obstacle
0.178871244192
333.136932373 223.472457886 55.7359619141 43.8199005127
obstacle
0.170806840062
326.051055908 222.844665527 88.4762573242 57.1553344727
obstacle
0.168567791581
331.957427979 215.270141602 77.7212524414 60.6217651367
obstacle
0.167849719524
317.343505859 217.439483643 85.5260009766 61.7937011719
obstacle
0.163831040263
345.52645874 224.090988159 57.2249145508 53.4144744873
obstacle
0.158123373985
335.750457764 221.362670898 69.1076660156 50.4048156738
obstacle
0.156999781728
318.169616699 199.76751709 59.2221069336 58.6427001953
obstacle
0.153463050723
108.343589783 224.814727783 54.3740158081 55.1852722168
obstacle
0.152762591839
333.286956787 235.340179443 69.2031860352 34.2864685059
obstacle
0.149647414684
323.659179688 193.929702759 57.4293823242 57.3083496094
obstacle
0.148969814181
307.199859619 236.384292603 108.524536133 35.2165985107
obstacle
0.148665353656
307.497039795 196.902069092 82.2815551758 60.1651306152
obstacle
0.144626021385
298.768432617 227.335327148 115.864990234 48.9851074219
obstacle
0.144454330206
352.046325684 185.253387451 65.9869384766 37.297454834
obstacle
0.143941655755
109.777938843 168.311676025 329.640197754 100.752624512
obstacle
0.14163531363
16.0751419067 89.3487167358 161.15625 88.3294448853
obstacle
0.14011476934
336.914886475 213.725158691 60.7652587891 62.1268920898
obstacle
0.139009878039
328.214538574 222.46043396 76.1480712891 50.2393035889
obstacle
0.138420045376
293.799682617 165.440856934 109.318847656 114.559143066
obstacle
0.137838944793
347.949859619 218.043807983 52.1831054688 53.5048675537
obstacle
0.13734510541
333.449890137 220.220199585 67.18359375 59.779800415
obstacle
0.135720893741
286.326599121 212.733322144 132.067077637 61.5529937744
obstacle
0.132697612047
328.150390625 168.003341675 106.970397949 111.996658325
obstacle
0.130488961935
112.509880066 238.783737183 51.2112808228 38.8541412354
obstacle
0.129508137703
304.65637207 220.87713623 91.7447509766 50.1767883301
obstacle
0.129368886352
335.458435059 226.476013184 36.8597412109 31.0567016602
obstacle
0.129339635372
315.702545166 221.510925293 76.5458984375 39.6058044434
obstacle
0.128819212317
309.230865479 195.979217529 69.0102539062 50.6058044434
obstacle
0.128359019756
139.635025024 172.0362854 325.75567627 94.499206543
obstacle
0.128263920546
294.468505859 231.903045654 134.16027832 46.5348510742
obstacle
0.128197014332
284.574310303 224.731781006 141.94708252 54.8899841309
obstacle
0.128052204847
320.263793945 220.755325317 65.1056518555 46.5365753174
obstacle
0.127998948097
318.93371582 223.936279297 82.2369384766 46.8790283203
obstacle
0.127673581243
37.5328216553 116.034286499 97.1922607422 38.5954589844
obstacle
0.12715524435
253.315856934 162.907806396 246.684143066 117.092193604
obstacle
0.125778704882
322.364074707 212.17024231 75.6226196289 59.9103240967
obstacle
0.125600874424
275.222167969 148.409484863 224.777832031 131.075500488
obstacle
0.12518145144
65.1914978027 260.031768799 81.8179931641 19.9682312012
obstacle
0.124369628727
306.884033203 170.420471191 111.728515625 109.579528809
obstacle
0.124179072678
111.714797974 182.339477539 343.228027344 92.3594970703
obstacle
0.124128773808
318.384216309 221.613769531 79.2548828125 45.6204833984
obstacle
0.121779426932
303.227905273 223.663955688 88.5994262695 38.2376556396
obstacle
0.120448820293
146.320602417 170.094421387 347.78729248 109.905578613
obstacle
0.119398869574
200.209411621 169.916748047 286.519470215 94.9627990723
obstacle
0.119340889156
313.967224121 223.18409729 68.0193481445 42.6946868896
obstacle
0.118478834629
340.091064453 227.115539551 50.5346069336 44.5317077637
obstacle
0.118306167424
332.513336182 228.67779541 52.9252319336 41.9235534668
obstacle
0.117915324867
70.4244537354 153.673583984 418.734130859 120.63168335
obstacle
0.116876110435
321.441070557 221.541534424 66.694152832 51.152923584
obstacle
0.115598641336
324.707000732 219.95892334 81.0525512695 59.6969299316
obstacle
0.115557976067
63.1263618469 258.598876953 75.7574005127 21.4011230469
obstacle
0.114420354366
303.561279297 222.845108032 90.3171386719 44.586227417
obstacle
0.113877817988
347.26864624 222.210617065 38.5802612305 48.8555145264
obstacle
0.112048640847
323.453613281 227.385742188 77.6553955078 47.8226013184
obstacle
0.111993610859
297.274047852 240.49647522 115.823364258 31.7755279541
obstacle
0.111554548144
315.890228271 204.140518188 63.073425293 51.9461364746
obstacle
0.109860382974
338.99911499 225.699935913 41.9949951172 45.9319000244
obstacle
0.109857112169
320.790344238 203.023330688 64.7700195312 54.8494415283
obstacle
0.109427012503
301.28994751 222.359039307 103.622802734 57.6409606934
obstacle
0.109118960798
330.549285889 220.57585144 65.7849731445 51.4657745361
obstacle
0.107616536319
281.992828369 223.80480957 148.452087402 48.4335632324
obstacle
0.106086812913
246.279937744 186.591247559 64.9296875 30.6879272461
obstacle
0.106071487069
299.418151855 200.625534058 93.1920776367 55.1012878418
obstacle
0.105928622186
91.6885223389 141.349716187 404.464233398 134.766616821
obstacle
0.105545990169
258.93927002 129.820770264 208.467224121 150.179229736
obstacle
0.10548517108
115.563499451 230.057312012 64.2845840454 45.4190673828
obstacle
0.105139873922
99.4558563232 228.175872803 60.8247680664 43.9773864746
obstacle
0.10297062993
238.665847778 202.153198242 79.7278289795 51.4229431152
obstacle
0.102281264961
168.469314575 136.291519165 331.530700684 131.485397339
obstacle
0.102246008813
292.460113525 225.982620239 150.126464844 54.0173797607
obstacle
0.101820513606
358.205383301 224.58102417 40.0767211914 42.1350402832
obstacle
0.101764008403
315.843566895 218.137634277 78.8464355469 57.492767334
obstacle
0.101682327688
288.607452393 232.123825073 125.671203613 44.3090362549
obstacle
0.101570896804
353.163848877 229.620941162 43.3165283203 38.441192627
obstacle
0.100804530084
248.808929443 206.022216797 76.7994384766 47.0148925781
