obstacle
0.988142073154
272.8125 153.593673706 70.1592407227 23.8572998047
obstacle
0.987315535545
135.093109131 189.556991577 162.60546875 56.5636901855
obstacle
0.986346423626
117.038108826 191.993392944 167.564819336 45.5073242188
obstacle
0.982367038727
263.161499023 149.263931274 78.2598266602 26.9306030273
obstacle
0.981520593166
122.759147644 184.596832275 163.286651611 58.1250305176
obstacle
0.979243695736
122.271026611 187.539245605 158.766021729 44.8167419434
obstacle
0.974277257919
137.450759888 187.872131348 158.355880737 50.3026733398
obstacle
0.972961902618
122.018074036 193.111572266 168.70614624 41.3444213867
obstacle
0.971936583519
273.517333984 149.822402954 67.7377319336 24.0153503418
obstacle
0.965444922447
117.326316833 188.483718872 177.918487549 40.7841186523
obstacle
0.955849409103
265.834197998 151.985305786 70.7705688477 20.6023864746
obstacle
0.952705264091
261.72088623 154.1612854 75.9292602539 24.0008239746
obstacle
0.951155245304
250.729385376 156.361206055 102.547714233 23.8622436523
obstacle
0.944470882416
276.737762451 155.504776001 61.7061157227 24.6037902832
obstacle
0.942215323448
154.749404907 191.140045166 127.612503052 49.7037963867
obstacle
0.941570401192
277.848480225 161.067733765 54.0629882812 21.4255981445
obstacle
0.926964700222
255.212051392 151.470321655 87.6562042236 23.6934509277
obstacle
0.925467252731
24.7615718842 136.439208984 31.7538928986 19.3116760254
obstacle
0.924263596535
17.9987354279 135.043197632 33.2385787964 20.4779052734
obstacle
0.922116279602
258.801177979 149.940124512 84.151184082 22.1766357422
obstacle
0.919245302677
108.181015015 185.553314209 196.722427368 58.6433410645
obstacle
0.918617844582
267.596984863 154.77835083 69.6062011719 20.0650939941
obstacle
0.914787530899
16.7455158234 132.829238892 48.2797546387 17.8197631836
obstacle
0.914787530899
13.3357906342 135.793029785 47.4728622437 17.1813659668
obstacle
0.909151852131
154.018539429 180.831054688 128.873245239 62.9536132812
obstacle
0.900162577629
25.9462356567 131.615219116 28.210647583 19.8890991211
obstacle
0.893602371216
144.728393555 184.590759277 134.993499756 60.0197143555
obstacle
0.873111307621
279.110015869 146.960754395 51.9797363281 22.4226379395
obstacle
0.871623456478
120.402618408 178.851608276 165.403503418 80.4401397705
obstacle
0.870259344578
171.83744812 183.768081665 103.329391479 59.3147888184
obstacle
0.868437409401
14.6486110687 129.414459229 54.0499649048 20.1776428223
obstacle
0.866255819798
23.6783924103 134.888580322 35.1218185425 18.0490112305
obstacle
0.865475654602
159.521606445 185.248092651 130.584503174 59.6475830078
obstacle
0.859734475613
115.926109314 177.752655029 189.356781006 63.5259399414
obstacle
0.845239639282
282.596740723 159.685287476 48.7327270508 20.5282287598
obstacle
0.845239639282
272.97164917 153.838699341 64.2029418945 22.0087280273
obstacle
0.841036558151
20.5168609619 133.933044434 35.9325485229 16.1854248047
obstacle
0.807236373425
116.866706848 184.587432861 155.985809326 40.1666870117
obstacle
0.792964220047
90.1986923218 188.588897705 214.514190674 50.21875
obstacle
0.787757873535
171.275405884 188.88633728 99.4075469971 44.6300354004
obstacle
0.787222743034
22.2896652222 138.391845703 31.5651626587 18.2530822754
obstacle
0.784893095493
244.780822754 148.073104858 98.5737915039 27.8425292969
obstacle
0.768170177937
25.0089225769 137.65385437 25.2284317017 18.1303710938
obstacle
0.756627321243
122.878692627 191.183914185 101.646209717 26.4215698242
obstacle
0.748820662498
277.117553711 160.595413208 43.8072509766 18.4729614258
obstacle
0.746095955372
19.4013557434 129.562759399 37.6502075195 18.5364685059
obstacle
0.738983631134
132.207427979 174.64944458 171.762695312 80.4143981934
obstacle
0.734394013882
122.882766724 188.595840454 92.6227722168 29.4044494629
obstacle
0.729897916317
25.9396591187 129.874404907 23.7449035645 18.9852905273
obstacle
0.711052536964
97.7930831909 180.23085022 200.846160889 55.5371704102
obstacle
0.709433078766
212.725341797 112.945358276 33.5537109375 17.30519104
obstacle
0.667969286442
284.897003174 157.893707275 49.1084594727 19.616027832
obstacle
0.65768802166
128.203643799 187.840057373 115.810058594 32.1527099609
obstacle
0.657092213631
28.587053299 132.196151733 30.1090831757 16.0354309082
obstacle
0.643354415894
121.255615234 189.159927368 112.124725342 33.2220153809
obstacle
0.632173836231
125.49634552 186.197341919 99.0284042358 34.65234375
obstacle
0.58257496357
144.409332275 180.573043823 131.863708496 57.4456176758
obstacle
0.57256937027
126.188789368 182.101715088 170.698791504 58.2161560059
obstacle
0.567295968533
107.946746826 180.457992554 229.063812256 67.1499328613
obstacle
0.511406898499
275.310119629 161.019683838 30.8489990234 18.0014648438
obstacle
0.507365942001
172.206954956 187.541549683 106.146621704 50.9295043945
obstacle
0.488273382187
130.465789795 192.586791992 62.2796936035 21.606628418
obstacle
0.481933295727
148.469848633 189.580917358 130.944213867 44.0530395508
obstacle
0.46000829339
272.108123779 144.258773804 54.3854980469 24.4342651367
obstacle
0.453260451555
136.000030518 184.831314087 151.935882568 43.1682128906
obstacle
0.447254657745
126.337036133 186.046066284 120.913726807 38.0864562988
obstacle
0.442544311285
179.871734619 189.084136963 96.9221496582 48.0848999023
obstacle
0.429527789354
272.923583984 156.146942139 27.0121459961 18.1498718262
obstacle
0.398279249668
132.403869629 184.953170776 71.5992736816 28.0799255371
obstacle
0.381719321012
135.812164307 182.193328857 142.916229248 53.9013671875
obstacle
0.380827158689
12.7862358093 123.534454346 58.0130805969 20.9334106445
obstacle
0.376591622829
201.533416748 118.528556824 53.7360839844 16.8192977905
obstacle
0.376591622829
201.560852051 113.544891357 52.952331543 18.8959503174
obstacle
0.372204720974
134.039031982 183.027587891 114.900543213 44.9067687988
obstacle
0.367025285959
262.85333252 157.961105347 65.4166259766 20.5900268555
obstacle
0.346162348986
208.16557312 120.416313171 29.3873596191 16.5081558228
obstacle
0.342588037252
235.667282104 153.843856812 29.9558868408 25.7926330566
obstacle
0.339010834694
214.68888855 114.471008301 37.9973754883 19.9752960205
obstacle
0.338510841131
12.5079593658 129.312225342 54.6694641113 18.8391723633
obstacle
0.334315687418
239.504547119 160.963668823 20.7934570312 23.7600402832
obstacle
0.328940868378
234.249313354 165.050827026 33.62840271 19.4206237793
obstacle
0.328940868378
241.798721313 157.645019531 25.2247161865 23.1266784668
obstacle
0.326906621456
230.94883728 157.971893311 30.2171783447 20.069152832
obstacle
0.318542718887
239.951950073 162.547302246 27.1404266357 23.1077880859
obstacle
0.317398816347
89.7964553833 187.898757935 224.959533691 56.2069091797
obstacle
0.314340591431
283.055206299 145.7293396 42.5883789062 19.2790222168
obstacle
0.312608033419
240.474578857 157.284851074 20.6335144043 25.2553100586
obstacle
0.30583781004
283.86138916 162.376800537 38.9758300781 16.644317627
obstacle
0.261141240597
196.422576904 112.380737305 74.9024963379 21.7745513916
obstacle
0.259152501822
244.1512146 153.656326294 20.2720031738 20.1910400391
obstacle
0.257963180542
146.568893433 188.819015503 119.577194214 41.3903198242
obstacle
0.257783830166
237.338562012 148.356231689 31.2900085449 19.8332519531
obstacle
0.256089687347
282.913574219 142.671981812 44.1565551758 19.9745788574
obstacle
0.255840271711
241.222381592 159.138305664 24.196472168 24.1868286133
obstacle
0.255729049444
235.839004517 162.88848877 30.2878570557 19.6805114746
obstacle
0.255729049444
242.978988647 155.047653198 22.7445526123 23.4388427734
obstacle
0.250443816185
230.457580566 153.282623291 51.7075195312 26.9458618164
obstacle
0.242761105299
122.013412476 188.740509033 85.5736694336 31.286529541
obstacle
0.235340207815
127.456130981 189.886352539 47.1504821777 20.0512084961
obstacle
0.232704520226
237.207458496 150.957580566 26.7364501953 26.6440734863
obstacle
0.230841010809
154.187103271 183.201446533 84.6314697266 52.2915344238
obstacle
0.230570361018
156.054443359 186.933883667 131.869750977 50.2027282715
obstacle
0.227898105979
239.32711792 159.72706604 22.5197753906 25.2698364258
obstacle
0.22446654737
227.732421875 156.095703125 58.4176635742 26.279510498
obstacle
0.224211916327
137.118591309 197.5050354 44.283782959 19.0377502441
obstacle
0.218701839447
238.148071289 164.110916138 23.1705932617 23.2695922852
obstacle
0.217474237084
230.394332886 161.570449829 49.422744751 22.699005127
obstacle
0.20768584311
192.90612793 110.362854004 64.1087646484 19.0816345215
obstacle
0.206200882792
246.110977173 162.436004639 30.4282989502 18.6580200195
obstacle
0.200617536902
276.619812012 147.538085938 42.7011108398 19.9401550293
obstacle
0.197486564517
204.811828613 114.773742676 56.1933288574 22.7594146729
obstacle
0.194109022617
229.270095825 160.253509521 32.5710296631 19.9030151367
obstacle
0.193503335118
247.42086792 159.903213501 27.9138793945 20.4721984863
obstacle
0.19319960475
124.744514465 196.206954956 66.9907150269 24.1536865234
obstacle
0.176620155573
236.316757202 150.565124512 33.4690704346 18.6128845215
obstacle
0.172045379877
276.70803833 138.346893311 46.1860961914 25.532623291
obstacle
0.171541422606
243.492675781 155.65826416 21.5284423828 19.445892334
obstacle
0.164178013802
11.0260047913 138.799224854 48.2865447998 16.1205444336
obstacle
0.158868148923
250.13041687 165.850814819 26.5251312256 17.9067382812
obstacle
0.155838266015
180.695007324 186.78678894 92.003112793 45.5316467285
obstacle
0.149665012956
23.0823154449 119.250274658 45.7628936768 26.0162963867
obstacle
0.14835806191
22.3097019196 124.352088928 46.9110107422 21.6945114136
obstacle
0.143183633685
285.399963379 137.478927612 39.3336181641 21.4836730957
obstacle
0.142573133111
285.987731934 141.120758057 37.0801391602 20.1913146973
obstacle
0.140718847513
226.705917358 164.492645264 56.3205413818 20.2304077148
obstacle
0.13162843883
251.352874756 162.467269897 23.9805297852 21.0039672852
obstacle
0.127608180046
273.937530518 146.620193481 36.4711303711 17.5802612305
obstacle
0.123980596662
227.837936401 154.913467407 55.2535247803 26.3879699707
obstacle
0.122297123075
285.745391846 145.951385498 48.1162719727 20.0749816895
obstacle
0.119924388826
229.285339355 158.98815918 31.0793762207 19.6286315918
obstacle
0.118863008916
240.628723145 156.846038818 18.8125610352 28.4593200684
obstacle
0.118537865579
244.914718628 152.837417603 18.1619110107 22.6084594727
obstacle
0.115679174662
279.027557373 143.346603394 39.1689453125 21.3627319336
obstacle
0.115029677749
154.829238892 174.34954834 83.0535583496 49.0246887207
obstacle
0.113705657423
230.040924072 158.17326355 28.3659057617 22.0123291016
obstacle
0.113565631211
288.603546143 140.495254517 41.6573486328 21.4431762695
obstacle
0.112706117332
144.092193604 167.967041016 171.770690918 79.6979980469
obstacle
0.112247765064
253.238174438 158.186065674 24.9226837158 17.3426818848
obstacle
0.112247765064
252.715515137 161.54486084 25.8384399414 18.9323425293
obstacle
0.110867448151
238.201889038 162.485733032 21.5136566162 24.5303649902
obstacle
0.108273819089
229.933166504 153.004470825 48.9876403809 30.4924621582
obstacle
0.107997648418
238.016921997 148.000793457 29.120803833 21.7487792969
obstacle
0.107990838587
225.728057861 162.615066528 54.5581054688 22.7339477539
obstacle
0.107696354389
239.208557129 160.235076904 19.673248291 27.9034118652
obstacle
0.106858983636
237.417694092 150.587463379 26.0708618164 29.7862548828
obstacle
0.105524070561
240.168960571 160.886535645 25.4485015869 24.944732666
obstacle
0.105476297438
235.969528198 162.579864502 29.0246124268 21.8212280273
obstacle
0.105476297438
243.075881958 154.676956177 21.8066558838 26.0102233887
obstacle
0.103986419737
146.693237305 181.111450195 65.1973876953 38.9989013672
obstacle
0.103163212538
275.053894043 143.237014771 34.5287475586 19.0866699219
obstacle
0.100484743714
254.118927002 158.54524231 23.2844848633 21.9632873535
obstacle
0.100484743714
254.589859009 155.452362061 22.4628753662 20.1049499512
