obstacle
0.189939722419
20.8874664307 112.855995178 372.742736816 220.144012451
obstacle
0.186753675342
210.478820801 158.355178833 76.3950805664 57.588470459
obstacle
0.185244232416
114.784896851 149.24029541 47.9101867676 94.8728637695
obstacle
0.185111522675
59.3153762817 116.401565552 186.28704834 115.206542969
obstacle
0.184786662459
89.091293335 162.816818237 48.482925415 79.770324707
obstacle
0.184544444084
161.75970459 152.051086426 72.9772033691 68.6613769531
obstacle
0.184458449483
167.626037598 112.735397339 185.976318359 96.7779541016
obstacle
0.183977171779
201.6927948 189.783493042 165.204360962 143.216506958
obstacle
0.18376621604
291.315246582 92.2900085449 89.2211303711 232.251312256
obstacle
0.183444008231
141.480392456 143.383773804 44.1265258789 99.2402038574
obstacle
0.183037802577
298.057983398 177.591201782 45.9389038086 105.695480347
obstacle
0.18301948905
276.007080078 141.317199707 79.2706298828 66.1791687012
obstacle
0.182728305459
27.4795837402 2.0828704834 133.777404785 320.620178223
obstacle
0.182093694806
329.380859375 12.8305664062 132.387390137 320.169433594
obstacle
0.181795299053
325.347625732 172.715942383 47.8035888672 100.308410645
obstacle
0.181713998318
246.001602173 121.708305359 103.833328247 50.0780563354
obstacle
0.181605532765
262.229980469 197.709854126 45.3776855469 93.8091278076
obstacle
0.181503355503
136.100265503 123.105110168 73.9866027832 68.6498031616
obstacle
0.181260436773
252.686920166 138.579559326 202.204162598 111.974182129
obstacle
0.180683985353
411.744659424 162.413711548 47.4545898438 106.058029175
obstacle
0.180509656668
218.289733887 208.714935303 49.3338928223 80.3852844238
obstacle
0.180438101292
252.877319336 148.528411865 49.3021850586 86.1021728516
obstacle
0.180360257626
157.64654541 0.427719116211 137.368164062 316.822814941
obstacle
0.178761065006
126.788742065 185.199493408 119.968688965 147.800506592
obstacle
0.178726568818
308.491668701 97.5267944336 53.1304321289 93.4750671387
obstacle
0.177587166429
440.707519531 161.289321899 47.5063476562 101.636947632
obstacle
0.177022457123
238.859191895 107.619171143 50.8184204102 94.6831665039
obstacle
0.176219716668
442.340942383 14.6320343018 57.6590576172 308.242797852
obstacle
0.175888389349
310.88571167 162.461761475 109.95489502 59.0519104004
obstacle
0.175813674927
481.406036377 148.887298584 18.593963623 184.112701416
obstacle
0.175812318921
239.076400757 187.13269043 48.9131622314 82.6813964844
obstacle
0.175688713789
69.0925292969 139.786804199 76.0953826904 64.887298584
obstacle
0.175482839346
369.282653809 187.881164551 130.717346191 145.118835449
obstacle
0.175390377641
429.552307129 111.153274536 53.2968139648 106.948638916
obstacle
0.174205616117
278.238952637 5.46369171143 221.761047363 131.413604736
obstacle
0.173958450556
183.840087891 188.4715271 85.4688720703 60.0275878906
obstacle
0.173568025231
8.79427337646 4.06258773804 213.21685791 110.444335938
obstacle
0.172274067998
346.014862061 141.102111816 44.0524902344 112.916168213
obstacle
0.170150995255
408.492095947 272.71395874 91.5079040527 60.2860412598
obstacle
0.165256634355
177.353729248 95.9374771118 54.1988525391 88.7462692261
