obstacle
0.189775004983
1.28932952881 28.2824440002 35.1902770996 100.69241333
obstacle
0.187162265182
5.59565734863 8.58599090576 326.174743652 112.622390747
obstacle
0.18523439765
93.0123138428 7.61853027344 156.718353271 300.097015381
obstacle
0.184669479728
91.5427932739 142.369384766 183.487640381 92.7663574219
obstacle
0.183876737952
0.017707824707 0.0627021789551 70.7468490601 39.1620292664
obstacle
0.183328598738
144.00201416 7.88531494141 300.97052002 291.527709961
obstacle
0.182053923607
23.7488250732 24.5564346313 67.8634643555 73.4935684204
obstacle
0.181861191988
50.8108596802 94.0428161621 108.31603241 237.957183838
obstacle
0.181611567736
363.407165527 8.16693878174 136.592834473 213.221679688
obstacle
0.181550353765
256.774139404 68.7691955566 196.894165039 103.941589355
obstacle
0.180189430714
192.14251709 131.730026245 157.725708008 103.912811279
obstacle
0.180173516273
215.998840332 31.5042800903 175.81451416 94.2238769531
obstacle
0.179929867387
183.053894043 135.772491455 46.6477966309 93.2659606934
obstacle
0.179075434804
432.74307251 6.71017074585 67.2569274902 116.254241943
obstacle
0.178472071886
167.242523193 0.901916503906 72.0520629883 40.6022567749
obstacle
0.177975744009
286.412902832 84.8919219971 121.878051758 247.108078003
obstacle
0.177550449967
144.801574707 97.1728897095 52.8987426758 88.616569519
obstacle
0.177468448877
437.881103516 60.8570098877 43.2302856445 93.1928100586
obstacle
0.177327588201
250.814926147 1.59676933289 157.167251587 46.8095779419
obstacle
0.177102148533
451.56842041 171.568740845 48.4315795898 160.431259155
obstacle
0.176969632506
307.856170654 73.057723999 50.2754516602 83.9937896729
obstacle
0.176924631
2.86715698242 1.91746520996 111.408805847 245.758056641
obstacle
0.176851972938
1.43474960327 210.73085022 45.606098175 121.26914978
obstacle
0.176058337092
135.770446777 75.1255264282 178.919952393 98.6979598999
obstacle
0.176031336188
1.4832611084 180.48336792 310.535461426 151.51663208
obstacle
0.175882980227
92.5280303955 1.41221237183 186.590560913 54.8136253357
obstacle
0.175562828779
7.68017578125 0.990093231201 149.431259155 54.8605079651
obstacle
0.175356850028
484.928741455 182.571960449 15.0712585449 149.428039551
obstacle
0.175229921937
346.601959229 73.5974960327 47.8168945312 91.6869888306
obstacle
0.175226822495
399.240600586 114.353790283 95.0425415039 44.2693786621
obstacle
0.174917012453
239.010925293 103.428253174 50.3311767578 96.3882751465
obstacle
0.174714744091
215.307525635 119.854049683 49.9299316406 88.0819091797
obstacle
0.174627408385
339.236022949 208.72833252 160.763977051 123.27166748
obstacle
0.173869892955
262.646514893 115.937416077 100.926025391 48.7534255981
obstacle
0.173240229487
411.279296875 272.873474121 88.720703125 59.1265258789
obstacle
0.172737956047
374.038116455 138.463729858 103.625854492 48.7881164551
obstacle
0.171403199434
44.9834022522 0.0 53.0453300476 46.4461212158
obstacle
0.169999688864
414.605010986 0.0 83.5249633789 48.03490448
obstacle
0.168229207397
160.797027588 112.652381897 101.029327393 52.2964706421
obstacle
0.162614315748
203.266021729 180.05355835 167.471862793 151.94644165
