obstacle
0.182887092233
239.089584351 104.672462463 83.7296295166 223.594604492
obstacle
0.182404965162
58.462890625 183.164520264 166.597839355 149.835479736
obstacle
0.181057393551
154.512969971 153.091827393 123.389251709 179.908172607
obstacle
0.180464267731
266.262756348 62.003112793 139.440063477 270.996887207
obstacle
0.179005980492
201.649108887 87.9603118896 58.4820861816 104.461975098
obstacle
0.178550541401
250.828216553 90.2913818359 50.1059570312 104.838409424
obstacle
0.178381726146
7.09252929688 21.3183288574 329.610015869 311.681671143
obstacle
0.17715741694
251.752883911 221.891143799 102.052352905 49.2137145996
obstacle
0.177090570331
178.017578125 1.69017219543 152.528625488 48.8034362793
obstacle
0.177020147443
272.264587402 195.521514893 106.387878418 48.7620849609
obstacle
0.176916509867
91.6676254272 1.57570266724 152.264099121 52.4182472229
obstacle
0.176535576582
474.278442383 281.03112793 25.7215576172 51.9688720703
obstacle
0.176448866725
176.727172852 225.377593994 102.550598145 49.3778076172
obstacle
0.176225304604
466.653259277 0.680959701538 33.3467407227 47.7480926514
obstacle
0.176216825843
287.075775146 1.31632995605 151.70123291 49.6417922974
obstacle
0.176047936082
2.74473953247 0.9294090271 53.8281936646 29.8859405518
obstacle
0.175998747349
198.627990723 167.335754395 79.3288574219 66.1473999023
obstacle
0.175944745541
1.95344924927 120.793045044 37.3088722229 99.1552124023
obstacle
0.175820171833
4.18171310425 3.06460952759 103.360748291 68.2613677979
obstacle
0.175647348166
332.235443115 205.999801636 167.764556885 127.000198364
obstacle
0.175599977374
484.635162354 114.224060059 15.3648376465 218.775939941
obstacle
0.175525277853
355.196075439 91.58543396 51.3153076172 103.585296631
obstacle
0.175519794226
260.355407715 20.8835792542 55.9920654297 117.184555054
obstacle
0.175492182374
370.674285889 4.38823318481 129.325714111 128.687637329
obstacle
0.175244882703
449.436126709 220.638259888 50.563873291 112.361740112
obstacle
0.174715057015
6.10074615479 7.63885498047 110.848617554 264.950592041
obstacle
0.174632504582
289.736907959 99.3465652466 47.0684204102 97.7041549683
obstacle
0.174569770694
235.940948486 185.302047729 80.0147094727 61.9320373535
obstacle
0.174355447292
1.03175354004 3.73647689819 32.1314697266 86.4049530029
obstacle
0.17420758307
10.0140457153 4.72803878784 213.186828613 109.947479248
obstacle
0.173823207617
206.373718262 145.324661255 118.597412109 57.0098266602
obstacle
0.173820257187
2.24279022217 211.920455933 44.5436859131 121.079544067
obstacle
0.173348873854
442.184143066 8.53509521484 57.8158569336 300.999481201
obstacle
0.173164725304
15.9928150177 272.828308105 50.0307312012 60.1716918945
obstacle
0.172718137503
300.186676025 157.56211853 129.617919922 111.841781616
obstacle
0.171478226781
202.483901978 3.76053619385 286.776428223 178.307525635
