obstacle
0.18611061573
8.74842834473 156.709503174 164.750152588 109.278411865
obstacle
0.185705393553
245.566772461 15.3773345947 161.498168945 317.622680664
obstacle
0.184325844049
142.742340088 17.7427368164 158.640594482 315.257263184
obstacle
0.183492660522
13.9468421936 177.752914429 74.4516906738 71.4769897461
obstacle
0.182953968644
182.05039978 122.23651123 100.137710571 48.9844665527
obstacle
0.181669220328
160.657302856 181.930938721 51.0100708008 82.7446899414
obstacle
0.181455850601
66.5532684326 38.6229095459 146.011657715 294.377075195
obstacle
0.180831283331
122.567527771 125.577987671 176.177581787 95.0511474609
obstacle
0.180324360728
59.7436065674 174.953765869 46.6397399902 97.1774597168
obstacle
0.178300842643
255.211639404 113.76234436 43.9562988281 102.357727051
obstacle
0.178255036473
277.291442871 4.67295074463 222.708557129 154.794219971
obstacle
0.178104892373
479.649688721 140.851669312 20.3503112793 96.4637145996
obstacle
0.177937269211
463.137512207 80.5959014893 36.862487793 252.404098511
obstacle
0.177921682596
264.98651123 114.743843079 171.193847656 98.8869552612
obstacle
0.177515715361
80.6420288086 152.245895386 84.41065979 68.8904724121
obstacle
0.177405864
171.636138916 74.6455230713 201.686706543 112.496246338
obstacle
0.177367076278
118.406089783 89.2368774414 54.3722305298 89.0945129395
obstacle
0.177236840129
5.034324646 3.30197715759 96.2364196777 63.4945373535
obstacle
0.176886200905
101.99294281 175.050933838 179.927642822 112.41973877
obstacle
0.176874190569
392.496734619 144.887329102 107.503265381 98.7606201172
obstacle
0.176231399179
6.58120727539 8.16347503662 157.75440979 162.829284668
obstacle
0.176136001945
327.755737305 212.425689697 172.244262695 120.574310303
obstacle
0.175869613886
356.555847168 60.3840942383 97.2855834961 221.032928467
obstacle
0.175789698958
199.51272583 142.865890503 72.7849121094 61.5850524902
obstacle
0.175585314631
349.07925415 124.718856812 46.4485473633 95.3698425293
obstacle
0.174961790442
472.177337646 280.105316162 27.8226623535 52.8946838379
obstacle
0.174765944481
369.323272705 115.436317444 114.804870605 53.3079452515
obstacle
0.174149602652
132.785446167 143.543731689 50.0077819824 91.4129638672
obstacle
0.174057364464
17.6989250183 160.670440674 103.84916687 48.7606811523
obstacle
0.173083618283
95.9228744507 136.062408447 106.362586975 49.4492797852
obstacle
0.172678783536
172.566879272 123.39503479 51.6669311523 85.8209228516
obstacle
0.172538489103
218.548492432 161.943756104 50.1134033203 101.389648438
obstacle
0.172300949693
73.0419769287 195.726043701 387.927612305 137.273956299
obstacle
0.171839118004
408.90447998 272.613220215 91.0955200195 55.9801025391
obstacle
0.171459391713
427.026824951 2.265417099 72.9731750488 53.3135910034
obstacle
0.171136423945
0.192693710327 127.385520935 58.8135299683 104.872596741
obstacle
0.1706392169
0.0 1.95315933228 38.1535568237 93.4385223389
obstacle
0.170467734337
352.095092773 146.983078003 110.122131348 50.2571716309
obstacle
0.168267577887
152.947296143 169.170074463 105.91708374 46.6421203613
obstacle
0.16411678493
0.0 0.347961425781 434.334869385 225.599273682
