obstacle
0.1825774014
58.145072937 178.238754272 107.881355286 154.761245728
obstacle
0.181084990501
117.822761536 130.349853516 152.727844238 202.650146484
obstacle
0.180393308401
17.6505775452 0.225263595581 52.1968650818 38.3035583496
obstacle
0.179665654898
1.16371154785 2.69131851196 38.8865356445 74.6707611084
obstacle
0.179228231311
213.845825195 57.2629241943 128.997497559 275.737060547
obstacle
0.178151980042
127.572555542 219.356658936 109.621459961 49.0097045898
obstacle
0.177832126617
12.4865856171 13.6901092529 60.8135223389 90.7971954346
obstacle
0.177638053894
12.7331390381 1.08339118958 153.785079956 52.7978668213
obstacle
0.177515029907
141.984085083 156.180160522 55.2849731445 90.6232910156
obstacle
0.177292704582
295.558685303 0.337505340576 146.783874512 35.4047050476
obstacle
0.177290186286
451.75289917 0.0 48.2471008301 42.8554382324
obstacle
0.177156403661
7.85433959961 9.93792724609 199.779937744 323.062072754
obstacle
0.17711289227
476.469146729 14.3923187256 23.5308532715 96.2755126953
obstacle
0.177011728287
170.152816772 185.900909424 329.847167969 147.099090576
obstacle
0.176666870713
226.114044189 1.54039382935 151.980651855 52.5137367249
obstacle
0.176572054625
252.368774414 169.2265625 42.7570800781 99.2994689941
obstacle
0.176545158029
119.424171448 1.53820419312 151.745422363 52.4296150208
obstacle
0.176083773375
479.679443359 72.8090591431 20.3205566406 95.4447860718
obstacle
0.176075220108
451.759185791 13.8628540039 48.240814209 310.421081543
obstacle
0.175998479128
325.173431396 65.7956085205 109.120422363 267.204406738
obstacle
0.175973877311
67.865020752 10.4511566162 316.15927124 185.364318848
obstacle
0.175833374262
482.185241699 201.973449707 17.8147583008 131.026550293
obstacle
0.17546595633
182.996643066 202.388198853 105.21887207 45.5471191406
obstacle
0.175355643034
2.52761650085 214.507751465 41.3185501099 118.492248535
obstacle
0.174974918365
212.605911255 132.644104004 48.3090057373 90.3854980469
obstacle
0.174828141928
264.913360596 134.173736572 47.4873046875 92.0226135254
obstacle
0.17471267283
0.579344749451 5.43048858643 18.1902427673 147.690551758
obstacle
0.174586862326
6.51127624512 273.512786865 94.4350662231 59.4872131348
obstacle
0.174435660243
350.029754639 7.34312438965 149.970245361 175.835693359
obstacle
0.174430951476
205.36164856 175.158905029 44.8444213867 91.9337463379
obstacle
0.173657074571
462.242248535 279.392730713 37.7577514648 53.6072692871
obstacle
0.173607707024
168.0990448 175.895004272 53.0130310059 85.5885162354
obstacle
0.173604980111
422.814025879 24.7354354858 77.1859741211 99.2965393066
obstacle
0.173273295164
1.66269683838 303.540588379 62.0690078735 29.4594116211
obstacle
0.173013880849
372.42401123 271.28515625 127.57598877 61.71484375
obstacle
0.172343716025
173.785858154 97.4140625 150.27456665 108.370056152
obstacle
0.172094106674
291.068695068 146.952514648 56.985168457 95.0841369629
obstacle
0.171745210886
418.775085449 214.005233765 81.2249145508 92.9105072021
obstacle
0.170982852578
364.317749023 0.509803771973 135.005065918 50.2042388916
obstacle
0.170552507043
182.298431396 126.65637207 54.3452453613 88.3427734375
obstacle
0.16942307353
0.0 0.445808410645 143.435012817 156.445556641
obstacle
0.167833462358
0.0 128.483779907 20.9074554443 188.974777222
obstacle
0.16602627933
162.176132202 0.0 337.823852539 96.7620391846
