obstacle
0.184693336487
225.873733521 143.547042847 194.166244507 104.673187256
obstacle
0.184479132295
270.016326904 186.061813354 95.0402832031 48.2557067871
obstacle
0.184440866113
333.905578613 163.682861328 43.8153076172 109.354248047
obstacle
0.18367767334
223.067977905 140.352844238 53.4592437744 101.059448242
obstacle
0.183232396841
204.77166748 88.8333053589 87.7215270996 214.345703125
obstacle
0.182964816689
38.7864074707 18.4621734619 434.677612305 259.183044434
obstacle
0.180316269398
292.568084717 117.835929871 207.431915283 215.1640625
obstacle
0.180299222469
244.710601807 77.0485992432 52.6835327148 97.4597625732
obstacle
0.179709717631
240.506973267 15.9562835693 109.820449829 317.043701172
obstacle
0.179544687271
0.478813171387 2.80641555786 39.1818504333 75.9265289307
obstacle
0.179442003369
22.0312042236 171.887374878 357.161254883 161.112625122
obstacle
0.178916960955
254.068115234 152.789672852 50.5439453125 102.130462646
obstacle
0.178847208619
132.943817139 83.8329772949 122.196899414 249.167022705
obstacle
0.178136795759
11.5542163849 53.4025802612 54.4649734497 104.066352844
obstacle
0.177393704653
476.42855835 14.239730835 23.5714416504 96.4277496338
obstacle
0.177298218012
5.83305740356 14.728302002 108.761123657 266.266204834
obstacle
0.177212357521
476.113586426 281.15447998 23.8864135742 51.8455200195
obstacle
0.177158653736
310.713348389 57.4988899231 52.3758544922 104.21232605
obstacle
0.176711902022
460.443511963 0.0549373626709 39.5564880371 37.5148162842
obstacle
0.175734579563
7.86547088623 5.8377456665 226.276245117 106.135528564
obstacle
0.175616875291
449.038116455 225.758514404 50.9618835449 107.241485596
obstacle
0.175588339567
55.6784286499 22.4061737061 139.014923096 310.593811035
obstacle
0.175400748849
483.683105469 9.37359619141 16.3168945312 323.626403809
obstacle
0.175343036652
281.34576416 149.047241211 103.587219238 53.2913513184
obstacle
0.175212934613
378.267730713 119.898880005 53.2971801758 91.2143859863
obstacle
0.174704864621
348.943054199 4.23434448242 151.056945801 174.732589722
obstacle
0.173900678754
263.562133789 113.812919617 49.0563354492 87.631111145
obstacle
0.173895478249
26.1713142395 12.1784591675 57.7054252625 105.676712036
obstacle
0.173889428377
357.329528809 131.42250061 47.2126464844 98.9599304199
obstacle
0.173606097698
2.21646118164 215.390960693 41.8221588135 117.609039307
obstacle
0.172681003809
432.82510376 2.55345153809 67.0239868164 112.32460022
obstacle
0.172651037574
4.58761978149 272.818572998 92.5443878174 60.181427002
obstacle
0.169290110469
210.920776367 80.0113220215 217.945251465 105.58416748
obstacle
0.167828306556
0.0 0.0 53.0383911133 27.4581546783
obstacle
0.167559027672
274.2684021 205.677398682 128.571166992 123.517456055
obstacle
0.165061920881
142.129959106 0.0 357.870056152 94.9677276611
