obstacle
0.19002635777
291.744812012 66.1491851807 48.2603759766 102.670608521
obstacle
0.186716839671
409.003417969 84.333694458 53.3889770508 110.857299805
obstacle
0.184907406569
325.604248047 66.182258606 45.8438720703 98.1154708862
obstacle
0.183516353369
83.3516998291 12.7977676392 416.64831543 223.612823486
obstacle
0.182936057448
441.842041016 90.4160614014 48.4923095703 104.267486572
obstacle
0.182331964374
57.6337509155 70.4786834717 110.144111633 262.52130127
obstacle
0.181932896376
200.740814209 14.2784881592 117.95690918 318.721496582
obstacle
0.181853652
110.742301941 7.31497192383 139.449859619 325.567565918
obstacle
0.18173108995
352.532043457 0.317207336426 147.467956543 178.093200684
obstacle
0.181032389402
304.085266113 42.0672569275 74.2080078125 70.2911376953
obstacle
0.180596783757
102.28817749 160.348510742 86.7322998047 70.2876281738
obstacle
0.180220380425
116.982421875 202.853912354 101.346679688 49.8088684082
obstacle
0.180073618889
3.64805221558 2.02435112 90.8827362061 62.2969284058
obstacle
0.179879873991
362.055480957 123.78187561 121.529541016 209.21812439
obstacle
0.179533556104
1.39832782745 0.907432556152 32.7592163086 50.9644355774
obstacle
0.179513067007
246.862457275 60.59998703 183.390686035 109.897323608
obstacle
0.179462552071
350.918884277 71.6987915039 47.1852416992 102.894241333
obstacle
0.178856819868
177.376800537 123.721130371 53.1762084961 91.883392334
obstacle
0.178495779634
14.2526550293 170.651092529 370.799133301 162.348907471
obstacle
0.177814111114
474.36328125 115.502914429 25.63671875 64.6047058105
obstacle
0.177697360516
422.315216064 78.3791503906 77.6847839355 52.7879486084
obstacle
0.177370622754
4.03177261353 247.704208374 91.3692626953 85.295791626
obstacle
0.177007481456
434.043945312 1.34917831421 65.9560546875 115.356063843
obstacle
0.176996678114
8.10815429688 6.43180084229 219.541610718 104.689338684
obstacle
0.176576018333
461.20715332 0.216089248657 38.7928466797 36.8907623291
obstacle
0.176461532712
478.199981689 65.4447021484 21.8000183105 267.555297852
obstacle
0.175781980157
117.652488708 106.427444458 205.289886475 102.26083374
obstacle
0.175354927778
449.607025146 227.762283325 50.3929748535 105.237716675
obstacle
0.175119131804
186.587356567 167.875015259 52.9971923828 85.3381958008
obstacle
0.174845650792
156.037185669 149.61605835 52.5754089355 90.673828125
obstacle
0.174630224705
6.00314712524 13.5973205566 110.073226929 266.067932129
obstacle
0.174134775996
295.959777832 118.559295654 76.1494140625 69.6015319824
obstacle
0.173866331577
252.389419556 191.335601807 123.125778198 141.664398193
obstacle
0.173023238778
159.462768555 199.226394653 126.87588501 127.98286438
obstacle
0.172582194209
0.862035751343 277.831604004 35.1900482178 55.1683959961
obstacle
0.164246559143
0.0 200.297393799 45.0444221497 121.390380859
