obstacle
0.187435045838
329.954742432 91.7767715454 72.2779541016 72.563041687
obstacle
0.18640434742
428.452178955 62.9261932373 46.6029052734 89.5864868164
obstacle
0.185385882854
404.218780518 80.2122039795 48.7450561523 97.0399169922
obstacle
0.185253024101
125.657470703 0.217132568359 329.295532227 297.151153564
obstacle
0.185244113207
79.7778930664 5.78262329102 151.896911621 327.217376709
obstacle
0.184393122792
321.208435059 86.7773742676 167.489929199 106.748626709
obstacle
0.182566925883
453.575775146 75.6356048584 46.4242248535 102.820419312
obstacle
0.182542696595
372.661132812 74.4617004395 49.1815795898 90.0492706299
obstacle
0.181014284492
72.7132110596 183.825500488 96.9544067383 52.2589111328
obstacle
0.181008577347
362.251312256 17.750213623 135.023498535 315.249786377
obstacle
0.180768057704
5.49426651001 2.56481933594 60.7789268494 91.4467315674
obstacle
0.180461660028
114.480659485 149.554733276 169.584594727 111.12538147
obstacle
0.18026907742
437.918334961 55.263168335 62.0816650391 50.8180541992
obstacle
0.180255040526
7.67305755615 20.0016021729 139.444885254 312.998413086
obstacle
0.180209025741
279.788146973 0.677734375 220.211853027 132.408599854
obstacle
0.179934799671
354.054748535 126.290435791 48.4498901367 94.5626220703
obstacle
0.179854467511
0.87652015686 0.0536689758301 32.0923843384 52.6017799377
obstacle
0.178661599755
351.10848999 21.0166778564 55.2233886719 117.683044434
obstacle
0.17799128592
207.710968018 88.2945251465 146.07409668 244.705474854
obstacle
0.17782305181
464.248077393 120.515594482 35.7519226074 212.484405518
obstacle
0.177536025643
2.3193359375 38.6873664856 38.781211853 100.639404297
obstacle
0.177435144782
179.046646118 155.427139282 47.0267028809 95.2474365234
obstacle
0.177212357521
2.43628692627 1.37348175049 213.928039551 103.419013977
obstacle
0.17698083818
245.449066162 134.833435059 171.136413574 101.622833252
obstacle
0.176916867495
326.230651855 5.4469833374 52.4760742188 107.388450623
obstacle
0.176672443748
89.3591995239 150.626831055 107.030296326 52.5657348633
obstacle
0.176234573126
265.972595215 70.8212738037 51.4598999023 83.6436767578
obstacle
0.175925210118
311.909118652 206.244293213 120.875 126.755706787
obstacle
0.175686359406
398.404449463 132.561218262 94.3330078125 59.4186096191
obstacle
0.175644665956
367.169799805 67.4730148315 99.440612793 49.3645324707
obstacle
0.175286516547
477.730773926 40.1184654236 22.2692260742 106.786682129
obstacle
0.1742233634
147.081466675 166.14994812 46.8756103516 78.6631469727
obstacle
0.173568665981
188.485351562 29.686542511 178.199951172 108.022064209
obstacle
0.172686740756
406.345428467 276.476806641 93.6545715332 56.5231933594
obstacle
0.172546073794
281.593994141 154.136169434 98.9362792969 45.7856140137
obstacle
0.171941608191
262.806549072 130.509262085 102.518981934 46.2467041016
obstacle
0.171832054853
314.120788574 48.5189704895 49.7206420898 108.81149292
obstacle
0.170966997743
10.2426757812 192.792953491 332.056884766 140.207046509
obstacle
0.16991366446
242.489624023 83.5889129639 53.4584960938 95.7974243164
