obstacle
0.188293799758
121.098655701 9.63645935059 137.525024414 323.363525391
obstacle
0.187746718526
190.441452026 58.6866073608 77.6392059326 71.1076431274
obstacle
0.185192540288
224.271331787 13.8520202637 135.929626465 319.147979736
obstacle
0.184611827135
204.925918579 67.042175293 225.548568726 93.695526123
obstacle
0.184316843748
7.78833007812 16.2030487061 130.408294678 316.796936035
obstacle
0.182687789202
213.972091675 51.1879196167 90.722366333 50.3575897217
obstacle
0.181804567575
99.5462188721 113.878349304 384.160888672 184.217224121
obstacle
0.18165935576
230.484939575 81.1182098389 49.6415863037 86.9980316162
obstacle
0.180615767837
273.146911621 73.7358398438 41.7659912109 89.1181793213
obstacle
0.180587589741
9.14528083801 171.434783936 57.3158950806 84.2666931152
obstacle
0.180299341679
118.350982666 128.4637146 148.647155762 96.0252990723
obstacle
0.179888904095
2.18632125854 245.664108276 92.6879425049 87.3358917236
obstacle
0.178955152631
29.4314727783 3.467628479 426.721191406 102.982002258
obstacle
0.178508549929
208.199890137 113.636276245 50.6170349121 84.5012207031
obstacle
0.178033843637
375.879211426 16.7368927002 124.120788574 316.263122559
obstacle
0.177770912647
169.437927246 157.444076538 173.795227051 94.7477416992
obstacle
0.177473634481
4.27928924561 1.55169487 95.7832260132 51.5424880981
obstacle
0.177415639162
430.983032227 201.950805664 69.0169677734 131.049194336
obstacle
0.177309468389
298.848724365 87.9622802734 126.484375 245.037719727
obstacle
0.177298411727
109.196640015 73.2175827026 50.719543457 97.4655838013
obstacle
0.17717756331
478.096313477 3.94868469238 21.9036865234 329.051330566
obstacle
0.176320567727
272.626983643 20.0065879822 45.8123168945 98.0407867432
obstacle
0.176317676902
213.412231445 141.527267456 106.613830566 46.8841247559
obstacle
0.176126122475
0.978504180908 3.71167755127 41.2319946289 100.031997681
obstacle
0.175723582506
26.811756134 13.1689567566 55.0633659363 86.9271240234
obstacle
0.175574928522
0.352222442627 280.273620605 31.9875278473 52.7263793945
obstacle
0.175376474857
138.164764404 110.10295105 53.2086486816 97.3694152832
obstacle
0.175189301372
43.1931381226 101.17175293 168.976806641 99.2849121094
obstacle
0.174705892801
204.703460693 174.564941406 99.0278930664 45.7624206543
obstacle
0.174617424607
45.4229125977 171.32460022 166.921691895 161.67539978
obstacle
0.174615845084
172.2215271 194.102264404 142.471435547 138.897735596
obstacle
0.174344420433
422.280456543 1.65908432007 77.719543457 54.5283889771
obstacle
0.174288079143
447.079742432 298.433105469 52.9202575684 34.5668945312
obstacle
0.172305852175
238.473327637 127.956604004 166.007751465 97.1060180664
obstacle
0.171545639634
253.089416504 97.5983886719 46.4891357422 87.2848205566
obstacle
0.169278562069
0.0 220.497879028 67.5634307861 66.9069061279
obstacle
0.169069826603
199.70614624 151.32862854 51.4865722656 92.3187561035
