obstacle
0.185952454805
166.741455078 123.542472839 63.1932373047 65.4187088013
obstacle
0.182630062103
13.7920837402 71.3758468628 264.388946533 209.624145508
obstacle
0.180421873927
2.00715065002 131.381103516 33.1041641235 83.6398010254
obstacle
0.180199548602
2.57903671265 162.216003418 54.5832366943 89.9647521973
obstacle
0.179692283273
3.0887298584 208.299957275 82.6814956665 72.7000427246
obstacle
0.17934986949
168.197479248 55.4237060547 48.6456604004 94.9952545166
obstacle
0.179224863648
178.596603394 113.449996948 89.9941558838 46.3511657715
obstacle
0.178294047713
337.226013184 0.813667297363 46.9804077148 37.8231048584
obstacle
0.178225412965
453.946411133 0.382247924805 46.0535888672 40.972984314
obstacle
0.178070068359
130.749694824 116.658996582 165.805328369 102.798187256
obstacle
0.178030833602
377.583770752 1.193359375 46.5646362305 40.252155304
obstacle
0.177949801087
280.820556641 10.6749420166 118.533508301 270.325073242
obstacle
0.177893325686
3.3363609314 109.271713257 82.2108001709 98.0276489258
obstacle
0.177646771073
417.127502441 1.08671569824 46.606262207 40.433391571
obstacle
0.17764621973
305.213653564 1.50899124146 140.691040039 46.5110321045
obstacle
0.177402287722
157.98777771 157.315155029 90.4429626465 52.414276123
obstacle
0.177365422249
88.6701507568 4.72503662109 284.374633789 143.29486084
obstacle
0.177131533623
9.56025886536 76.7218017578 59.4226608276 76.5521850586
obstacle
0.177100002766
134.451950073 139.159637451 365.548034668 141.840362549
obstacle
0.177040204406
38.7040290833 132.858261108 101.088989258 148.141738892
obstacle
0.17676346004
390.131408691 4.02382278442 94.8851318359 97.5978393555
obstacle
0.176259472966
109.779121399 169.147796631 117.928092957 111.852203369
obstacle
0.176129028201
479.943084717 178.31980896 20.0569152832 79.9047698975
obstacle
0.176119297743
224.7371521 88.5184173584 109.038879395 192.481582642
obstacle
0.176114171743
476.886291504 15.5326576233 23.1137084961 87.3190307617
obstacle
0.175730526447
442.422363281 8.85404968262 57.5776367188 272.145935059
obstacle
0.175692379475
343.136352539 155.581542969 109.252441406 125.418457031
obstacle
0.175360023975
225.221923828 233.521240234 42.4583129883 47.4787597656
obstacle
0.175358057022
9.12526702881 1.67618560791 150.353363037 204.731781006
obstacle
0.175219506025
2.43991088867 1.58357429504 44.8098831177 38.71068573
obstacle
0.174992278218
475.366699219 240.516845703 24.6333007812 40.4831542969
obstacle
0.174915805459
265.116790771 231.413375854 42.7637939453 49.5866241455
obstacle
0.174905017018
0.5651512146 253.981582642 57.7257080078 27.0184173584
obstacle
0.174450233579
345.483856201 233.013641357 41.9278564453 47.9863586426
obstacle
0.174217045307
247.199401855 4.76399230957 252.800598145 127.804229736
obstacle
0.174181729555
446.350952148 206.93838501 53.6490478516 74.0616149902
obstacle
0.174124211073
4.59157180786 2.67392730713 95.75 64.0728225708
obstacle
0.174060598016
484.243377686 4.8028717041 15.7566223145 276.197143555
obstacle
0.174029007554
290.359130859 230.887710571 44.0848388672 50.1122894287
obstacle
0.173956304789
232.93107605 70.0181808472 46.3076629639 85.1997451782
obstacle
0.173325806856
56.0495376587 229.94140625 42.9782104492 51.05859375
obstacle
0.171268209815
0.0 13.6504974365 20.5214385986 182.308349609
obstacle
0.170053109527
203.486877441 52.4341812134 47.063079834 103.389396667
obstacle
0.167051896453
0.0 218.066558838 33.7434387207 58.7680358887
obstacle
0.165092930198
374.629638672 31.1984558105 105.996643066 221.075012207
obstacle
0.16159324348
209.93208313 121.38822937 43.9226379395 83.1545410156
