obstacle
0.184387400746
113.937011719 15.647277832 317.136535645 321.24319458
obstacle
0.182549610734
191.377120972 162.282424927 198.152908325 117.720230103
obstacle
0.182498633862
7.15280151367 2.18505096436 71.5411682129 94.7359085083
obstacle
0.182358428836
8.19081878662 2.35260009766 171.57232666 184.587280273
obstacle
0.182117491961
261.340942383 52.1700210571 217.330993652 113.371879578
obstacle
0.181654572487
325.789215088 85.0438766479 77.8364257812 75.0579910278
obstacle
0.181506454945
1.31996536255 0.419794082642 63.0492019653 34.1291351318
obstacle
0.18063108623
394.110107422 0.117870330811 60.9829101562 123.695373535
obstacle
0.180022507906
309.872741699 29.0074806213 55.69921875 115.855422974
obstacle
0.179834648967
2.20984268188 38.2139549255 43.1731109619 114.030578613
obstacle
0.179747164249
231.091995239 115.265136719 205.594772339 112.687103271
obstacle
0.17954839766
4.37854766846 176.736587524 76.0952682495 94.1201629639
obstacle
0.17954620719
111.239089966 136.604690552 55.0175170898 103.121398926
obstacle
0.179266422987
436.492858887 70.4704589844 63.5071411133 78.534362793
obstacle
0.179250329733
56.3437957764 34.3245544434 159.913665771 340.675445557
obstacle
0.179081648588
74.6533355713 0.684307098389 68.6063537598 120.810394287
obstacle
0.179010435939
437.424194336 0.0958652496338 62.5758056641 36.3418960571
obstacle
0.178863883018
439.913879395 4.47891235352 60.0861206055 341.041442871
obstacle
0.178542360663
282.155517578 60.7754554749 55.7022705078 114.511627197
obstacle
0.178421467543
1.66486740112 239.366607666 56.6749191284 135.633392334
obstacle
0.178281918168
341.893676758 1.10392379761 62.9928588867 118.966674805
obstacle
0.178170591593
271.822387695 132.141769409 89.3477783203 66.0911560059
obstacle
0.178042545915
376.230743408 59.0745010376 54.8104858398 118.71257782
obstacle
0.177954465151
239.468536377 170.708236694 85.5075683594 77.8727416992
obstacle
0.177780479193
101.110313416 63.6580619812 55.1743087769 124.852478027
obstacle
0.17767201364
160.781768799 39.5293960571 57.1533203125 116.794425964
obstacle
0.176622197032
131.911071777 1.61360931396 368.088928223 120.054519653
obstacle
0.176528006792
7.2702331543 160.05569458 137.855163574 214.94430542
obstacle
0.17578817904
450.971618652 0.933776855469 49.0283813477 109.759033203
obstacle
0.175756126642
439.090606689 335.922119141 60.9093933105 39.0778808594
obstacle
0.175076797605
481.642700195 81.1983795166 18.3572998047 293.801635742
obstacle
0.174377739429
138.93182373 82.3238830566 55.4449462891 111.4012146
obstacle
0.173584476113
127.835220337 4.09131240845 61.5195007324 121.832717896
obstacle
0.173525109887
321.629455566 122.389831543 55.5479125977 106.050384521
obstacle
0.173344016075
477.380065918 285.648742676 22.619934082 89.3512573242
obstacle
0.173192426562
284.443664551 207.987854004 215.556335449 162.55255127
obstacle
0.173146352172
145.009521484 171.836029053 148.716003418 200.48828125
obstacle
0.172086313367
450.573791504 212.565673828 49.4262084961 162.434326172
obstacle
0.171582758427
281.019287109 185.799957275 55.0020751953 122.492828369
obstacle
0.170669898391
302.330352783 164.184783936 112.442504883 43.9859619141
obstacle
0.169754818082
252.217224121 47.7357254028 61.1905517578 104.194419861
