obstacle
0.182764947414
37.3799247742 156.206192017 48.1283149719 102.806838989
obstacle
0.181582808495
32.3998031616 8.73997497559 140.983123779 324.260009766
obstacle
0.181052714586
117.202056885 10.3358154297 138.943878174 322.66418457
obstacle
0.180974528193
180.418395996 81.4014892578 54.3798217773 107.811767578
obstacle
0.180686399341
224.245330811 53.6449127197 128.625305176 279.355102539
obstacle
0.180620238185
173.816009521 110.635040283 172.030212402 96.3948669434
obstacle
0.179969713092
301.988769531 6.04402160645 198.011230469 242.103469849
obstacle
0.179789081216
256.181762695 194.627304077 243.818237305 138.372695923
obstacle
0.179723769426
4.56579971313 0.7405834198 65.0479278564 61.2973632812
obstacle
0.179582551122
455.428497314 70.7141189575 44.5715026855 96.2151107788
obstacle
0.179066598415
35.0485076904 60.5804214478 418.737243652 224.946838379
obstacle
0.178833782673
471.449279785 8.9136428833 28.5507202148 97.7803268433
obstacle
0.178687244654
248.56640625 92.3016662598 52.6921386719 88.8114624023
obstacle
0.178615614772
288.975006104 101.713226318 47.7680053711 95.7205505371
obstacle
0.178614586592
217.615631104 82.4237213135 59.2637329102 89.9081115723
obstacle
0.178242236376
231.393173218 161.925628662 164.368667603 94.6705932617
obstacle
0.17802554369
209.552032471 124.872970581 49.3835754395 94.7790527344
obstacle
0.177965506911
237.186065674 124.841590881 45.0319213867 82.9503097534
obstacle
0.177934199572
420.567779541 36.3110961914 53.16015625 95.2081298828
obstacle
0.177850320935
345.827819824 101.50138855 49.6873779297 91.3846435547
obstacle
0.177810966969
296.258911133 165.125930786 72.0985107422 63.9529418945
obstacle
0.177739009261
182.992553711 176.795623779 116.91595459 156.204376221
obstacle
0.177609533072
1.62998390198 212.528869629 45.4592132568 120.471130371
obstacle
0.177208095789
478.66293335 8.88897705078 21.3370666504 324.111022949
obstacle
0.177038252354
385.241882324 45.5233039856 55.0764160156 97.4160003662
obstacle
0.176924645901
74.1381988525 202.394012451 121.390655518 130.605987549
obstacle
0.176663532853
115.230484009 1.09017562866 53.097076416 89.9703979492
obstacle
0.176626056433
25.6026744843 94.4813079834 59.7989273071 98.1109313965
obstacle
0.175979450345
483.06060791 210.693878174 16.9393920898 122.306121826
obstacle
0.175967305899
9.8515625 5.22766876221 449.238525391 114.22681427
obstacle
0.175932064652
423.992126465 0.0 76.0078735352 51.8044128418
obstacle
0.175619319081
199.929550171 205.070755005 108.292098999 50.8990783691
obstacle
0.175261333585
320.341552734 113.081161499 45.0484008789 88.8834838867
obstacle
0.174905538559
414.806518555 251.74571228 85.1934814453 81.2542877197
obstacle
0.173984706402
58.9573745728 128.460113525 46.2204437256 107.874359131
obstacle
0.173835977912
429.505157471 70.2942504883 70.4948425293 262.705749512
obstacle
0.173556059599
461.02142334 295.417236328 38.9785766602 37.5827636719
obstacle
0.171840444207
289.156280518 213.921234131 112.519104004 52.0205688477
obstacle
0.170529469848
238.818008423 50.0295715332 60.395614624 83.3136749268
obstacle
0.170052155852
255.302688599 118.096191406 198.531478882 98.9787597656
obstacle
0.169472724199
216.056365967 181.166870117 104.931884766 48.274017334
obstacle
0.169130817056
207.40447998 42.4155082703 55.8622436523 92.8719177246
obstacle
0.163989394903
0.0 0.0 102.239624023 237.295227051
