obstacle
0.185572892427
214.156082153 124.721107483 285.843933105 208.278900146
obstacle
0.185178086162
12.0779724121 140.736877441 269.818847656 192.263122559
obstacle
0.184676393867
48.6189041138 208.126693726 46.7830047607 102.403793335
obstacle
0.183323711157
248.998748779 149.038330078 45.049621582 87.6622314453
obstacle
0.183014273643
171.397186279 3.18502807617 146.076873779 313.964569092
obstacle
0.181886777282
287.076660156 142.30128479 43.8493041992 93.9512939453
obstacle
0.181704998016
2.05956077576 216.503356934 44.354927063 116.496643066
obstacle
0.181309014559
437.150543213 225.866867065 42.0021972656 101.908828735
obstacle
0.180790379643
450.125762939 11.1543731689 49.8742370605 321.84564209
obstacle
0.18003693223
221.379684448 122.347000122 84.0675201416 70.7836608887
obstacle
0.1792884022
281.612121582 0.0 218.387878418 178.252456665
obstacle
0.179181918502
78.1296386719 186.306015015 48.7757568359 86.9486236572
obstacle
0.178984075785
456.686340332 143.570419312 43.313659668 87.6965026855
obstacle
0.178542554379
236.658798218 2.28374099731 55.5704803467 89.8921356201
obstacle
0.178487032652
475.748260498 5.74642944336 24.251739502 92.6123809814
obstacle
0.178014829755
112.929786682 127.078903198 48.6108627319 96.6891784668
obstacle
0.177848473191
6.87689971924 4.69066619873 160.139007568 161.807006836
obstacle
0.177834734321
185.696029663 163.003356934 191.193557739 99.8246459961
obstacle
0.177792951465
2.06121444702 1.3597984314 50.0002746582 37.9082832336
obstacle
0.177392184734
184.025436401 208.220062256 118.769302368 124.779937744
obstacle
0.176665455103
433.173095703 165.197952271 44.5622558594 83.7527160645
obstacle
0.176566630602
314.480560303 149.331573486 45.9521484375 108.437438965
obstacle
0.176539897919
61.1826171875 117.065055847 137.532836914 141.071136475
obstacle
0.176382780075
80.89818573 1.75331878662 55.0849075317 88.5677566528
obstacle
0.176245763898
355.874755859 242.12991333 97.0120239258 49.5485839844
obstacle
0.176245108247
133.295288086 184.983398438 46.4294128418 83.637878418
obstacle
0.175864517689
477.397644043 191.13885498 22.602355957 141.86114502
obstacle
0.17575570941
11.84100914 2.35723876953 60.5555343628 75.0587844849
obstacle
0.175647348166
474.902984619 82.7886505127 25.0970153809 97.8392028809
obstacle
0.175344526768
267.963134766 2.5705871582 56.0844726562 82.8826522827
obstacle
0.17533646524
444.793701172 297.973510742 55.2062988281 35.0264892578
obstacle
0.175325289369
243.065750122 93.0145263672 189.982833862 116.914459229
obstacle
0.174877986312
271.597167969 132.774780273 93.1275634766 53.3225402832
obstacle
0.173850461841
343.49029541 130.586791992 156.50970459 99.977355957
obstacle
0.172737434506
21.5887298584 186.697937012 74.4680252075 64.6139526367
obstacle
0.172601029277
322.741699219 101.687187195 52.8051757812 107.438362122
obstacle
0.172355920076
44.9846038818 170.755447388 113.329391479 57.1483154297
obstacle
0.172086656094
415.389892578 0.762119293213 84.6101074219 57.5156135559
obstacle
0.171143859625
420.184082031 132.197280884 79.8159179688 46.2191467285
obstacle
0.170589968562
368.545013428 219.773345947 112.691894531 48.3720397949
obstacle
0.169595777988
0.0 192.23248291 163.37322998 104.122467041
obstacle
0.168477267027
22.3120269775 0.0 431.947692871 93.5937423706
