obstacle
0.163083642721
0.0 29.0 489.0 275.0
obstacle
0.157453417778
0.0 0.0 208.0 212.0
obstacle
0.156892433763
104.0 145.0 134.0 145.0
obstacle
0.152779176831
79.0 119.0 105.0 148.0
obstacle
0.15125733614
179.0 45.0 224.0 288.0
obstacle
0.15113261342
68.0 0.0 213.0 307.0
obstacle
0.147738322616
232.0 127.0 112.0 127.0
obstacle
0.147176072001
0.0 0.0 394.0 178.0
obstacle
0.145841702819
223.0 159.0 131.0 169.0
obstacle
0.145732969046
85.0 174.0 335.0 87.0
obstacle
0.144804343581
0.0 202.0 96.0 131.0
obstacle
0.144642055035
0.0 165.0 212.0 105.0
obstacle
0.144298031926
304.0 193.0 44.0 48.0
obstacle
0.14410007
0.0 0.0 211.0 101.0
obstacle
0.143767654896
118.0 86.0 111.0 111.0
obstacle
0.141869440675
19.0 207.0 313.0 121.0
obstacle
0.140997588634
0.0 118.0 374.0 95.0
obstacle
0.140315413475
198.0 0.0 257.0 238.0
obstacle
0.139621168375
188.0 238.0 125.0 95.0
obstacle
0.139357894659
188.0 167.0 121.0 155.0
obstacle
0.13933442533
147.0 215.0 129.0 109.0
obstacle
0.138482049108
0.0 154.0 500.0 179.0
obstacle
0.137958556414
0.0 76.0 81.0 130.0
obstacle
0.137835875154
67.0 242.0 136.0 91.0
obstacle
0.137248650193
214.0 254.0 148.0 79.0
obstacle
0.13677354157
106.0 78.0 394.0 127.0
obstacle
0.135845452547
0.0 174.0 161.0 159.0
obstacle
0.13558703661
266.0 195.0 234.0 138.0
obstacle
0.135455489159
383.0 186.0 117.0 114.0
obstacle
0.135399460793
27.0 106.0 137.0 121.0
obstacle
0.13502804935
296.0 160.0 204.0 117.0
obstacle
0.134845942259
314.0 0.0 186.0 199.0
obstacle
0.134414061904
301.0 241.0 131.0 92.0
obstacle
0.133755773306
330.0 106.0 170.0 227.0
obstacle
0.13355705142
413.0 0.0 87.0 78.0
obstacle
0.133537083864
285.0 87.0 215.0 158.0
obstacle
0.133244901896
276.0 123.0 102.0 139.0
obstacle
0.132807001472
269.0 0.0 231.0 112.0
obstacle
0.132210999727
77.0 235.0 346.0 98.0
obstacle
0.131610274315
338.0 81.0 132.0 120.0
obstacle
0.131352066994
296.0 146.0 57.0 34.0
obstacle
0.130732402205
236.0 86.0 106.0 108.0
obstacle
0.130675643682
418.0 87.0 82.0 109.0
obstacle
0.130280479789
107.0 148.0 55.0 32.0
obstacle
0.129959374666
414.0 34.0 86.0 111.0
obstacle
0.129794314504
30.0 258.0 133.0 75.0
obstacle
0.128966391087
111.0 221.0 124.0 97.0
obstacle
0.128831714392
144.0 0.0 134.0 74.0
obstacle
0.128782391548
79.0 182.0 109.0 125.0
obstacle
0.128735601902
158.0 86.0 108.0 108.0
obstacle
0.128487661481
381.0 240.0 119.0 93.0
obstacle
0.128236949444
149.0 150.0 124.0 134.0
obstacle
0.128165602684
0.0 144.0 302.0 93.0
obstacle
0.127973854542
0.0 0.0 120.0 71.0
obstacle
0.127834275365
257.0 143.0 61.0 40.0
obstacle
0.127820447087
0.0 91.0 227.0 242.0
obstacle
0.127675965428
118.0 192.0 346.0 101.0
obstacle
0.127537280321
262.0 5.0 126.0 118.0
obstacle
0.127461180091
308.0 129.0 116.0 124.0
obstacle
0.127408459783
151.0 0.0 201.0 216.0
obstacle
0.127169132233
335.0 259.0 139.0 74.0
obstacle
0.126789525151
415.0 200.0 56.0 38.0
obstacle
0.126747637987
199.0 84.0 102.0 113.0
obstacle
0.126262679696
258.0 217.0 138.0 103.0
obstacle
0.125614449382
0.0 139.0 122.0 105.0
obstacle
0.125594839454
186.0 122.0 52.0 33.0
obstacle
0.125413924456
417.0 173.0 50.0 35.0
obstacle
0.125409990549
0.0 40.0 130.0 254.0
obstacle
0.124750874937
0.0 79.0 43.0 24.0
obstacle
0.124714225531
279.0 191.0 99.0 103.0
obstacle
0.124165706336
273.0 87.0 107.0 107.0
obstacle
0.124122776091
223.0 97.0 53.0 35.0
obstacle
0.124067440629
185.0 167.0 48.0 44.0
obstacle
0.124057754874
252.0 41.0 229.0 292.0
obstacle
0.124015651643
110.0 124.0 51.0 32.0
obstacle
0.123478315771
383.0 167.0 42.0 48.0
obstacle
0.123246565461
338.0 197.0 52.0 40.0
obstacle
0.122897908092
223.0 42.0 129.0 97.0
obstacle
0.122342132032
94.0 3.0 159.0 121.0
obstacle
0.122326955199
301.0 103.0 52.0 27.0
obstacle
0.121955566108
0.0 227.0 47.0 32.0
obstacle
0.12170163542
111.0 101.0 48.0 28.0
obstacle
0.121597416699
112.0 23.0 50.0 33.0
obstacle
0.121516771615
105.0 0.0 369.0 102.0
obstacle
0.121355213225
159.0 34.0 104.0 112.0
obstacle
0.12127058208
0.0 176.0 46.0 33.0
obstacle
0.121058508754
330.0 0.0 149.0 75.0
obstacle
0.120930895209
185.0 189.0 52.0 51.0
obstacle
0.12091948837
102.0 260.0 142.0 73.0
obstacle
0.120872989297
0.0 28.0 96.0 125.0
obstacle
0.120765201747
260.0 101.0 56.0 28.0
obstacle
0.120703972876
150.0 99.0 46.0 31.0
obstacle
0.120657399297
0.0 45.0 197.0 90.0
obstacle
0.120544858277
222.0 0.0 132.0 90.0
obstacle
0.12032455951
0.0 0.0 38.0 28.0
obstacle
0.120321691036
111.0 223.0 52.0 40.0
obstacle
0.120310932398
107.0 0.0 131.0 65.0
obstacle
0.120246432722
181.0 10.0 136.0 107.0
obstacle
0.120062962174
455.0 123.0 45.0 37.0
obstacle
0.120052441955
76.0 118.0 268.0 215.0
obstacle
0.120022155344
339.0 223.0 53.0 41.0
obstacle
0.119940258563
377.0 113.0 123.0 106.0
obstacle
0.119914755225
259.0 124.0 55.0 31.0
obstacle
0.119860045612
378.0 194.0 54.0 45.0
obstacle
0.11894852668
383.0 127.0 44.0 28.0
obstacle
0.11856071651
0.0 25.0 45.0 27.0
obstacle
0.118350081146
118.0 33.0 113.0 111.0
obstacle
0.117852732539
68.0 152.0 58.0 28.0
obstacle
0.117758981884
0.0 201.0 49.0 34.0
obstacle
0.117527529597
376.0 12.0 124.0 105.0
obstacle
0.117420911789
0.0 278.0 42.0 35.0
obstacle
0.117384001613
189.0 48.0 49.0 31.0
obstacle
0.117147609591
139.0 145.0 308.0 92.0
obstacle
0.116997160017
303.0 184.0 126.0 117.0
obstacle
0.116876713932
187.0 146.0 48.0 35.0
obstacle
0.11681098491
37.0 198.0 44.0 39.0
obstacle
0.116762302816
72.0 89.0 123.0 102.0
obstacle
0.116664968431
143.0 144.0 56.0 38.0
obstacle
0.116403400898
0.0 167.0 87.0 100.0
obstacle
0.11638122052
0.0 58.0 309.0 112.0
obstacle
0.116080239415
88.0 36.0 322.0 106.0
obstacle
0.115965619683
224.0 172.0 47.0 36.0
obstacle
0.115892194211
346.0 0.0 41.0 30.0
obstacle
0.115849852562
342.0 102.0 45.0 29.0
obstacle
0.115372791886
255.0 165.0 65.0 48.0
obstacle
0.115270867944
344.0 304.0 44.0 29.0
obstacle
0.115165650845
33.0 148.0 50.0 35.0
obstacle
0.114959530532
0.0 53.0 137.0 124.0
obstacle
0.11495847255
43.0 0.0 340.0 74.0
obstacle
0.114829912782
459.0 152.0 41.0 33.0
obstacle
0.114616960287
0.0 303.0 49.0 30.0
obstacle
0.114511057734
297.0 0.0 135.0 92.0
obstacle
0.114504344761
263.0 20.0 56.0 37.0
obstacle
0.114418134093
0.0 48.0 43.0 34.0
obstacle
0.114386864007
74.0 76.0 46.0 28.0
obstacle
0.113833107054
105.0 169.0 53.0 39.0
obstacle
0.113569773734
0.0 252.0 45.0 34.0
obstacle
0.113458178937
105.0 197.0 61.0 39.0
obstacle
0.113371290267
418.0 148.0 50.0 40.0
obstacle
0.113360963762
149.0 303.0 53.0 30.0
obstacle
0.113003447652
264.0 251.0 51.0 36.0
obstacle
0.112913556397
459.0 98.0 41.0 35.0
obstacle
0.112823292613
222.0 143.0 54.0 42.0
obstacle
0.112732797861
382.0 100.0 45.0 31.0
obstacle
0.112671919167
71.0 100.0 50.0 30.0
obstacle
0.112508825958
148.0 23.0 53.0 33.0
obstacle
0.112299017608
189.0 98.0 45.0 33.0
obstacle
0.112099520862
305.0 303.0 48.0 30.0
obstacle
0.111852526665
263.0 276.0 53.0 38.0
obstacle
0.11166934669
198.0 120.0 302.0 93.0
obstacle
0.111653767526
224.0 279.0 54.0 33.0
obstacle
0.111435912549
42.0 0.0 107.0 90.0
obstacle
0.111131519079
147.0 222.0 54.0 40.0
obstacle
0.11111048609
64.0 172.0 62.0 35.0
obstacle
0.111104205251
384.0 74.0 42.0 32.0
obstacle
0.110879667103
421.0 131.0 79.0 122.0
obstacle
0.110700070858
113.0 77.0 46.0 25.0
obstacle
0.110555939376
298.0 127.0 57.0 26.0
obstacle
0.110537692904
148.0 166.0 45.0 46.0
obstacle
0.110512003303
224.0 305.0 55.0 28.0
obstacle
0.110483139753
33.0 101.0 50.0 30.0
obstacle
0.110439933836
225.0 248.0 52.0 41.0
obstacle
0.110435009003
381.0 303.0 48.0 30.0
obstacle
0.110218033195
114.0 0.0 40.0 30.0
obstacle
0.110212862492
269.0 0.0 41.0 29.0
obstacle
0.11020796001
217.0 35.0 283.0 109.0
obstacle
0.110059157014
419.0 125.0 51.0 32.0
obstacle
0.110043637455
111.0 304.0 52.0 29.0
obstacle
0.109979704022
414.0 305.0 59.0 28.0
obstacle
0.109919391572
387.0 23.0 38.0 32.0
obstacle
0.109912335873
264.0 193.0 51.0 46.0
obstacle
0.109548434615
380.0 279.0 49.0 34.0
obstacle
0.109377659857
457.0 74.0 43.0 31.0
obstacle
0.10908152163
71.0 221.0 53.0 42.0
obstacle
0.108915500343
346.0 50.0 43.0 29.0
obstacle
0.108874194324
68.0 24.0 59.0 29.0
obstacle
0.108866758645
338.0 172.0 53.0 37.0
obstacle
0.108541578054
456.0 0.0 44.0 29.0
obstacle
0.108187034726
74.0 251.0 49.0 37.0
obstacle
0.108171634376
307.0 0.0 42.0 29.0
obstacle
0.108008831739
224.0 23.0 53.0 32.0
obstacle
0.107882454991
33.0 304.0 54.0 29.0
obstacle
0.107863463461
296.0 167.0 56.0 46.0
obstacle
0.107624188066
73.0 0.0 46.0 27.0
obstacle
0.107545495033
38.0 74.0 43.0 33.0
obstacle
0.107512541115
378.0 150.0 51.0 33.0
obstacle
0.107398241758
339.0 279.0 53.0 33.0
obstacle
0.107356406748
455.0 280.0 45.0 31.0
obstacle
0.107340164483
304.0 253.0 49.0 32.0
obstacle
0.107054695487
339.0 150.0 48.0 31.0
obstacle
0.107040926814
267.0 303.0 46.0 30.0
obstacle
0.106936894357
264.0 47.0 52.0 34.0
obstacle
0.106910228729
458.0 200.0 42.0 36.0
obstacle
0.106871083379
224.0 193.0 52.0 45.0
obstacle
0.106641471386
229.0 0.0 44.0 29.0
obstacle
0.106469579041
32.0 0.0 49.0 26.0
obstacle
0.106424696743
72.0 199.0 48.0 36.0
obstacle
0.106355294585
35.0 224.0 50.0 37.0
obstacle
0.106341093779
266.0 74.0 48.0 30.0
obstacle
0.106285490096
342.0 251.0 49.0 36.0
obstacle
0.106088459492
300.0 58.0 132.0 114.0
obstacle
0.106072500348
35.0 22.0 48.0 31.0
obstacle
0.106042727828
149.0 194.0 49.0 43.0
obstacle
0.105984270573
151.0 0.0 44.0 29.0
obstacle
0.105812050402
346.0 21.0 44.0 36.0
obstacle
0.105779409409
36.0 174.0 47.0 37.0
obstacle
0.105733297765
0.0 122.0 42.0 37.0
obstacle
0.10572244972
111.0 279.0 51.0 33.0
obstacle
0.105709314346
458.0 228.0 42.0 31.0
obstacle
0.105697236955
226.0 73.0 48.0 31.0
obstacle
0.105516210198
32.0 124.0 53.0 31.0
obstacle
0.10544077307
371.0 57.0 129.0 119.0
obstacle
0.105342678726
1.0 150.0 41.0 33.0
obstacle
0.105292238295
223.0 122.0 53.0 35.0
obstacle
0.105189606547
72.0 303.0 52.0 30.0
obstacle
0.105041071773
186.0 303.0 55.0 30.0
obstacle
0.104834236205
459.0 23.0 41.0 33.0
obstacle
0.104609936476
187.0 249.0 51.0 39.0
obstacle
0.10459921509
195.0 128.0 111.0 128.0
obstacle
0.104584425688
382.0 251.0 48.0 36.0
obstacle
0.104231484234
69.0 124.0 54.0 30.0
obstacle
0.104051269591
303.0 20.0 50.0 38.0
obstacle
0.103958651423
0.0 101.0 46.0 29.0
obstacle
0.103937119246
456.0 304.0 44.0 29.0
obstacle
0.103184714913
265.0 221.0 47.0 41.0
obstacle
0.103122040629
149.0 47.0 51.0 31.0
obstacle
0.103103138506
34.0 278.0 49.0 37.0
obstacle
0.103077061474
34.0 253.0 50.0 33.0
obstacle
0.103006929159
419.0 100.0 47.0 31.0
obstacle
0.102931790054
346.0 74.0 42.0 32.0
obstacle
0.102896146476
190.0 77.0 46.0 24.0
obstacle
0.102853059769
34.0 51.0 48.0 26.0
obstacle
0.102513715625
415.0 226.0 54.0 35.0
obstacle
0.10226418823
150.0 279.0 49.0 33.0
obstacle
0.102201409638
333.0 35.0 141.0 110.0
obstacle
0.102134086192
422.0 76.0 43.0 28.0
obstacle
0.102126665413
190.0 0.0 43.0 30.0
obstacle
0.10208709538
110.0 251.0 55.0 35.0
obstacle
0.102045439184
224.0 220.0 51.0 41.0
obstacle
0.101940751076
423.0 23.0 43.0 31.0
obstacle
0.101796090603
151.0 74.0 48.0 31.0
obstacle
0.101666301489
382.0 48.0 45.0 34.0
obstacle
0.101539447904
455.0 254.0 45.0 30.0
obstacle
0.101532950997
301.0 278.0 54.0 36.0
obstacle
0.101335532963
310.0 48.0 40.0 33.0
obstacle
0.101229041815
183.0 278.0 58.0 34.0
obstacle
0.101141221821
459.0 49.0 41.0 31.0
obstacle
0.100660040975
188.0 22.0 48.0 33.0
obstacle
0.100595057011
415.0 281.0 55.0 31.0
obstacle
0.100249804556
301.0 221.0 54.0 45.0
obstacle
0.100249111652
228.0 45.0 48.0 37.0
obstacle
0.100106582046
343.0 125.0 122.0 131.0
obstacle
0.0998625978827
149.0 250.0 53.0 38.0
obstacle
0.0995387658477
340.0 127.0 48.0 29.0
obstacle
0.099494419992
147.0 125.0 51.0 30.0
obstacle
0.0994150340557
69.0 48.0 56.0 31.0
obstacle
0.0992713868618
305.0 75.0 45.0 29.0
obstacle
0.0990243777633
381.0 0.0 46.0 30.0
obstacle
0.0987754613161
418.0 253.0 52.0 33.0
obstacle
0.0986475870013
379.0 224.0 51.0 35.0
obstacle
0.0983239486814
417.0 0.0 52.0 31.0
obstacle
0.0982698202133
183.0 219.0 56.0 44.0
obstacle
0.0979623049498
72.0 280.0 50.0 31.0
obstacle
0.0972186401486
455.0 174.0 45.0 36.0
obstacle
0.0958616882563
112.0 49.0 49.0 27.0
obstacle
0.0957937538624
421.0 50.0 45.0 29.0
obstacle
0.0919330567122
0.0 93.0 248.0 96.0
