obstacle
0.184040784836
0.0 19.0 500.0 294.0
obstacle
0.172094225883
112.0 75.0 280.0 259.0
obstacle
0.165393412113
0.0 157.0 500.0 177.0
obstacle
0.164089307189
111.0 60.0 357.0 109.0
obstacle
0.159415379167
190.0 0.0 200.0 289.0
obstacle
0.156074732542
52.0 0.0 240.0 237.0
obstacle
0.15578392148
246.0 0.0 239.0 306.0
obstacle
0.146739751101
219.0 54.0 136.0 121.0
obstacle
0.146537870169
324.0 185.0 176.0 149.0
obstacle
0.146455049515
21.0 141.0 313.0 102.0
obstacle
0.145573318005
299.0 117.0 51.0 44.0
obstacle
0.145179137588
77.0 103.0 355.0 76.0
obstacle
0.14436507225
203.0 130.0 89.0 128.0
obstacle
0.144287824631
0.0 195.0 120.0 98.0
obstacle
0.143769741058
305.0 0.0 195.0 181.0
obstacle
0.142286911607
0.0 0.0 192.0 213.0
obstacle
0.141753196716
0.0 0.0 245.0 91.0
obstacle
0.14152815938
273.0 274.0 112.0 60.0
obstacle
0.141147643328
164.0 75.0 91.0 187.0
obstacle
0.140094652772
191.0 184.0 273.0 150.0
obstacle
0.13965305686
422.0 0.0 78.0 69.0
obstacle
0.139166966081
0.0 55.0 95.0 121.0
obstacle
0.138991713524
379.0 111.0 121.0 113.0
obstacle
0.138154998422
226.0 135.0 117.0 119.0
obstacle
0.137407049537
0.0 33.0 229.0 301.0
obstacle
0.135314002633
30.0 165.0 136.0 108.0
obstacle
0.134699255228
18.0 0.0 482.0 124.0
obstacle
0.13424089551
36.0 306.0 50.0 28.0
obstacle
0.134238764644
115.0 303.0 42.0 31.0
obstacle
0.133945509791
262.0 82.0 238.0 114.0
obstacle
0.133910566568
74.0 196.0 123.0 97.0
obstacle
0.133826807141
409.0 54.0 91.0 122.0
obstacle
0.133654147387
148.0 96.0 49.0 39.0
obstacle
0.133279919624
374.0 164.0 126.0 111.0
obstacle
0.132814601064
266.0 103.0 121.0 132.0
obstacle
0.132763192058
66.0 0.0 137.0 71.0
obstacle
0.132643058896
0.0 58.0 237.0 116.0
obstacle
0.132494106889
236.0 198.0 103.0 89.0
obstacle
0.132458791137
107.0 98.0 54.0 33.0
obstacle
0.131834462285
58.0 160.0 226.0 174.0
obstacle
0.131325557828
146.0 39.0 133.0 100.0
obstacle
0.130837455392
0.0 0.0 83.0 101.0
obstacle
0.13080817461
149.0 0.0 201.0 180.0
obstacle
0.13018912077
223.0 0.0 277.0 71.0
obstacle
0.130117192864
32.0 262.0 126.0 72.0
obstacle
0.129732325673
240.0 244.0 260.0 90.0
obstacle
0.129715278745
37.0 279.0 48.0 36.0
obstacle
0.129280403256
306.0 204.0 43.0 27.0
obstacle
0.128689706326
426.0 237.0 74.0 97.0
obstacle
0.128529280424
34.0 253.0 52.0 34.0
obstacle
0.128507509828
332.0 269.0 138.0 65.0
obstacle
0.128433853388
0.0 111.0 195.0 111.0
obstacle
0.128139525652
112.0 150.0 56.0 32.0
obstacle
0.127813816071
305.0 93.0 41.0 42.0
obstacle
0.127680331469
275.0 19.0 103.0 90.0
obstacle
0.127672538161
302.0 60.0 126.0 109.0
obstacle
0.127610653639
231.0 97.0 35.0 38.0
obstacle
0.12758474052
189.0 116.0 46.0 48.0
obstacle
0.127367258072
0.0 258.0 300.0 76.0
obstacle
0.127113029361
257.0 51.0 61.0 24.0
obstacle
0.126983374357
101.0 128.0 141.0 134.0
obstacle
0.126581564546
415.0 46.0 57.0 35.0
obstacle
0.126120135188
458.0 120.0 42.0 42.0
obstacle
0.126086309552
226.0 224.0 121.0 92.0
obstacle
0.126083910465
316.0 214.0 97.0 114.0
obstacle
0.125814735889
96.0 231.0 147.0 103.0
obstacle
0.125565811992
0.0 202.0 219.0 132.0
obstacle
0.125527024269
420.0 71.0 45.0 37.0
obstacle
0.125514701009
340.0 12.0 130.0 104.0
obstacle
0.125396683812
305.0 0.0 120.0 78.0
obstacle
0.12529361248
146.0 0.0 133.0 72.0
obstacle
0.12526884675
0.0 0.0 129.0 68.0
obstacle
0.125119388103
0.0 19.0 352.0 138.0
obstacle
0.124830499291
75.0 256.0 117.0 78.0
obstacle
0.124740093946
392.0 20.0 102.0 88.0
obstacle
0.124645881355
0.0 307.0 45.0 27.0
obstacle
0.124586120248
36.0 85.0 120.0 114.0
obstacle
0.124380074441
264.0 149.0 45.0 34.0
obstacle
0.124165982008
420.0 138.0 80.0 109.0
obstacle
0.124049395323
340.0 23.0 51.0 31.0
obstacle
0.123878419399
265.0 200.0 46.0 36.0
obstacle
0.123472966254
269.0 190.0 113.0 110.0
obstacle
0.123395316303
146.0 73.0 54.0 36.0
obstacle
0.123375378549
380.0 16.0 120.0 252.0
obstacle
0.123248174787
73.0 307.0 49.0 27.0
obstacle
0.123084113002
454.0 46.0 46.0 37.0
obstacle
0.12303673476
232.0 268.0 114.0 66.0
obstacle
0.122968442738
187.0 264.0 128.0 70.0
obstacle
0.122934527695
183.0 306.0 58.0 28.0
obstacle
0.122608117759
100.0 33.0 143.0 114.0
obstacle
0.122468814254
32.0 123.0 52.0 35.0
obstacle
0.122119449079
264.0 123.0 47.0 35.0
obstacle
0.122054882348
132.0 199.0 238.0 135.0
obstacle
0.122049480677
377.0 302.0 52.0 32.0
obstacle
0.122047148645
418.0 304.0 47.0 30.0
obstacle
0.121695771813
139.0 248.0 141.0 86.0
obstacle
0.121520265937
227.0 163.0 273.0 113.0
obstacle
0.121464788914
417.0 191.0 83.0 107.0
obstacle
0.121374987066
71.0 98.0 51.0 34.0
obstacle
0.121122606099
255.0 166.0 145.0 106.0
obstacle
0.121027134359
261.0 229.0 135.0 105.0
obstacle
0.120907276869
348.0 141.0 113.0 102.0
obstacle
0.120757445693
379.0 250.0 51.0 40.0
obstacle
0.12073559314
0.0 195.0 361.0 99.0
obstacle
0.119988769293
0.0 103.0 91.0 130.0
obstacle
0.119845978916
0.0 253.0 42.0 36.0
obstacle
0.119813263416
150.0 146.0 350.0 92.0
obstacle
0.119289077818
220.0 35.0 280.0 111.0
obstacle
0.118918247521
151.0 49.0 45.0 31.0
obstacle
0.118855245411
263.0 304.0 51.0 30.0
obstacle
0.118685491383
101.0 226.0 67.0 33.0
obstacle
0.118483960629
263.0 170.0 50.0 43.0
obstacle
0.118444561958
69.0 149.0 55.0 35.0
obstacle
0.118047691882
156.0 163.0 114.0 112.0
obstacle
0.117966651917
456.0 252.0 44.0 35.0
obstacle
0.117801055312
19.0 122.0 392.0 87.0
obstacle
0.117720812559
41.0 240.0 425.0 94.0
obstacle
0.117357492447
0.0 202.0 44.0 33.0
obstacle
0.117323882878
228.0 249.0 44.0 39.0
obstacle
0.117293193936
268.0 0.0 116.0 77.0
obstacle
0.117273464799
121.0 111.0 104.0 115.0
obstacle
0.116999849677
412.0 123.0 55.0 35.0
obstacle
0.116963014007
107.0 174.0 59.0 33.0
obstacle
0.116863101721
341.0 98.0 48.0 34.0
obstacle
0.116840973496
0.0 126.0 47.0 29.0
obstacle
0.11681291461
36.0 169.0 358.0 99.0
obstacle
0.116776898503
299.0 173.0 52.0 41.0
obstacle
0.116723664105
188.0 278.0 50.0 33.0
obstacle
0.116629175842
377.0 21.0 54.0 37.0
obstacle
0.116606220603
0.0 257.0 90.0 77.0
obstacle
0.116594403982
226.0 116.0 45.0 48.0
obstacle
0.116460561752
193.0 195.0 116.0 97.0
obstacle
0.1163110286
191.0 97.0 40.0 37.0
obstacle
0.116138540208
339.0 250.0 51.0 40.0
obstacle
0.116097286344
31.0 7.0 132.0 114.0
obstacle
0.116088934243
0.0 21.0 45.0 36.0
obstacle
0.115650258958
112.0 191.0 123.0 108.0
obstacle
0.115342482924
264.0 273.0 50.0 44.0
obstacle
0.115284107625
344.0 47.0 44.0 33.0
obstacle
0.115264832973
0.0 0.0 38.0 29.0
obstacle
0.115259237587
263.0 72.0 48.0 32.0
obstacle
0.115082360804
226.0 195.0 44.0 45.0
obstacle
0.115061327815
303.0 0.0 47.0 32.0
obstacle
0.115007661283
201.0 85.0 96.0 111.0
obstacle
0.114939421415
332.0 73.0 64.0 33.0
obstacle
0.114851176739
260.0 29.0 129.0 123.0
obstacle
0.114645823836
226.0 0.0 123.0 71.0
obstacle
0.114391505718
229.0 303.0 46.0 31.0
obstacle
0.114343702793
240.0 13.0 98.0 105.0
obstacle
0.114210575819
0.0 74.0 42.0 33.0
obstacle
0.113848909736
383.0 73.0 43.0 33.0
obstacle
0.113828219473
379.0 175.0 50.0 35.0
obstacle
0.113820187747
263.0 0.0 51.0 29.0
obstacle
0.113719649613
347.0 0.0 114.0 71.0
obstacle
0.113637588918
35.0 25.0 49.0 30.0
obstacle
0.113586679101
374.0 118.0 57.0 45.0
obstacle
0.113478697836
457.0 96.0 43.0 37.0
obstacle
0.113405384123
382.0 96.0 43.0 39.0
obstacle
0.113370813429
0.0 50.0 40.0 30.0
obstacle
0.113331854343
341.0 149.0 50.0 35.0
obstacle
0.113150499761
454.0 74.0 46.0 32.0
obstacle
0.113131575286
34.0 100.0 49.0 31.0
obstacle
0.112921573222
188.0 0.0 125.0 83.0
obstacle
0.112633988261
72.0 278.0 51.0 35.0
obstacle
0.112621769309
151.0 147.0 50.0 37.0
obstacle
0.112500742078
304.0 73.0 46.0 33.0
obstacle
0.112464666367
189.0 170.0 43.0 43.0
obstacle
0.11234498769
33.0 76.0 56.0 29.0
obstacle
0.112258054316
0.0 98.0 47.0 33.0
obstacle
0.112222351134
302.0 301.0 48.0 33.0
obstacle
0.112104587257
265.0 98.0 49.0 34.0
obstacle
0.112083114684
0.0 177.0 45.0 32.0
obstacle
0.112062387168
458.0 302.0 42.0 32.0
obstacle
0.112011492252
298.0 136.0 132.0 116.0
obstacle
0.111790239811
416.0 228.0 56.0 31.0
obstacle
0.111658968031
415.0 20.0 55.0 40.0
obstacle
0.111649431288
302.0 147.0 44.0 38.0
obstacle
0.111571259797
262.0 223.0 54.0 42.0
obstacle
0.111549980938
69.0 228.0 58.0 31.0
obstacle
0.111504286528
184.0 0.0 56.0 29.0
obstacle
0.111335970461
221.0 226.0 58.0 35.0
obstacle
0.111207991838
300.0 25.0 54.0 28.0
obstacle
0.111190214753
112.0 48.0 48.0 32.0
obstacle
0.11100743711
190.0 51.0 44.0 28.0
obstacle
0.110932305455
190.0 254.0 42.0 33.0
obstacle
0.110786058009
250.0 78.0 77.0 127.0
obstacle
0.110544286668
226.0 48.0 47.0 31.0
obstacle
0.110461570323
454.0 149.0 46.0 36.0
obstacle
0.109864838421
71.0 22.0 53.0 35.0
obstacle
0.109853304923
73.0 255.0 50.0 29.0
obstacle
0.109810233116
66.0 179.0 62.0 26.0
obstacle
0.109804339707
69.0 204.0 58.0 27.0
obstacle
0.109623976052
379.0 48.0 51.0 32.0
obstacle
0.109535783529
35.0 48.0 49.0 35.0
obstacle
0.1094661057
189.0 227.0 47.0 34.0
obstacle
0.109431430697
420.0 97.0 42.0 36.0
obstacle
0.109333463013
345.0 200.0 43.0 38.0
obstacle
0.10917557776
226.0 71.0 46.0 36.0
obstacle
0.109103381634
72.0 124.0 50.0 33.0
obstacle
0.108877539635
41.0 0.0 342.0 74.0
obstacle
0.10875108093
457.0 23.0 43.0 33.0
obstacle
0.108719907701
107.0 74.0 60.0 32.0
obstacle
0.108495183289
75.0 75.0 46.0 29.0
obstacle
0.108347646892
37.0 177.0 44.0 31.0
obstacle
0.108294025064
222.0 24.0 57.0 30.0
obstacle
0.108148291707
0.0 280.0 46.0 33.0
obstacle
0.107972480357
222.0 144.0 50.0 45.0
obstacle
0.107750400901
295.0 48.0 63.0 32.0
obstacle
0.107692420483
145.0 303.0 59.0 31.0
obstacle
0.107546500862
261.0 25.0 60.0 28.0
obstacle
0.107275955379
455.0 203.0 45.0 33.0
obstacle
0.107040785253
380.0 0.0 48.0 32.0
obstacle
0.106921963394
333.0 122.0 65.0 38.0
obstacle
0.106850065291
226.0 0.0 47.0 29.0
obstacle
0.106634527445
154.0 123.0 37.0 35.0
obstacle
0.106429040432
302.0 249.0 50.0 41.0
obstacle
0.106356449425
418.0 0.0 46.0 33.0
obstacle
0.106170244515
0.0 151.0 45.0 31.0
obstacle
0.105624198914
112.0 0.0 47.0 31.0
obstacle
0.10554202646
37.0 226.0 43.0 38.0
obstacle
0.105238392949
454.0 0.0 46.0 29.0
obstacle
0.105202957988
148.0 23.0 51.0 32.0
obstacle
0.105067282915
38.0 0.0 43.0 29.0
obstacle
0.105032868683
454.0 227.0 46.0 34.0
obstacle
0.104969918728
60.0 59.0 145.0 166.0
obstacle
0.104963362217
185.0 145.0 56.0 41.0
obstacle
0.104910619557
0.0 228.0 47.0 34.0
obstacle
0.104765556753
111.0 122.0 48.0 37.0
obstacle
0.104671314359
383.0 148.0 42.0 37.0
obstacle
0.104217432439
72.0 0.0 50.0 30.0
obstacle
0.104086004198
151.0 170.0 47.0 41.0
obstacle
0.104021772742
417.0 176.0 50.0 32.0
obstacle
0.103792242706
151.0 0.0 46.0 32.0
obstacle
0.103774055839
103.0 252.0 61.0 33.0
obstacle
0.103635035455
142.0 225.0 61.0 35.0
obstacle
0.103485167027
230.0 274.0 43.0 42.0
obstacle
0.103414647281
223.0 166.0 52.0 51.0
obstacle
0.103410795331
339.0 271.0 54.0 47.0
obstacle
0.103384569287
71.0 50.0 51.0 30.0
obstacle
0.103185154498
340.0 302.0 49.0 32.0
obstacle
0.103055842221
457.0 175.0 43.0 35.0
obstacle
0.102870948613
37.0 199.0 42.0 39.0
obstacle
0.102714724839
152.0 275.0 43.0 40.0
obstacle
0.102629967034
339.0 172.0 50.0 40.0
obstacle
0.101629018784
382.0 225.0 46.0 38.0
obstacle
0.101581811905
36.0 149.0 48.0 35.0
obstacle
0.101078152657
187.0 193.0 48.0 47.0
obstacle
0.101025223732
141.0 249.0 64.0 41.0
obstacle
0.100695937872
110.0 279.0 52.0 30.0
obstacle
0.0998536944389
456.0 282.0 44.0 30.0
obstacle
0.0993058159947
210.0 122.0 290.0 91.0
obstacle
0.0990390405059
184.0 71.0 55.0 38.0
obstacle
0.0981781557202
110.0 22.0 53.0 34.0
obstacle
0.0976115241647
299.0 223.0 56.0 40.0
obstacle
0.0976034477353
385.0 273.0 37.0 41.0
obstacle
0.0973982214928
421.0 148.0 44.0 37.0
obstacle
0.0971076712012
415.0 202.0 54.0 34.0
obstacle
0.0970065519214
300.0 280.0 51.0 31.0
obstacle
0.0968044921756
265.0 249.0 44.0 41.0
obstacle
0.096787750721
144.0 201.0 57.0 32.0
obstacle
0.0961846485734
338.0 224.0 52.0 38.0
obstacle
0.0960283279419
381.0 200.0 48.0 37.0
obstacle
0.095699429512
184.0 24.0 55.0 31.0
obstacle
0.0945544540882
421.0 276.0 43.0 42.0
obstacle
0.0940982401371
342.0 0.0 46.0 28.0
obstacle
0.0907649323344
104.0 202.0 64.0 31.0
obstacle
0.0882905051112
415.0 254.0 53.0 32.0
