obstacle
0.168480604887
69.0 0.0 208.0 281.0
obstacle
0.166639715433
0.0 24.0 500.0 257.0
obstacle
0.164592385292
137.0 118.0 231.0 84.0
obstacle
0.158461749554
160.0 0.0 180.0 267.0
obstacle
0.155019074678
275.0 4.0 225.0 277.0
obstacle
0.153101921082
378.0 203.0 122.0 78.0
obstacle
0.151992082596
284.0 166.0 165.0 79.0
obstacle
0.151789918542
100.0 98.0 307.0 86.0
obstacle
0.150223687291
8.0 0.0 492.0 149.0
obstacle
0.148357823491
20.0 144.0 383.0 77.0
obstacle
0.147903054953
312.0 0.0 188.0 145.0
obstacle
0.14741948247
180.0 144.0 140.0 78.0
obstacle
0.146143525839
0.0 61.0 253.0 73.0
obstacle
0.144572034478
0.0 153.0 434.0 128.0
obstacle
0.144510999322
73.0 207.0 127.0 74.0
obstacle
0.1440731287
184.0 0.0 213.0 181.0
obstacle
0.14393375814
89.0 203.0 322.0 78.0
obstacle
0.141999319196
143.0 221.0 134.0 60.0
obstacle
0.141586586833
341.0 143.0 46.0 36.0
obstacle
0.141112968326
262.0 223.0 128.0 58.0
obstacle
0.140264838934
0.0 85.0 189.0 112.0
obstacle
0.140152424574
135.0 98.0 146.0 129.0
obstacle
0.139889702201
205.0 197.0 295.0 84.0
obstacle
0.139805495739
0.0 0.0 148.0 151.0
obstacle
0.139661669731
0.0 0.0 215.0 240.0
obstacle
0.13931004703
107.0 114.0 130.0 96.0
obstacle
0.139263689518
0.0 102.0 147.0 179.0
obstacle
0.139088004827
178.0 117.0 322.0 90.0
obstacle
0.138910323381
64.0 59.0 139.0 119.0
obstacle
0.138379335403
286.0 0.0 214.0 56.0
obstacle
0.137503400445
412.0 68.0 88.0 101.0
obstacle
0.137131944299
233.0 100.0 103.0 124.0
obstacle
0.135433241725
174.0 74.0 153.0 91.0
obstacle
0.134887650609
20.0 157.0 153.0 100.0
obstacle
0.1345898211
145.0 149.0 59.0 26.0
obstacle
0.133273079991
124.0 95.0 255.0 186.0
obstacle
0.133117750287
225.0 52.0 129.0 90.0
obstacle
0.133105695248
0.0 185.0 270.0 96.0
obstacle
0.131797671318
267.0 110.0 119.0 102.0
obstacle
0.131068810821
94.0 165.0 395.0 80.0
obstacle
0.130775481462
108.0 181.0 132.0 92.0
obstacle
0.130289375782
0.0 137.0 205.0 94.0
obstacle
0.12999856472
267.0 144.0 40.0 33.0
obstacle
0.129843607545
190.0 147.0 45.0 27.0
obstacle
0.129754900932
88.0 0.0 245.0 159.0
obstacle
0.129058897495
367.0 47.0 133.0 234.0
obstacle
0.128785073757
297.0 143.0 54.0 35.0
obstacle
0.12862944603
128.0 0.0 321.0 87.0
obstacle
0.128468707204
178.0 175.0 144.0 104.0
obstacle
0.128394037485
8.0 51.0 99.0 95.0
obstacle
0.128047898412
207.0 128.0 239.0 153.0
obstacle
0.127946674824
0.0 253.0 43.0 28.0
obstacle
0.127108067274
226.0 107.0 44.0 24.0
obstacle
0.127102971077
341.0 188.0 42.0 34.0
obstacle
0.12708877027
41.0 19.0 36.0 27.0
obstacle
0.12677206099
376.0 4.0 124.0 102.0
obstacle
0.126708343625
383.0 169.0 39.0 30.0
obstacle
0.126385837793
43.0 90.0 104.0 101.0
obstacle
0.126233428717
209.0 64.0 291.0 111.0
obstacle
0.126016631722
106.0 33.0 133.0 85.0
obstacle
0.12599183619
217.0 204.0 140.0 77.0
obstacle
0.125968754292
351.0 98.0 112.0 84.0
obstacle
0.125927820802
375.0 229.0 62.0 39.0
obstacle
0.125893473625
223.0 142.0 51.0 38.0
obstacle
0.125482410192
34.0 149.0 48.0 27.0
obstacle
0.125128939748
210.0 0.0 155.0 77.0
obstacle
0.124477520585
40.0 9.0 115.0 90.0
obstacle
0.124229669571
337.0 216.0 132.0 65.0
obstacle
0.123923622072
36.0 255.0 48.0 26.0
obstacle
0.123888112605
332.0 147.0 147.0 72.0
obstacle
0.123795300722
3.0 0.0 108.0 72.0
obstacle
0.123704813421
145.0 103.0 55.0 30.0
obstacle
0.123632617295
454.0 102.0 46.0 35.0
obstacle
0.123369656503
415.0 0.0 85.0 60.0
obstacle
0.123203001916
0.0 20.0 43.0 25.0
obstacle
0.123193398118
0.0 103.0 44.0 32.0
obstacle
0.123106248677
109.0 99.0 50.0 36.0
obstacle
0.123084530234
0.0 215.0 108.0 66.0
obstacle
0.123081028461
150.0 7.0 124.0 94.0
obstacle
0.123072691262
0.0 52.0 359.0 177.0
obstacle
0.123049646616
149.0 125.0 46.0 30.0
obstacle
0.122943632305
0.0 14.0 242.0 82.0
obstacle
0.122893624008
113.0 150.0 45.0 24.0
obstacle
0.122535467148
305.0 114.0 118.0 94.0
obstacle
0.122300773859
383.0 136.0 117.0 95.0
obstacle
0.122109018266
0.0 125.0 44.0 32.0
obstacle
0.121771253645
339.0 29.0 129.0 96.0
obstacle
0.121730193496
229.0 125.0 42.0 29.0
obstacle
0.121722772717
417.0 86.0 51.0 23.0
obstacle
0.121652521193
192.0 127.0 39.0 25.0
obstacle
0.121422536671
306.0 166.0 37.0 34.0
obstacle
0.121358245611
0.0 107.0 282.0 110.0
obstacle
0.12135245651
369.0 42.0 131.0 113.0
obstacle
0.120995551348
29.0 219.0 135.0 62.0
obstacle
0.120982713997
368.0 126.0 71.0 28.0
obstacle
0.120693907142
308.0 73.0 120.0 91.0
obstacle
0.120524570346
30.0 49.0 359.0 97.0
obstacle
0.119972229004
302.0 0.0 125.0 77.0
obstacle
0.119940593839
374.0 210.0 55.0 34.0
obstacle
0.119601517916
103.0 0.0 138.0 60.0
obstacle
0.119545809925
87.0 51.0 94.0 94.0
obstacle
0.119366571307
263.0 258.0 54.0 23.0
obstacle
0.119247063994
31.0 123.0 54.0 33.0
obstacle
0.119231276214
145.0 63.0 55.0 26.0
obstacle
0.119144074619
37.0 192.0 45.0 28.0
obstacle
0.119056887925
151.0 0.0 43.0 24.0
obstacle
0.119017899036
68.0 99.0 53.0 37.0
obstacle
0.118920095265
0.0 232.0 44.0 33.0
obstacle
0.118807509542
0.0 0.0 360.0 70.0
obstacle
0.118663288653
143.0 159.0 137.0 92.0
obstacle
0.118557348847
47.0 39.0 99.0 117.0
obstacle
0.117888778448
0.0 132.0 100.0 106.0
obstacle
0.117772571743
0.0 146.0 44.0 33.0
obstacle
0.117261476815
303.0 255.0 50.0 26.0
obstacle
0.117185629904
0.0 189.0 44.0 34.0
obstacle
0.117171995342
421.0 18.0 41.0 29.0
obstacle
0.116367101669
38.0 0.0 41.0 23.0
obstacle
0.116338774562
0.0 0.0 41.0 23.0
obstacle
0.115914598107
149.0 255.0 49.0 26.0
obstacle
0.115717403591
269.0 165.0 34.0 37.0
obstacle
0.11570841819
35.0 63.0 47.0 25.0
obstacle
0.115177206695
418.0 182.0 82.0 89.0
obstacle
0.115170277655
0.0 169.0 44.0 30.0
obstacle
0.11504522711
107.0 122.0 55.0 34.0
obstacle
0.114823959768
342.0 0.0 48.0 26.0
obstacle
0.114672206342
322.0 183.0 165.0 91.0
obstacle
0.114537663758
109.0 257.0 52.0 24.0
obstacle
0.114400364459
341.0 255.0 52.0 26.0
obstacle
0.11428899318
213.0 160.0 152.0 90.0
obstacle
0.114217147231
415.0 257.0 54.0 24.0
obstacle
0.114203594625
318.0 88.0 182.0 104.0
obstacle
0.113844230771
32.0 0.0 126.0 57.0
obstacle
0.113843977451
0.0 60.0 45.0 32.0
obstacle
0.113770514727
381.0 85.0 48.0 27.0
obstacle
0.113761276007
31.0 79.0 54.0 36.0
obstacle
0.113693721592
121.0 25.0 335.0 101.0
obstacle
0.113483674824
185.0 235.0 55.0 28.0
obstacle
0.113432042301
151.0 167.0 48.0 29.0
obstacle
0.11326007545
457.0 18.0 43.0 30.0
obstacle
0.11259175837
339.0 214.0 48.0 26.0
obstacle
0.112429633737
72.0 149.0 48.0 26.0
obstacle
0.112403072417
69.0 171.0 52.0 26.0
obstacle
0.112377494574
382.0 254.0 48.0 27.0
obstacle
0.112284593284
222.0 257.0 61.0 24.0
obstacle
0.112022936344
185.0 188.0 57.0 34.0
obstacle
0.111972369254
0.0 210.0 42.0 35.0
obstacle
0.111968785524
188.0 0.0 46.0 24.0
obstacle
0.111945331097
425.0 32.0 75.0 87.0
obstacle
0.111500009894
69.0 234.0 51.0 30.0
obstacle
0.11141744256
150.0 214.0 47.0 27.0
obstacle
0.111335717142
37.0 235.0 45.0 28.0
obstacle
0.111301250756
70.0 0.0 128.0 72.0
obstacle
0.111236959696
340.0 233.0 55.0 30.0
obstacle
0.111205816269
114.0 0.0 43.0 25.0
obstacle
0.111182831228
269.0 20.0 41.0 26.0
obstacle
0.111106596887
454.0 171.0 46.0 26.0
obstacle
0.111092418432
73.0 0.0 45.0 23.0
obstacle
0.110945239663
454.0 213.0 46.0 28.0
obstacle
0.110928751528
457.0 257.0 43.0 24.0
obstacle
0.110705383122
37.0 213.0 45.0 30.0
obstacle
0.110599316657
307.0 20.0 41.0 26.0
obstacle
0.110553450882
455.0 192.0 45.0 28.0
obstacle
0.110070183873
455.0 0.0 45.0 25.0
obstacle
0.109986238182
385.0 21.0 42.0 24.0
obstacle
0.109847433865
74.0 18.0 44.0 29.0
obstacle
0.109823785722
302.0 213.0 50.0 27.0
obstacle
0.109814189374
267.0 10.0 122.0 90.0
obstacle
0.109795495868
140.0 53.0 144.0 92.0
obstacle
0.109510488808
222.0 236.0 60.0 27.0
obstacle
0.109256371856
379.0 0.0 52.0 25.0
obstacle
0.109246253967
76.0 257.0 45.0 24.0
obstacle
0.109175041318
298.0 233.0 61.0 29.0
obstacle
0.109152443707
301.0 86.0 52.0 25.0
obstacle
0.10906829685
452.0 235.0 48.0 28.0
obstacle
0.108804441988
268.0 86.0 41.0 24.0
obstacle
0.108713395894
415.0 146.0 51.0 31.0
obstacle
0.108709439635
373.0 60.0 63.0 32.0
obstacle
0.108619652689
376.0 147.0 54.0 30.0
obstacle
0.108524084091
0.0 39.0 43.0 30.0
obstacle
0.10848633945
420.0 167.0 45.0 32.0
obstacle
0.108478210866
191.0 167.0 42.0 30.0
obstacle
0.108448579907
112.0 170.0 44.0 28.0
obstacle
0.108404800296
451.0 41.0 49.0 26.0
obstacle
0.108368247747
383.0 40.0 47.0 29.0
obstacle
0.10824021697
112.0 212.0 46.0 31.0
obstacle
0.108178749681
150.0 83.0 43.0 27.0
obstacle
0.108127348125
266.0 63.0 48.0 26.0
obstacle
0.108086764812
36.0 171.0 46.0 26.0
obstacle
0.107886090875
226.0 85.0 49.0 28.0
obstacle
0.107865899801
185.0 64.0 55.0 26.0
obstacle
0.107789091766
420.0 0.0 44.0 26.0
obstacle
0.107670687139
147.0 234.0 52.0 29.0
obstacle
0.107590645552
229.0 0.0 43.0 27.0
obstacle
0.10758434236
40.0 39.0 39.0 29.0
obstacle
0.107484519482
72.0 41.0 48.0 25.0
obstacle
0.10747281462
0.0 82.0 44.0 30.0
obstacle
0.107149668038
374.0 185.0 59.0 41.0
obstacle
0.107086129487
108.0 193.0 54.0 26.0
obstacle
0.10700314492
253.0 235.0 75.0 28.0
obstacle
0.106976635754
376.0 104.0 57.0 29.0
obstacle
0.10697633028
451.0 63.0 49.0 27.0
obstacle
0.106857158244
190.0 31.0 120.0 89.0
obstacle
0.106853269041
346.0 19.0 42.0 28.0
obstacle
0.106800451875
73.0 79.0 45.0 35.0
obstacle
0.106634378433
222.0 63.0 55.0 27.0
obstacle
0.106586225331
70.0 59.0 48.0 32.0
obstacle
0.106529921293
186.0 255.0 55.0 26.0
obstacle
0.106355644763
103.0 64.0 62.0 24.0
obstacle
0.106310807168
62.0 124.0 66.0 30.0
obstacle
0.106187134981
253.0 0.0 145.0 61.0
obstacle
0.105798795819
456.0 127.0 44.0 28.0
obstacle
0.105690054595
192.0 20.0 40.0 26.0
obstacle
0.105220630765
341.0 43.0 53.0 23.0
obstacle
0.104963645339
346.0 166.0 33.0 32.0
obstacle
0.104683078825
301.0 107.0 49.0 23.0
obstacle
0.104489274323
300.0 64.0 54.0 24.0
obstacle
0.104225859046
145.0 191.0 61.0 28.0
obstacle
0.10406793654
108.0 234.0 51.0 29.0
obstacle
0.104025036097
301.0 125.0 48.0 30.0
obstacle
0.103999949992
340.0 123.0 52.0 33.0
obstacle
0.10394693166
453.0 85.0 47.0 27.0
obstacle
0.103934489191
343.0 85.0 48.0 27.0
obstacle
0.103928156197
186.0 82.0 51.0 30.0
obstacle
0.103776559234
267.0 126.0 39.0 28.0
obstacle
0.103756763041
28.0 104.0 59.0 28.0
obstacle
0.103631623089
303.0 0.0 48.0 26.0
obstacle
0.103374697268
419.0 103.0 48.0 33.0
obstacle
0.103201128542
232.0 166.0 37.0 34.0
obstacle
0.103108614683
187.0 215.0 52.0 25.0
obstacle
0.103092685342
305.0 44.0 48.0 22.0
obstacle
0.103067412972
261.0 107.0 50.0 25.0
obstacle
0.102751798928
186.0 106.0 51.0 26.0
obstacle
0.102555193007
414.0 189.0 54.0 33.0
obstacle
0.102444134653
453.0 148.0 47.0 28.0
obstacle
0.102093309164
417.0 126.0 49.0 29.0
obstacle
0.102085620165
416.0 211.0 53.0 31.0
obstacle
0.101984806359
190.0 41.0 44.0 27.0
obstacle
0.101823523641
409.0 233.0 67.0 31.0
obstacle
0.101755440235
116.0 40.0 39.0 29.0
obstacle
0.101673662663
112.0 20.0 48.0 26.0
obstacle
0.101553857327
151.0 42.0 47.0 26.0
obstacle
0.101003177464
73.0 192.0 45.0 26.0
obstacle
0.100943826139
420.0 39.0 48.0 31.0
obstacle
0.100874423981
266.0 0.0 44.0 25.0
obstacle
0.100854068995
343.0 106.0 46.0 27.0
obstacle
0.10057322681
231.0 19.0 39.0 28.0
obstacle
0.100500717759
304.0 191.0 43.0 27.0
obstacle
0.100403241813
337.0 63.0 57.0 27.0
obstacle
0.100288175046
73.0 214.0 45.0 27.0
obstacle
0.0997318401933
266.0 43.0 48.0 24.0
obstacle
0.0995755568147
151.0 19.0 46.0 29.0
obstacle
0.098024494946
112.0 78.0 42.0 35.0
obstacle
0.0979983955622
227.0 41.0 50.0 26.0
obstacle
0.0971067845821
405.0 60.0 74.0 32.0
obstacle
0.0960010960698
227.0 214.0 47.0 25.0
obstacle
0.0957673937082
262.0 215.0 54.0 24.0
obstacle
0.0954375118017
229.0 187.0 42.0 35.0
obstacle
0.0901816487312
264.0 190.0 46.0 30.0
