obstacle
0.162795752287
0.0 77.0 452.0 256.0
obstacle
0.159181326628
3.0 120.0 112.0 147.0
obstacle
0.157391294837
279.0 4.0 221.0 329.0
obstacle
0.150159776211
253.0 157.0 140.0 122.0
obstacle
0.150022476912
79.0 110.0 112.0 113.0
obstacle
0.149584084749
352.0 0.0 148.0 194.0
obstacle
0.148079261184
149.0 151.0 124.0 135.0
obstacle
0.147836923599
100.0 95.0 227.0 238.0
obstacle
0.147221207619
304.0 146.0 117.0 146.0
obstacle
0.146195918322
0.0 0.0 202.0 318.0
obstacle
0.14486579597
0.0 0.0 312.0 121.0
obstacle
0.142045989633
244.0 168.0 256.0 98.0
obstacle
0.141973152757
172.0 0.0 236.0 285.0
obstacle
0.140679761767
0.0 0.0 500.0 182.0
obstacle
0.140308767557
0.0 176.0 216.0 135.0
obstacle
0.13941757381
178.0 142.0 322.0 96.0
obstacle
0.139076247811
0.0 30.0 90.0 118.0
obstacle
0.138853445649
367.0 102.0 133.0 231.0
obstacle
0.138001814485
27.0 158.0 136.0 121.0
obstacle
0.137515664101
0.0 118.0 44.0 41.0
obstacle
0.137411892414
375.0 256.0 125.0 77.0
obstacle
0.135532930493
268.0 225.0 232.0 108.0
obstacle
0.135103628039
139.0 257.0 144.0 76.0
obstacle
0.134991377592
42.0 108.0 107.0 117.0
obstacle
0.134762242436
0.0 159.0 80.0 118.0
obstacle
0.133638769388
55.0 0.0 239.0 306.0
obstacle
0.133621245623
0.0 135.0 316.0 112.0
obstacle
0.132896080613
0.0 85.0 115.0 112.0
obstacle
0.132742092013
277.0 32.0 223.0 118.0
obstacle
0.132477074862
151.0 73.0 51.0 33.0
obstacle
0.132337078452
300.0 242.0 136.0 91.0
obstacle
0.132284358144
0.0 226.0 83.0 107.0
obstacle
0.132213518023
11.0 124.0 95.0 85.0
obstacle
0.132067292929
379.0 0.0 121.0 59.0
obstacle
0.131681919098
274.0 60.0 107.0 111.0
obstacle
0.131380543113
0.0 0.0 137.0 202.0
obstacle
0.130829289556
184.0 195.0 316.0 96.0
obstacle
0.130826577544
280.0 116.0 97.0 101.0
obstacle
0.130652606487
1.0 181.0 115.0 126.0
obstacle
0.13046823442
459.0 124.0 41.0 31.0
obstacle
0.129862114787
259.0 194.0 56.0 40.0
obstacle
0.129351824522
374.0 194.0 59.0 46.0
obstacle
0.129188552499
419.0 118.0 81.0 98.0
obstacle
0.128857076168
348.0 158.0 112.0 121.0
obstacle
0.128758177161
37.0 276.0 43.0 37.0
obstacle
0.128701642156
230.0 188.0 116.0 111.0
obstacle
0.128564313054
252.0 0.0 148.0 68.0
obstacle
0.128561928868
418.0 282.0 53.0 29.0
obstacle
0.12846557796
214.0 82.0 224.0 251.0
obstacle
0.128190919757
176.0 0.0 301.0 100.0
obstacle
0.128147706389
113.0 56.0 123.0 118.0
obstacle
0.127568587661
226.0 55.0 126.0 121.0
obstacle
0.127567753196
372.0 148.0 66.0 36.0
obstacle
0.127286687493
108.0 173.0 52.0 32.0
obstacle
0.127154946327
0.0 66.0 304.0 99.0
obstacle
0.12708760798
0.0 223.0 294.0 110.0
obstacle
0.126960888505
380.0 122.0 46.0 35.0
obstacle
0.126874148846
198.0 160.0 105.0 116.0
obstacle
0.126544058323
186.0 61.0 130.0 108.0
obstacle
0.126430884004
38.0 0.0 115.0 71.0
obstacle
0.12629763782
255.0 253.0 144.0 80.0
obstacle
0.125612288713
226.0 50.0 49.0 30.0
obstacle
0.125510722399
147.0 125.0 52.0 31.0
obstacle
0.125452145934
0.0 279.0 41.0 31.0
obstacle
0.125396877527
24.0 145.0 68.0 40.0
obstacle
0.125072479248
269.0 75.0 45.0 30.0
obstacle
0.124969393015
340.0 124.0 48.0 32.0
obstacle
0.124936260283
72.0 44.0 50.0 38.0
obstacle
0.124790333211
305.0 73.0 48.0 33.0
obstacle
0.124774731696
120.0 143.0 109.0 150.0
obstacle
0.124757625163
304.0 59.0 123.0 114.0
obstacle
0.124641872942
35.0 113.0 357.0 108.0
obstacle
0.124026596546
320.0 124.0 94.0 86.0
obstacle
0.123990900815
45.0 8.0 101.0 113.0
obstacle
0.123882777989
154.0 210.0 117.0 117.0
obstacle
0.123703107238
185.0 238.0 132.0 95.0
obstacle
0.123618431389
33.0 235.0 126.0 98.0
obstacle
0.123608671129
0.0 167.0 46.0 45.0
obstacle
0.123600661755
252.0 82.0 248.0 118.0
obstacle
0.123491302133
193.0 50.0 39.0 28.0
obstacle
0.12286516279
83.0 232.0 333.0 101.0
obstacle
0.122795954347
5.0 0.0 104.0 85.0
obstacle
0.12270193547
134.0 0.0 232.0 191.0
obstacle
0.122609056532
186.0 23.0 54.0 31.0
obstacle
0.122201047838
109.0 125.0 51.0 30.0
obstacle
0.122182957828
420.0 124.0 44.0 34.0
obstacle
0.121918134391
460.0 75.0 40.0 30.0
obstacle
0.121587730944
305.0 24.0 47.0 31.0
obstacle
0.121548362076
187.0 0.0 125.0 71.0
obstacle
0.121353082359
323.0 0.0 177.0 96.0
obstacle
0.121278502047
266.0 49.0 46.0 32.0
obstacle
0.121217757463
336.0 152.0 60.0 29.0
obstacle
0.12106667459
189.0 280.0 50.0 31.0
obstacle
0.120932638645
219.0 197.0 63.0 36.0
obstacle
0.120879277587
340.0 75.0 56.0 30.0
obstacle
0.120870403945
0.0 20.0 47.0 35.0
obstacle
0.120644964278
76.0 0.0 353.0 73.0
obstacle
0.120623156428
457.0 281.0 43.0 29.0
obstacle
0.120257593691
103.0 40.0 370.0 102.0
obstacle
0.119984045625
252.0 12.0 146.0 103.0
obstacle
0.11957667768
228.0 75.0 47.0 30.0
obstacle
0.119503639638
189.0 76.0 50.0 28.0
obstacle
0.119413480163
71.0 262.0 128.0 71.0
obstacle
0.119410388172
342.0 0.0 46.0 29.0
obstacle
0.119361341
383.0 163.0 115.0 113.0
obstacle
0.119202010334
0.0 75.0 41.0 27.0
obstacle
0.119196042418
421.0 214.0 79.0 110.0
obstacle
0.119175724685
303.0 124.0 47.0 32.0
obstacle
0.119085773826
110.0 72.0 54.0 35.0
obstacle
0.118909344077
106.0 151.0 56.0 29.0
obstacle
0.118680350482
59.0 179.0 309.0 127.0
obstacle
0.118530467153
410.0 13.0 90.0 99.0
obstacle
0.118186041713
0.0 305.0 48.0 28.0
obstacle
0.118011154234
458.0 48.0 42.0 32.0
obstacle
0.117752090096
0.0 43.0 255.0 93.0
obstacle
0.117379568517
383.0 74.0 48.0 31.0
obstacle
0.117339983582
65.0 199.0 62.0 32.0
obstacle
0.11716529727
69.0 21.0 59.0 33.0
obstacle
0.117084696889
418.0 151.0 50.0 32.0
obstacle
0.117055304348
336.0 167.0 58.0 43.0
obstacle
0.116747379303
33.0 59.0 129.0 115.0
obstacle
0.116725347936
36.0 43.0 45.0 39.0
obstacle
0.116487026215
178.0 133.0 146.0 121.0
obstacle
0.116226963699
418.0 75.0 52.0 31.0
obstacle
0.116198547184
378.0 278.0 53.0 36.0
obstacle
0.116149753332
456.0 302.0 44.0 31.0
obstacle
0.115574203432
384.0 61.0 116.0 110.0
obstacle
0.115406408906
0.0 88.0 141.0 245.0
obstacle
0.115351557732
31.0 15.0 61.0 43.0
obstacle
0.115112483501
70.0 145.0 129.0 147.0
obstacle
0.114846095443
82.0 4.0 103.0 119.0
obstacle
0.114775493741
37.0 251.0 45.0 36.0
obstacle
0.114758148789
74.0 279.0 47.0 32.0
obstacle
0.114708274603
227.0 123.0 46.0 37.0
obstacle
0.114500209689
126.0 91.0 96.0 101.0
obstacle
0.114295259118
35.0 71.0 47.0 36.0
obstacle
0.114144772291
297.0 191.0 57.0 45.0
obstacle
0.114098578691
184.0 124.0 55.0 34.0
obstacle
0.114074148238
104.0 226.0 138.0 107.0
obstacle
0.113973259926
301.0 166.0 50.0 44.0
obstacle
0.113962776959
383.0 50.0 44.0 27.0
obstacle
0.11395958811
112.0 98.0 47.0 33.0
obstacle
0.113911189139
151.0 151.0 48.0 28.0
obstacle
0.113878697157
143.0 172.0 57.0 32.0
obstacle
0.113354511559
183.0 11.0 133.0 105.0
obstacle
0.113338276744
462.0 22.0 37.0 34.0
obstacle
0.113274648786
134.0 180.0 314.0 74.0
obstacle
0.113269016147
456.0 152.0 44.0 31.0
obstacle
0.113242216408
150.0 0.0 120.0 87.0
obstacle
0.113099753857
116.0 10.0 114.0 107.0
obstacle
0.112986445427
337.0 186.0 54.0 55.0
obstacle
0.11295285821
423.0 23.0 42.0 31.0
obstacle
0.11284596473
339.0 221.0 55.0 40.0
obstacle
0.112749017775
419.0 304.0 49.0 29.0
obstacle
0.112600274384
110.0 0.0 45.0 30.0
obstacle
0.112569436431
382.0 0.0 45.0 31.0
obstacle
0.112390212715
305.0 48.0 45.0 33.0
obstacle
0.112083785236
0.0 152.0 47.0 28.0
obstacle
0.112060151994
72.0 225.0 52.0 34.0
obstacle
0.111940063536
265.0 0.0 47.0 30.0
obstacle
0.111922584474
155.0 94.0 113.0 93.0
obstacle
0.111872002482
263.0 24.0 55.0 28.0
obstacle
0.111768193543
359.0 120.0 93.0 92.0
obstacle
0.111736014485
260.0 173.0 54.0 34.0
obstacle
0.111346520483
379.0 219.0 50.0 44.0
obstacle
0.110864192247
22.0 174.0 69.0 31.0
obstacle
0.110683374107
182.0 197.0 58.0 39.0
obstacle
0.110596127808
347.0 212.0 114.0 112.0
obstacle
0.110503979027
71.0 252.0 51.0 33.0
obstacle
0.110426038504
108.0 195.0 51.0 41.0
obstacle
0.110178105533
270.0 99.0 42.0 32.0
obstacle
0.110065937042
381.0 303.0 50.0 30.0
obstacle
0.109995894134
305.0 97.0 47.0 36.0
obstacle
0.109993897378
146.0 22.0 56.0 33.0
obstacle
0.109973460436
30.0 121.0 54.0 37.0
obstacle
0.109965436161
302.0 304.0 54.0 29.0
obstacle
0.10992397368
457.0 178.0 43.0 28.0
obstacle
0.109881445765
34.0 304.0 52.0 29.0
obstacle
0.10983338207
341.0 98.0 50.0 34.0
obstacle
0.109738394618
65.0 174.0 62.0 33.0
obstacle
0.109722055495
343.0 50.0 48.0 29.0
obstacle
0.109340079129
74.0 73.0 46.0 33.0
obstacle
0.109323978424
0.0 47.0 44.0 33.0
obstacle
0.109296604991
256.0 221.0 68.0 39.0
obstacle
0.109208516777
223.0 226.0 55.0 31.0
obstacle
0.109012648463
232.0 122.0 116.0 89.0
obstacle
0.108879052103
342.0 280.0 47.0 31.0
obstacle
0.108863323927
304.0 0.0 46.0 31.0
obstacle
0.108806341887
72.0 0.0 47.0 29.0
obstacle
0.108700357378
221.0 171.0 54.0 40.0
obstacle
0.108678616583
0.0 254.0 44.0 30.0
obstacle
0.108612045646
66.0 148.0 60.0 33.0
obstacle
0.108522377908
411.0 199.0 61.0 37.0
obstacle
0.108387239277
0.0 226.0 42.0 34.0
obstacle
0.108258843422
0.0 0.0 44.0 28.0
obstacle
0.108008809388
459.0 102.0 41.0 28.0
obstacle
0.107982851565
226.0 306.0 51.0 27.0
obstacle
0.107831500471
380.0 98.0 48.0 33.0
obstacle
0.10781968385
146.0 278.0 57.0 33.0
obstacle
0.107757121325
382.0 22.0 47.0 34.0
obstacle
0.10762989521
0.0 97.0 44.0 35.0
obstacle
0.107587225735
109.0 304.0 53.0 29.0
obstacle
0.107499651611
373.0 172.0 59.0 35.0
obstacle
0.107446543872
421.0 51.0 46.0 27.0
obstacle
0.107200421393
108.0 253.0 52.0 33.0
obstacle
0.107034176588
341.0 22.0 50.0 31.0
obstacle
0.10692460835
223.0 251.0 59.0 33.0
obstacle
0.106868371367
35.0 97.0 47.0 35.0
obstacle
0.106728829443
111.0 224.0 46.0 37.0
obstacle
0.106570310891
307.0 0.0 114.0 84.0
obstacle
0.10655220598
224.0 0.0 51.0 30.0
obstacle
0.106200493872
266.0 123.0 47.0 35.0
obstacle
0.106006242335
421.0 100.0 44.0 29.0
obstacle
0.105932287872
226.0 0.0 125.0 88.0
obstacle
0.105915203691
186.0 250.0 54.0 37.0
obstacle
0.105878211558
70.0 123.0 49.0 34.0
obstacle
0.105860799551
184.0 170.0 57.0 40.0
obstacle
0.105715841055
263.0 304.0 54.0 29.0
obstacle
0.105708770454
378.0 250.0 52.0 37.0
obstacle
0.105698846281
419.0 0.0 48.0 30.0
obstacle
0.105540312827
189.0 99.0 49.0 33.0
obstacle
0.105509832501
229.0 100.0 48.0 30.0
obstacle
0.105381764472
32.0 0.0 51.0 27.0
obstacle
0.105344675481
457.0 0.0 43.0 27.0
obstacle
0.105338029563
298.0 151.0 58.0 29.0
obstacle
0.105301208794
148.0 251.0 50.0 36.0
obstacle
0.104988127947
220.0 23.0 60.0 30.0
obstacle
0.10456123203
106.0 21.0 60.0 33.0
obstacle
0.104356065392
187.0 305.0 52.0 28.0
obstacle
0.104146979749
152.0 29.0 119.0 121.0
obstacle
0.104076549411
342.0 251.0 47.0 35.0
obstacle
0.103986687958
111.0 277.0 49.0 35.0
obstacle
0.103941984475
305.0 280.0 47.0 30.0
obstacle
0.103821344674
342.0 306.0 52.0 27.0
obstacle
0.103708535433
455.0 252.0 45.0 35.0
obstacle
0.103414967656
148.0 49.0 53.0 29.0
obstacle
0.103348441422
150.0 100.0 49.0 30.0
obstacle
0.103095315397
185.0 0.0 51.0 28.0
obstacle
0.103027105331
73.0 100.0 45.0 29.0
obstacle
0.102981857955
264.0 279.0 54.0 31.0
obstacle
0.102446436882
110.0 47.0 52.0 35.0
obstacle
0.102427445352
32.0 224.0 52.0 37.0
obstacle
0.102330505848
149.0 225.0 50.0 34.0
obstacle
0.102145075798
267.0 253.0 48.0 30.0
obstacle
0.101811297238
227.0 277.0 49.0 36.0
obstacle
0.10172187537
452.0 199.0 48.0 35.0
obstacle
0.101611115038
148.0 304.0 53.0 29.0
obstacle
0.100856803358
223.0 153.0 53.0 27.0
obstacle
0.100731663406
413.0 249.0 59.0 41.0
obstacle
0.100639104843
186.0 226.0 55.0 32.0
obstacle
0.099675282836
0.0 197.0 49.0 38.0
obstacle
0.0995606258512
413.0 173.0 58.0 35.0
obstacle
0.0993361845613
417.0 221.0 50.0 42.0
obstacle
0.0992882847786
72.0 305.0 50.0 28.0
obstacle
0.098932787776
181.0 152.0 63.0 26.0
obstacle
0.0988659933209
455.0 225.0 45.0 36.0
obstacle
0.0985469296575
147.0 0.0 51.0 32.0
obstacle
0.0966382473707
140.0 196.0 67.0 40.0
obstacle
0.0957557633519
299.0 219.0 61.0 43.0
obstacle
0.0949149951339
262.0 151.0 53.0 28.0
obstacle
0.0947172492743
29.0 197.0 57.0 39.0
obstacle
0.0942662656307
301.0 252.0 55.0 31.0
