obstacle
0.165535718203
0.0 79.0 500.0 254.0
obstacle
0.165338248014
0.0 35.0 201.0 298.0
obstacle
0.160017192364
167.0 87.0 328.0 109.0
obstacle
0.154104977846
0.0 196.0 190.0 93.0
obstacle
0.153002306819
142.0 48.0 217.0 285.0
obstacle
0.149685308337
32.0 143.0 368.0 96.0
obstacle
0.148279577494
138.0 240.0 362.0 93.0
obstacle
0.14741319418
0.0 137.0 85.0 113.0
obstacle
0.146270096302
282.0 140.0 93.0 103.0
obstacle
0.146149396896
345.0 137.0 115.0 110.0
obstacle
0.146036550403
147.0 126.0 123.0 135.0
obstacle
0.145208999515
229.0 0.0 271.0 87.0
obstacle
0.143606707454
373.0 258.0 127.0 75.0
obstacle
0.143560320139
0.0 114.0 210.0 105.0
obstacle
0.143270790577
145.0 0.0 355.0 234.0
obstacle
0.142048850656
318.0 0.0 182.0 271.0
obstacle
0.141843989491
58.0 84.0 235.0 219.0
obstacle
0.1417722404
314.0 134.0 103.0 116.0
obstacle
0.141217276454
29.0 0.0 211.0 254.0
obstacle
0.14112098515
394.0 136.0 97.0 112.0
obstacle
0.140501111746
229.0 93.0 117.0 148.0
obstacle
0.140490368009
76.0 161.0 117.0 118.0
obstacle
0.140461906791
251.0 112.0 149.0 109.0
obstacle
0.139755025506
0.0 0.0 128.0 253.0
obstacle
0.138815194368
0.0 225.0 356.0 108.0
obstacle
0.13774356246
140.0 248.0 143.0 85.0
obstacle
0.136344194412
70.0 260.0 128.0 73.0
obstacle
0.135883301497
340.0 117.0 50.0 44.0
obstacle
0.135495260358
210.0 31.0 236.0 272.0
obstacle
0.134843096137
415.0 179.0 85.0 129.0
obstacle
0.134732916951
0.0 0.0 500.0 141.0
obstacle
0.134707942605
0.0 178.0 241.0 78.0
obstacle
0.134704127908
113.0 228.0 121.0 105.0
obstacle
0.134584203362
0.0 191.0 85.0 105.0
obstacle
0.133984193206
71.0 89.0 119.0 157.0
obstacle
0.133297383785
22.0 70.0 382.0 142.0
obstacle
0.133186578751
25.0 184.0 299.0 118.0
obstacle
0.133111611009
0.0 59.0 96.0 114.0
obstacle
0.132899999619
128.0 100.0 86.0 137.0
obstacle
0.132799521089
186.0 226.0 52.0 33.0
obstacle
0.131141021848
6.0 168.0 102.0 102.0
obstacle
0.130956441164
71.0 171.0 47.0 40.0
obstacle
0.13085642457
308.0 186.0 113.0 112.0
obstacle
0.130845934153
3.0 102.0 110.0 128.0
obstacle
0.130646452308
375.0 134.0 57.0 60.0
obstacle
0.130365133286
0.0 277.0 46.0 36.0
obstacle
0.130088493228
339.0 205.0 130.0 127.0
obstacle
0.129951715469
28.0 55.0 137.0 120.0
obstacle
0.129005163908
266.0 121.0 44.0 40.0
obstacle
0.128759935498
265.0 145.0 48.0 39.0
obstacle
0.128723397851
181.0 141.0 59.0 45.0
obstacle
0.128604516387
273.0 89.0 227.0 244.0
obstacle
0.128420725465
380.0 20.0 47.0 37.0
obstacle
0.127677842975
132.0 156.0 316.0 122.0
obstacle
0.127288907766
376.0 0.0 124.0 85.0
obstacle
0.12728536129
139.0 0.0 144.0 96.0
obstacle
0.127232164145
28.0 230.0 136.0 103.0
obstacle
0.127201586962
0.0 0.0 121.0 69.0
obstacle
0.126908332109
40.0 0.0 343.0 99.0
obstacle
0.126878470182
244.0 0.0 242.0 169.0
obstacle
0.12668082118
211.0 180.0 289.0 126.0
obstacle
0.126669451594
265.0 237.0 124.0 96.0
obstacle
0.126437142491
0.0 23.0 41.0 33.0
obstacle
0.12631188333
188.0 170.0 51.0 43.0
obstacle
0.125887855887
294.0 258.0 141.0 75.0
obstacle
0.125810280442
74.0 144.0 46.0 43.0
obstacle
0.125765651464
187.0 196.0 49.0 40.0
obstacle
0.125569537282
194.0 188.0 116.0 111.0
obstacle
0.125498190522
138.0 0.0 224.0 194.0
obstacle
0.125386431813
0.0 256.0 119.0 77.0
obstacle
0.125321611762
457.0 122.0 43.0 37.0
obstacle
0.12513871491
221.0 264.0 135.0 69.0
obstacle
0.124775521457
384.0 72.0 116.0 86.0
obstacle
0.12464671582
189.0 234.0 123.0 99.0
obstacle
0.124432690442
148.0 141.0 52.0 46.0
obstacle
0.124162867665
0.0 156.0 162.0 177.0
obstacle
0.124027863145
0.0 2.0 93.0 124.0
obstacle
0.123921371996
420.0 121.0 46.0 40.0
obstacle
0.123533189297
0.0 4.0 195.0 119.0
obstacle
0.123494908214
117.0 159.0 110.0 119.0
obstacle
0.123469300568
380.0 170.0 49.0 39.0
obstacle
0.123363628983
256.0 0.0 141.0 99.0
obstacle
0.12321922183
426.0 97.0 74.0 138.0
obstacle
0.123089142144
367.0 149.0 133.0 184.0
obstacle
0.122992992401
417.0 30.0 83.0 120.0
obstacle
0.122893534601
318.0 108.0 182.0 118.0
obstacle
0.122460275888
78.0 199.0 37.0 34.0
obstacle
0.122290574014
376.0 116.0 55.0 48.0
obstacle
0.122257433832
188.0 0.0 46.0 30.0
obstacle
0.122252315283
202.0 145.0 298.0 92.0
obstacle
0.121928445995
159.0 186.0 108.0 117.0
obstacle
0.1217443645
339.0 4.0 126.0 120.0
obstacle
0.121280282736
302.0 0.0 49.0 31.0
obstacle
0.121188737452
186.0 129.0 125.0 127.0
obstacle
0.120686262846
420.0 0.0 80.0 62.0
obstacle
0.120584964752
265.0 0.0 48.0 29.0
obstacle
0.120511136949
377.0 73.0 56.0 35.0
obstacle
0.120252467692
418.0 143.0 48.0 43.0
obstacle
0.120226889849
258.0 196.0 59.0 41.0
obstacle
0.11997038871
38.0 49.0 44.0 32.0
obstacle
0.119937948883
107.0 168.0 60.0 44.0
obstacle
0.119925476611
303.0 0.0 121.0 64.0
obstacle
0.119824185967
43.0 23.0 36.0 33.0
obstacle
0.119654014707
109.0 72.0 128.0 139.0
obstacle
0.119642131031
0.0 46.0 270.0 135.0
obstacle
0.119119241834
226.0 0.0 48.0 29.0
obstacle
0.119056575
32.0 226.0 50.0 34.0
obstacle
0.118792384863
260.0 171.0 57.0 38.0
obstacle
0.11861885339
150.0 0.0 46.0 30.0
obstacle
0.118396453559
353.0 63.0 104.0 103.0
obstacle
0.117840848863
148.0 55.0 129.0 121.0
obstacle
0.117721185088
0.0 304.0 48.0 29.0
obstacle
0.117414213717
184.0 144.0 210.0 189.0
obstacle
0.117351226509
34.0 134.0 118.0 119.0
obstacle
0.117279484868
339.0 20.0 53.0 37.0
obstacle
0.117117889225
457.0 23.0 43.0 32.0
obstacle
0.117025114596
227.0 74.0 50.0 31.0
obstacle
0.116888768971
0.0 0.0 41.0 30.0
obstacle
0.1166844666
298.0 228.0 57.0 31.0
obstacle
0.116354763508
459.0 147.0 41.0 36.0
obstacle
0.116353534162
265.0 184.0 123.0 116.0
obstacle
0.116143234074
69.0 122.0 51.0 38.0
obstacle
0.115821756423
36.0 255.0 47.0 30.0
obstacle
0.115763820708
415.0 21.0 55.0 36.0
obstacle
0.115646004677
306.0 22.0 45.0 33.0
obstacle
0.115258514881
310.0 60.0 112.0 110.0
obstacle
0.115218140185
374.0 97.0 60.0 35.0
obstacle
0.115083888173
379.0 300.0 53.0 33.0
obstacle
0.114847272635
37.0 175.0 35.0 31.0
obstacle
0.114776045084
460.0 196.0 40.0 41.0
obstacle
0.114739157259
114.0 24.0 44.0 32.0
obstacle
0.114537745714
262.0 101.0 54.0 31.0
obstacle
0.114284165204
187.0 75.0 50.0 29.0
obstacle
0.11428257823
298.0 140.0 59.0 48.0
obstacle
0.11420058459
78.0 25.0 40.0 29.0
obstacle
0.114183291793
112.0 0.0 45.0 29.0
obstacle
0.114169180393
110.0 99.0 48.0 31.0
obstacle
0.114052630961
219.0 0.0 138.0 70.0
obstacle
0.11396215111
222.0 172.0 51.0 36.0
obstacle
0.113931499422
72.0 253.0 51.0 33.0
obstacle
0.113894559443
74.0 0.0 44.0 29.0
obstacle
0.113866403699
416.0 73.0 55.0 34.0
obstacle
0.113522231579
220.0 215.0 139.0 108.0
obstacle
0.113209865987
0.0 254.0 44.0 32.0
obstacle
0.113172084093
195.0 80.0 109.0 122.0
obstacle
0.113167956471
302.0 171.0 51.0 40.0
obstacle
0.112964652479
222.0 195.0 56.0 45.0
obstacle
0.112962186337
150.0 194.0 48.0 44.0
obstacle
0.112845100462
187.0 277.0 51.0 37.0
obstacle
0.11271790415
0.0 173.0 43.0 38.0
obstacle
0.11266502738
190.0 22.0 46.0 34.0
obstacle
0.112553566694
228.0 48.0 45.0 35.0
obstacle
0.112533010542
72.0 34.0 126.0 111.0
obstacle
0.112415865064
237.0 165.0 105.0 105.0
obstacle
0.112395480275
74.0 304.0 48.0 29.0
obstacle
0.111979879439
150.0 23.0 47.0 34.0
obstacle
0.111785441637
33.0 200.0 42.0 34.0
obstacle
0.111732646823
267.0 23.0 46.0 33.0
obstacle
0.111545853317
0.0 76.0 42.0 30.0
obstacle
0.111527524889
114.0 48.0 44.0 34.0
obstacle
0.111447498202
73.0 225.0 48.0 35.0
obstacle
0.111305251718
0.0 0.0 253.0 73.0
obstacle
0.111207656562
107.0 75.0 55.0 31.0
obstacle
0.110706806183
377.0 46.0 53.0 36.0
obstacle
0.110675923526
456.0 46.0 44.0 35.0
obstacle
0.110466949642
302.0 121.0 48.0 39.0
obstacle
0.110440440476
458.0 251.0 42.0 36.0
obstacle
0.110419094563
34.0 0.0 49.0 29.0
obstacle
0.110342003405
0.0 202.0 39.0 31.0
obstacle
0.110299766064
77.0 48.0 43.0 33.0
obstacle
0.110247477889
109.0 198.0 52.0 36.0
obstacle
0.11021129787
185.0 101.0 54.0 29.0
obstacle
0.110210806131
260.0 225.0 56.0 36.0
obstacle
0.110114596784
335.0 75.0 63.0 30.0
obstacle
0.11011428386
190.0 48.0 46.0 34.0
obstacle
0.109991207719
227.0 57.0 124.0 115.0
obstacle
0.10983838886
303.0 48.0 50.0 33.0
obstacle
0.109791643918
262.0 252.0 54.0 33.0
obstacle
0.109701447189
380.0 0.0 48.0 29.0
obstacle
0.109666533768
455.0 280.0 45.0 32.0
obstacle
0.109552755952
418.0 46.0 48.0 35.0
obstacle
0.109516561031
108.0 254.0 56.0 31.0
obstacle
0.108993209898
34.0 146.0 47.0 36.0
obstacle
0.108821421862
187.0 124.0 48.0 33.0
obstacle
0.108798526227
71.0 73.0 50.0 34.0
obstacle
0.108369663358
339.0 0.0 53.0 28.0
obstacle
0.108308047056
416.0 282.0 56.0 29.0
obstacle
0.108196131885
0.0 228.0 44.0 31.0
obstacle
0.108135126531
455.0 168.0 45.0 44.0
obstacle
0.108081758022
147.0 277.0 55.0 37.0
obstacle
0.108025588095
455.0 100.0 45.0 32.0
obstacle
0.107955031097
343.0 97.0 46.0 36.0
obstacle
0.107815243304
224.0 124.0 53.0 34.0
obstacle
0.107787132263
342.0 48.0 49.0 34.0
obstacle
0.107771910727
265.0 30.0 125.0 120.0
obstacle
0.107548840344
149.0 305.0 53.0 28.0
obstacle
0.107378572226
377.0 200.0 55.0 35.0
obstacle
0.107308715582
303.0 100.0 46.0 31.0
obstacle
0.1072762236
0.0 147.0 41.0 37.0
obstacle
0.107142545283
338.0 253.0 56.0 31.0
obstacle
0.10707025975
337.0 278.0 60.0 34.0
obstacle
0.106873944402
189.0 304.0 49.0 29.0
obstacle
0.106746211648
31.0 279.0 53.0 32.0
obstacle
0.106694333255
225.0 305.0 52.0 28.0
obstacle
0.106617838144
337.0 200.0 58.0 35.0
obstacle
0.1065826267
223.0 100.0 54.0 31.0
obstacle
0.106571637094
451.0 73.0 49.0 33.0
obstacle
0.10656054318
110.0 223.0 48.0 38.0
obstacle
0.106531322002
266.0 47.0 48.0 35.0
obstacle
0.106518171728
70.0 99.0 51.0 31.0
obstacle
0.106506675482
33.0 74.0 52.0 32.0
obstacle
0.106450431049
146.0 74.0 55.0 31.0
obstacle
0.106355980039
418.0 252.0 50.0 36.0
obstacle
0.106324829161
298.0 197.0 57.0 39.0
obstacle
0.106307908893
259.0 278.0 61.0 34.0
obstacle
0.106282934546
419.0 198.0 46.0 40.0
obstacle
0.106158435345
457.0 223.0 43.0 40.0
obstacle
0.106093943119
300.0 304.0 55.0 29.0
obstacle
0.106011159718
228.0 224.0 45.0 37.0
obstacle
0.105587646365
226.0 278.0 51.0 34.0
obstacle
0.105444654822
179.0 33.0 143.0 114.0
obstacle
0.105279862881
187.0 254.0 52.0 31.0
obstacle
0.105105914176
455.0 0.0 45.0 30.0
obstacle
0.104942202568
103.0 7.0 138.0 114.0
obstacle
0.104895718396
152.0 220.0 44.0 45.0
obstacle
0.104611173272
381.0 226.0 47.0 35.0
obstacle
0.104562036693
379.0 279.0 53.0 32.0
obstacle
0.104534968734
33.0 305.0 55.0 28.0
obstacle
0.104516118765
302.0 276.0 51.0 38.0
obstacle
0.104362435639
417.0 306.0 53.0 27.0
obstacle
0.104358613491
223.0 253.0 55.0 33.0
obstacle
0.104343928397
343.0 169.0 45.0 42.0
obstacle
0.104097612202
148.0 119.0 49.0 43.0
obstacle
0.10336265713
0.0 100.0 38.0 32.0
obstacle
0.103329777718
112.0 305.0 50.0 28.0
obstacle
0.103298157454
230.0 23.0 44.0 32.0
obstacle
0.102753378451
224.0 145.0 55.0 39.0
obstacle
0.102680571377
343.0 302.0 48.0 31.0
obstacle
0.102269418538
267.0 75.0 45.0 31.0
obstacle
0.10225199163
103.0 278.0 67.0 34.0
obstacle
0.102249421179
338.0 225.0 56.0 36.0
obstacle
0.102150142193
70.0 278.0 55.0 34.0
obstacle
0.10170802474
35.0 101.0 45.0 29.0
obstacle
0.101284697652
146.0 100.0 56.0 28.0
obstacle
0.101221986115
142.0 169.0 62.0 45.0
obstacle
0.100611194968
300.0 253.0 53.0 32.0
obstacle
0.10039460659
109.0 121.0 49.0 38.0
obstacle
0.100346937776
111.0 145.0 51.0 41.0
obstacle
0.100338868797
150.0 50.0 49.0 30.0
obstacle
0.100317150354
343.0 140.0 43.0 48.0
obstacle
0.100229427218
417.0 98.0 51.0 33.0
obstacle
0.100024022162
149.0 253.0 52.0 32.0
obstacle
0.0997939109802
0.0 49.0 43.0 32.0
obstacle
0.0997480675578
419.0 226.0 51.0 36.0
obstacle
0.0995289161801
261.0 305.0 57.0 28.0
obstacle
0.0991354584694
300.0 73.0 57.0 33.0
obstacle
0.0990444496274
421.0 169.0 47.0 46.0
obstacle
0.0985066369176
377.0 252.0 56.0 32.0
obstacle
0.097002454102
420.0 0.0 41.0 27.0
obstacle
0.0959277674556
453.0 306.0 47.0 27.0
obstacle
0.094298183918
28.0 123.0 57.0 34.0
obstacle
0.0904546827078
0.0 125.0 45.0 30.0
