obstacle
0.175766706467
0.0 11.0 500.0 281.0
obstacle
0.162528648973
227.0 0.0 197.0 354.0
obstacle
0.158049315214
273.0 103.0 113.0 156.0
obstacle
0.157342985272
51.0 0.0 243.0 374.0
obstacle
0.1558791399
346.0 16.0 154.0 412.0
obstacle
0.151532903314
124.0 102.0 376.0 326.0
obstacle
0.146469756961
297.0 302.0 136.0 126.0
obstacle
0.145708009601
0.0 226.0 345.0 202.0
obstacle
0.145664840937
412.0 0.0 88.0 113.0
obstacle
0.145454481244
187.0 223.0 53.0 45.0
obstacle
0.143813252449
263.0 123.0 49.0 46.0
obstacle
0.143264740705
302.0 147.0 125.0 204.0
obstacle
0.143184438348
232.0 105.0 116.0 154.0
obstacle
0.14272852242
0.0 298.0 222.0 130.0
obstacle
0.142060548067
285.0 152.0 82.0 127.0
obstacle
0.141576036811
0.0 51.0 220.0 377.0
obstacle
0.141505941749
317.0 43.0 99.0 144.0
obstacle
0.141037553549
155.0 0.0 190.0 305.0
obstacle
0.138629108667
110.0 194.0 281.0 101.0
obstacle
0.138466015458
381.0 268.0 119.0 156.0
obstacle
0.138439893723
251.0 331.0 150.0 97.0
obstacle
0.137901619077
136.0 104.0 305.0 87.0
obstacle
0.137095570564
0.0 300.0 94.0 128.0
obstacle
0.136681005359
0.0 0.0 156.0 242.0
obstacle
0.136239796877
185.0 284.0 132.0 123.0
obstacle
0.136003047228
116.0 66.0 116.0 164.0
obstacle
0.135982021689
177.0 271.0 323.0 157.0
obstacle
0.135980278254
0.0 245.0 100.0 138.0
obstacle
0.135431304574
144.0 0.0 132.0 108.0
obstacle
0.134943708777
157.0 134.0 267.0 99.0
obstacle
0.134433284402
259.0 225.0 57.0 43.0
obstacle
0.134201198816
78.0 180.0 111.0 136.0
obstacle
0.133647486567
248.0 0.0 252.0 114.0
obstacle
0.133619427681
322.0 0.0 178.0 229.0
obstacle
0.133618220687
259.0 210.0 136.0 141.0
obstacle
0.133158192039
95.0 73.0 310.0 150.0
obstacle
0.133147776127
0.0 0.0 227.0 122.0
obstacle
0.132791236043
368.0 19.0 132.0 129.0
obstacle
0.132386103272
304.0 230.0 196.0 164.0
obstacle
0.131391361356
223.0 298.0 130.0 130.0
obstacle
0.131303966045
147.0 0.0 353.0 169.0
obstacle
0.130825147033
298.0 228.0 58.0 38.0
obstacle
0.130675345659
222.0 226.0 57.0 42.0
obstacle
0.130490005016
0.0 0.0 372.0 188.0
obstacle
0.129922881722
74.0 19.0 351.0 122.0
obstacle
0.129559516907
32.0 329.0 357.0 99.0
obstacle
0.12931214273
0.0 103.0 239.0 153.0
obstacle
0.129283815622
302.0 94.0 53.0 40.0
obstacle
0.128783881664
31.0 359.0 54.0 38.0
obstacle
0.128780320287
389.0 48.0 104.0 137.0
obstacle
0.128734529018
0.0 107.0 84.0 146.0
obstacle
0.12853948772
0.0 0.0 92.0 117.0
obstacle
0.128275930882
0.0 263.0 39.0 35.0
obstacle
0.128261432052
109.0 220.0 51.0 53.0
obstacle
0.12797190249
299.0 161.0 51.0 42.0
obstacle
0.127521455288
26.0 241.0 138.0 143.0
obstacle
0.127069145441
305.0 249.0 119.0 128.0
obstacle
0.126798301935
413.0 319.0 87.0 109.0
obstacle
0.126793473959
68.0 25.0 133.0 115.0
obstacle
0.126478776336
64.0 330.0 141.0 98.0
obstacle
0.126329377294
186.0 90.0 48.0 45.0
obstacle
0.126049011946
263.0 33.0 54.0 37.0
obstacle
0.125988528132
259.0 0.0 131.0 104.0
obstacle
0.125454738736
107.0 310.0 133.0 118.0
obstacle
0.1253464818
410.0 109.0 90.0 146.0
obstacle
0.12523150444
0.0 32.0 87.0 168.0
obstacle
0.124975115061
268.0 41.0 121.0 145.0
obstacle
0.124551251531
303.0 123.0 41.0 44.0
obstacle
0.124100260437
69.0 128.0 58.0 39.0
obstacle
0.12388125807
354.0 37.0 99.0 155.0
obstacle
0.123585022986
0.0 44.0 236.0 141.0
obstacle
0.123511761427
187.0 2.0 125.0 158.0
obstacle
0.123278312385
31.0 289.0 53.0 45.0
obstacle
0.123258888721
0.0 136.0 123.0 292.0
obstacle
0.123102746904
340.0 0.0 126.0 116.0
obstacle
0.122031129897
181.0 195.0 319.0 168.0
obstacle
0.121472425759
112.0 256.0 48.0 48.0
obstacle
0.121462114155
162.0 69.0 105.0 158.0
obstacle
0.121427036822
152.0 138.0 118.0 157.0
obstacle
0.121415100992
0.0 203.0 284.0 153.0
obstacle
0.121087402105
393.0 153.0 99.0 125.0
obstacle
0.121013872325
296.0 190.0 62.0 46.0
obstacle
0.120916202664
153.0 258.0 42.0 46.0
obstacle
0.1208640486
453.0 62.0 47.0 44.0
obstacle
0.120832495391
31.0 185.0 130.0 122.0
obstacle
0.119711570442
291.0 68.0 154.0 159.0
obstacle
0.119637705386
108.0 148.0 211.0 280.0
obstacle
0.119621418417
344.0 159.0 117.0 178.0
obstacle
0.119320742786
383.0 131.0 42.0 36.0
obstacle
0.119314402342
245.0 132.0 255.0 163.0
obstacle
0.119186371565
216.0 248.0 140.0 134.0
obstacle
0.119178146124
298.0 0.0 134.0 88.0
obstacle
0.11885856092
28.0 193.0 55.0 41.0
obstacle
0.118841849267
143.0 161.0 295.0 107.0
obstacle
0.118812650442
117.0 132.0 109.0 166.0
obstacle
0.118776753545
219.0 261.0 62.0 37.0
obstacle
0.118632890284
151.0 63.0 44.0 40.0
obstacle
0.118578881025
194.0 219.0 113.0 124.0
obstacle
0.118544563651
36.0 95.0 44.0 40.0
obstacle
0.11839324981
267.0 269.0 119.0 152.0
obstacle
0.118268787861
379.0 191.0 50.0 43.0
obstacle
0.118028342724
105.0 289.0 58.0 43.0
obstacle
0.117897614837
266.0 95.0 45.0 39.0
obstacle
0.117317952216
382.0 95.0 46.0 41.0
obstacle
0.117278330028
36.0 111.0 122.0 141.0
obstacle
0.117247000337
344.0 97.0 44.0 39.0
obstacle
0.117227368057
234.0 174.0 107.0 151.0
obstacle
0.117104195058
111.0 63.0 47.0 42.0
obstacle
0.116627633572
302.0 259.0 47.0 42.0
obstacle
0.116487927735
0.0 361.0 44.0 37.0
obstacle
0.116348810494
0.0 63.0 44.0 41.0
obstacle
0.116308346391
148.0 230.0 127.0 168.0
obstacle
0.116093374789
336.0 220.0 56.0 49.0
obstacle
0.115987494588
344.0 126.0 41.0 43.0
obstacle
0.11586933583
197.0 58.0 115.0 178.0
obstacle
0.115761376917
89.0 239.0 325.0 143.0
obstacle
0.11563167721
188.0 390.0 48.0 38.0
obstacle
0.115599811077
348.0 65.0 41.0 38.0
obstacle
0.115547031164
223.0 126.0 54.0 41.0
obstacle
0.115056864917
345.0 258.0 40.0 44.0
obstacle
0.115019075572
453.0 31.0 47.0 40.0
obstacle
0.114997573197
0.0 293.0 43.0 39.0
obstacle
0.114853464067
29.0 0.0 135.0 91.0
obstacle
0.114826403558
0.0 227.0 46.0 41.0
obstacle
0.114810034633
109.0 192.0 55.0 42.0
obstacle
0.114289976656
381.0 259.0 43.0 46.0
obstacle
0.113765589893
64.0 193.0 65.0 39.0
obstacle
0.113618202507
125.0 240.0 98.0 146.0
obstacle
0.113549642265
382.0 32.0 47.0 37.0
obstacle
0.113336056471
346.0 106.0 119.0 150.0
obstacle
0.113239564002
215.0 190.0 71.0 49.0
obstacle
0.113197952509
149.0 32.0 48.0 39.0
obstacle
0.11308772862
48.0 127.0 331.0 172.0
obstacle
0.112974092364
188.0 33.0 48.0 36.0
obstacle
0.112924478948
268.0 58.0 39.0 47.0
obstacle
0.112912267447
38.0 63.0 44.0 40.0
obstacle
0.112286292017
339.0 391.0 55.0 37.0
obstacle
0.111856818199
83.0 244.0 105.0 137.0
obstacle
0.111761696637
150.0 356.0 48.0 48.0
obstacle
0.11169000715
260.0 390.0 59.0 38.0
obstacle
0.111665911973
453.0 257.0 47.0 43.0
obstacle
0.111477561295
149.0 94.0 47.0 41.0
obstacle
0.111394695938
382.0 0.0 45.0 37.0
obstacle
0.111389748752
107.0 91.0 54.0 45.0
obstacle
0.111329041421
221.0 91.0 55.0 45.0
obstacle
0.111274436116
451.0 291.0 49.0 41.0
obstacle
0.111247546971
377.0 157.0 54.0 45.0
obstacle
0.111186429858
341.0 292.0 49.0 41.0
obstacle
0.111174426973
0.0 94.0 47.0 41.0
obstacle
0.11096804589
383.0 64.0 46.0 39.0
obstacle
0.110912144184
0.0 327.0 43.0 37.0
obstacle
0.110765002668
253.0 46.0 247.0 134.0
obstacle
0.110729284585
259.0 260.0 58.0 40.0
obstacle
0.110698968172
0.0 193.0 47.0 40.0
obstacle
0.11048194021
25.0 0.0 372.0 86.0
obstacle
0.110458835959
149.0 389.0 50.0 39.0
obstacle
0.110428437591
0.0 28.0 129.0 109.0
obstacle
0.110403180122
456.0 194.0 44.0 41.0
obstacle
0.110394135118
148.0 190.0 51.0 46.0
obstacle
0.110389828682
78.0 79.0 113.0 138.0
obstacle
0.110379755497
185.0 130.0 60.0 33.0
obstacle
0.11036156863
0.0 187.0 86.0 124.0
obstacle
0.110198803246
229.0 60.0 43.0 42.0
obstacle
0.109998308122
373.0 220.0 59.0 51.0
obstacle
0.109940059483
223.0 293.0 54.0 41.0
obstacle
0.109857171774
412.0 225.0 59.0 47.0
obstacle
0.109854109585
36.0 32.0 47.0 38.0
obstacle
0.10984005779
74.0 258.0 46.0 43.0
obstacle
0.109638996422
191.0 65.0 44.0 34.0
obstacle
0.109182111919
420.0 324.0 47.0 42.0
obstacle
0.108978196979
417.0 64.0 54.0 38.0
obstacle
0.108815543354
223.0 158.0 61.0 44.0
obstacle
0.108724460006
109.0 321.0 51.0 47.0
obstacle
0.108679063618
263.0 326.0 51.0 38.0
obstacle
0.108670078218
0.0 31.0 41.0 39.0
obstacle
0.108653061092
226.0 34.0 50.0 32.0
obstacle
0.108629383147
36.0 392.0 48.0 36.0
obstacle
0.108584105968
183.0 189.0 60.0 45.0
obstacle
0.108567118645
111.0 355.0 49.0 47.0
obstacle
0.108446672559
415.0 284.0 54.0 56.0
obstacle
0.108321353793
110.0 31.0 50.0 40.0
obstacle
0.10828962177
71.0 394.0 51.0 34.0
obstacle
0.108288235962
70.0 161.0 55.0 41.0
obstacle
0.10827831924
342.0 0.0 48.0 38.0
obstacle
0.108272448182
422.0 204.0 78.0 151.0
obstacle
0.108249664307
337.0 358.0 57.0 44.0
obstacle
0.1081976071
304.0 0.0 46.0 38.0
obstacle
0.107959724963
343.0 33.0 49.0 37.0
obstacle
0.107941746712
262.0 189.0 57.0 49.0
obstacle
0.107870817184
416.0 159.0 53.0 44.0
obstacle
0.107806608081
146.0 285.0 54.0 56.0
obstacle
0.107761561871
150.0 0.0 47.0 39.0
obstacle
0.107748948038
454.0 0.0 46.0 36.0
obstacle
0.107725866139
262.0 357.0 53.0 44.0
obstacle
0.107677824795
0.0 160.0 47.0 40.0
obstacle
0.107465408742
153.0 221.0 40.0 52.0
obstacle
0.107448205352
457.0 225.0 43.0 47.0
obstacle
0.107437171042
188.0 259.0 49.0 41.0
obstacle
0.107335627079
454.0 96.0 46.0 40.0
obstacle
0.107159525156
0.0 393.0 47.0 35.0
obstacle
0.107102908194
74.0 32.0 46.0 39.0
obstacle
0.107065334916
189.0 160.0 51.0 41.0
obstacle
0.1068155393
110.0 164.0 50.0 36.0
obstacle
0.106760859489
265.0 159.0 50.0 44.0
obstacle
0.10662817955
146.0 129.0 61.0 36.0
obstacle
0.106498710811
226.0 358.0 49.0 44.0
obstacle
0.106498330832
67.0 291.0 55.0 44.0
obstacle
0.106466554105
415.0 194.0 56.0 41.0
obstacle
0.106422543526
226.0 326.0 50.0 41.0
obstacle
0.106376260519
112.0 0.0 45.0 40.0
obstacle
0.106130868196
69.0 222.0 56.0 45.0
obstacle
0.106121636927
70.0 359.0 53.0 41.0
obstacle
0.106061711907
73.0 93.0 44.0 43.0
obstacle
0.106034547091
0.0 130.0 43.0 35.0
obstacle
0.105751574039
71.0 323.0 52.0 43.0
obstacle
0.105745196342
30.0 259.0 56.0 40.0
obstacle
0.105574369431
182.0 289.0 59.0 50.0
obstacle
0.105433963239
378.0 291.0 51.0 46.0
obstacle
0.104995943606
418.0 97.0 51.0 40.0
obstacle
0.104913286865
458.0 392.0 42.0 36.0
obstacle
0.104881629348
192.0 153.0 114.0 127.0
obstacle
0.104741021991
228.0 0.0 44.0 37.0
obstacle
0.104620113969
225.0 390.0 51.0 38.0
obstacle
0.104610726237
0.0 0.0 41.0 39.0
obstacle
0.104561068118
306.0 33.0 46.0 37.0
obstacle
0.104329824448
188.0 0.0 46.0 37.0
obstacle
0.104209534824
189.0 357.0 48.0 45.0
obstacle
0.104033581913
30.0 224.0 53.0 41.0
obstacle
0.10394924134
301.0 391.0 55.0 37.0
obstacle
0.103759549558
379.0 392.0 53.0 36.0
obstacle
0.103306226432
33.0 128.0 55.0 38.0
obstacle
0.103207439184
29.0 325.0 56.0 38.0
obstacle
0.103174738586
340.0 187.0 53.0 51.0
obstacle
0.103169448674
420.0 32.0 50.0 38.0
obstacle
0.103136092424
343.0 157.0 45.0 42.0
obstacle
0.103112563491
456.0 325.0 44.0 41.0
obstacle
0.103082321584
149.0 161.0 53.0 39.0
obstacle
0.102957047522
309.0 63.0 37.0 39.0
obstacle
0.102953590453
259.0 295.0 58.0 35.0
obstacle
0.102803505957
412.0 392.0 63.0 36.0
obstacle
0.102760255337
111.0 393.0 49.0 35.0
obstacle
0.102456606925
456.0 127.0 44.0 43.0
obstacle
0.102367267013
72.0 0.0 48.0 39.0
obstacle
0.10213188082
35.0 0.0 46.0 38.0
obstacle
0.101875685155
152.0 318.0 45.0 53.0
obstacle
0.101848587394
112.0 130.0 51.0 36.0
obstacle
0.101812399924
77.0 63.0 39.0 41.0
obstacle
0.10169377178
416.0 260.0 53.0 41.0
obstacle
0.100956849754
31.0 162.0 59.0 38.0
obstacle
0.100687868893
300.0 360.0 57.0 41.0
obstacle
0.100686945021
268.0 0.0 43.0 38.0
obstacle
0.100251726806
378.0 353.0 56.0 51.0
obstacle
0.100040353835
419.0 0.0 51.0 37.0
obstacle
0.0997614115477
302.0 324.0 50.0 43.0
obstacle
0.0997244864702
455.0 162.0 45.0 39.0
obstacle
0.0992636010051
457.0 361.0 43.0 38.0
obstacle
0.0989035964012
301.0 292.0 49.0 41.0
obstacle
0.0976069122553
186.0 322.0 55.0 47.0
obstacle
0.0935293659568
344.0 322.0 44.0 46.0
obstacle
0.0927046760917
422.0 131.0 43.0 35.0
obstacle
0.0925563052297
380.0 322.0 50.0 44.0
obstacle
0.0900810584426
413.0 355.0 58.0 47.0
