obstacle
0.193999201059
161.0 53.0 177.0 280.0
obstacle
0.18156349659
155.0 122.0 106.0 143.0
obstacle
0.157669275999
179.0 161.0 137.0 116.0
obstacle
0.155560240149
295.0 0.0 205.0 320.0
obstacle
0.15317581594
57.0 39.0 238.0 294.0
obstacle
0.15130391717
0.0 8.0 165.0 267.0
obstacle
0.150373160839
94.0 165.0 151.0 108.0
obstacle
0.149413853884
0.0 0.0 474.0 177.0
obstacle
0.148957878351
0.0 21.0 500.0 312.0
obstacle
0.14529722929
324.0 0.0 176.0 152.0
obstacle
0.145090922713
0.0 80.0 214.0 253.0
obstacle
0.144116684794
229.0 0.0 118.0 72.0
obstacle
0.144003018737
239.0 230.0 261.0 103.0
obstacle
0.143742963672
21.0 156.0 146.0 126.0
obstacle
0.143159359694
210.0 28.0 155.0 121.0
obstacle
0.141159430146
370.0 130.0 130.0 125.0
obstacle
0.140671536326
0.0 51.0 282.0 129.0
obstacle
0.137472972274
72.0 120.0 46.0 39.0
obstacle
0.136965066195
160.0 0.0 262.0 276.0
obstacle
0.13658387959
412.0 163.0 88.0 109.0
obstacle
0.1365108639
0.0 171.0 282.0 93.0
obstacle
0.136168062687
97.0 47.0 304.0 134.0
obstacle
0.135818004608
68.0 35.0 135.0 106.0
obstacle
0.135531142354
301.0 0.0 128.0 73.0
obstacle
0.135179013014
340.0 234.0 127.0 99.0
obstacle
0.13433149457
377.0 38.0 123.0 103.0
obstacle
0.134303793311
0.0 206.0 214.0 124.0
obstacle
0.133253782988
302.0 0.0 52.0 30.0
obstacle
0.132536411285
290.0 254.0 151.0 79.0
obstacle
0.132448554039
0.0 111.0 262.0 113.0
obstacle
0.132442057133
32.0 237.0 360.0 96.0
obstacle
0.132265523076
0.0 177.0 500.0 156.0
obstacle
0.131870523095
330.0 156.0 148.0 124.0
obstacle
0.131814494729
28.0 243.0 137.0 90.0
obstacle
0.131474941969
345.0 58.0 116.0 113.0
obstacle
0.130880177021
217.0 124.0 219.0 209.0
obstacle
0.130809873343
295.0 35.0 141.0 109.0
obstacle
0.130564838648
253.0 101.0 247.0 130.0
obstacle
0.130362853408
148.0 168.0 50.0 43.0
obstacle
0.13030615449
260.0 0.0 128.0 86.0
obstacle
0.130236968398
70.0 255.0 127.0 78.0
obstacle
0.130085796118
412.0 0.0 88.0 81.0
obstacle
0.129916325212
79.0 0.0 344.0 99.0
obstacle
0.129821807146
144.0 255.0 134.0 78.0
obstacle
0.129702284932
35.0 0.0 123.0 73.0
obstacle
0.129585444927
224.0 182.0 126.0 121.0
obstacle
0.12953068316
457.0 73.0 43.0 32.0
obstacle
0.128981992602
176.0 0.0 324.0 125.0
obstacle
0.127917304635
115.0 42.0 118.0 92.0
obstacle
0.127862006426
0.0 211.0 95.0 117.0
obstacle
0.127516776323
388.0 82.0 106.0 119.0
obstacle
0.127260908484
121.0 136.0 101.0 114.0
obstacle
0.126959726214
67.0 175.0 132.0 138.0
obstacle
0.126825720072
0.0 0.0 268.0 81.0
obstacle
0.126058280468
177.0 0.0 144.0 88.0
obstacle
0.125920236111
145.0 191.0 132.0 104.0
obstacle
0.125686824322
419.0 108.0 81.0 116.0
obstacle
0.125446930528
49.0 187.0 331.0 112.0
obstacle
0.124938435853
112.0 49.0 42.0 31.0
obstacle
0.124788403511
64.0 252.0 64.0 34.0
obstacle
0.124749772251
6.0 0.0 104.0 81.0
obstacle
0.124532878399
404.0 260.0 96.0 73.0
obstacle
0.124489158392
63.0 0.0 137.0 91.0
obstacle
0.124441951513
98.0 238.0 149.0 95.0
obstacle
0.124402582645
415.0 216.0 85.0 104.0
obstacle
0.124202877283
0.0 302.0 47.0 31.0
obstacle
0.123685799539
181.0 242.0 138.0 91.0
obstacle
0.123648233712
0.0 6.0 86.0 115.0
obstacle
0.123616099358
144.0 0.0 133.0 66.0
obstacle
0.123566560447
304.0 25.0 48.0 28.0
obstacle
0.122146099806
96.0 137.0 385.0 109.0
obstacle
0.121487960219
0.0 155.0 78.0 125.0
obstacle
0.121479429305
263.0 50.0 52.0 30.0
obstacle
0.121351711452
262.0 188.0 131.0 110.0
obstacle
0.121302045882
257.0 59.0 243.0 113.0
obstacle
0.121215358377
460.0 0.0 40.0 31.0
obstacle
0.121110461652
188.0 168.0 46.0 44.0
obstacle
0.120862744749
1.0 86.0 113.0 111.0
obstacle
0.120807424188
0.0 172.0 44.0 39.0
obstacle
0.120019294322
147.0 24.0 54.0 33.0
obstacle
0.119922496378
111.0 25.0 47.0 28.0
obstacle
0.119287841022
29.0 251.0 60.0 35.0
obstacle
0.119132690132
232.0 109.0 115.0 117.0
obstacle
0.118896611035
265.0 0.0 46.0 30.0
obstacle
0.118606872857
205.0 117.0 94.0 99.0
obstacle
0.118485964835
253.0 181.0 247.0 125.0
obstacle
0.118372581899
0.0 33.0 131.0 112.0
obstacle
0.1183417961
456.0 99.0 44.0 31.0
obstacle
0.118237830698
22.0 8.0 147.0 112.0
obstacle
0.117960087955
148.0 60.0 128.0 110.0
obstacle
0.117895036936
79.0 0.0 265.0 243.0
obstacle
0.117706827819
32.0 302.0 52.0 31.0
obstacle
0.117607451975
383.0 100.0 42.0 30.0
obstacle
0.117568455637
297.0 278.0 61.0 34.0
obstacle
0.117176055908
76.0 105.0 117.0 126.0
obstacle
0.117063693702
0.0 142.0 121.0 100.0
obstacle
0.117036603391
42.0 147.0 107.0 91.0
obstacle
0.116912439466
226.0 23.0 50.0 34.0
obstacle
0.116878002882
376.0 279.0 56.0 31.0
obstacle
0.116722844541
146.0 199.0 53.0 34.0
obstacle
0.116706185043
39.0 146.0 39.0 38.0
obstacle
0.116636060178
370.0 154.0 130.0 179.0
obstacle
0.116419665515
109.0 171.0 52.0 39.0
obstacle
0.116262584925
0.0 123.0 43.0 36.0
obstacle
0.116157665849
304.0 49.0 46.0 32.0
obstacle
0.116106197238
139.0 8.0 142.0 110.0
obstacle
0.116103716195
455.0 304.0 45.0 29.0
obstacle
0.115954227746
221.0 0.0 279.0 67.0
obstacle
0.115737229586
422.0 72.0 42.0 34.0
obstacle
0.115703873336
266.0 101.0 45.0 29.0
obstacle
0.115239292383
107.0 230.0 55.0 25.0
obstacle
0.11523296684
110.0 304.0 51.0 29.0
obstacle
0.115196011961
263.0 250.0 50.0 36.0
obstacle
0.115032881498
110.0 147.0 52.0 37.0
obstacle
0.114970833063
0.0 21.0 46.0 35.0
obstacle
0.114860810339
0.0 146.0 39.0 39.0
obstacle
0.114686600864
335.0 126.0 60.0 28.0
obstacle
0.114649742842
69.0 278.0 55.0 33.0
obstacle
0.114392787218
414.0 302.0 55.0 31.0
obstacle
0.114338226616
149.0 100.0 48.0 29.0
obstacle
0.114136345685
183.0 126.0 55.0 28.0
obstacle
0.11408739537
456.0 227.0 44.0 32.0
obstacle
0.114052787423
72.0 143.0 48.0 44.0
obstacle
0.113872542977
111.0 0.0 48.0 27.0
obstacle
0.11381264776
417.0 281.0 51.0 29.0
obstacle
0.11346553266
188.0 250.0 46.0 37.0
obstacle
0.113459810615
305.0 139.0 120.0 107.0
obstacle
0.113333784044
74.0 0.0 47.0 31.0
obstacle
0.113168686628
224.0 0.0 53.0 30.0
obstacle
0.113045327365
453.0 120.0 47.0 40.0
obstacle
0.112641245127
187.0 0.0 50.0 30.0
obstacle
0.112356811762
28.0 64.0 136.0 102.0
obstacle
0.112247794867
146.0 253.0 53.0 33.0
obstacle
0.112175382674
228.0 101.0 44.0 29.0
obstacle
0.112089008093
303.0 252.0 49.0 34.0
obstacle
0.112059615552
0.0 75.0 41.0 31.0
obstacle
0.11203635484
70.0 174.0 51.0 32.0
obstacle
0.11196578294
38.0 18.0 43.0 42.0
obstacle
0.111729361117
301.0 99.0 52.0 32.0
obstacle
0.111211903393
374.0 150.0 59.0 32.0
obstacle
0.111195519567
378.0 22.0 54.0 34.0
obstacle
0.111055456102
304.0 73.0 45.0 32.0
obstacle
0.11103476584
16.0 140.0 319.0 102.0
obstacle
0.11097253859
75.0 101.0 45.0 29.0
obstacle
0.110941529274
40.0 76.0 39.0 29.0
obstacle
0.110823124647
343.0 303.0 47.0 30.0
obstacle
0.110749773681
34.0 119.0 51.0 39.0
obstacle
0.110661759973
114.0 75.0 43.0 31.0
obstacle
0.110605061054
339.0 227.0 52.0 34.0
obstacle
0.110599957407
342.0 49.0 48.0 32.0
obstacle
0.110481992364
373.0 125.0 62.0 28.0
obstacle
0.110455341637
149.0 304.0 50.0 29.0
obstacle
0.110432803631
0.0 48.0 42.0 34.0
obstacle
0.110404737294
37.0 169.0 45.0 43.0
obstacle
0.110335715115
454.0 202.0 46.0 33.0
obstacle
0.110206499696
414.0 202.0 56.0 31.0
obstacle
0.110171228647
340.0 23.0 50.0 33.0
obstacle
0.110098607838
147.0 227.0 53.0 31.0
obstacle
0.110004730523
185.0 279.0 54.0 34.0
obstacle
0.10994848609
460.0 21.0 40.0 35.0
obstacle
0.109934836626
63.0 221.0 67.0 41.0
obstacle
0.109715864062
373.0 0.0 63.0 30.0
obstacle
0.109608717263
143.0 279.0 60.0 32.0
obstacle
0.109555959702
226.0 49.0 53.0 32.0
obstacle
0.109544023871
262.0 126.0 131.0 131.0
obstacle
0.109517544508
125.0 78.0 94.0 126.0
obstacle
0.109477058053
343.0 0.0 121.0 91.0
obstacle
0.109439343214
167.0 87.0 92.0 108.0
obstacle
0.109286084771
112.0 101.0 46.0 28.0
obstacle
0.109194889665
265.0 23.0 53.0 32.0
obstacle
0.108846478164
105.0 277.0 61.0 36.0
obstacle
0.108602508903
189.0 100.0 46.0 29.0
obstacle
0.108599722385
0.0 99.0 42.0 33.0
obstacle
0.108463600278
460.0 49.0 40.0 32.0
obstacle
0.108396328986
378.0 74.0 52.0 31.0
obstacle
0.108284547925
186.0 305.0 55.0 28.0
obstacle
0.108191743493
36.0 101.0 44.0 29.0
obstacle
0.108104214072
264.0 147.0 49.0 39.0
obstacle
0.108096398413
414.0 178.0 57.0 30.0
obstacle
0.108093045652
339.0 0.0 52.0 29.0
obstacle
0.107818506658
340.0 254.0 51.0 31.0
obstacle
0.107671044767
378.0 177.0 52.0 30.0
obstacle
0.107660345733
230.0 195.0 39.0 45.0
obstacle
0.107369683683
38.0 48.0 41.0 34.0
obstacle
0.107334896922
185.0 148.0 54.0 33.0
obstacle
0.107285968959
150.0 151.0 45.0 30.0
obstacle
0.10716266185
151.0 48.0 45.0 32.0
obstacle
0.107139252126
186.0 74.0 53.0 33.0
obstacle
0.107099175453
265.0 126.0 50.0 30.0
obstacle
0.107029415667
230.0 223.0 41.0 41.0
obstacle
0.106975503266
273.0 78.0 109.0 126.0
obstacle
0.106969900429
227.0 75.0 46.0 31.0
obstacle
0.106919452548
452.0 177.0 48.0 32.0
obstacle
0.106847681105
301.0 201.0 49.0 32.0
obstacle
0.106569238007
421.0 22.0 44.0 34.0
obstacle
0.106530494988
339.0 202.0 53.0 30.0
obstacle
0.106219567358
378.0 228.0 52.0 31.0
obstacle
0.106127209961
225.0 125.0 49.0 30.0
obstacle
0.106118060648
75.0 23.0 42.0 32.0
obstacle
0.10607342422
304.0 88.0 124.0 106.0
obstacle
0.106051944196
226.0 304.0 51.0 29.0
obstacle
0.105881646276
341.0 101.0 50.0 28.0
obstacle
0.105797566473
416.0 100.0 54.0 31.0
obstacle
0.105668507516
381.0 304.0 47.0 29.0
obstacle
0.105659775436
454.0 278.0 46.0 36.0
obstacle
0.105419568717
221.0 278.0 58.0 34.0
obstacle
0.105399399996
420.0 47.0 44.0 35.0
obstacle
0.105351097882
150.0 0.0 46.0 29.0
obstacle
0.105236254632
74.0 48.0 44.0 32.0
obstacle
0.105172529817
187.0 25.0 53.0 30.0
obstacle
0.105153173208
340.0 74.0 51.0 30.0
obstacle
0.105000138283
227.0 248.0 44.0 40.0
obstacle
0.104986660182
0.0 228.0 44.0 30.0
obstacle
0.10486253351
413.0 253.0 61.0 33.0
obstacle
0.104848206043
187.0 189.0 49.0 53.0
obstacle
0.104822263122
76.0 75.0 43.0 29.0
obstacle
0.104737073183
107.0 200.0 50.0 31.0
obstacle
0.104716099799
378.0 202.0 49.0 31.0
obstacle
0.104622468352
337.0 177.0 54.0 30.0
obstacle
0.104514911771
148.0 125.0 52.0 29.0
obstacle
0.104368984699
414.0 151.0 58.0 30.0
obstacle
0.104347974062
380.0 49.0 48.0 32.0
obstacle
0.104093983769
265.0 304.0 49.0 29.0
obstacle
0.104089036584
265.0 224.0 47.0 39.0
obstacle
0.104075498879
225.0 169.0 46.0 44.0
obstacle
0.10382514447
417.0 124.0 55.0 34.0
obstacle
0.103811532259
457.0 150.0 43.0 33.0
obstacle
0.103773593903
0.0 0.0 41.0 27.0
obstacle
0.103723719716
0.0 279.0 52.0 30.0
obstacle
0.103677466512
261.0 278.0 56.0 33.0
obstacle
0.103558696806
421.0 66.0 79.0 98.0
obstacle
0.103422410786
265.0 76.0 48.0 29.0
obstacle
0.103368811309
380.0 252.0 50.0 34.0
obstacle
0.103311091661
416.0 0.0 53.0 33.0
obstacle
0.103038340807
335.0 280.0 61.0 30.0
obstacle
0.102593168616
0.0 198.0 46.0 37.0
obstacle
0.102553330362
300.0 128.0 55.0 26.0
obstacle
0.102543875575
73.0 200.0 46.0 31.0
obstacle
0.102421492338
29.0 277.0 60.0 36.0
obstacle
0.10228420049
188.0 49.0 49.0 32.0
obstacle
0.102141626179
75.0 305.0 43.0 28.0
obstacle
0.101955451071
152.0 73.0 44.0 34.0
obstacle
0.101925037801
304.0 303.0 49.0 30.0
obstacle
0.101864799857
109.0 125.0 53.0 30.0
obstacle
0.101288616657
27.0 224.0 62.0 37.0
obstacle
0.101093433797
106.0 253.0 56.0 33.0
obstacle
0.100545853376
301.0 150.0 52.0 34.0
obstacle
0.10014333576
221.0 147.0 58.0 37.0
obstacle
0.100121252239
191.0 219.0 45.0 45.0
obstacle
0.0995813906193
0.0 255.0 49.0 29.0
obstacle
0.0989564061165
338.0 151.0 54.0 32.0
obstacle
0.0984874218702
36.0 0.0 45.0 28.0
obstacle
0.098098821938
302.0 176.0 50.0 33.0
obstacle
0.0978411883116
303.0 227.0 48.0 31.0
obstacle
0.0976500809193
416.0 227.0 55.0 32.0
obstacle
0.0971937701106
453.0 252.0 47.0 36.0
obstacle
0.0956597626209
268.0 198.0 39.0 37.0
obstacle
0.0949654206634
267.0 177.0 42.0 30.0
obstacle
0.0929151177406
25.0 198.0 62.0 37.0
