obstacle
0.182357266545
96.0 0.0 306.0 333.0
obstacle
0.153309285641
0.0 169.0 500.0 164.0
obstacle
0.14821626246
331.0 258.0 144.0 75.0
obstacle
0.148060172796
160.0 121.0 101.0 143.0
obstacle
0.14805214107
0.0 51.0 98.0 128.0
obstacle
0.144284561276
87.0 227.0 324.0 106.0
obstacle
0.143948048353
74.0 166.0 195.0 103.0
obstacle
0.142040148377
188.0 157.0 124.0 125.0
obstacle
0.141981944442
350.0 111.0 150.0 222.0
obstacle
0.141897410154
191.0 127.0 43.0 27.0
obstacle
0.141781166196
112.0 142.0 125.0 100.0
obstacle
0.140012517571
458.0 203.0 42.0 30.0
obstacle
0.139675989747
241.0 0.0 247.0 304.0
obstacle
0.13905723393
78.0 119.0 114.0 142.0
obstacle
0.138794735074
417.0 140.0 83.0 104.0
obstacle
0.137255206704
0.0 47.0 185.0 138.0
obstacle
0.137101858854
380.0 189.0 120.0 108.0
obstacle
0.137064114213
362.0 0.0 138.0 200.0
obstacle
0.136418566108
450.0 279.0 50.0 32.0
obstacle
0.13592171669
0.0 216.0 122.0 107.0
obstacle
0.135804161429
54.0 53.0 234.0 226.0
obstacle
0.135777026415
0.0 0.0 485.0 219.0
obstacle
0.135588526726
0.0 256.0 85.0 77.0
obstacle
0.134882986546
0.0 0.0 268.0 125.0
obstacle
0.134232670069
115.0 117.0 267.0 99.0
obstacle
0.133933708072
21.0 258.0 150.0 75.0
obstacle
0.133367940784
37.0 109.0 124.0 116.0
obstacle
0.133150309324
85.0 0.0 331.0 103.0
obstacle
0.132526502013
217.0 92.0 222.0 241.0
obstacle
0.131498843431
407.0 0.0 93.0 74.0
obstacle
0.13136395812
0.0 175.0 45.0 37.0
obstacle
0.13129991293
457.0 227.0 43.0 34.0
obstacle
0.130950540304
0.0 47.0 213.0 286.0
obstacle
0.130926907063
31.0 184.0 132.0 121.0
obstacle
0.130447432399
0.0 161.0 95.0 113.0
obstacle
0.130103439093
68.0 236.0 133.0 97.0
obstacle
0.130094990134
188.0 31.0 312.0 117.0
obstacle
0.129760846496
106.0 191.0 131.0 105.0
obstacle
0.129678934813
179.0 252.0 140.0 81.0
obstacle
0.129300802946
300.0 163.0 132.0 110.0
obstacle
0.129201292992
305.0 0.0 195.0 69.0
obstacle
0.129173755646
243.0 156.0 92.0 124.0
obstacle
0.12875905633
267.0 104.0 124.0 124.0
obstacle
0.127962961793
289.0 70.0 211.0 141.0
obstacle
0.12789516151
0.0 109.0 81.0 116.0
obstacle
0.127541020513
194.0 123.0 306.0 138.0
obstacle
0.127435043454
82.0 86.0 114.0 109.0
obstacle
0.127141699195
421.0 243.0 79.0 90.0
obstacle
0.12707464397
111.0 175.0 48.0 36.0
obstacle
0.126500099897
0.0 253.0 43.0 33.0
obstacle
0.126373022795
136.0 0.0 230.0 210.0
obstacle
0.126192718744
285.0 229.0 215.0 104.0
obstacle
0.126055568457
237.0 0.0 263.0 105.0
obstacle
0.126026421785
378.0 115.0 122.0 103.0
obstacle
0.126020088792
226.0 81.0 127.0 119.0
obstacle
0.125955700874
100.0 255.0 146.0 78.0
obstacle
0.12573570013
0.0 236.0 278.0 97.0
obstacle
0.125340148807
229.0 126.0 43.0 28.0
obstacle
0.125231459737
252.0 256.0 149.0 77.0
obstacle
0.125007122755
339.0 103.0 127.0 126.0
obstacle
0.124920621514
67.0 80.0 367.0 120.0
obstacle
0.124862022698
53.0 160.0 393.0 116.0
obstacle
0.124493844807
67.0 0.0 135.0 74.0
obstacle
0.124425299466
214.0 0.0 148.0 93.0
obstacle
0.123915985227
274.0 182.0 226.0 122.0
obstacle
0.123629100621
45.0 25.0 331.0 128.0
obstacle
0.123566128314
456.0 150.0 44.0 34.0
obstacle
0.123337112367
0.0 143.0 349.0 101.0
obstacle
0.123263306916
224.0 201.0 129.0 132.0
obstacle
0.122797183692
109.0 202.0 53.0 30.0
obstacle
0.122786074877
415.0 227.0 56.0 34.0
obstacle
0.122419111431
185.0 112.0 134.0 107.0
obstacle
0.122396484017
265.0 280.0 50.0 33.0
obstacle
0.122311711311
0.0 183.0 283.0 120.0
obstacle
0.122226789594
264.0 150.0 125.0 136.0
obstacle
0.122192241251
1.0 280.0 39.0 30.0
obstacle
0.122114889324
385.0 75.0 43.0 31.0
obstacle
0.121692702174
409.0 32.0 91.0 114.0
obstacle
0.121600858867
34.0 0.0 201.0 236.0
obstacle
0.121440775692
162.0 166.0 98.0 155.0
obstacle
0.121165715158
132.0 128.0 236.0 205.0
obstacle
0.121077612042
0.0 0.0 122.0 70.0
obstacle
0.121047690511
337.0 10.0 131.0 109.0
obstacle
0.12045699358
0.0 0.0 40.0 32.0
obstacle
0.120359152555
142.0 0.0 138.0 72.0
obstacle
0.12016838789
458.0 253.0 42.0 32.0
obstacle
0.120025366545
225.0 0.0 49.0 30.0
obstacle
0.119948841631
458.0 101.0 42.0 30.0
obstacle
0.119934700429
382.0 21.0 45.0 36.0
obstacle
0.119880594313
0.0 0.0 140.0 256.0
obstacle
0.119490176439
187.0 0.0 48.0 30.0
obstacle
0.119409322739
268.0 50.0 46.0 31.0
obstacle
0.119364574552
457.0 178.0 43.0 30.0
obstacle
0.119356073439
418.0 253.0 53.0 32.0
obstacle
0.119085349143
74.0 22.0 48.0 34.0
obstacle
0.118909046054
220.0 127.0 137.0 129.0
obstacle
0.1188640818
346.0 23.0 43.0 33.0
obstacle
0.118763051927
0.0 136.0 127.0 112.0
obstacle
0.118375428021
458.0 123.0 42.0 36.0
obstacle
0.118308693171
0.0 21.0 43.0 37.0
obstacle
0.118205264211
413.0 279.0 56.0 33.0
obstacle
0.117992058396
258.0 0.0 137.0 70.0
obstacle
0.117787741125
416.0 201.0 55.0 32.0
obstacle
0.117697499692
306.0 50.0 46.0 32.0
obstacle
0.117480166256
0.0 10.0 125.0 108.0
obstacle
0.117475256324
23.0 0.0 147.0 94.0
obstacle
0.117330417037
424.0 74.0 40.0 30.0
obstacle
0.117246851325
334.0 279.0 63.0 30.0
obstacle
0.116915635765
113.0 22.0 47.0 34.0
obstacle
0.11687065661
149.0 0.0 47.0 30.0
obstacle
0.116852082312
224.0 229.0 49.0 29.0
obstacle
0.116848737001
256.0 10.0 138.0 108.0
obstacle
0.116558089852
227.0 150.0 42.0 34.0
obstacle
0.116502165794
31.0 176.0 56.0 34.0
obstacle
0.116435952485
181.0 9.0 136.0 110.0
obstacle
0.116345331073
110.0 306.0 52.0 27.0
obstacle
0.116236925125
421.0 100.0 43.0 31.0
obstacle
0.116053342819
266.0 150.0 46.0 33.0
obstacle
0.115719780326
302.0 280.0 52.0 30.0
obstacle
0.115682475269
460.0 75.0 40.0 30.0
obstacle
0.115553990006
0.0 83.0 290.0 115.0
obstacle
0.11551386863
380.0 305.0 51.0 28.0
obstacle
0.115311540663
455.0 304.0 45.0 29.0
obstacle
0.114757500589
162.0 90.0 105.0 103.0
obstacle
0.114692613482
118.0 88.0 116.0 104.0
obstacle
0.114618584514
0.0 160.0 199.0 113.0
obstacle
0.114538662136
74.0 305.0 47.0 28.0
obstacle
0.114475630224
0.0 123.0 43.0 36.0
obstacle
0.114378139377
196.0 170.0 27.0 41.0
obstacle
0.114362798631
381.0 101.0 47.0 30.0
obstacle
0.114179596305
109.0 0.0 51.0 29.0
obstacle
0.114125348628
188.0 305.0 49.0 28.0
obstacle
0.113871715963
349.0 210.0 112.0 118.0
obstacle
0.11383651197
0.0 101.0 43.0 29.0
obstacle
0.11378095299
35.0 0.0 47.0 31.0
obstacle
0.113756261766
107.0 0.0 132.0 90.0
obstacle
0.113580837846
0.0 48.0 42.0 36.0
obstacle
0.113538712263
40.0 50.0 40.0 32.0
obstacle
0.113404616714
263.0 0.0 50.0 30.0
obstacle
0.113298811018
0.0 150.0 45.0 35.0
obstacle
0.113264799118
77.0 50.0 42.0 31.0
obstacle
0.113063178957
382.0 48.0 46.0 34.0
obstacle
0.112993359566
306.0 22.0 46.0 34.0
obstacle
0.112375661731
150.0 227.0 43.0 31.0
obstacle
0.112107805908
36.0 22.0 49.0 35.0
obstacle
0.112055592239
345.0 50.0 45.0 31.0
obstacle
0.11184425652
0.0 203.0 45.0 30.0
obstacle
0.111702956259
459.0 49.0 41.0 31.0
obstacle
0.111604660749
68.0 153.0 59.0 29.0
obstacle
0.111344404519
412.0 307.0 60.0 26.0
obstacle
0.111181825399
301.0 0.0 52.0 30.0
obstacle
0.111159108579
70.0 177.0 53.0 32.0
obstacle
0.111124105752
191.0 201.0 42.0 33.0
obstacle
0.111003004014
35.0 224.0 47.0 38.0
obstacle
0.110625602305
40.0 74.0 42.0 33.0
obstacle
0.110509924591
151.0 22.0 47.0 34.0
obstacle
0.110449925065
106.0 36.0 133.0 106.0
obstacle
0.110437303782
230.0 51.0 46.0 30.0
obstacle
0.110306873918
292.0 35.0 147.0 109.0
obstacle
0.110292859375
189.0 22.0 48.0 34.0
obstacle
0.109878614545
154.0 196.0 40.0 39.0
obstacle
0.109835356474
305.0 101.0 46.0 29.0
obstacle
0.109523154795
35.0 302.0 48.0 31.0
obstacle
0.10946379602
0.0 224.0 47.0 37.0
obstacle
0.109421916306
0.0 303.0 47.0 30.0
obstacle
0.109195664525
187.0 279.0 50.0 32.0
obstacle
0.109193056822
420.0 124.0 49.0 34.0
obstacle
0.109169244766
36.0 278.0 46.0 34.0
obstacle
0.109124921262
71.0 0.0 50.0 30.0
obstacle
0.108839116991
419.0 79.0 81.0 124.0
obstacle
0.108821704984
108.0 280.0 55.0 31.0
obstacle
0.108464367688
152.0 50.0 46.0 31.0
obstacle
0.108421489596
343.0 100.0 48.0 31.0
obstacle
0.108419984579
340.0 0.0 51.0 30.0
obstacle
0.108370058239
462.0 22.0 38.0 33.0
obstacle
0.108174972236
71.0 276.0 49.0 37.0
obstacle
0.108114719391
339.0 303.0 56.0 30.0
obstacle
0.108027949929
268.0 179.0 41.0 27.0
obstacle
0.107775956392
107.0 250.0 57.0 38.0
obstacle
0.107770815492
224.0 279.0 54.0 33.0
obstacle
0.107694290578
347.0 74.0 42.0 33.0
obstacle
0.107680119574
327.0 67.0 153.0 96.0
obstacle
0.107456818223
267.0 22.0 46.0 34.0
obstacle
0.107366219163
305.0 178.0 46.0 28.0
obstacle
0.10731703043
192.0 50.0 44.0 31.0
obstacle
0.107213817537
419.0 21.0 47.0 34.0
obstacle
0.107182502747
421.0 177.0 46.0 31.0
obstacle
0.107053026557
78.0 75.0 40.0 30.0
obstacle
0.10703009367
268.0 126.0 43.0 30.0
obstacle
0.106982707977
71.0 251.0 50.0 37.0
obstacle
0.106907188892
149.0 252.0 50.0 34.0
obstacle
0.106776662171
302.0 303.0 53.0 30.0
obstacle
0.106765545905
229.0 23.0 45.0 33.0
obstacle
0.106759496033
74.0 100.0 43.0 30.0
obstacle
0.106732271612
301.0 152.0 53.0 30.0
obstacle
0.106667160988
115.0 49.0 43.0 32.0
obstacle
0.10656824708
308.0 75.0 42.0 31.0
obstacle
0.106410734355
109.0 126.0 51.0 30.0
obstacle
0.106217883527
74.0 229.0 44.0 28.0
obstacle
0.106131725013
375.0 276.0 57.0 34.0
obstacle
0.105819523335
218.0 36.0 141.0 107.0
obstacle
0.105750218034
151.0 128.0 44.0 25.0
obstacle
0.105530560017
2.0 0.0 344.0 70.0
obstacle
0.105446830392
265.0 102.0 47.0 28.0
obstacle
0.105212703347
376.0 252.0 58.0 36.0
obstacle
0.105068407953
263.0 223.0 51.0 38.0
obstacle
0.104904837906
304.0 202.0 47.0 30.0
obstacle
0.104820989072
36.0 98.0 43.0 34.0
obstacle
0.104755334556
190.0 102.0 41.0 27.0
obstacle
0.104554437101
267.0 251.0 46.0 36.0
obstacle
0.104421019554
266.0 304.0 49.0 29.0
obstacle
0.104336448014
71.0 124.0 52.0 35.0
obstacle
0.104263022542
150.0 305.0 50.0 28.0
obstacle
0.104135915637
107.0 225.0 56.0 35.0
obstacle
0.104070931673
264.0 201.0 52.0 33.0
obstacle
0.104026846588
260.0 65.0 132.0 102.0
obstacle
0.103956401348
183.0 249.0 57.0 38.0
obstacle
0.103433176875
304.0 126.0 48.0 32.0
obstacle
0.103331573308
114.0 100.0 40.0 30.0
obstacle
0.103314310312
226.0 202.0 47.0 34.0
obstacle
0.103274129331
149.0 278.0 49.0 34.0
obstacle
0.103251069784
270.0 76.0 41.0 29.0
obstacle
0.103203170002
379.0 0.0 50.0 31.0
obstacle
0.102889128029
154.0 75.0 41.0 30.0
obstacle
0.102742962539
339.0 255.0 55.0 27.0
obstacle
0.102628551424
0.0 73.0 43.0 35.0
obstacle
0.102544508874
32.0 149.0 52.0 36.0
obstacle
0.102540239692
336.0 152.0 62.0 31.0
obstacle
0.102340780199
190.0 154.0 40.0 26.0
obstacle
0.102194525301
340.0 126.0 55.0 30.0
obstacle
0.102136351168
185.0 71.0 132.0 88.0
obstacle
0.102114468813
339.0 227.0 53.0 34.0
obstacle
0.101730585098
335.0 178.0 63.0 29.0
obstacle
0.101721681654
459.0 0.0 41.0 29.0
obstacle
0.101697176695
117.0 75.0 39.0 30.0
obstacle
0.101184599102
156.0 168.0 32.0 44.0
obstacle
0.101167351007
376.0 151.0 58.0 32.0
obstacle
0.10103033483
232.0 77.0 40.0 28.0
obstacle
0.101007178426
228.0 175.0 41.0 33.0
obstacle
0.100999936461
110.0 151.0 52.0 31.0
obstacle
0.10092317313
33.0 124.0 50.0 34.0
obstacle
0.100850537419
375.0 177.0 60.0 31.0
obstacle
0.100707598031
336.0 202.0 61.0 31.0
obstacle
0.100638657808
419.0 151.0 50.0 34.0
obstacle
0.100010208786
226.0 304.0 52.0 29.0
obstacle
0.0998097807169
187.0 225.0 49.0 36.0
obstacle
0.0996712967753
304.0 251.0 48.0 35.0
obstacle
0.0994695052505
146.0 148.0 53.0 37.0
obstacle
0.099009513855
302.0 226.0 51.0 33.0
obstacle
0.0987731739879
416.0 0.0 53.0 30.0
obstacle
0.0985161811113
193.0 76.0 41.0 29.0
obstacle
0.0985131412745
228.0 253.0 47.0 32.0
obstacle
0.0983486324549
228.0 102.0 40.0 28.0
obstacle
0.0980370342731
377.0 125.0 54.0 34.0
obstacle
0.0978609398007
151.0 100.0 43.0 29.0
obstacle
0.0975583046675
73.0 201.0 47.0 32.0
obstacle
0.0975458621979
418.0 48.0 50.0 32.0
obstacle
0.0957154855132
35.0 250.0 49.0 38.0
obstacle
0.094977222383
33.0 202.0 48.0 33.0
obstacle
0.0924232751131
377.0 202.0 56.0 32.0
obstacle
0.0921462774277
377.0 227.0 52.0 33.0
