obstacle
0.175969347358
0.0 0.0 500.0 333.0
obstacle
0.165339708328
61.0 137.0 142.0 111.0
obstacle
0.162232279778
262.0 161.0 128.0 115.0
obstacle
0.160248994827
25.0 54.0 223.0 276.0
obstacle
0.15855333209
161.0 167.0 96.0 103.0
obstacle
0.154518485069
176.0 39.0 229.0 294.0
obstacle
0.153749227524
0.0 0.0 202.0 219.0
obstacle
0.152617409825
0.0 0.0 273.0 79.0
obstacle
0.150134816766
334.0 39.0 141.0 102.0
obstacle
0.150042623281
310.0 0.0 190.0 291.0
obstacle
0.149862632155
75.0 0.0 197.0 241.0
obstacle
0.149851620197
83.0 67.0 259.0 266.0
obstacle
0.148806288838
35.0 0.0 44.0 30.0
obstacle
0.148285657167
37.0 166.0 118.0 106.0
obstacle
0.146367326379
357.0 0.0 143.0 193.0
obstacle
0.146042659879
417.0 116.0 83.0 100.0
obstacle
0.145803585649
0.0 0.0 116.0 133.0
obstacle
0.14428922534
88.0 113.0 263.0 102.0
obstacle
0.144185438752
74.0 19.0 50.0 34.0
obstacle
0.143879547715
28.0 152.0 295.0 77.0
obstacle
0.143611177802
311.0 141.0 105.0 105.0
obstacle
0.14265859127
256.0 36.0 143.0 107.0
obstacle
0.142566561699
0.0 187.0 86.0 113.0
obstacle
0.140277266502
0.0 0.0 439.0 187.0
obstacle
0.139866426587
180.0 147.0 302.0 86.0
obstacle
0.139617338777
38.0 0.0 114.0 71.0
obstacle
0.139574408531
214.0 0.0 228.0 202.0
obstacle
0.139451131225
336.0 233.0 134.0 100.0
obstacle
0.13936881721
409.0 187.0 91.0 112.0
obstacle
0.138644367456
304.0 73.0 124.0 85.0
obstacle
0.138613283634
0.0 175.0 500.0 158.0
obstacle
0.138298436999
228.0 137.0 108.0 118.0
obstacle
0.137557253242
0.0 136.0 92.0 112.0
obstacle
0.137141481042
0.0 32.0 253.0 115.0
obstacle
0.136712998152
0.0 46.0 92.0 138.0
obstacle
0.136548355222
1.0 240.0 113.0 93.0
obstacle
0.136501654983
0.0 112.0 132.0 111.0
obstacle
0.135977178812
101.0 177.0 304.0 79.0
obstacle
0.135426744819
0.0 154.0 44.0 28.0
obstacle
0.135340243578
232.0 237.0 268.0 96.0
obstacle
0.135119915009
0.0 254.0 42.0 30.0
obstacle
0.135105237365
187.0 258.0 123.0 75.0
obstacle
0.134972691536
415.0 0.0 85.0 80.0
obstacle
0.134888738394
188.0 172.0 54.0 35.0
obstacle
0.134100466967
374.0 62.0 126.0 105.0
obstacle
0.134058579803
107.0 122.0 54.0 35.0
obstacle
0.133557260036
190.0 162.0 119.0 116.0
obstacle
0.133214995265
266.0 165.0 48.0 54.0
obstacle
0.132912710309
119.0 152.0 105.0 131.0
obstacle
0.13256329298
155.0 101.0 106.0 136.0
obstacle
0.132527768612
456.0 72.0 44.0 35.0
obstacle
0.132086232305
334.0 168.0 137.0 97.0
obstacle
0.132019653916
137.0 0.0 303.0 99.0
obstacle
0.131901696324
0.0 164.0 256.0 104.0
obstacle
0.131747707725
35.0 7.0 119.0 118.0
obstacle
0.131374239922
264.0 17.0 236.0 99.0
obstacle
0.131334364414
35.0 14.0 42.0 41.0
obstacle
0.131154686213
32.0 216.0 126.0 105.0
obstacle
0.1308734864
221.0 231.0 133.0 102.0
obstacle
0.13081112504
80.0 63.0 112.0 104.0
obstacle
0.13028909266
416.0 239.0 84.0 94.0
obstacle
0.129941523075
456.0 22.0 44.0 34.0
obstacle
0.129670187831
148.0 216.0 124.0 105.0
obstacle
0.129655182362
258.0 253.0 136.0 80.0
obstacle
0.129578962922
255.0 57.0 245.0 117.0
obstacle
0.129110217094
277.0 84.0 105.0 113.0
obstacle
0.129097804427
0.0 0.0 37.0 29.0
obstacle
0.128779456019
0.0 233.0 229.0 100.0
obstacle
0.127945557237
377.0 204.0 123.0 129.0
obstacle
0.127738177776
246.0 104.0 239.0 229.0
obstacle
0.127571985126
378.0 70.0 122.0 263.0
obstacle
0.127394720912
0.0 156.0 165.0 177.0
obstacle
0.127237647772
144.0 0.0 213.0 194.0
obstacle
0.127188205719
280.0 94.0 220.0 143.0
obstacle
0.126694887877
71.0 190.0 127.0 108.0
obstacle
0.126694619656
226.0 195.0 51.0 42.0
obstacle
0.126612186432
108.0 47.0 54.0 33.0
obstacle
0.126178815961
457.0 280.0 43.0 32.0
obstacle
0.125977233052
75.0 0.0 40.0 29.0
obstacle
0.125539362431
295.0 201.0 139.0 132.0
obstacle
0.12553268671
203.0 99.0 87.0 139.0
obstacle
0.125074326992
0.0 15.0 42.0 39.0
obstacle
0.124951727688
117.0 64.0 118.0 102.0
obstacle
0.124542236328
422.0 20.0 45.0 36.0
obstacle
0.124252289534
149.0 197.0 53.0 38.0
obstacle
0.124072872102
270.0 127.0 38.0 29.0
obstacle
0.123812936246
182.0 144.0 54.0 42.0
obstacle
0.123757213354
230.0 0.0 42.0 28.0
obstacle
0.123558200896
67.0 235.0 364.0 98.0
obstacle
0.123546376824
231.0 173.0 43.0 34.0
obstacle
0.12332829833
302.0 127.0 50.0 31.0
obstacle
0.123021617532
73.0 258.0 125.0 75.0
obstacle
0.123005487025
349.0 116.0 114.0 101.0
obstacle
0.122963167727
148.0 36.0 127.0 106.0
obstacle
0.122862756252
221.0 280.0 58.0 30.0
obstacle
0.12262788415
105.0 168.0 59.0 41.0
obstacle
0.122578009963
253.0 0.0 148.0 95.0
obstacle
0.122262187302
151.0 168.0 46.0 41.0
obstacle
0.122026219964
70.0 16.0 128.0 99.0
obstacle
0.121908724308
0.0 82.0 274.0 119.0
obstacle
0.121859408915
64.0 0.0 141.0 76.0
obstacle
0.12176886946
339.0 147.0 53.0 35.0
obstacle
0.12176413089
413.0 226.0 59.0 34.0
obstacle
0.121580548584
116.0 93.0 113.0 149.0
obstacle
0.121538504958
0.0 19.0 131.0 292.0
obstacle
0.121504463255
140.0 190.0 360.0 105.0
obstacle
0.121258124709
244.0 89.0 93.0 104.0
obstacle
0.121248833835
148.0 26.0 352.0 124.0
obstacle
0.121036864817
455.0 44.0 45.0 39.0
obstacle
0.120988696814
316.0 0.0 184.0 70.0
obstacle
0.120378144085
300.0 166.0 59.0 48.0
obstacle
0.120263308287
300.0 193.0 55.0 47.0
obstacle
0.120226249099
148.0 143.0 51.0 41.0
obstacle
0.120128750801
0.0 0.0 83.0 57.0
obstacle
0.119910076261
69.0 38.0 52.0 47.0
obstacle
0.119708560407
29.0 88.0 138.0 106.0
obstacle
0.119705840945
110.0 213.0 122.0 111.0
obstacle
0.119624882936
0.0 279.0 45.0 31.0
obstacle
0.119507297873
186.0 195.0 57.0 41.0
obstacle
0.119455657899
32.0 96.0 51.0 38.0
obstacle
0.11930205673
458.0 98.0 42.0 33.0
obstacle
0.118933133781
183.0 0.0 134.0 69.0
obstacle
0.118629716337
190.0 0.0 43.0 30.0
obstacle
0.1181897223
185.0 18.0 130.0 94.0
obstacle
0.117843359709
418.0 45.0 50.0 34.0
obstacle
0.11724935472
339.0 169.0 49.0 45.0
obstacle
0.11703299731
375.0 199.0 59.0 36.0
obstacle
0.116901837289
31.0 255.0 55.0 29.0
obstacle
0.116609491408
306.0 23.0 43.0 32.0
obstacle
0.11652418226
112.0 0.0 46.0 28.0
obstacle
0.116359651089
378.0 45.0 54.0 36.0
obstacle
0.116357080638
111.0 303.0 48.0 30.0
obstacle
0.116128727794
0.0 199.0 44.0 37.0
obstacle
0.115962475538
343.0 26.0 46.0 25.0
obstacle
0.115388959646
225.0 190.0 122.0 109.0
obstacle
0.115366220474
0.0 226.0 44.0 35.0
obstacle
0.115355923772
381.0 134.0 119.0 117.0
obstacle
0.115316063166
175.0 225.0 71.0 35.0
obstacle
0.11521063745
53.0 205.0 319.0 78.0
obstacle
0.11490713805
337.0 198.0 56.0 39.0
obstacle
0.114854507148
0.0 176.0 43.0 34.0
obstacle
0.114834234118
454.0 202.0 46.0 31.0
obstacle
0.1147922948
68.0 171.0 55.0 39.0
obstacle
0.114751338959
32.0 227.0 51.0 33.0
obstacle
0.114731028676
110.0 22.0 50.0 32.0
obstacle
0.11429708451
0.0 302.0 46.0 31.0
obstacle
0.114294931293
150.0 74.0 279.0 134.0
obstacle
0.114213198423
423.0 32.0 77.0 113.0
obstacle
0.113730415702
456.0 251.0 44.0 36.0
obstacle
0.113717325032
458.0 305.0 42.0 28.0
obstacle
0.113607950509
379.0 149.0 48.0 34.0
obstacle
0.11350248754
145.0 122.0 50.0 36.0
obstacle
0.113083042204
70.0 255.0 51.0 28.0
obstacle
0.113049738109
262.0 302.0 59.0 31.0
obstacle
0.11282004416
303.0 303.0 51.0 30.0
obstacle
0.112813092768
418.0 282.0 50.0 29.0
obstacle
0.112726740539
153.0 24.0 41.0 30.0
obstacle
0.112545646727
262.0 50.0 56.0 28.0
obstacle
0.112457029521
142.0 0.0 133.0 90.0
obstacle
0.112405262887
72.0 302.0 50.0 31.0
obstacle
0.112230420113
419.0 305.0 49.0 28.0
obstacle
0.112108699977
267.0 0.0 43.0 29.0
obstacle
0.112067490816
457.0 121.0 43.0 39.0
obstacle
0.111946724355
147.0 306.0 54.0 27.0
obstacle
0.111933231354
223.0 302.0 59.0 31.0
obstacle
0.111902989447
185.0 253.0 58.0 32.0
obstacle
0.111885465682
305.0 102.0 43.0 28.0
obstacle
0.111838653684
332.0 225.0 65.0 36.0
obstacle
0.111613333225
153.0 0.0 42.0 28.0
obstacle
0.111168824136
377.0 173.0 52.0 37.0
obstacle
0.111138150096
458.0 150.0 42.0 34.0
obstacle
0.111068032682
457.0 176.0 43.0 33.0
obstacle
0.110961258411
66.0 229.0 61.0 30.0
obstacle
0.110921904445
184.0 304.0 57.0 29.0
obstacle
0.110882811248
224.0 144.0 47.0 42.0
obstacle
0.110832989216
145.0 76.0 57.0 27.0
obstacle
0.110727861524
104.0 254.0 63.0 30.0
obstacle
0.110712848604
228.0 128.0 40.0 26.0
obstacle
0.110708929598
197.0 59.0 111.0 114.0
obstacle
0.110546909273
310.0 170.0 190.0 148.0
obstacle
0.110502012074
379.0 278.0 53.0 33.0
obstacle
0.110452584922
31.0 277.0 53.0 34.0
obstacle
0.11035618186
111.0 0.0 124.0 61.0
obstacle
0.110107056797
105.0 146.0 60.0 35.0
obstacle
0.109924845397
68.0 125.0 58.0 33.0
obstacle
0.109798982739
263.0 197.0 55.0 40.0
obstacle
0.109608083963
0.0 41.0 43.0 41.0
obstacle
0.109509430826
148.0 99.0 52.0 33.0
obstacle
0.109420858324
379.0 303.0 53.0 30.0
obstacle
0.109304904938
380.0 24.0 50.0 29.0
obstacle
0.109245084226
344.0 0.0 46.0 27.0
obstacle
0.108590900898
418.0 150.0 51.0 35.0
obstacle
0.108590468764
306.0 0.0 43.0 29.0
obstacle
0.108194768429
143.0 226.0 63.0 32.0
obstacle
0.108028031886
414.0 71.0 53.0 36.0
obstacle
0.108021102846
147.0 253.0 55.0 31.0
obstacle
0.107836343348
229.0 27.0 46.0 26.0
obstacle
0.107814230025
454.0 227.0 46.0 31.0
obstacle
0.107716850936
224.0 167.0 276.0 98.0
obstacle
0.107545673847
67.0 278.0 56.0 34.0
obstacle
0.107463888824
340.0 254.0 51.0 30.0
obstacle
0.107416398823
223.0 50.0 55.0 29.0
obstacle
0.107266262174
343.0 48.0 48.0 32.0
obstacle
0.107149727643
69.0 150.0 55.0 30.0
obstacle
0.107049815357
184.0 75.0 56.0 30.0
obstacle
0.107020705938
184.0 122.0 51.0 36.0
obstacle
0.106938615441
420.0 101.0 46.0 30.0
obstacle
0.106590218842
224.0 251.0 54.0 37.0
obstacle
0.106581635773
264.0 26.0 50.0 27.0
obstacle
0.106572680175
184.0 100.0 53.0 31.0
obstacle
0.106547407806
343.0 305.0 49.0 28.0
obstacle
0.106502629817
304.0 72.0 49.0 35.0
obstacle
0.106460601091
35.0 150.0 51.0 32.0
obstacle
0.106392681599
106.0 99.0 56.0 30.0
obstacle
0.106102071702
189.0 25.0 46.0 29.0
obstacle
0.105944044888
144.0 279.0 59.0 31.0
obstacle
0.105806224048
187.0 49.0 53.0 30.0
obstacle
0.105719871819
302.0 279.0 53.0 33.0
obstacle
0.105654589832
303.0 48.0 51.0 32.0
obstacle
0.105577558279
296.0 225.0 61.0 34.0
obstacle
0.10554202646
70.0 71.0 49.0 36.0
obstacle
0.105521075428
37.0 200.0 46.0 34.0
obstacle
0.105441808701
227.0 101.0 44.0 29.0
obstacle
0.105440378189
301.0 147.0 53.0 34.0
obstacle
0.105394281447
0.0 123.0 43.0 34.0
obstacle
0.105371922255
267.0 103.0 44.0 26.0
obstacle
0.104931950569
457.0 0.0 43.0 25.0
obstacle
0.104921273887
225.0 75.0 53.0 31.0
obstacle
0.104910157621
299.0 255.0 57.0 28.0
obstacle
0.10477579385
107.0 200.0 55.0 31.0
obstacle
0.104716576636
109.0 73.0 51.0 31.0
obstacle
0.104353144765
414.0 125.0 57.0 32.0
obstacle
0.104327909648
340.0 281.0 51.0 27.0
obstacle
0.10424297303
257.0 253.0 64.0 32.0
obstacle
0.104240767658
424.0 0.0 43.0 29.0
obstacle
0.10397644341
146.0 49.0 57.0 29.0
obstacle
0.103967219591
381.0 253.0 49.0 33.0
obstacle
0.10396604985
35.0 301.0 48.0 32.0
obstacle
0.103964738548
70.0 196.0 52.0 39.0
obstacle
0.103499338031
261.0 72.0 56.0 36.0
obstacle
0.103482209146
0.0 73.0 47.0 31.0
obstacle
0.103335738182
182.0 279.0 61.0 32.0
obstacle
0.10331120342
0.0 97.0 46.0 36.0
obstacle
0.10323946178
72.0 96.0 47.0 36.0
obstacle
0.103183366358
419.0 253.0 49.0 33.0
obstacle
0.102953158319
106.0 279.0 56.0 32.0
obstacle
0.102856129408
262.0 279.0 57.0 32.0
obstacle
0.102676294744
32.0 38.0 48.0 47.0
obstacle
0.102415196598
377.0 123.0 53.0 36.0
obstacle
0.10232643038
30.0 176.0 60.0 32.0
obstacle
0.101771622896
379.0 67.0 51.0 44.0
obstacle
0.101099044085
383.0 0.0 43.0 26.0
obstacle
0.100757814944
252.0 226.0 72.0 34.0
obstacle
0.100616946816
217.0 225.0 66.0 35.0
obstacle
0.100308947265
340.0 126.0 50.0 30.0
obstacle
0.099888779223
414.0 198.0 58.0 39.0
obstacle
0.0992723628879
338.0 99.0 56.0 33.0
obstacle
0.099233314395
108.0 226.0 56.0 33.0
obstacle
0.0988684147596
379.0 225.0 53.0 37.0
obstacle
0.0981833785772
264.0 148.0 48.0 34.0
obstacle
0.0980360433459
26.0 125.0 65.0 29.0
obstacle
0.0955308675766
411.0 176.0 63.0 30.0
obstacle
0.0935248956084
342.0 73.0 52.0 34.0
obstacle
0.0920672640204
30.0 70.0 53.0 37.0
obstacle
0.092037960887
377.0 100.0 55.0 32.0
