obstacle
0.200177758932
0.0 0.0 500.0 291.0
obstacle
0.167940482497
297.0 0.0 203.0 196.0
obstacle
0.155868902802
298.0 214.0 133.0 110.0
obstacle
0.152283608913
259.0 0.0 213.0 333.0
obstacle
0.152157723904
129.0 35.0 244.0 265.0
obstacle
0.147798955441
0.0 0.0 326.0 86.0
obstacle
0.147583767772
0.0 0.0 279.0 229.0
obstacle
0.143396124244
103.0 0.0 216.0 195.0
obstacle
0.142934828997
0.0 208.0 92.0 121.0
obstacle
0.141857415438
301.0 5.0 128.0 117.0
obstacle
0.141311183572
68.0 0.0 132.0 64.0
obstacle
0.140910848975
380.0 179.0 120.0 129.0
obstacle
0.140892207623
0.0 37.0 90.0 107.0
obstacle
0.139650002122
230.0 31.0 120.0 117.0
obstacle
0.139208689332
101.0 243.0 145.0 90.0
obstacle
0.138777643442
0.0 0.0 82.0 89.0
obstacle
0.138720080256
155.0 0.0 268.0 226.0
obstacle
0.138059809804
0.0 0.0 500.0 124.0
obstacle
0.138010010123
0.0 0.0 177.0 158.0
obstacle
0.137405708432
2.0 8.0 113.0 114.0
obstacle
0.137310251594
0.0 147.0 371.0 186.0
obstacle
0.136666744947
0.0 0.0 133.0 295.0
obstacle
0.13599511981
260.0 258.0 131.0 75.0
obstacle
0.135755524039
407.0 133.0 93.0 117.0
obstacle
0.135686337948
267.0 21.0 44.0 33.0
obstacle
0.134681627154
381.0 60.0 119.0 109.0
obstacle
0.133957758546
181.0 129.0 319.0 204.0
obstacle
0.133680149913
250.0 135.0 250.0 112.0
obstacle
0.133622795343
263.0 148.0 50.0 36.0
obstacle
0.133429542184
183.0 210.0 130.0 118.0
obstacle
0.133272171021
0.0 123.0 87.0 139.0
obstacle
0.133012741804
72.0 19.0 46.0 36.0
obstacle
0.132984489202
0.0 128.0 173.0 127.0
obstacle
0.132705077529
0.0 281.0 43.0 27.0
obstacle
0.132696852088
309.0 62.0 119.0 105.0
obstacle
0.132496103644
269.0 114.0 115.0 106.0
obstacle
0.132086575031
84.0 0.0 96.0 108.0
obstacle
0.131782844663
109.0 123.0 125.0 91.0
obstacle
0.131627261639
0.0 63.0 123.0 106.0
obstacle
0.130892202258
207.0 0.0 293.0 99.0
obstacle
0.130552724004
257.0 185.0 138.0 116.0
obstacle
0.130181342363
0.0 0.0 44.0 27.0
obstacle
0.129689320922
268.0 51.0 124.0 129.0
obstacle
0.129656344652
40.0 118.0 108.0 99.0
obstacle
0.129614502192
105.0 74.0 61.0 28.0
obstacle
0.129541903734
260.0 120.0 59.0 39.0
obstacle
0.129489392042
54.0 233.0 389.0 100.0
obstacle
0.129284486175
0.0 228.0 44.0 30.0
obstacle
0.12899518013
415.0 234.0 85.0 99.0
obstacle
0.128958851099
131.0 182.0 313.0 122.0
obstacle
0.128948867321
152.0 175.0 42.0 35.0
obstacle
0.128632113338
329.0 161.0 151.0 114.0
obstacle
0.128434836864
303.0 18.0 50.0 36.0
obstacle
0.127600610256
193.0 35.0 114.0 108.0
obstacle
0.127550601959
144.0 6.0 136.0 117.0
obstacle
0.126887261868
187.0 160.0 125.0 117.0
obstacle
0.126564979553
0.0 88.0 88.0 107.0
obstacle
0.12639541924
0.0 149.0 122.0 184.0
obstacle
0.126327604055
142.0 117.0 139.0 104.0
obstacle
0.126018747687
37.0 11.0 120.0 105.0
obstacle
0.125950396061
150.0 47.0 47.0 34.0
obstacle
0.125846281648
101.0 89.0 304.0 102.0
obstacle
0.125837147236
71.0 119.0 50.0 41.0
obstacle
0.125673994422
0.0 22.0 44.0 35.0
obstacle
0.125592365861
218.0 218.0 139.0 102.0
obstacle
0.125569969416
0.0 202.0 45.0 31.0
obstacle
0.125472068787
415.0 3.0 85.0 122.0
obstacle
0.12534442544
0.0 111.0 248.0 108.0
obstacle
0.125180825591
368.0 0.0 132.0 327.0
obstacle
0.125165298581
222.0 119.0 56.0 39.0
obstacle
0.124724581838
227.0 141.0 122.0 102.0
obstacle
0.12463517487
213.0 224.0 287.0 109.0
obstacle
0.124208539724
342.0 46.0 50.0 33.0
obstacle
0.1241530478
107.0 17.0 53.0 38.0
obstacle
0.124071709812
35.0 126.0 357.0 131.0
obstacle
0.123960830271
223.0 83.0 122.0 119.0
obstacle
0.123872473836
35.0 122.0 45.0 36.0
obstacle
0.122709229589
312.0 0.0 110.0 62.0
obstacle
0.122685112059
338.0 34.0 131.0 111.0
obstacle
0.122541941702
35.0 151.0 46.0 31.0
obstacle
0.121971458197
382.0 48.0 48.0 32.0
obstacle
0.12193442136
347.0 113.0 114.0 107.0
obstacle
0.121803045273
314.0 0.0 186.0 75.0
obstacle
0.12130086869
33.0 279.0 47.0 32.0
obstacle
0.121103413403
0.0 208.0 192.0 120.0
obstacle
0.120916865766
340.0 237.0 130.0 96.0
obstacle
0.120845980942
0.0 99.0 43.0 36.0
obstacle
0.120814487338
70.0 79.0 127.0 128.0
obstacle
0.12053771317
0.0 254.0 44.0 29.0
obstacle
0.120505407453
453.0 176.0 47.0 31.0
obstacle
0.120469808578
0.0 304.0 45.0 29.0
obstacle
0.120293952525
225.0 175.0 50.0 32.0
obstacle
0.120280511677
73.0 0.0 47.0 27.0
obstacle
0.120225727558
380.0 19.0 53.0 39.0
obstacle
0.120065040886
35.0 0.0 47.0 27.0
obstacle
0.120024338365
188.0 177.0 49.0 30.0
obstacle
0.120006367564
28.0 245.0 137.0 88.0
obstacle
0.11974927783
38.0 163.0 114.0 111.0
obstacle
0.119743473828
416.0 86.0 84.0 108.0
obstacle
0.119269430637
188.0 0.0 125.0 65.0
obstacle
0.119264416397
35.0 97.0 47.0 36.0
obstacle
0.119262307882
343.0 80.0 157.0 121.0
obstacle
0.119198836386
299.0 198.0 56.0 38.0
obstacle
0.119114279747
338.0 19.0 57.0 35.0
obstacle
0.118804037571
185.0 56.0 315.0 119.0
obstacle
0.118634834886
269.0 0.0 115.0 62.0
obstacle
0.11839427799
300.0 148.0 48.0 37.0
obstacle
0.118253856897
452.0 202.0 48.0 32.0
obstacle
0.118205666542
110.0 40.0 50.0 45.0
obstacle
0.118144869804
67.0 280.0 56.0 31.0
obstacle
0.117888003588
119.0 0.0 108.0 57.0
obstacle
0.117570213974
69.0 31.0 363.0 119.0
obstacle
0.11753821373
227.0 0.0 47.0 26.0
obstacle
0.117507308722
112.0 0.0 46.0 26.0
obstacle
0.117460697889
149.0 306.0 52.0 27.0
obstacle
0.117382578552
69.0 176.0 55.0 30.0
obstacle
0.117278002203
258.0 198.0 57.0 37.0
obstacle
0.116945981979
155.0 183.0 113.0 122.0
obstacle
0.116881676018
227.0 147.0 47.0 39.0
obstacle
0.116847664118
30.0 228.0 56.0 30.0
obstacle
0.116817653179
300.0 122.0 49.0 34.0
obstacle
0.116777174175
109.0 121.0 48.0 40.0
obstacle
0.116716437042
0.0 73.0 224.0 260.0
obstacle
0.116385325789
189.0 0.0 44.0 30.0
obstacle
0.116324044764
0.0 151.0 251.0 133.0
obstacle
0.116040281951
150.0 0.0 47.0 30.0
obstacle
0.115612238646
0.0 175.0 44.0 31.0
obstacle
0.115571945906
458.0 0.0 42.0 29.0
obstacle
0.115366637707
339.0 0.0 54.0 28.0
obstacle
0.115030094981
106.0 155.0 132.0 124.0
obstacle
0.115019962192
145.0 67.0 135.0 99.0
obstacle
0.114800035954
24.0 50.0 145.0 81.0
obstacle
0.114414550364
184.0 118.0 57.0 42.0
obstacle
0.11417735368
0.0 150.0 47.0 33.0
obstacle
0.114156611264
107.0 46.0 136.0 87.0
obstacle
0.114134438336
340.0 75.0 51.0 30.0
obstacle
0.114033900201
73.0 254.0 48.0 30.0
obstacle
0.113927789032
70.0 185.0 127.0 117.0
obstacle
0.113789640367
34.0 255.0 50.0 27.0
obstacle
0.113643467426
264.0 176.0 46.0 31.0
obstacle
0.113494895399
301.0 1.0 53.0 26.0
obstacle
0.113353051245
189.0 103.0 53.0 26.0
obstacle
0.113331258297
30.0 178.0 60.0 28.0
obstacle
0.113174259663
190.0 50.0 45.0 28.0
obstacle
0.113131977618
0.0 46.0 42.0 36.0
obstacle
0.112781196833
68.0 147.0 58.0 38.0
obstacle
0.112556271255
420.0 46.0 45.0 35.0
obstacle
0.112508900464
77.0 136.0 114.0 114.0
obstacle
0.112416096032
185.0 16.0 56.0 43.0
obstacle
0.112236753106
266.0 306.0 48.0 27.0
obstacle
0.1121866256
111.0 305.0 50.0 28.0
obstacle
0.112163893878
459.0 48.0 41.0 32.0
obstacle
0.111994251609
380.0 304.0 52.0 29.0
obstacle
0.111675307155
224.0 74.0 52.0 30.0
obstacle
0.111361958086
142.0 101.0 64.0 29.0
obstacle
0.111316867173
70.0 77.0 53.0 25.0
obstacle
0.111275173724
0.0 76.0 45.0 26.0
obstacle
0.11120621115
147.0 148.0 54.0 37.0
obstacle
0.111110009253
140.0 119.0 63.0 41.0
obstacle
0.111084014177
377.0 97.0 53.0 37.0
obstacle
0.111080855131
147.0 74.0 54.0 30.0
obstacle
0.110818378627
342.0 305.0 50.0 28.0
obstacle
0.110734194517
377.0 148.0 52.0 36.0
obstacle
0.110552355647
339.0 123.0 51.0 34.0
obstacle
0.110230252147
454.0 151.0 46.0 32.0
obstacle
0.110224843025
268.0 0.0 113.0 124.0
obstacle
0.110004775226
36.0 74.0 46.0 30.0
obstacle
0.109836831689
69.0 227.0 54.0 32.0
obstacle
0.109725892544
186.0 306.0 54.0 27.0
obstacle
0.109703220427
340.0 255.0 52.0 28.0
obstacle
0.109584011137
111.0 0.0 357.0 61.0
obstacle
0.109582103789
134.0 119.0 366.0 97.0
obstacle
0.109483778477
300.0 230.0 55.0 28.0
obstacle
0.109380714595
152.0 253.0 45.0 32.0
obstacle
0.109351992607
381.0 254.0 49.0 30.0
obstacle
0.109224915504
109.0 177.0 49.0 28.0
obstacle
0.109031669796
27.0 201.0 63.0 33.0
obstacle
0.108989849687
38.0 304.0 41.0 29.0
obstacle
0.108909606934
188.0 228.0 48.0 30.0
obstacle
0.108846902847
111.0 254.0 48.0 30.0
obstacle
0.108825713396
379.0 201.0 50.0 33.0
obstacle
0.108677722514
415.0 22.0 54.0 33.0
obstacle
0.108610235155
0.0 122.0 48.0 36.0
obstacle
0.108564831316
187.0 200.0 49.0 34.0
obstacle
0.108362302184
338.0 99.0 53.0 31.0
obstacle
0.108254276216
375.0 175.0 57.0 34.0
obstacle
0.107967160642
293.0 94.0 62.0 40.0
obstacle
0.107851713896
339.0 229.0 56.0 30.0
obstacle
0.107784986496
187.0 151.0 54.0 31.0
obstacle
0.107471056283
379.0 0.0 52.0 28.0
obstacle
0.107430331409
109.0 226.0 53.0 35.0
obstacle
0.106833212078
457.0 253.0 43.0 33.0
obstacle
0.106764651835
415.0 202.0 53.0 32.0
obstacle
0.106694281101
331.0 176.0 70.0 31.0
obstacle
0.10659237951
457.0 99.0 43.0 33.0
obstacle
0.106388390064
419.0 0.0 51.0 32.0
obstacle
0.106316357851
265.0 0.0 49.0 27.0
obstacle
0.106311008334
452.0 125.0 48.0 33.0
obstacle
0.10615029186
105.0 278.0 57.0 33.0
obstacle
0.106149733067
458.0 227.0 42.0 33.0
obstacle
0.105800263584
340.0 150.0 51.0 33.0
obstacle
0.105797119439
146.0 20.0 51.0 31.0
obstacle
0.105457045138
28.0 22.0 60.0 33.0
obstacle
0.105301640928
223.0 199.0 53.0 36.0
obstacle
0.105224452913
67.0 101.0 60.0 27.0
obstacle
0.105202697217
303.0 256.0 50.0 27.0
obstacle
0.105047859251
298.0 173.0 56.0 36.0
obstacle
0.105011664331
185.0 76.0 53.0 26.0
obstacle
0.104913279414
226.0 307.0 53.0 26.0
obstacle
0.104846633971
28.0 50.0 62.0 30.0
obstacle
0.104826517403
419.0 254.0 50.0 31.0
obstacle
0.10475499928
336.0 200.0 58.0 35.0
obstacle
0.104571670294
182.0 279.0 58.0 33.0
obstacle
0.104516752064
376.0 227.0 57.0 31.0
obstacle
0.104494832456
225.0 254.0 52.0 30.0
obstacle
0.1041469872
304.0 44.0 50.0 38.0
obstacle
0.104006640613
377.0 73.0 55.0 34.0
obstacle
0.103736907244
459.0 304.0 41.0 29.0
obstacle
0.103609353304
303.0 305.0 52.0 28.0
obstacle
0.103436701
105.0 151.0 59.0 31.0
obstacle
0.103342629969
117.0 0.0 267.0 107.0
obstacle
0.103325173259
417.0 151.0 50.0 33.0
obstacle
0.103293858469
379.0 278.0 50.0 33.0
obstacle
0.10314116627
223.0 229.0 55.0 29.0
obstacle
0.103067412972
340.0 277.0 53.0 35.0
obstacle
0.103019230068
149.0 226.0 48.0 34.0
obstacle
0.102779209614
225.0 280.0 52.0 32.0
obstacle
0.102524287999
221.0 21.0 60.0 35.0
obstacle
0.102344162762
266.0 99.0 48.0 33.0
obstacle
0.102159500122
416.0 304.0 56.0 29.0
obstacle
0.102129139006
222.0 47.0 55.0 34.0
obstacle
0.101951181889
260.0 47.0 59.0 35.0
obstacle
0.101901099086
302.0 74.0 51.0 30.0
obstacle
0.101742893457
221.0 0.0 131.0 98.0
obstacle
0.101686730981
379.0 124.0 46.0 32.0
obstacle
0.101626202464
264.0 256.0 52.0 26.0
obstacle
0.101354919374
455.0 22.0 45.0 32.0
obstacle
0.101252838969
145.0 278.0 56.0 36.0
obstacle
0.101058371365
74.0 48.0 50.0 32.0
obstacle
0.100880950689
148.0 198.0 52.0 37.0
obstacle
0.100729160011
115.0 101.0 43.0 29.0
obstacle
0.100718759
225.0 102.0 55.0 26.0
obstacle
0.100686937571
416.0 104.0 54.0 25.0
obstacle
0.100608341396
455.0 72.0 45.0 35.0
obstacle
0.100014828146
259.0 74.0 56.0 29.0
obstacle
0.0999658256769
104.0 197.0 61.0 39.0
obstacle
0.0994869321585
74.0 304.0 47.0 29.0
obstacle
0.0994403213263
297.0 279.0 60.0 33.0
obstacle
0.0993985906243
262.0 228.0 55.0 31.0
obstacle
0.0984492823482
263.0 281.0 52.0 30.0
obstacle
0.0982688516378
65.0 201.0 61.0 33.0
obstacle
0.0977404639125
458.0 279.0 42.0 32.0
obstacle
0.0976688042283
189.0 254.0 48.0 31.0
obstacle
0.0974696949124
416.0 176.0 50.0 32.0
obstacle
0.0947755724192
414.0 231.0 58.0 27.0
obstacle
0.0927023142576
311.0 135.0 106.0 113.0
obstacle
0.0924079194665
415.0 280.0 56.0 31.0
obstacle
0.0923725366592
413.0 128.0 57.0 27.0
obstacle
0.0864086598158
418.0 75.0 51.0 29.0
