obstacle
0.925567507744
77.0 180.0 67.0 19.0
obstacle
0.907631397247
210.0 220.0 70.0 26.0
obstacle
0.898845553398
150.0 163.0 51.0 19.0
obstacle
0.826694965363
304.0 175.0 57.0 23.0
obstacle
0.74991196394
297.0 156.0 47.0 17.0
obstacle
0.685801148415
338.0 198.0 23.0 28.0
obstacle
0.484820067883
244.0 167.0 35.0 11.0
obstacle
0.263620883226
436.0 191.0 28.0 11.0
obstacle
0.181073784828
337.0 182.0 31.0 11.0
obstacle
0.163687363267
328.0 207.0 22.0 25.0
obstacle
0.121295072138
430.0 187.0 13.0 15.0
obstacle
0.121193245053
325.0 186.0 25.0 25.0
obstacle
0.101819045842
393.0 191.0 42.0 13.0
obstacle
0.0980119556189
435.0 183.0 30.0 11.0
obstacle
0.0816418677568
299.0 191.0 41.0 10.0
obstacle
0.0804153680801
281.0 181.0 40.0 9.0
obstacle
0.0799961611629
286.0 190.0 134.0 39.0
obstacle
0.0780026465654
185.0 202.0 109.0 70.0
obstacle
0.0733979642391
284.0 167.0 36.0 9.0
obstacle
0.0570185035467
316.0 169.0 38.0 9.0
obstacle
0.0557710006833
66.0 167.0 152.0 36.0
obstacle
0.0557460039854
430.0 186.0 70.0 23.0
obstacle
0.0542231239378
139.0 157.0 361.0 108.0
obstacle
0.0524497032166
295.0 177.0 12.0 20.0
