obstacle
0.687527894974
76.0 207.0 250.0 60.0
obstacle
0.409135043621
0.0 117.0 21.0 10.0
obstacle
0.405712813139
255.0 144.0 119.0 31.0
obstacle
0.320590525866
217.0 133.0 7.0 9.0
obstacle
0.275689929724
216.0 138.0 9.0 11.0
obstacle
0.241456478834
101.0 107.0 83.0 23.0
obstacle
0.219010278583
378.0 87.0 122.0 42.0
obstacle
0.208576440811
42.0 65.0 398.0 114.0
obstacle
0.187783047557
107.0 105.0 39.0 14.0
obstacle
0.162311464548
187.0 117.0 33.0 10.0
obstacle
0.161322787404
302.0 103.0 28.0 63.0
obstacle
0.151335254312
280.0 89.0 35.0 68.0
obstacle
0.146597146988
220.0 140.0 39.0 11.0
obstacle
0.119890190661
140.0 115.0 47.0 11.0
obstacle
0.107435300946
214.0 114.0 14.0 20.0
obstacle
0.105210714042
390.0 115.0 47.0 13.0
obstacle
0.102369382977
132.0 92.0 141.0 39.0
obstacle
0.0911522507668
211.0 132.0 21.0 7.0
obstacle
0.086887806654
186.0 140.0 37.0 11.0
obstacle
0.0853680819273
225.0 118.0 30.0 10.0
obstacle
0.0801318362355
0.0 113.0 48.0 18.0
obstacle
0.0801282152534
180.0 104.0 46.0 14.0
obstacle
0.074162222445
245.0 129.0 29.0 11.0
obstacle
0.0708589628339
352.0 115.0 46.0 13.0
obstacle
0.0706135481596
264.0 129.0 31.0 11.0
obstacle
0.0688576549292
312.0 103.0 50.0 13.0
obstacle
0.067001208663
316.0 83.0 39.0 78.0
obstacle
0.0660230740905
190.0 130.0 29.0 9.0
obstacle
0.0651801601052
0.0 91.0 29.0 61.0
obstacle
0.0647007226944
448.0 115.0 47.0 11.0
obstacle
0.0639289170504
232.0 128.0 10.0 13.0
obstacle
0.0634927228093
280.0 116.0 37.0 12.0
obstacle
0.0625028610229
191.0 213.0 23.0 48.0
obstacle
0.0613623671234
243.0 116.0 145.0 40.0
obstacle
0.0598188228905
257.0 103.0 44.0 14.0
obstacle
0.0597897544503
1.0 99.0 12.0 25.0
obstacle
0.0581578239799
262.0 103.0 35.0 65.0
obstacle
0.0575699359179
405.0 81.0 20.0 33.0
obstacle
0.0574174337089
163.0 129.0 43.0 11.0
obstacle
0.0567320995033
135.0 109.0 18.0 22.0
obstacle
0.0566312521696
430.0 90.0 45.0 16.0
obstacle
0.0562651567161
87.0 114.0 42.0 13.0
obstacle
0.0560890436172
11.0 106.0 34.0 11.0
obstacle
0.0551640056074
470.0 59.0 30.0 75.0
obstacle
0.0547286570072
427.0 101.0 51.0 15.0
obstacle
0.0541589967906
184.0 61.0 35.0 72.0
obstacle
0.0534913353622
243.0 142.0 32.0 11.0
obstacle
0.0531841292977
287.0 89.0 136.0 41.0
obstacle
0.0522954873741
260.0 154.0 44.0 13.0
obstacle
0.0514488890767
239.0 85.0 37.0 74.0
obstacle
0.0506472997367
348.0 101.0 54.0 17.0
