obstacle
0.454053848982
200.0 132.0 300.0 109.0
obstacle
0.412749260664
317.0 134.0 36.0 54.0
obstacle
0.282689720392
0.0 68.0 23.0 9.0
obstacle
0.187727123499
112.0 57.0 107.0 52.0
obstacle
0.179262131453
209.0 69.0 133.0 54.0
obstacle
0.171080186963
482.0 158.0 18.0 31.0
obstacle
0.135038003325
342.0 167.0 140.0 40.0
obstacle
0.12842965126
56.0 191.0 137.0 38.0
obstacle
0.0973502248526
473.0 144.0 27.0 83.0
obstacle
0.0954415127635
6.0 75.0 41.0 11.0
obstacle
0.0888487771153
221.0 33.0 41.0 77.0
obstacle
0.0854694768786
121.0 51.0 49.0 15.0
obstacle
0.0721647888422
135.0 12.0 172.0 117.0
obstacle
0.0677157044411
193.0 186.0 17.0 30.0
obstacle
0.0675537288189
351.0 178.0 49.0 16.0
obstacle
0.0631762892008
26.0 65.0 39.0 13.0
obstacle
0.0525979287922
390.0 179.0 48.0 14.0
obstacle
0.0504019334912
187.0 176.0 145.0 47.0
obstacle
0.0502995140851
258.0 78.0 44.0 84.0
