obstacle
0.958394348621
28.0 123.0 35.0 29.0
obstacle
0.908822774887
157.0 188.0 120.0 51.0
obstacle
0.79109442234
193.0 110.0 59.0 20.0
obstacle
0.760946214199
273.0 148.0 59.0 27.0
obstacle
0.581744372845
236.0 158.0 20.0 24.0
obstacle
0.44080093503
154.0 122.0 14.0 20.0
obstacle
0.141680493951
23.0 117.0 13.0 16.0
obstacle
0.138438925147
245.0 153.0 22.0 22.0
obstacle
0.135012120008
129.0 127.0 36.0 13.0
obstacle
0.127766638994
123.0 194.0 46.0 14.0
obstacle
0.11941216886
39.0 119.0 20.0 15.0
obstacle
0.116836279631
195.0 114.0 16.0 15.0
obstacle
0.114721447229
57.0 118.0 13.0 15.0
obstacle
0.112728692591
274.0 154.0 16.0 17.0
obstacle
0.104042857885
133.0 105.0 140.0 34.0
obstacle
0.0961276516318
12.0 72.0 35.0 78.0
obstacle
0.0869344323874
16.0 113.0 451.0 118.0
obstacle
0.0780287533998
145.0 121.0 69.0 25.0
obstacle
0.0757559910417
483.0 312.0 16.0 21.0
obstacle
0.0662060976028
22.0 100.0 15.0 24.0
obstacle
0.0648978054523
460.0 310.0 22.0 23.0
obstacle
0.0639097318053
128.0 117.0 35.0 13.0
obstacle
0.0555589832366
165.0 117.0 36.0 11.0
obstacle
0.0554807297885
237.0 167.0 9.0 10.0
obstacle
0.051936596632
315.0 154.0 37.0 15.0
obstacle
0.0517834499478
34.0 115.0 55.0 22.0
obstacle
0.0501863248646
197.0 154.0 125.0 32.0
