obstacle
0.995433390141
78.3226470947 210.958206177 130.231872559 28.9696350098
obstacle
0.98500931263
149.386184692 171.697738647 48.0823974609 16.3562011719
obstacle
0.962049305439
335.600585938 192.392410278 62.8386230469 28.0008544922
obstacle
0.960067808628
92.615020752 208.224914551 95.0514526367 22.881652832
obstacle
0.951667666435
226.595016479 179.753692627 63.2111968994 18.1129150391
obstacle
0.898940861225
140.136169434 165.878616333 56.1415100098 18.2583618164
obstacle
0.884767770767
222.984130859 173.701431274 84.1421508789 19.5815734863
obstacle
0.852869093418
235.31022644 176.136672974 45.1764984131 17.1518249512
obstacle
0.825375318527
53.9257049561 163.284790039 54.4960479736 18.2031555176
obstacle
0.816514134407
346.811981201 196.739471436 37.4260864258 20.390045166
obstacle
0.808126449585
347.337493896 191.381973267 31.5635986328 19.3578186035
obstacle
0.678617417812
103.982185364 216.20413208 55.5728988647 19.3290100098
obstacle
0.678127229214
300.156768799 196.273544312 25.028503418 22.6661071777
obstacle
0.659823358059
243.514038086 174.943588257 85.037902832 22.3975524902
obstacle
0.658196926117
46.8814697266 157.939254761 64.1191558838 17.9254760742
obstacle
0.551475346088
236.387771606 188.585220337 43.3947906494 16.2188415527
obstacle
0.495546072721
130.829147339 160.08694458 67.7181091309 18.1946411133
obstacle
0.481493473053
137.688400269 168.75680542 66.7318115234 23.8086547852
obstacle
0.472363084555
231.556610107 170.141738892 51.3863525391 15.4352722168
obstacle
0.443066775799
175.712371826 316.084381104 27.1362915039 16.9156188965
obstacle
0.438709080219
110.006896973 197.081329346 72.1690368652 31.6467285156
obstacle
0.42885184288
312.185943604 198.221389771 19.6220703125 18.4410705566
obstacle
0.383482396603
341.503814697 179.886581421 34.7294311523 20.1877746582
obstacle
0.362490922213
295.843933105 189.932342529 40.159362793 28.493927002
obstacle
0.356888443232
295.04574585 203.487930298 22.3332519531 21.1670227051
obstacle
0.35218128562
105.585144043 206.923553467 54.4372253418 21.4411010742
obstacle
0.342513531446
293.377807617 193.069290161 24.6896972656 24.9164123535
