obstacle
0.986622512341
195.88369751 216.057846069 98.9593811035 34.0776672363
obstacle
0.963106870651
148.88494873 165.436431885 56.3817138672 20.5297851562
obstacle
0.949186205864
140.482803345 172.856460571 56.7149963379 16.3516235352
obstacle
0.932323813438
299.038238525 172.586837769 63.8029174805 26.2222290039
obstacle
0.91827750206
69.2889862061 180.489807129 93.243560791 23.8338928223
obstacle
0.888679921627
288.045776367 162.475036621 57.0230102539 17.7276306152
obstacle
0.816648423672
229.932220459 171.060043335 63.8928833008 16.5816040039
obstacle
0.785847365856
133.529693604 160.568908691 68.4524841309 19.6932067871
obstacle
0.78344732523
278.119140625 155.977111816 76.6604003906 21.9067687988
obstacle
0.76563501358
266.51071167 161.365081787 90.1159057617 27.2351989746
obstacle
0.752404153347
75.1566925049 175.885620117 60.7315826416 22.2763366699
obstacle
0.746207416058
282.001037598 173.096206665 98.4967651367 34.1461181641
obstacle
0.641508162022
233.513092041 161.459945679 61.1302490234 17.7387390137
obstacle
0.581483185291
276.977050781 151.732391357 73.6363525391 17.8971862793
obstacle
0.570600748062
299.033325195 169.042388916 51.9651489258 18.3220825195
obstacle
0.554118037224
333.554504395 206.803955078 26.9137573242 24.4478149414
obstacle
0.503928899765
217.100906372 221.252426147 72.4911346436 21.4393310547
obstacle
0.490644961596
234.334869385 167.141830444 49.4447021484 15.1921386719
obstacle
0.442847788334
429.163696289 183.148681641 28.8421020508 26.0179748535
obstacle
0.438706099987
337.643005371 203.753463745 18.9302368164 21.3646240234
obstacle
0.42083632946
83.9412841797 187.245681763 73.0929718018 21.9009094238
obstacle
0.394565314054
433.199157715 188.940353394 18.3472900391 20.5570373535
obstacle
0.372478187084
330.36730957 201.77746582 44.362121582 30.5229797363
