obstacle
0.996269345284
243.733428955 87.5038604736 213.549621582 67.4114837646
obstacle
0.995535492897
0.0 70.6010818481 147.688247681 53.9609680176
obstacle
0.958921313286
285.865539551 97.9904785156 177.694946289 40.1502075195
obstacle
0.707782566547
4.24150848389 76.2398605347 87.6081924438 39.5326843262
obstacle
0.602005243301
264.599334717 90.9573669434 117.021118164 44.2482910156
obstacle
0.534013986588
349.260467529 96.9586105347 92.4943847656 44.2807693481
obstacle
0.481135934591
268.948394775 92.7109527588 62.0573730469 47.8843688965
obstacle
0.324146091938
476.589385986 46.3736457825 21.9126586914 22.316280365
obstacle
0.299887001514
325.406066895 87.2942199707 74.5688476562 50.6804351807
obstacle
0.272090256214
272.569610596 96.2730407715 47.337097168 30.9159545898
obstacle
0.261337459087
280.376251221 101.048713684 23.9621582031 21.6426544189
