obstacle
0.9767318964
101.060668945 131.617950439 309.358612061 81.2765197754
obstacle
0.959142327309
319.994750977 120.078186035 167.535949707 42.6245422363
obstacle
0.935279726982
146.621994019 113.163658142 353.377990723 66.6076126099
obstacle
0.795455217361
177.241333008 128.316497803 191.846130371 51.3399658203
obstacle
0.743524849415
338.8074646 107.396636963 109.370178223 66.7682189941
obstacle
0.706735134125
195.727020264 129.545578003 111.595581055 63.4862976074
obstacle
0.680057704449
140.876449585 146.897369385 73.388458252 37.7377929688
obstacle
0.4428576231
278.941314697 117.615875244 71.8667602539 65.7873535156
obstacle
0.328212589025
123.305496216 138.296508789 122.097015381 47.0743713379
obstacle
0.299606502056
356.452301025 127.481910706 109.369750977 28.5322036743
obstacle
0.264628201723
181.251953125 0.0 90.6132202148 38.711063385
