obstacle
0.996693611145
0.208450317383 173.741546631 277.061340332 78.2810058594
obstacle
0.668512225151
21.6118011475 192.713684082 234.682952881 45.4208679199
obstacle
0.547578990459
31.9241714478 147.538330078 59.2737121582 30.9529418945
obstacle
0.529969453812
0.0 149.435531616 134.271697998 27.6163330078
obstacle
0.491582989693
0.0 181.642105103 75.473236084 29.5555725098
obstacle
0.39343431592
0.0 150.121109009 180.140533447 86.9928283691
obstacle
0.373271852732
0.0 177.483947754 40.9209747314 35.5184326172
obstacle
0.282073795795
96.5379867554 178.158340454 144.640441895 57.6932067871
obstacle
0.251738995314
23.9853363037 153.190719604 86.0185089111 33.7870178223
