obstacle
0.998899102211
9.17875671387 133.664581299 368.351623535 80.8211975098
obstacle
0.998094022274
231.45753479 76.5433654785 70.9000701904 18.1516876221
obstacle
0.984772443771
230.023147583 72.0772476196 79.2386016846 16.2024078369
obstacle
0.975955426693
169.038955688 73.6977920532 53.1055908203 18.2510528564
obstacle
0.969000160694
239.269470215 80.4749984741 77.3400268555 19.918258667
obstacle
0.963573396206
217.088775635 75.4524688721 144.771118164 18.8558807373
obstacle
0.947328388691
280.675842285 71.033416748 83.1141357422 17.1893310547
obstacle
0.912407517433
314.448638916 73.6302947998 45.2966918945 16.233215332
obstacle
0.900215625763
177.136291504 82.3788299561 37.1976928711 17.6083068848
obstacle
0.851369380951
224.043930054 63.5281906128 88.8841094971 18.5090026855
obstacle
0.840996026993
252.990066528 73.2384338379 74.138168335 17.6910247803
obstacle
0.818079590797
45.462387085 81.6420059204 338.71673584 120.569908142
obstacle
0.799876630306
274.174224854 82.4159088135 83.7569580078 17.9846801758
obstacle
0.739807188511
78.6095275879 138.838394165 278.32434082 48.5208740234
obstacle
0.717716217041
181.935089111 81.3213577271 166.319885254 26.5074157715
obstacle
0.673568546772
236.37286377 77.5594940186 41.3753051758 15.5482330322
obstacle
0.63150459528
180.21736145 68.9721679688 183.941940308 32.9184112549
obstacle
0.585780024529
292.752288818 75.2337265015 40.4669799805 19.5765380859
obstacle
0.413036197424
138.661636353 140.886108398 120.21937561 52.8845825195
obstacle
0.4111302495
165.980728149 84.1527328491 199.876449585 39.5966491699
obstacle
0.313779741526
145.976623535 105.462844849 176.243560791 173.741928101
obstacle
0.310607969761
165.112167358 67.1234207153 56.4693603516 17.3910827637
