obstacle
0.986962974072
70.058052063 193.453689575 133.304412842 47.9191894531
obstacle
0.964675307274
70.4817276001 172.930389404 144.067840576 89.3299560547
obstacle
0.927952408791
271.279266357 135.299407959 43.8260498047 18.1590270996
obstacle
0.907942891121
313.458587646 202.382827759 167.915039062 35.6735229492
obstacle
0.887096405029
320.174133301 204.445739746 68.651550293 51.4312133789
obstacle
0.879093647003
266.353912354 133.600738525 37.9801635742 15.7503662109
obstacle
0.805932641029
108.184410095 195.528366089 86.9693374634 36.268371582
obstacle
0.617387235165
93.6631164551 202.742721558 44.9906158447 24.758972168
obstacle
0.599076986313
90.9916534424 196.979446411 69.667755127 38.8172912598
obstacle
0.563562095165
100.635551453 191.175567627 50.8417739868 35.2168273926
obstacle
0.529701471329
0.0 194.284378052 65.0696640015 29.8114929199
obstacle
0.505831062794
298.065093994 209.939193726 134.479614258 35.1317749023
obstacle
0.453132331371
330.465240479 205.91506958 53.2373657227 31.55078125
obstacle
0.313651740551
7.80153274536 192.924926758 39.674861908 22.8905639648
