obstacle
0.920482695103
280.239196777 177.589019775 87.6491088867 28.987487793
obstacle
0.916942715645
299.520111084 249.109313965 83.3368530273 23.5483398438
obstacle
0.913720965385
293.945739746 188.551055908 75.4671630859 21.3284912109
obstacle
0.913490891457
275.400360107 239.677719116 110.992431641 29.9598846436
obstacle
0.868307828903
168.261154175 236.760360718 219.272293091 29.9348297119
obstacle
0.863938331604
223.104400635 244.291229248 171.043334961 30.8305053711
obstacle
0.855647206306
303.698059082 184.398071289 64.4572753906 18.3259277344
obstacle
0.8291888237
327.212280273 253.198486328 46.0380859375 18.9102172852
obstacle
0.757211983204
312.353240967 183.233230591 33.0392456055 18.2531433105
obstacle
0.74928599596
289.118621826 174.209655762 70.254699707 22.4736022949
obstacle
0.677024185658
304.060516357 191.146820068 45.0295410156 17.6870117188
obstacle
0.668183922768
293.886413574 182.161712646 44.1781616211 20.0638427734
obstacle
0.59704965353
321.828857422 190.763290405 39.9383544922 17.5848693848
obstacle
0.580917835236
296.534393311 189.688537598 34.9460449219 20.7000427246
obstacle
0.57261121273
308.467498779 241.577423096 61.5742797852 20.1292114258
obstacle
0.281506806612
185.593399048 244.331237793 63.8769836426 35.4025878906
