obstacle
0.969244539738
53.2372970581 208.420043945 238.526794434 61.1514282227
obstacle
0.502480745316
193.82723999 208.432418823 82.6490783691 35.9064941406
obstacle
0.483219146729
73.6110992432 218.118377686 95.5193328857 43.2244262695
obstacle
0.100044474006
267.881835938 138.928192139 64.981628418 36.781829834
obstacle
0.0913471281528
147.145629883 214.142166138 83.9583435059 46.9932098389
obstacle
0.072148218751
272.45223999 129.911590576 33.6803588867 24.6900024414
obstacle
0.062640786171
389.016113281 99.0941619873 55.438659668 27.5197296143
obstacle
0.0475649610162
290.658416748 129.913101196 36.561706543 27.6982727051
obstacle
0.0342869758606
65.9473342896 161.603088379 132.158599854 154.867675781
obstacle
0.0243485253304
189.685470581 227.361694336 103.972702026 30.9432373047
obstacle
0.0214956812561
32.9114227295 171.461517334 410.643676758 124.24697876
obstacle
0.0176773630083
256.442657471 121.849990845 43.145690918 22.2514038086
obstacle
0.0173407644033
128.365646362 205.776763916 114.741363525 26.3871154785
obstacle
0.0162937939167
141.195922852 117.301811218 36.854309082 17.0483322144
obstacle
0.0155217638239
253.493164062 131.389724731 38.2612304688 34.5387878418
obstacle
0.0150666804984
0.0 127.679046631 20.3423480988 18.6459350586
obstacle
0.0144106121734
245.897109985 109.171470642 43.6781768799 21.0688095093
obstacle
0.0128894848749
0.0 111.910835266 30.7115211487 30.4308242798
