obstacle
0.855248749256
147.381851196 199.02671814 244.763412476 58.8460540771
obstacle
0.464568257332
298.194458008 220.065887451 69.6019287109 26.4945678711
obstacle
0.246488362551
195.289901733 206.296966553 117.369430542 33.1781616211
obstacle
0.218920886517
251.855361938 110.562545776 49.7622528076 53.952911377
obstacle
0.0697963610291
203.765045166 170.894851685 30.8835144043 26.861114502
obstacle
0.0309897195548
216.122894287 82.8652420044 154.762023926 117.78591156
obstacle
0.0266207884997
197.801177979 124.015403748 166.681030273 35.3022232056
obstacle
0.0263255257159
235.013534546 224.737976074 89.2824249268 23.4698791504
obstacle
0.0192014593631
247.253677368 188.244720459 48.8397979736 31.0273742676
obstacle
0.0184056274593
155.573013306 201.732345581 67.2867431641 27.7427978516
obstacle
0.0172335132957
244.920791626 125.03755188 29.8795318604 42.2398376465
obstacle
0.0167452525347
277.650299072 206.036361694 69.9567260742 31.7784118652
obstacle
0.0166205950081
219.441345215 167.255264282 28.9108581543 35.4202270508
obstacle
0.0160739459097
167.118713379 138.730712891 332.881286621 129.786987305
obstacle
0.0115876272321
269.444946289 156.506378174 64.1707763672 33.8252258301
