obstacle
0.661670446396
210.139251709 161.148391724 89.3739624023 30.8015136719
obstacle
0.62378692627
182.288742065 154.717041016 219.850357056 50.1065063477
obstacle
0.337956130505
403.816009521 79.0213546753 52.4942626953 26.4842376709
obstacle
0.167558386922
294.205291748 157.712234497 46.4374389648 22.0546569824
obstacle
0.117798194289
205.281112671 167.743164062 31.7600097656 23.8858032227
obstacle
0.0781656205654
401.209503174 95.092048645 48.0798339844 22.3130340576
obstacle
0.0415470376611
277.297149658 167.049530029 73.7191162109 24.6674194336
obstacle
0.0247791670263
248.723464966 159.804580688 53.2063446045 17.1812744141
obstacle
0.0226604472846
317.596008301 165.512969971 29.477722168 19.6207885742
obstacle
0.0212955269963
489.697021484 80.437538147 10.3029785156 27.6731872559
obstacle
0.0209659282118
242.174972534 176.450759888 59.7614898682 19.4057312012
obstacle
0.0107799107209
437.205810547 75.6166534424 17.205871582 24.7440643311
