obstacle
0.944324910641
29.3907165527 166.787628174 419.57711792 148.406433105
obstacle
0.843267142773
295.405853271 141.350799561 37.8228759766 37.7768859863
obstacle
0.662539660931
148.086166382 184.223632812 112.82270813 68.4010620117
obstacle
0.542142033577
285.354095459 140.405181885 64.8623046875 80.9105529785
obstacle
0.495685517788
247.167816162 212.116867065 188.207397461 65.5313262939
obstacle
0.377847313881
49.6803627014 191.698150635 81.6031646729 86.9126281738
obstacle
0.284709006548
92.4569091797 197.803527832 118.373138428 45.9993286133
obstacle
0.223338231444
321.12210083 152.332244873 25.6279907227 35.0849304199
obstacle
0.191239267588
268.50982666 121.556503296 141.664855957 208.417556763
obstacle
0.188798293471
292.41217041 116.044517517 20.9295654297 41.0108718872
obstacle
0.119167387486
253.40145874 220.475418091 66.4868164062 74.1488800049
obstacle
0.117887839675
206.758789062 171.848937988 152.637451172 69.686340332
obstacle
0.115890905261
205.057510376 102.384994507 39.0431518555 19.6291809082
obstacle
0.0860324203968
222.996276855 149.378463745 153.094970703 34.4096374512
obstacle
0.0598407499492
213.095367432 106.381362915 52.8670043945 25.3009033203
obstacle
0.0580215863883
345.116516113 197.673980713 66.1216430664 72.4050292969
obstacle
0.0473569482565
241.759689331 135.288513184 112.290878296 27.6619567871
obstacle
0.0432171188295
282.686553955 84.9919586182 19.5734863281 33.1198730469
obstacle
0.0393683388829
241.863616943 95.4228286743 27.1976623535 28.3149719238
obstacle
0.0378702320158
299.091125488 181.398773193 61.6521606445 95.0165100098
obstacle
0.0332888327539
262.009399414 82.1271057129 21.4243164062 31.2467041016
obstacle
0.0314797535539
273.883331299 138.40625 37.0668945312 34.8469238281
obstacle
0.0276279281825
274.663208008 85.3535614014 16.3563232422 32.010635376
obstacle
0.0247783791274
281.210327148 108.606651306 21.5926513672 35.253944397
obstacle
0.0160618424416
254.679824829 99.5786209106 35.5580596924 33.2697372437
obstacle
0.0134387882426
71.2674331665 222.764373779 150.422241211 52.1371765137
obstacle
0.0123515175655
201.560028076 186.080657959 83.4721984863 41.537109375
obstacle
0.0118653513491
188.295379639 122.460281372 95.4037780762 34.8901672363
obstacle
0.0112280510366
115.641098022 115.948455811 32.4288635254 18.1978149414
