obstacle
0.992648661137
63.2436218262 101.245559692 346.61151123 111.198883057
obstacle
0.969262003899
29.6962890625 20.8077468872 94.5310058594 28.8514404297
obstacle
0.798258244991
229.498199463 52.3106918335 22.7670898438 20.1140289307
obstacle
0.708541929722
252.990814209 118.108169556 129.528503418 64.1854248047
obstacle
0.658379197121
70.2176589966 141.533569336 162.728912354 59.956817627
obstacle
0.632712066174
366.916107178 53.6721038818 47.7477416992 17.3094482422
obstacle
0.375376850367
213.858718872 58.0935440063 32.5200805664 35.6129302979
obstacle
0.341446727514
218.224655151 56.9004478455 15.7940673828 19.1426887512
obstacle
0.270500183105
366.519866943 64.7164611816 35.4925537109 18.777923584
obstacle
0.194947078824
23.6314258575 26.5338420868 40.019241333 23.8737201691
obstacle
0.187462881207
397.308013916 60.9202384949 56.0297851562 14.9975471497
obstacle
0.173163220286
226.190795898 56.7936248779 49.3579406738 50.2341308594
obstacle
0.164030686021
87.3601455688 111.560317993 53.6906509399 100.464019775
obstacle
0.121164694428
85.6689910889 108.610572815 28.98487854 31.2384414673
obstacle
0.0954773649573
404.936981201 69.001411438 42.1481933594 15.0194549561
obstacle
0.0843428522348
68.0160446167 267.211730957 35.5908203125 21.0102539062
obstacle
0.0653089731932
86.4831008911 154.750457764 68.1910324097 32.1475524902
obstacle
0.0563541427255
0.0 18.4239654541 183.208862305 53.6469573975
obstacle
0.0553865358233
307.705291748 157.036529541 66.2520141602 33.9168701172
obstacle
0.0529900528491
87.5893936157 120.217033386 40.7594299316 38.9449234009
obstacle
0.04977889359
227.82144165 35.6381530762 23.9921875 27.0420150757
obstacle
0.0428745932877
58.3050994873 70.7459335327 118.945251465 171.686187744
obstacle
0.0305728837848
154.625 120.407943726 143.061065674 73.6731872559
obstacle
0.0247027203441
193.35194397 41.6744766235 306.648071289 248.465911865
obstacle
0.0198451317847
401.917480469 77.6314926147 58.1754760742 19.8106842041
obstacle
0.0166340563446
205.611846924 0.0 171.626464844 176.840545654
obstacle
0.0122375236824
134.689453125 136.173126221 61.1959228516 52.6567077637
obstacle
0.0109971407801
34.0934677124 7.78182983398 237.994903564 306.886932373
