obstacle
0.98644733429
68.0454177856 171.427261353 159.220489502 36.9300231934
obstacle
0.971644699574
438.000732422 101.079460144 49.7095336914 18.9804840088
obstacle
0.923984646797
215.196716309 143.868896484 203.207763672 52.8912963867
obstacle
0.830759882927
378.504852295 114.895545959 33.1215820312 15.6093826294
obstacle
0.791276872158
432.484832764 108.718597412 38.1478271484 17.5180969238
obstacle
0.758300423622
323.800964355 150.175720215 84.2261352539 29.9783325195
obstacle
0.260318696499
365.383148193 121.229194641 49.3916015625 16.7637863159
obstacle
0.254582792521
338.173400879 115.171646118 20.674987793 17.643081665
obstacle
0.221273705363
325.339752197 119.041297913 20.8607788086 18.4209823608
obstacle
0.135958135128
314.664550781 115.129814148 53.6806640625 24.7013931274
obstacle
0.127057924867
208.746047974 161.584960938 96.3003082275 34.0811157227
obstacle
0.0864708125591
72.2133865356 187.495254517 84.7018051147 25.2569274902
obstacle
0.0793492048979
296.956848145 110.047836304 191.352966309 45.9820861816
obstacle
0.0686614364386
428.111022949 103.020004272 24.1169433594 16.9651031494
obstacle
0.0393139608204
287.472351074 138.679656982 51.6801147461 48.6323547363
obstacle
0.0372304953635
293.491943359 131.301315308 86.6129760742 26.5776977539
obstacle
0.0364309996367
149.073623657 100.030441284 349.398925781 108.292633057
obstacle
0.0348673500121
350.85748291 116.028556824 32.5149536133 17.253868103
obstacle
0.0295714139938
409.85723877 111.896720886 90.1427612305 20.026008606
obstacle
0.023594006896
401.667755127 111.862670898 30.3607177734 17.5059814453
obstacle
0.0217899214476
316.838165283 128.000915527 30.1864624023 21.2106323242
obstacle
0.0194908361882
158.563323975 175.512023926 54.868560791 26.1341247559
obstacle
0.0155515288934
331.113311768 124.546684265 67.6571655273 21.9222793579
obstacle
0.0154959280044
389.062194824 161.57749939 22.3658447266 25.5971374512
obstacle
0.0117368269712
33.6074676514 151.157165527 294.161071777 70.3724365234
obstacle
0.0101877208799
90.5072174072 178.221481323 43.2271118164 23.6025390625
