obstacle
0.993093252182
274.226989746 153.444824219 68.0625 20.5304260254
obstacle
0.964812099934
120.572433472 187.569992065 173.281814575 55.608581543
obstacle
0.751477777958
129.657562256 179.897888184 100.631652832 34.9297485352
obstacle
0.677079439163
19.1261100769 129.19317627 40.6366271973 20.4645080566
obstacle
0.30060595274
25.5905990601 114.451141357 25.4830245972 26.2924194336
obstacle
0.298640072346
237.649780273 155.778060913 25.7825927734 24.8999328613
obstacle
0.158831521869
137.475845337 195.995925903 41.5035400391 21.7788696289
obstacle
0.151694417
147.913208008 126.35194397 17.5700378418 27.0521240234
obstacle
0.109866902232
40.2636299133 122.663658142 21.3785552979 21.3243026733
obstacle
0.0781044960022
153.79347229 132.265823364 22.7646789551 31.5618591309
obstacle
0.0521786026657
229.731918335 143.122451782 30.2566680908 26.6086730957
obstacle
0.0482135936618
272.486206055 144.309127808 65.0944824219 18.6315917969
obstacle
0.0382492616773
14.1344518661 125.517677307 21.3935775757 19.8527145386
obstacle
0.0350454561412
52.1463470459 122.294174194 19.0146026611 26.8194885254
obstacle
0.0340376868844
236.937759399 159.86781311 108.641067505 29.6291503906
obstacle
0.0332666635513
206.613845825 114.195983887 31.4010620117 15.7053070068
obstacle
0.0291315820068
178.346740723 195.576416016 88.3366699219 28.5580444336
obstacle
0.0251547992229
160.85987854 113.203979492 119.115005493 173.838226318
obstacle
0.0239977296442
157.259078979 139.298065186 64.6549072266 31.6327819824
obstacle
0.019436519593
16.7699661255 105.789047241 22.8553237915 28.1800994873
obstacle
0.0166917555034
223.736816406 162.461532593 28.6288146973 21.5024414062
obstacle
0.0158077795058
302.992919922 160.072174072 28.9253540039 17.8643188477
obstacle
0.0152222122997
154.643539429 172.197845459 44.8493652344 33.1728515625
obstacle
0.0148007702082
123.519744873 137.556137085 284.235351562 57.7725830078
obstacle
0.0126316808164
164.692276001 115.23336792 19.5954589844 28.207611084
obstacle
0.012096167542
84.2966308594 153.487106323 389.070068359 113.556289673
