obstacle
0.983823537827
244.758087158 148.177749634 142.060852051 72.3940734863
obstacle
0.483197420835
132.083770752 134.725006104 314.441894531 113.774383545
obstacle
0.440989851952
114.090232849 146.036743164 35.5587692261 36.6519165039
obstacle
0.330029278994
458.293914795 85.96824646 41.7060852051 18.7888641357
obstacle
0.326338201761
122.286834717 131.127853394 24.0277404785 31.9730224609
obstacle
0.282997220755
262.004516602 158.925415039 53.4952392578 32.8046569824
obstacle
0.195558220148
306.263916016 156.019866943 92.6777954102 34.5394592285
obstacle
0.183804497123
150.101806641 135.726806641 19.283996582 21.4171447754
obstacle
0.148401096463
109.770858765 104.766601562 18.5442199707 29.5451965332
obstacle
0.134306937456
137.827789307 133.161727905 20.9246826172 22.3870849609
obstacle
0.0878722891212
123.450874329 159.651092529 39.7995223999 40.5647277832
obstacle
0.0801572948694
251.388809204 190.126098633 70.9824066162 38.3579711914
obstacle
0.0789463967085
263.585388184 211.999404907 43.8131713867 24.7970275879
obstacle
0.0786430984735
100.098426819 138.948410034 29.5657577515 33.0087890625
obstacle
0.0628586709499
87.6255722046 142.546768188 112.417396545 28.0281982422
obstacle
0.0331446863711
344.789459229 144.861282349 46.7565307617 31.7973327637
obstacle
0.0259319748729
137.428573608 201.992630005 41.6177062988 32.2426757812
obstacle
0.0258001144975
374.418518066 106.587135315 23.2717895508 21.1662750244
obstacle
0.0243270080537
318.09274292 105.870094299 52.2523803711 25.8187332153
obstacle
0.0210754536092
142.146865845 189.745697021 47.920501709 29.1798400879
obstacle
0.0192585196346
79.1949996948 151.815414429 180.047698975 33.8556213379
obstacle
0.0184161458164
322.734588623 97.6295013428 32.0076293945 18.3241119385
obstacle
0.017621576786
387.287658691 112.48184967 20.0799560547 18.509437561
obstacle
0.0152519298717
154.823104858 142.559967041 25.9526062012 32.865447998
obstacle
0.0148598514497
167.63999939 189.971466064 47.4229431152 31.4765319824
obstacle
0.0109234480187
245.835845947 75.1171875 94.9387817383 208.905792236
