obstacle
0.182585254312
137.274047852 139.029754639 169.443389893 112.610748291
obstacle
0.181863903999
142.289535522 100.970947266 180.100296021 84.1387939453
obstacle
0.180952399969
401.89553833 13.5772209167 98.1044616699 108.240509033
obstacle
0.180870056152
257.095428467 34.1393127441 117.004760742 53.541053772
obstacle
0.180708661675
220.395111084 134.086196899 22.3714904785 62.6755981445
obstacle
0.180164307356
163.532073975 141.850692749 76.8931274414 34.326171875
obstacle
0.179633393884
241.623443604 11.3848361969 110.812133789 48.2969436646
obstacle
0.179607793689
226.090103149 39.5825996399 177.027877808 107.456222534
obstacle
0.179421588778
428.193572998 0.0 71.806427002 48.6147155762
obstacle
0.179354816675
280.726043701 50.9040298462 40.1561279297 19.4258346558
obstacle
0.179110363126
412.491271973 51.7123413086 73.1276245117 36.8534088135
obstacle
0.178728476167
466.621704102 105.930038452 33.3782958984 19.4883880615
obstacle
0.178246334195
289.533813477 36.7525482178 25.9586791992 58.0530090332
obstacle
0.178048729897
424.571716309 53.5941162109 23.4201049805 62.6450958252
obstacle
0.177910342813
201.659255981 137.194168091 23.1445617676 59.6037902832
obstacle
0.177756279707
208.060211182 141.012359619 69.974609375 35.368560791
obstacle
0.177673637867
404.45489502 59.4864654541 39.2497558594 18.7176818848
obstacle
0.177451595664
402.490112305 57.441696167 25.349609375 59.3721618652
obstacle
0.177297905087
5.72720718384 0.0 88.6830444336 62.9418716431
obstacle
0.177165433764
3.46820449829 275.403625488 59.1780929565 57.5963745117
obstacle
0.177046746016
466.798370361 47.5866584778 23.317199707 57.9229545593
obstacle
0.176817789674
222.889419556 177.516113281 21.0707092285 52.80078125
obstacle
0.176814436913
190.268081665 156.59753418 68.4569244385 36.9382019043
obstacle
0.17679040134
305.992675781 50.9587249756 41.3898925781 19.6059417725
obstacle
0.17674832046
164.621673584 158.346633911 40.1128845215 19.1710205078
obstacle
0.176301553845
3.89112854004 0.0 65.5029830933 19.8469257355
obstacle
0.176215231419
442.71295166 44.608833313 24.260925293 55.489151001
obstacle
0.176018387079
463.808166504 95.9711532593 36.1918334961 18.6115722656
obstacle
0.175964027643
269.226043701 59.6758880615 41.6324462891 20.8726196289
obstacle
0.175958797336
183.29850769 157.133071899 22.5452575684 55.992767334
obstacle
0.175856024027
335.197357178 51.2128219604 68.9791870117 34.8027191162
obstacle
0.1758556813
186.053939819 157.783035278 40.2268066406 20.7099609375
obstacle
0.175802469254
435.98638916 85.4996337891 20.9786376953 48.3637084961
obstacle
0.175785586238
237.148025513 137.992996216 23.1580047607 57.17578125
obstacle
0.175631001592
199.575271606 150.085296631 38.2508544922 19.9905395508
obstacle
0.17537856102
310.664123535 35.254119873 24.5454711914 56.6238479614
obstacle
0.175355628133
431.968078613 85.0568389893 68.0319213867 52.2351837158
obstacle
0.175215929747
293.524017334 74.2337036133 21.1094360352 51.4480895996
obstacle
0.175153180957
237.724273682 158.08682251 45.6870727539 21.874420166
obstacle
0.174999400973
164.600448608 144.304824829 25.1875305176 54.4190673828
obstacle
0.174889907241
405.677978516 69.5402603149 40.8284912109 19.8087768555
obstacle
0.174873158336
250.385681152 136.373443604 96.9654541016 91.0542297363
obstacle
0.174721643329
266.001403809 142.22593689 24.2725219727 55.9224243164
obstacle
0.174464538693
241.027038574 178.586425781 22.092590332 51.4294433594
obstacle
0.174425497651
336.436920166 55.7936935425 23.6305541992 51.2931518555
obstacle
0.174306973815
320.848510742 76.1413116455 20.1957397461 52.6375274658
obstacle
0.174295008183
204.636260986 179.720901489 21.3143920898 49.951751709
obstacle
0.174268484116
452.236633301 64.6298370361 21.9115600586 54.4750823975
obstacle
0.17415638268
416.153808594 84.0352935791 21.991027832 48.9572753906
obstacle
0.173970073462
268.266174316 153.666503906 72.1429443359 33.4250793457
obstacle
0.173914387822
243.370330811 165.651092529 58.8571166992 38.6201477051
obstacle
0.173874691129
275.020782471 171.504241943 21.7803344727 47.4580688477
obstacle
0.173604920506
431.202423096 70.8885803223 40.9498901367 20.1376800537
obstacle
0.173432335258
227.669052124 169.469650269 41.5343780518 21.1415405273
obstacle
0.173185929656
289.348846436 61.0901222229 44.2606811523 21.5036735535
obstacle
0.173101261258
106.581268311 122.956253052 111.356170654 49.3432312012
obstacle
0.172861322761
475.973876953 59.7948036194 24.0261230469 32.6570167542
obstacle
0.172737255692
244.270965576 148.254669189 40.8656005859 18.5051879883
obstacle
0.1718865484
314.250396729 60.5454483032 40.853515625 19.5459747314
obstacle
0.167155608535
345.822265625 42.1592712402 120.403198242 56.4529571533
obstacle
0.165051698685
257.713928223 152.664260864 21.5648193359 63.9318847656
obstacle
0.162168845534
302.101409912 44.5076446533 22.3394165039 64.7204589844
