obstacle
0.187197297812
11.8342933655 54.8817405701 74.3530426025 69.2514648438
obstacle
0.18524260819
7.96948623657 0.3932056427 74.609375 58.9488220215
obstacle
0.184852212667
236.807098389 62.8662757874 173.318481445 66.8421325684
obstacle
0.183872953057
46.3518409729 57.7514419556 21.3139305115 56.9827880859
obstacle
0.183869749308
317.143676758 74.5299758911 21.9322509766 52.4293518066
obstacle
0.183798372746
327.373046875 24.5748100281 163.855834961 84.8975067139
obstacle
0.181699246168
36.9799575806 50.4745101929 97.7214889526 42.2618103027
obstacle
0.181672394276
20.2454910278 58.3665924072 22.5043067932 56.748840332
obstacle
0.180933013558
313.023284912 70.9593811035 186.976715088 77.7247161865
obstacle
0.180773243308
470.380615234 42.4111976624 29.6193847656 32.5031547546
obstacle
0.180697053671
16.7595825195 64.5608825684 169.099456787 80.6958007812
obstacle
0.180649742484
292.425018311 88.9374084473 67.753112793 33.7889404297
obstacle
0.180482342839
434.151306152 0.960765838623 65.8486938477 90.8904724121
obstacle
0.180025368929
250.466400146 103.228721619 117.330078125 51.0953903198
obstacle
0.179711356759
333.171356201 73.549697876 23.1345214844 48.5668182373
obstacle
0.17889136076
6.71274185181 86.3136367798 38.3373146057 19.4949951172
obstacle
0.178465351462
30.5483036041 71.3988113403 36.0975494385 20.0813598633
obstacle
0.177968606353
16.5937862396 78.249710083 37.0113525391 19.3268432617
obstacle
0.176837131381
297.475616455 108.781257629 39.5125732422 20.5210037231
obstacle
0.176764681935
301.183288574 83.2678070068 22.1112670898 54.2063903809
obstacle
0.175883948803
337.926757812 85.0993499756 39.2976074219 19.2114868164
obstacle
0.175696983933
38.3931770325 84.7861404419 58.3962669373 33.8301239014
obstacle
0.175569489598
4.70882987976 68.3033676147 22.5568370819 57.7555236816
obstacle
0.175536677241
79.4704208374 64.5981750488 21.6173706055 48.4241638184
obstacle
0.175035655499
323.967529297 97.9438323975 87.1661987305 78.613067627
obstacle
0.174956321716
42.4441604614 77.3197250366 37.0161743164 21.5993804932
obstacle
0.174949064851
31.1338367462 70.5107955933 20.2163143158 55.7061767578
obstacle
0.17483356595
53.7772026062 70.6077651978 37.8060188293 19.741317749
obstacle
0.174667879939
14.1611328125 90.152130127 20.1881752014 51.4118347168
obstacle
0.174662575126
75.892578125 87.1319580078 60.8109893799 32.1925811768
obstacle
0.174646347761
62.0146522522 62.2950286865 20.8037834167 52.2253265381
obstacle
0.174549937248
68.635887146 86.2937698364 38.7742614746 17.9629516602
obstacle
0.174133330584
323.655334473 118.45009613 38.5728759766 19.1710586548
obstacle
0.173763558269
326.642059326 109.429504395 19.7861328125 51.5008850098
obstacle
0.173722624779
346.801361084 78.910369873 59.9626464844 32.2051849365
obstacle
0.173486977816
358.658905029 79.0268630981 20.9119873047 52.9758834839
obstacle
0.173390865326
0.644336700439 95.2095031738 34.8204574585 19.1041412354
obstacle
0.173279702663
310.658569336 108.016807556 19.6770629883 52.6874160767
obstacle
0.173045352101
373.402801514 81.5611801147 22.1271362305 51.0714950562
obstacle
0.172956168652
361.123535156 111.824264526 59.604675293 31.6219482422
obstacle
0.17283475399
364.361541748 101.307731628 37.6197509766 19.2002258301
obstacle
0.172680780292
379.904602051 94.7842178345 63.5145263672 33.4214477539
obstacle
0.172334089875
71.8401260376 80.5797271729 21.2203063965 57.01222229
obstacle
0.172327443957
343.505401611 107.804336548 20.6497802734 51.6318969727
obstacle
0.171718135476
335.878112793 101.209571838 38.3977661133 21.212677002
obstacle
0.170980006456
368.285827637 112.504318237 20.852722168 52.2493896484
obstacle
0.169799506664
352.499389648 110.870620728 36.6768188477 19.5755767822
obstacle
0.16963519156
292.663208008 97.7980041504 21.159362793 53.6493835449
obstacle
0.167727231979
38.9495735168 88.4050140381 19.3609008789 50.8788146973
obstacle
0.167015686631
479.377288818 51.6906356812 20.436706543 53.8965301514
obstacle
0.166568532586
382.187255859 96.0372238159 20.9154052734 49.0240249634
obstacle
0.166368246078
4.58965492249 77.9830093384 55.774307251 83.1339035034
obstacle
0.165437325835
302.599822998 119.459846497 39.3825073242 18.0726089478
obstacle
0.164964869618
55.9710845947 79.7564697266 20.3208618164 55.3321990967
