obstacle
0.185289859772
332.865753174 157.754272461 102.245544434 50.2387390137
obstacle
0.185082092881
3.02971458435 175.834197998 57.6478042603 35.2260742188
obstacle
0.184760048985
120.261199951 124.176940918 88.1011962891 96.308013916
obstacle
0.184518560767
6.40909957886 0.323574066162 107.994247437 77.8296203613
obstacle
0.183762609959
5.95581436157 118.643730164 113.780441284 85.7407913208
obstacle
0.183651462197
119.496734619 168.56427002 60.9874267578 41.472869873
obstacle
0.182094559073
378.208312988 149.258361816 103.894714355 99.0023193359
obstacle
0.181979507208
270.236175537 126.139282227 168.009399414 110.046447754
obstacle
0.181563571095
131.048706055 149.346160889 205.913787842 86.9212646484
obstacle
0.181540891528
54.8379745483 129.866760254 115.942329407 48.8370361328
obstacle
0.181210175157
5.88277435303 51.7797546387 106.535209656 85.6184082031
obstacle
0.180300295353
424.174987793 278.708465576 75.825012207 54.2915344238
obstacle
0.180262088776
112.604858398 175.374313354 41.0603637695 19.7311401367
obstacle
0.180019140244
260.569580078 191.712493896 64.2354736328 34.528717041
obstacle
0.179592385888
429.050964355 0.702814102173 70.9490356445 50.2668991089
obstacle
0.179585784674
23.2756919861 164.620193481 74.4100341797 35.278503418
obstacle
0.179435491562
155.096466064 149.696670532 99.0666503906 50.7466430664
obstacle
0.179419532418
1.67004013062 143.275863647 48.1928443909 48.8685302734
obstacle
0.179166197777
2.69673156738 31.7196979523 50.0511779785 47.9132919312
obstacle
0.178962007165
51.6517066956 177.866638184 76.02293396 33.9716491699
obstacle
0.178919166327
184.503494263 178.158538818 100.552597046 92.7729797363
obstacle
0.178906157613
405.063415527 178.10748291 76.7767944336 33.484375
obstacle
0.178810670972
352.377105713 179.354125977 59.6588745117 38.1069641113
obstacle
0.178810209036
2.20265579224 177.317687988 79.7131347656 88.9822387695
obstacle
0.178771227598
101.322135925 171.50012207 96.5038528442 86.7841491699
obstacle
0.178726434708
364.266082764 214.041305542 21.1001586914 46.1028594971
obstacle
0.178308621049
210.735412598 184.565765381 24.771697998 44.8506774902
obstacle
0.178270146251
333.332977295 184.660568237 40.9352416992 19.5899963379
obstacle
0.178250581026
3.43563461304 0.330739974976 67.7695922852 19.2558822632
obstacle
0.178205668926
193.888122559 175.80027771 58.0400695801 33.4290161133
obstacle
0.178169950843
230.524505615 158.548065186 104.000610352 50.3839111328
obstacle
0.17815579474
3.51098251343 303.728027344 65.7843170166 29.2719726562
obstacle
0.177608862519
307.455657959 173.641159058 103.06237793 93.5550384521
obstacle
0.177250355482
236.685562134 176.976104736 103.977035522 90.3559265137
obstacle
0.17720811069
8.52878570557 273.88381958 105.542572021 59.1161804199
obstacle
0.1768514961
2.52885437012 261.314666748 56.4204826355 47.7329101562
obstacle
0.176842212677
153.139083862 184.693878174 63.5506591797 33.1824951172
obstacle
0.176566436887
251.0756073 202.347412109 39.930557251 19.1547241211
obstacle
0.17637437582
344.900238037 211.654556274 22.7692871094 45.7436981201
obstacle
0.176303118467
284.276611328 199.317550659 68.7577514648 36.5180969238
obstacle
0.176264613867
272.950073242 186.837188721 24.1918334961 63.4390563965
obstacle
0.175955459476
27.5835437775 195.926498413 37.6349487305 18.8540649414
obstacle
0.175943523645
109.927261353 183.543579102 22.9459533691 55.5922851562
obstacle
0.175801113248
35.2423973083 190.899749756 20.3771743774 61.4498596191
obstacle
0.175537228584
390.970336914 201.545623779 19.9412841797 49.2791137695
obstacle
0.175518810749
270.974060059 213.541320801 18.1384887695 25.3020935059
obstacle
0.175496414304
250.363342285 193.354888916 27.2155151367 57.4033203125
obstacle
0.175285086036
51.8175964355 203.732727051 21.9585800171 45.4025268555
obstacle
0.175262629986
4.55046749115 191.15296936 22.6462554932 57.6876220703
obstacle
0.175139650702
372.731872559 190.365234375 20.7117919922 62.457244873
obstacle
0.175030037761
192.789794922 196.525817871 21.3020019531 56.0607910156
obstacle
0.174738064408
264.531585693 219.444763184 22.0142822266 49.5608520508
obstacle
0.174713507295
45.1162071228 173.95223999 24.839756012 56.8568725586
obstacle
0.174604490399
150.188919067 184.793228149 23.1438293457 51.4555053711
obstacle
0.174604460597
344.362304688 168.290710449 26.4788208008 62.3768005371
obstacle
0.174502909184
31.0151901245 193.586547852 71.1859741211 36.2202453613
obstacle
0.17429818213
284.090332031 220.458374023 20.9715576172 48.1870422363
obstacle
0.174144089222
375.961090088 196.655670166 71.7880249023 35.7649841309
obstacle
0.173719793558
133.42791748 185.32270813 20.5020141602 56.643371582
obstacle
0.173513889313
292.953155518 199.739868164 22.2387695312 50.0644836426
obstacle
0.173471778631
0.366399765015 195.15586853 34.8008651733 19.7626953125
obstacle
0.17331571877
368.401916504 202.961776733 20.106628418 24.8337402344
obstacle
0.173007085919
166.082641602 191.701660156 22.3076477051 51.5028076172
obstacle
0.172809526324
219.295257568 183.186508179 71.4329833984 34.8766174316
obstacle
0.172652870417
113.261535645 187.089157104 38.8681945801 20.6170043945
obstacle
0.172346577048
355.35357666 187.787628174 21.28125 63.3215637207
obstacle
0.172214269638
333.598297119 191.756500244 22.6411132812 57.8818359375
obstacle
0.172088101506
58.224773407 194.181732178 17.816570282 25.9101867676
obstacle
0.171648010612
132.012939453 185.598068237 38.4136352539 18.8082885742
obstacle
0.17162540555
334.698455811 196.300445557 37.6838378906 20.7907409668
obstacle
0.170677527785
177.315475464 197.220733643 20.9400024414 53.473449707
obstacle
0.169927239418
0.0 223.760955811 104.067703247 84.1162109375
obstacle
0.166993826628
122.61114502 180.493988037 20.6175537109 58.820892334
obstacle
0.166269093752
280.909393311 212.566329956 17.6961669922 25.5153503418
obstacle
0.164645910263
17.2670288086 190.064743042 21.1644020081 64.5739440918
obstacle
0.16461712122
35.8286552429 155.777038574 94.5945129395 102.568664551
obstacle
0.163761839271
264.04510498 139.086624146 123.287353516 47.0084228516
obstacle
0.16081301868
183.152328491 179.201141357 23.2207946777 53.9290771484
