obstacle
0.184568330646
112.520149231 119.470901489 191.744842529 79.2021789551
obstacle
0.183029472828
36.4956893921 138.465789795 192.117706299 92.6868286133
obstacle
0.182890027761
19.5146942139 162.529983521 73.4366455078 34.9270324707
obstacle
0.182473540306
299.389282227 108.703239441 198.905517578 92.7736587524
obstacle
0.182195216417
137.080749512 148.184631348 72.3031921387 35.1074523926
obstacle
0.182048082352
209.943725586 132.187393188 23.8719177246 55.8319702148
obstacle
0.181772947311
39.2896270752 156.945831299 26.2907714844 54.7811279297
obstacle
0.181393787265
1.50300979614 168.543731689 126.339080811 53.678314209
obstacle
0.180800557137
191.268051147 139.233932495 72.4301300049 37.6083984375
obstacle
0.180118665099
252.778213501 109.151947021 94.5161590576 90.3604125977
obstacle
0.17895552516
270.981536865 121.080787659 66.9569702148 37.5391464233
obstacle
0.178878292441
21.2354068756 165.716415405 27.8127346039 61.7661437988
obstacle
0.178684860468
111.860176086 139.930236816 24.807472229 59.0264282227
obstacle
0.178494870663
139.916381836 147.135772705 22.8197021484 58.7695007324
obstacle
0.178267329931
155.892990112 141.053909302 23.8332519531 57.3438720703
obstacle
0.177758082747
210.122756958 166.045150757 64.4406890869 36.899017334
obstacle
0.177673310041
193.120880127 139.0128479 23.4528808594 59.550994873
obstacle
0.177564248443
371.595703125 121.449707031 73.4881591797 37.5473632812
obstacle
0.177523940802
90.7966156006 148.308685303 75.794342041 35.0078735352
obstacle
0.17734144628
174.276809692 139.36479187 23.6584777832 59.1002502441
obstacle
0.176881879568
271.060577393 139.605407715 40.6849365234 22.6142883301
obstacle
0.176653400064
147.632339478 176.525375366 41.8176879883 21.8584899902
obstacle
0.176460057497
178.828201294 158.452804565 41.5113220215 22.9516296387
obstacle
0.176442757249
335.141296387 121.761047363 70.4907836914 35.3162841797
obstacle
0.176309630275
118.4034729 182.481048584 119.50213623 54.3035888672
obstacle
0.17620100081
308.859191895 126.866012573 22.9236450195 59.6346130371
obstacle
0.176112160087
407.725769043 121.49357605 24.1016235352 58.4633483887
obstacle
0.175923377275
220.334899902 160.350616455 24.1577453613 61.7858276367
obstacle
0.175862133503
398.82635498 132.461288452 72.5679321289 35.5698547363
obstacle
0.17573812604
369.683380127 112.479110718 24.178527832 57.7213439941
obstacle
0.175582066178
335.021484375 125.666702271 22.5538330078 56.029296875
obstacle
0.175297126174
279.096801758 122.11505127 24.814453125 63.8056945801
obstacle
0.175159841776
105.088500977 164.234619141 65.653503418 37.4245300293
obstacle
0.175044715405
149.233413696 165.174942017 44.5151977539 22.0658874512
obstacle
0.174842894077
12.8500709534 203.786804199 40.4609375 21.1014404297
obstacle
0.174566417933
59.7465248108 170.928604126 24.7213249207 55.1987915039
obstacle
0.174340128899
25.0482196808 192.259140015 41.5816802979 24.0106506348
obstacle
0.174327373505
176.247497559 150.70501709 97.3306274414 83.8097839355
obstacle
0.174211934209
380.646820068 139.849441528 44.1758422852 21.0548400879
obstacle
0.173951417208
370.654266357 150.686538696 42.1900634766 19.9790039062
obstacle
0.173717871308
228.582687378 145.477661133 23.7874145508 50.6742553711
obstacle
0.173698782921
395.895904541 151.133178711 41.1741333008 21.5903320312
obstacle
0.173514857888
43.9331054688 192.286193848 64.8675537109 37.0755615234
obstacle
0.173430204391
370.092315674 131.292022705 41.3614501953 20.9303283691
obstacle
0.173286437988
95.2865371704 149.26802063 22.6786651611 59.2159423828
obstacle
0.172810256481
87.0405807495 167.422027588 42.0518569946 20.9519958496
obstacle
0.172505378723
149.210296631 165.823303223 21.9644165039 54.7283935547
obstacle
0.172440797091
389.087738037 120.091583252 23.1435546875 58.3205566406
obstacle
0.172235101461
308.243682861 139.853561401 41.8292236328 20.8731384277
obstacle
0.171932324767
201.267105103 166.985214233 46.0528869629 20.3093261719
obstacle
0.171848207712
203.036300659 154.639755249 22.2228393555 56.5673828125
obstacle
0.171427682042
333.962371826 139.920333862 42.5209350586 20.275970459
obstacle
0.170950308442
39.1480865479 203.665863037 39.056640625 19.6296386719
obstacle
0.167630791664
43.155090332 193.788864136 23.003868103 56.9809265137
obstacle
0.166592895985
46.7922134399 183.539886475 44.9441223145 21.4566040039
obstacle
0.16605488956
354.392608643 142.491287231 42.2249145508 21.8960266113
obstacle
0.16455706954
362.10345459 127.88293457 21.6729736328 60.5906982422
obstacle
0.163733780384
122.873252869 152.773864746 21.6572341919 60.2808532715
