obstacle
0.181767463684
55.1205787659 14.648223877 107.093826294 83.4571151733
obstacle
0.181755453348
116.140350342 90.5168685913 90.5028076172 87.6417007446
obstacle
0.180618360639
5.02157592773 5.72494506836 83.1229934692 77.1417922974
obstacle
0.180466502905
203.375839233 219.852218628 84.8880157471 61.1477813721
obstacle
0.180393397808
99.8579711914 49.2701225281 54.7543182373 28.5096244812
obstacle
0.179929643869
2.160572052 95.0453796387 46.5730171204 43.6965026855
obstacle
0.179723158479
25.2764129639 0.0 148.160522461 47.3194351196
obstacle
0.179202467203
254.477111816 0.0 96.5612182617 55.8053512573
obstacle
0.179127559066
1.69591712952 117.847694397 50.484916687 43.8862380981
obstacle
0.178799450397
447.239685059 0.0 52.7603149414 62.3952674866
obstacle
0.17854782939
0.825834274292 0.0 49.5631027222 29.3327407837
obstacle
0.178501322865
2.59255218506 233.632705688 46.510684967 47.3672943115
obstacle
0.178500756621
478.799285889 0.0 20.0681762695 42.3863296509
obstacle
0.178258404136
85.5016479492 37.6086578369 21.4549407959 44.9566574097
obstacle
0.178217515349
181.183441162 3.26168823242 158.732971191 96.3262710571
obstacle
0.178193449974
176.667129517 0.0 19.7807006836 40.6814689636
obstacle
0.178173065186
339.255523682 10.8294181824 160.744476318 96.3509368896
obstacle
0.178139090538
125.080871582 142.380722046 21.785736084 43.7208251953
obstacle
0.177884981036
117.993148804 141.033035278 95.6278991699 79.481262207
obstacle
0.177825242281
109.485542297 30.3630180359 22.3660964966 43.2139015198
obstacle
0.17777903378
73.1079940796 114.896659851 94.7558364868 47.6156997681
obstacle
0.177641376853
309.7706604 0.0 101.500427246 28.1974258423
obstacle
0.17749235034
6.22562026978 159.613983154 98.0136260986 72.9393005371
obstacle
0.177447497845
166.486419678 0.0 89.3676452637 53.6490516663
obstacle
0.177411869168
1.92506027222 27.793554306 63.3534584045 30.2083759308
obstacle
0.177293404937
88.1126556396 3.09370994568 60.4125976562 30.2484455109
obstacle
0.177176907659
71.2364501953 90.0969467163 96.7459564209 45.3990859985
obstacle
0.177122890949
422.493347168 232.642074585 77.506652832 48.357925415
obstacle
0.177067920566
120.394424438 127.507667542 60.7125549316 30.7057876587
obstacle
0.176946252584
368.256744385 0.0 95.6878662109 60.084022522
obstacle
0.176944330335
359.808868408 0.0 21.4547729492 35.8344116211
obstacle
0.1768514961
158.117797852 145.012878418 22.1530761719 42.0634460449
obstacle
0.176845163107
5.0244140625 78.1573944092 94.8587493896 72.6186981201
obstacle
0.176717460155
320.282470703 0.0 20.4065551758 39.945640564
obstacle
0.176638647914
384.064971924 31.4684791565 59.8861694336 28.8495178223
obstacle
0.176302284002
141.150985718 153.229370117 22.2838439941 42.1319580078
obstacle
0.176166653633
114.347877502 0.0 58.4236373901 22.8879470825
obstacle
0.176012471318
126.050567627 28.0949382782 22.1783447266 45.1257171631
obstacle
0.17574454844
165.62713623 123.299835205 68.1211853027 30.5316467285
obstacle
0.175713896751
342.96206665 0.0 22.4898681641 35.6521911621
obstacle
0.175649791956
114.004135132 17.0785942078 57.193359375 28.5629196167
obstacle
0.175351008773
385.580383301 0.0 20.0291748047 38.1826515198
obstacle
0.175215780735
85.2988586426 25.8758296967 55.6736602783 28.4680194855
obstacle
0.175180733204
64.2978591919 0.0 59.6796417236 21.7761154175
obstacle
0.175112724304
164.156143188 126.784103394 23.1634521484 40.8092956543
obstacle
0.175109863281
188.245819092 0.0 22.3435668945 39.7174835205
obstacle
0.174971953034
375.286376953 38.4941940308 20.6859130859 43.8013534546
obstacle
0.174834728241
208.193237305 0.0 20.6120910645 38.8456535339
obstacle
0.174824923277
127.970420837 0.0438861846924 20.5077896118 42.0216827393
obstacle
0.174460992217
65.1121520996 0.0 20.2490997314 39.7163772583
obstacle
0.174265876412
148.974639893 130.449661255 22.4255371094 43.7255249023
obstacle
0.174243837595
112.665054321 1.58522033691 87.8102722168 86.5539855957
obstacle
0.173647433519
157.158508301 138.387451172 65.2201843262 31.0833435059
obstacle
0.173506945372
207.933395386 0.0 56.0304718018 22.1258296967
obstacle
0.173363491893
108.799438477 9.81414794922 23.005355835 38.5912780762
obstacle
0.173326000571
143.345581055 0.0 98.0562744141 20.7103309631
obstacle
0.173044800758
84.5961608887 0.0 21.0497131348 41.7974357605
obstacle
0.172942712903
132.376159668 42.3373947144 59.9212646484 30.0188293457
obstacle
0.172738000751
138.898147583 25.6059761047 64.6960754395 30.280418396
obstacle
0.167770117521
5.99864196777 115.169082642 88.9274749756 77.8940429688
obstacle
0.165875449777
104.110397339 48.8561325073 19.3447265625 44.7004241943
obstacle
0.165775865316
150.596908569 229.106170654 97.9175415039 45.3868103027
