obstacle
0.185277849436
379.113098145 0.0732078552246 98.3250732422 70.7309875488
obstacle
0.183833956718
434.363647461 1.04446792603 65.6363525391 43.1728439331
obstacle
0.183594480157
297.084350586 0.563234329224 137.918579102 53.2866363525
obstacle
0.181212082505
153.321075439 107.19052887 158.547241211 72.8457565308
obstacle
0.181160971522
430.880432129 179.620574951 69.1195678711 97.3794250488
obstacle
0.18108509481
243.28213501 0.0 99.2224121094 70.1110305786
obstacle
0.180823713541
250.14074707 7.70479011536 19.8582763672 40.2200241089
obstacle
0.180682197213
60.1647109985 227.389877319 149.239990234 49.6101226807
obstacle
0.179897964001
266.836914062 81.5118484497 90.6775512695 50.8861465454
obstacle
0.179803222418
53.7653236389 249.008773804 69.7776641846 27.9912261963
obstacle
0.179702669382
114.272003174 108.749076843 101.489593506 53.8736343384
obstacle
0.17953465879
61.5573196411 0.0 18.2527160645 18.1531562805
obstacle
0.179463371634
99.6879882812 0.0827941894531 95.7401428223 62.8601722717
obstacle
0.179419547319
279.086517334 107.051925659 91.8818969727 89.0010375977
obstacle
0.179363802075
256.672546387 211.762054443 90.5501708984 48.0710449219
obstacle
0.179345220327
201.188369751 8.11900520325 19.8469238281 40.333984375
obstacle
0.17929032445
1.31922721863 107.234809875 58.0997467041 30.9589309692
obstacle
0.179078400135
49.2179870605 6.97231674194 20.0793838501 41.8657493591
obstacle
0.179054111242
183.956832886 138.363754272 54.1109008789 32.7368774414
obstacle
0.178984254599
233.524749756 7.71492195129 19.834564209 40.8103790283
obstacle
0.178839787841
2.41621589661 179.589385986 50.460144043 41.9820251465
obstacle
0.178805544972
474.732971191 259.23526001 25.2670288086 17.7647399902
obstacle
0.178727507591
13.1874732971 0.0 56.9723472595 22.866985321
obstacle
0.178726255894
310.030487061 117.930587769 58.7453613281 29.546081543
obstacle
0.178697153926
5.22233963013 0.0 114.766387939 52.6944923401
obstacle
0.178625121713
13.7310791016 248.098022461 67.4393463135 28.9019775391
obstacle
0.178598418832
65.5711669922 6.52629089355 19.5371246338 41.5182876587
obstacle
0.178574815392
184.881912231 8.11433601379 19.6381835938 40.6924285889
obstacle
0.178377583623
33.1692657471 7.05053901672 19.7099075317 41.6064910889
obstacle
0.178376361728
11.2727851868 86.1496429443 89.2828979492 46.6037750244
obstacle
0.178375780582
217.366455078 8.04604148865 19.8699645996 40.9775695801
obstacle
0.178304851055
359.799804688 214.666595459 88.6124267578 47.8512878418
obstacle
0.178271070123
162.119293213 0.0 138.296783447 53.2728042603
obstacle
0.178156107664
5.87475967407 214.857147217 85.2497253418 46.9636535645
obstacle
0.178072586656
105.402786255 7.97644042969 19.3746337891 41.2910881042
obstacle
0.177979752421
148.267272949 226.987731934 157.060546875 50.0122680664
obstacle
0.177951276302
0.0 15.4740753174 18.9732818604 38.1775970459
obstacle
0.177921757102
37.0908737183 259.764343262 23.0947341919 17.2356567383
obstacle
0.177808135748
89.8186187744 7.97102546692 19.2428741455 41.4893798828
obstacle
0.177779361606
121.080039978 6.81319618225 19.7361068726 41.9599609375
obstacle
0.177669078112
265.074768066 226.38734436 156.641540527 50.6126556396
obstacle
0.177643030882
1.31812095642 136.746749878 47.4333953857 31.1295776367
obstacle
0.177485525608
168.639984131 5.72372627258 19.5538635254 42.6784973145
obstacle
0.177461773157
3.97647857666 19.9258728027 83.0192642212 70.0705566406
obstacle
0.177081763744
4.98924636841 112.071075439 107.883468628 85.6513977051
obstacle
0.177022963762
172.937103271 156.348129272 88.4769592285 76.0000915527
obstacle
0.1770042032
1.16112422943 257.31338501 19.3504714966 19.6866149902
obstacle
0.176822379231
225.545288086 137.920410156 70.4395141602 30.3558044434
obstacle
0.176705673337
136.995895386 6.10253715515 19.6932983398 42.7966079712
obstacle
0.176605254412
207.730758667 170.586486816 18.1976318359 39.5889587402
obstacle
0.17659111321
190.928955078 170.121490479 19.8193359375 42.9678649902
obstacle
0.176560685039
2.13168525696 226.949386597 40.7084884644 48.1484222412
obstacle
0.176518827677
1.88284111023 51.04296875 53.5578918457 31.1891174316
obstacle
0.176443174481
198.394622803 142.442138672 20.642578125 53.023651123
obstacle
0.176409572363
1.13442802429 27.3990287781 52.5999069214 31.205909729
obstacle
0.176160693169
0.0730762481689 142.680969238 17.7370300293 42.8903808594
obstacle
0.176129847765
5.43759536743 203.003890991 71.5681610107 30.1120910645
obstacle
0.176077991724
76.5664901733 127.347671509 61.1110458374 28.939666748
obstacle
0.176048487425
152.807830811 4.51965141296 19.5753173828 43.2660751343
obstacle
0.175941035151
7.14489746094 0.0 21.0332374573 43.9842414856
obstacle
0.175543814898
212.841812134 160.21862793 18.2111206055 22.3129577637
obstacle
0.175543799996
2.12612342834 67.870223999 54.6697769165 30.910949707
obstacle
0.175308823586
2.05630302429 156.628479004 49.835899353 42.5666503906
obstacle
0.17512537539
202.921768188 148.309356689 62.8884429932 32.5976257324
obstacle
0.175067067146
178.253372192 146.335159302 22.8628540039 52.9913330078
obstacle
0.174475446343
25.1520881653 141.69291687 66.6367340088 30.1957397461
obstacle
0.173679366708
293.54095459 143.249313354 21.1318359375 41.630279541
obstacle
0.173529565334
1.2214050293 83.2477645874 40.576499939 42.6463775635
obstacle
0.170981660485
196.39175415 126.553009033 73.0875549316 32.3218994141
obstacle
0.169907689095
200.803604126 209.811355591 89.4144134521 48.5027313232
obstacle
0.168962448835
441.052276611 251.273223877 58.9477233887 25.726776123
obstacle
0.167529389262
379.562469482 186.581375122 104.197387695 49.6864318848
obstacle
0.154270067811
124.298545837 208.890228271 90.1600112915 50.0616455078
