obstacle
0.184060811996
138.408004761 149.052001953 91.7118835449 82.5881347656
obstacle
0.183446764946
6.26427459717 0.0 87.7367630005 66.5579376221
obstacle
0.183354184031
47.6996383667 103.386459351 195.067749023 96.705871582
obstacle
0.183325558901
93.6454467773 156.690368652 89.6374206543 79.8562316895
obstacle
0.182445630431
4.86711883545 124.32875061 81.5219726562 86.2781677246
obstacle
0.18189701438
165.067596436 157.737594604 26.8765563965 56.5373535156
obstacle
0.181516930461
101.209075928 164.166412354 25.0071868896 58.6303100586
obstacle
0.181365832686
74.0600662231 180.040039062 77.9983444214 36.0984191895
obstacle
0.180264994502
21.7700653076 185.999023438 184.115005493 99.9488830566
obstacle
0.180238544941
121.740409851 174.80128479 23.0159225464 56.0159912109
obstacle
0.180081531405
0.949401855469 142.208068848 55.5525588989 35.4459228516
obstacle
0.179437398911
172.437973022 178.230133057 65.4773254395 37.9715576172
obstacle
0.179048478603
148.557312012 166.817779541 23.7047729492 55.4359130859
obstacle
0.178890511394
48.1425476074 164.642303467 82.3813781738 79.686126709
obstacle
0.178773418069
87.4251785278 186.375900269 38.9248962402 20.9265441895
obstacle
0.178710028529
127.943916321 166.302978516 75.4428634644 34.7668457031
obstacle
0.177513584495
164.185241699 175.784927368 39.9651794434 19.3040161133
obstacle
0.17716242373
113.635368347 184.358566284 41.6780166626 21.7929382324
obstacle
0.176969826221
89.0641174316 201.394058228 42.9008026123 22.7193603516
obstacle
0.176942750812
130.388137817 196.043548584 69.0695800781 35.4918518066
obstacle
0.17692565918
123.599464417 173.479263306 192.35168457 81.5600891113
obstacle
0.17689910531
83.137512207 173.49420166 24.0845031738 56.7829589844
obstacle
0.17687048018
74.5067596436 208.127639771 63.9674835205 36.9622802734
obstacle
0.176627337933
0.617628097534 178.306884766 51.7247619629 35.8694152832
obstacle
0.176461860538
138.785003662 181.764221191 23.1958007812 58.927947998
obstacle
0.176228746772
171.887390137 202.039611816 44.5460205078 21.1781921387
obstacle
0.175773665309
2.74935913086 172.22454834 81.4819869995 91.3638000488
obstacle
0.175463244319
211.206497192 194.245895386 22.8685302734 50.8294067383
obstacle
0.175415188074
175.184951782 182.096679688 25.6903991699 57.5807495117
obstacle
0.175353348255
193.943267822 184.332015991 23.2146606445 60.7891540527
obstacle
0.175302803516
140.038314819 221.437057495 41.7231140137 18.5779418945
obstacle
0.175278097391
124.950149536 192.00012207 42.8237915039 22.8471069336
obstacle
0.175249382854
66.0396728516 180.146331787 24.9353637695 53.6543579102
obstacle
0.175198495388
69.5906677246 193.163497925 38.8468780518 19.9111938477
obstacle
0.174941107631
122.476325989 210.564041138 44.1128158569 22.8500671387
obstacle
0.174485340714
60.1189918518 202.591293335 39.1686210632 18.2114562988
obstacle
0.174387395382
95.4364624023 184.482498169 22.1432800293 58.1670532227
obstacle
0.174381688237
4.94461154938 187.179931641 23.6161613464 56.4952697754
obstacle
0.174362614751
203.672027588 190.621871948 65.0895996094 32.3406677246
obstacle
0.174341917038
158.258132935 182.091567993 24.5212402344 57.1786804199
obstacle
0.173883661628
5.71657562256 286.737854004 91.8495254517 46.2621459961
obstacle
0.173684448004
132.449523926 210.012359619 20.6346740723 60.1766967773
obstacle
0.173523023725
167.253875732 219.370651245 22.9356994629 49.5143280029
obstacle
0.173419103026
184.943481445 200.818969727 21.1089782715 60.410949707
obstacle
0.173075765371
203.981292725 208.765045166 20.3829650879 51.2769470215
obstacle
0.172725856304
149.447097778 209.349655151 21.6419372559 55.9523468018
obstacle
0.172253966331
180.458892822 213.360198975 39.5224609375 19.0575256348
obstacle
0.172018826008
181.025650024 213.776153564 64.6203613281 37.3513183594
obstacle
0.171991512179
22.9176673889 185.32975769 66.4209442139 35.5498352051
obstacle
0.171834349632
114.146903992 195.230926514 20.4404067993 59.3999938965
obstacle
0.171355128288
142.430206299 185.790176392 44.3253173828 21.4724731445
obstacle
0.168140485883
159.032272339 193.673751831 45.7412414551 20.5863037109
obstacle
0.166949912906
216.589050293 205.89616394 62.2335205078 34.4027709961
obstacle
0.165026888251
87.6404647827 202.712097168 21.2477111816 56.7024536133
