obstacle
0.186789944768
148.77015686 138.101394653 198.386947632 80.4725952148
obstacle
0.183490306139
87.9252090454 102.21749115 62.1547470093 34.774559021
obstacle
0.183281391859
65.3887405396 75.5114593506 95.9447250366 88.747756958
obstacle
0.182798117399
152.704193115 77.0092086792 177.432373047 94.553565979
obstacle
0.182785481215
214.182418823 98.883895874 62.856338501 35.6441345215
obstacle
0.182344645262
124.462303162 100.850265503 56.4387435913 35.6659240723
obstacle
0.182137951255
110.335090637 178.097000122 185.835693359 97.8674163818
obstacle
0.181854441762
164.267211914 162.908477783 23.5762939453 59.9378051758
obstacle
0.181462690234
181.88444519 158.238372803 25.3975524902 54.2029418945
obstacle
0.181435152888
137.678710938 169.82901001 75.3057250977 36.9128417969
obstacle
0.181172296405
79.5135192871 112.807144165 40.7821960449 19.0140686035
obstacle
0.180491223931
282.702087402 170.494232178 25.5042114258 50.5335388184
obstacle
0.180395498872
252.250823975 169.555404663 74.8873291016 35.1353759766
obstacle
0.180225819349
200.439453125 157.345092773 24.8388061523 54.875579834
obstacle
0.179722294211
56.5757751465 153.634475708 178.945465088 80.2933959961
obstacle
0.179119244218
227.652145386 157.598693848 24.0914001465 55.8849487305
obstacle
0.178826197982
215.916137695 164.019042969 73.7462158203 36.0204467773
obstacle
0.178722128272
246.80241394 154.959579468 23.5635223389 60.122253418
obstacle
0.178446784616
264.016448975 158.564758301 25.2086181641 54.4953308105
obstacle
0.178154274821
159.552902222 192.077087402 43.7813415527 23.7362670898
obstacle
0.177110239863
282.663024902 147.000823975 91.3888549805 90.11328125
obstacle
0.176789984107
293.327087402 182.126266479 42.1821899414 18.5008239746
obstacle
0.17669442296
95.255897522 112.953475952 22.2298736572 61.8360900879
obstacle
0.176612839103
298.114013672 169.998931885 25.0882568359 50.4909973145
obstacle
0.176524266601
208.656051636 125.863037109 37.8233642578 19.5538635254
obstacle
0.176289901137
164.532485962 180.270767212 77.1783752441 39.0712585449
obstacle
0.176137134433
191.448791504 179.285720825 121.277587891 51.9512329102
obstacle
0.175866469741
82.5132598877 123.584274292 37.8838195801 19.257598877
obstacle
0.175758078694
203.008529663 175.69670105 41.6590270996 21.6260070801
obstacle
0.175502583385
317.318634033 183.118881226 22.810546875 53.1322937012
obstacle
0.175498872995
255.320602417 194.776153564 21.7128448486 57.0307312012
obstacle
0.175495922565
211.503952026 174.61769104 22.4736938477 58.1066589355
obstacle
0.1753128618
6.65724945068 285.991882324 92.5760650635 47.0081176758
obstacle
0.175286605954
242.612976074 204.380783081 43.4750366211 18.5088806152
obstacle
0.175282567739
316.006011963 194.569152832 64.6527099609 34.4677429199
obstacle
0.175201445818
220.526123047 119.187324524 21.1870422363 58.4469528198
obstacle
0.174631893635
146.195892334 174.956878662 23.9270629883 56.1166992188
obstacle
0.174613639712
232.172073364 188.553436279 107.81489563 89.2198791504
obstacle
0.174550443888
273.048614502 191.350494385 22.2730102539 62.1393127441
obstacle
0.174476921558
240.042205811 183.16178894 42.5140380859 22.9258728027
obstacle
0.174392342567
202.741271973 186.436935425 21.0454406738 58.5337219238
obstacle
0.174319058657
203.053375244 202.269760132 42.3919677734 20.4063110352
obstacle
0.173961788416
176.154785156 202.41758728 43.5404968262 21.0405883789
obstacle
0.173881307244
278.856201172 203.62638855 43.7712402344 20.8661193848
obstacle
0.173676595092
300.664031982 195.49647522 21.5352783203 58.5546264648
obstacle
0.173592597246
185.251495361 187.185012817 20.8649597168 58.4976501465
obstacle
0.17358674109
257.901855469 192.818832397 44.3399658203 21.2042236328
obstacle
0.173264995217
229.732894897 189.613708496 21.205657959 58.8257141113
obstacle
0.173101618886
220.378173828 193.188446045 44.2250671387 22.2473754883
obstacle
0.173055678606
217.787628174 201.765090942 64.0019836426 38.1730957031
obstacle
0.172191098332
158.468032837 189.94078064 21.0035705566 56.7786560059
obstacle
0.171907454729
302.740203857 193.759719849 40.4899902344 18.2008972168
obstacle
0.170728266239
110.760665894 127.165931702 36.4331970215 18.3810806274
obstacle
0.170209676027
92.3628692627 115.16885376 93.4988098145 93.5009155273
obstacle
0.167657926679
175.25579834 178.164474487 40.7423095703 19.4931945801
obstacle
0.167653933167
148.454559326 203.562133789 44.8796081543 18.7528686523
obstacle
0.163232475519
237.679122925 169.585266113 22.1175384521 60.5157165527
