obstacle
0.182513281703
128.960205078 102.560256958 172.523742676 84.4625854492
obstacle
0.182121396065
74.2494430542 190.153915405 181.830810547 106.563034058
obstacle
0.181752458215
5.43883895874 0.321941375732 85.3857116699 62.7356185913
obstacle
0.181665629148
94.5804748535 161.028717041 185.730957031 74.8991699219
obstacle
0.181246861815
424.555999756 0.0 75.4440002441 52.6092224121
obstacle
0.179315328598
1.82242202759 0.122044563293 65.6394958496 18.1474647522
obstacle
0.178456917405
203.188537598 133.722076416 74.9289245605 34.3948059082
obstacle
0.178365856409
228.33152771 151.478210449 77.3706817627 33.3623962402
obstacle
0.177930667996
107.570549011 110.094024658 112.585456848 48.8584594727
obstacle
0.177812024951
174.98677063 139.092071533 44.2688293457 19.7672729492
obstacle
0.177742034197
179.260131836 144.302749634 71.9261779785 33.4590454102
obstacle
0.177689775825
94.0885925293 152.955871582 105.929595947 49.0850524902
obstacle
0.17756550014
79.1627502441 191.069961548 115.034698486 50.2978820801
obstacle
0.177208825946
190.763458252 134.552612305 26.3900146484 58.5798339844
obstacle
0.177202522755
4.11005401611 275.210479736 62.5610122681 57.7895202637
obstacle
0.1767513901
221.153213501 211.955337524 22.1535339355 44.3384399414
obstacle
0.176694512367
127.865356445 185.492660522 24.8597106934 50.6422729492
obstacle
0.176675796509
149.273529053 216.375534058 22.6626281738 48.7847747803
obstacle
0.176368296146
195.124649048 219.545440674 20.9903869629 51.1836547852
obstacle
0.176300600171
209.789291382 160.108352661 103.013381958 97.0484466553
obstacle
0.176289871335
165.249588013 174.740539551 23.9730529785 55.5648193359
obstacle
0.176284685731
140.823547363 191.891906738 68.229309082 33.3772583008
obstacle
0.176269739866
167.388931274 219.719619751 21.8151550293 51.6334075928
obstacle
0.176127567887
198.958786011 203.329177856 40.7557373047 19.1183776855
obstacle
0.175962910056
172.446136475 150.455383301 25.3061828613 59.8526306152
obstacle
0.175792589784
153.717666626 168.764892578 72.7098388672 34.3558044434
obstacle
0.17560993135
183.216766357 173.502212524 24.0478820801 57.2407836914
obstacle
0.175596579909
155.42401123 224.610641479 64.0932922363 33.2581634521
obstacle
0.175393551588
206.028076172 147.349121094 40.4209289551 17.7598571777
obstacle
0.175332069397
125.423141479 183.679122925 38.470123291 17.986328125
obstacle
0.175231635571
185.386276245 193.800491333 41.5599365234 22.6875
obstacle
0.174292400479
138.198364258 204.586242676 23.1133422852 49.8486328125
obstacle
0.174114719033
201.928146362 184.855331421 22.2908325195 56.2095947266
obstacle
0.174018666148
177.156066895 211.044235229 42.675567627 20.5859680176
obstacle
0.173953056335
138.257781982 193.258377075 39.1195373535 18.9783325195
obstacle
0.173817813396
209.215621948 138.29624939 25.6303405762 52.5674438477
obstacle
0.173811852932
209.388656616 175.941238403 70.6081085205 32.3180236816
obstacle
0.173780113459
158.393035889 202.551773071 118.41696167 54.3325195312
obstacle
0.173689827323
222.004226685 191.670562744 68.9517364502 32.8482971191
obstacle
0.173478409648
148.185272217 184.626663208 37.6081237793 19.8862304688
obstacle
0.173297435045
226.050582886 216.619430542 67.6439971924 32.791015625
obstacle
0.17324000597
206.418304443 193.874053955 39.1149597168 17.4663696289
obstacle
0.172878026962
146.817596436 188.290313721 23.0327758789 53.8869934082
obstacle
0.172704055905
175.346176147 195.60218811 21.0173950195 58.253112793
obstacle
0.172488972545
162.239456177 157.19367981 41.7811889648 20.6604309082
obstacle
0.172406256199
206.737091064 167.3777771 39.9244995117 17.8619689941
obstacle
0.1721021384
213.537109375 167.594650269 23.347076416 52.7314453125
obstacle
0.171231672168
229.01335144 158.115432739 24.3006286621 50.1198730469
obstacle
0.170784652233
193.62840271 175.650054932 42.2295227051 22.1621704102
obstacle
0.170547202229
168.022674561 186.458724976 42.2120056152 21.4441833496
obstacle
0.163835883141
144.09072876 175.724685669 37.0322875977 18.6585998535
obstacle
0.163646101952
71.674331665 130.907592773 119.257568359 45.8671875
obstacle
0.163633540273
210.324447632 205.192672729 22.4866333008 46.671081543
obstacle
0.163475379348
227.345184326 192.024871826 24.6461486816 49.8210144043
