obstacle
0.184593603015
229.94442749 120.284851074 176.912841797 93.1445617676
obstacle
0.183270677924
214.569793701 149.326416016 73.5653076172 36.028503418
obstacle
0.183101281524
5.70952987671 0.0 85.7854309082 62.864654541
obstacle
0.181955516338
206.078231812 119.629333496 110.936019897 48.2353820801
obstacle
0.181783184409
423.295532227 0.0 76.7044677734 52.7335739136
obstacle
0.180706292391
4.31364822388 34.7002601624 63.7202110291 50.703868866
obstacle
0.180624812841
6.88571929932 28.6987495422 131.076385498 99.9723052979
obstacle
0.180333405733
296.459197998 141.129562378 26.6001586914 52.1099243164
obstacle
0.179566279054
235.400115967 130.218109131 25.4193725586 59.451171875
obstacle
0.179530352354
302.619720459 153.017547607 74.2136230469 34.3063354492
obstacle
0.179301694036
247.84085083 182.626907349 103.07598877 82.5767974854
obstacle
0.179242759943
3.65131378174 303.821655273 65.4216842651 29.1783447266
obstacle
0.179116472602
156.016601562 276.726898193 172.256866455 56.2731018066
obstacle
0.178849563003
1.58927726746 0.183734893799 64.3457641602 17.8563232422
obstacle
0.178808301687
272.036346436 113.68208313 115.233337402 48.3379516602
obstacle
0.178685948253
422.670532227 277.665618896 77.3294677734 55.3343811035
obstacle
0.178089261055
219.855239868 149.291885376 37.9007720947 18.991607666
obstacle
0.177779614925
189.472244263 154.22706604 100.320114136 87.1502990723
obstacle
0.17758256197
255.654281616 138.277496338 24.7725982666 51.9974975586
obstacle
0.177312538028
7.50813674927 271.550964355 106.998596191 61.4490356445
obstacle
0.177307009697
316.370361328 164.174362183 39.9937133789 18.1234130859
obstacle
0.177298083901
272.246520996 167.277450562 44.1012573242 24.774017334
obstacle
0.177197098732
302.768127441 218.528717041 22.3312988281 49.1839294434
obstacle
0.17701973021
1.97359848022 57.9673118591 58.6211738586 89.3177490234
obstacle
0.176946416497
336.268737793 177.419174194 26.225402832 48.0735168457
obstacle
0.176823064685
7.889793396 109.11038208 108.233451843 83.9821472168
obstacle
0.176394253969
275.079376221 218.446289062 23.0548706055 48.8358764648
obstacle
0.176331281662
213.914520264 142.005722046 28.0653686523 58.8779602051
obstacle
0.176144748926
273.71862793 148.195785522 45.2376098633 19.6762390137
obstacle
0.175743892789
303.793182373 202.548171997 68.9550170898 34.2138366699
obstacle
0.17552793026
316.167785645 143.164031982 24.748046875 50.6354064941
obstacle
0.175300776958
141.47277832 124.680107117 120.475799561 52.3472976685
obstacle
0.175217732787
261.08215332 195.414581299 25.2551879883 56.6782836914
obstacle
0.175073504448
212.767211914 166.474502563 40.548614502 20.0500183105
obstacle
0.174725875258
333.681549072 143.455688477 74.8039550781 35.0030212402
obstacle
0.174646705389
318.348388672 206.259979248 23.9533691406 48.6679382324
obstacle
0.174472972751
248.228439331 155.724975586 22.17237854 53.9030761719
obstacle
0.174322098494
291.653808594 174.500946045 40.9948730469 24.3565979004
obstacle
0.174246579409
344.987670898 186.554794312 64.408996582 34.5420227051
obstacle
0.174192383885
270.531066895 158.192474365 26.9631347656 60.8657531738
obstacle
0.17411673069
305.117584229 178.520874023 115.961120605 90.1435852051
obstacle
0.174029573798
282.065765381 192.135498047 63.4098510742 35.1174621582
obstacle
0.173890009522
260.996002197 174.90914917 16.8914794922 28.5736083984
obstacle
0.173750594258
217.958984375 173.79095459 23.5589904785 49.1970825195
obstacle
0.173626318574
314.08291626 184.163986206 40.061340332 19.046081543
obstacle
0.173596292734
249.316757202 159.866760254 38.2108917236 18.2422485352
obstacle
0.173438176513
333.374816895 169.002807617 74.3941650391 34.7934265137
obstacle
0.173278346658
241.713684082 168.069961548 39.6547241211 18.1710205078
obstacle
0.173004940152
262.064208984 203.60949707 38.981262207 21.0299377441
obstacle
0.172772720456
253.638946533 192.097335815 39.0103759766 21.7923278809
obstacle
0.172316670418
282.437774658 192.63130188 23.3874511719 57.9883422852
obstacle
0.172240480781
291.495056152 176.592987061 23.3795166016 59.4608154297
obstacle
0.171629935503
239.430862427 174.163665771 21.6410369873 50.9686889648
obstacle
0.17119179666
308.955718994 179.436126709 23.5123901367 58.4598693848
obstacle
0.169900521636
0.0 272.81842041 45.4438934326 53.2153930664
obstacle
0.167916759849
271.744842529 184.493225098 43.8204956055 23.8811035156
obstacle
0.166776582599
205.338821411 160.685821533 26.503692627 56.889465332
obstacle
0.165667355061
313.585449219 173.511108398 43.9367675781 19.5372009277
obstacle
0.165374204516
228.942565918 153.677932739 21.4865722656 60.6409301758
