obstacle
0.185316443443
147.019592285 32.0585899353 105.416809082 95.0676727295
obstacle
0.18404750526
179.848403931 54.0056381226 52.1455383301 36.8483276367
obstacle
0.183637231588
250.906463623 31.9454498291 163.505187988 97.3645629883
obstacle
0.183453053236
245.984375 57.7016525269 57.4009399414 35.1755218506
obstacle
0.181689783931
172.719177246 122.484695435 111.388519287 46.7421569824
obstacle
0.181201353669
22.7469024658 132.592437744 170.387786865 83.917388916
obstacle
0.181127876043
335.538146973 57.4467506409 59.8193359375 35.2122459412
obstacle
0.1804163903
107.317672729 130.680236816 75.7635498047 36.1663208008
obstacle
0.180135756731
238.189285278 132.89012146 25.849105835 51.2337036133
obstacle
0.180131971836
120.121391296 128.595275879 23.9457168579 57.4234008789
obstacle
0.180008664727
174.295349121 122.18296051 24.1677246094 55.1223068237
obstacle
0.179504707456
136.861083984 108.876083374 93.2387084961 85.8373413086
obstacle
0.179042682052
81.1751556396 143.880645752 71.2522735596 36.2527160645
obstacle
0.178679704666
123.281898499 147.23425293 42.2236557007 22.7464599609
obstacle
0.178485676646
237.133987427 68.9528274536 42.131942749 19.7575531006
obstacle
0.178365141153
156.391876221 129.40473938 24.0012817383 54.9774780273
obstacle
0.178308203816
194.44152832 119.592842102 23.1363220215 59.6625900269
obstacle
0.178193569183
229.167922974 168.013504028 44.441116333 19.1796264648
obstacle
0.178167209029
219.421127319 122.153465271 25.1997070312 55.0586929321
obstacle
0.178154334426
197.441314697 126.290283203 181.453125 75.3607177734
obstacle
0.178138196468
271.78515625 66.0057220459 61.2559814453 36.770324707
obstacle
0.177059695125
100.397163391 140.857025146 199.636627197 91.2265319824
obstacle
0.176589623094
161.623092651 159.512695312 68.4585571289 36.0570373535
obstacle
0.17597489059
102.122512817 137.783752441 23.0579681396 58.1838684082
obstacle
0.175842449069
167.511413574 139.799850464 41.9412841797 20.6331787109
obstacle
0.175777420402
263.872497559 142.487518311 22.9553222656 53.6066589355
obstacle
0.175485476851
239.787399292 156.344604492 43.2087249756 20.4536743164
obstacle
0.175374910235
186.041702271 76.7586898804 20.8424987793 55.6195907593
obstacle
0.175347134471
185.336196899 152.672393799 21.5337219238 57.5946350098
obstacle
0.175108656287
131.944030762 156.660217285 44.8162231445 21.9356079102
obstacle
0.17505787313
327.493499756 61.76121521 23.9624023438 56.4993743896
obstacle
0.174974158406
235.978057861 146.441040039 41.0628662109 18.4819030762
obstacle
0.174909740686
212.648391724 157.232391357 44.2789611816 21.4311828613
obstacle
0.174881786108
228.914749146 149.855194092 23.1510314941 61.4467468262
obstacle
0.174865871668
246.752746582 156.723480225 22.479675293 60.4774169922
obstacle
0.174752965569
257.899169922 78.2277297974 20.5426025391 58.3790359497
obstacle
0.174742296338
207.103652954 66.3548431396 97.7704315186 85.0547637939
obstacle
0.174598932266
256.522155762 151.325881958 64.4748535156 34.1509094238
obstacle
0.174568653107
308.113922119 69.2177352905 41.0189208984 18.5860137939
obstacle
0.174559757113
163.690765381 81.0253143311 37.4433288574 19.4255828857
obstacle
0.174514979124
96.2236404419 167.502075195 42.6220932007 18.4935302734
obstacle
0.17405167222
253.880523682 80.9427337646 39.2341308594 20.1404418945
obstacle
0.173954308033
131.29536438 140.465682983 21.9012451172 57.1689147949
obstacle
0.173915356398
114.332229614 154.534988403 20.8344116211 56.6823120117
obstacle
0.173902288079
202.716110229 143.82321167 23.029510498 57.3369140625
obstacle
0.173882395029
194.758499146 139.900299072 43.3187561035 22.7493896484
obstacle
0.173593103886
151.154891968 149.58706665 45.0716247559 20.6899414062
obstacle
0.172990307212
177.742477417 147.474716187 43.2005615234 23.0049743652
obstacle
0.172951459885
166.696273804 152.35546875 21.6503601074 58.2861633301
obstacle
0.172557011247
195.540206909 64.0106735229 64.2781219482 40.3141937256
obstacle
0.172288045287
150.101547241 167.17880249 41.9765930176 18.8110046387
obstacle
0.170855298638
170.887130737 71.6091918945 41.9412841797 18.0333862305
obstacle
0.166850805283
302.993560791 65.7203903198 72.37109375 36.2289886475
obstacle
0.16636826098
208.820800781 169.620834351 41.8639221191 19.2380981445
obstacle
0.166020154953
148.897247314 144.280441284 21.6084289551 57.7507324219
obstacle
0.164504513144
219.698318481 153.357376099 110.319137573 88.6335754395
obstacle
0.162212997675
266.385620117 58.8698387146 24.5791015625 68.7817077637
