obstacle
0.184668645263
155.818222046 135.45022583 190.991409302 76.3521728516
obstacle
0.183299541473
115.058639526 154.434799194 92.9593200684 90.2991027832
obstacle
0.18253493309
165.872192383 165.404083252 72.921295166 40.4371948242
obstacle
0.181720554829
252.730712891 131.284210205 203.969055176 84.5172729492
obstacle
0.18154835701
196.827865601 161.004104614 24.8013916016 57.0036010742
obstacle
0.180803105235
277.988861084 154.671646118 88.196472168 83.459197998
obstacle
0.180480614305
269.351867676 161.80128479 24.73046875 56.0216369629
obstacle
0.180039584637
250.394943237 150.606399536 25.2711639404 56.2480773926
obstacle
0.179764807224
209.980667114 158.77041626 73.8993377686 37.8318786621
obstacle
0.179144203663
168.42237854 157.911483765 24.6629638672 55.7518615723
obstacle
0.179120197892
333.179870605 150.654800415 24.3118286133 56.893737793
obstacle
0.178757727146
314.559783936 160.081375122 71.8035888672 37.5077209473
obstacle
0.178718566895
169.147384644 189.609069824 65.7283630371 38.4381408691
obstacle
0.178148150444
206.839691162 177.730194092 46.1591491699 24.1998901367
obstacle
0.177856564522
251.880889893 162.178192139 71.7456665039 37.5657958984
obstacle
0.177793338895
250.100646973 174.299987793 181.23840332 98.5667114258
obstacle
0.177587538958
271.619232178 192.341018677 65.1849365234 37.3693847656
obstacle
0.177237004042
252.424377441 196.270431519 47.580078125 21.981262207
obstacle
0.177229464054
293.671691895 208.151855469 58.6242675781 36.4643859863
obstacle
0.177111208439
263.154907227 186.723220825 46.2676391602 22.6430053711
obstacle
0.176869928837
349.617736816 184.466888428 122.391967773 51.3202819824
obstacle
0.176612988114
233.042449951 159.211212158 24.5449829102 59.5851745605
obstacle
0.176494657993
141.931121826 173.949951172 177.107055664 106.521057129
obstacle
0.176192522049
160.650726318 176.97164917 24.0888671875 64.6536560059
obstacle
0.176097750664
287.2472229 159.938690186 23.0315551758 56.9917602539
obstacle
0.176033914089
143.584991455 198.370742798 44.2919006348 20.9779663086
obstacle
0.175933092833
247.133499146 206.917877197 46.4350128174 21.2551269531
obstacle
0.17590045929
258.192657471 178.010772705 23.1169433594 56.6832275391
obstacle
0.175816476345
306.765960693 162.145202637 24.0712890625 58.9845581055
obstacle
0.175801470876
269.498321533 193.430130005 21.3343505859 57.7443847656
obstacle
0.175695076585
378.997344971 188.086807251 44.1831665039 20.8567504883
obstacle
0.175469070673
325.274963379 189.295608521 63.8746337891 39.477935791
obstacle
0.175354734063
317.696228027 188.176330566 45.3385009766 22.6015014648
obstacle
0.175208583474
323.650970459 174.783325195 23.1027832031 55.6786499023
obstacle
0.174978554249
235.258728027 187.608520508 45.3881835938 21.8311462402
obstacle
0.174818277359
242.008132935 182.668807983 22.2908782959 59.0231323242
obstacle
0.174754023552
188.327667236 189.999542236 22.1560974121 60.6288452148
obstacle
0.174718871713
160.219985962 187.233001709 49.149017334 22.506439209
obstacle
0.174458011985
140.987213135 167.750869751 24.2849121094 62.0675354004
obstacle
0.174372047186
204.051361084 197.207229614 46.4456481934 20.5027160645
obstacle
0.174076527357
299.646881104 179.356231689 43.2176513672 23.1016845703
obstacle
0.173983186483
288.10824585 192.88949585 21.8477783203 55.3643493652
obstacle
0.173115044832
157.275299072 207.081161499 47.0701904297 20.4925537109
obstacle
0.172389686108
135.825256348 186.701004028 41.6480712891 21.7328491211
obstacle
0.171832382679
216.281677246 169.805419922 23.7297973633 58.9717712402
obstacle
0.170987904072
243.657165527 172.526824951 45.3917236328 21.5561828613
obstacle
0.169730678201
334.720336914 174.128540039 75.5693969727 35.2592773438
obstacle
0.168157488108
343.338500977 165.083007812 24.2604980469 54.0989990234
obstacle
0.164045378566
229.650054932 199.336730957 44.4598083496 20.5608825684
obstacle
0.162392422557
199.637115479 197.171661377 21.8792114258 56.5784301758
