obstacle
0.188044831157
38.9932022095 156.613739014 179.745117188 84.6022949219
obstacle
0.183251827955
146.371520996 125.136581421 92.6181335449 97.1775817871
obstacle
0.180667996407
90.7328643799 145.750213623 126.252960205 48.639465332
obstacle
0.180571183562
159.740188599 176.138763428 63.1243591309 37.1295776367
obstacle
0.179857090116
55.1393814087 105.790740967 202.317901611 78.1963806152
obstacle
0.179816246033
191.167877197 132.418792725 23.4208984375 55.0634155273
obstacle
0.179741963744
167.022872925 164.839233398 44.3268127441 21.9943847656
obstacle
0.179346382618
183.891403198 153.26449585 67.8504333496 39.3379821777
obstacle
0.179320544004
139.775192261 139.296234131 24.3388366699 55.0926513672
obstacle
0.178616583347
109.736457825 141.497879028 24.1393508911 54.260345459
obstacle
0.178424522281
5.79010772705 0.0 84.1921691895 62.3612518311
obstacle
0.178230434656
201.55657959 157.159439087 24.6658325195 53.1949768066
obstacle
0.178082719445
190.670547485 175.043899536 43.4884033203 20.3847045898
obstacle
0.178076177835
7.56280136108 285.097045898 94.6499481201 47.9029541016
obstacle
0.17802593112
175.048431396 185.920440674 22.4914550781 50.8186035156
obstacle
0.177926048636
201.94317627 151.410720825 114.026733398 89.8667297363
obstacle
0.177755117416
219.501251221 174.071792603 21.3812561035 51.4833679199
obstacle
0.177660062909
76.3494262695 161.025695801 71.7252044678 36.4322509766
obstacle
0.177532061934
204.043365479 185.464920044 41.3035888672 19.0521850586
obstacle
0.177414909005
140.79977417 166.258666992 43.2631225586 22.2958984375
obstacle
0.177363172174
115.811836243 165.892593384 41.9803543091 22.618927002
obstacle
0.17732411623
156.557037354 149.351486206 24.2046203613 56.7728881836
obstacle
0.177313372493
91.8339309692 149.865402222 24.4562072754 52.780456543
obstacle
0.176939129829
15.6004867554 146.483825684 109.697937012 46.8522338867
obstacle
0.176667451859
154.65788269 193.688232422 42.4089355469 18.406463623
obstacle
0.176624774933
181.578781128 132.166275024 71.3363342285 34.9670410156
obstacle
0.176297605038
189.750823975 149.500854492 40.3516235352 19.3898925781
obstacle
0.176186040044
211.160293579 172.56880188 58.737197876 34.877532959
obstacle
0.175852999091
84.4056396484 172.381408691 22.7968139648 55.7364196777
obstacle
0.175752401352
121.531188965 172.209365845 65.2671813965 39.0705566406
obstacle
0.175687655807
149.894515991 157.02645874 43.0876464844 21.5557556152
obstacle
0.17554064095
212.445404053 165.403366089 41.4526062012 18.4524230957
obstacle
0.175453051925
148.878692627 186.970993042 21.8319091797 50.7850341797
obstacle
0.17529822886
122.5809021 150.797622681 40.3858337402 20.6913452148
obstacle
0.175190120935
191.729354858 188.767333984 22.8445129395 50.4901428223
obstacle
0.175127372146
86.8686523438 184.903244019 42.5095825195 19.0246276855
obstacle
0.174937769771
203.924789429 155.741149902 40.9696044922 18.0676574707
obstacle
0.174070686102
139.647583008 171.310958862 21.1584472656 54.9085998535
obstacle
0.174001544714
104.589248657 171.550445557 21.2871398926 55.958404541
obstacle
0.173911586404
165.153900146 150.032226562 40.305847168 17.9907531738
obstacle
0.173821434379
122.113357544 170.298660278 21.6014404297 56.1683044434
obstacle
0.173228725791
113.293136597 184.546478271 42.4677734375 19.6668395996
obstacle
0.16877938807
77.523727417 176.048233032 41.9239959717 18.426940918
obstacle
0.166537031531
137.37272644 176.785583496 116.073059082 85.4169311523
obstacle
0.165560588241
44.2401618958 129.686218262 115.865447998 44.2721252441
obstacle
0.164622560143
130.416412354 152.330230713 22.9977416992 57.7506103516
obstacle
0.163351535797
173.854629517 147.013412476 23.8761901855 56.1969604492
