obstacle
0.186778247356
457.911956787 9.92628097534 19.7297973633 41.6399269104
obstacle
0.186515167356
396.186035156 0.0 93.2964477539 67.1726837158
obstacle
0.185175582767
433.832427979 8.03176879883 19.6742553711 42.4246826172
obstacle
0.184838309884
417.706298828 8.82772636414 19.8709106445 41.7510375977
obstacle
0.183934554458
401.733062744 9.03633308411 20.0480957031 41.3434906006
obstacle
0.183596208692
303.870574951 0.0612049102783 138.07824707 52.8258209229
obstacle
0.18336057663
377.860321045 8.6917591095 20.1153564453 41.7853317261
obstacle
0.18333171308
16.8782424927 0.561882019043 99.9201507568 67.7879257202
obstacle
0.182663872838
361.822265625 9.06042480469 20.1332397461 41.7880363464
obstacle
0.182026937604
4.03293991089 3.76818275452 76.8194732666 29.6841945648
obstacle
0.181497976184
479.354370117 1.40233802795 20.6456298828 45.6550750732
obstacle
0.181426927447
82.1851501465 78.2618865967 92.2793426514 46.9903564453
obstacle
0.181413829327
161.19682312 95.9568786621 93.4292297363 43.8571014404
obstacle
0.181309506297
136.697921753 59.9769477844 168.237258911 86.8768005371
obstacle
0.180674731731
13.2063789368 255.981414795 70.5718383789 25.0185852051
obstacle
0.180432617664
161.44720459 118.313591003 103.338684082 44.8843612671
obstacle
0.180376365781
3.02819824219 75.9580841064 69.0132293701 31.1752929688
obstacle
0.180313527584
323.406311035 234.121383667 159.504638672 46.878616333
obstacle
0.180205017328
151.469848633 0.0749034881592 137.856231689 51.7133178711
obstacle
0.180176839232
231.940765381 0.137796401978 134.913085938 54.0315475464
obstacle
0.180148258805
21.1841506958 80.1363525391 95.5272064209 46.7757873535
obstacle
0.180129230022
119.02936554 92.8163604736 152.125915527 112.007904053
obstacle
0.180082261562
435.307495117 70.188583374 64.6925048828 55.1245880127
obstacle
0.179965376854
241.799377441 82.3366699219 96.1182250977 49.8910064697
obstacle
0.179826050997
3.84242248535 27.4889678955 72.1436538696 30.3075561523
obstacle
0.17971599102
237.026077271 231.731430054 156.883102417 49.2685699463
obstacle
0.179568320513
3.51457595825 52.1984558105 71.9392547607 30.6527557373
obstacle
0.179443761706
89.4628143311 0.00740051269531 102.554962158 68.4526519775
obstacle
0.179356589913
3.46955490112 33.1197013855 101.766174316 77.2035827637
obstacle
0.17934975028
2.84069061279 196.914291382 52.6722106934 43.7823791504
obstacle
0.179137706757
429.039581299 90.2400665283 70.9604187012 109.132293701
obstacle
0.178993523121
3.5319442749 218.055099487 57.8437538147 50.2651519775
obstacle
0.178963899612
47.7660369873 232.705078125 158.823028564 48.294921875
obstacle
0.178918883204
431.57522583 208.544433594 68.4247741699 52.0943603516
obstacle
0.178888067603
1.58448791504 0.0554351806641 43.2337799072 20.1012992859
obstacle
0.178767845035
2.21199035645 89.1038894653 46.41355896 43.9217453003
obstacle
0.178630754352
5.10437011719 111.00453186 87.4993896484 74.9939880371
obstacle
0.178538098931
2.86779212952 172.256591797 52.3881454468 43.650177002
obstacle
0.17852114141
25.7214012146 219.411804199 95.548828125 49.7160339355
obstacle
0.178432583809
69.0343399048 100.247428894 100.806022644 86.8321914673
obstacle
0.178094416857
180.189422607 133.829421997 39.010925293 18.3024597168
obstacle
0.177720218897
2.54283905029 146.676223755 52.5269241333 43.2984619141
obstacle
0.177639663219
238.120529175 110.312515259 60.7595977783 28.7291717529
obstacle
0.177594825625
214.596542358 221.619796753 94.0142974854 49.5332794189
obstacle
0.177583783865
107.505432129 97.8401107788 105.385528564 50.8735122681
obstacle
0.177569419146
189.086364746 119.65032196 21.5135192871 54.1020278931
obstacle
0.177234783769
168.172485352 149.265563965 92.7790527344 77.1715393066
obstacle
0.177121922374
150.120635986 217.610610962 92.3232421875 50.1875457764
obstacle
0.177090674639
474.274505615 257.59777832 25.7254943848 23.4022216797
obstacle
0.17691360414
191.792572021 163.245895386 19.8729858398 42.1118164062
obstacle
0.176861062646
6.89577865601 150.276901245 94.3312835693 73.5922546387
obstacle
0.176588252187
203.062652588 111.44442749 100.740936279 85.4765014648
obstacle
0.176552072167
219.206695557 135.373291016 69.6106262207 30.1131286621
obstacle
0.175509393215
2.74504852295 120.924865723 59.1419143677 32.3429870605
obstacle
0.175333946943
204.310684204 132.19972229 22.4782104492 35.4405822754
obstacle
0.174677908421
97.5696563721 119.269615173 56.1116485596 28.6938400269
obstacle
0.174574062228
169.907577515 145.016525269 21.7648925781 48.0730285645
obstacle
0.174564301968
208.48651123 153.893737793 19.1942138672 38.3410949707
obstacle
0.173930317163
181.780090332 144.789596558 34.0210266113 19.0532836914
obstacle
0.168210908771
182.191467285 141.856903076 19.2858581543 56.2719116211
obstacle
0.166043147445
447.700592041 235.438140869 52.299407959 45.5618591309
obstacle
0.165537849069
150.190216064 70.8422317505 93.7668457031 43.7571868896
