obstacle
0.186879351735
419.537597656 1.47783470154 80.4624023438 56.8971710205
obstacle
0.186715304852
62.7642211914 37.2366256714 196.320922852 111.462806702
obstacle
0.186701253057
367.002197266 27.4024734497 132.997802734 139.123382568
obstacle
0.18332105875
459.864196777 69.2220153809 40.1358032227 37.0567169189
obstacle
0.183180838823
237.064941406 115.651428223 217.031860352 87.4980163574
obstacle
0.183007240295
7.5545425415 0.430896759033 93.4376831055 73.1225280762
obstacle
0.182019934058
107.722961426 75.4842376709 65.3872070312 35.7824707031
obstacle
0.181856319308
219.108795166 139.67086792 103.618286133 99.4073791504
obstacle
0.180827826262
62.1678009033 100.499069214 124.965438843 54.5249633789
obstacle
0.180801525712
1.91060638428 0.37088394165 77.4601135254 21.693775177
obstacle
0.180614441633
105.374313354 69.1416473389 29.7933807373 69.8765716553
obstacle
0.180464103818
6.18054962158 306.934204102 106.295814514 68.0657958984
obstacle
0.179572418332
80.1527175903 128.630142212 136.512115479 56.9461364746
obstacle
0.179565504193
89.7283782959 86.7902297974 42.4074859619 20.7309570312
obstacle
0.1788957268
183.137802124 116.906738281 130.823623657 57.7937011719
obstacle
0.178748503327
323.055603027 62.256362915 125.23034668 63.722442627
obstacle
0.178528353572
73.5459442139 153.360061646 120.246673584 91.6739196777
obstacle
0.178262591362
232.030807495 167.333831787 69.8546295166 37.8441467285
obstacle
0.178255945444
193.946594238 173.740661621 206.31439209 126.562713623
obstacle
0.178191155195
254.716705322 147.710205078 86.2478637695 38.9659729004
obstacle
0.177400648594
265.057098389 148.719970703 41.5972290039 22.2255859375
obstacle
0.177179813385
2.46029281616 343.906158447 58.0838088989 31.0938415527
obstacle
0.177021667361
369.386535645 157.803253174 75.7905883789 39.8579711914
obstacle
0.176548421383
295.782470703 140.029464722 28.5818481445 60.7915039062
obstacle
0.176442250609
113.895744324 119.036865234 28.865776062 65.5583190918
obstacle
0.176308184862
317.625579834 137.265716553 28.1795654297 62.0103759766
obstacle
0.176083579659
314.19342041 140.061950684 82.3735961914 41.3948059082
obstacle
0.175966992974
276.478790283 180.544113159 25.4211425781 53.4016723633
obstacle
0.17587056756
442.526184082 78.1934890747 46.2601318359 17.6061401367
obstacle
0.175831720233
122.763893127 146.418930054 45.4603805542 22.3912963867
obstacle
0.175627917051
292.488037109 148.639434814 45.5822143555 20.2455444336
obstacle
0.175483733416
294.378112793 177.733596802 18.3930053711 29.6168518066
obstacle
0.175368189812
252.682403564 188.867507935 17.4507446289 31.8480834961
obstacle
0.175332903862
348.973144531 156.743881226 25.9572143555 61.2734680176
obstacle
0.175288259983
256.287384033 198.566268921 44.6273803711 19.154876709
obstacle
0.175226181746
389.736450195 85.1643371582 76.7167358398 41.6662750244
obstacle
0.175060331821
264.850524902 202.81539917 72.4140625 37.6262512207
obstacle
0.174872010946
298.850189209 157.807373047 45.7125854492 23.5044250488
obstacle
0.174827292562
110.32131958 156.401992798 72.1178283691 40.3408508301
obstacle
0.174773514271
224.917007446 178.437469482 45.2804718018 19.4966430664
obstacle
0.174688503146
270.554260254 149.270187378 121.351989746 88.142578125
obstacle
0.174590826035
105.386222839 140.809738159 28.0784225464 67.8372802734
obstacle
0.174532637
128.231124878 163.365936279 26.448059082 61.9702453613
obstacle
0.174478977919
243.740356445 157.913848877 45.2294311523 20.8848876953
obstacle
0.174013525248
245.477096558 208.84324646 42.9129180908 19.0715332031
obstacle
0.173866137862
481.053894043 90.8558959961 18.946105957 65.7097930908
obstacle
0.173851698637
325.819976807 166.470703125 48.0484008789 23.0466308594
obstacle
0.173791795969
317.372375488 179.519668579 44.305480957 21.7139282227
obstacle
0.173649102449
278.098632812 168.015563965 47.8959350586 21.0028076172
obstacle
0.173507139087
103.896598816 169.329391479 43.3260421753 22.1575317383
obstacle
0.173035219312
317.856811523 172.003417969 25.7302856445 65.1787109375
obstacle
0.17298977077
143.835891724 156.125610352 18.0990905762 32.1885986328
obstacle
0.172861769795
314.910827637 176.061981201 17.4617919922 32.4151916504
obstacle
0.17284296453
96.5561752319 146.312545776 44.6920852661 24.5459594727
obstacle
0.172656238079
340.199615479 175.268310547 25.0755004883 58.6694335938
obstacle
0.172522574663
257.86932373 184.82321167 25.5267944336 65.1102905273
obstacle
0.172211036086
438.391387939 90.8032836914 45.460144043 18.6749725342
obstacle
0.172205492854
273.099609375 176.839126587 17.8214111328 30.3070678711
obstacle
0.171947821975
330.536804199 168.453735352 77.9235839844 41.9225769043
obstacle
0.171904653311
297.614929199 172.21736145 25.6594238281 57.2897033691
obstacle
0.171685501933
273.272338867 158.495376587 18.0897827148 30.7521362305
obstacle
0.171659186482
353.297332764 167.551986694 44.4249267578 18.1096496582
obstacle
0.171463906765
263.569671631 176.855560303 49.8181152344 18.678894043
obstacle
0.170726016164
465.693084717 91.6789093018 34.3069152832 22.0363464355
obstacle
0.170695275068
333.755157471 156.25012207 46.1366577148 20.4583129883
obstacle
0.17057313025
445.969207764 76.4461975098 54.0307922363 87.4324951172
obstacle
0.166195988655
283.311523438 163.050857544 67.075012207 46.3471374512
obstacle
0.165972292423
292.639251709 151.149475098 17.2781982422 30.4405517578
obstacle
0.165418893099
337.843078613 140.828262329 28.0213623047 60.9295959473
obstacle
0.164477884769
237.494842529 187.268264771 45.3767700195 21.3883056641
