obstacle
0.184205412865
5.84991073608 0.0 83.9190216064 70.6858215332
obstacle
0.183885425329
5.46723556519 48.8854446411 110.890640259 85.9384384155
obstacle
0.182939007878
205.948638916 120.01915741 176.358886719 103.575172424
obstacle
0.182349845767
419.953979492 0.0 80.0460205078 51.3095932007
obstacle
0.181260123849
2.19462966919 0.252959251404 74.9379272461 19.8619308472
obstacle
0.180597662926
208.780700684 229.643280029 104.135192871 92.2240600586
obstacle
0.180529162288
238.559509277 167.467636108 118.004760742 90.3136749268
obstacle
0.179320916533
270.932525635 231.426116943 108.910095215 92.1960449219
obstacle
0.179295539856
131.499908447 184.932678223 171.169372559 106.396118164
obstacle
0.179157778621
290.69619751 151.063476562 113.354309082 50.3926696777
obstacle
0.17904676497
325.786987305 206.637069702 20.951965332 44.9186096191
obstacle
0.17854245007
4.16404724121 287.177093506 64.7513580322 60.8229064941
obstacle
0.178407326341
293.348327637 249.56829834 25.6287841797 49.625793457
obstacle
0.178185135126
171.911605835 183.759429932 109.785415649 49.6776123047
obstacle
0.178158521652
283.054321289 170.5652771 60.5882568359 35.7432861328
obstacle
0.178002864122
298.161499023 230.333633423 64.7358398438 34.2330169678
obstacle
0.177505925298
333.562469482 234.048156738 23.7483520508 64.0080566406
obstacle
0.177483350039
317.724121094 199.08380127 94.6890869141 95.4823608398
obstacle
0.177254915237
2.80070304871 209.6746521 55.2153320312 49.8424072266
obstacle
0.17722633481
315.506164551 183.468475342 71.494140625 36.5688476562
obstacle
0.177121147513
233.99810791 194.682723999 27.6169433594 47.5437316895
obstacle
0.177060484886
173.322189331 151.677001953 112.718643188 49.3324890137
obstacle
0.176970556378
4.56898117065 109.688446045 112.601913452 87.4945678711
obstacle
0.176941946149
329.758239746 260.319213867 18.6514282227 26.2286987305
obstacle
0.17668749392
2.98499107361 182.425949097 55.6480255127 50.0760498047
obstacle
0.176676034927
105.21194458 204.909255981 109.055938721 50.08203125
obstacle
0.176632016897
277.622680664 250.219497681 23.9008178711 47.6474456787
obstacle
0.176626339555
334.664337158 238.878936768 67.4240722656 34.7937927246
obstacle
0.176625579596
6.78709030151 241.99786377 106.619979858 84.0763549805
obstacle
0.176534548402
307.058654785 202.932388306 20.5825195312 50.9858398438
obstacle
0.1764960289
200.995544434 209.368118286 108.398498535 50.9797515869
obstacle
0.176463961601
225.897674561 228.984786987 25.5591430664 57.1426544189
obstacle
0.176304474473
319.82913208 195.470321655 18.6125488281 25.1919250488
obstacle
0.176271960139
2.97577285767 145.645248413 54.7955055237 49.2138366699
obstacle
0.176252290606
362.020111084 251.76322937 71.2673950195 36.3759307861
obstacle
0.176169678569
201.673828125 257.7315979 25.2328186035 54.1239013672
obstacle
0.176115125418
320.246582031 250.547149658 43.3187866211 21.795715332
obstacle
0.175880119205
233.722213745 186.788024902 69.6679229736 36.3538208008
obstacle
0.175802886486
6.41686248779 183.483825684 106.870117188 84.6885070801
obstacle
0.175787597895
248.985519409 246.806671143 23.1818084717 52.2204589844
obstacle
0.175756976008
196.745254517 239.450134277 67.2055206299 33.3592834473
obstacle
0.175719454885
262.255096436 214.703811646 81.7817382812 36.4386901855
obstacle
0.175655692816
293.205108643 171.963058472 23.1913452148 61.6506652832
obstacle
0.175370141864
240.716049194 230.104324341 43.4238433838 21.2943115234
obstacle
0.175365790725
312.570129395 244.322174072 23.841003418 60.1540527344
obstacle
0.175153329968
3.04901313782 107.710594177 51.6295852661 51.5101394653
obstacle
0.174902722239
348.735900879 258.490478516 17.8552856445 27.3503417969
obstacle
0.174681812525
313.799987793 174.316833496 22.4722900391 61.1733093262
obstacle
0.174604743719
332.706176758 186.751281738 23.1699829102 50.2957458496
obstacle
0.174453154206
217.327377319 256.713104248 17.7394104004 28.5559692383
obstacle
0.174411341548
352.471832275 242.35333252 24.0287475586 52.8882446289
obstacle
0.17439545691
189.532211304 242.486831665 27.0049133301 53.26612854
obstacle
0.174184605479
247.738464355 212.895843506 24.7421264648 57.62109375
obstacle
0.174107804894
310.436828613 253.047851562 17.3934326172 26.5178833008
obstacle
0.173862293363
406.426147461 288.701385498 93.5738525391 59.298614502
obstacle
0.173451796174
228.465927124 249.176208496 68.7291107178 36.0888671875
obstacle
0.173245549202
230.023956299 239.232925415 42.9607849121 19.6893157959
obstacle
0.17318174243
237.146224976 251.159317017 17.5238647461 27.2230072021
obstacle
0.172374978662
257.549316406 237.841690063 42.1452026367 18.7480773926
obstacle
0.172195211053
257.831542969 227.423873901 23.9319458008 57.3415985107
obstacle
0.17164863646
265.994354248 239.058303833 66.1774291992 37.6128997803
obstacle
0.169875636697
344.435150146 263.890533447 22.2899780273 55.4423828125
obstacle
0.167922586203
186.169784546 248.554199219 41.7641296387 19.0994873047
obstacle
0.167802453041
275.780212402 174.006866455 44.3464355469 18.1841125488
obstacle
0.165383428335
322.801177979 166.165008545 24.694152832 53.2770385742
obstacle
0.163422688842
309.935333252 193.710357666 18.306640625 26.0647583008
