obstacle
0.277590662241
137.0 69.0 300.0 245.0
obstacle
0.264163404703
43.0 3.0 336.0 330.0
obstacle
0.255740135908
276.0 0.0 181.0 145.0
obstacle
0.218364819884
74.0 23.0 42.0 31.0
obstacle
0.213651284575
148.0 0.0 131.0 142.0
obstacle
0.21196423471
36.0 18.0 38.0 39.0
obstacle
0.211647778749
344.0 0.0 156.0 152.0
obstacle
0.209145262837
0.0 0.0 147.0 114.0
obstacle
0.209090650082
216.0 167.0 218.0 54.0
obstacle
0.206084534526
142.0 0.0 358.0 243.0
obstacle
0.202984631062
112.0 25.0 41.0 28.0
obstacle
0.200624644756
215.0 0.0 153.0 129.0
obstacle
0.196475729346
381.0 23.0 44.0 33.0
obstacle
0.195291370153
31.0 47.0 47.0 34.0
obstacle
0.193326979876
229.0 178.0 193.0 82.0
obstacle
0.191305175424
0.0 124.0 150.0 209.0
obstacle
0.190693646669
110.0 0.0 127.0 157.0
obstacle
0.187391072512
337.0 26.0 49.0 26.0
obstacle
0.186614498496
149.0 27.0 44.0 24.0
obstacle
0.186417415738
0.0 0.0 390.0 135.0
obstacle
0.183812588453
69.0 51.0 47.0 27.0
obstacle
0.182366773486
31.0 101.0 469.0 124.0
obstacle
0.179454952478
301.0 26.0 45.0 25.0
obstacle
0.178199604154
180.0 149.0 320.0 127.0
obstacle
0.178154483438
141.0 161.0 218.0 69.0
obstacle
0.175950363278
0.0 60.0 351.0 109.0
obstacle
0.175559967756
373.0 90.0 127.0 243.0
obstacle
0.175390973687
422.0 25.0 40.0 35.0
obstacle
0.174551472068
36.0 71.0 36.0 37.0
obstacle
0.173787370324
128.0 234.0 246.0 99.0
obstacle
0.173135131598
188.0 29.0 40.0 22.0
obstacle
0.172575429082
0.0 21.0 36.0 36.0
obstacle
0.172527641058
394.0 0.0 106.0 238.0
obstacle
0.171372801065
110.0 0.0 44.0 26.0
obstacle
0.170061334968
305.0 2.0 37.0 26.0
obstacle
0.169668346643
177.0 106.0 158.0 173.0
obstacle
0.169638112187
74.0 75.0 40.0 29.0
obstacle
0.16820153594
287.0 175.0 213.0 158.0
obstacle
0.167615413666
151.0 3.0 40.0 24.0
obstacle
0.167510718107
0.0 47.0 36.0 33.0
obstacle
0.167202726007
0.0 35.0 259.0 106.0
obstacle
0.166088983417
0.0 0.0 98.0 172.0
obstacle
0.165224045515
263.0 0.0 132.0 92.0
obstacle
0.164615213871
427.0 0.0 73.0 107.0
obstacle
0.164294376969
244.0 0.0 89.0 100.0
obstacle
0.16362503171
80.0 24.0 323.0 76.0
obstacle
0.163387969136
129.0 177.0 164.0 131.0
obstacle
0.162993878126
0.0 220.0 120.0 113.0
obstacle
0.16266541183
268.0 3.0 35.0 27.0
obstacle
0.160178273916
110.0 77.0 42.0 23.0
obstacle
0.159969955683
419.0 49.0 48.0 33.0
obstacle
0.158913299441
86.0 105.0 188.0 179.0
obstacle
0.158586993814
31.0 152.0 204.0 83.0
obstacle
0.158523127437
320.0 161.0 163.0 70.0
obstacle
0.158408552408
0.0 0.0 33.0 32.0
obstacle
0.158097729087
89.0 0.0 169.0 89.0
obstacle
0.157899275422
108.0 53.0 45.0 22.0
obstacle
0.157753795385
305.0 74.0 40.0 25.0
obstacle
0.157592087984
264.0 41.0 130.0 107.0
obstacle
0.157446622849
123.0 37.0 315.0 100.0
obstacle
0.157137975097
218.0 241.0 220.0 92.0
obstacle
0.156054213643
0.0 140.0 348.0 103.0
obstacle
0.155839681625
65.0 237.0 219.0 96.0
obstacle
0.155340775847
144.0 54.0 49.0 21.0
obstacle
0.155239775777
425.0 208.0 34.0 22.0
obstacle
0.155063837767
71.0 0.0 43.0 27.0
obstacle
0.154849886894
244.0 61.0 172.0 119.0
obstacle
0.154612734914
6.0 4.0 184.0 172.0
obstacle
0.154412582517
143.0 40.0 141.0 159.0
obstacle
0.15392665565
0.0 268.0 203.0 65.0
obstacle
0.153105467558
266.0 94.0 197.0 101.0
obstacle
0.152837604284
191.0 5.0 36.0 23.0
obstacle
0.152706742287
265.0 27.0 41.0 25.0
obstacle
0.152704745531
256.0 3.0 149.0 225.0
obstacle
0.151829212904
344.0 0.0 38.0 29.0
obstacle
0.151211023331
371.0 0.0 129.0 70.0
obstacle
0.150538623333
36.0 0.0 37.0 32.0
obstacle
0.150009438396
269.0 78.0 37.0 17.0
obstacle
0.14976105094
170.0 17.0 166.0 201.0
obstacle
0.149647712708
310.0 0.0 106.0 123.0
obstacle
0.14961412549
229.0 4.0 35.0 26.0
obstacle
0.149555072188
385.0 0.0 37.0 29.0
obstacle
0.148985728621
382.0 49.0 42.0 30.0
obstacle
0.1487313658
156.0 181.0 188.0 77.0
obstacle
0.148052275181
426.0 0.0 37.0 30.0
obstacle
0.147109806538
205.0 0.0 90.0 98.0
obstacle
0.146665751934
45.0 51.0 324.0 73.0
obstacle
0.145918697119
0.0 74.0 35.0 31.0
obstacle
0.144305422902
50.0 268.0 388.0 65.0
obstacle
0.143840804696
213.0 141.0 228.0 58.0
obstacle
0.143425494432
0.0 130.0 321.0 203.0
obstacle
0.143286064267
58.0 0.0 376.0 62.0
obstacle
0.14207623899
47.0 34.0 177.0 171.0
obstacle
0.141815468669
300.0 121.0 200.0 139.0
obstacle
0.141507253051
349.0 155.0 31.0 26.0
obstacle
0.141107320786
166.0 0.0 308.0 96.0
obstacle
0.140957936645
147.0 136.0 208.0 68.0
obstacle
0.139999061823
57.0 185.0 154.0 118.0
obstacle
0.139074236155
418.0 68.0 47.0 42.0
obstacle
0.138080611825
226.0 28.0 39.0 25.0
obstacle
0.137329652905
61.0 130.0 226.0 79.0
obstacle
0.137286216021
422.0 129.0 78.0 81.0
obstacle
0.137264609337
0.0 106.0 138.0 125.0
obstacle
0.136574685574
423.0 235.0 34.0 21.0
obstacle
0.136202737689
280.0 196.0 168.0 98.0
obstacle
0.136193424463
2.0 98.0 32.0 32.0
obstacle
0.135925337672
0.0 23.0 154.0 241.0
obstacle
0.135852485895
195.0 310.0 33.0 23.0
obstacle
0.135109052062
197.0 180.0 177.0 127.0
obstacle
0.135107085109
461.0 179.0 39.0 28.0
obstacle
0.134517922997
28.0 167.0 141.0 104.0
obstacle
0.134144484997
143.0 204.0 355.0 121.0
obstacle
0.133858457208
165.0 100.0 171.0 90.0
obstacle
0.13378046453
305.0 50.0 41.0 24.0
obstacle
0.133109986782
273.0 261.0 227.0 72.0
obstacle
0.132739514112
93.0 171.0 158.0 93.0
obstacle
0.13273692131
156.0 309.0 34.0 24.0
obstacle
0.132690250874
460.0 47.0 40.0 34.0
obstacle
0.132370710373
204.0 31.0 91.0 128.0
obstacle
0.13233833015
93.0 95.0 165.0 99.0
obstacle
0.132294952869
116.0 309.0 37.0 24.0
obstacle
0.132191762328
181.0 203.0 138.0 130.0
obstacle
0.132100880146
354.0 207.0 23.0 24.0
obstacle
0.131917208433
311.0 309.0 32.0 24.0
obstacle
0.131487205625
147.0 78.0 43.0 20.0
obstacle
0.13125769794
107.0 40.0 140.0 208.0
obstacle
0.130589306355
317.0 42.0 176.0 153.0
obstacle
0.130472391844
79.0 100.0 34.0 28.0
obstacle
0.12990874052
420.0 215.0 80.0 112.0
obstacle
0.129879415035
199.0 158.0 30.0 22.0
obstacle
0.129801079631
384.0 72.0 36.0 34.0
obstacle
0.129501208663
378.0 96.0 47.0 36.0
obstacle
0.129411101341
274.0 311.0 30.0 22.0
obstacle
0.129244580865
56.0 84.0 167.0 249.0
obstacle
0.128890112042
349.0 309.0 32.0 24.0
obstacle
0.127958387136
165.0 0.0 90.0 74.0
obstacle
0.127823472023
377.0 86.0 123.0 117.0
obstacle
0.127731695771
422.0 281.0 35.0 32.0
obstacle
0.127602919936
236.0 37.0 104.0 117.0
obstacle
0.127558127046
455.0 123.0 45.0 34.0
obstacle
0.127542510629
233.0 76.0 35.0 20.0
obstacle
0.12725277245
36.0 276.0 36.0 39.0
obstacle
0.126876398921
274.0 159.0 27.0 19.0
obstacle
0.126201614738
422.0 180.0 43.0 26.0
obstacle
0.12603032589
426.0 310.0 32.0 23.0
obstacle
0.125757932663
0.0 0.0 82.0 65.0
obstacle
0.125493213534
465.0 0.0 35.0 28.0
obstacle
0.125490561128
419.0 258.0 39.0 26.0
obstacle
0.125018298626
5.0 174.0 476.0 134.0
obstacle
0.124990612268
383.0 280.0 38.0 32.0
obstacle
0.124376229942
314.0 151.0 31.0 33.0
obstacle
0.124281071126
328.0 132.0 152.0 76.0
obstacle
0.124225661159
0.0 252.0 36.0 34.0
obstacle
0.124202512205
339.0 49.0 47.0 29.0
obstacle
0.124125264585
334.0 173.0 132.0 94.0
obstacle
0.123980902135
418.0 96.0 43.0 38.0
obstacle
0.123804986477
105.0 193.0 134.0 140.0
obstacle
0.123460769653
256.0 111.0 147.0 209.0
obstacle
0.122831150889
36.0 228.0 39.0 32.0
obstacle
0.122732028365
157.0 156.0 40.0 25.0
obstacle
0.122712895274
418.0 152.0 44.0 29.0
obstacle
0.122534319758
457.0 228.0 43.0 30.0
obstacle
0.122181035578
457.0 252.0 43.0 34.0
obstacle
0.121995992959
417.0 159.0 83.0 72.0
obstacle
0.121977485716
41.0 94.0 32.0 40.0
obstacle
0.121258288622
382.0 126.0 41.0 30.0
obstacle
0.120879843831
344.0 128.0 36.0 26.0
obstacle
0.120360076427
116.0 100.0 36.0 25.0
obstacle
0.120162494481
464.0 22.0 36.0 37.0
obstacle
0.120112262666
0.0 228.0 38.0 32.0
obstacle
0.119943186641
0.0 193.0 92.0 105.0
obstacle
0.119719028473
76.0 310.0 38.0 22.0
obstacle
0.118965320289
187.0 56.0 43.0 17.0
obstacle
0.118765942752
191.0 283.0 38.0 28.0
obstacle
0.118111804128
36.0 251.0 36.0 38.0
obstacle
0.117884173989
456.0 95.0 44.0 38.0
obstacle
0.117604799569
187.0 77.0 45.0 18.0
obstacle
0.117197044194
34.0 308.0 44.0 24.0
obstacle
0.1171746701
457.0 151.0 43.0 30.0
obstacle
0.117133677006
308.0 123.0 35.0 34.0
obstacle
0.117086857557
41.0 182.0 36.0 23.0
obstacle
0.117029368877
161.0 184.0 34.0 22.0
obstacle
0.117005638778
381.0 151.0 44.0 32.0
obstacle
0.116549804807
228.0 56.0 41.0 17.0
obstacle
0.116449311376
311.0 179.0 38.0 31.0
obstacle
0.115921005607
461.0 275.0 39.0 40.0
obstacle
0.115892529488
154.0 99.0 36.0 25.0
obstacle
0.115698762238
460.0 204.0 40.0 29.0
obstacle
0.115567497909
232.0 310.0 35.0 23.0
obstacle
0.114548906684
198.0 213.0 33.0 16.0
obstacle
0.114204250276
389.0 180.0 32.0 25.0
obstacle
0.113770119846
384.0 189.0 115.0 115.0
obstacle
0.113726951182
308.0 281.0 33.0 28.0
obstacle
0.11369331181
72.0 278.0 42.0 37.0
obstacle
0.113472901285
40.0 155.0 37.0 24.0
obstacle
0.11344460398
121.0 184.0 31.0 22.0
obstacle
0.113421395421
80.0 182.0 36.0 23.0
obstacle
0.112695887685
152.0 280.0 38.0 35.0
obstacle
0.112650252879
273.0 129.0 28.0 22.0
obstacle
0.112533964217
266.0 54.0 41.0 19.0
obstacle
0.11204457283
387.0 309.0 33.0 24.0
obstacle
0.111984051764
0.0 0.0 236.0 57.0
obstacle
0.111424863338
342.0 279.0 38.0 33.0
obstacle
0.11122969538
121.0 160.0 30.0 18.0
obstacle
0.111156627536
198.0 186.0 31.0 20.0
obstacle
0.111134596169
354.0 181.0 24.0 27.0
obstacle
0.111083418131
112.0 278.0 39.0 39.0
obstacle
0.111077003181
79.0 155.0 36.0 27.0
obstacle
0.110963262618
0.0 277.0 35.0 36.0
obstacle
0.11090490967
8.0 80.0 179.0 126.0
obstacle
0.110538043082
278.0 185.0 25.0 20.0
obstacle
0.110484868288
307.0 208.0 46.0 24.0
obstacle
0.110135175288
75.0 230.0 40.0 29.0
obstacle
0.109998852015
6.0 202.0 29.0 32.0
obstacle
0.109592147171
238.0 209.0 32.0 23.0
obstacle
0.109435789287
194.0 233.0 37.0 21.0
obstacle
0.109412893653
383.0 257.0 35.0 26.0
obstacle
0.109024219215
345.0 97.0 35.0 32.0
obstacle
0.108891576529
389.0 208.0 29.0 19.0
obstacle
0.108806587756
158.0 233.0 37.0 21.0
obstacle
0.108579345047
0.0 213.0 230.0 105.0
obstacle
0.108506202698
195.0 100.0 34.0 25.0
obstacle
0.108094163239
0.0 307.0 35.0 26.0
obstacle
0.107962243259
115.0 232.0 41.0 24.0
obstacle
0.107362739742
40.0 203.0 35.0 30.0
obstacle
0.107257962227
310.0 96.0 32.0 31.0
obstacle
0.106607414782
0.0 274.0 103.0 59.0
obstacle
0.106478855014
416.0 125.0 49.0 32.0
obstacle
0.105975970626
307.0 0.0 193.0 291.0
obstacle
0.105772294104
456.0 67.0 44.0 42.0
obstacle
0.105003796518
37.0 122.0 40.0 37.0
obstacle
0.104717485607
77.0 126.0 38.0 30.0
obstacle
0.104693584144
153.0 126.0 37.0 28.0
obstacle
0.104528181255
236.0 229.0 34.0 29.0
obstacle
0.104415394366
343.0 71.0 39.0 31.0
obstacle
0.104310639203
78.0 207.0 38.0 24.0
obstacle
0.103889554739
6.0 178.0 31.0 30.0
obstacle
0.103845074773
161.0 212.0 32.0 18.0
obstacle
0.103526711464
4.0 153.0 32.0 29.0
obstacle
0.103133574128
235.0 156.0 39.0 23.0
obstacle
0.102773115039
121.0 212.0 34.0 18.0
obstacle
0.102379284799
275.0 234.0 33.0 18.0
obstacle
0.102110750973
241.0 183.0 28.0 23.0
obstacle
0.100621961057
234.0 100.0 35.0 24.0
obstacle
0.100540168583
1.0 126.0 34.0 30.0
obstacle
0.0995380729437
232.0 128.0 37.0 24.0
obstacle
0.0991644412279
277.0 208.0 32.0 23.0
obstacle
0.0989412814379
463.0 307.0 37.0 26.0
obstacle
0.0988191887736
113.0 256.0 36.0 29.0
obstacle
0.0987729877234
348.0 235.0 31.0 17.0
obstacle
0.0987054556608
195.0 130.0 30.0 22.0
obstacle
0.0982148721814
272.0 99.0 31.0 25.0
obstacle
0.0977143496275
230.0 283.0 36.0 27.0
obstacle
0.0976216718554
194.0 261.0 31.0 18.0
obstacle
0.0976124927402
387.0 233.0 30.0 21.0
obstacle
0.0968037694693
309.0 233.0 40.0 19.0
obstacle
0.0960028022528
270.0 284.0 34.0 23.0
obstacle
0.0958825945854
341.0 259.0 40.0 21.0
obstacle
0.094915650785
73.0 255.0 39.0 32.0
obstacle
0.0914237573743
154.0 258.0 33.0 25.0
obstacle
0.0893066078424
226.0 261.0 43.0 19.0
obstacle
0.0864688530564
116.0 128.0 37.0 26.0
obstacle
0.0854852497578
306.0 260.0 38.0 20.0
obstacle
0.0788715556264
269.0 262.0 39.0 16.0
