obstacle
0.270541340113
220.0 0.0 213.0 123.0
obstacle
0.211897596717
295.0 0.0 205.0 155.0
obstacle
0.211561769247
179.0 0.0 139.0 136.0
obstacle
0.208655267954
153.0 0.0 116.0 164.0
obstacle
0.208262875676
0.0 0.0 130.0 168.0
obstacle
0.200500816107
0.0 0.0 381.0 333.0
obstacle
0.199452340603
0.0 164.0 137.0 169.0
obstacle
0.198245108128
209.0 22.0 164.0 137.0
obstacle
0.195473849773
327.0 184.0 150.0 72.0
obstacle
0.192642912269
99.0 28.0 75.0 21.0
obstacle
0.190319061279
428.0 23.0 32.0 27.0
obstacle
0.190318524837
144.0 30.0 58.0 15.0
obstacle
0.187527015805
122.0 0.0 98.0 158.0
obstacle
0.18214084208
130.0 113.0 370.0 157.0
obstacle
0.180804401636
0.0 126.0 391.0 129.0
obstacle
0.180728271604
271.0 202.0 229.0 131.0
obstacle
0.178670912981
337.0 50.0 51.0 22.0
obstacle
0.178278714418
300.0 47.0 50.0 25.0
obstacle
0.177379027009
91.0 0.0 156.0 112.0
obstacle
0.176711887121
141.0 198.0 303.0 135.0
obstacle
0.175459995866
284.0 24.0 90.0 93.0
obstacle
0.175108239055
90.0 173.0 162.0 89.0
obstacle
0.17307305336
425.0 0.0 35.0 26.0
obstacle
0.172519311309
216.0 65.0 159.0 256.0
obstacle
0.171772748232
76.0 0.0 117.0 172.0
obstacle
0.171383515
382.0 51.0 39.0 21.0
obstacle
0.17022703588
389.0 22.0 30.0 28.0
obstacle
0.170098572969
269.0 164.0 191.0 61.0
obstacle
0.169923573732
66.0 51.0 57.0 23.0
obstacle
0.168877407908
252.0 76.0 149.0 85.0
obstacle
0.167969733477
168.0 75.0 161.0 88.0
obstacle
0.167935460806
264.0 59.0 128.0 73.0
obstacle
0.167709395289
63.0 25.0 70.0 24.0
obstacle
0.167194753885
265.0 225.0 124.0 108.0
obstacle
0.166971027851
233.0 35.0 200.0 162.0
obstacle
0.165826186538
234.0 209.0 111.0 70.0
obstacle
0.165698647499
93.0 0.0 407.0 238.0
obstacle
0.16407983005
266.0 197.0 121.0 93.0
obstacle
0.163822859526
383.0 74.0 36.0 24.0
obstacle
0.163716048002
347.0 24.0 37.0 24.0
obstacle
0.163518026471
89.0 65.0 170.0 107.0
obstacle
0.163352280855
162.0 98.0 186.0 189.0
obstacle
0.162550002337
104.0 93.0 148.0 240.0
obstacle
0.160521969199
0.0 0.0 131.0 51.0
obstacle
0.160177454352
109.0 196.0 128.0 95.0
obstacle
0.15995810926
33.0 0.0 127.0 218.0
obstacle
0.159842163324
219.0 160.0 135.0 71.0
obstacle
0.159792423248
183.0 26.0 57.0 20.0
obstacle
0.15946790576
0.0 37.0 277.0 153.0
obstacle
0.159220457077
0.0 152.0 338.0 181.0
obstacle
0.158521041274
384.0 169.0 113.0 106.0
obstacle
0.15789052844
379.0 118.0 121.0 215.0
obstacle
0.157615795732
315.0 217.0 101.0 104.0
obstacle
0.157293900847
105.0 10.0 142.0 214.0
obstacle
0.156197786331
254.0 98.0 158.0 189.0
obstacle
0.155888065696
0.0 59.0 467.0 108.0
obstacle
0.155419901013
146.0 199.0 130.0 134.0
obstacle
0.155356585979
188.0 234.0 125.0 99.0
obstacle
0.155231535435
108.0 2.0 54.0 23.0
obstacle
0.154819041491
310.0 21.0 40.0 28.0
obstacle
0.154589995742
104.0 52.0 56.0 21.0
obstacle
0.154029846191
41.0 163.0 257.0 62.0
obstacle
0.153959944844
183.0 51.0 53.0 18.0
obstacle
0.153456136584
292.0 126.0 144.0 88.0
obstacle
0.152748018503
153.0 25.0 330.0 67.0
obstacle
0.152536481619
388.0 0.0 33.0 28.0
obstacle
0.152466371655
344.0 72.0 37.0 26.0
obstacle
0.152138397098
0.0 0.0 378.0 148.0
obstacle
0.151122838259
15.0 182.0 485.0 116.0
obstacle
0.150741636753
0.0 3.0 167.0 330.0
obstacle
0.150374919176
0.0 49.0 41.0 26.0
obstacle
0.150361940265
1.0 281.0 33.0 30.0
obstacle
0.150263354182
105.0 45.0 351.0 83.0
obstacle
0.150151237845
417.0 72.0 45.0 27.0
obstacle
0.149664312601
429.0 217.0 71.0 106.0
obstacle
0.148450165987
207.0 0.0 84.0 85.0
obstacle
0.148448362947
420.0 50.0 43.0 23.0
obstacle
0.148429393768
269.0 23.0 40.0 25.0
obstacle
0.147207304835
227.0 52.0 128.0 86.0
obstacle
0.146771937609
143.0 3.0 56.0 21.0
obstacle
0.146762147546
45.0 90.0 180.0 107.0
obstacle
0.146172016859
137.0 95.0 147.0 95.0
obstacle
0.14573071897
314.0 29.0 107.0 83.0
obstacle
0.145358487964
273.0 0.0 104.0 83.0
obstacle
0.145015791059
244.0 19.0 96.0 102.0
obstacle
0.1447416991
228.0 0.0 43.0 27.0
obstacle
0.144356787205
314.0 91.0 177.0 103.0
obstacle
0.144022628665
103.0 233.0 142.0 100.0
obstacle
0.143995329738
14.0 235.0 169.0 98.0
obstacle
0.143444821239
229.0 280.0 263.0 53.0
obstacle
0.143366605043
149.0 0.0 269.0 72.0
obstacle
0.143033519387
226.0 24.0 49.0 25.0
obstacle
0.142386943102
253.0 182.0 144.0 75.0
obstacle
0.142327919602
213.0 125.0 145.0 88.0
obstacle
0.142041221261
185.0 0.0 50.0 26.0
obstacle
0.141738966107
149.0 52.0 46.0 18.0
obstacle
0.141489312053
257.0 49.0 61.0 22.0
obstacle
0.141230374575
168.0 30.0 176.0 175.0
obstacle
0.141148865223
0.0 144.0 192.0 100.0
obstacle
0.14102165401
301.0 268.0 130.0 65.0
obstacle
0.140822887421
362.0 63.0 138.0 112.0
obstacle
0.139915749431
216.0 23.0 74.0 94.0
obstacle
0.139743193984
3.0 36.0 187.0 112.0
obstacle
0.13959376514
46.0 179.0 31.0 34.0
obstacle
0.139454320073
0.0 0.0 38.0 26.0
obstacle
0.138393715024
158.0 184.0 37.0 24.0
obstacle
0.13782684505
235.0 188.0 32.0 14.0
obstacle
0.137502551079
32.0 48.0 49.0 28.0
obstacle
0.137016415596
352.0 17.0 104.0 107.0
obstacle
0.136702924967
464.0 21.0 36.0 33.0
obstacle
0.136473104358
344.0 204.0 122.0 84.0
obstacle
0.136311769485
0.0 0.0 82.0 132.0
obstacle
0.136054471135
307.0 0.0 36.0 28.0
obstacle
0.135975629091
0.0 168.0 91.0 106.0
obstacle
0.135594040155
423.0 179.0 77.0 79.0
obstacle
0.135443329811
345.0 0.0 37.0 27.0
obstacle
0.135204821825
422.0 97.0 38.0 32.0
obstacle
0.134846329689
216.0 49.0 63.0 21.0
obstacle
0.134425655007
0.0 0.0 327.0 67.0
obstacle
0.132770031691
0.0 232.0 37.0 27.0
obstacle
0.13261193037
313.0 189.0 26.0 13.0
obstacle
0.132458031178
130.0 278.0 164.0 55.0
obstacle
0.132196381688
377.0 0.0 122.0 94.0
obstacle
0.132132589817
0.0 24.0 39.0 26.0
obstacle
0.131688296795
117.0 157.0 33.0 25.0
obstacle
0.131393894553
238.0 0.0 96.0 77.0
obstacle
0.131021037698
269.0 0.0 39.0 26.0
obstacle
0.130693361163
386.0 185.0 38.0 19.0
obstacle
0.130562096834
31.0 0.0 50.0 27.0
obstacle
0.130079090595
270.0 69.0 207.0 250.0
obstacle
0.12942519784
98.0 118.0 146.0 103.0
obstacle
0.129138275981
0.0 76.0 99.0 133.0
obstacle
0.129031687975
31.0 23.0 56.0 26.0
obstacle
0.128926411271
424.0 307.0 36.0 26.0
obstacle
0.128786787391
304.0 73.0 40.0 24.0
obstacle
0.128770455718
65.0 189.0 137.0 144.0
obstacle
0.128709465265
41.0 202.0 39.0 36.0
obstacle
0.128266394138
386.0 99.0 32.0 28.0
obstacle
0.127709388733
0.0 271.0 292.0 62.0
obstacle
0.127548962831
350.0 181.0 37.0 26.0
obstacle
0.127510219812
218.0 268.0 142.0 65.0
obstacle
0.127466693521
0.0 179.0 226.0 125.0
obstacle
0.126928031445
182.0 174.0 135.0 90.0
obstacle
0.126885548234
367.0 117.0 133.0 104.0
obstacle
0.126775085926
54.0 0.0 158.0 55.0
obstacle
0.126355454326
37.0 232.0 40.0 28.0
obstacle
0.126255124807
68.0 74.0 54.0 27.0
obstacle
0.126037284732
464.0 0.0 35.0 28.0
obstacle
0.125424489379
456.0 71.0 44.0 33.0
obstacle
0.125331938267
16.0 1.0 162.0 84.0
obstacle
0.125119224191
110.0 75.0 41.0 24.0
obstacle
0.124597847462
198.0 184.0 35.0 22.0
obstacle
0.124101400375
275.0 186.0 30.0 19.0
obstacle
0.123643778265
0.0 255.0 39.0 31.0
obstacle
0.123586684465
9.0 29.0 102.0 75.0
obstacle
0.123044215143
119.0 182.0 38.0 25.0
obstacle
0.12302223593
315.0 209.0 28.0 21.0
obstacle
0.122655712068
3.0 309.0 31.0 24.0
obstacle
0.122275449336
38.0 153.0 36.0 31.0
obstacle
0.121812082827
72.0 157.0 43.0 22.0
obstacle
0.121686570346
409.0 33.0 91.0 119.0
obstacle
0.121560655534
71.0 0.0 48.0 26.0
obstacle
0.121202804148
362.0 0.0 138.0 303.0
obstacle
0.120934650302
162.0 7.0 95.0 69.0
obstacle
0.120620839298
0.0 244.0 97.0 89.0
obstacle
0.12040913105
133.0 269.0 300.0 64.0
obstacle
0.120330423117
381.0 255.0 119.0 78.0
obstacle
0.120107576251
336.0 47.0 138.0 96.0
obstacle
0.120087780058
76.0 285.0 37.0 26.0
obstacle
0.119569092989
40.0 259.0 36.0 26.0
obstacle
0.119374118745
42.0 284.0 28.0 26.0
obstacle
0.119178280234
113.0 285.0 41.0 26.0
obstacle
0.119144834578
266.0 74.0 44.0 24.0
obstacle
0.118781603873
350.0 309.0 31.0 24.0
obstacle
0.118532776833
116.0 236.0 40.0 20.0
obstacle
0.118010416627
458.0 152.0 42.0 29.0
obstacle
0.117938026786
40.0 311.0 34.0 21.0
obstacle
0.117933757603
150.0 74.0 38.0 22.0
obstacle
0.117344893515
0.0 77.0 36.0 24.0
obstacle
0.117339782417
1.0 207.0 36.0 27.0
obstacle
0.117252528667
4.0 182.0 36.0 25.0
obstacle
0.117001309991
458.0 125.0 42.0 31.0
obstacle
0.116527184844
457.0 95.0 43.0 36.0
obstacle
0.116136774421
35.0 28.0 125.0 78.0
obstacle
0.115878097713
112.0 5.0 119.0 72.0
obstacle
0.115094259381
356.0 237.0 97.0 96.0
obstacle
0.114506967366
406.0 82.0 94.0 120.0
obstacle
0.114171467721
387.0 308.0 31.0 25.0
obstacle
0.113559611142
156.0 238.0 37.0 17.0
obstacle
0.11331269145
21.0 119.0 148.0 100.0
obstacle
0.113254316151
48.0 5.0 176.0 274.0
obstacle
0.113165415823
0.0 126.0 39.0 26.0
obstacle
0.112793780863
347.0 97.0 32.0 33.0
obstacle
0.11223230511
421.0 154.0 41.0 26.0
obstacle
0.112157300115
191.0 73.0 37.0 24.0
obstacle
0.111634865403
78.0 312.0 36.0 21.0
obstacle
0.111458085477
194.0 237.0 39.0 17.0
obstacle
0.111328363419
458.0 182.0 42.0 22.0
obstacle
0.110912367702
66.0 126.0 58.0 28.0
obstacle
0.110876441002
28.0 100.0 52.0 31.0
obstacle
0.110557034612
461.0 49.0 39.0 26.0
obstacle
0.110223516822
0.0 101.0 33.0 28.0
obstacle
0.110053434968
81.0 187.0 32.0 20.0
obstacle
0.109537020326
116.0 313.0 36.0 20.0
obstacle
0.109466440976
380.0 278.0 41.0 38.0
obstacle
0.108935289085
421.0 281.0 36.0 32.0
obstacle
0.108880832791
460.0 275.0 40.0 40.0
obstacle
0.108091905713
109.0 125.0 47.0 29.0
obstacle
0.108018778265
312.0 98.0 28.0 31.0
obstacle
0.107684500515
463.0 208.0 37.0 21.0
obstacle
0.10748770833
200.0 211.0 30.0 21.0
obstacle
0.10713968426
343.0 279.0 39.0 35.0
obstacle
0.106765627861
234.0 311.0 32.0 22.0
obstacle
0.106745637953
11.0 241.0 388.0 92.0
obstacle
0.106618195772
312.0 309.0 32.0 24.0
obstacle
0.10637742281
425.0 210.0 38.0 19.0
obstacle
0.106351666152
424.0 186.0 39.0 16.0
obstacle
0.106155410409
29.0 73.0 53.0 30.0
obstacle
0.105722568929
462.0 304.0 38.0 29.0
obstacle
0.105044014752
266.0 284.0 42.0 27.0
obstacle
0.104787938297
237.0 213.0 29.0 15.0
obstacle
0.104175664485
275.0 209.0 36.0 22.0
obstacle
0.103811018169
150.0 286.0 43.0 22.0
obstacle
0.103392787278
196.0 160.0 33.0 18.0
obstacle
0.102993838489
156.0 313.0 36.0 20.0
obstacle
0.102783530951
76.0 259.0 42.0 27.0
obstacle
0.101352907717
306.0 280.0 38.0 33.0
obstacle
0.101221255958
156.0 161.0 34.0 19.0
obstacle
0.100965097547
459.0 253.0 41.0 32.0
obstacle
0.100515730679
415.0 254.0 50.0 30.0
obstacle
0.100471995771
194.0 313.0 35.0 20.0
obstacle
0.100216157734
76.0 233.0 45.0 26.0
obstacle
0.0994993671775
114.0 211.0 48.0 22.0
obstacle
0.0991022214293
190.0 99.0 41.0 27.0
obstacle
0.0984845235944
148.0 260.0 48.0 21.0
obstacle
0.0984501764178
421.0 123.0 38.0 33.0
obstacle
0.0982459485531
274.0 310.0 29.0 23.0
obstacle
0.0982152819633
149.0 100.0 42.0 27.0
obstacle
0.0980341359973
384.0 158.0 37.0 21.0
obstacle
0.09800452739
383.0 126.0 38.0 30.0
obstacle
0.097806558013
234.0 238.0 38.0 15.0
obstacle
0.0965452045202
417.0 233.0 52.0 21.0
obstacle
0.0960073843598
270.0 157.0 35.0 21.0
obstacle
0.0959303081036
229.0 73.0 44.0 25.0
obstacle
0.0954586267471
26.0 123.0 63.0 32.0
obstacle
0.0951521843672
190.0 285.0 38.0 24.0
obstacle
0.0948812738061
268.0 258.0 39.0 27.0
obstacle
0.0947660654783
150.0 127.0 44.0 26.0
obstacle
0.0942711755633
228.0 285.0 40.0 25.0
obstacle
0.0940275341272
308.0 159.0 33.0 18.0
obstacle
0.0939631313086
459.0 232.0 41.0 23.0
obstacle
0.0938477143645
156.0 211.0 42.0 19.0
obstacle
0.0936724245548
381.0 236.0 48.0 19.0
obstacle
0.0936273559928
345.0 155.0 41.0 25.0
obstacle
0.0934415534139
228.0 260.0 42.0 22.0
obstacle
0.0933766514063
269.0 237.0 39.0 19.0
obstacle
0.0927371308208
191.0 127.0 42.0 26.0
obstacle
0.0927227884531
346.0 204.0 40.0 29.0
obstacle
0.0925057306886
383.0 210.0 41.0 18.0
obstacle
0.0921486243606
380.0 254.0 43.0 32.0
obstacle
0.0911241918802
2.0 155.0 31.0 26.0
obstacle
0.0908958017826
109.0 99.0 44.0 29.0
obstacle
0.090855807066
271.0 100.0 35.0 27.0
obstacle
0.0908145010471
115.0 260.0 41.0 22.0
obstacle
0.0901211202145
307.0 258.0 38.0 25.0
obstacle
0.0897633060813
231.0 101.0 37.0 25.0
obstacle
0.0896939113736
232.0 159.0 36.0 19.0
obstacle
0.0863236859441
339.0 236.0 55.0 20.0
obstacle
0.0859705582261
68.0 99.0 50.0 30.0
obstacle
0.0854126736522
343.0 256.0 42.0 29.0
obstacle
0.081466384232
344.0 123.0 43.0 36.0
obstacle
0.0805816724896
308.0 236.0 44.0 20.0
obstacle
0.0801799446344
84.0 211.0 35.0 19.0
obstacle
0.0793585255742
188.0 260.0 43.0 22.0
obstacle
0.0792680233717
308.0 126.0 36.0 29.0
obstacle
0.0791040435433
272.0 127.0 36.0 26.0
obstacle
0.0728355571628
230.0 128.0 40.0 24.0
