obstacle
0.243691205978
0.0 47.0 117.0 286.0
obstacle
0.217526912689
328.0 0.0 158.0 137.0
obstacle
0.21334014833
0.0 28.0 500.0 223.0
obstacle
0.207236588001
199.0 0.0 184.0 135.0
obstacle
0.20145560801
116.0 169.0 331.0 164.0
obstacle
0.19422493875
396.0 0.0 104.0 156.0
obstacle
0.193044811487
365.0 99.0 135.0 234.0
obstacle
0.192739054561
87.0 15.0 171.0 204.0
obstacle
0.186430245638
64.0 0.0 139.0 185.0
obstacle
0.184039756656
0.0 0.0 116.0 187.0
obstacle
0.182884678245
15.0 0.0 160.0 103.0
obstacle
0.178406268358
118.0 0.0 191.0 130.0
obstacle
0.173459678888
0.0 0.0 392.0 101.0
obstacle
0.171390727162
337.0 0.0 163.0 260.0
obstacle
0.167005985975
169.0 0.0 169.0 95.0
obstacle
0.165955871344
114.0 113.0 195.0 220.0
obstacle
0.165168315172
236.0 118.0 183.0 99.0
obstacle
0.164249122143
231.0 16.0 194.0 199.0
obstacle
0.164098680019
383.0 219.0 112.0 104.0
obstacle
0.163410142064
184.0 81.0 316.0 252.0
obstacle
0.161137163639
261.0 0.0 137.0 99.0
obstacle
0.159773245454
29.0 13.0 130.0 205.0
obstacle
0.158814206719
0.0 214.0 231.0 119.0
obstacle
0.156906187534
161.0 196.0 171.0 95.0
obstacle
0.156873449683
356.0 0.0 144.0 65.0
obstacle
0.155673161149
344.0 149.0 121.0 90.0
obstacle
0.155563041568
181.0 59.0 219.0 217.0
obstacle
0.155039101839
52.0 47.0 167.0 240.0
obstacle
0.154729440808
391.0 176.0 101.0 87.0
obstacle
0.153643503785
279.0 178.0 177.0 155.0
obstacle
0.151157453656
77.0 0.0 196.0 82.0
obstacle
0.150391116738
0.0 73.0 285.0 240.0
obstacle
0.14994327724
425.0 100.0 33.0 30.0
obstacle
0.14950633049
388.0 126.0 30.0 33.0
obstacle
0.148330494761
0.0 138.0 213.0 155.0
obstacle
0.147546008229
0.0 0.0 151.0 58.0
obstacle
0.146592989564
430.0 0.0 30.0 31.0
obstacle
0.145750313997
104.0 257.0 355.0 76.0
obstacle
0.145294263959
420.0 0.0 80.0 98.0
obstacle
0.145042270422
217.0 258.0 61.0 24.0
obstacle
0.144648790359
101.0 0.0 399.0 129.0
obstacle
0.144208937883
243.0 199.0 160.0 92.0
obstacle
0.14384432137
285.0 66.0 160.0 201.0
obstacle
0.14372484386
32.0 128.0 129.0 82.0
obstacle
0.142927497625
222.0 232.0 49.0 22.0
obstacle
0.140655905008
345.0 207.0 38.0 21.0
obstacle
0.13962957263
303.0 243.0 121.0 90.0
obstacle
0.138411968946
0.0 275.0 123.0 58.0
obstacle
0.138212203979
187.0 236.0 39.0 16.0
obstacle
0.138139203191
427.0 126.0 30.0 32.0
obstacle
0.138021364808
157.0 104.0 28.0 26.0
obstacle
0.137805134058
181.0 125.0 138.0 86.0
obstacle
0.136751383543
230.0 206.0 32.0 23.0
obstacle
0.136693686247
380.0 87.0 120.0 107.0
obstacle
0.136288449168
430.0 27.0 34.0 33.0
obstacle
0.136271759868
388.0 101.0 31.0 31.0
obstacle
0.136107757688
392.0 0.0 26.0 30.0
obstacle
0.134944871068
426.0 180.0 31.0 29.0
obstacle
0.134937018156
0.0 261.0 329.0 72.0
obstacle
0.134301677346
276.0 136.0 224.0 154.0
obstacle
0.133558437228
0.0 0.0 278.0 171.0
obstacle
0.132572293282
342.0 225.0 121.0 92.0
obstacle
0.132468730211
261.0 29.0 141.0 129.0
obstacle
0.132461383939
433.0 243.0 67.0 90.0
obstacle
0.131924763322
0.0 101.0 314.0 126.0
obstacle
0.13143055141
466.0 0.0 34.0 28.0
obstacle
0.130806937814
196.0 209.0 23.0 16.0
obstacle
0.130378544331
109.0 48.0 135.0 87.0
obstacle
0.129665836692
179.0 258.0 56.0 26.0
obstacle
0.129565253854
78.0 0.0 411.0 65.0
obstacle
0.129364669323
74.0 101.0 126.0 83.0
obstacle
0.129273563623
0.0 194.0 120.0 139.0
obstacle
0.129085287452
228.0 102.0 37.0 25.0
obstacle
0.128639489412
229.0 26.0 123.0 85.0
obstacle
0.128198325634
71.0 150.0 128.0 85.0
obstacle
0.127204224467
273.0 177.0 27.0 31.0
obstacle
0.127045109868
120.0 105.0 27.0 25.0
obstacle
0.126911506057
272.0 206.0 29.0 22.0
obstacle
0.126603394747
265.0 101.0 41.0 28.0
obstacle
0.12632355094
350.0 124.0 32.0 33.0
obstacle
0.12593382597
160.0 42.0 109.0 101.0
obstacle
0.125886201859
134.0 225.0 155.0 90.0
obstacle
0.125559255481
7.0 0.0 26.0 31.0
obstacle
0.124473065138
33.0 222.0 45.0 40.0
obstacle
0.12439879775
351.0 76.0 27.0 30.0
obstacle
0.124227948487
350.0 102.0 32.0 29.0
obstacle
0.124155499041
144.0 174.0 134.0 89.0
obstacle
0.124032817781
353.0 0.0 25.0 32.0
obstacle
0.123864836991
160.0 147.0 101.0 93.0
obstacle
0.123741313815
391.0 75.0 25.0 33.0
obstacle
0.122918516397
350.0 26.0 34.0 29.0
obstacle
0.122865885496
394.0 26.0 30.0 31.0
obstacle
0.122860223055
308.0 101.0 36.0 29.0
obstacle
0.122660979629
0.0 23.0 94.0 80.0
obstacle
0.122425675392
44.0 0.0 29.0 33.0
obstacle
0.122412927449
0.0 134.0 122.0 69.0
obstacle
0.121975794435
329.0 267.0 149.0 66.0
obstacle
0.121687032282
68.0 23.0 132.0 85.0
obstacle
0.12141956389
0.0 170.0 79.0 93.0
obstacle
0.121360629797
151.0 233.0 38.0 20.0
obstacle
0.121360078454
464.0 125.0 36.0 30.0
obstacle
0.121341869235
166.0 95.0 99.0 98.0
obstacle
0.121214106679
188.0 219.0 196.0 107.0
obstacle
0.121153444052
430.0 51.0 30.0 30.0
obstacle
0.120998606086
385.0 178.0 34.0 31.0
obstacle
0.120938509703
120.0 126.0 27.0 29.0
obstacle
0.120529532433
66.0 193.0 134.0 105.0
obstacle
0.120444715023
159.0 124.0 26.0 31.0
obstacle
0.120120242238
129.0 2.0 236.0 216.0
obstacle
0.119913756847
299.0 283.0 48.0 27.0
obstacle
0.119691051543
460.0 275.0 40.0 38.0
obstacle
0.1194858253
233.0 178.0 27.0 30.0
obstacle
0.119442842901
467.0 23.0 33.0 34.0
obstacle
0.119248636067
257.0 258.0 60.0 21.0
obstacle
0.119128115475
182.0 175.0 206.0 83.0
obstacle
0.118907153606
335.0 233.0 56.0 21.0
obstacle
0.118808671832
245.0 56.0 99.0 128.0
obstacle
0.118681505322
233.0 272.0 185.0 61.0
obstacle
0.118137747049
234.0 0.0 32.0 31.0
obstacle
0.118024364114
146.0 36.0 354.0 154.0
obstacle
0.117962136865
270.0 0.0 182.0 64.0
obstacle
0.117960967124
270.0 77.0 35.0 28.0
obstacle
0.117712780833
343.0 312.0 44.0 21.0
obstacle
0.117424726486
464.0 99.0 35.0 30.0
obstacle
0.117322042584
294.0 170.0 143.0 96.0
obstacle
0.117307342589
194.0 0.0 34.0 31.0
obstacle
0.117246210575
461.0 250.0 39.0 36.0
obstacle
0.117175072432
381.0 232.0 44.0 23.0
obstacle
0.117041781545
306.0 312.0 38.0 21.0
obstacle
0.116951696575
232.0 89.0 268.0 148.0
obstacle
0.116780348122
272.0 0.0 30.0 30.0
obstacle
0.116639658809
307.0 55.0 125.0 126.0
obstacle
0.116471134126
37.0 150.0 39.0 36.0
obstacle
0.116357184947
116.0 28.0 117.0 77.0
obstacle
0.116327151656
431.0 207.0 69.0 73.0
obstacle
0.115394786
116.0 179.0 34.0 24.0
obstacle
0.11538990587
157.0 149.0 30.0 28.0
obstacle
0.115220442414
98.0 198.0 151.0 90.0
obstacle
0.115154981613
425.0 74.0 35.0 34.0
obstacle
0.115044184029
118.0 0.0 34.0 29.0
obstacle
0.11497412622
11.0 45.0 176.0 90.0
obstacle
0.114920526743
43.0 128.0 30.0 27.0
obstacle
0.114882819355
312.0 0.0 29.0 32.0
obstacle
0.114831626415
44.0 104.0 27.0 24.0
obstacle
0.114679865539
310.0 75.0 30.0 31.0
obstacle
0.114515855908
338.0 44.0 140.0 144.0
obstacle
0.114122524858
334.0 120.0 141.0 95.0
obstacle
0.114040076733
269.0 313.0 39.0 19.0
obstacle
0.113899931312
156.0 55.0 31.0 21.0
obstacle
0.11387206614
6.0 22.0 31.0 32.0
obstacle
0.113844491541
394.0 54.0 23.0 25.0
obstacle
0.113830365241
388.0 149.0 31.0 34.0
obstacle
0.113736063242
457.0 226.0 43.0 33.0
obstacle
0.113635241985
350.0 55.0 30.0 23.0
obstacle
0.113306738436
119.0 102.0 115.0 83.0
obstacle
0.113194137812
350.0 148.0 31.0 34.0
obstacle
0.113037787378
385.0 311.0 36.0 22.0
obstacle
0.112846106291
156.0 0.0 34.0 29.0
obstacle
0.112775430083
421.0 207.0 39.0 26.0
obstacle
0.112729839981
309.0 54.0 35.0 25.0
obstacle
0.112716846168
22.0 177.0 149.0 135.0
obstacle
0.112677410245
92.0 235.0 160.0 98.0
obstacle
0.112341709435
2.0 129.0 32.0 25.0
obstacle
0.112340956926
188.0 283.0 42.0 29.0
obstacle
0.112307287753
78.0 177.0 35.0 31.0
obstacle
0.112250387669
0.0 96.0 127.0 91.0
obstacle
0.111899584532
125.0 125.0 100.0 90.0
obstacle
0.111879751086
222.0 283.0 54.0 27.0
obstacle
0.111822851002
426.0 150.0 32.0 34.0
obstacle
0.111802011728
266.0 230.0 42.0 24.0
obstacle
0.111705347896
416.0 59.0 84.0 112.0
obstacle
0.111663199961
460.0 176.0 40.0 32.0
obstacle
0.11152023077
154.0 309.0 38.0 24.0
obstacle
0.111219324172
118.0 207.0 30.0 19.0
obstacle
0.111082904041
200.0 59.0 112.0 123.0
obstacle
0.110741041601
1.0 103.0 34.0 24.0
obstacle
0.110711850226
379.0 206.0 46.0 24.0
obstacle
0.110464513302
81.0 0.0 31.0 31.0
obstacle
0.110242187977
37.0 251.0 40.0 33.0
obstacle
0.110017083585
195.0 55.0 31.0 21.0
obstacle
0.109977029264
78.0 153.0 33.0 28.0
obstacle
0.109940364957
72.0 252.0 47.0 33.0
obstacle
0.109866946936
462.0 305.0 38.0 28.0
obstacle
0.109735272825
415.0 233.0 53.0 23.0
obstacle
0.109558917582
305.0 210.0 39.0 17.0
obstacle
0.109554663301
1.0 278.0 41.0 33.0
obstacle
0.109373226762
231.0 311.0 40.0 22.0
obstacle
0.109278634191
424.0 309.0 36.0 24.0
obstacle
0.109226606786
0.0 45.0 102.0 87.0
obstacle
0.109094969928
115.0 232.0 37.0 21.0
obstacle
0.108491942286
0.0 224.0 41.0 36.0
obstacle
0.107980303466
308.0 25.0 39.0 30.0
obstacle
0.107800737023
194.0 101.0 32.0 29.0
obstacle
0.107591569424
306.0 182.0 37.0 23.0
obstacle
0.10743252188
270.0 126.0 33.0 31.0
obstacle
0.10721667856
118.0 81.0 31.0 22.0
obstacle
0.106985002756
272.0 55.0 31.0 22.0
obstacle
0.106820762157
43.0 79.0 30.0 24.0
obstacle
0.106742478907
80.0 129.0 28.0 25.0
obstacle
0.106682598591
195.0 78.0 28.0 28.0
obstacle
0.106443271041
80.0 80.0 31.0 22.0
obstacle
0.106091737747
81.0 106.0 26.0 21.0
obstacle
0.10599847883
426.0 153.0 74.0 79.0
obstacle
0.105856344104
1.0 76.0 36.0 27.0
obstacle
0.105836875737
154.0 27.0 38.0 24.0
obstacle
0.105723232031
36.0 173.0 38.0 42.0
obstacle
0.105549603701
334.0 281.0 55.0 31.0
obstacle
0.105483792722
157.0 80.0 27.0 24.0
obstacle
0.105120129883
458.0 202.0 42.0 32.0
obstacle
0.105030618608
461.0 148.0 39.0 34.0
obstacle
0.104894027114
1.0 151.0 36.0 31.0
obstacle
0.10488884151
298.0 232.0 53.0 21.0
obstacle
0.104860424995
37.0 198.0 39.0 39.0
obstacle
0.104813754559
2.0 197.0 37.0 41.0
obstacle
0.104685463011
5.0 305.0 32.0 28.0
obstacle
0.104439198971
465.0 50.0 35.0 29.0
obstacle
0.104156374931
155.0 207.0 32.0 19.0
obstacle
0.10412081331
145.0 259.0 50.0 22.0
obstacle
0.104050382972
115.0 56.0 36.0 19.0
obstacle
0.103834547102
115.0 27.0 40.0 25.0
obstacle
0.103616073728
40.0 308.0 40.0 25.0
obstacle
0.103495188057
194.0 311.0 38.0 22.0
obstacle
0.103035286069
77.0 309.0 41.0 24.0
obstacle
0.102925419807
116.0 151.0 33.0 30.0
obstacle
0.102430433035
312.0 126.0 29.0 31.0
obstacle
0.10224545002
194.0 180.0 27.0 22.0
obstacle
0.102035261691
78.0 202.0 35.0 32.0
obstacle
0.101944334805
114.0 310.0 40.0 23.0
obstacle
0.101096823812
74.0 226.0 43.0 33.0
obstacle
0.100954353809
466.0 74.0 34.0 31.0
obstacle
0.100596986711
153.0 178.0 38.0 23.0
obstacle
0.100066058338
0.0 153.0 120.0 129.0
obstacle
0.0998755693436
37.0 280.0 43.0 28.0
obstacle
0.0993990153074
232.0 55.0 32.0 22.0
obstacle
0.0990650355816
263.0 285.0 48.0 24.0
obstacle
0.0986138731241
81.0 24.0 38.0 29.0
obstacle
0.0982402861118
377.0 280.0 46.0 32.0
obstacle
0.0979521870613
129.0 271.0 162.0 62.0
obstacle
0.0977844074368
1.0 174.0 37.0 38.0
obstacle
0.0976551026106
416.0 253.0 47.0 35.0
obstacle
0.0970052108169
236.0 149.0 23.0 31.0
obstacle
0.0970002710819
416.0 281.0 47.0 30.0
obstacle
0.0964148491621
346.0 179.0 36.0 25.0
obstacle
0.0954682826996
232.0 74.0 32.0 33.0
obstacle
0.0953601896763
270.0 26.0 38.0 28.0
obstacle
0.0950598791242
0.0 252.0 42.0 32.0
obstacle
0.0950449854136
110.0 255.0 44.0 27.0
obstacle
0.0918738171458
233.0 27.0 35.0 26.0
obstacle
0.0911980196834
234.0 126.0 26.0 28.0
obstacle
0.0907748267055
46.0 24.0 31.0 30.0
obstacle
0.0907474905252
152.0 282.0 38.0 27.0
obstacle
0.0903654247522
195.0 27.0 35.0 25.0
obstacle
0.0902904942632
3.0 50.0 35.0 27.0
obstacle
0.0901596471667
75.0 280.0 45.0 29.0
obstacle
0.0894333347678
196.0 125.0 30.0 28.0
obstacle
0.088642552495
293.0 258.0 63.0 23.0
obstacle
0.0882975906134
274.0 147.0 28.0 35.0
obstacle
0.088007375598
332.0 257.0 63.0 26.0
obstacle
0.0877011418343
376.0 255.0 50.0 31.0
obstacle
0.0867569893599
45.0 52.0 30.0 24.0
obstacle
0.0859674811363
310.0 152.0 32.0 29.0
obstacle
0.0852138027549
194.0 150.0 32.0 27.0
obstacle
0.0840990692377
80.0 54.0 35.0 20.0
obstacle
0.0823889151216
111.0 282.0 45.0 26.0
