obstacle
0.25791952014
294.0 0.0 145.0 131.0
obstacle
0.240717023611
155.0 0.0 186.0 131.0
obstacle
0.238808378577
97.0 0.0 149.0 152.0
obstacle
0.201858073473
7.0 0.0 177.0 138.0
obstacle
0.192497253418
158.0 146.0 342.0 111.0
obstacle
0.192399427295
51.0 156.0 166.0 94.0
obstacle
0.186192259192
366.0 176.0 134.0 137.0
obstacle
0.185575991869
145.0 0.0 355.0 175.0
obstacle
0.183819979429
0.0 0.0 500.0 294.0
obstacle
0.183313339949
0.0 1.0 118.0 218.0
obstacle
0.182070404291
382.0 0.0 118.0 154.0
obstacle
0.180880993605
330.0 0.0 153.0 92.0
obstacle
0.179892361164
0.0 0.0 265.0 90.0
obstacle
0.17914943397
28.0 180.0 136.0 95.0
obstacle
0.176219657063
54.0 145.0 238.0 168.0
obstacle
0.174121364951
87.0 120.0 172.0 73.0
obstacle
0.174033507705
0.0 164.0 209.0 149.0
obstacle
0.173863857985
178.0 166.0 225.0 147.0
obstacle
0.170681402087
93.0 145.0 159.0 70.0
obstacle
0.16804599762
239.0 183.0 256.0 130.0
obstacle
0.1671333462
209.0 141.0 155.0 76.0
obstacle
0.165305346251
327.0 94.0 156.0 219.0
obstacle
0.162494421005
309.0 0.0 191.0 211.0
obstacle
0.16209462285
363.0 0.0 137.0 60.0
obstacle
0.161896854639
142.0 0.0 211.0 279.0
obstacle
0.159875974059
0.0 0.0 438.0 122.0
obstacle
0.158929109573
0.0 31.0 424.0 149.0
obstacle
0.158867835999
0.0 238.0 228.0 75.0
obstacle
0.158831566572
276.0 60.0 105.0 253.0
obstacle
0.158191025257
85.0 187.0 176.0 82.0
obstacle
0.156051978469
262.0 0.0 128.0 172.0
obstacle
0.155897185206
261.0 0.0 134.0 87.0
obstacle
0.154426783323
74.0 112.0 424.0 201.0
obstacle
0.154074817896
266.0 141.0 195.0 82.0
obstacle
0.153873682022
0.0 0.0 99.0 123.0
obstacle
0.15312705934
0.0 100.0 262.0 107.0
obstacle
0.152269005775
230.0 83.0 120.0 230.0
obstacle
0.152122035623
0.0 202.0 122.0 111.0
obstacle
0.151757836342
256.0 67.0 244.0 179.0
obstacle
0.151359945536
4.0 135.0 187.0 87.0
obstacle
0.151264384389
424.0 0.0 35.0 31.0
obstacle
0.14924146235
0.0 74.0 143.0 217.0
obstacle
0.148978218436
303.0 143.0 38.0 26.0
obstacle
0.146833747625
194.0 113.0 114.0 90.0
obstacle
0.146540939808
197.0 163.0 183.0 82.0
obstacle
0.145204007626
341.0 142.0 40.0 28.0
obstacle
0.144882440567
419.0 24.0 48.0 33.0
obstacle
0.144814118743
106.0 229.0 207.0 84.0
obstacle
0.144790798426
305.0 167.0 39.0 26.0
obstacle
0.143856912851
331.0 193.0 143.0 74.0
obstacle
0.142286360264
198.0 0.0 176.0 55.0
obstacle
0.141585543752
59.0 114.0 294.0 127.0
obstacle
0.140732914209
47.0 164.0 26.0 34.0
obstacle
0.140716806054
417.0 22.0 83.0 82.0
obstacle
0.140437930822
344.0 212.0 117.0 101.0
obstacle
0.140276640654
344.0 27.0 43.0 24.0
obstacle
0.139985859394
257.0 220.0 137.0 93.0
obstacle
0.139686882496
184.0 204.0 131.0 97.0
obstacle
0.139605209231
234.0 289.0 30.0 24.0
obstacle
0.138845667243
386.0 0.0 35.0 30.0
obstacle
0.138650104403
384.0 26.0 40.0 27.0
obstacle
0.138351485133
266.0 0.0 193.0 60.0
obstacle
0.138093188405
75.0 0.0 194.0 313.0
obstacle
0.137831285596
48.0 118.0 23.0 32.0
obstacle
0.136580079794
346.0 0.0 38.0 29.0
obstacle
0.136417016387
0.0 0.0 102.0 55.0
obstacle
0.136266246438
461.0 0.0 39.0 29.0
obstacle
0.13608969748
401.0 76.0 87.0 70.0
obstacle
0.135581120849
142.0 156.0 137.0 95.0
obstacle
0.135218709707
15.0 93.0 168.0 78.0
obstacle
0.135004758835
393.0 7.0 107.0 297.0
obstacle
0.134613186121
153.0 52.0 120.0 72.0
obstacle
0.134565100074
35.0 254.0 343.0 59.0
obstacle
0.134532779455
25.0 0.0 439.0 66.0
obstacle
0.134083688259
264.0 261.0 46.0 36.0
obstacle
0.133311197162
292.0 205.0 143.0 99.0
obstacle
0.133119910955
456.0 71.0 44.0 26.0
obstacle
0.132591202855
47.0 45.0 174.0 85.0
obstacle
0.132579684258
202.0 248.0 242.0 65.0
obstacle
0.13229586184
46.0 142.0 27.0 32.0
obstacle
0.132098540664
377.0 140.0 46.0 33.0
obstacle
0.131891921163
313.0 81.0 107.0 63.0
obstacle
0.131599649787
409.0 51.0 91.0 72.0
obstacle
0.131381839514
279.0 166.0 166.0 83.0
obstacle
0.131249055266
259.0 62.0 135.0 52.0
obstacle
0.13123293221
195.0 58.0 111.0 62.0
obstacle
0.131231501698
192.0 263.0 39.0 30.0
obstacle
0.131145402789
2.0 256.0 33.0 42.0
obstacle
0.130961030722
0.0 71.0 334.0 216.0
obstacle
0.130568563938
381.0 167.0 39.0 28.0
obstacle
0.130527511239
229.0 118.0 191.0 79.0
obstacle
0.130267933011
196.0 290.0 31.0 23.0
obstacle
0.129834890366
352.0 53.0 109.0 68.0
obstacle
0.129161372781
82.0 0.0 175.0 56.0
obstacle
0.129039540887
112.0 61.0 341.0 182.0
obstacle
0.12761567533
229.0 264.0 41.0 30.0
obstacle
0.127079799771
74.0 259.0 42.0 37.0
obstacle
0.125783383846
270.0 290.0 36.0 23.0
obstacle
0.125762313604
187.0 121.0 42.0 20.0
obstacle
0.125598073006
306.0 25.0 43.0 27.0
obstacle
0.125537544489
418.0 51.0 48.0 20.0
obstacle
0.125418245792
85.0 166.0 25.0 31.0
obstacle
0.124172367156
190.0 240.0 44.0 29.0
obstacle
0.123962290585
421.0 106.0 79.0 59.0
obstacle
0.123499915004
39.0 259.0 36.0 37.0
obstacle
0.123133808374
155.0 89.0 118.0 90.0
obstacle
0.122928522527
74.0 82.0 124.0 231.0
obstacle
0.122134245932
157.0 290.0 32.0 23.0
obstacle
0.122055456042
366.0 127.0 134.0 110.0
obstacle
0.121943466365
42.0 188.0 33.0 32.0
obstacle
0.121912606061
211.0 191.0 148.0 77.0
obstacle
0.121890194714
80.0 290.0 34.0 23.0
obstacle
0.121549390256
359.0 26.0 95.0 74.0
obstacle
0.121536590159
426.0 225.0 74.0 88.0
obstacle
0.121480055153
4.0 0.0 30.0 26.0
obstacle
0.121173277497
339.0 170.0 46.0 20.0
obstacle
0.120890960097
186.0 81.0 132.0 198.0
obstacle
0.120479568839
456.0 45.0 44.0 29.0
obstacle
0.119537420571
107.0 75.0 140.0 70.0
obstacle
0.119362987578
303.0 90.0 127.0 90.0
obstacle
0.119179949164
345.0 95.0 122.0 81.0
obstacle
0.11891554296
304.0 260.0 42.0 37.0
obstacle
0.118865273893
201.0 76.0 103.0 71.0
obstacle
0.118772901595
260.0 79.0 136.0 64.0
obstacle
0.118687726557
0.0 53.0 254.0 105.0
obstacle
0.11861307919
457.0 18.0 43.0 40.0
obstacle
0.118596278131
0.0 108.0 91.0 96.0
obstacle
0.118575267494
151.0 262.0 44.0 31.0
obstacle
0.118324711919
40.0 237.0 34.0 32.0
obstacle
0.118281915784
189.0 170.0 43.0 23.0
obstacle
0.118091359735
77.0 239.0 37.0 28.0
obstacle
0.117955744267
419.0 213.0 48.0 35.0
obstacle
0.117918595672
267.0 238.0 45.0 32.0
obstacle
0.117904901505
226.0 87.0 127.0 96.0
obstacle
0.117787823081
270.0 0.0 37.0 26.0
obstacle
0.117576405406
415.0 233.0 53.0 42.0
obstacle
0.117531262338
309.0 0.0 34.0 28.0
obstacle
0.117499105632
383.0 72.0 40.0 20.0
obstacle
0.117492765188
4.0 161.0 33.0 40.0
obstacle
0.117445223033
419.0 74.0 49.0 22.0
obstacle
0.11736163497
0.0 171.0 88.0 114.0
obstacle
0.117310926318
307.0 242.0 193.0 71.0
obstacle
0.117306679487
2.0 207.0 34.0 42.0
obstacle
0.117272555828
40.0 212.0 35.0 32.0
obstacle
0.117242030799
229.0 238.0 43.0 33.0
obstacle
0.116981603205
81.0 118.0 29.0 32.0
obstacle
0.116921417415
78.0 216.0 37.0 27.0
obstacle
0.11685590446
5.0 139.0 31.0 38.0
obstacle
0.116732150316
263.0 146.0 37.0 21.0
obstacle
0.116558268666
457.0 260.0 43.0 35.0
obstacle
0.116053231061
5.0 117.0 31.0 32.0
obstacle
0.116024829447
38.0 288.0 40.0 25.0
obstacle
0.115935146809
259.0 198.0 54.0 20.0
obstacle
0.115918651223
42.0 0.0 32.0 29.0
obstacle
0.115355491638
229.0 218.0 46.0 27.0
obstacle
0.115306332707
221.0 196.0 55.0 23.0
obstacle
0.115204505622
307.0 59.0 119.0 59.0
obstacle
0.115065477788
81.0 191.0 32.0 29.0
obstacle
0.114870294929
46.0 97.0 23.0 25.0
obstacle
0.114704877138
117.0 289.0 35.0 24.0
obstacle
0.114587374032
306.0 115.0 35.0 29.0
obstacle
0.114368379116
360.0 75.0 90.0 73.0
obstacle
0.11397331953
79.0 96.0 35.0 26.0
obstacle
0.113842628896
191.0 37.0 117.0 51.0
obstacle
0.113272853196
422.0 161.0 38.0 40.0
obstacle
0.112495653331
83.0 141.0 27.0 33.0
obstacle
0.112103588879
272.0 34.0 110.0 59.0
obstacle
0.112078100443
463.0 289.0 37.0 24.0
obstacle
0.111992098391
192.0 1.0 38.0 23.0
obstacle
0.111177451909
236.0 39.0 105.0 48.0
obstacle
0.110997341573
156.0 2.0 33.0 22.0
obstacle
0.110898651183
453.0 96.0 47.0 25.0
obstacle
0.110841095448
418.0 257.0 47.0 42.0
obstacle
0.110822029412
303.0 237.0 47.0 34.0
obstacle
0.110429503024
79.0 72.0 34.0 26.0
obstacle
0.110355496407
0.0 62.0 95.0 92.0
obstacle
0.110086999834
385.0 287.0 36.0 26.0
obstacle
0.110005863011
5.0 95.0 30.0 28.0
obstacle
0.109834909439
231.0 1.0 36.0 24.0
obstacle
0.109709493816
146.0 53.0 136.0 253.0
obstacle
0.109703965485
2.0 71.0 35.0 29.0
obstacle
0.109648957849
423.0 287.0 38.0 26.0
obstacle
0.109599344432
420.0 140.0 39.0 33.0
obstacle
0.109432481229
264.0 170.0 41.0 22.0
obstacle
0.109229080379
117.0 215.0 37.0 29.0
obstacle
0.109177619219
420.0 121.0 80.0 73.0
obstacle
0.109147146344
452.0 120.0 48.0 24.0
obstacle
0.109090894461
3.0 48.0 34.0 28.0
obstacle
0.109039060771
265.0 118.0 36.0 25.0
obstacle
0.109012998641
384.0 51.0 41.0 18.0
obstacle
0.108889296651
383.0 192.0 40.0 29.0
obstacle
0.108542345464
110.0 260.0 46.0 36.0
obstacle
0.108539968729
420.0 191.0 45.0 31.0
obstacle
0.108522713184
190.0 217.0 46.0 27.0
obstacle
0.108230367303
1.0 232.0 36.0 41.0
obstacle
0.108193315566
452.0 215.0 48.0 29.0
obstacle
0.107955098152
455.0 237.0 45.0 32.0
obstacle
0.107922904193
3.0 184.0 35.0 41.0
obstacle
0.10773897171
97.0 27.0 151.0 70.0
obstacle
0.10749425739
117.0 2.0 35.0 23.0
obstacle
0.107469715178
379.0 256.0 46.0 44.0
obstacle
0.107216373086
189.0 146.0 39.0 20.0
obstacle
0.107144527137
268.0 24.0 43.0 26.0
obstacle
0.107134439051
266.0 218.0 48.0 26.0
obstacle
0.106714770198
187.0 195.0 49.0 24.0
obstacle
0.106596134603
43.0 73.0 28.0 25.0
obstacle
0.106509312987
151.0 25.0 44.0 24.0
obstacle
0.106248110533
308.0 290.0 36.0 23.0
obstacle
0.106168307364
122.0 168.0 26.0 27.0
obstacle
0.106097705662
228.0 95.0 40.0 22.0
obstacle
0.105921790004
344.0 51.0 44.0 18.0
obstacle
0.10587027669
457.0 143.0 43.0 27.0
obstacle
0.105705939233
459.0 191.0 41.0 30.0
obstacle
0.105498112738
180.0 5.0 140.0 69.0
obstacle
0.105339817703
117.0 192.0 37.0 29.0
obstacle
0.105273738503
342.0 117.0 36.0 27.0
obstacle
0.104718200862
295.0 195.0 61.0 23.0
obstacle
0.104427330196
347.0 289.0 34.0 24.0
obstacle
0.104401551187
461.0 165.0 39.0 31.0
obstacle
0.103949800134
341.0 260.0 46.0 37.0
obstacle
0.103899896145
4.0 287.0 31.0 26.0
obstacle
0.103849060833
149.0 34.0 123.0 56.0
obstacle
0.1036093086
154.0 168.0 38.0 26.0
obstacle
0.102802321315
379.0 92.0 45.0 29.0
obstacle
0.102438479662
117.0 95.0 35.0 28.0
obstacle
0.102385811508
7.0 20.0 28.0 33.0
obstacle
0.101734131575
306.0 71.0 39.0 23.0
obstacle
0.101590506732
65.0 202.0 286.0 94.0
obstacle
0.101163975894
344.0 72.0 40.0 22.0
obstacle
0.101008988917
223.0 146.0 47.0 22.0
obstacle
0.100909642875
121.0 143.0 25.0 30.0
obstacle
0.100867778063
114.0 237.0 41.0 33.0
obstacle
0.100721776485
226.0 170.0 43.0 23.0
obstacle
0.100704438984
152.0 239.0 44.0 30.0
obstacle
0.100491464138
152.0 217.0 45.0 27.0
obstacle
0.100452534854
384.0 117.0 34.0 30.0
obstacle
0.100341901183
379.0 216.0 48.0 30.0
obstacle
0.100327789783
154.0 118.0 33.0 27.0
obstacle
0.10015527159
148.0 193.0 52.0 28.0
obstacle
0.10008752346
116.0 72.0 35.0 25.0
obstacle
0.0999902114272
311.0 34.0 109.0 60.0
obstacle
0.0996948108077
189.0 94.0 42.0 24.0
obstacle
0.0996740460396
82.0 0.0 28.0 26.0
obstacle
0.0990987718105
118.0 117.0 29.0 32.0
obstacle
0.0986811667681
427.0 159.0 73.0 92.0
obstacle
0.0986340716481
269.0 94.0 33.0 26.0
obstacle
0.098520770669
417.0 117.0 45.0 31.0
obstacle
0.097960293293
155.0 92.0 35.0 29.0
obstacle
0.0977880805731
156.0 144.0 31.0 26.0
obstacle
0.0974154770374
44.0 23.0 30.0 30.0
obstacle
0.0966790691018
375.0 233.0 51.0 42.0
obstacle
0.0966319739819
190.0 72.0 41.0 23.0
obstacle
0.0962465107441
341.0 94.0 38.0 24.0
obstacle
0.0959111824632
220.0 118.0 49.0 24.0
obstacle
0.0953375101089
417.0 95.0 49.0 28.0
obstacle
0.0951668024063
338.0 196.0 56.0 21.0
obstacle
0.0951147973537
302.0 213.0 53.0 35.0
obstacle
0.0949167981744
307.0 92.0 32.0 27.0
obstacle
0.0947720184922
113.0 25.0 44.0 24.0
obstacle
0.094114407897
48.0 50.0 25.0 24.0
obstacle
0.0934523418546
339.0 238.0 53.0 33.0
obstacle
0.0934182703495
84.0 52.0 27.0 19.0
obstacle
0.0932297855616
265.0 73.0 44.0 21.0
obstacle
0.0928387343884
226.0 72.0 45.0 22.0
obstacle
0.0923294946551
79.0 24.0 33.0 25.0
obstacle
0.0917672142386
0.0 0.0 196.0 266.0
obstacle
0.09172398597
155.0 72.0 34.0 24.0
obstacle
0.0908544287086
229.0 25.0 43.0 25.0
obstacle
0.0908388122916
121.0 50.0 29.0 21.0
obstacle
0.0874560698867
190.0 26.0 44.0 23.0
obstacle
0.0873528048396
307.0 48.0 43.0 23.0
obstacle
0.0865926370025
159.0 51.0 33.0 18.0
obstacle
0.0840248093009
196.0 50.0 34.0 19.0
obstacle
0.0779501125216
342.0 219.0 48.0 26.0
obstacle
0.0778948739171
268.0 49.0 45.0 21.0
obstacle
0.075620174408
231.0 50.0 39.0 20.0
