obstacle
0.230644479394
369.0 0.0 131.0 111.0
obstacle
0.205545574427
192.0 46.0 196.0 104.0
obstacle
0.205505013466
245.0 247.0 164.0 120.0
obstacle
0.204382881522
232.0 96.0 114.0 82.0
obstacle
0.202875226736
125.0 36.0 171.0 126.0
obstacle
0.200061842799
198.0 102.0 103.0 68.0
obstacle
0.198872953653
154.0 73.0 114.0 68.0
obstacle
0.196336135268
90.0 0.0 410.0 256.0
obstacle
0.196320265532
282.0 0.0 179.0 124.0
obstacle
0.194419190288
256.0 88.0 144.0 98.0
obstacle
0.193889304996
10.0 0.0 168.0 150.0
obstacle
0.191028788686
106.0 0.0 128.0 148.0
obstacle
0.186552047729
0.0 129.0 143.0 245.0
obstacle
0.185550138354
333.0 10.0 167.0 180.0
obstacle
0.185092702508
64.0 176.0 294.0 198.0
obstacle
0.181142285466
285.0 178.0 164.0 81.0
obstacle
0.179829642177
158.0 315.0 33.0 36.0
obstacle
0.178827285767
0.0 0.0 362.0 161.0
obstacle
0.178410127759
265.0 274.0 235.0 100.0
obstacle
0.178270831704
286.0 154.0 163.0 75.0
obstacle
0.176374554634
168.0 94.0 332.0 183.0
obstacle
0.176223471761
90.0 77.0 164.0 57.0
obstacle
0.176212787628
209.0 61.0 236.0 130.0
obstacle
0.173008814454
149.0 102.0 124.0 67.0
obstacle
0.172649562359
254.0 187.0 150.0 63.0
obstacle
0.171989828348
217.0 277.0 141.0 97.0
obstacle
0.171253249049
183.0 0.0 142.0 170.0
obstacle
0.170878618956
0.0 282.0 222.0 92.0
obstacle
0.166620433331
159.0 350.0 30.0 24.0
obstacle
0.16607581079
203.0 65.0 95.0 87.0
obstacle
0.165967077017
100.0 119.0 400.0 255.0
obstacle
0.165417015553
48.0 40.0 167.0 74.0
obstacle
0.162784874439
155.0 287.0 39.0 32.0
obstacle
0.161383613944
348.0 170.0 38.0 32.0
obstacle
0.161037385464
25.0 117.0 59.0 24.0
obstacle
0.160957217216
0.0 9.0 226.0 301.0
obstacle
0.160251170397
187.0 242.0 123.0 128.0
obstacle
0.158998891711
126.0 203.0 318.0 133.0
obstacle
0.158100321889
359.0 121.0 141.0 253.0
obstacle
0.157898485661
112.0 0.0 344.0 76.0
obstacle
0.157801687717
155.0 59.0 190.0 138.0
obstacle
0.157561555505
310.0 175.0 39.0 25.0
obstacle
0.157264605165
150.0 234.0 121.0 140.0
obstacle
0.157075732946
304.0 121.0 131.0 85.0
obstacle
0.156515747309
156.0 261.0 37.0 26.0
obstacle
0.156094193459
0.0 62.0 148.0 86.0
obstacle
0.155948460102
198.0 346.0 27.0 28.0
obstacle
0.155353322625
256.0 209.0 143.0 76.0
obstacle
0.154812052846
200.0 318.0 27.0 31.0
obstacle
0.154690951109
34.0 48.0 268.0 159.0
obstacle
0.154192879796
116.0 312.0 40.0 40.0
obstacle
0.153613567352
0.0 93.0 125.0 81.0
obstacle
0.15361136198
115.0 257.0 39.0 34.0
obstacle
0.153353244066
0.0 0.0 98.0 170.0
obstacle
0.152776792645
119.0 348.0 34.0 26.0
obstacle
0.151283726096
118.0 228.0 36.0 33.0
obstacle
0.151177480817
152.0 148.0 115.0 79.0
obstacle
0.150007396936
0.0 37.0 139.0 73.0
obstacle
0.149064123631
41.0 280.0 334.0 94.0
obstacle
0.147398456931
207.0 146.0 84.0 83.0
obstacle
0.146322056651
421.0 2.0 79.0 144.0
obstacle
0.14578422904
242.0 143.0 258.0 196.0
obstacle
0.144678488374
0.0 117.0 95.0 87.0
obstacle
0.144658491015
235.0 341.0 27.0 33.0
obstacle
0.144082680345
122.0 0.0 181.0 119.0
obstacle
0.143386945128
264.0 160.0 129.0 59.0
obstacle
0.143323242664
0.0 141.0 202.0 98.0
obstacle
0.143261909485
268.0 145.0 36.0 26.0
obstacle
0.14324824512
117.0 285.0 36.0 36.0
obstacle
0.14293551445
29.0 31.0 57.0 29.0
obstacle
0.14287160337
309.0 0.0 182.0 66.0
obstacle
0.142313763499
0.0 39.0 135.0 243.0
obstacle
0.142045155168
0.0 146.0 300.0 133.0
obstacle
0.141589522362
236.0 222.0 103.0 108.0
obstacle
0.141375020146
0.0 0.0 136.0 57.0
obstacle
0.141264289618
349.0 169.0 151.0 100.0
obstacle
0.141213014722
36.0 84.0 279.0 265.0
obstacle
0.141120687127
0.0 172.0 119.0 90.0
obstacle
0.140974879265
0.0 191.0 245.0 183.0
obstacle
0.140863254666
427.0 30.0 36.0 35.0
obstacle
0.140708744526
86.0 169.0 169.0 92.0
obstacle
0.140636637807
242.0 9.0 168.0 79.0
obstacle
0.140518188477
427.0 0.0 34.0 37.0
obstacle
0.140447750688
104.0 33.0 61.0 25.0
obstacle
0.14007923007
312.0 315.0 32.0 31.0
obstacle
0.139924302697
64.0 33.0 67.0 26.0
obstacle
0.139878988266
229.0 149.0 39.0 19.0
obstacle
0.139521181583
410.0 134.0 90.0 113.0
obstacle
0.139321893454
234.0 316.0 32.0 33.0
obstacle
0.139214381576
389.0 172.0 32.0 30.0
obstacle
0.139074057341
81.0 349.0 34.0 25.0
obstacle
0.138157561421
192.0 220.0 308.0 154.0
obstacle
0.137795478106
197.0 289.0 35.0 29.0
obstacle
0.137774631381
347.0 317.0 36.0 30.0
obstacle
0.137765407562
387.0 0.0 34.0 34.0
obstacle
0.13754761219
65.0 116.0 59.0 27.0
obstacle
0.137008160353
268.0 0.0 42.0 34.0
obstacle
0.13672208786
274.0 318.0 30.0 28.0
obstacle
0.136205866933
0.0 0.0 271.0 73.0
obstacle
0.13553892076
410.0 191.0 90.0 110.0
obstacle
0.135480999947
341.0 142.0 44.0 31.0
obstacle
0.135371744633
414.0 0.0 86.0 76.0
obstacle
0.134639441967
3.0 0.0 34.0 30.0
obstacle
0.134517401457
37.0 91.0 189.0 81.0
obstacle
0.134413942695
460.0 256.0 40.0 34.0
obstacle
0.133972361684
370.0 101.0 130.0 125.0
obstacle
0.133927822113
35.0 0.0 43.0 31.0
obstacle
0.133919373155
0.0 30.0 44.0 28.0
obstacle
0.133761823177
387.0 29.0 37.0 32.0
obstacle
0.133312612772
87.0 122.0 166.0 77.0
obstacle
0.132145419717
234.0 206.0 35.0 24.0
obstacle
0.131673723459
425.0 171.0 36.0 34.0
obstacle
0.131532862782
313.0 281.0 32.0 39.0
obstacle
0.131406858563
307.0 30.0 119.0 157.0
obstacle
0.131377741694
273.0 340.0 29.0 34.0
obstacle
0.130773514509
193.0 0.0 186.0 53.0
obstacle
0.13049659133
44.0 348.0 32.0 26.0
obstacle
0.130158960819
302.0 143.0 43.0 28.0
obstacle
0.130116656423
38.0 254.0 38.0 42.0
obstacle
0.129771232605
21.0 88.0 68.0 25.0
obstacle
0.129758045077
45.0 316.0 30.0 32.0
obstacle
0.129615038633
139.0 29.0 226.0 254.0
obstacle
0.129572227597
4.0 187.0 184.0 121.0
obstacle
0.129461362958
287.0 220.0 158.0 115.0
obstacle
0.129365205765
157.0 234.0 37.0 24.0
obstacle
0.129337251186
347.0 279.0 36.0 43.0
obstacle
0.128732517362
348.0 342.0 31.0 32.0
obstacle
0.128271251917
267.0 229.0 123.0 97.0
obstacle
0.127732157707
29.0 196.0 54.0 43.0
obstacle
0.127246022224
308.0 0.0 39.0 34.0
obstacle
0.127088740468
245.0 208.0 84.0 77.0
obstacle
0.126980081201
389.0 314.0 30.0 34.0
obstacle
0.126762032509
78.0 255.0 36.0 40.0
obstacle
0.126468792558
246.0 156.0 86.0 63.0
obstacle
0.126411929727
0.0 85.0 242.0 140.0
obstacle
0.126350343227
74.0 213.0 196.0 125.0
obstacle
0.126232281327
91.0 91.0 78.0 19.0
obstacle
0.125883221626
56.0 0.0 151.0 214.0
obstacle
0.125847905874
234.0 260.0 36.0 28.0
obstacle
0.125682234764
394.0 0.0 106.0 320.0
obstacle
0.125292301178
259.0 37.0 133.0 85.0
obstacle
0.124923564494
74.0 3.0 42.0 27.0
obstacle
0.124725043774
459.0 106.0 41.0 43.0
obstacle
0.124395489693
48.0 0.0 167.0 58.0
obstacle
0.12398365885
33.0 226.0 46.0 40.0
obstacle
0.123732164502
0.0 193.0 84.0 104.0
obstacle
0.123544953763
289.0 25.0 156.0 260.0
obstacle
0.123391598463
108.0 114.0 48.0 28.0
obstacle
0.123234465718
243.0 122.0 96.0 80.0
obstacle
0.123040892184
230.0 0.0 40.0 33.0
obstacle
0.122962288558
428.0 54.0 32.0 41.0
obstacle
0.122802637517
466.0 0.0 34.0 34.0
obstacle
0.12273094058
0.0 89.0 41.0 24.0
obstacle
0.122683487833
57.0 87.0 74.0 26.0
obstacle
0.122342891991
310.0 338.0 30.0 36.0
obstacle
0.121896423399
190.0 149.0 42.0 20.0
obstacle
0.121895432472
469.0 201.0 31.0 30.0
obstacle
0.121766462922
272.0 178.0 34.0 21.0
obstacle
0.121588639915
0.0 220.0 130.0 110.0
obstacle
0.121423467994
78.0 314.0 38.0 37.0
obstacle
0.121318489313
388.0 283.0 30.0 36.0
obstacle
0.121068537235
312.0 191.0 186.0 110.0
obstacle
0.120981566608
27.0 221.0 137.0 153.0
obstacle
0.120885640383
135.0 197.0 146.0 99.0
obstacle
0.120750747621
385.0 345.0 37.0 29.0
obstacle
0.12045507133
73.0 145.0 44.0 27.0
obstacle
0.120307914913
157.0 205.0 35.0 25.0
obstacle
0.120141617954
461.0 76.0 39.0 48.0
obstacle
0.119961999357
179.0 117.0 56.0 22.0
obstacle
0.119693517685
463.0 22.0 37.0 44.0
obstacle
0.119677871466
96.0 113.0 305.0 142.0
obstacle
0.119632050395
242.0 185.0 94.0 65.0
obstacle
0.119293212891
89.0 59.0 88.0 22.0
obstacle
0.118855558336
32.0 142.0 45.0 35.0
obstacle
0.118535399437
347.0 0.0 38.0 34.0
obstacle
0.118361316621
40.0 288.0 36.0 32.0
obstacle
0.118287697434
387.0 57.0 35.0 33.0
obstacle
0.118213221431
463.0 169.0 37.0 34.0
obstacle
0.118085317314
204.0 126.0 93.0 73.0
obstacle
0.117940567434
462.0 284.0 38.0 35.0
obstacle
0.117692396045
417.0 108.0 46.0 45.0
obstacle
0.117613822222
371.0 283.0 129.0 91.0
obstacle
0.117162078619
190.0 1.0 42.0 32.0
obstacle
0.117005005479
340.0 32.0 50.0 27.0
obstacle
0.116804018617
152.0 148.0 39.0 20.0
obstacle
0.116787701845
194.0 209.0 38.0 20.0
obstacle
0.116734422743
0.0 256.0 39.0 38.0
obstacle
0.116715818644
79.0 284.0 34.0 38.0
obstacle
0.116692133248
232.0 177.0 37.0 23.0
obstacle
0.116569757462
234.0 236.0 37.0 22.0
obstacle
0.116269648075
274.0 232.0 35.0 24.0
obstacle
0.116216123104
196.0 263.0 37.0 24.0
obstacle
0.116128072143
0.0 191.0 38.0 51.0
obstacle
0.116024054587
90.0 268.0 165.0 106.0
obstacle
0.115675009787
419.0 143.0 46.0 35.0
obstacle
0.115662902594
464.0 54.0 36.0 37.0
obstacle
0.115265935659
0.0 169.0 38.0 38.0
obstacle
0.115253008902
424.0 77.0 37.0 52.0
obstacle
0.113621525466
423.0 55.0 77.0 157.0
obstacle
0.113291062415
199.0 204.0 98.0 85.0
obstacle
0.113177038729
76.0 228.0 40.0 38.0
obstacle
0.11300907284
384.0 253.0 36.0 38.0
obstacle
0.112876452506
141.0 118.0 55.0 18.0
obstacle
0.112648397684
273.0 254.0 35.0 37.0
obstacle
0.112635761499
313.0 227.0 34.0 32.0
obstacle
0.11241453141
274.0 287.0 33.0 29.0
obstacle
0.112274356186
466.0 343.0 34.0 31.0
obstacle
0.112162783742
466.0 229.0 30.0 32.0
obstacle
0.111847132444
218.0 114.0 57.0 27.0
obstacle
0.111728668213
150.0 2.0 44.0 29.0
obstacle
0.11166203022
175.0 11.0 147.0 74.0
obstacle
0.111537538469
128.0 0.0 160.0 52.0
obstacle
0.110776491463
117.0 143.0 33.0 29.0
obstacle
0.110570080578
111.0 3.0 45.0 27.0
obstacle
0.110549241304
416.0 238.0 84.0 134.0
obstacle
0.110373221338
143.0 34.0 60.0 22.0
obstacle
0.110333897173
235.0 287.0 34.0 32.0
obstacle
0.109952829778
2.0 285.0 35.0 36.0
obstacle
0.109305635095
0.0 223.0 38.0 45.0
obstacle
0.10923153162
4.0 313.0 32.0 36.0
obstacle
0.108719989657
159.0 40.0 107.0 74.0
obstacle
0.108380064368
258.0 111.0 54.0 32.0
obstacle
0.107987605035
276.0 204.0 29.0 26.0
obstacle
0.107773900032
55.0 60.0 82.0 25.0
obstacle
0.107415348291
461.0 138.0 39.0 39.0
obstacle
0.107414603233
132.0 91.0 72.0 19.0
obstacle
0.107031032443
4.0 347.0 31.0 27.0
obstacle
0.10687366128
0.0 4.0 438.0 367.0
obstacle
0.106752693653
428.0 344.0 32.0 30.0
obstacle
0.106744505465
0.0 58.0 46.0 29.0
obstacle
0.105960987508
0.0 303.0 114.0 71.0
obstacle
0.105827957392
424.0 316.0 35.0 29.0
obstacle
0.105498686433
349.0 224.0 35.0 39.0
obstacle
0.105321876705
73.0 197.0 45.0 40.0
obstacle
0.105203382671
118.0 199.0 38.0 35.0
obstacle
0.10503962636
156.0 175.0 35.0 26.0
obstacle
0.104873299599
383.0 143.0 40.0 32.0
obstacle
0.10477130115
169.0 88.0 75.0 22.0
obstacle
0.104393072426
75.0 170.0 42.0 34.0
obstacle
0.104025319219
197.0 179.0 106.0 75.0
obstacle
0.103583581746
0.0 116.0 44.0 26.0
obstacle
0.103361152112
425.0 285.0 32.0 33.0
obstacle
0.103329025209
195.0 237.0 39.0 20.0
obstacle
0.102852538228
385.0 81.0 35.0 41.0
obstacle
0.102509945631
194.0 178.0 39.0 22.0
obstacle
0.101698495448
381.0 111.0 41.0 38.0
obstacle
0.101205736399
465.0 309.0 34.0 41.0
obstacle
0.100872769952
389.0 225.0 29.0 38.0
obstacle
0.0997112989426
0.0 245.0 94.0 116.0
obstacle
0.099687539041
422.0 255.0 38.0 35.0
obstacle
0.0982945710421
119.0 172.0 33.0 30.0
obstacle
0.0982722118497
195.0 36.0 108.0 84.0
obstacle
0.0972969383001
30.0 170.0 49.0 36.0
obstacle
0.0972584336996
182.0 33.0 59.0 24.0
obstacle
0.0963368266821
428.0 198.0 29.0 38.0
obstacle
0.0962164178491
295.0 109.0 55.0 38.0
obstacle
0.0959341898561
348.0 245.0 35.0 52.0
obstacle
0.0956756770611
344.0 82.0 38.0 39.0
obstacle
0.0954798310995
263.0 32.0 53.0 27.0
obstacle
0.0954086333513
221.0 32.0 59.0 26.0
obstacle
0.0952959284186
0.0 144.0 39.0 32.0
obstacle
0.0946804136038
256.0 86.0 60.0 27.0
obstacle
0.0946372374892
217.0 87.0 61.0 25.0
obstacle
0.0946190357208
301.0 32.0 51.0 27.0
obstacle
0.0944039821625
19.0 59.0 75.0 25.0
obstacle
0.0942298546433
176.0 60.0 68.0 21.0
obstacle
0.0942163020372
393.0 199.0 23.0 34.0
obstacle
0.0934386998415
424.0 227.0 36.0 35.0
obstacle
0.0926200225949
341.0 59.0 47.0 30.0
obstacle
0.0920087471604
353.0 198.0 29.0 35.0
obstacle
0.0906829461455
316.0 199.0 29.0 34.0
obstacle
0.0891486108303
313.0 246.0 34.0 48.0
obstacle
0.0878375768661
299.0 84.0 50.0 33.0
obstacle
0.0863491147757
339.0 111.0 47.0 35.0
obstacle
0.0856116712093
219.0 61.0 59.0 22.0
obstacle
0.0853216201067
259.0 61.0 57.0 23.0
obstacle
0.0852998942137
133.0 58.0 76.0 23.0
obstacle
0.0830796808004
299.0 61.0 53.0 26.0
obstacle
0.081241749227
348.0 52.0 114.0 269.0
