obstacle
0.226821392775
0.0 0.0 320.0 315.0
obstacle
0.220619291067
273.0 0.0 190.0 131.0
obstacle
0.214238494635
345.0 74.0 36.0 29.0
obstacle
0.213968202472
378.0 195.0 122.0 138.0
obstacle
0.205384358764
58.0 0.0 442.0 259.0
obstacle
0.196036189795
308.0 74.0 35.0 30.0
obstacle
0.195873826742
163.0 9.0 98.0 165.0
obstacle
0.19496037066
222.0 0.0 134.0 143.0
obstacle
0.188378065825
281.0 14.0 94.0 108.0
obstacle
0.188372150064
0.0 128.0 148.0 78.0
obstacle
0.187345206738
340.0 0.0 160.0 195.0
obstacle
0.18612241745
0.0 173.0 140.0 96.0
obstacle
0.181557536125
0.0 199.0 129.0 134.0
obstacle
0.181181594729
196.0 12.0 111.0 159.0
obstacle
0.180643334985
278.0 55.0 106.0 134.0
obstacle
0.180041134357
380.0 74.0 42.0 28.0
obstacle
0.18001267314
0.0 122.0 272.0 211.0
obstacle
0.179874002934
199.0 92.0 301.0 241.0
obstacle
0.179796352983
287.0 187.0 155.0 112.0
obstacle
0.178978100419
131.0 25.0 89.0 188.0
obstacle
0.177187979221
0.0 0.0 118.0 103.0
obstacle
0.175470948219
0.0 61.0 286.0 149.0
obstacle
0.17508302629
248.0 15.0 81.0 106.0
obstacle
0.174567371607
304.0 51.0 45.0 22.0
obstacle
0.173911586404
378.0 49.0 49.0 24.0
obstacle
0.173066943884
85.0 139.0 322.0 151.0
obstacle
0.171272158623
314.0 213.0 29.0 16.0
obstacle
0.169884502888
224.0 44.0 268.0 80.0
obstacle
0.169527068734
268.0 75.0 36.0 26.0
obstacle
0.16948902607
131.0 263.0 300.0 70.0
obstacle
0.168740540743
0.0 90.0 137.0 203.0
obstacle
0.168355613947
227.0 78.0 39.0 25.0
obstacle
0.166745841503
339.0 50.0 50.0 24.0
obstacle
0.16651147604
200.0 28.0 300.0 61.0
obstacle
0.166281506419
109.0 29.0 53.0 19.0
obstacle
0.165414914489
226.0 55.0 126.0 131.0
obstacle
0.16336607933
51.0 127.0 157.0 139.0
obstacle
0.162738725543
85.0 14.0 103.0 205.0
obstacle
0.161079511046
429.0 208.0 32.0 20.0
obstacle
0.159934997559
69.0 24.0 55.0 28.0
obstacle
0.15931545198
198.0 211.0 28.0 21.0
obstacle
0.159004732966
0.0 48.0 39.0 31.0
obstacle
0.158191278577
105.0 161.0 131.0 119.0
obstacle
0.158161208034
184.0 52.0 50.0 22.0
obstacle
0.15809032321
209.0 23.0 85.0 90.0
obstacle
0.157867014408
79.0 10.0 104.0 114.0
obstacle
0.157804504037
90.0 187.0 174.0 146.0
obstacle
0.157647430897
268.0 52.0 40.0 21.0
obstacle
0.157451599836
146.0 54.0 50.0 18.0
obstacle
0.15737760067
103.0 26.0 144.0 233.0
obstacle
0.157119840384
257.0 254.0 135.0 79.0
obstacle
0.156723633409
417.0 0.0 52.0 29.0
obstacle
0.156279116869
67.0 47.0 56.0 32.0
obstacle
0.155866146088
0.0 0.0 87.0 208.0
obstacle
0.155668437481
149.0 184.0 202.0 71.0
obstacle
0.155433923006
36.0 26.0 122.0 182.0
obstacle
0.15522159636
143.0 81.0 135.0 126.0
obstacle
0.154809698462
0.0 188.0 82.0 115.0
obstacle
0.154283300042
416.0 73.0 49.0 30.0
obstacle
0.154231548309
179.0 67.0 321.0 140.0
obstacle
0.154173448682
267.0 148.0 116.0 96.0
obstacle
0.154014259577
172.0 187.0 150.0 113.0
obstacle
0.152217134833
320.0 14.0 92.0 108.0
obstacle
0.1522051543
370.0 0.0 130.0 61.0
obstacle
0.151008352637
0.0 214.0 229.0 104.0
obstacle
0.151000365615
102.0 51.0 59.0 26.0
obstacle
0.150915846229
94.0 0.0 158.0 115.0
obstacle
0.150588795543
150.0 75.0 37.0 30.0
obstacle
0.150396212935
37.0 46.0 41.0 33.0
obstacle
0.150242671371
0.0 0.0 233.0 175.0
obstacle
0.149937435985
279.0 244.0 221.0 89.0
obstacle
0.149868577719
285.0 0.0 152.0 61.0
obstacle
0.14977696538
69.0 75.0 47.0 30.0
obstacle
0.149444147944
0.0 161.0 122.0 65.0
obstacle
0.148838222027
144.0 0.0 130.0 75.0
obstacle
0.148808479309
415.0 29.0 52.0 20.0
obstacle
0.148548334837
0.0 126.0 66.0 84.0
obstacle
0.148452967405
184.0 27.0 54.0 19.0
obstacle
0.148366853595
225.0 52.0 47.0 23.0
obstacle
0.14816044271
140.0 137.0 153.0 196.0
obstacle
0.148052215576
216.0 139.0 139.0 115.0
obstacle
0.14728666842
318.0 146.0 173.0 101.0
obstacle
0.147174224257
325.0 206.0 160.0 74.0
obstacle
0.1466819942
154.0 145.0 108.0 102.0
obstacle
0.146063730121
41.0 21.0 33.0 32.0
obstacle
0.145874291658
0.0 0.0 403.0 59.0
obstacle
0.145661443472
151.0 3.0 41.0 22.0
obstacle
0.145445227623
229.0 28.0 43.0 18.0
obstacle
0.14528863132
212.0 219.0 147.0 99.0
obstacle
0.145283073187
145.0 28.0 56.0 18.0
obstacle
0.144889742136
101.0 122.0 138.0 96.0
obstacle
0.144733011723
386.0 133.0 113.0 128.0
obstacle
0.144194677472
414.0 285.0 57.0 25.0
obstacle
0.14320294559
226.0 0.0 120.0 63.0
obstacle
0.143171980977
239.0 176.0 169.0 90.0
obstacle
0.14306551218
187.0 77.0 40.0 26.0
obstacle
0.141943499446
269.0 27.0 41.0 19.0
obstacle
0.141489058733
296.0 36.0 143.0 160.0
obstacle
0.140888974071
174.0 0.0 150.0 116.0
obstacle
0.14074754715
0.0 283.0 36.0 26.0
obstacle
0.139844223857
39.0 0.0 32.0 33.0
obstacle
0.139616414905
377.0 285.0 52.0 22.0
obstacle
0.138800725341
41.0 13.0 104.0 107.0
obstacle
0.138673916459
303.0 185.0 41.0 19.0
obstacle
0.138496115804
182.0 0.0 318.0 73.0
obstacle
0.138464719057
0.0 272.0 169.0 61.0
obstacle
0.138076335192
257.0 287.0 61.0 20.0
obstacle
0.137733906507
242.0 106.0 169.0 129.0
obstacle
0.137603282928
430.0 227.0 70.0 86.0
obstacle
0.137442469597
336.0 286.0 58.0 20.0
obstacle
0.137148886919
113.0 2.0 41.0 25.0
obstacle
0.137064382434
189.0 3.0 43.0 21.0
obstacle
0.136993378401
229.0 2.0 43.0 23.0
obstacle
0.13681550324
32.0 75.0 44.0 29.0
obstacle
0.136633187532
138.0 55.0 286.0 113.0
obstacle
0.13570150733
380.0 26.0 47.0 22.0
obstacle
0.135376647115
393.0 0.0 107.0 137.0
obstacle
0.135235652328
306.0 0.0 44.0 24.0
obstacle
0.135229691863
194.0 186.0 32.0 20.0
obstacle
0.134991049767
418.0 200.0 82.0 88.0
obstacle
0.134740516543
159.0 39.0 191.0 206.0
obstacle
0.13428376615
33.0 216.0 417.0 100.0
obstacle
0.134076401591
311.0 101.0 24.0 25.0
obstacle
0.133780926466
385.0 101.0 33.0 28.0
obstacle
0.133645877242
304.0 27.0 50.0 19.0
obstacle
0.133362188935
102.0 289.0 61.0 18.0
obstacle
0.133321195841
275.0 212.0 34.0 20.0
obstacle
0.132832691073
413.0 49.0 56.0 24.0
obstacle
0.132758915424
141.0 0.0 359.0 148.0
obstacle
0.132626667619
342.0 217.0 126.0 107.0
obstacle
0.132420688868
156.0 175.0 331.0 128.0
obstacle
0.131746694446
220.0 287.0 60.0 20.0
obstacle
0.131637841463
417.0 53.0 83.0 130.0
obstacle
0.131544262171
350.0 209.0 37.0 19.0
obstacle
0.131053984165
224.0 314.0 54.0 16.0
obstacle
0.130901858211
76.0 0.0 37.0 30.0
obstacle
0.130357176065
352.0 39.0 148.0 294.0
obstacle
0.130089357495
411.0 124.0 89.0 91.0
obstacle
0.130034655333
108.0 76.0 41.0 28.0
obstacle
0.129976406693
1.0 76.0 34.0 27.0
obstacle
0.12958355248
342.0 27.0 48.0 22.0
obstacle
0.129251077771
267.0 1.0 43.0 24.0
obstacle
0.129240244627
0.0 235.0 340.0 98.0
obstacle
0.129141911864
293.0 285.0 65.0 24.0
obstacle
0.12910194695
421.0 181.0 40.0 20.0
obstacle
0.129033729434
153.0 316.0 42.0 16.0
obstacle
0.128786921501
112.0 315.0 46.0 16.0
obstacle
0.128061816096
383.0 2.0 42.0 25.0
obstacle
0.127812117338
283.0 134.0 217.0 165.0
obstacle
0.12705796957
141.0 289.0 60.0 18.0
obstacle
0.126765474677
455.0 44.0 45.0 32.0
obstacle
0.126726850867
0.0 207.0 34.0 25.0
obstacle
0.126669541001
0.0 254.0 34.0 33.0
obstacle
0.12664963305
339.0 275.0 131.0 58.0
obstacle
0.126359865069
0.0 187.0 367.0 106.0
obstacle
0.126173734665
192.0 314.0 40.0 18.0
obstacle
0.125609397888
264.0 313.0 51.0 20.0
obstacle
0.125604495406
28.0 35.0 422.0 98.0
obstacle
0.125300362706
461.0 0.0 39.0 27.0
obstacle
0.124922059476
4.0 0.0 29.0 28.0
obstacle
0.124872013927
390.0 205.0 35.0 28.0
obstacle
0.124726451933
168.0 113.0 163.0 112.0
obstacle
0.124696701765
152.0 185.0 37.0 19.0
obstacle
0.124371878803
65.0 130.0 55.0 21.0
obstacle
0.12427020818
419.0 101.0 43.0 28.0
obstacle
0.123676322401
185.0 248.0 126.0 85.0
obstacle
0.123443327844
159.0 213.0 28.0 14.0
obstacle
0.12343031168
459.0 277.0 41.0 34.0
obstacle
0.123319044709
353.0 19.0 102.0 102.0
obstacle
0.123309917748
108.0 262.0 49.0 18.0
obstacle
0.123105302453
2.0 22.0 34.0 30.0
obstacle
0.122780427337
342.0 0.0 48.0 25.0
obstacle
0.122732073069
338.0 260.0 54.0 21.0
obstacle
0.122624352574
32.0 127.0 50.0 24.0
obstacle
0.122344329953
58.0 0.0 146.0 86.0
obstacle
0.122036606073
303.0 314.0 49.0 18.0
obstacle
0.121962420642
422.0 310.0 41.0 23.0
obstacle
0.121915943921
38.0 177.0 40.0 31.0
obstacle
0.121066004038
460.0 200.0 40.0 33.0
obstacle
0.121016353369
0.0 96.0 500.0 138.0
obstacle
0.120963044465
191.0 281.0 192.0 52.0
obstacle
0.120876707137
0.0 0.0 93.0 62.0
obstacle
0.119955293834
2.0 312.0 34.0 21.0
obstacle
0.119736850262
425.0 152.0 75.0 86.0
obstacle
0.11923339963
350.0 101.0 26.0 27.0
obstacle
0.119063168764
72.0 288.0 45.0 18.0
obstacle
0.118628829718
116.0 185.0 32.0 17.0
obstacle
0.118561476469
1.0 231.0 33.0 28.0
obstacle
0.118199586868
348.0 183.0 31.0 20.0
obstacle
0.118037253618
40.0 157.0 37.0 21.0
obstacle
0.117993049324
0.0 101.0 40.0 27.0
obstacle
0.117791950703
458.0 176.0 42.0 30.0
obstacle
0.117111615837
430.0 21.0 70.0 97.0
obstacle
0.116887621582
36.0 257.0 37.0 26.0
obstacle
0.116668730974
455.0 68.0 45.0 37.0
obstacle
0.116537973285
193.0 156.0 32.0 24.0
obstacle
0.116196408868
37.0 313.0 42.0 19.0
obstacle
0.115879192948
374.0 259.0 57.0 21.0
obstacle
0.115534171462
36.0 283.0 39.0 28.0
obstacle
0.115097731352
267.0 187.0 42.0 16.0
obstacle
0.1148262918
390.0 181.0 30.0 24.0
obstacle
0.114179261029
306.0 217.0 115.0 105.0
obstacle
0.113999947906
0.0 128.0 38.0 24.0
obstacle
0.113896816969
75.0 315.0 45.0 16.0
obstacle
0.113890737295
272.0 104.0 24.0 20.0
obstacle
0.113756522536
236.0 208.0 32.0 26.0
obstacle
0.113613180816
79.0 161.0 30.0 16.0
obstacle
0.113104537129
1.0 179.0 34.0 25.0
obstacle
0.112655162811
340.0 314.0 52.0 18.0
obstacle
0.112173445523
454.0 95.0 46.0 38.0
obstacle
0.111593425274
415.0 260.0 54.0 20.0
obstacle
0.111395642161
459.0 150.0 41.0 31.0
obstacle
0.11044152081
424.0 232.0 40.0 20.0
obstacle
0.110269553959
151.0 129.0 44.0 23.0
obstacle
0.110171101987
25.0 103.0 57.0 25.0
obstacle
0.109982572496
456.0 123.0 44.0 34.0
obstacle
0.10979385674
151.0 103.0 34.0 25.0
obstacle
0.108982153237
1.0 156.0 33.0 19.0
obstacle
0.108654431999
63.0 102.0 57.0 25.0
obstacle
0.108590088785
458.0 227.0 42.0 32.0
obstacle
0.108428001404
36.0 206.0 40.0 23.0
obstacle
0.107856824994
183.0 289.0 55.0 18.0
obstacle
0.107813686132
106.0 130.0 53.0 20.0
obstacle
0.107332959771
460.0 308.0 40.0 25.0
obstacle
0.1071203053
424.0 152.0 35.0 25.0
obstacle
0.107019014657
303.0 262.0 51.0 19.0
obstacle
0.105840779841
380.0 311.0 49.0 22.0
obstacle
0.105736225843
235.0 184.0 34.0 22.0
obstacle
0.105670429766
72.0 270.0 202.0 63.0
obstacle
0.10554663837
0.0 10.0 355.0 100.0
obstacle
0.105308525264
463.0 21.0 35.0 31.0
obstacle
0.105092428625
230.0 105.0 29.0 20.0
obstacle
0.104934096336
146.0 263.0 48.0 18.0
obstacle
0.104802854359
381.0 231.0 48.0 25.0
obstacle
0.104475982487
422.0 124.0 41.0 33.0
obstacle
0.104342244565
262.0 262.0 55.0 18.0
obstacle
0.103317350149
413.0 269.0 87.0 64.0
obstacle
0.102232828736
153.0 155.0 38.0 22.0
obstacle
0.101824901998
38.0 234.0 36.0 21.0
obstacle
0.101729869843
388.0 148.0 31.0 34.0
obstacle
0.100995622575
113.0 157.0 37.0 19.0
obstacle
0.10087440908
191.0 104.0 31.0 22.0
obstacle
0.10083796829
82.0 183.0 30.0 21.0
obstacle
0.0994866192341
115.0 237.0 34.0 15.0
obstacle
0.0988257825375
230.0 156.0 37.0 24.0
obstacle
0.0986559763551
77.0 237.0 38.0 14.0
obstacle
0.0985100492835
458.0 252.0 42.0 33.0
obstacle
0.0980800539255
348.0 150.0 33.0 31.0
obstacle
0.0974569916725
116.0 212.0 38.0 15.0
obstacle
0.0971263200045
309.0 126.0 33.0 29.0
obstacle
0.0964434966445
77.0 210.0 37.0 15.0
obstacle
0.0959074124694
105.0 103.0 47.0 23.0
obstacle
0.095742739737
306.0 152.0 38.0 28.0
obstacle
0.0956753864884
312.0 235.0 39.0 19.0
obstacle
0.0954691171646
192.0 130.0 35.0 23.0
obstacle
0.0947709754109
268.0 155.0 38.0 22.0
obstacle
0.0947204604745
227.0 262.0 46.0 17.0
obstacle
0.0934787914157
386.0 124.0 34.0 33.0
obstacle
0.0927050933242
344.0 231.0 43.0 26.0
obstacle
0.0925034210086
152.0 237.0 33.0 15.0
obstacle
0.089626505971
70.0 263.0 47.0 16.0
obstacle
0.0862526297569
270.0 128.0 33.0 25.0
obstacle
0.085498444736
349.0 125.0 32.0 31.0
obstacle
0.0852603316307
231.0 128.0 33.0 26.0
obstacle
0.0848720520735
236.0 234.0 35.0 21.0
obstacle
0.0823964476585
187.0 263.0 46.0 18.0
obstacle
0.0787313953042
192.0 236.0 34.0 20.0
obstacle
0.071656383574
272.0 236.0 36.0 20.0
