obstacle
0.242590650916
66.0 0.0 287.0 292.0
obstacle
0.232712090015
93.0 133.0 163.0 200.0
obstacle
0.223692253232
31.0 71.0 201.0 262.0
obstacle
0.221929877996
148.0 3.0 352.0 221.0
obstacle
0.215144202113
28.0 176.0 201.0 76.0
obstacle
0.205516368151
0.0 163.0 119.0 170.0
obstacle
0.205002993345
314.0 0.0 178.0 233.0
obstacle
0.201483935118
0.0 155.0 439.0 165.0
obstacle
0.20139016211
171.0 243.0 164.0 90.0
obstacle
0.201052352786
278.0 214.0 171.0 67.0
obstacle
0.198348715901
207.0 179.0 84.0 83.0
obstacle
0.1980599612
104.0 72.0 55.0 29.0
obstacle
0.197473570704
280.0 186.0 166.0 73.0
obstacle
0.194615676999
292.0 168.0 208.0 144.0
obstacle
0.193172976375
0.0 86.0 412.0 150.0
obstacle
0.192497417331
288.0 229.0 148.0 87.0
obstacle
0.19182574749
236.0 137.0 256.0 66.0
obstacle
0.188072189689
258.0 159.0 211.0 74.0
obstacle
0.186918124557
183.0 149.0 133.0 93.0
obstacle
0.183608904481
154.0 171.0 109.0 98.0
obstacle
0.182940602303
259.0 0.0 136.0 131.0
obstacle
0.182684570551
375.0 109.0 125.0 224.0
obstacle
0.182637795806
255.0 252.0 133.0 81.0
obstacle
0.181634992361
0.0 183.0 304.0 112.0
obstacle
0.181441262364
213.0 163.0 150.0 68.0
obstacle
0.180912733078
0.0 14.0 500.0 319.0
obstacle
0.177891537547
190.0 0.0 116.0 169.0
obstacle
0.17528578639
196.0 117.0 262.0 54.0
obstacle
0.174837857485
378.0 0.0 122.0 98.0
obstacle
0.172341272235
11.0 159.0 242.0 66.0
obstacle
0.172103300691
329.0 59.0 150.0 71.0
obstacle
0.17115278542
0.0 142.0 121.0 101.0
obstacle
0.17036730051
142.0 266.0 277.0 67.0
obstacle
0.169547185302
0.0 0.0 336.0 127.0
obstacle
0.169506520033
0.0 25.0 146.0 237.0
obstacle
0.168960168958
80.0 209.0 31.0 18.0
obstacle
0.168900683522
377.0 47.0 45.0 28.0
obstacle
0.168706595898
0.0 59.0 281.0 106.0
obstacle
0.167565301061
171.0 118.0 329.0 202.0
obstacle
0.1674952209
100.0 0.0 400.0 120.0
obstacle
0.16607567668
78.0 0.0 31.0 29.0
obstacle
0.166070371866
142.0 73.0 54.0 28.0
obstacle
0.165991172194
231.0 181.0 42.0 21.0
obstacle
0.165979236364
335.0 18.0 53.0 39.0
obstacle
0.165770500898
142.0 67.0 149.0 266.0
obstacle
0.164255827665
230.0 225.0 107.0 90.0
obstacle
0.164189904928
43.0 232.0 185.0 101.0
obstacle
0.163202345371
39.0 0.0 29.0 33.0
obstacle
0.161762446165
218.0 204.0 231.0 129.0
obstacle
0.161064013839
423.0 17.0 39.0 42.0
obstacle
0.160913467407
221.0 0.0 139.0 108.0
obstacle
0.159585833549
240.0 190.0 95.0 67.0
obstacle
0.159190520644
197.0 202.0 104.0 87.0
obstacle
0.158731430769
199.0 0.0 301.0 62.0
obstacle
0.15790168941
132.0 0.0 165.0 110.0
obstacle
0.15776219964
381.0 15.0 41.0 42.0
obstacle
0.157636940479
0.0 265.0 172.0 68.0
obstacle
0.157195597887
152.0 43.0 121.0 105.0
obstacle
0.157171413302
208.0 78.0 238.0 81.0
obstacle
0.156916588545
202.0 166.0 233.0 96.0
obstacle
0.156869992614
117.0 207.0 35.0 22.0
obstacle
0.156789392233
68.0 73.0 51.0 27.0
obstacle
0.156020745635
110.0 156.0 51.0 23.0
obstacle
0.154991298914
147.0 128.0 127.0 87.0
obstacle
0.154935121536
0.0 41.0 499.0 140.0
obstacle
0.15492849052
319.0 220.0 181.0 113.0
obstacle
0.154842242599
109.0 21.0 45.0 32.0
obstacle
0.154282525182
0.0 210.0 184.0 112.0
obstacle
0.15390278399
327.0 46.0 69.0 31.0
obstacle
0.153660401702
0.0 122.0 181.0 186.0
obstacle
0.153164312243
20.0 8.0 149.0 119.0
obstacle
0.151967331767
349.0 0.0 31.0 32.0
obstacle
0.151302546263
0.0 167.0 84.0 105.0
obstacle
0.151040866971
294.0 0.0 145.0 92.0
obstacle
0.150713399053
35.0 12.0 38.0 49.0
obstacle
0.150697156787
300.0 16.0 41.0 39.0
obstacle
0.149933293462
362.0 78.0 138.0 84.0
obstacle
0.149821951985
185.0 50.0 137.0 91.0
obstacle
0.14874240756
249.0 275.0 216.0 58.0
obstacle
0.147866100073
116.0 183.0 35.0 23.0
obstacle
0.147861167789
119.0 124.0 34.0 33.0
obstacle
0.14753113687
375.0 71.0 47.0 29.0
obstacle
0.147510111332
178.0 0.0 139.0 70.0
obstacle
0.147380515933
118.0 99.0 36.0 26.0
obstacle
0.146268725395
8.0 0.0 175.0 73.0
obstacle
0.145248800516
55.0 49.0 73.0 29.0
obstacle
0.145187497139
124.0 127.0 315.0 125.0
obstacle
0.144269600511
180.0 74.0 56.0 25.0
obstacle
0.143827468157
211.0 0.0 156.0 212.0
obstacle
0.14381043613
15.0 0.0 382.0 65.0
obstacle
0.14369495213
75.0 125.0 42.0 29.0
obstacle
0.143277779222
0.0 246.0 94.0 87.0
obstacle
0.143138557673
246.0 5.0 164.0 273.0
obstacle
0.142674639821
309.0 0.0 30.0 31.0
obstacle
0.142673552036
114.0 0.0 37.0 29.0
obstacle
0.142596513033
353.0 175.0 147.0 96.0
obstacle
0.142323225737
157.0 103.0 32.0 22.0
obstacle
0.142243102193
33.0 101.0 47.0 25.0
obstacle
0.142226785421
341.0 127.0 159.0 86.0
obstacle
0.141728296876
159.0 206.0 24.0 22.0
obstacle
0.141369640827
273.0 0.0 27.0 30.0
obstacle
0.141358971596
196.0 0.0 27.0 27.0
obstacle
0.140221819282
162.0 91.0 178.0 55.0
obstacle
0.140166819096
95.0 49.0 70.0 28.0
obstacle
0.140102416277
74.0 101.0 45.0 24.0
obstacle
0.139835342765
372.0 279.0 128.0 54.0
obstacle
0.139701753855
142.0 223.0 132.0 92.0
obstacle
0.139506027102
156.0 0.0 29.0 27.0
obstacle
0.138778075576
424.0 309.0 37.0 24.0
obstacle
0.138579279184
73.0 17.0 43.0 41.0
obstacle
0.138500526547
293.0 47.0 58.0 30.0
obstacle
0.138154894114
19.0 133.0 232.0 73.0
obstacle
0.13810133934
150.0 157.0 44.0 23.0
obstacle
0.13782542944
465.0 16.0 33.0 45.0
obstacle
0.137626215816
334.0 0.0 138.0 117.0
obstacle
0.137393027544
287.0 109.0 213.0 70.0
obstacle
0.136739417911
425.0 0.0 35.0 32.0
obstacle
0.136133059859
156.0 182.0 29.0 22.0
obstacle
0.136004433036
145.0 112.0 133.0 65.0
obstacle
0.135453045368
389.0 0.0 30.0 29.0
obstacle
0.135329857469
149.0 155.0 211.0 178.0
obstacle
0.134635701776
63.0 259.0 62.0 26.0
obstacle
0.134617298841
35.0 257.0 42.0 27.0
obstacle
0.134363591671
95.0 0.0 156.0 153.0
obstacle
0.134330362082
5.0 0.0 27.0 31.0
obstacle
0.134299248457
82.0 105.0 174.0 79.0
obstacle
0.133923351765
394.0 143.0 106.0 102.0
obstacle
0.133318856359
385.0 153.0 31.0 29.0
obstacle
0.132995679975
296.0 205.0 70.0 25.0
obstacle
0.132844284177
464.0 121.0 35.0 39.0
obstacle
0.131955608726
347.0 152.0 33.0 34.0
obstacle
0.131825447083
457.0 255.0 43.0 28.0
obstacle
0.131316766143
197.0 130.0 28.0 22.0
obstacle
0.131188228726
463.0 232.0 37.0 24.0
obstacle
0.131119132042
216.0 287.0 143.0 46.0
obstacle
0.130990341306
126.0 0.0 174.0 230.0
obstacle
0.130660176277
236.0 0.0 21.0 27.0
obstacle
0.13061670959
459.0 97.0 41.0 33.0
obstacle
0.130599543452
106.0 262.0 55.0 19.0
obstacle
0.130448281765
0.0 115.0 91.0 105.0
obstacle
0.130347073078
193.0 183.0 38.0 16.0
obstacle
0.130223155022
343.0 207.0 48.0 26.0
obstacle
0.130130141973
226.0 205.0 48.0 23.0
obstacle
0.129995107651
219.0 50.0 56.0 22.0
obstacle
0.129772946239
78.0 0.0 184.0 73.0
obstacle
0.129524841905
300.0 262.0 57.0 18.0
obstacle
0.129251688719
73.0 154.0 45.0 26.0
obstacle
0.129213854671
460.0 150.0 40.0 33.0
obstacle
0.129103019834
336.0 261.0 58.0 20.0
obstacle
0.128997921944
409.0 198.0 91.0 96.0
obstacle
0.128925442696
0.0 37.0 122.0 107.0
obstacle
0.128767907619
0.0 248.0 358.0 85.0
obstacle
0.128491178155
302.0 71.0 42.0 32.0
obstacle
0.128351658583
64.0 33.0 142.0 122.0
obstacle
0.128160908818
3.0 252.0 36.0 36.0
obstacle
0.128004640341
229.0 315.0 44.0 17.0
obstacle
0.127546042204
133.0 256.0 149.0 77.0
obstacle
0.127393990755
344.0 234.0 45.0 24.0
obstacle
0.126845449209
179.0 46.0 60.0 28.0
obstacle
0.126828014851
388.0 313.0 31.0 19.0
obstacle
0.126805320382
415.0 283.0 50.0 26.0
obstacle
0.12673792243
383.0 209.0 45.0 22.0
obstacle
0.12637321651
40.0 0.0 191.0 216.0
obstacle
0.126082479954
228.0 264.0 44.0 14.0
obstacle
0.125977665186
270.0 315.0 41.0 16.0
obstacle
0.125959023833
303.0 234.0 52.0 22.0
obstacle
0.1252579391
135.0 46.0 67.0 29.0
obstacle
0.125234797597
335.0 69.0 53.0 34.0
obstacle
0.125150606036
423.0 151.0 32.0 33.0
obstacle
0.125046089292
416.0 47.0 49.0 31.0
obstacle
0.124950937927
424.0 120.0 34.0 41.0
obstacle
0.124947614968
386.0 124.0 32.0 33.0
obstacle
0.124846324325
404.0 45.0 96.0 94.0
obstacle
0.124846115708
2.0 18.0 32.0 38.0
obstacle
0.124602928758
263.0 290.0 51.0 16.0
obstacle
0.12457921356
346.0 312.0 40.0 20.0
obstacle
0.124321676791
193.0 104.0 38.0 21.0
obstacle
0.123743370175
458.0 279.0 42.0 31.0
obstacle
0.123739480972
111.0 236.0 52.0 18.0
obstacle
0.123698033392
461.0 207.0 39.0 23.0
obstacle
0.123551659286
3.0 280.0 36.0 32.0
obstacle
0.123234540224
39.0 207.0 42.0 17.0
obstacle
0.123054295778
346.0 99.0 38.0 29.0
obstacle
0.122873924673
33.0 70.0 43.0 35.0
obstacle
0.122842922807
300.0 287.0 53.0 20.0
obstacle
0.122792460024
225.0 292.0 51.0 14.0
obstacle
0.122763223946
188.0 21.0 38.0 30.0
obstacle
0.122718781233
149.0 20.0 42.0 30.0
obstacle
0.122439607978
0.0 104.0 200.0 79.0
obstacle
0.122296720743
0.0 0.0 94.0 72.0
obstacle
0.122268013656
412.0 70.0 55.0 34.0
obstacle
0.122249975801
101.0 286.0 63.0 22.0
obstacle
0.122073836625
68.0 234.0 57.0 20.0
obstacle
0.12200243026
385.0 181.0 36.0 27.0
obstacle
0.121952719986
188.0 155.0 42.0 22.0
obstacle
0.121860988438
36.0 234.0 43.0 20.0
obstacle
0.121562346816
466.0 0.0 32.0 31.0
obstacle
0.121428206563
231.0 102.0 37.0 24.0
obstacle
0.120337210596
347.0 127.0 35.0 30.0
obstacle
0.12030851841
419.0 19.0 81.0 92.0
obstacle
0.120292879641
254.0 209.0 73.0 18.0
obstacle
0.120242424309
35.0 282.0 42.0 30.0
obstacle
0.12012655288
31.0 311.0 52.0 22.0
obstacle
0.11996640265
307.0 313.0 41.0 18.0
obstacle
0.119779579341
461.0 45.0 39.0 32.0
obstacle
0.119604170322
264.0 72.0 43.0 29.0
obstacle
0.119467392564
206.0 78.0 167.0 224.0
obstacle
0.119394466281
428.0 227.0 72.0 106.0
obstacle
0.118882775307
266.0 17.0 40.0 36.0
obstacle
0.118504799902
0.0 73.0 40.0 30.0
obstacle
0.118432849646
69.0 0.0 131.0 103.0
obstacle
0.11781014502
4.0 309.0 33.0 24.0
obstacle
0.117600724101
264.0 182.0 56.0 23.0
obstacle
0.116835549474
275.0 75.0 183.0 233.0
obstacle
0.116830818355
464.0 306.0 36.0 27.0
obstacle
0.116825260222
226.0 72.0 42.0 30.0
obstacle
0.116495855153
24.0 44.0 59.0 36.0
obstacle
0.116050839424
306.0 179.0 48.0 30.0
obstacle
0.115971967578
456.0 71.0 44.0 31.0
obstacle
0.115824326873
158.0 130.0 30.0 22.0
obstacle
0.11546767503
378.0 285.0 49.0 24.0
obstacle
0.115441605449
308.0 152.0 37.0 31.0
obstacle
0.115330055356
150.0 317.0 46.0 14.0
obstacle
0.114973902702
141.0 264.0 61.0 12.0
obstacle
0.114834092557
228.0 18.0 36.0 33.0
obstacle
0.114659495652
4.0 182.0 30.0 19.0
obstacle
0.114518895745
190.0 317.0 46.0 14.0
obstacle
0.113965950906
338.0 286.0 50.0 22.0
obstacle
0.113839834929
309.0 99.0 35.0 29.0
obstacle
0.113460600376
419.0 100.0 41.0 27.0
obstacle
0.113252326846
36.0 121.0 35.0 33.0
obstacle
0.112816043198
231.0 154.0 39.0 24.0
obstacle
0.112631738186
1.0 205.0 38.0 26.0
obstacle
0.112560220063
141.0 291.0 62.0 13.0
obstacle
0.111918002367
0.0 45.0 42.0 35.0
obstacle
0.11096136272
2.0 126.0 34.0 25.0
obstacle
0.110789902508
69.0 283.0 49.0 29.0
obstacle
0.110711529851
190.0 204.0 34.0 26.0
obstacle
0.110322274268
380.0 101.0 42.0 26.0
obstacle
0.109706372023
382.0 237.0 42.0 19.0
obstacle
0.109450183809
344.0 181.0 46.0 28.0
obstacle
0.109084241092
263.0 263.0 51.0 15.0
obstacle
0.108629472554
0.0 101.0 37.0 26.0
obstacle
0.108597330749
381.0 262.0 45.0 19.0
obstacle
0.107622422278
0.0 12.0 81.0 104.0
obstacle
0.10744805634
80.0 184.0 32.0 14.0
obstacle
0.107221983373
425.0 181.0 34.0 27.0
obstacle
0.106835350394
309.0 123.0 36.0 36.0
obstacle
0.106003932655
149.0 238.0 47.0 12.0
obstacle
0.105697512627
422.0 235.0 41.0 22.0
obstacle
0.105660535395
422.0 209.0 43.0 22.0
obstacle
0.105620421469
112.0 315.0 44.0 18.0
obstacle
0.105449557304
234.0 127.0 33.0 28.0
obstacle
0.10519477725
194.0 121.0 117.0 193.0
obstacle
0.104359596968
418.0 260.0 45.0 22.0
obstacle
0.104242131114
254.0 49.0 62.0 23.0
obstacle
0.10413095355
261.0 236.0 58.0 16.0
obstacle
0.104034505785
183.0 292.0 54.0 14.0
obstacle
0.10375033319
461.0 181.0 39.0 25.0
obstacle
0.103664666414
269.0 152.0 41.0 29.0
obstacle
0.0997959822416
34.0 181.0 42.0 16.0
obstacle
0.0997387990355
180.0 265.0 61.0 14.0
obstacle
0.0993621423841
71.0 313.0 47.0 20.0
obstacle
0.0987190306187
272.0 124.0 34.0 32.0
obstacle
0.0985892489552
42.0 150.0 29.0 28.0
obstacle
0.0977126434445
6.0 227.0 31.0 35.0
obstacle
0.097687125206
0.0 67.0 83.0 101.0
obstacle
0.0974061414599
271.0 99.0 38.0 28.0
obstacle
0.0959532558918
221.0 238.0 59.0 13.0
obstacle
0.0905513763428
0.0 152.0 35.0 27.0
obstacle
0.0873264372349
177.0 240.0 64.0 11.0
