obstacle
0.244453683496
0.0 201.0 487.0 77.0
obstacle
0.243730306625
229.0 0.0 191.0 180.0
obstacle
0.230827882886
311.0 0.0 182.0 187.0
obstacle
0.217527985573
158.0 0.0 181.0 144.0
obstacle
0.21211309731
111.0 0.0 120.0 167.0
obstacle
0.211031764746
384.0 0.0 115.0 95.0
obstacle
0.206383764744
0.0 75.0 500.0 178.0
obstacle
0.201165124774
104.0 173.0 132.0 89.0
obstacle
0.199723899364
0.0 103.0 355.0 118.0
obstacle
0.199346318841
0.0 85.0 142.0 248.0
obstacle
0.199308201671
12.0 0.0 162.0 176.0
obstacle
0.19267603755
40.0 43.0 184.0 290.0
obstacle
0.190753847361
378.0 29.0 122.0 304.0
obstacle
0.190510883927
270.0 0.0 111.0 96.0
obstacle
0.190316855907
0.0 133.0 473.0 200.0
obstacle
0.187844008207
138.0 0.0 145.0 204.0
obstacle
0.185081809759
242.0 0.0 89.0 87.0
obstacle
0.182718887925
26.0 124.0 134.0 89.0
obstacle
0.181553810835
308.0 0.0 113.0 94.0
obstacle
0.180846452713
71.0 152.0 119.0 132.0
obstacle
0.180738627911
343.0 0.0 119.0 96.0
obstacle
0.18026638031
313.0 126.0 28.0 29.0
obstacle
0.1802418679
170.0 13.0 330.0 303.0
obstacle
0.17806789279
394.0 201.0 106.0 132.0
obstacle
0.176478862762
390.0 25.0 39.0 28.0
obstacle
0.175973340869
223.0 194.0 216.0 139.0
obstacle
0.175282552838
74.0 130.0 195.0 203.0
obstacle
0.173976942897
31.0 0.0 126.0 107.0
obstacle
0.172548100352
341.0 26.0 56.0 26.0
obstacle
0.171652466059
28.0 157.0 128.0 75.0
obstacle
0.17135950923
206.0 0.0 84.0 85.0
obstacle
0.170824036002
244.0 202.0 165.0 84.0
obstacle
0.169784739614
0.0 219.0 191.0 104.0
obstacle
0.168663322926
203.0 70.0 297.0 134.0
obstacle
0.168528854847
0.0 216.0 426.0 101.0
obstacle
0.168499752879
114.0 235.0 40.0 18.0
obstacle
0.168066501617
290.0 65.0 155.0 108.0
obstacle
0.164690390229
293.0 207.0 207.0 126.0
obstacle
0.164090156555
157.0 226.0 188.0 107.0
obstacle
0.164072170854
348.0 125.0 34.0 34.0
obstacle
0.162607997656
269.0 0.0 199.0 120.0
obstacle
0.162163391709
0.0 0.0 113.0 146.0
obstacle
0.160742476583
81.0 0.0 31.0 28.0
obstacle
0.160555019975
260.0 39.0 136.0 110.0
obstacle
0.160444572568
297.0 175.0 136.0 92.0
obstacle
0.160298794508
116.0 0.0 38.0 28.0
obstacle
0.159585371614
0.0 170.0 276.0 88.0
obstacle
0.159276455641
0.0 272.0 169.0 61.0
obstacle
0.158593297005
36.0 206.0 40.0 23.0
obstacle
0.157398596406
278.0 133.0 222.0 161.0
obstacle
0.157009512186
76.0 93.0 113.0 105.0
obstacle
0.156990513206
429.0 25.0 35.0 33.0
obstacle
0.15664061904
257.0 158.0 141.0 75.0
obstacle
0.156253516674
43.0 0.0 31.0 33.0
obstacle
0.15547324717
66.0 0.0 363.0 57.0
obstacle
0.155311301351
390.0 0.0 31.0 28.0
obstacle
0.154492303729
0.0 0.0 141.0 57.0
obstacle
0.152966022491
89.0 41.0 167.0 197.0
obstacle
0.152833238244
342.0 54.0 129.0 129.0
obstacle
0.152430936694
0.0 12.0 112.0 258.0
obstacle
0.151843607426
427.0 74.0 34.0 33.0
obstacle
0.151775404811
214.0 0.0 142.0 61.0
obstacle
0.151680991054
133.0 0.0 161.0 96.0
obstacle
0.151615604758
0.0 142.0 253.0 90.0
obstacle
0.151567354798
429.0 0.0 34.0 31.0
obstacle
0.151139169931
41.0 172.0 179.0 145.0
obstacle
0.150910452008
382.0 263.0 117.0 70.0
obstacle
0.150603964925
154.0 2.0 39.0 24.0
obstacle
0.150553494692
109.0 271.0 269.0 62.0
obstacle
0.149820178747
312.0 153.0 32.0 30.0
obstacle
0.148765042424
190.0 112.0 114.0 119.0
obstacle
0.148637771606
349.0 0.0 36.0 30.0
obstacle
0.148256629705
314.0 205.0 28.0 28.0
obstacle
0.148226454854
302.0 26.0 56.0 26.0
obstacle
0.148133769631
390.0 75.0 30.0 30.0
obstacle
0.148022040725
389.0 50.0 35.0 27.0
obstacle
0.147476002574
126.0 126.0 170.0 88.0
obstacle
0.146667391062
203.0 35.0 97.0 115.0
obstacle
0.146573603153
217.0 144.0 141.0 103.0
obstacle
0.146298348904
235.0 272.0 255.0 61.0
obstacle
0.146117806435
157.0 32.0 184.0 216.0
obstacle
0.145740523934
158.0 31.0 110.0 123.0
obstacle
0.145584061742
312.0 180.0 32.0 28.0
obstacle
0.145446702838
40.0 254.0 33.0 29.0
obstacle
0.145384058356
397.0 40.0 91.0 105.0
obstacle
0.144284918904
275.0 232.0 30.0 24.0
obstacle
0.144076064229
58.0 224.0 223.0 94.0
obstacle
0.14377425611
111.0 259.0 44.0 24.0
obstacle
0.143058821559
0.0 126.0 33.0 31.0
obstacle
0.142763882875
0.0 142.0 128.0 107.0
obstacle
0.142511054873
0.0 0.0 301.0 273.0
obstacle
0.141801148653
112.0 207.0 41.0 19.0
obstacle
0.141688168049
349.0 152.0 33.0 35.0
obstacle
0.140376314521
168.0 120.0 308.0 133.0
obstacle
0.140335977077
95.0 101.0 154.0 89.0
obstacle
0.1402849406
158.0 182.0 28.0 21.0
obstacle
0.139337018132
155.0 156.0 32.0 23.0
obstacle
0.139260932803
6.0 0.0 26.0 31.0
obstacle
0.138904288411
34.0 126.0 42.0 32.0
obstacle
0.138653799891
197.0 157.0 28.0 21.0
obstacle
0.138337686658
3.0 101.0 29.0 29.0
obstacle
0.138024926186
310.0 101.0 37.0 30.0
obstacle
0.137919947505
272.0 100.0 36.0 29.0
obstacle
0.137762129307
2.0 179.0 33.0 25.0
obstacle
0.137291431427
90.0 0.0 157.0 64.0
obstacle
0.137176305056
153.0 204.0 36.0 30.0
obstacle
0.136393159628
34.0 154.0 43.0 26.0
obstacle
0.13634622097
133.0 162.0 147.0 111.0
obstacle
0.135939538479
309.0 0.0 39.0 29.0
obstacle
0.135056257248
266.0 28.0 49.0 23.0
obstacle
0.134697526693
274.0 206.0 33.0 23.0
obstacle
0.134297072887
388.0 124.0 32.0 37.0
obstacle
0.134145572782
242.0 106.0 172.0 77.0
obstacle
0.13383294642
272.0 0.0 37.0 29.0
obstacle
0.133713126183
38.0 230.0 38.0 27.0
obstacle
0.133630022407
428.0 51.0 35.0 26.0
obstacle
0.133586481214
99.0 151.0 220.0 84.0
obstacle
0.133456453681
39.0 181.0 37.0 21.0
obstacle
0.133234515786
226.0 80.0 129.0 79.0
obstacle
0.133152812719
281.0 120.0 169.0 100.0
obstacle
0.133149832487
77.0 23.0 43.0 31.0
obstacle
0.133054092526
111.0 187.0 196.0 115.0
obstacle
0.132723286748
254.0 131.0 147.0 77.0
obstacle
0.132493719459
139.0 140.0 224.0 193.0
obstacle
0.132492765784
38.0 98.0 36.0 35.0
obstacle
0.132477357984
193.0 2.0 39.0 25.0
obstacle
0.132219150662
112.0 28.0 49.0 25.0
obstacle
0.131745353341
268.0 154.0 41.0 24.0
obstacle
0.131467819214
69.0 130.0 46.0 24.0
obstacle
0.131089046597
346.0 50.0 40.0 26.0
obstacle
0.131004303694
148.0 30.0 51.0 21.0
obstacle
0.130984961987
386.0 98.0 35.0 40.0
obstacle
0.130615949631
331.0 162.0 146.0 119.0
obstacle
0.130559936166
247.0 0.0 253.0 65.0
obstacle
0.130388319492
368.0 69.0 132.0 151.0
obstacle
0.130248919129
112.0 157.0 35.0 19.0
obstacle
0.130196154118
110.0 285.0 48.0 25.0
obstacle
0.130132585764
418.0 19.0 82.0 93.0
obstacle
0.130027204752
193.0 204.0 31.0 26.0
obstacle
0.129770427942
77.0 282.0 40.0 29.0
obstacle
0.129656389356
383.0 150.0 39.0 39.0
obstacle
0.129389226437
0.0 90.0 261.0 93.0
obstacle
0.129069671035
315.0 229.0 29.0 29.0
obstacle
0.128773763776
0.0 15.0 80.0 96.0
obstacle
0.128687828779
421.0 122.0 37.0 41.0
obstacle
0.128513336182
338.0 269.0 129.0 64.0
obstacle
0.128200873733
233.0 1.0 37.0 27.0
obstacle
0.127849265933
70.0 77.0 49.0 26.0
obstacle
0.127647459507
134.0 172.0 366.0 134.0
obstacle
0.127545639873
108.0 129.0 44.0 25.0
obstacle
0.126587703824
147.0 56.0 49.0 20.0
obstacle
0.126534804702
310.0 282.0 30.0 31.0
obstacle
0.126490980387
0.0 154.0 34.0 27.0
obstacle
0.126259073615
43.0 22.0 36.0 33.0
obstacle
0.125852569938
460.0 121.0 40.0 39.0
obstacle
0.125655025244
271.0 128.0 37.0 23.0
obstacle
0.125521183014
52.0 38.0 307.0 99.0
obstacle
0.125400081277
461.0 97.0 39.0 36.0
obstacle
0.125252053142
72.0 209.0 44.0 16.0
obstacle
0.125038251281
0.0 94.0 124.0 99.0
obstacle
0.125033125281
467.0 0.0 33.0 29.0
obstacle
0.124988421798
310.0 254.0 31.0 33.0
obstacle
0.124929338694
288.0 244.0 150.0 89.0
obstacle
0.124463774264
165.0 121.0 167.0 147.0
obstacle
0.12430511415
67.0 11.0 133.0 108.0
obstacle
0.123683445156
76.0 257.0 39.0 23.0
obstacle
0.123646557331
1.0 227.0 35.0 30.0
obstacle
0.123336233199
77.0 184.0 34.0 15.0
obstacle
0.123278103769
0.0 0.0 250.0 97.0
obstacle
0.123140588403
2.0 74.0 33.0 29.0
obstacle
0.123111128807
350.0 178.0 33.0 35.0
obstacle
0.122501946986
75.0 157.0 37.0 19.0
obstacle
0.122427470982
387.0 177.0 34.0 36.0
obstacle
0.12199215591
2.0 251.0 31.0 35.0
obstacle
0.121939659119
108.0 53.0 51.0 26.0
obstacle
0.121519751847
171.0 19.0 85.0 94.0
obstacle
0.12142676115
188.0 30.0 51.0 21.0
obstacle
0.121350966394
228.0 29.0 48.0 22.0
obstacle
0.121135503054
422.0 98.0 41.0 39.0
obstacle
0.120644442737
146.0 230.0 53.0 29.0
obstacle
0.120500192046
272.0 312.0 34.0 21.0
obstacle
0.120377212763
151.0 128.0 40.0 24.0
obstacle
0.120209358633
39.0 72.0 38.0 35.0
obstacle
0.120146416128
226.0 76.0 48.0 29.0
obstacle
0.120126724243
192.0 315.0 42.0 16.0
obstacle
0.119871005416
273.0 285.0 31.0 24.0
obstacle
0.119706720114
1.0 205.0 34.0 26.0
obstacle
0.119138248265
66.0 261.0 209.0 72.0
obstacle
0.11903770268
346.0 74.0 39.0 31.0
obstacle
0.118983961642
194.0 288.0 34.0 20.0
obstacle
0.118903763592
113.0 182.0 37.0 18.0
obstacle
0.118594832718
421.0 256.0 36.0 29.0
obstacle
0.118388392031
426.0 59.0 74.0 115.0
obstacle
0.118225641549
346.0 101.0 41.0 33.0
obstacle
0.11798325181
434.0 236.0 66.0 97.0
obstacle
0.117979764938
361.0 128.0 139.0 135.0
obstacle
0.117819830775
303.0 51.0 47.0 25.0
obstacle
0.117790035903
193.0 128.0 34.0 25.0
obstacle
0.11752358079
0.0 204.0 86.0 129.0
obstacle
0.117439091206
457.0 252.0 43.0 33.0
obstacle
0.117314018309
305.0 73.0 44.0 31.0
obstacle
0.117150977254
41.0 281.0 31.0 28.0
obstacle
0.117080748081
106.0 79.0 53.0 24.0
obstacle
0.117008656263
462.0 72.0 38.0 34.0
obstacle
0.116945706308
230.0 102.0 40.0 25.0
obstacle
0.116224043071
0.0 188.0 132.0 111.0
obstacle
0.115564264357
311.0 311.0 32.0 22.0
obstacle
0.115354143083
465.0 278.0 35.0 35.0
obstacle
0.115226075053
0.0 161.0 78.0 117.0
obstacle
0.115003742278
1.0 280.0 35.0 32.0
obstacle
0.114898145199
465.0 21.0 35.0 34.0
obstacle
0.114810012281
264.0 75.0 49.0 28.0
obstacle
0.114737339318
74.0 104.0 40.0 25.0
obstacle
0.114601030946
458.0 227.0 42.0 33.0
obstacle
0.114346399903
0.0 112.0 84.0 113.0
obstacle
0.114301972091
351.0 202.0 32.0 38.0
obstacle
0.11401937902
187.0 79.0 49.0 25.0
obstacle
0.113378204405
38.0 311.0 40.0 21.0
obstacle
0.113321252167
424.0 282.0 32.0 31.0
obstacle
0.11317512393
429.0 187.0 71.0 114.0
obstacle
0.112708002329
4.0 48.0 31.0 28.0
obstacle
0.112586818635
152.0 287.0 42.0 21.0
obstacle
0.112450361252
0.0 0.0 429.0 153.0
obstacle
0.112285584211
271.0 181.0 34.0 23.0
obstacle
0.111836344004
149.0 261.0 47.0 21.0
obstacle
0.111142337322
458.0 203.0 42.0 32.0
obstacle
0.110960058868
421.0 178.0 37.0 35.0
obstacle
0.110948160291
1.0 308.0 37.0 25.0
obstacle
0.110810637474
428.0 309.0 28.0 24.0
obstacle
0.110689200461
76.0 234.0 40.0 18.0
obstacle
0.11031524092
155.0 315.0 40.0 16.0
obstacle
0.110263392329
416.0 152.0 44.0 36.0
obstacle
0.110038548708
87.0 16.0 317.0 89.0
obstacle
0.109969981015
208.0 284.0 159.0 49.0
obstacle
0.10985673219
231.0 235.0 40.0 20.0
obstacle
0.109685733914
231.0 287.0 35.0 22.0
obstacle
0.109075143933
147.0 80.0 50.0 23.0
obstacle
0.108108066022
116.0 313.0 41.0 20.0
obstacle
0.107738293707
44.0 48.0 31.0 31.0
obstacle
0.107463233173
462.0 48.0 38.0 29.0
obstacle
0.107454143465
349.0 226.0 33.0 38.0
obstacle
0.107224225998
466.0 306.0 34.0 27.0
obstacle
0.107113584876
389.0 202.0 32.0 35.0
obstacle
0.107048153877
420.0 111.0 80.0 113.0
obstacle
0.10703933239
233.0 206.0 32.0 22.0
obstacle
0.106365613639
75.0 313.0 43.0 20.0
obstacle
0.106196038425
4.0 21.0 31.0 33.0
obstacle
0.105700142682
459.0 178.0 41.0 30.0
obstacle
0.105067722499
0.0 25.0 261.0 125.0
obstacle
0.104660756886
458.0 152.0 42.0 31.0
obstacle
0.1044902578
73.0 51.0 45.0 27.0
obstacle
0.104359865189
388.0 280.0 26.0 34.0
obstacle
0.104102835059
232.0 313.0 38.0 20.0
obstacle
0.103884711862
266.0 53.0 46.0 22.0
obstacle
0.103731021285
190.0 56.0 43.0 19.0
obstacle
0.103711009026
194.0 262.0 37.0 19.0
obstacle
0.103227205575
272.0 260.0 32.0 22.0
obstacle
0.103168532252
230.0 157.0 33.0 19.0
obstacle
0.102971993387
386.0 228.0 33.0 33.0
obstacle
0.101972155273
194.0 180.0 34.0 24.0
obstacle
0.101896293461
231.0 127.0 36.0 26.0
obstacle
0.101016797125
0.0 69.0 81.0 94.0
obstacle
0.101000845432
233.0 182.0 29.0 21.0
obstacle
0.100237682462
189.0 103.0 43.0 24.0
obstacle
0.100049413741
384.0 254.0 34.0 33.0
obstacle
0.100039616227
110.0 104.0 45.0 25.0
obstacle
0.100034952164
422.0 230.0 38.0 30.0
obstacle
0.0999838113785
231.0 261.0 35.0 21.0
obstacle
0.098742775619
185.0 235.0 52.0 18.0
obstacle
0.0962375551462
229.0 55.0 43.0 21.0
obstacle
0.0960959717631
347.0 280.0 32.0 34.0
obstacle
0.0949976593256
391.0 308.0 26.0 25.0
obstacle
0.0942234694958
150.0 104.0 42.0 23.0
obstacle
0.0940826758742
351.0 312.0 27.0 21.0
obstacle
0.0935399979353
423.0 204.0 36.0 33.0
obstacle
0.0872775688767
346.0 252.0 33.0 37.0
