obstacle
0.245341643691
101.0 0.0 133.0 177.0
obstacle
0.240712746978
162.0 1.0 173.0 129.0
obstacle
0.231391981244
0.0 0.0 146.0 159.0
obstacle
0.227374538779
278.0 0.0 179.0 146.0
obstacle
0.204049885273
382.0 0.0 118.0 183.0
obstacle
0.203392907977
20.0 179.0 295.0 121.0
obstacle
0.192324787378
199.0 19.0 179.0 142.0
obstacle
0.191448271275
389.0 26.0 36.0 27.0
obstacle
0.191005155444
342.0 28.0 50.0 23.0
obstacle
0.187884643674
110.0 153.0 390.0 117.0
obstacle
0.186200141907
0.0 65.0 139.0 258.0
obstacle
0.18480412662
109.0 23.0 202.0 185.0
obstacle
0.181658774614
208.0 161.0 157.0 117.0
obstacle
0.180897802114
429.0 24.0 32.0 35.0
obstacle
0.179563954473
201.0 246.0 182.0 87.0
obstacle
0.177972942591
73.0 115.0 200.0 205.0
obstacle
0.177127718925
41.0 72.0 414.0 189.0
obstacle
0.17586350441
24.0 0.0 143.0 104.0
obstacle
0.175573945045
162.0 42.0 316.0 139.0
obstacle
0.174321189523
254.0 140.0 135.0 106.0
obstacle
0.173167914152
48.0 0.0 165.0 276.0
obstacle
0.171505913138
103.0 97.0 298.0 236.0
obstacle
0.170423954725
336.0 127.0 164.0 206.0
obstacle
0.17018546164
175.0 143.0 143.0 99.0
obstacle
0.169287353754
424.0 0.0 76.0 98.0
obstacle
0.169064179063
119.0 211.0 186.0 122.0
obstacle
0.168169289827
209.0 199.0 240.0 134.0
obstacle
0.166988745332
235.0 200.0 180.0 89.0
obstacle
0.166085734963
0.0 0.0 336.0 308.0
obstacle
0.165758490562
389.0 0.0 32.0 28.0
obstacle
0.165350019932
190.0 55.0 198.0 169.0
obstacle
0.165237098932
137.0 0.0 153.0 95.0
obstacle
0.164293274283
390.0 51.0 32.0 26.0
obstacle
0.163912624121
13.0 144.0 168.0 98.0
obstacle
0.163389801979
0.0 49.0 374.0 124.0
obstacle
0.163288086653
0.0 121.0 202.0 92.0
obstacle
0.163039028645
373.0 0.0 127.0 68.0
obstacle
0.162104576826
384.0 195.0 116.0 138.0
obstacle
0.161747127771
385.0 153.0 34.0 26.0
obstacle
0.160278201103
427.0 0.0 35.0 31.0
obstacle
0.157594233751
142.0 133.0 132.0 123.0
obstacle
0.15750348568
294.0 132.0 139.0 124.0
obstacle
0.157033413649
427.0 52.0 36.0 27.0
obstacle
0.156947359443
303.0 27.0 51.0 24.0
obstacle
0.155822187662
167.0 0.0 333.0 333.0
obstacle
0.155262157321
24.0 0.0 370.0 60.0
obstacle
0.155219748616
0.0 0.0 96.0 114.0
obstacle
0.15486304462
44.0 0.0 30.0 32.0
obstacle
0.154468566179
349.0 0.0 35.0 29.0
obstacle
0.153602480888
0.0 0.0 145.0 57.0
obstacle
0.152814432979
209.0 0.0 165.0 81.0
obstacle
0.152563929558
384.0 170.0 116.0 100.0
obstacle
0.152359798551
313.0 0.0 103.0 100.0
obstacle
0.149129852653
295.0 88.0 140.0 115.0
obstacle
0.148544088006
348.0 0.0 108.0 110.0
obstacle
0.14781267941
36.0 101.0 43.0 27.0
obstacle
0.145124822855
155.0 3.0 37.0 24.0
obstacle
0.144953757524
160.0 195.0 104.0 102.0
obstacle
0.144934162498
25.0 107.0 220.0 73.0
obstacle
0.144813120365
194.0 125.0 181.0 91.0
obstacle
0.144351363182
0.0 200.0 225.0 127.0
obstacle
0.143941566348
109.0 28.0 50.0 26.0
obstacle
0.143715634942
301.0 205.0 199.0 79.0
obstacle
0.143368408084
391.0 76.0 29.0 29.0
obstacle
0.143057733774
157.0 78.0 109.0 84.0
obstacle
0.142759397626
302.0 261.0 198.0 72.0
obstacle
0.142605274916
388.0 180.0 34.0 26.0
obstacle
0.142567053437
0.0 17.0 311.0 91.0
obstacle
0.142337560654
34.0 124.0 46.0 32.0
obstacle
0.142127305269
69.0 238.0 132.0 95.0
obstacle
0.141347229481
350.0 53.0 33.0 23.0
obstacle
0.14105618
310.0 0.0 37.0 29.0
obstacle
0.139237836003
0.0 46.0 80.0 88.0
obstacle
0.139081925154
428.0 76.0 33.0 31.0
obstacle
0.13809299469
98.0 185.0 146.0 123.0
obstacle
0.137289494276
0.0 267.0 191.0 66.0
obstacle
0.137235060334
390.0 101.0 27.0 30.0
obstacle
0.136980250478
200.0 106.0 102.0 81.0
obstacle
0.136639997363
271.0 0.0 37.0 28.0
obstacle
0.136502385139
266.0 28.0 48.0 24.0
obstacle
0.136464521289
429.0 180.0 31.0 29.0
obstacle
0.136400923133
422.0 85.0 78.0 115.0
obstacle
0.136154383421
325.0 0.0 175.0 269.0
obstacle
0.136008858681
339.0 142.0 126.0 107.0
obstacle
0.135858625174
96.0 90.0 231.0 151.0
obstacle
0.135744482279
0.0 182.0 122.0 151.0
obstacle
0.135290011764
277.0 32.0 103.0 123.0
obstacle
0.135267317295
347.0 155.0 32.0 24.0
obstacle
0.134842574596
116.0 1.0 38.0 26.0
obstacle
0.134087100625
193.0 3.0 39.0 24.0
obstacle
0.132945686579
427.0 99.0 31.0 36.0
obstacle
0.132684662938
220.0 91.0 132.0 111.0
obstacle
0.132577210665
77.0 128.0 39.0 23.0
obstacle
0.132353886962
427.0 126.0 28.0 33.0
obstacle
0.132171586156
61.0 163.0 143.0 113.0
obstacle
0.131766960025
171.0 281.0 156.0 52.0
obstacle
0.13171672821
36.0 252.0 39.0 32.0
obstacle
0.131683647633
196.0 0.0 304.0 64.0
obstacle
0.131468757987
0.0 101.0 129.0 83.0
obstacle
0.131227433681
39.0 0.0 180.0 66.0
obstacle
0.130486384034
237.0 281.0 175.0 52.0
obstacle
0.130253404379
388.0 126.0 27.0 31.0
obstacle
0.129865407944
0.0 125.0 39.0 32.0
obstacle
0.129717379808
466.0 0.0 34.0 30.0
obstacle
0.129381746054
232.0 2.0 38.0 25.0
obstacle
0.129183441401
159.0 108.0 104.0 76.0
obstacle
0.129043146968
0.0 73.0 195.0 86.0
obstacle
0.128866046667
35.0 50.0 43.0 24.0
obstacle
0.128730013967
40.0 35.0 186.0 111.0
obstacle
0.128689169884
80.0 182.0 36.0 19.0
obstacle
0.128260523081
2.0 226.0 35.0 33.0
obstacle
0.127963379025
41.0 309.0 37.0 24.0
obstacle
0.127513259649
205.0 0.0 88.0 86.0
obstacle
0.127437189221
463.0 97.0 37.0 35.0
obstacle
0.127396523952
349.0 182.0 31.0 19.0
obstacle
0.127280920744
311.0 176.0 31.0 30.0
obstacle
0.127225935459
81.0 0.0 31.0 26.0
obstacle
0.127210944891
175.0 0.0 142.0 58.0
obstacle
0.126390978694
423.0 253.0 32.0 34.0
obstacle
0.126084074378
465.0 22.0 35.0 33.0
obstacle
0.125959247351
6.0 0.0 27.0 30.0
obstacle
0.124865069985
44.0 23.0 33.0 32.0
obstacle
0.124629057944
464.0 123.0 36.0 35.0
obstacle
0.124532565475
116.0 0.0 109.0 91.0
obstacle
0.123633287847
2.0 277.0 36.0 35.0
obstacle
0.123615592718
75.0 26.0 43.0 26.0
obstacle
0.123434729874
267.0 90.0 233.0 145.0
obstacle
0.12328916043
425.0 153.0 32.0 31.0
obstacle
0.12291431427
351.0 232.0 31.0 28.0
obstacle
0.12289467454
0.0 274.0 101.0 59.0
obstacle
0.122735060751
461.0 249.0 39.0 39.0
obstacle
0.122687920928
269.0 131.0 35.0 19.0
obstacle
0.122586809099
424.0 308.0 37.0 25.0
obstacle
0.122393496335
426.0 22.0 74.0 138.0
obstacle
0.122373454273
92.0 276.0 161.0 57.0
obstacle
0.122182220221
417.0 280.0 45.0 33.0
obstacle
0.121906742454
75.0 227.0 40.0 33.0
obstacle
0.121745556593
74.0 101.0 43.0 28.0
obstacle
0.121655166149
239.0 76.0 101.0 88.0
obstacle
0.121450550854
115.0 130.0 36.0 20.0
obstacle
0.121158264577
39.0 228.0 34.0 31.0
obstacle
0.121141478419
79.0 205.0 35.0 25.0
obstacle
0.120845615864
225.0 28.0 54.0 24.0
obstacle
0.120729878545
427.0 198.0 73.0 89.0
obstacle
0.12006047368
3.0 96.0 34.0 36.0
obstacle
0.120049245656
142.0 30.0 64.0 21.0
obstacle
0.119997106493
346.0 102.0 37.0 27.0
obstacle
0.119850173593
72.0 253.0 45.0 33.0
obstacle
0.119816474617
387.0 309.0 35.0 24.0
obstacle
0.119645692408
0.0 0.0 500.0 200.0
obstacle
0.119530498981
104.0 123.0 136.0 90.0
obstacle
0.11948698014
346.0 46.0 122.0 143.0
obstacle
0.119448073208
104.0 52.0 58.0 25.0
obstacle
0.119235426188
419.0 145.0 81.0 96.0
obstacle
0.119147889316
39.0 279.0 37.0 31.0
obstacle
0.119062975049
314.0 154.0 29.0 25.0
obstacle
0.119034454226
309.0 53.0 37.0 23.0
obstacle
0.118841461837
310.0 25.0 114.0 134.0
obstacle
0.118667148054
380.0 274.0 42.0 45.0
obstacle
0.118491098285
377.0 102.0 123.0 135.0
obstacle
0.118441306055
347.0 76.0 38.0 30.0
obstacle
0.118376247585
342.0 129.0 40.0 24.0
obstacle
0.118194065988
184.0 103.0 49.0 22.0
obstacle
0.118193604052
231.0 127.0 36.0 25.0
obstacle
0.117874339223
346.0 312.0 39.0 21.0
obstacle
0.117564797401
75.0 281.0 44.0 31.0
obstacle
0.117507427931
303.0 127.0 43.0 26.0
obstacle
0.117395848036
5.0 306.0 30.0 27.0
obstacle
0.117199294269
236.0 155.0 32.0 25.0
obstacle
0.117104232311
35.0 76.0 44.0 25.0
obstacle
0.116557240486
463.0 73.0 37.0 32.0
obstacle
0.11645449698
304.0 312.0 44.0 21.0
obstacle
0.115721218288
40.0 178.0 36.0 28.0
obstacle
0.115623988211
38.0 151.0 38.0 30.0
obstacle
0.11557431519
115.0 207.0 39.0 23.0
obstacle
0.115354031324
149.0 103.0 44.0 23.0
obstacle
0.115067087114
3.0 48.0 35.0 27.0
obstacle
0.114881373942
159.0 156.0 31.0 21.0
obstacle
0.114799149334
78.0 310.0 38.0 23.0
obstacle
0.114758513868
143.0 78.0 56.0 24.0
obstacle
0.114269129932
462.0 274.0 38.0 39.0
obstacle
0.113792225718
37.0 203.0 39.0 28.0
obstacle
0.113224200904
295.0 282.0 56.0 32.0
obstacle
0.11319616437
210.0 12.0 223.0 95.0
obstacle
0.112983904779
433.0 222.0 67.0 111.0
obstacle
0.112581253052
465.0 48.0 35.0 30.0
obstacle
0.112141706049
463.0 228.0 37.0 31.0
obstacle
0.111798152328
274.0 157.0 24.0 20.0
obstacle
0.111653417349
307.0 207.0 41.0 25.0
obstacle
0.111599132419
117.0 310.0 36.0 23.0
obstacle
0.111395157874
312.0 232.0 35.0 28.0
obstacle
0.111104875803
81.0 157.0 32.0 19.0
obstacle
0.111025318503
461.0 151.0 39.0 32.0
obstacle
0.110960863531
466.0 203.0 34.0 29.0
obstacle
0.110607385635
392.0 201.0 30.0 36.0
obstacle
0.110113486648
349.0 207.0 35.0 24.0
obstacle
0.110045537353
179.0 77.0 62.0 24.0
obstacle
0.109981946647
1.0 200.0 38.0 35.0
obstacle
0.109948463738
211.0 38.0 78.0 110.0
obstacle
0.10972546041
253.0 23.0 72.0 88.0
obstacle
0.109438933432
1.0 174.0 38.0 37.0
obstacle
0.1092556566
1.0 254.0 36.0 29.0
obstacle
0.109028227627
115.0 229.0 37.0 30.0
obstacle
0.108646184206
156.0 182.0 33.0 18.0
obstacle
0.108247488737
119.0 183.0 32.0 20.0
obstacle
0.108241260052
118.0 157.0 32.0 20.0
obstacle
0.108045749366
194.0 159.0 29.0 16.0
obstacle
0.107972480357
183.0 29.0 59.0 22.0
obstacle
0.107417032123
106.0 75.0 55.0 30.0
obstacle
0.106871128082
428.0 204.0 32.0 31.0
obstacle
0.106830902398
0.0 151.0 38.0 33.0
obstacle
0.106251984835
189.0 210.0 42.0 20.0
obstacle
0.106171190739
113.0 280.0 43.0 34.0
obstacle
0.105593778193
191.0 231.0 39.0 27.0
obstacle
0.105519287288
227.0 52.0 48.0 23.0
obstacle
0.105244338512
148.0 129.0 47.0 21.0
obstacle
0.105011090636
464.0 178.0 36.0 30.0
obstacle
0.104957468808
111.0 103.0 43.0 23.0
obstacle
0.104784376919
423.0 228.0 36.0 33.0
obstacle
0.104777365923
190.0 130.0 37.0 19.0
obstacle
0.104760609567
151.0 210.0 46.0 16.0
obstacle
0.104385189712
155.0 311.0 36.0 22.0
obstacle
0.104102738202
270.0 53.0 40.0 22.0
obstacle
0.103963829577
305.0 76.0 42.0 27.0
obstacle
0.103506840765
342.0 250.0 40.0 40.0
obstacle
0.103127524257
223.0 76.0 54.0 26.0
obstacle
0.102736450732
3.0 75.0 37.0 25.0
obstacle
0.102692998946
223.0 99.0 49.0 28.0
obstacle
0.102357134223
71.0 51.0 48.0 25.0
obstacle
0.101865559816
300.0 98.0 49.0 31.0
obstacle
0.101839691401
381.0 248.0 37.0 44.0
obstacle
0.101737886667
267.0 311.0 42.0 22.0
obstacle
0.101495400071
181.0 53.0 59.0 22.0
obstacle
0.101189777255
0.0 122.0 80.0 91.0
obstacle
0.100509241223
268.0 208.0 41.0 20.0
obstacle
0.100381344557
69.0 74.0 54.0 30.0
obstacle
0.100324891508
304.0 252.0 40.0 37.0
obstacle
0.100201204419
139.0 53.0 65.0 23.0
obstacle
0.0998606011271
5.0 20.0 29.0 34.0
obstacle
0.0996285900474
0.0 153.0 77.0 130.0
obstacle
0.0991612896323
260.0 283.0 52.0 28.0
obstacle
0.0988598167896
110.0 255.0 45.0 31.0
obstacle
0.0985137522221
191.0 311.0 41.0 22.0
obstacle
0.0974600091577
228.0 311.0 41.0 22.0
obstacle
0.0961375758052
464.0 304.0 36.0 29.0
obstacle
0.0954645127058
338.0 277.0 48.0 40.0
obstacle
0.095356784761
233.0 179.0 34.0 26.0
obstacle
0.0942728817463
273.0 182.0 26.0 20.0
obstacle
0.0927451848984
229.0 210.0 46.0 18.0
obstacle
0.0914251506329
388.0 228.0 33.0 35.0
obstacle
0.0913007557392
168.0 16.0 89.0 100.0
obstacle
0.0900821387768
232.0 234.0 37.0 23.0
obstacle
0.089743591845
147.0 232.0 48.0 22.0
obstacle
0.0890875160694
273.0 231.0 35.0 28.0
obstacle
0.0867980793118
266.0 256.0 41.0 28.0
obstacle
0.0865229591727
266.0 76.0 46.0 24.0
obstacle
0.0864775925875
183.0 282.0 52.0 30.0
obstacle
0.0862349569798
223.0 284.0 48.0 28.0
obstacle
0.0858415663242
193.0 185.0 33.0 16.0
obstacle
0.0856696888804
150.0 281.0 42.0 31.0
obstacle
0.0841001793742
260.0 101.0 53.0 25.0
obstacle
0.0738622620702
179.0 256.0 57.0 28.0
obstacle
0.0730450600386
148.0 257.0 43.0 26.0
obstacle
0.0713086947799
223.0 257.0 48.0 27.0
