obstacle
0.223928421736
0.0 22.0 416.0 289.0
obstacle
0.211453989148
169.0 113.0 331.0 156.0
obstacle
0.210573017597
232.0 186.0 190.0 68.0
obstacle
0.209789559245
423.0 19.0 35.0 41.0
obstacle
0.200084507465
317.0 0.0 183.0 131.0
obstacle
0.196906015277
380.0 16.0 43.0 44.0
obstacle
0.195972323418
277.0 17.0 97.0 106.0
obstacle
0.195640444756
0.0 176.0 287.0 157.0
obstacle
0.195298016071
240.0 169.0 252.0 53.0
obstacle
0.19252936542
413.0 45.0 52.0 37.0
obstacle
0.192501232028
268.0 140.0 199.0 63.0
obstacle
0.189425751567
0.0 154.0 222.0 125.0
obstacle
0.186685070395
425.0 0.0 32.0 32.0
obstacle
0.186318337917
107.0 0.0 347.0 126.0
obstacle
0.186240047216
335.0 67.0 52.0 42.0
obstacle
0.186021387577
325.0 42.0 74.0 41.0
obstacle
0.179765000939
417.0 67.0 43.0 42.0
obstacle
0.176133558154
295.0 69.0 57.0 37.0
obstacle
0.175894960761
369.0 39.0 64.0 48.0
obstacle
0.175854310393
187.0 0.0 313.0 308.0
obstacle
0.173994496465
163.0 247.0 179.0 86.0
obstacle
0.172501370311
284.0 188.0 216.0 67.0
obstacle
0.172359198332
43.0 59.0 401.0 104.0
obstacle
0.171905487776
224.0 209.0 216.0 124.0
obstacle
0.171162158251
342.0 14.0 41.0 47.0
obstacle
0.170893698931
378.0 68.0 46.0 39.0
obstacle
0.170649036765
46.0 183.0 173.0 69.0
obstacle
0.170155927539
133.0 100.0 163.0 93.0
obstacle
0.169758051634
238.0 46.0 101.0 99.0
obstacle
0.169358283281
301.0 0.0 128.0 107.0
obstacle
0.169238477945
269.0 94.0 114.0 104.0
obstacle
0.168728128076
314.0 183.0 30.0 22.0
obstacle
0.167212322354
271.0 168.0 229.0 165.0
obstacle
0.167127713561
101.0 86.0 399.0 103.0
obstacle
0.167001962662
260.0 281.0 132.0 52.0
obstacle
0.166885331273
387.0 0.0 30.0 31.0
obstacle
0.16665057838
309.0 53.0 108.0 84.0
obstacle
0.165896520019
174.0 69.0 152.0 103.0
obstacle
0.165651917458
0.0 87.0 131.0 246.0
obstacle
0.165446847677
68.0 77.0 50.0 24.0
obstacle
0.16387821734
425.0 155.0 36.0 23.0
obstacle
0.163587614894
180.0 135.0 136.0 70.0
obstacle
0.16356536746
149.0 0.0 128.0 154.0
obstacle
0.16317269206
246.0 3.0 222.0 166.0
obstacle
0.162956491113
70.0 23.0 53.0 29.0
obstacle
0.16207189858
347.0 0.0 33.0 32.0
obstacle
0.160895451903
76.0 235.0 197.0 98.0
obstacle
0.160895347595
30.0 71.0 50.0 35.0
obstacle
0.160769641399
31.0 162.0 204.0 64.0
obstacle
0.160670116544
37.0 0.0 37.0 30.0
obstacle
0.160055831075
80.0 28.0 102.0 76.0
obstacle
0.159983038902
126.0 0.0 101.0 231.0
obstacle
0.159548416734
22.0 28.0 138.0 74.0
obstacle
0.158304944634
311.0 208.0 185.0 78.0
obstacle
0.158233195543
205.0 21.0 89.0 95.0
obstacle
0.157487690449
154.0 0.0 31.0 29.0
obstacle
0.157250881195
191.0 46.0 113.0 94.0
obstacle
0.155651941895
0.0 0.0 138.0 236.0
obstacle
0.155481338501
291.0 44.0 67.0 34.0
obstacle
0.155324846506
10.0 128.0 175.0 83.0
obstacle
0.154811680317
0.0 246.0 218.0 87.0
obstacle
0.154627636075
101.0 86.0 143.0 247.0
obstacle
0.154534250498
298.0 285.0 56.0 21.0
obstacle
0.154392912984
0.0 0.0 254.0 113.0
obstacle
0.154386937618
345.0 150.0 40.0 32.0
obstacle
0.15344914794
393.0 134.0 107.0 70.0
obstacle
0.152771934867
6.0 0.0 28.0 27.0
obstacle
0.152623131871
99.0 218.0 283.0 98.0
obstacle
0.152562379837
84.0 65.0 174.0 108.0
obstacle
0.152179136872
87.0 127.0 168.0 81.0
obstacle
0.152007177472
308.0 0.0 35.0 33.0
obstacle
0.151597350836
173.0 179.0 150.0 81.0
obstacle
0.150917232037
305.0 18.0 39.0 40.0
obstacle
0.150807231665
220.0 101.0 136.0 90.0
obstacle
0.150421723723
35.0 19.0 45.0 36.0
obstacle
0.150060743093
34.0 313.0 48.0 19.0
obstacle
0.149860396981
0.0 119.0 90.0 100.0
obstacle
0.149525001645
391.0 183.0 31.0 22.0
obstacle
0.149434179068
0.0 154.0 137.0 79.0
obstacle
0.14918102324
0.0 185.0 101.0 148.0
obstacle
0.149124532938
0.0 0.0 500.0 188.0
obstacle
0.149032607675
125.0 184.0 314.0 113.0
obstacle
0.148828715086
74.0 47.0 113.0 87.0
obstacle
0.148706108332
331.0 0.0 141.0 85.0
obstacle
0.148522779346
75.0 155.0 37.0 24.0
obstacle
0.147805511951
38.0 178.0 41.0 31.0
obstacle
0.147758558393
404.0 163.0 96.0 62.0
obstacle
0.147315576673
62.0 210.0 216.0 69.0
obstacle
0.146567106247
291.0 101.0 149.0 87.0
obstacle
0.146426454186
121.0 20.0 97.0 91.0
obstacle
0.146323531866
254.0 224.0 139.0 95.0
obstacle
0.14631010592
127.0 185.0 176.0 148.0
obstacle
0.146259501576
0.0 0.0 464.0 55.0
obstacle
0.146102562547
93.0 272.0 297.0 61.0
obstacle
0.145957484841
115.0 0.0 35.0 27.0
obstacle
0.145795181394
348.0 48.0 109.0 95.0
obstacle
0.14562164247
119.0 28.0 247.0 120.0
obstacle
0.145057573915
463.0 0.0 37.0 31.0
obstacle
0.14491969347
347.0 177.0 44.0 35.0
obstacle
0.144624948502
258.0 0.0 133.0 79.0
obstacle
0.144499674439
119.0 177.0 41.0 34.0
obstacle
0.144414663315
260.0 73.0 52.0 27.0
obstacle
0.144252985716
306.0 245.0 194.0 88.0
obstacle
0.14410302043
3.0 209.0 183.0 73.0
obstacle
0.144011721015
81.0 0.0 113.0 225.0
obstacle
0.143944874406
59.0 41.0 160.0 254.0
obstacle
0.143706128001
352.0 80.0 148.0 253.0
obstacle
0.143440291286
136.0 160.0 145.0 67.0
obstacle
0.143401712179
391.0 25.0 98.0 137.0
obstacle
0.143037438393
319.0 61.0 167.0 116.0
obstacle
0.141676917672
242.0 0.0 90.0 102.0
obstacle
0.141539126635
421.0 93.0 35.0 38.0
obstacle
0.141530975699
227.0 73.0 43.0 26.0
obstacle
0.141405358911
0.0 129.0 342.0 120.0
obstacle
0.141230821609
31.0 208.0 55.0 22.0
obstacle
0.140953093767
78.0 0.0 35.0 27.0
obstacle
0.140543922782
30.0 285.0 58.0 22.0
obstacle
0.140298262239
460.0 206.0 40.0 23.0
obstacle
0.140108719468
46.0 98.0 181.0 95.0
obstacle
0.140082731843
167.0 40.0 85.0 104.0
obstacle
0.139947459102
390.0 290.0 103.0 43.0
obstacle
0.139603987336
218.0 160.0 138.0 70.0
obstacle
0.139603793621
409.0 187.0 91.0 63.0
obstacle
0.13957183063
221.0 0.0 279.0 66.0
obstacle
0.139418944716
77.0 182.0 40.0 23.0
obstacle
0.139196455479
194.0 1.0 30.0 25.0
obstacle
0.138777494431
388.0 155.0 30.0 22.0
obstacle
0.138748273253
339.0 98.0 46.0 29.0
obstacle
0.138672962785
109.0 24.0 49.0 26.0
obstacle
0.13844011724
0.0 283.0 44.0 25.0
obstacle
0.137752771378
225.0 263.0 47.0 15.0
obstacle
0.137659758329
51.0 0.0 163.0 74.0
obstacle
0.137507334352
111.0 46.0 120.0 89.0
obstacle
0.137002423406
29.0 44.0 55.0 37.0
obstacle
0.136873155832
0.0 178.0 130.0 85.0
obstacle
0.136562660336
461.0 41.0 39.0 42.0
obstacle
0.136103391647
141.0 50.0 58.0 23.0
obstacle
0.136054247618
269.0 25.0 36.0 27.0
obstacle
0.135343298316
33.0 101.0 48.0 25.0
obstacle
0.135270565748
300.0 99.0 45.0 25.0
obstacle
0.135058283806
419.0 123.0 43.0 30.0
obstacle
0.13494682312
187.0 0.0 117.0 87.0
obstacle
0.134877189994
232.0 25.0 33.0 26.0
obstacle
0.134755849838
0.0 0.0 137.0 55.0
obstacle
0.134495198727
429.0 209.0 35.0 16.0
obstacle
0.134470671415
269.0 0.0 33.0 30.0
obstacle
0.134408429265
0.0 0.0 280.0 233.0
obstacle
0.134111881256
1.0 232.0 39.0 26.0
obstacle
0.133650898933
379.0 98.0 43.0 29.0
obstacle
0.133580058813
385.0 195.0 112.0 104.0
obstacle
0.133576437831
416.0 0.0 84.0 73.0
obstacle
0.132772788405
0.0 0.0 118.0 120.0
obstacle
0.13264015317
0.0 101.0 41.0 29.0
obstacle
0.132344305515
219.0 49.0 59.0 24.0
obstacle
0.132165372372
0.0 243.0 165.0 58.0
obstacle
0.132044449449
416.0 283.0 52.0 23.0
obstacle
0.132009610534
258.0 47.0 59.0 26.0
obstacle
0.131626412272
161.0 184.0 28.0 22.0
obstacle
0.130152061582
233.0 2.0 31.0 26.0
obstacle
0.130112826824
15.0 259.0 82.0 22.0
obstacle
0.130089044571
232.0 65.0 191.0 204.0
obstacle
0.130035951734
192.0 25.0 37.0 25.0
obstacle
0.129977568984
69.0 286.0 210.0 47.0
obstacle
0.129920870066
0.0 209.0 42.0 22.0
obstacle
0.129849597812
430.0 184.0 30.0 19.0
obstacle
0.129835352302
270.0 235.0 39.0 20.0
obstacle
0.129740044475
419.0 61.0 81.0 115.0
obstacle
0.129397168756
373.0 264.0 127.0 66.0
obstacle
0.129256814718
231.0 0.0 121.0 190.0
obstacle
0.129245638847
0.0 290.0 210.0 43.0
obstacle
0.129169747233
237.0 182.0 29.0 24.0
obstacle
0.129044875503
182.0 51.0 52.0 21.0
obstacle
0.128711387515
364.0 76.0 136.0 137.0
obstacle
0.128705784678
2.0 26.0 34.0 24.0
obstacle
0.128425374627
227.0 238.0 47.0 16.0
obstacle
0.128229856491
276.0 181.0 31.0 26.0
obstacle
0.128136232495
149.0 24.0 43.0 26.0
obstacle
0.127633094788
107.0 75.0 47.0 26.0
obstacle
0.127619430423
463.0 14.0 36.0 49.0
obstacle
0.127448111773
0.0 76.0 38.0 25.0
obstacle
0.127380400896
458.0 121.0 42.0 36.0
obstacle
0.12730845809
343.0 283.0 46.0 23.0
obstacle
0.127060741186
0.0 42.0 233.0 140.0
obstacle
0.126929372549
382.0 123.0 42.0 28.0
obstacle
0.126821771264
0.0 88.0 140.0 109.0
obstacle
0.126645103097
118.0 152.0 33.0 30.0
obstacle
0.126450911164
0.0 311.0 39.0 22.0
obstacle
0.126331016421
309.0 153.0 32.0 27.0
obstacle
0.126088425517
264.0 284.0 47.0 21.0
obstacle
0.125392138958
264.0 260.0 47.0 19.0
obstacle
0.125261023641
99.0 51.0 62.0 23.0
obstacle
0.125199601054
70.0 51.0 49.0 23.0
obstacle
0.125136598945
34.0 149.0 47.0 35.0
obstacle
0.124929942191
468.0 177.0 32.0 30.0
obstacle
0.124709270895
348.0 311.0 37.0 22.0
obstacle
0.124578692019
205.0 0.0 94.0 212.0
obstacle
0.124461092055
35.0 123.0 46.0 32.0
obstacle
0.124374181032
0.0 258.0 49.0 25.0
obstacle
0.124265506864
191.0 77.0 37.0 20.0
obstacle
0.124171838164
3.0 181.0 33.0 26.0
obstacle
0.124099634588
1.0 154.0 36.0 27.0
obstacle
0.124058119953
339.0 123.0 50.0 29.0
obstacle
0.123978212476
0.0 128.0 44.0 26.0
obstacle
0.12355158478
72.0 102.0 44.0 21.0
obstacle
0.123470567167
0.0 274.0 182.0 48.0
obstacle
0.122321613133
173.0 53.0 161.0 231.0
obstacle
0.122103266418
308.0 206.0 40.0 23.0
obstacle
0.122039228678
460.0 63.0 40.0 48.0
obstacle
0.121991448104
423.0 234.0 40.0 18.0
obstacle
0.121697239578
178.0 146.0 232.0 187.0
obstacle
0.121509812772
170.0 0.0 87.0 239.0
obstacle
0.121345870197
459.0 232.0 41.0 22.0
obstacle
0.121285043657
218.0 198.0 135.0 94.0
obstacle
0.121089421213
0.0 62.0 92.0 106.0
obstacle
0.119718387723
73.0 126.0 45.0 23.0
obstacle
0.118013203144
75.0 314.0 46.0 17.0
obstacle
0.117966063321
340.0 279.0 125.0 54.0
obstacle
0.117616444826
200.0 181.0 29.0 24.0
obstacle
0.117008402944
28.0 232.0 59.0 26.0
obstacle
0.116967327893
10.0 134.0 490.0 199.0
obstacle
0.116929873824
460.0 91.0 38.0 44.0
obstacle
0.116745874286
463.0 279.0 34.0 31.0
obstacle
0.116721250117
191.0 315.0 48.0 15.0
obstacle
0.116598561406
111.0 101.0 41.0 23.0
obstacle
0.116284273565
383.0 311.0 37.0 20.0
obstacle
0.11610391736
232.0 156.0 33.0 23.0
obstacle
0.115504138172
429.0 0.0 71.0 135.0
obstacle
0.115320056677
464.0 150.0 36.0 34.0
obstacle
0.1151990816
166.0 0.0 92.0 100.0
obstacle
0.115184150636
401.0 0.0 99.0 239.0
obstacle
0.114484257996
262.0 101.0 46.0 21.0
obstacle
0.114225015044
225.0 315.0 51.0 18.0
obstacle
0.113807864487
186.0 265.0 50.0 14.0
obstacle
0.113727033138
304.0 125.0 43.0 23.0
obstacle
0.113720037043
111.0 123.0 43.0 30.0
obstacle
0.113585673273
274.0 49.0 226.0 178.0
obstacle
0.113366536796
422.0 254.0 40.0 26.0
obstacle
0.112948812544
193.0 154.0 38.0 25.0
obstacle
0.112678349018
187.0 288.0 49.0 17.0
obstacle
0.112531960011
219.0 289.0 60.0 16.0
obstacle
0.112469673157
149.0 75.0 42.0 24.0
obstacle
0.111277580261
114.0 208.0 49.0 25.0
obstacle
0.111109100282
159.0 157.0 27.0 21.0
obstacle
0.111100196838
307.0 232.0 43.0 23.0
obstacle
0.11026404798
227.0 102.0 40.0 20.0
obstacle
0.110197745264
382.0 256.0 45.0 22.0
obstacle
0.110051050782
149.0 126.0 41.0 26.0
obstacle
0.109906487167
152.0 102.0 33.0 22.0
obstacle
0.10969684273
460.0 256.0 40.0 24.0
obstacle
0.108579285443
232.0 209.0 38.0 21.0
obstacle
0.108403600752
306.0 313.0 42.0 19.0
obstacle
0.108324274421
58.0 262.0 74.0 18.0
obstacle
0.108247421682
270.0 154.0 37.0 24.0
obstacle
0.107995018363
113.0 316.0 50.0 15.0
obstacle
0.107602328062
269.0 314.0 45.0 18.0
obstacle
0.107080437243
379.0 284.0 45.0 19.0
obstacle
0.106641046703
103.0 289.0 62.0 17.0
obstacle
0.106496013701
150.0 316.0 50.0 16.0
obstacle
0.106139525771
64.0 286.0 65.0 18.0
obstacle
0.106029987335
307.0 3.0 123.0 219.0
obstacle
0.105963043869
298.0 257.0 57.0 23.0
obstacle
0.105884611607
343.0 200.0 45.0 35.0
obstacle
0.105121701956
0.0 49.0 37.0 27.0
obstacle
0.104957163334
264.0 127.0 48.0 20.0
obstacle
0.104418613017
227.0 128.0 42.0 20.0
obstacle
0.103908166289
188.0 102.0 37.0 21.0
obstacle
0.103856049478
388.0 207.0 33.0 19.0
obstacle
0.102697700262
70.0 235.0 52.0 21.0
obstacle
0.102013342083
187.0 128.0 45.0 21.0
obstacle
0.101700171828
105.0 262.0 58.0 17.0
obstacle
0.101101517677
272.0 209.0 37.0 20.0
obstacle
0.100588299334
192.0 211.0 44.0 20.0
obstacle
0.099609002471
73.0 210.0 48.0 19.0
obstacle
0.098483376205
184.0 239.0 58.0 16.0
obstacle
0.0981861501932
146.0 264.0 56.0 14.0
obstacle
0.0977918803692
425.0 307.0 31.0 26.0
obstacle
0.0974341407418
337.0 256.0 56.0 24.0
obstacle
0.096551656723
143.0 289.0 62.0 15.0
obstacle
0.0962132066488
153.0 213.0 44.0 15.0
obstacle
0.0961417257786
464.0 305.0 30.0 28.0
obstacle
0.0931196883321
342.0 233.0 50.0 22.0
obstacle
0.093094214797
385.0 233.0 39.0 18.0
obstacle
0.0916428938508
105.0 235.0 60.0 18.0
obstacle
0.0849852263927
147.0 238.0 56.0 14.0
