obstacle
0.266755789518
234.0 5.0 185.0 118.0
obstacle
0.243088111281
167.0 0.0 162.0 140.0
obstacle
0.23281596601
97.0 0.0 141.0 155.0
obstacle
0.229529768229
282.0 1.0 170.0 177.0
obstacle
0.217764317989
215.0 6.0 147.0 168.0
obstacle
0.202868700027
0.0 0.0 187.0 177.0
obstacle
0.196625649929
0.0 157.0 303.0 176.0
obstacle
0.195344522595
390.0 0.0 110.0 172.0
obstacle
0.192131251097
139.0 79.0 146.0 254.0
obstacle
0.188990041614
78.0 67.0 422.0 266.0
obstacle
0.187072366476
59.0 58.0 226.0 215.0
obstacle
0.186600029469
45.0 126.0 179.0 183.0
obstacle
0.186191752553
229.0 228.0 191.0 86.0
obstacle
0.185990616679
75.0 220.0 188.0 103.0
obstacle
0.182824298739
2.0 137.0 186.0 65.0
obstacle
0.182267189026
255.0 130.0 140.0 129.0
obstacle
0.1822450459
0.0 231.0 191.0 85.0
obstacle
0.179383933544
204.0 69.0 296.0 145.0
obstacle
0.178874328732
426.0 23.0 36.0 37.0
obstacle
0.17781329155
307.0 0.0 193.0 112.0
obstacle
0.175705179572
133.0 134.0 80.0 65.0
obstacle
0.175606712699
0.0 0.0 408.0 196.0
obstacle
0.175172716379
138.0 141.0 137.0 97.0
obstacle
0.173844262958
0.0 142.0 133.0 191.0
obstacle
0.173825398088
0.0 0.0 91.0 268.0
obstacle
0.173786386847
0.0 199.0 500.0 83.0
obstacle
0.170878559351
183.0 162.0 215.0 171.0
obstacle
0.170473769307
387.0 197.0 113.0 136.0
obstacle
0.169923022389
252.0 30.0 248.0 273.0
obstacle
0.169269233942
386.0 22.0 42.0 32.0
obstacle
0.168444305658
320.0 138.0 168.0 64.0
obstacle
0.167418122292
428.0 0.0 35.0 31.0
obstacle
0.167081475258
367.0 0.0 133.0 63.0
obstacle
0.165056556463
295.0 149.0 138.0 90.0
obstacle
0.164853110909
3.0 156.0 183.0 77.0
obstacle
0.16484297812
115.0 239.0 197.0 94.0
obstacle
0.163549736142
142.0 131.0 214.0 73.0
obstacle
0.163275897503
132.0 0.0 159.0 212.0
obstacle
0.16270762682
59.0 0.0 152.0 101.0
obstacle
0.162206634879
241.0 0.0 163.0 54.0
obstacle
0.162182614207
390.0 0.0 33.0 29.0
obstacle
0.162006154656
254.0 20.0 148.0 193.0
obstacle
0.159604161978
147.0 142.0 353.0 141.0
obstacle
0.159548357129
0.0 187.0 246.0 108.0
obstacle
0.159042656422
37.0 0.0 114.0 116.0
obstacle
0.158861905336
266.0 0.0 118.0 91.0
obstacle
0.158635854721
91.0 80.0 306.0 170.0
obstacle
0.158537060022
269.0 102.0 118.0 87.0
obstacle
0.158072918653
4.0 99.0 183.0 182.0
obstacle
0.157247543335
274.0 163.0 190.0 170.0
obstacle
0.15670914948
0.0 216.0 402.0 99.0
obstacle
0.156622320414
352.0 110.0 148.0 71.0
obstacle
0.155153259635
10.0 208.0 168.0 79.0
obstacle
0.155113264918
0.0 169.0 438.0 85.0
obstacle
0.154398009181
294.0 228.0 206.0 105.0
obstacle
0.153425350785
74.0 0.0 119.0 260.0
obstacle
0.152833491564
3.0 106.0 181.0 75.0
obstacle
0.152173653245
281.0 112.0 170.0 64.0
obstacle
0.151836767793
0.0 0.0 139.0 61.0
obstacle
0.151785954833
257.0 78.0 147.0 83.0
obstacle
0.151393502951
342.0 24.0 50.0 29.0
obstacle
0.151046827435
172.0 155.0 152.0 131.0
obstacle
0.149263039231
352.0 0.0 34.0 30.0
obstacle
0.148555874825
119.0 113.0 106.0 65.0
obstacle
0.148547127843
423.0 0.0 77.0 91.0
obstacle
0.148178368807
61.0 39.0 145.0 104.0
obstacle
0.146861478686
77.0 0.0 340.0 58.0
obstacle
0.146562114358
41.0 0.0 33.0 32.0
obstacle
0.145563542843
348.0 129.0 32.0 24.0
obstacle
0.145061507821
13.0 69.0 162.0 95.0
obstacle
0.14480791986
176.0 107.0 152.0 77.0
obstacle
0.143615335226
80.0 0.0 31.0 29.0
obstacle
0.143569588661
0.0 29.0 117.0 122.0
obstacle
0.143125399947
116.0 0.0 38.0 27.0
obstacle
0.143112033606
367.0 75.0 133.0 84.0
obstacle
0.142992675304
10.0 186.0 170.0 71.0
obstacle
0.14208368957
108.0 111.0 132.0 162.0
obstacle
0.141783758998
106.0 75.0 132.0 86.0
obstacle
0.141743347049
335.0 178.0 142.0 88.0
obstacle
0.14111879468
176.0 280.0 290.0 53.0
obstacle
0.140365600586
141.0 83.0 142.0 74.0
obstacle
0.140245825052
307.0 0.0 112.0 93.0
obstacle
0.139770999551
391.0 69.0 109.0 248.0
obstacle
0.139143258333
160.0 111.0 104.0 70.0
obstacle
0.138828203082
183.0 259.0 49.0 22.0
obstacle
0.138435438275
0.0 282.0 40.0 25.0
obstacle
0.137668192387
40.0 258.0 187.0 75.0
obstacle
0.137037649751
5.0 0.0 29.0 32.0
obstacle
0.136763855815
193.0 48.0 116.0 92.0
obstacle
0.136596664786
348.0 177.0 35.0 27.0
obstacle
0.136487215757
153.0 2.0 41.0 24.0
obstacle
0.135600447655
238.0 1.0 98.0 83.0
obstacle
0.135038554668
192.0 209.0 186.0 73.0
obstacle
0.134996294975
34.0 283.0 42.0 22.0
obstacle
0.134880632162
33.0 128.0 43.0 28.0
obstacle
0.134344682097
47.0 279.0 314.0 54.0
obstacle
0.134109973907
277.0 201.0 176.0 89.0
obstacle
0.133667036891
234.0 159.0 30.0 20.0
obstacle
0.133280232549
421.0 155.0 44.0 23.0
obstacle
0.1329036057
410.0 41.0 90.0 103.0
obstacle
0.132783323526
38.0 249.0 409.0 84.0
obstacle
0.132701024413
106.0 56.0 350.0 110.0
obstacle
0.13264015317
270.0 160.0 35.0 17.0
obstacle
0.132065489888
310.0 157.0 33.0 22.0
obstacle
0.132018238306
86.0 0.0 164.0 67.0
obstacle
0.132018074393
424.0 130.0 39.0 23.0
obstacle
0.13155092299
1.0 102.0 32.0 28.0
obstacle
0.130916312337
0.0 0.0 362.0 89.0
obstacle
0.130539238453
129.0 201.0 164.0 91.0
obstacle
0.130483686924
0.0 254.0 40.0 30.0
obstacle
0.130014210939
0.0 127.0 35.0 29.0
obstacle
0.129646956921
423.0 277.0 33.0 40.0
obstacle
0.129566580057
425.0 100.0 40.0 28.0
obstacle
0.12955263257
0.0 179.0 36.0 28.0
obstacle
0.129541665316
193.0 3.0 39.0 23.0
obstacle
0.129392266273
454.0 73.0 46.0 30.0
obstacle
0.129154458642
0.0 16.0 82.0 95.0
obstacle
0.129151135683
167.0 0.0 158.0 55.0
obstacle
0.129000335932
306.0 285.0 40.0 22.0
obstacle
0.128929406404
457.0 46.0 43.0 33.0
obstacle
0.128845408559
0.0 105.0 280.0 114.0
obstacle
0.128829970956
45.0 23.0 30.0 32.0
obstacle
0.128463625908
311.0 0.0 38.0 29.0
obstacle
0.128286585212
350.0 157.0 28.0 22.0
obstacle
0.128081291914
306.0 131.0 32.0 20.0
obstacle
0.127803102136
385.0 156.0 38.0 22.0
obstacle
0.127586632967
225.0 261.0 45.0 19.0
obstacle
0.127572998405
222.0 287.0 51.0 18.0
obstacle
0.127502128482
304.0 25.0 51.0 27.0
obstacle
0.126889571548
391.0 126.0 32.0 30.0
obstacle
0.126656144857
73.0 285.0 46.0 22.0
obstacle
0.12605792284
419.0 46.0 48.0 33.0
obstacle
0.12581089139
461.0 126.0 39.0 29.0
obstacle
0.125192299485
190.0 236.0 42.0 20.0
obstacle
0.12492043525
194.0 313.0 36.0 18.0
obstacle
0.124916650355
3.0 285.0 184.0 48.0
obstacle
0.124415665865
460.0 99.0 40.0 29.0
obstacle
0.123094931245
417.0 73.0 58.0 32.0
obstacle
0.122948423028
373.0 158.0 127.0 77.0
obstacle
0.122689276934
335.0 62.0 144.0 211.0
obstacle
0.122405543923
0.0 180.0 91.0 82.0
obstacle
0.122170343995
35.0 154.0 39.0 26.0
obstacle
0.121645137668
37.0 102.0 36.0 29.0
obstacle
0.121366091073
200.0 4.0 97.0 78.0
obstacle
0.120947666466
0.0 154.0 36.0 27.0
obstacle
0.120933488011
0.0 31.0 352.0 111.0
obstacle
0.120930328965
233.0 314.0 34.0 16.0
obstacle
0.120708614588
40.0 311.0 35.0 20.0
obstacle
0.120584614575
197.0 161.0 28.0 16.0
obstacle
0.120131075382
149.0 235.0 44.0 22.0
obstacle
0.120127789676
79.0 313.0 35.0 19.0
obstacle
0.11998706311
233.0 2.0 37.0 26.0
obstacle
0.119966983795
272.0 1.0 39.0 27.0
obstacle
0.119944222271
108.0 285.0 54.0 21.0
obstacle
0.119438610971
70.0 132.0 45.0 20.0
obstacle
0.119370430708
310.0 176.0 31.0 30.0
obstacle
0.118920594454
387.0 99.0 32.0 31.0
obstacle
0.118868671358
462.0 19.0 38.0 38.0
obstacle
0.11874383688
347.0 98.0 34.0 34.0
obstacle
0.118573665619
190.0 131.0 39.0 20.0
obstacle
0.118422105908
157.0 313.0 34.0 18.0
obstacle
0.117992348969
331.0 34.0 149.0 122.0
obstacle
0.117960065603
31.0 204.0 48.0 29.0
obstacle
0.117878049612
339.0 260.0 49.0 22.0
obstacle
0.117759615183
383.0 180.0 44.0 25.0
obstacle
0.117641165853
464.0 0.0 36.0 28.0
obstacle
0.11752410233
386.0 43.0 40.0 37.0
obstacle
0.117310322821
187.0 78.0 50.0 22.0
obstacle
0.117218524218
342.0 238.0 48.0 16.0
obstacle
0.117142297328
0.0 227.0 41.0 32.0
obstacle
0.117118015885
246.0 25.0 89.0 87.0
obstacle
0.1170380041
43.0 48.0 30.0 31.0
obstacle
0.117028586566
0.0 203.0 38.0 30.0
obstacle
0.116844326258
111.0 210.0 45.0 18.0
obstacle
0.116749428213
226.0 130.0 45.0 21.0
obstacle
0.116729550064
119.0 312.0 32.0 19.0
obstacle
0.116714581847
3.0 49.0 32.0 27.0
obstacle
0.116440854967
464.0 274.0 35.0 43.0
obstacle
0.115986965597
345.0 47.0 43.0 29.0
obstacle
0.115864627063
109.0 234.0 49.0 21.0
obstacle
0.115656048059
67.0 231.0 57.0 25.0
obstacle
0.115456826985
0.0 229.0 91.0 85.0
obstacle
0.115433298051
460.0 252.0 40.0 34.0
obstacle
0.1153505072
113.0 157.0 40.0 17.0
obstacle
0.115336477757
71.0 258.0 48.0 23.0
obstacle
0.1151824072
37.0 177.0 39.0 30.0
obstacle
0.115035757422
417.0 125.0 83.0 87.0
obstacle
0.11488161236
147.0 285.0 50.0 20.0
obstacle
0.114286348224
107.0 130.0 52.0 21.0
obstacle
0.114198647439
424.0 309.0 34.0 24.0
obstacle
0.114026062191
29.0 230.0 51.0 25.0
obstacle
0.113832831383
263.0 287.0 50.0 19.0
obstacle
0.113622583449
109.0 258.0 47.0 22.0
obstacle
0.113052025437
262.0 261.0 47.0 19.0
obstacle
0.112964585423
412.0 177.0 88.0 86.0
obstacle
0.112627580762
39.0 76.0 38.0 30.0
obstacle
0.112603291869
345.0 284.0 37.0 23.0
obstacle
0.112550102174
185.0 286.0 50.0 18.0
obstacle
0.112487569451
193.0 181.0 32.0 23.0
obstacle
0.112464405596
211.0 30.0 81.0 76.0
obstacle
0.111980095506
385.0 283.0 33.0 27.0
obstacle
0.111464217305
0.0 126.0 90.0 87.0
obstacle
0.111069299281
344.0 67.0 43.0 38.0
obstacle
0.111004248261
419.0 182.0 50.0 22.0
obstacle
0.110716357827
147.0 132.0 46.0 17.0
obstacle
0.110632948577
383.0 67.0 46.0 39.0
obstacle
0.11052390933
145.0 31.0 60.0 19.0
obstacle
0.109641581774
232.0 181.0 32.0 19.0
obstacle
0.109603434801
153.0 181.0 37.0 18.0
obstacle
0.1095803231
32.0 256.0 45.0 24.0
obstacle
0.10940734297
0.0 64.0 88.0 105.0
obstacle
0.10934189707
457.0 228.0 43.0 30.0
obstacle
0.109238833189
141.0 211.0 57.0 16.0
obstacle
0.109077699482
78.0 181.0 35.0 22.0
obstacle
0.108784742653
72.0 205.0 48.0 25.0
obstacle
0.108440689743
305.0 72.0 43.0 31.0
obstacle
0.108366467059
74.0 105.0 39.0 24.0
obstacle
0.108307339251
421.0 253.0 39.0 34.0
obstacle
0.108158946037
263.0 130.0 45.0 24.0
obstacle
0.108092226088
2.0 76.0 33.0 27.0
obstacle
0.1069239676
269.0 74.0 40.0 28.0
obstacle
0.106282711029
79.0 23.0 36.0 31.0
obstacle
0.106198899448
306.0 100.0 41.0 28.0
obstacle
0.106150180101
145.0 259.0 49.0 21.0
obstacle
0.106101222336
163.0 0.0 94.0 87.0
obstacle
0.105778284371
2.0 309.0 34.0 23.0
obstacle
0.105764269829
269.0 180.0 34.0 23.0
obstacle
0.105266541243
151.0 158.0 39.0 16.0
obstacle
0.105264373124
113.0 28.0 47.0 24.0
obstacle
0.105155587196
459.0 148.0 41.0 35.0
obstacle
0.104262538254
266.0 28.0 50.0 23.0
obstacle
0.104236967862
415.0 255.0 85.0 78.0
obstacle
0.104162991047
267.0 236.0 43.0 18.0
obstacle
0.104025378823
0.0 202.0 78.0 86.0
obstacle
0.104011997581
5.0 21.0 29.0 34.0
obstacle
0.103921629488
464.0 305.0 35.0 28.0
obstacle
0.103510558605
455.0 178.0 45.0 27.0
obstacle
0.103055737913
303.0 93.0 135.0 201.0
obstacle
0.103004328907
303.0 237.0 48.0 16.0
obstacle
0.10290274024
268.0 101.0 38.0 26.0
obstacle
0.102629549801
341.0 209.0 49.0 20.0
obstacle
0.102571859956
156.0 0.0 344.0 179.0
obstacle
0.102449193597
144.0 54.0 56.0 21.0
obstacle
0.102316364646
458.0 202.0 42.0 31.0
obstacle
0.101143836975
418.0 230.0 43.0 29.0
obstacle
0.100738421082
302.0 261.0 46.0 20.0
obstacle
0.100634917617
107.0 79.0 52.0 21.0
obstacle
0.100526876748
416.0 205.0 50.0 28.0
obstacle
0.0995968654752
273.0 313.0 33.0 17.0
obstacle
0.0992476716638
306.0 49.0 45.0 26.0
obstacle
0.0991078168154
188.0 31.0 53.0 18.0
obstacle
0.0990671738982
73.0 158.0 42.0 19.0
obstacle
0.0989239141345
376.0 207.0 53.0 24.0
obstacle
0.0988025516272
178.0 211.0 62.0 18.0
obstacle
0.0983938574791
228.0 76.0 44.0 26.0
obstacle
0.0976543575525
149.0 79.0 48.0 20.0
obstacle
0.0976375564933
309.0 313.0 36.0 18.0
obstacle
0.0972149595618
224.0 211.0 53.0 16.0
obstacle
0.0968650728464
381.0 257.0 40.0 27.0
obstacle
0.0966809615493
228.0 104.0 39.0 21.0
obstacle
0.0966032743454
113.0 106.0 39.0 22.0
obstacle
0.0965889841318
114.0 181.0 38.0 18.0
obstacle
0.096250616014
229.0 30.0 46.0 20.0
obstacle
0.0961444824934
349.0 310.0 32.0 23.0
obstacle
0.0958913341165
185.0 54.0 52.0 19.0
obstacle
0.0945672318339
191.0 104.0 40.0 22.0
obstacle
0.0939077436924
388.0 310.0 34.0 23.0
obstacle
0.0935752019286
108.0 54.0 54.0 21.0
obstacle
0.0934911295772
380.0 234.0 45.0 22.0
obstacle
0.0903147086501
300.0 211.0 54.0 19.0
obstacle
0.090034596622
73.0 79.0 45.0 23.0
obstacle
0.0880260393023
267.0 50.0 45.0 25.0
obstacle
0.0878589451313
229.0 237.0 43.0 17.0
obstacle
0.0868957266212
263.0 211.0 54.0 16.0
obstacle
0.085295163095
228.0 52.0 43.0 22.0
obstacle
0.0844904482365
153.0 103.0 37.0 24.0
obstacle
0.0810768157244
76.0 52.0 40.0 24.0
