obstacle
0.233972549438
59.0 0.0 441.0 249.0
obstacle
0.220268651843
55.0 114.0 311.0 145.0
obstacle
0.214197948575
370.0 0.0 130.0 122.0
obstacle
0.20701546967
126.0 128.0 254.0 205.0
obstacle
0.197399169207
229.0 236.0 192.0 73.0
obstacle
0.194010466337
268.0 171.0 112.0 99.0
obstacle
0.192680969834
0.0 0.0 320.0 286.0
obstacle
0.190934419632
101.0 143.0 133.0 92.0
obstacle
0.189071178436
131.0 233.0 155.0 78.0
obstacle
0.188442483544
265.0 0.0 207.0 133.0
obstacle
0.186264798045
188.0 75.0 312.0 125.0
obstacle
0.185879006982
0.0 210.0 200.0 123.0
obstacle
0.184479057789
118.0 0.0 183.0 166.0
obstacle
0.182650566101
195.0 157.0 37.0 21.0
obstacle
0.181874752045
0.0 146.0 305.0 187.0
obstacle
0.181871592999
0.0 140.0 122.0 193.0
obstacle
0.180359855294
20.0 82.0 151.0 223.0
obstacle
0.177691847086
122.0 124.0 166.0 83.0
obstacle
0.175976708531
183.0 124.0 120.0 134.0
obstacle
0.175218224525
0.0 65.0 418.0 146.0
obstacle
0.173198223114
369.0 83.0 131.0 250.0
obstacle
0.170829623938
159.0 250.0 190.0 83.0
obstacle
0.17074149847
336.0 0.0 164.0 227.0
obstacle
0.17074136436
249.0 123.0 150.0 91.0
obstacle
0.170651733875
188.0 0.0 131.0 93.0
obstacle
0.170609012246
76.0 0.0 193.0 89.0
obstacle
0.170429319143
65.0 154.0 137.0 127.0
obstacle
0.170212507248
0.0 0.0 200.0 63.0
obstacle
0.169174894691
304.0 143.0 118.0 101.0
obstacle
0.167493015528
100.0 182.0 364.0 113.0
obstacle
0.166697561741
245.0 198.0 163.0 98.0
obstacle
0.166660740972
0.0 206.0 446.0 66.0
obstacle
0.166505381465
198.0 96.0 302.0 234.0
obstacle
0.16621312499
52.0 0.0 162.0 197.0
obstacle
0.165249437094
187.0 0.0 203.0 190.0
obstacle
0.165092289448
191.0 184.0 36.0 18.0
obstacle
0.164569988847
0.0 0.0 425.0 64.0
obstacle
0.164179682732
96.0 104.0 151.0 79.0
obstacle
0.163143202662
271.0 26.0 113.0 136.0
obstacle
0.162519156933
190.0 2.0 41.0 25.0
obstacle
0.161490038037
168.0 82.0 156.0 122.0
obstacle
0.161179572344
0.0 2.0 320.0 116.0
obstacle
0.160990774632
154.0 0.0 33.0 28.0
obstacle
0.160752817988
283.0 211.0 217.0 122.0
obstacle
0.157294183969
0.0 19.0 101.0 243.0
obstacle
0.156933024526
320.0 196.0 166.0 99.0
obstacle
0.156769454479
81.0 197.0 189.0 136.0
obstacle
0.156200140715
0.0 26.0 147.0 78.0
obstacle
0.155379787087
18.0 52.0 157.0 83.0
obstacle
0.15462872386
238.0 122.0 90.0 141.0
obstacle
0.154265701771
149.0 148.0 117.0 139.0
obstacle
0.152288571
279.0 140.0 86.0 109.0
obstacle
0.151390820742
149.0 23.0 48.0 28.0
obstacle
0.150134161115
0.0 0.0 103.0 85.0
obstacle
0.150033041835
0.0 68.0 281.0 90.0
obstacle
0.149380505085
229.0 1.0 40.0 27.0
obstacle
0.149085789919
189.0 208.0 45.0 20.0
obstacle
0.148611977696
214.0 88.0 160.0 204.0
obstacle
0.147759124637
117.0 0.0 33.0 29.0
obstacle
0.147102758288
347.0 149.0 37.0 30.0
obstacle
0.145500019193
148.0 49.0 53.0 27.0
obstacle
0.14496652782
188.0 26.0 47.0 27.0
obstacle
0.144063323736
0.0 233.0 428.0 64.0
obstacle
0.143824920058
233.0 158.0 32.0 17.0
obstacle
0.143705621362
192.0 211.0 207.0 122.0
obstacle
0.143370464444
70.0 47.0 207.0 286.0
obstacle
0.143335938454
30.0 205.0 55.0 26.0
obstacle
0.142609894276
216.0 0.0 142.0 56.0
obstacle
0.142603889108
314.0 72.0 29.0 34.0
obstacle
0.142432227731
0.0 188.0 242.0 105.0
obstacle
0.141916662455
0.0 144.0 270.0 90.0
obstacle
0.141834691167
109.0 35.0 127.0 117.0
obstacle
0.141665637493
1.0 155.0 36.0 26.0
obstacle
0.140337750316
349.0 75.0 33.0 29.0
obstacle
0.14021062851
64.0 130.0 138.0 68.0
obstacle
0.140128746629
0.0 282.0 296.0 51.0
obstacle
0.139912366867
0.0 67.0 477.0 266.0
obstacle
0.139730349183
434.0 0.0 66.0 112.0
obstacle
0.13972248137
286.0 121.0 169.0 212.0
obstacle
0.139711424708
228.0 182.0 36.0 20.0
obstacle
0.139486983418
181.0 199.0 140.0 94.0
obstacle
0.139327809215
459.0 230.0 41.0 29.0
obstacle
0.139174893498
386.0 24.0 34.0 34.0
obstacle
0.13910150528
28.0 230.0 55.0 28.0
obstacle
0.1387475878
229.0 44.0 45.0 38.0
obstacle
0.138093471527
0.0 0.0 127.0 157.0
obstacle
0.137823477387
164.0 36.0 95.0 113.0
obstacle
0.137042567134
0.0 281.0 39.0 29.0
obstacle
0.136710196733
224.0 25.0 51.0 28.0
obstacle
0.13617362082
0.0 118.0 322.0 90.0
obstacle
0.136025354266
32.0 37.0 349.0 97.0
obstacle
0.135840579867
169.0 20.0 331.0 77.0
obstacle
0.135623753071
345.0 0.0 37.0 33.0
obstacle
0.135379880667
39.0 0.0 30.0 35.0
obstacle
0.135211929679
461.0 123.0 39.0 36.0
obstacle
0.135153993964
308.0 151.0 38.0 24.0
obstacle
0.135038197041
271.0 179.0 29.0 22.0
obstacle
0.1350107342
344.0 100.0 40.0 29.0
obstacle
0.134730249643
150.0 0.0 120.0 64.0
obstacle
0.134725987911
267.0 0.0 39.0 30.0
obstacle
0.134390637279
275.0 73.0 31.0 33.0
obstacle
0.13433663547
2.0 181.0 37.0 26.0
obstacle
0.134323686361
422.0 0.0 36.0 31.0
obstacle
0.134087443352
461.0 99.0 39.0 34.0
obstacle
0.13380728662
0.0 230.0 40.0 28.0
obstacle
0.133475065231
343.0 177.0 43.0 26.0
obstacle
0.133271038532
96.0 278.0 294.0 55.0
obstacle
0.133103221655
76.0 0.0 35.0 30.0
obstacle
0.132481634617
82.0 18.0 34.0 40.0
obstacle
0.132430449128
31.0 181.0 50.0 24.0
obstacle
0.132356151938
303.0 0.0 44.0 32.0
obstacle
0.13232216239
253.0 270.0 247.0 63.0
obstacle
0.132236525416
264.0 28.0 199.0 224.0
obstacle
0.132023826241
312.0 21.0 110.0 144.0
obstacle
0.131880015135
294.0 0.0 136.0 83.0
obstacle
0.131483614445
0.0 49.0 99.0 84.0
obstacle
0.131143391132
0.0 130.0 38.0 23.0
obstacle
0.130929455161
305.0 118.0 195.0 104.0
obstacle
0.130651056767
0.0 154.0 148.0 80.0
obstacle
0.129924088717
466.0 276.0 34.0 36.0
obstacle
0.129671826959
416.0 23.0 50.0 34.0
obstacle
0.129443779588
193.0 130.0 39.0 24.0
obstacle
0.129428982735
371.0 256.0 129.0 77.0
obstacle
0.128670960665
460.0 255.0 40.0 30.0
obstacle
0.128487169743
267.0 47.0 45.0 31.0
obstacle
0.128363102674
21.0 100.0 154.0 88.0
obstacle
0.128324717283
0.0 252.0 379.0 76.0
obstacle
0.128280937672
413.0 210.0 87.0 122.0
obstacle
0.127948388457
185.0 232.0 48.0 28.0
obstacle
0.127695918083
459.0 73.0 41.0 30.0
obstacle
0.127466663718
1.0 204.0 40.0 27.0
obstacle
0.127330034971
386.0 0.0 33.0 30.0
obstacle
0.127222597599
382.0 229.0 41.0 34.0
obstacle
0.126812323928
231.0 22.0 117.0 94.0
obstacle
0.126605242491
29.0 156.0 56.0 22.0
obstacle
0.126579985023
193.0 311.0 39.0 22.0
obstacle
0.126459151506
0.0 211.0 133.0 72.0
obstacle
0.125991165638
0.0 127.0 137.0 82.0
obstacle
0.125980302691
76.0 126.0 41.0 27.0
obstacle
0.125683367252
181.0 259.0 53.0 24.0
obstacle
0.125118032098
212.0 31.0 79.0 124.0
obstacle
0.124399229884
423.0 282.0 38.0 29.0
obstacle
0.124347552657
0.0 103.0 106.0 83.0
obstacle
0.123747505248
187.0 49.0 50.0 29.0
obstacle
0.123731121421
114.0 20.0 44.0 34.0
obstacle
0.123290970922
160.0 153.0 29.0 23.0
obstacle
0.123155094683
150.0 209.0 48.0 18.0
obstacle
0.123015187681
229.0 208.0 36.0 20.0
obstacle
0.122909978032
380.0 204.0 47.0 32.0
obstacle
0.122783668339
149.0 66.0 124.0 105.0
obstacle
0.122718900442
460.0 204.0 40.0 31.0
obstacle
0.12267883867
426.0 308.0 37.0 25.0
obstacle
0.122614465654
311.0 96.0 32.0 36.0
obstacle
0.122532151639
377.0 181.0 51.0 27.0
obstacle
0.122511573136
270.0 208.0 32.0 19.0
obstacle
0.122408956289
144.0 280.0 55.0 31.0
obstacle
0.122399091721
112.0 48.0 49.0 26.0
obstacle
0.122243240476
0.0 255.0 40.0 30.0
obstacle
0.122146174312
4.0 0.0 27.0 27.0
obstacle
0.122059084475
0.0 177.0 139.0 88.0
obstacle
0.120892547071
0.0 280.0 116.0 53.0
obstacle
0.120759092271
222.0 261.0 52.0 20.0
obstacle
0.120576947927
117.0 127.0 38.0 24.0
obstacle
0.120495676994
154.0 310.0 38.0 23.0
obstacle
0.120388105512
155.0 129.0 38.0 22.0
obstacle
0.12028760463
363.0 135.0 137.0 120.0
obstacle
0.120169088244
419.0 172.0 81.0 93.0
obstacle
0.119983620942
410.0 115.0 90.0 108.0
obstacle
0.119730085135
465.0 306.0 35.0 27.0
obstacle
0.119715847075
3.0 51.0 35.0 26.0
obstacle
0.119670107961
73.0 153.0 49.0 25.0
obstacle
0.119538627565
422.0 77.0 41.0 24.0
obstacle
0.119076438248
41.0 18.0 35.0 40.0
obstacle
0.118806287646
189.0 77.0 42.0 25.0
obstacle
0.118707850575
345.0 24.0 36.0 33.0
obstacle
0.118595317006
431.0 46.0 69.0 144.0
obstacle
0.118550606072
232.0 101.0 35.0 27.0
obstacle
0.118353173137
304.0 180.0 39.0 19.0
obstacle
0.118345633149
232.0 73.0 35.0 33.0
obstacle
0.118340998888
28.0 76.0 52.0 26.0
obstacle
0.11826530844
182.0 280.0 55.0 30.0
obstacle
0.117967769504
111.0 79.0 46.0 19.0
obstacle
0.117587096989
104.0 279.0 58.0 34.0
obstacle
0.117543712258
152.0 183.0 41.0 20.0
obstacle
0.117534555495
421.0 205.0 41.0 32.0
obstacle
0.116942219436
70.0 259.0 46.0 24.0
obstacle
0.116910390556
31.0 127.0 50.0 27.0
obstacle
0.116690225899
1.0 76.0 35.0 26.0
obstacle
0.116629205644
421.0 254.0 35.0 33.0
obstacle
0.116433762014
385.0 156.0 35.0 23.0
obstacle
0.116262450814
271.0 154.0 32.0 21.0
obstacle
0.116166196764
461.0 178.0 39.0 29.0
obstacle
0.116113431752
219.0 52.0 136.0 131.0
obstacle
0.116012252867
346.0 52.0 40.0 27.0
obstacle
0.115762114525
419.0 102.0 42.0 26.0
obstacle
0.115518860519
381.0 103.0 43.0 25.0
obstacle
0.115449428558
459.0 150.0 41.0 34.0
obstacle
0.115416839719
308.0 48.0 40.0 30.0
obstacle
0.115378178656
33.0 258.0 42.0 27.0
obstacle
0.115377448499
422.0 181.0 42.0 27.0
obstacle
0.114941336215
425.0 154.0 33.0 30.0
obstacle
0.114823207259
38.0 311.0 38.0 22.0
obstacle
0.114642508328
386.0 279.0 33.0 33.0
obstacle
0.114304482937
114.0 180.0 39.0 23.0
obstacle
0.11406544596
259.0 24.0 54.0 28.0
obstacle
0.114060670137
425.0 128.0 34.0 28.0
obstacle
0.113458432257
143.0 232.0 57.0 24.0
obstacle
0.112898953259
264.0 260.0 41.0 21.0
obstacle
0.112809076905
226.0 234.0 43.0 21.0
obstacle
0.112708970904
389.0 311.0 32.0 21.0
obstacle
0.112629957497
117.0 155.0 37.0 22.0
obstacle
0.112406782806
32.0 284.0 45.0 26.0
obstacle
0.112353183329
416.0 48.0 51.0 31.0
obstacle
0.112320557237
7.0 21.0 25.0 34.0
obstacle
0.111093454063
266.0 122.0 44.0 34.0
obstacle
0.110962659121
70.0 230.0 48.0 28.0
obstacle
0.110490962863
69.0 78.0 50.0 21.0
obstacle
0.110377326608
0.0 103.0 39.0 23.0
obstacle
0.109844408929
459.0 19.0 41.0 39.0
obstacle
0.109474003315
421.0 231.0 39.0 30.0
obstacle
0.109438091516
456.0 46.0 44.0 33.0
obstacle
0.109343461692
80.0 43.0 38.0 36.0
obstacle
0.109194874763
340.0 231.0 53.0 28.0
obstacle
0.109066188335
382.0 76.0 40.0 29.0
obstacle
0.108890838921
385.0 130.0 37.0 22.0
obstacle
0.108793959022
144.0 258.0 52.0 24.0
obstacle
0.108610354364
229.0 128.0 40.0 25.0
obstacle
0.108174853027
302.0 205.0 50.0 23.0
obstacle
0.108105845749
33.0 46.0 47.0 32.0
obstacle
0.107807561755
116.0 310.0 37.0 23.0
obstacle
0.107355065644
333.0 205.0 65.0 24.0
obstacle
0.107009865344
71.0 176.0 50.0 28.0
obstacle
0.106887049973
230.0 310.0 40.0 23.0
obstacle
0.105857022107
106.0 257.0 50.0 26.0
obstacle
0.105589479208
303.0 23.0 45.0 31.0
obstacle
0.105514839292
348.0 310.0 37.0 23.0
obstacle
0.105508953333
382.0 257.0 38.0 29.0
obstacle
0.105499245226
384.0 49.0 38.0 32.0
obstacle
0.105219088495
273.0 98.0 29.0 35.0
obstacle
0.105109632015
69.0 282.0 47.0 30.0
obstacle
0.104700773954
270.0 310.0 36.0 23.0
obstacle
0.103974297643
345.0 256.0 38.0 29.0
obstacle
0.103946641088
303.0 122.0 48.0 34.0
obstacle
0.102621294558
23.0 101.0 61.0 26.0
obstacle
0.101862959564
225.0 284.0 48.0 25.0
obstacle
0.101708248258
106.0 231.0 54.0 24.0
obstacle
0.101670444012
346.0 124.0 41.0 29.0
obstacle
0.101666972041
266.0 281.0 40.0 31.0
obstacle
0.101238034666
77.0 311.0 37.0 22.0
obstacle
0.101061373949
300.0 257.0 48.0 27.0
obstacle
0.10070335865
344.0 280.0 40.0 32.0
obstacle
0.100505329669
462.0 0.0 37.0 30.0
obstacle
0.0996355339885
1.0 309.0 35.0 24.0
obstacle
0.0992666259408
69.0 101.0 50.0 24.0
obstacle
0.0989233031869
308.0 279.0 36.0 32.0
obstacle
0.0984555408359
308.0 310.0 36.0 23.0
obstacle
0.0968962907791
150.0 79.0 44.0 19.0
obstacle
0.0952594950795
189.0 100.0 43.0 28.0
obstacle
0.092735670507
108.0 206.0 53.0 24.0
obstacle
0.092213191092
67.0 204.0 57.0 26.0
obstacle
0.0907305628061
262.0 235.0 49.0 18.0
obstacle
0.0897405669093
106.0 100.0 57.0 25.0
obstacle
0.0848995298147
303.0 233.0 48.0 25.0
obstacle
0.0838375166059
149.0 101.0 47.0 25.0
