obstacle
0.303615599871
95.0 41.0 161.0 292.0
obstacle
0.253003567457
152.0 161.0 39.0 9.0
obstacle
0.241244167089
7.0 107.0 171.0 68.0
obstacle
0.237155005336
174.0 59.0 156.0 259.0
obstacle
0.226328969002
0.0 173.0 500.0 77.0
obstacle
0.214549273252
0.0 0.0 422.0 236.0
obstacle
0.212297692895
190.0 160.0 38.0 10.0
obstacle
0.205337315798
157.0 135.0 36.0 13.0
obstacle
0.202026993036
95.0 102.0 146.0 75.0
obstacle
0.201450243592
0.0 170.0 126.0 163.0
obstacle
0.199014142156
37.0 118.0 346.0 132.0
obstacle
0.198044255376
378.0 177.0 122.0 156.0
obstacle
0.197869077325
0.0 114.0 120.0 108.0
obstacle
0.196229889989
0.0 118.0 214.0 215.0
obstacle
0.194617569447
191.0 132.0 41.0 16.0
obstacle
0.192544192076
114.0 0.0 386.0 154.0
obstacle
0.185703337193
0.0 53.0 290.0 115.0
obstacle
0.181560203433
345.0 0.0 155.0 107.0
obstacle
0.181070953608
119.0 247.0 266.0 86.0
obstacle
0.180495262146
102.0 18.0 138.0 100.0
obstacle
0.179782792926
115.0 122.0 94.0 85.0
obstacle
0.1784799546
235.0 202.0 265.0 131.0
obstacle
0.177702441812
398.0 77.0 102.0 226.0
obstacle
0.177350029349
108.0 0.0 392.0 332.0
obstacle
0.172912865877
187.0 52.0 47.0 21.0
obstacle
0.172710999846
28.0 0.0 128.0 333.0
obstacle
0.172691702843
245.0 27.0 166.0 81.0
obstacle
0.171215951443
254.0 132.0 142.0 126.0
obstacle
0.170845404267
48.0 0.0 171.0 58.0
obstacle
0.16994728148
106.0 105.0 54.0 17.0
obstacle
0.16921672225
32.0 129.0 46.0 19.0
obstacle
0.168336048722
180.0 0.0 218.0 85.0
obstacle
0.167792260647
277.0 42.0 177.0 99.0
obstacle
0.167269855738
75.0 27.0 279.0 174.0
obstacle
0.166065871716
70.0 103.0 53.0 18.0
obstacle
0.164967641234
48.0 235.0 253.0 98.0
obstacle
0.16489431262
136.0 132.0 364.0 109.0
obstacle
0.164157405496
0.0 48.0 95.0 285.0
obstacle
0.163981691003
0.0 0.0 348.0 98.0
obstacle
0.163708001375
243.0 0.0 246.0 84.0
obstacle
0.163452103734
263.0 105.0 237.0 116.0
obstacle
0.161939352751
109.0 162.0 50.0 10.0
obstacle
0.160014554858
0.0 8.0 138.0 123.0
obstacle
0.159712344408
306.0 115.0 114.0 102.0
obstacle
0.158879697323
32.0 102.0 48.0 22.0
obstacle
0.158798992634
340.0 124.0 122.0 88.0
obstacle
0.158686980605
142.0 78.0 57.0 19.0
obstacle
0.158398628235
67.0 208.0 57.0 25.0
obstacle
0.157624855638
367.0 93.0 133.0 103.0
obstacle
0.157208919525
158.0 26.0 27.0 22.0
obstacle
0.157176360488
423.0 102.0 37.0 26.0
obstacle
0.156871974468
224.0 137.0 121.0 117.0
obstacle
0.15685158968
112.0 64.0 388.0 147.0
obstacle
0.156423732638
187.0 73.0 46.0 29.0
obstacle
0.156423360109
203.0 151.0 181.0 181.0
obstacle
0.156384155154
0.0 65.0 93.0 106.0
obstacle
0.15613745153
269.0 102.0 35.0 24.0
obstacle
0.154264301062
61.0 122.0 128.0 83.0
obstacle
0.153952717781
0.0 0.0 500.0 56.0
obstacle
0.153487145901
281.0 147.0 165.0 95.0
obstacle
0.1532907933
221.0 196.0 209.0 98.0
obstacle
0.15316516161
236.0 77.0 191.0 222.0
obstacle
0.152389839292
231.0 158.0 32.0 13.0
obstacle
0.15238031745
243.0 74.0 166.0 90.0
obstacle
0.151487827301
0.0 0.0 140.0 62.0
obstacle
0.151293203235
192.0 22.0 37.0 27.0
obstacle
0.150835052133
426.0 0.0 30.0 32.0
obstacle
0.150778770447
241.0 276.0 170.0 57.0
obstacle
0.150778517127
162.0 286.0 176.0 47.0
obstacle
0.148682236671
0.0 275.0 200.0 58.0
obstacle
0.148403391242
0.0 25.0 213.0 233.0
obstacle
0.147748827934
163.0 101.0 85.0 189.0
obstacle
0.146795958281
287.0 0.0 213.0 189.0
obstacle
0.14677965641
202.0 106.0 85.0 180.0
obstacle
0.146289244294
127.0 0.0 172.0 156.0
obstacle
0.146073609591
368.0 22.0 132.0 143.0
obstacle
0.145689591765
424.0 73.0 37.0 31.0
obstacle
0.145193099976
121.0 209.0 176.0 76.0
obstacle
0.143510311842
150.0 55.0 43.0 17.0
obstacle
0.143000245094
282.0 165.0 173.0 148.0
obstacle
0.142978698015
182.0 20.0 140.0 97.0
obstacle
0.142548710108
28.0 206.0 56.0 29.0
obstacle
0.142050608993
420.0 17.0 46.0 43.0
obstacle
0.141965821385
103.0 78.0 60.0 20.0
obstacle
0.141965448856
44.0 186.0 104.0 16.0
obstacle
0.141921281815
334.0 184.0 141.0 71.0
obstacle
0.141488865018
340.0 46.0 53.0 34.0
obstacle
0.140783816576
317.0 64.0 174.0 109.0
obstacle
0.140420943499
386.0 0.0 32.0 28.0
obstacle
0.140387415886
422.0 130.0 41.0 24.0
obstacle
0.140024483204
106.0 212.0 61.0 17.0
obstacle
0.139926686883
461.0 45.0 39.0 35.0
obstacle
0.139756798744
350.0 22.0 38.0 35.0
obstacle
0.13902208209
229.0 47.0 40.0 27.0
obstacle
0.13899333775
116.0 0.0 33.0 27.0
obstacle
0.138642251492
2.0 129.0 33.0 22.0
obstacle
0.13830986619
383.0 157.0 45.0 21.0
obstacle
0.138281181455
189.0 0.0 41.0 26.0
obstacle
0.138122990727
0.0 195.0 357.0 90.0
obstacle
0.138121113181
149.0 103.0 45.0 25.0
obstacle
0.137669697404
304.0 73.0 48.0 27.0
obstacle
0.137661769986
304.0 101.0 46.0 27.0
obstacle
0.137107536197
118.0 19.0 36.0 35.0
obstacle
0.136828616261
41.0 20.0 32.0 34.0
obstacle
0.136759772897
103.0 52.0 59.0 18.0
obstacle
0.136126428843
141.0 173.0 133.0 100.0
obstacle
0.135473877192
75.0 25.0 38.0 24.0
obstacle
0.135324284434
271.0 127.0 102.0 83.0
obstacle
0.135087460279
457.0 69.0 43.0 38.0
obstacle
0.134984046221
286.0 263.0 214.0 70.0
obstacle
0.13479617238
342.0 100.0 48.0 28.0
obstacle
0.134325191379
27.0 81.0 215.0 73.0
obstacle
0.133775368333
295.0 178.0 138.0 84.0
obstacle
0.133663073182
343.0 131.0 47.0 21.0
obstacle
0.133590146899
14.0 182.0 81.0 24.0
obstacle
0.133587494493
158.0 106.0 179.0 69.0
obstacle
0.133541703224
4.0 0.0 29.0 28.0
obstacle
0.133516207337
225.0 73.0 43.0 30.0
obstacle
0.133418574929
382.0 75.0 43.0 27.0
obstacle
0.133291229606
0.0 170.0 216.0 104.0
obstacle
0.133118495345
291.0 227.0 144.0 106.0
obstacle
0.132905453444
112.0 167.0 345.0 147.0
obstacle
0.132785022259
228.0 100.0 38.0 28.0
obstacle
0.132454961538
386.0 144.0 109.0 100.0
obstacle
0.132298648357
271.0 21.0 40.0 31.0
obstacle
0.131700217724
233.0 19.0 37.0 35.0
obstacle
0.131688073277
1.0 76.0 37.0 26.0
obstacle
0.131494164467
0.0 41.0 227.0 89.0
obstacle
0.131129264832
215.0 50.0 150.0 88.0
obstacle
0.131102487445
3.0 49.0 33.0 30.0
obstacle
0.131026029587
423.0 46.0 40.0 33.0
obstacle
0.131004542112
382.0 131.0 43.0 22.0
obstacle
0.130906701088
116.0 0.0 188.0 78.0
obstacle
0.130474895239
79.0 1.0 31.0 23.0
obstacle
0.130367219448
194.0 37.0 191.0 205.0
obstacle
0.129726007581
91.0 274.0 163.0 59.0
obstacle
0.129664763808
231.0 130.0 33.0 17.0
obstacle
0.129592180252
325.0 202.0 157.0 86.0
obstacle
0.128751039505
327.0 90.0 163.0 196.0
obstacle
0.128640115261
0.0 253.0 38.0 33.0
obstacle
0.128437161446
467.0 0.0 31.0 28.0
obstacle
0.128291726112
345.0 0.0 36.0 29.0
obstacle
0.127668902278
155.0 1.0 32.0 23.0
obstacle
0.127405539155
143.0 256.0 54.0 28.0
obstacle
0.127299651504
4.0 22.0 30.0 32.0
obstacle
0.127291068435
190.0 99.0 39.0 30.0
obstacle
0.127220749855
144.0 214.0 59.0 14.0
obstacle
0.126918166876
385.0 48.0 38.0 29.0
obstacle
0.12667016685
133.0 79.0 154.0 77.0
obstacle
0.126581564546
114.0 135.0 42.0 11.0
obstacle
0.126500591636
39.0 282.0 33.0 28.0
obstacle
0.126463726163
422.0 157.0 42.0 24.0
obstacle
0.1262165308
154.0 310.0 37.0 23.0
obstacle
0.126207619905
286.0 179.0 85.0 25.0
obstacle
0.126182824373
1.0 282.0 33.0 27.0
obstacle
0.125690028071
67.0 78.0 54.0 21.0
obstacle
0.125510632992
344.0 75.0 45.0 25.0
obstacle
0.12530618906
40.0 311.0 34.0 22.0
obstacle
0.125208154321
0.0 169.0 93.0 104.0
obstacle
0.125068560243
195.0 310.0 34.0 23.0
obstacle
0.12491144985
40.0 0.0 33.0 27.0
obstacle
0.124861098826
104.0 107.0 123.0 175.0
obstacle
0.124466702342
303.0 47.0 51.0 27.0
obstacle
0.124396771193
78.0 312.0 33.0 21.0
obstacle
0.123873889446
265.0 73.0 44.0 28.0
obstacle
0.123676978052
377.0 104.0 50.0 22.0
obstacle
0.123334139585
185.0 214.0 53.0 15.0
obstacle
0.123166374862
159.0 123.0 85.0 88.0
obstacle
0.122876897454
0.0 138.0 276.0 103.0
obstacle
0.122391685843
116.0 311.0 35.0 22.0
obstacle
0.122270129621
234.0 130.0 99.0 77.0
obstacle
0.122077070177
34.0 76.0 44.0 25.0
obstacle
0.121923498809
227.0 213.0 49.0 16.0
obstacle
0.121699012816
18.0 159.0 71.0 17.0
obstacle
0.121677570045
382.0 182.0 48.0 25.0
obstacle
0.121637903154
128.0 187.0 80.0 12.0
obstacle
0.121457338333
70.0 132.0 55.0 13.0
obstacle
0.121447600424
266.0 49.0 48.0 22.0
obstacle
0.121407844126
0.0 226.0 42.0 36.0
obstacle
0.121059335768
103.0 230.0 59.0 28.0
obstacle
0.120541870594
38.0 0.0 200.0 159.0
obstacle
0.12022074312
425.0 231.0 75.0 102.0
obstacle
0.119989037514
0.0 103.0 37.0 23.0
obstacle
0.119692884386
459.0 125.0 41.0 31.0
obstacle
0.119442440569
271.0 0.0 36.0 27.0
obstacle
0.118989035487
0.0 213.0 252.0 103.0
obstacle
0.118897072971
311.0 129.0 35.0 22.0
obstacle
0.118201196194
70.0 230.0 48.0 31.0
obstacle
0.118169941008
387.0 22.0 37.0 33.0
obstacle
0.117322400212
347.0 309.0 35.0 24.0
obstacle
0.117322392762
65.0 159.0 58.0 13.0
obstacle
0.117103166878
86.0 187.0 94.0 13.0
obstacle
0.11693302542
146.0 236.0 53.0 19.0
obstacle
0.116884402931
460.0 278.0 40.0 34.0
obstacle
0.116598516703
176.0 186.0 61.0 14.0
obstacle
0.116432443261
0.0 202.0 40.0 35.0
obstacle
0.116320475936
310.0 22.0 42.0 31.0
obstacle
0.11629037559
31.0 252.0 47.0 35.0
obstacle
0.115307606757
146.0 49.0 130.0 90.0
obstacle
0.115237593651
191.0 236.0 44.0 20.0
obstacle
0.114929735661
410.0 122.0 90.0 91.0
obstacle
0.114683873951
271.0 308.0 35.0 25.0
obstacle
0.114621013403
3.0 310.0 30.0 23.0
obstacle
0.114381246269
262.0 184.0 53.0 16.0
obstacle
0.114299550653
432.0 171.0 68.0 93.0
obstacle
0.114206895232
108.0 281.0 46.0 32.0
obstacle
0.114092998207
28.0 229.0 55.0 32.0
obstacle
0.11360566318
144.0 281.0 52.0 32.0
obstacle
0.113483518362
230.0 0.0 39.0 25.0
obstacle
0.112979739904
306.0 0.0 38.0 25.0
obstacle
0.112272545695
267.0 155.0 38.0 19.0
obstacle
0.111668929458
305.0 153.0 42.0 24.0
obstacle
0.111504323781
104.0 253.0 56.0 35.0
obstacle
0.111436381936
459.0 96.0 41.0 35.0
obstacle
0.1112235412
465.0 17.0 35.0 39.0
obstacle
0.11122186482
185.0 257.0 49.0 27.0
obstacle
0.111206956208
340.0 280.0 44.0 35.0
obstacle
0.110542625189
232.0 310.0 36.0 23.0
obstacle
0.110299035907
214.0 226.0 150.0 107.0
obstacle
0.109916515648
37.0 49.0 40.0 28.0
obstacle
0.109415531158
308.0 309.0 36.0 24.0
obstacle
0.109410353005
75.0 280.0 36.0 33.0
obstacle
0.108929559588
0.0 157.0 37.0 21.0
obstacle
0.10845502466
425.0 308.0 32.0 25.0
obstacle
0.108273677528
382.0 281.0 38.0 33.0
obstacle
0.107568211854
70.0 53.0 47.0 19.0
obstacle
0.10721514374
274.0 128.0 29.0 21.0
obstacle
0.106991007924
232.0 0.0 194.0 180.0
obstacle
0.10686545074
344.0 154.0 47.0 22.0
obstacle
0.106733553112
273.0 211.0 38.0 19.0
obstacle
0.105656914413
453.0 230.0 47.0 32.0
obstacle
0.105427376926
0.0 246.0 97.0 87.0
obstacle
0.104731209576
347.0 229.0 37.0 36.0
obstacle
0.104429677129
456.0 251.0 44.0 37.0
obstacle
0.102843187749
460.0 152.0 40.0 29.0
obstacle
0.102713823318
0.0 181.0 41.0 25.0
obstacle
0.102669127285
349.0 206.0 38.0 29.0
obstacle
0.102558255196
299.0 253.0 51.0 34.0
obstacle
0.102071225643
416.0 232.0 49.0 32.0
obstacle
0.101285107434
299.0 278.0 49.0 37.0
obstacle
0.101094096899
267.0 281.0 40.0 29.0
obstacle
0.10105419904
68.0 253.0 52.0 35.0
obstacle
0.100441418588
422.0 282.0 36.0 31.0
obstacle
0.0997382029891
231.0 234.0 41.0 22.0
obstacle
0.0996216833591
388.0 310.0 30.0 23.0
obstacle
0.0993332117796
461.0 180.0 39.0 29.0
obstacle
0.0984166711569
463.0 308.0 37.0 25.0
obstacle
0.0969937592745
311.0 205.0 43.0 28.0
obstacle
0.0967954993248
307.0 229.0 39.0 32.0
obstacle
0.0964868664742
424.0 185.0 38.0 22.0
obstacle
0.0953309759498
457.0 203.0 43.0 34.0
obstacle
0.0951289534569
339.0 253.0 47.0 36.0
obstacle
0.0947852060199
0.0 102.0 428.0 231.0
obstacle
0.0947619378567
269.0 233.0 41.0 25.0
obstacle
0.0945464000106
262.0 257.0 49.0 26.0
obstacle
0.0942533239722
380.0 231.0 43.0 32.0
obstacle
0.0938567742705
226.0 258.0 47.0 24.0
obstacle
0.0932859554887
227.0 282.0 43.0 27.0
obstacle
0.0930344089866
336.0 182.0 64.0 21.0
obstacle
0.0930229797959
222.0 184.0 52.0 16.0
obstacle
0.0928210318089
421.0 209.0 41.0 26.0
obstacle
0.0895737335086
182.0 283.0 55.0 27.0
obstacle
0.0889386460185
415.0 256.0 47.0 31.0
obstacle
0.0888508036733
378.0 252.0 43.0 39.0
obstacle
0.0867941752076
386.0 209.0 36.0 26.0
