obstacle
0.220974013209
0.0 0.0 375.0 171.0
obstacle
0.217726677656
0.0 165.0 488.0 97.0
obstacle
0.201891675591
140.0 41.0 360.0 137.0
obstacle
0.196456819773
201.0 251.0 182.0 82.0
obstacle
0.194896578789
0.0 0.0 113.0 175.0
obstacle
0.1922673136
187.0 99.0 46.0 34.0
obstacle
0.188879370689
0.0 148.0 362.0 185.0
obstacle
0.188046008348
71.0 99.0 122.0 84.0
obstacle
0.187186524272
117.0 250.0 194.0 83.0
obstacle
0.185073256493
0.0 135.0 348.0 107.0
obstacle
0.183248311281
309.0 0.0 191.0 178.0
obstacle
0.180143743753
94.0 174.0 160.0 159.0
obstacle
0.179402083158
0.0 191.0 126.0 142.0
obstacle
0.178407296538
196.0 162.0 110.0 115.0
obstacle
0.174991577864
292.0 159.0 208.0 174.0
obstacle
0.174812376499
382.0 5.0 118.0 269.0
obstacle
0.174120396376
181.0 76.0 137.0 88.0
obstacle
0.171842455864
202.0 114.0 90.0 109.0
obstacle
0.171697825193
390.0 207.0 110.0 126.0
obstacle
0.170980393887
28.0 202.0 436.0 76.0
obstacle
0.170682579279
273.0 239.0 194.0 94.0
obstacle
0.170522943139
0.0 0.0 148.0 52.0
obstacle
0.16905978322
118.0 0.0 382.0 113.0
obstacle
0.168194457889
78.0 0.0 420.0 249.0
obstacle
0.167405977845
133.0 90.0 367.0 243.0
obstacle
0.16699051857
54.0 0.0 161.0 130.0
obstacle
0.166781529784
98.0 77.0 142.0 78.0
obstacle
0.161409124732
322.0 167.0 169.0 107.0
obstacle
0.160906895995
44.0 0.0 174.0 58.0
obstacle
0.160779953003
393.0 0.0 107.0 142.0
obstacle
0.160309702158
81.0 41.0 181.0 106.0
obstacle
0.159607306123
303.0 82.0 124.0 127.0
obstacle
0.159230902791
0.0 33.0 401.0 265.0
obstacle
0.158873304725
110.0 0.0 197.0 59.0
obstacle
0.15832002461
182.0 175.0 277.0 128.0
obstacle
0.15827037394
135.0 0.0 152.0 118.0
obstacle
0.158267840743
0.0 25.0 214.0 234.0
obstacle
0.15781314671
98.0 281.0 293.0 52.0
obstacle
0.155398443341
118.0 132.0 34.0 17.0
obstacle
0.154996588826
248.0 223.0 153.0 101.0
obstacle
0.154779046774
72.0 76.0 45.0 21.0
obstacle
0.154722735286
0.0 127.0 202.0 182.0
obstacle
0.154630467296
227.0 179.0 127.0 83.0
obstacle
0.154113724828
246.0 78.0 254.0 170.0
obstacle
0.153620183468
334.0 0.0 166.0 52.0
obstacle
0.153488367796
228.0 128.0 38.0 27.0
obstacle
0.15241779387
171.0 0.0 231.0 55.0
obstacle
0.152139782906
187.0 131.0 43.0 22.0
obstacle
0.151050031185
133.0 98.0 238.0 124.0
obstacle
0.150222793221
261.0 69.0 211.0 103.0
obstacle
0.149978622794
220.0 160.0 48.0 16.0
obstacle
0.149718686938
177.0 188.0 67.0 13.0
obstacle
0.149588271976
0.0 133.0 93.0 123.0
obstacle
0.149290159345
157.0 159.0 195.0 166.0
obstacle
0.147725433111
243.0 0.0 170.0 114.0
obstacle
0.147630289197
50.0 228.0 173.0 105.0
obstacle
0.146708711982
352.0 79.0 148.0 83.0
obstacle
0.146508708596
363.0 106.0 137.0 81.0
obstacle
0.145759239793
0.0 272.0 216.0 61.0
obstacle
0.145658761263
199.0 40.0 189.0 247.0
obstacle
0.145143255591
309.0 3.0 34.0 22.0
obstacle
0.144922584295
295.0 198.0 142.0 97.0
obstacle
0.144910037518
109.0 89.0 116.0 106.0
obstacle
0.144871100783
272.0 2.0 32.0 24.0
obstacle
0.144786089659
0.0 0.0 468.0 72.0
obstacle
0.14428524673
116.0 74.0 35.0 26.0
obstacle
0.143296018243
0.0 65.0 131.0 204.0
obstacle
0.14312414825
34.0 84.0 124.0 113.0
obstacle
0.142944216728
0.0 189.0 280.0 103.0
obstacle
0.142531275749
151.0 73.0 42.0 27.0
obstacle
0.14214515686
4.0 74.0 107.0 90.0
obstacle
0.142125859857
35.0 135.0 117.0 118.0
obstacle
0.141448542476
2.0 285.0 36.0 25.0
obstacle
0.14120785892
81.0 125.0 100.0 141.0
obstacle
0.141163483262
142.0 53.0 142.0 84.0
obstacle
0.141068801284
41.0 288.0 33.0 21.0
obstacle
0.140812039375
307.0 95.0 39.0 36.0
obstacle
0.140569090843
242.0 152.0 92.0 85.0
obstacle
0.139533370733
83.0 84.0 180.0 217.0
obstacle
0.139521360397
345.0 3.0 39.0 22.0
obstacle
0.138794079423
309.0 181.0 41.0 25.0
obstacle
0.138784989715
155.0 99.0 36.0 32.0
obstacle
0.138237804174
167.0 137.0 94.0 115.0
obstacle
0.138083934784
75.0 314.0 42.0 18.0
obstacle
0.137455672026
65.0 230.0 357.0 69.0
obstacle
0.136647745967
74.0 103.0 42.0 20.0
obstacle
0.136392191052
1.0 230.0 35.0 29.0
obstacle
0.136164695024
161.0 96.0 96.0 91.0
obstacle
0.136075749993
366.0 158.0 134.0 75.0
obstacle
0.135655939579
37.0 0.0 35.0 27.0
obstacle
0.13555945456
219.0 66.0 141.0 110.0
obstacle
0.135440379381
384.0 4.0 38.0 21.0
obstacle
0.135223090649
118.0 125.0 105.0 139.0
obstacle
0.134116113186
231.0 0.0 35.0 26.0
obstacle
0.13407279551
1.0 257.0 37.0 29.0
obstacle
0.134045481682
39.0 312.0 37.0 21.0
obstacle
0.133987858891
76.0 0.0 34.0 27.0
obstacle
0.133738636971
0.0 85.0 252.0 107.0
obstacle
0.133697643876
248.0 55.0 167.0 79.0
obstacle
0.133399561048
226.0 117.0 196.0 143.0
obstacle
0.133346542716
77.0 127.0 40.0 24.0
obstacle
0.133186012506
252.0 111.0 67.0 117.0
obstacle
0.132110789418
219.0 0.0 218.0 217.0
obstacle
0.132091134787
305.0 50.0 195.0 89.0
obstacle
0.131762832403
273.0 106.0 109.0 82.0
obstacle
0.130618646741
253.0 277.0 147.0 56.0
obstacle
0.130485445261
346.0 180.0 38.0 30.0
obstacle
0.130263283849
192.0 1.0 34.0 26.0
obstacle
0.13020555675
224.0 100.0 48.0 30.0
obstacle
0.12951028347
306.0 124.0 36.0 32.0
obstacle
0.129224762321
37.0 260.0 39.0 24.0
obstacle
0.128531977534
345.0 27.0 42.0 22.0
obstacle
0.128523766994
149.0 52.0 47.0 17.0
obstacle
0.12779712677
0.0 76.0 36.0 25.0
obstacle
0.127772420645
422.0 2.0 39.0 26.0
obstacle
0.127527266741
38.0 102.0 38.0 18.0
obstacle
0.127262786031
48.0 81.0 99.0 69.0
obstacle
0.126738369465
0.0 273.0 105.0 60.0
obstacle
0.126723453403
0.0 47.0 93.0 92.0
obstacle
0.126685395837
114.0 1.0 37.0 27.0
obstacle
0.126205489039
75.0 27.0 41.0 20.0
obstacle
0.125889375806
374.0 141.0 126.0 60.0
obstacle
0.12582808733
343.0 124.0 37.0 34.0
obstacle
0.125769138336
227.0 50.0 44.0 23.0
obstacle
0.125410616398
0.0 91.0 87.0 105.0
obstacle
0.125332802534
188.0 50.0 45.0 23.0
obstacle
0.125194713473
227.0 240.0 46.0 14.0
obstacle
0.124460838735
348.0 76.0 35.0 25.0
obstacle
0.124419361353
23.0 23.0 148.0 92.0
obstacle
0.123965486884
308.0 209.0 47.0 22.0
obstacle
0.123941674829
191.0 27.0 43.0 22.0
obstacle
0.122793033719
182.0 71.0 55.0 33.0
obstacle
0.122735030949
421.0 77.0 43.0 24.0
obstacle
0.122554853559
310.0 72.0 36.0 29.0
obstacle
0.122532308102
418.0 101.0 47.0 29.0
obstacle
0.121686816216
421.0 29.0 45.0 22.0
obstacle
0.12159191817
250.0 149.0 154.0 90.0
obstacle
0.121019676328
385.0 127.0 37.0 28.0
obstacle
0.120860382915
322.0 269.0 162.0 64.0
obstacle
0.12075226754
192.0 315.0 39.0 18.0
obstacle
0.120666138828
179.0 29.0 145.0 83.0
obstacle
0.120223894715
418.0 128.0 45.0 26.0
obstacle
0.120107144117
34.0 130.0 44.0 18.0
obstacle
0.120094105601
386.0 28.0 38.0 22.0
obstacle
0.11995241791
455.0 177.0 45.0 29.0
obstacle
0.119677096605
423.0 309.0 39.0 24.0
obstacle
0.119215264916
269.0 185.0 38.0 19.0
obstacle
0.118833459914
270.0 312.0 39.0 21.0
obstacle
0.118747398257
153.0 1.0 36.0 25.0
obstacle
0.118737615645
64.0 52.0 61.0 19.0
obstacle
0.118730276823
308.0 155.0 36.0 25.0
obstacle
0.118331640959
2.0 0.0 32.0 28.0
obstacle
0.118261195719
2.0 311.0 35.0 22.0
obstacle
0.117896400392
37.0 231.0 41.0 27.0
obstacle
0.117634005845
381.0 101.0 45.0 28.0
obstacle
0.1174524948
38.0 180.0 40.0 28.0
obstacle
0.117098137736
234.0 314.0 32.0 19.0
obstacle
0.116940379143
152.0 316.0 40.0 16.0
obstacle
0.11693380028
182.0 161.0 52.0 16.0
obstacle
0.116742350161
267.0 238.0 46.0 17.0
obstacle
0.116469927132
456.0 153.0 44.0 28.0
obstacle
0.11623133719
0.0 156.0 39.0 24.0
obstacle
0.116224065423
309.0 52.0 39.0 21.0
obstacle
0.116179168224
0.0 26.0 38.0 26.0
obstacle
0.115272447467
271.0 52.0 36.0 20.0
obstacle
0.115224421024
402.0 170.0 98.0 101.0
obstacle
0.114754147828
230.0 26.0 42.0 23.0
obstacle
0.114627271891
36.0 26.0 42.0 23.0
obstacle
0.114551894367
150.0 131.0 40.0 20.0
obstacle
0.113953851163
187.0 290.0 48.0 20.0
obstacle
0.113868169487
342.0 99.0 44.0 32.0
obstacle
0.113758027554
422.0 279.0 37.0 36.0
obstacle
0.113706625998
111.0 28.0 47.0 18.0
obstacle
0.113574571908
454.0 127.0 46.0 26.0
obstacle
0.11340302974
152.0 0.0 197.0 189.0
obstacle
0.113179080188
386.0 77.0 37.0 24.0
obstacle
0.113033622503
457.0 251.0 43.0 37.0
obstacle
0.112956859171
306.0 26.0 43.0 23.0
obstacle
0.112956047058
0.0 130.0 40.0 21.0
obstacle
0.112867534161
460.0 275.0 40.0 42.0
obstacle
0.112015500665
3.0 205.0 34.0 27.0
obstacle
0.111670978367
35.0 153.0 43.0 25.0
obstacle
0.111191831529
268.0 70.0 37.0 33.0
obstacle
0.111046388745
144.0 290.0 53.0 18.0
obstacle
0.111023925245
223.0 187.0 54.0 14.0
obstacle
0.110898368061
305.0 311.0 47.0 22.0
obstacle
0.110802471638
417.0 156.0 48.0 23.0
obstacle
0.110675521195
269.0 26.0 40.0 23.0
obstacle
0.110643438995
422.0 55.0 41.0 19.0
obstacle
0.110381469131
267.0 287.0 44.0 23.0
obstacle
0.110328510404
0.0 50.0 38.0 26.0
obstacle
0.110323086381
347.0 54.0 39.0 20.0
obstacle
0.109977759421
37.0 206.0 38.0 26.0
obstacle
0.10996234417
267.0 124.0 38.0 33.0
obstacle
0.109956137836
34.0 77.0 42.0 20.0
obstacle
0.109946750104
459.0 202.0 41.0 30.0
obstacle
0.109509646893
387.0 55.0 35.0 20.0
obstacle
0.109312944114
226.0 214.0 50.0 15.0
obstacle
0.109259337187
109.0 51.0 46.0 20.0
obstacle
0.109172135592
74.0 288.0 42.0 21.0
obstacle
0.108787640929
268.0 97.0 38.0 33.0
obstacle
0.108756460249
341.0 157.0 42.0 24.0
obstacle
0.108740866184
455.0 100.0 45.0 28.0
obstacle
0.108611568809
80.0 153.0 35.0 24.0
obstacle
0.108423836529
151.0 28.0 45.0 19.0
obstacle
0.108354248106
0.0 103.0 37.0 22.0
obstacle
0.108228042722
155.0 3.0 197.0 83.0
obstacle
0.107972510159
457.0 76.0 43.0 25.0
obstacle
0.107829838991
223.0 72.0 48.0 30.0
obstacle
0.107659012079
3.0 183.0 31.0 23.0
obstacle
0.107534952462
384.0 154.0 41.0 28.0
obstacle
0.107521153986
297.0 260.0 60.0 20.0
obstacle
0.107288643718
116.0 315.0 37.0 17.0
obstacle
0.10721898824
463.0 307.0 37.0 26.0
obstacle
0.107205279171
119.0 102.0 31.0 23.0
obstacle
0.107120290399
459.0 228.0 41.0 31.0
obstacle
0.107050426304
0.0 0.0 96.0 89.0
obstacle
0.106797024608
231.0 289.0 39.0 21.0
obstacle
0.106669716537
381.0 233.0 47.0 22.0
obstacle
0.106539286673
270.0 212.0 43.0 17.0
obstacle
0.105988398194
265.0 263.0 47.0 17.0
obstacle
0.105924323201
328.0 259.0 68.0 22.0
obstacle
0.105511076748
32.0 51.0 48.0 22.0
obstacle
0.105326846242
385.0 205.0 41.0 26.0
obstacle
0.105174802244
143.0 262.0 57.0 18.0
obstacle
0.104445137084
115.0 160.0 41.0 15.0
obstacle
0.104088492692
267.0 156.0 34.0 22.0
obstacle
0.103204205632
460.0 0.0 40.0 29.0
obstacle
0.102912351489
383.0 177.0 42.0 32.0
obstacle
0.102889403701
300.0 285.0 53.0 24.0
obstacle
0.102537542582
381.0 284.0 43.0 26.0
obstacle
0.1022560969
419.0 258.0 40.0 25.0
obstacle
0.101889826357
414.0 254.0 86.0 79.0
obstacle
0.101651348174
223.0 265.0 52.0 15.0
obstacle
0.101441055536
148.0 187.0 55.0 17.0
obstacle
0.0996205955744
347.0 312.0 37.0 21.0
obstacle
0.0992894694209
345.0 209.0 44.0 21.0
obstacle
0.0987946391106
183.0 238.0 54.0 18.0
obstacle
0.0985075458884
345.0 235.0 44.0 20.0
obstacle
0.0984577983618
423.0 207.0 40.0 22.0
obstacle
0.0974902287126
306.0 235.0 48.0 19.0
obstacle
0.0967819690704
387.0 312.0 35.0 21.0
obstacle
0.0964078307152
462.0 26.0 38.0 25.0
obstacle
0.0958651229739
377.0 258.0 48.0 24.0
obstacle
0.0957212969661
150.0 160.0 45.0 14.0
obstacle
0.0948748737574
113.0 290.0 39.0 17.0
obstacle
0.0942208766937
74.0 261.0 43.0 20.0
obstacle
0.0940065383911
147.0 237.0 50.0 19.0
obstacle
0.0937828570604
459.0 52.0 41.0 21.0
obstacle
0.0927566736937
419.0 180.0 44.0 25.0
obstacle
0.0910605043173
110.0 235.0 48.0 20.0
obstacle
0.0909922942519
338.0 284.0 49.0 25.0
obstacle
0.0908043459058
180.0 264.0 58.0 17.0
obstacle
0.0895294621587
73.0 234.0 46.0 21.0
obstacle
0.0891104117036
418.0 233.0 45.0 22.0
obstacle
0.0839933976531
110.0 263.0 47.0 16.0
obstacle
0.0821349099278
182.0 215.0 62.0 14.0
obstacle
0.0805682986975
79.0 211.0 38.0 17.0
obstacle
0.0771571993828
77.0 183.0 39.0 21.0
obstacle
0.0748812183738
109.0 185.0 51.0 17.0
obstacle
0.0722509771585
152.0 213.0 44.0 18.0
obstacle
0.0694244205952
117.0 210.0 37.0 21.0
