obstacle
0.233813762665
90.0 16.0 98.0 197.0
obstacle
0.217744588852
184.0 2.0 134.0 121.0
obstacle
0.210062116385
133.0 45.0 88.0 142.0
obstacle
0.207257062197
247.0 0.0 164.0 123.0
obstacle
0.207138568163
274.0 181.0 226.0 152.0
obstacle
0.204245746136
128.0 146.0 173.0 187.0
obstacle
0.202954828739
45.0 0.0 105.0 237.0
obstacle
0.202464982867
253.0 0.0 247.0 163.0
obstacle
0.19812810421
0.0 0.0 500.0 315.0
obstacle
0.196255594492
167.0 55.0 99.0 121.0
obstacle
0.194979906082
381.0 73.0 44.0 27.0
obstacle
0.187879860401
339.0 74.0 53.0 26.0
obstacle
0.186961904168
250.0 0.0 145.0 50.0
obstacle
0.186242192984
148.0 0.0 125.0 142.0
obstacle
0.185714423656
337.0 1.0 58.0 24.0
obstacle
0.184882462025
261.0 48.0 142.0 135.0
obstacle
0.183624193072
298.0 1.0 58.0 25.0
obstacle
0.183370530605
90.0 85.0 169.0 248.0
obstacle
0.180587023497
0.0 203.0 125.0 130.0
obstacle
0.179448664188
235.0 0.0 105.0 90.0
obstacle
0.179172277451
173.0 170.0 161.0 142.0
obstacle
0.178646862507
0.0 9.0 123.0 266.0
obstacle
0.178072929382
112.0 0.0 119.0 155.0
obstacle
0.176187470555
290.0 26.0 73.0 19.0
obstacle
0.17575776577
274.0 162.0 174.0 117.0
obstacle
0.173902913928
0.0 0.0 120.0 110.0
obstacle
0.172775685787
190.0 53.0 134.0 127.0
obstacle
0.172728657722
210.0 0.0 78.0 87.0
obstacle
0.17170214653
89.0 125.0 393.0 184.0
obstacle
0.170596346259
200.0 92.0 186.0 196.0
obstacle
0.168476089835
53.0 213.0 163.0 119.0
obstacle
0.165427699685
223.0 158.0 131.0 75.0
obstacle
0.165284767747
261.0 4.0 54.0 22.0
obstacle
0.164936885238
153.0 261.0 338.0 72.0
obstacle
0.161907598376
300.0 74.0 56.0 26.0
obstacle
0.161808773875
398.0 0.0 102.0 227.0
obstacle
0.16171219945
137.0 14.0 363.0 92.0
obstacle
0.161100253463
247.0 57.0 222.0 158.0
obstacle
0.160441309214
235.0 187.0 177.0 113.0
obstacle
0.158012926579
383.0 101.0 40.0 27.0
obstacle
0.157813727856
168.0 128.0 332.0 118.0
obstacle
0.157081618905
149.0 6.0 46.0 18.0
obstacle
0.156999722123
219.0 26.0 146.0 120.0
obstacle
0.155426174402
208.0 141.0 82.0 110.0
obstacle
0.153601363301
0.0 31.0 284.0 158.0
obstacle
0.153071343899
345.0 103.0 41.0 24.0
obstacle
0.152524977922
145.0 30.0 58.0 19.0
obstacle
0.152359768748
299.0 3.0 130.0 82.0
obstacle
0.152095526457
0.0 219.0 384.0 95.0
obstacle
0.151821285486
223.0 61.0 59.0 67.0
obstacle
0.151790514588
366.0 0.0 134.0 57.0
obstacle
0.151676148176
369.0 114.0 131.0 219.0
obstacle
0.151634857059
71.0 264.0 268.0 69.0
obstacle
0.151372730732
177.0 58.0 71.0 72.0
obstacle
0.151107341051
348.0 211.0 33.0 17.0
obstacle
0.151046514511
43.0 0.0 31.0 32.0
obstacle
0.151037797332
0.0 0.0 309.0 104.0
obstacle
0.150583401322
296.0 128.0 137.0 83.0
obstacle
0.150470972061
108.0 28.0 54.0 24.0
obstacle
0.150107964873
20.0 246.0 154.0 87.0
obstacle
0.149915382266
3.0 147.0 191.0 186.0
obstacle
0.149517506361
184.0 7.0 52.0 17.0
obstacle
0.149421915412
203.0 225.0 177.0 108.0
obstacle
0.149229124188
38.0 282.0 37.0 27.0
obstacle
0.148954212666
40.0 177.0 187.0 85.0
obstacle
0.148412749171
171.0 0.0 80.0 99.0
obstacle
0.148353397846
257.0 54.0 64.0 82.0
obstacle
0.148320123553
268.0 205.0 41.0 29.0
obstacle
0.147991761565
206.0 191.0 157.0 56.0
obstacle
0.147234275937
253.0 55.0 76.0 15.0
obstacle
0.146875247359
327.0 36.0 74.0 118.0
obstacle
0.14630176127
4.0 151.0 110.0 83.0
obstacle
0.144796356559
178.0 31.0 65.0 17.0
obstacle
0.143757283688
179.0 70.0 207.0 134.0
obstacle
0.143720567226
156.0 149.0 111.0 90.0
obstacle
0.143395468593
112.0 3.0 43.0 22.0
obstacle
0.143016770482
260.0 77.0 60.0 21.0
obstacle
0.142773538828
92.0 190.0 155.0 109.0
obstacle
0.142705947161
57.0 0.0 155.0 100.0
obstacle
0.142565339804
183.0 179.0 126.0 80.0
obstacle
0.142496362329
288.0 55.0 76.0 79.0
obstacle
0.142390653491
137.0 81.0 66.0 17.0
obstacle
0.142228320241
279.0 266.0 172.0 67.0
obstacle
0.141984179616
40.0 11.0 106.0 109.0
obstacle
0.141005188227
392.0 209.0 108.0 124.0
obstacle
0.140262320638
223.0 6.0 52.0 19.0
obstacle
0.140082895756
143.0 55.0 61.0 17.0
obstacle
0.139746814966
218.0 79.0 62.0 21.0
obstacle
0.139705061913
13.0 112.0 164.0 113.0
obstacle
0.139648333192
333.0 49.0 65.0 22.0
obstacle
0.139604657888
280.0 32.0 92.0 74.0
obstacle
0.139434665442
39.0 312.0 38.0 21.0
obstacle
0.139384329319
103.0 80.0 57.0 21.0
obstacle
0.139360830188
390.0 39.0 103.0 113.0
obstacle
0.138828247786
184.0 0.0 316.0 73.0
obstacle
0.13881149888
0.0 0.0 140.0 53.0
obstacle
0.138328149915
227.0 129.0 123.0 82.0
obstacle
0.138088911772
41.0 20.0 34.0 38.0
obstacle
0.137878701091
151.0 70.0 131.0 193.0
obstacle
0.137843579054
415.0 0.0 54.0 27.0
obstacle
0.13780079782
38.0 87.0 339.0 152.0
obstacle
0.137788072228
415.0 71.0 52.0 33.0
obstacle
0.137589842081
228.0 312.0 43.0 21.0
obstacle
0.136871680617
332.0 25.0 64.0 21.0
obstacle
0.136862337589
250.0 29.0 78.0 17.0
obstacle
0.135849013925
102.0 55.0 63.0 19.0
obstacle
0.135549023747
335.0 39.0 148.0 255.0
obstacle
0.135294854641
104.0 107.0 51.0 21.0
obstacle
0.135262921453
379.0 48.0 46.0 24.0
obstacle
0.13515162468
428.0 28.0 72.0 78.0
obstacle
0.134148180485
78.0 0.0 36.0 26.0
obstacle
0.132577896118
65.0 50.0 61.0 27.0
obstacle
0.132331386209
282.0 82.0 91.0 75.0
obstacle
0.132012441754
292.0 52.0 72.0 17.0
obstacle
0.131762906909
193.0 312.0 35.0 21.0
obstacle
0.13157184422
58.0 144.0 152.0 98.0
obstacle
0.13146995008
177.0 80.0 64.0 19.0
obstacle
0.131456121802
264.0 313.0 48.0 20.0
obstacle
0.130782306194
0.0 191.0 304.0 98.0
obstacle
0.130370095372
214.0 30.0 70.0 18.0
obstacle
0.130367338657
232.0 211.0 36.0 18.0
obstacle
0.130319938064
247.0 29.0 82.0 81.0
obstacle
0.130251467228
5.0 0.0 28.0 28.0
obstacle
0.129344761372
103.0 115.0 138.0 108.0
obstacle
0.129279926419
25.0 0.0 366.0 62.0
obstacle
0.129233658314
0.0 202.0 37.0 35.0
obstacle
0.128865450621
312.0 31.0 106.0 78.0
obstacle
0.128614127636
422.0 98.0 38.0 34.0
obstacle
0.128227487206
3.0 20.0 31.0 35.0
obstacle
0.128197431564
382.0 208.0 40.0 22.0
obstacle
0.128106802702
0.0 283.0 41.0 25.0
obstacle
0.127815961838
454.0 67.0 46.0 37.0
obstacle
0.127804800868
330.0 173.0 143.0 96.0
obstacle
0.127275124192
222.0 285.0 50.0 25.0
obstacle
0.126800119877
64.0 75.0 58.0 30.0
obstacle
0.126794010401
73.0 23.0 48.0 31.0
obstacle
0.126504659653
423.0 207.0 41.0 24.0
obstacle
0.126055121422
310.0 206.0 40.0 25.0
obstacle
0.125643745065
0.0 28.0 85.0 121.0
obstacle
0.125623658299
345.0 313.0 42.0 20.0
obstacle
0.124942988157
307.0 313.0 39.0 20.0
obstacle
0.124867066741
65.0 105.0 54.0 25.0
obstacle
0.124777279794
377.0 0.0 52.0 25.0
obstacle
0.124706536531
217.0 55.0 66.0 18.0
obstacle
0.124312929809
34.0 153.0 43.0 30.0
obstacle
0.123934701085
0.0 176.0 83.0 88.0
obstacle
0.123532943428
342.0 284.0 42.0 28.0
obstacle
0.123459845781
0.0 152.0 39.0 30.0
obstacle
0.123449541628
37.0 206.0 36.0 28.0
obstacle
0.123436875641
358.0 38.0 92.0 116.0
obstacle
0.12323281914
135.0 237.0 148.0 96.0
obstacle
0.12286247313
0.0 75.0 82.0 131.0
obstacle
0.122048355639
31.0 73.0 45.0 37.0
obstacle
0.122016817331
382.0 129.0 40.0 27.0
obstacle
0.121993668377
177.0 85.0 70.0 70.0
obstacle
0.121209263802
1.0 73.0 32.0 34.0
obstacle
0.121065072715
36.0 48.0 39.0 31.0
obstacle
0.120463304222
179.0 55.0 63.0 18.0
obstacle
0.120382927358
0.0 231.0 33.0 29.0
obstacle
0.120327159762
0.0 102.0 38.0 29.0
obstacle
0.119689777493
31.0 103.0 49.0 28.0
obstacle
0.119606152177
423.0 287.0 38.0 23.0
obstacle
0.119531415403
422.0 192.0 78.0 102.0
obstacle
0.11950609833
238.0 97.0 100.0 95.0
obstacle
0.119485348463
103.0 63.0 206.0 147.0
obstacle
0.118683092296
226.0 260.0 43.0 23.0
obstacle
0.118461184204
77.0 310.0 37.0 23.0
obstacle
0.117766819894
39.0 234.0 33.0 25.0
obstacle
0.117133103311
0.0 130.0 38.0 25.0
obstacle
0.116958349943
71.0 157.0 45.0 22.0
obstacle
0.11678917706
113.0 284.0 38.0 27.0
obstacle
0.116711251438
457.0 204.0 43.0 28.0
obstacle
0.116630636156
115.0 307.0 35.0 26.0
obstacle
0.116317391396
78.0 234.0 37.0 25.0
obstacle
0.116236694157
383.0 286.0 40.0 23.0
obstacle
0.115994744003
425.0 181.0 35.0 25.0
obstacle
0.115929670632
421.0 127.0 41.0 31.0
obstacle
0.115426763892
0.0 257.0 37.0 28.0
obstacle
0.115207336843
415.0 50.0 54.0 24.0
obstacle
0.114873610437
323.0 154.0 161.0 81.0
obstacle
0.114869236946
153.0 207.0 40.0 25.0
obstacle
0.114702112973
461.0 0.0 39.0 26.0
obstacle
0.11395265162
112.0 0.0 115.0 76.0
obstacle
0.113720983267
35.0 178.0 44.0 32.0
obstacle
0.113332644105
77.0 181.0 36.0 28.0
obstacle
0.113065481186
260.0 286.0 50.0 24.0
obstacle
0.112876422703
418.0 22.0 50.0 28.0
obstacle
0.112727284431
62.0 274.0 145.0 59.0
obstacle
0.112272158265
305.0 103.0 43.0 23.0
obstacle
0.111967012286
461.0 21.0 39.0 29.0
obstacle
0.111873269081
420.0 238.0 43.0 17.0
obstacle
0.111649908125
301.0 285.0 47.0 27.0
obstacle
0.111517690122
66.0 132.0 49.0 24.0
obstacle
0.111453123391
145.0 108.0 47.0 17.0
obstacle
0.111364342272
0.0 178.0 38.0 32.0
obstacle
0.11079543829
0.0 120.0 256.0 137.0
obstacle
0.110688015819
385.0 313.0 36.0 20.0
obstacle
0.110417835414
414.0 114.0 86.0 106.0
obstacle
0.110241889954
217.0 103.0 64.0 85.0
obstacle
0.109999701381
151.0 284.0 39.0 26.0
obstacle
0.109969370067
1.0 308.0 38.0 25.0
obstacle
0.109920836985
0.0 46.0 36.0 35.0
obstacle
0.109378509223
382.0 237.0 44.0 15.0
obstacle
0.109243549407
384.0 182.0 39.0 26.0
obstacle
0.109209030867
76.0 283.0 38.0 28.0
obstacle
0.109025761485
112.0 157.0 42.0 20.0
obstacle
0.109024196863
221.0 81.0 59.0 79.0
obstacle
0.107832193375
107.0 133.0 43.0 19.0
obstacle
0.107473060489
78.0 209.0 35.0 24.0
obstacle
0.107433326542
426.0 308.0 33.0 25.0
obstacle
0.107083961368
340.0 185.0 42.0 21.0
obstacle
0.106485687196
75.0 258.0 38.0 26.0
obstacle
0.106337167323
183.0 287.0 51.0 22.0
obstacle
0.106208130717
156.0 310.0 33.0 23.0
obstacle
0.106045968831
377.0 23.0 50.0 24.0
obstacle
0.105790898204
302.0 261.0 45.0 20.0
obstacle
0.105699956417
229.0 105.0 38.0 21.0
obstacle
0.105274170637
458.0 93.0 42.0 40.0
obstacle
0.104890599847
36.0 258.0 36.0 25.0
obstacle
0.104853674769
230.0 184.0 33.0 21.0
obstacle
0.104186445475
268.0 104.0 40.0 21.0
obstacle
0.103843741119
29.0 130.0 47.0 28.0
obstacle
0.103725366294
419.0 60.0 81.0 115.0
obstacle
0.103537008166
190.0 183.0 42.0 22.0
obstacle
0.102895520627
187.0 106.0 44.0 20.0
obstacle
0.102631308138
455.0 231.0 45.0 26.0
obstacle
0.102392025292
264.0 259.0 44.0 22.0
obstacle
0.102305240929
460.0 280.0 40.0 32.0
obstacle
0.102234385908
272.0 184.0 30.0 21.0
obstacle
0.102198533714
186.0 261.0 45.0 22.0
obstacle
0.101978972554
145.0 133.0 45.0 19.0
obstacle
0.101941235363
0.0 270.0 94.0 63.0
obstacle
0.101878836751
460.0 177.0 40.0 30.0
obstacle
0.101758509874
193.0 209.0 38.0 19.0
obstacle
0.101417690516
458.0 48.0 41.0 23.0
obstacle
0.100672230124
151.0 182.0 43.0 24.0
obstacle
0.100093089044
115.0 259.0 36.0 23.0
obstacle
0.0999765992165
150.0 156.0 43.0 22.0
obstacle
0.099807575345
116.0 235.0 38.0 20.0
obstacle
0.0994643419981
459.0 123.0 41.0 36.0
obstacle
0.0991051122546
452.0 255.0 48.0 29.0
obstacle
0.0986169725657
465.0 309.0 35.0 24.0
obstacle
0.097669839859
191.0 234.0 40.0 20.0
obstacle
0.0969369336963
116.0 209.0 37.0 23.0
obstacle
0.096678905189
344.0 128.0 41.0 27.0
obstacle
0.0966510772705
269.0 232.0 37.0 21.0
obstacle
0.0966276153922
154.0 235.0 37.0 20.0
obstacle
0.0965175032616
413.0 265.0 87.0 68.0
obstacle
0.0962361618876
355.0 105.0 145.0 128.0
obstacle
0.0950471013784
303.0 185.0 48.0 18.0
obstacle
0.0947359129786
151.0 261.0 40.0 20.0
obstacle
0.0936124026775
420.0 262.0 43.0 17.0
obstacle
0.0934755653143
345.0 237.0 39.0 13.0
obstacle
0.0931825637817
459.0 150.0 41.0 33.0
obstacle
0.0918789356947
340.0 261.0 48.0 19.0
obstacle
0.0915203690529
422.0 151.0 40.0 33.0
obstacle
0.0905258283019
112.0 183.0 45.0 22.0
obstacle
0.0903083533049
267.0 154.0 40.0 24.0
obstacle
0.0897163376212
187.0 154.0 44.0 25.0
obstacle
0.0894986391068
384.0 261.0 39.0 17.0
obstacle
0.0894724205136
228.0 235.0 41.0 20.0
obstacle
0.0890764370561
342.0 154.0 46.0 27.0
obstacle
0.0883560478687
303.0 155.0 49.0 23.0
obstacle
0.0878452137113
382.0 153.0 42.0 30.0
obstacle
0.0858442634344
226.0 152.0 39.0 26.0
obstacle
0.0847388058901
307.0 232.0 41.0 19.0
obstacle
0.083095356822
186.0 130.0 40.0 22.0
obstacle
0.0772310495377
226.0 130.0 37.0 21.0
obstacle
0.0772022604942
266.0 131.0 37.0 19.0
obstacle
0.0766976252198
307.0 128.0 37.0 24.0
