obstacle
0.23170183599
54.0 63.0 234.0 247.0
obstacle
0.231019034982
387.0 22.0 29.0 34.0
obstacle
0.2205260396
0.0 0.0 178.0 177.0
obstacle
0.218171015382
425.0 22.0 31.0 39.0
obstacle
0.207094818354
79.0 148.0 410.0 132.0
obstacle
0.204984903336
147.0 25.0 42.0 26.0
obstacle
0.203954398632
109.0 25.0 43.0 29.0
obstacle
0.201917469501
70.0 22.0 46.0 34.0
obstacle
0.201672032475
192.0 147.0 111.0 94.0
obstacle
0.201461911201
63.0 151.0 134.0 80.0
obstacle
0.200932621956
0.0 160.0 352.0 101.0
obstacle
0.197864204645
378.0 0.0 122.0 114.0
obstacle
0.190765663981
425.0 0.0 33.0 29.0
obstacle
0.188427492976
0.0 0.0 330.0 230.0
obstacle
0.188331201673
346.0 1.0 31.0 28.0
obstacle
0.185295581818
79.0 0.0 190.0 163.0
obstacle
0.18486315012
0.0 87.0 257.0 103.0
obstacle
0.184599578381
190.0 25.0 31.0 26.0
obstacle
0.184363976121
149.0 0.0 207.0 144.0
obstacle
0.182759910822
386.0 0.0 31.0 30.0
obstacle
0.182621285319
0.0 218.0 448.0 98.0
obstacle
0.181176289916
233.0 25.0 25.0 27.0
obstacle
0.180586576462
155.0 60.0 345.0 152.0
obstacle
0.180556893349
0.0 66.0 117.0 254.0
obstacle
0.177931934595
0.0 238.0 162.0 95.0
obstacle
0.17744833231
3.0 120.0 113.0 94.0
obstacle
0.176889851689
155.0 147.0 99.0 90.0
obstacle
0.176132336259
279.0 167.0 175.0 59.0
obstacle
0.175092294812
35.0 24.0 39.0 31.0
obstacle
0.173582330346
344.0 22.0 33.0 33.0
obstacle
0.172563746572
0.0 101.0 217.0 232.0
obstacle
0.17179659009
0.0 56.0 345.0 109.0
obstacle
0.171062022448
135.0 0.0 365.0 333.0
obstacle
0.17097465694
221.0 0.0 215.0 162.0
obstacle
0.169717937708
59.0 240.0 289.0 93.0
obstacle
0.169420361519
279.0 168.0 221.0 165.0
obstacle
0.168618619442
272.0 25.0 24.0 27.0
obstacle
0.168533563614
386.0 48.0 32.0 30.0
obstacle
0.167836219072
167.0 129.0 166.0 79.0
obstacle
0.167629316449
0.0 13.0 264.0 97.0
obstacle
0.166406050324
281.0 145.0 172.0 53.0
obstacle
0.166142463684
177.0 114.0 151.0 63.0
obstacle
0.165860906243
149.0 163.0 116.0 115.0
obstacle
0.16583789885
390.0 80.0 110.0 253.0
obstacle
0.165779978037
177.0 270.0 211.0 63.0
obstacle
0.165158867836
272.0 4.0 26.0 24.0
obstacle
0.165023937821
260.0 122.0 240.0 130.0
obstacle
0.163874313235
308.0 25.0 27.0 28.0
obstacle
0.163205906749
172.0 199.0 166.0 134.0
obstacle
0.163060262799
0.0 25.0 35.0 29.0
obstacle
0.1629845649
194.0 4.0 28.0 23.0
obstacle
0.162925764918
0.0 0.0 104.0 121.0
obstacle
0.162857815623
300.0 16.0 136.0 105.0
obstacle
0.162252917886
154.0 60.0 202.0 273.0
obstacle
0.162044465542
242.0 223.0 163.0 99.0
obstacle
0.16190315783
203.0 32.0 105.0 76.0
obstacle
0.160353109241
134.0 98.0 157.0 97.0
obstacle
0.160094901919
131.0 106.0 175.0 170.0
obstacle
0.160002619028
265.0 28.0 129.0 83.0
obstacle
0.159914165735
297.0 204.0 134.0 85.0
obstacle
0.159868776798
335.0 66.0 141.0 106.0
obstacle
0.159828543663
33.0 49.0 46.0 30.0
obstacle
0.159798845649
49.0 75.0 94.0 90.0
obstacle
0.159430161119
310.0 2.0 28.0 27.0
obstacle
0.159321531653
259.0 184.0 132.0 74.0
obstacle
0.158525630832
39.0 0.0 411.0 126.0
obstacle
0.158065572381
152.0 4.0 34.0 22.0
obstacle
0.157105267048
234.0 4.0 25.0 24.0
obstacle
0.156877294183
420.0 49.0 42.0 31.0
obstacle
0.156119793653
11.0 0.0 393.0 65.0
obstacle
0.155848830938
106.0 239.0 58.0 17.0
obstacle
0.15551777184
55.0 0.0 159.0 95.0
obstacle
0.15487074852
113.0 2.0 37.0 27.0
obstacle
0.15390008688
308.0 0.0 192.0 175.0
obstacle
0.153592035174
41.0 0.0 29.0 33.0
obstacle
0.152958661318
164.0 58.0 102.0 73.0
obstacle
0.152696356177
130.0 0.0 163.0 100.0
obstacle
0.152540922165
15.0 273.0 223.0 60.0
obstacle
0.152049362659
183.0 129.0 49.0 23.0
obstacle
0.15196159482
239.0 81.0 182.0 77.0
obstacle
0.151646867394
100.0 179.0 147.0 154.0
obstacle
0.150277346373
0.0 81.0 439.0 213.0
obstacle
0.149823740125
238.0 34.0 111.0 72.0
obstacle
0.14952327311
359.0 98.0 141.0 93.0
obstacle
0.148523524404
226.0 178.0 123.0 86.0
obstacle
0.14823757112
29.0 134.0 132.0 66.0
obstacle
0.147980317473
199.0 0.0 184.0 92.0
obstacle
0.147770106792
66.0 48.0 59.0 31.0
obstacle
0.147477254272
139.0 246.0 150.0 87.0
obstacle
0.147410824895
421.0 67.0 40.0 42.0
obstacle
0.147355556488
145.0 264.0 53.0 17.0
obstacle
0.147303879261
52.0 149.0 158.0 141.0
obstacle
0.147283777595
190.0 58.0 128.0 74.0
obstacle
0.146820425987
65.0 101.0 140.0 87.0
obstacle
0.146733373404
0.0 126.0 35.0 28.0
obstacle
0.145366042852
143.0 240.0 61.0 14.0
obstacle
0.145078063011
414.0 30.0 86.0 126.0
obstacle
0.145066708326
103.0 50.0 57.0 25.0
obstacle
0.145000904799
76.0 1.0 37.0 30.0
obstacle
0.144922941923
5.0 200.0 254.0 92.0
obstacle
0.144766896963
234.0 156.0 106.0 78.0
obstacle
0.144373476505
323.0 180.0 162.0 83.0
obstacle
0.144151285291
245.0 259.0 230.0 74.0
obstacle
0.144042536616
154.0 161.0 36.0 17.0
obstacle
0.14355134964
111.0 186.0 38.0 14.0
obstacle
0.143345817924
15.0 52.0 89.0 134.0
obstacle
0.142736315727
78.0 132.0 186.0 66.0
obstacle
0.141007050872
225.0 237.0 52.0 17.0
obstacle
0.140391379595
462.0 17.0 37.0 43.0
obstacle
0.139919087291
0.0 108.0 193.0 112.0
obstacle
0.139616221189
305.0 0.0 118.0 80.0
obstacle
0.139268085361
6.0 0.0 26.0 30.0
obstacle
0.138025224209
174.0 213.0 143.0 63.0
obstacle
0.137270629406
0.0 226.0 39.0 35.0
obstacle
0.136145740747
232.0 115.0 196.0 62.0
obstacle
0.135819688439
0.0 162.0 125.0 113.0
obstacle
0.135080963373
1.0 157.0 34.0 19.0
obstacle
0.134863272309
155.0 184.0 32.0 17.0
obstacle
0.13443236053
462.0 0.0 37.0 28.0
obstacle
0.134182050824
39.0 283.0 40.0 27.0
obstacle
0.134081155062
227.0 98.0 210.0 233.0
obstacle
0.134007066488
198.0 0.0 100.0 77.0
obstacle
0.133940681815
29.0 233.0 54.0 22.0
obstacle
0.133843839169
225.0 127.0 45.0 24.0
obstacle
0.133755072951
0.0 85.0 79.0 119.0
obstacle
0.133719444275
210.0 230.0 145.0 81.0
obstacle
0.133672833443
266.0 315.0 49.0 17.0
obstacle
0.132972493768
420.0 125.0 40.0 31.0
obstacle
0.132719889283
420.0 283.0 43.0 28.0
obstacle
0.131526857615
87.0 51.0 98.0 87.0
obstacle
0.13070294261
127.0 51.0 96.0 85.0
obstacle
0.130026042461
459.0 150.0 41.0 33.0
obstacle
0.129697874188
108.0 263.0 51.0 20.0
obstacle
0.129684582353
424.0 310.0 40.0 23.0
obstacle
0.129608675838
0.0 283.0 41.0 27.0
obstacle
0.129385277629
420.0 205.0 80.0 128.0
obstacle
0.129079475999
0.0 47.0 41.0 33.0
obstacle
0.127920567989
415.0 0.0 85.0 70.0
obstacle
0.127644911408
309.0 98.0 34.0 32.0
obstacle
0.127043440938
346.0 155.0 41.0 26.0
obstacle
0.126778066158
228.0 315.0 46.0 17.0
obstacle
0.126682356
183.0 100.0 52.0 27.0
obstacle
0.126480340958
345.0 97.0 37.0 34.0
obstacle
0.126456856728
184.0 265.0 52.0 14.0
obstacle
0.126122102141
383.0 67.0 36.0 41.0
obstacle
0.125736415386
159.0 0.0 103.0 75.0
obstacle
0.125687032938
190.0 316.0 45.0 16.0
obstacle
0.125505685806
115.0 287.0 44.0 24.0
obstacle
0.125376328826
346.0 0.0 114.0 73.0
obstacle
0.124936327338
76.0 285.0 45.0 26.0
obstacle
0.124757029116
342.0 47.0 40.0 31.0
obstacle
0.124057553709
143.0 48.0 53.0 25.0
obstacle
0.123478107154
460.0 122.0 40.0 35.0
obstacle
0.123432718217
345.0 312.0 42.0 20.0
obstacle
0.123259991407
307.0 48.0 36.0 28.0
obstacle
0.123103871942
251.0 283.0 150.0 50.0
obstacle
0.122970014811
115.0 163.0 36.0 11.0
obstacle
0.122903779149
34.0 73.0 44.0 32.0
obstacle
0.122264668345
123.0 76.0 107.0 87.0
obstacle
0.12223995477
318.0 34.0 177.0 261.0
obstacle
0.122201822698
348.0 129.0 36.0 26.0
obstacle
0.121851198375
114.0 60.0 202.0 163.0
obstacle
0.121723115444
268.0 235.0 42.0 16.0
obstacle
0.121699914336
418.0 97.0 41.0 35.0
obstacle
0.12163130939
0.0 139.0 90.0 112.0
obstacle
0.121448934078
197.0 180.0 21.0 21.0
obstacle
0.121084883809
356.0 159.0 144.0 70.0
obstacle
0.120872370899
419.0 150.0 43.0 36.0
obstacle
0.120145566761
312.0 279.0 182.0 54.0
obstacle
0.119983226061
228.0 0.0 272.0 74.0
obstacle
0.119856707752
2.0 182.0 35.0 23.0
obstacle
0.119845226407
36.0 259.0 42.0 24.0
obstacle
0.119741231203
383.0 98.0 37.0 33.0
obstacle
0.119389034808
0.0 99.0 38.0 32.0
obstacle
0.11936634779
113.0 313.0 45.0 20.0
obstacle
0.119225762784
226.0 264.0 45.0 16.0
obstacle
0.119045615196
69.0 205.0 54.0 27.0
obstacle
0.118532799184
0.0 311.0 40.0 22.0
obstacle
0.118490040302
229.0 49.0 36.0 25.0
obstacle
0.118453025818
148.0 130.0 45.0 23.0
obstacle
0.118348747492
129.0 289.0 165.0 44.0
obstacle
0.118109174073
150.0 288.0 48.0 19.0
obstacle
0.118015743792
383.0 128.0 38.0 27.0
obstacle
0.117814660072
458.0 92.0 42.0 42.0
obstacle
0.117654666305
0.0 256.0 43.0 28.0
obstacle
0.117597073317
379.0 282.0 45.0 29.0
obstacle
0.117428928614
308.0 126.0 38.0 29.0
obstacle
0.117314055562
66.0 76.0 56.0 25.0
obstacle
0.117238335311
188.0 73.0 42.0 29.0
obstacle
0.116774357855
403.0 264.0 97.0 69.0
obstacle
0.116683520377
105.0 235.0 204.0 72.0
obstacle
0.116666190326
115.0 0.0 113.0 72.0
obstacle
0.116617761552
227.0 99.0 44.0 31.0
obstacle
0.11645296216
110.0 132.0 39.0 20.0
obstacle
0.116224162281
344.0 67.0 37.0 41.0
obstacle
0.116128854454
457.0 67.0 43.0 39.0
obstacle
0.116021290421
347.0 179.0 39.0 30.0
obstacle
0.115849837661
190.0 49.0 38.0 25.0
obstacle
0.11578348279
68.0 234.0 55.0 24.0
obstacle
0.115701593459
150.0 316.0 48.0 16.0
obstacle
0.115184426308
0.0 276.0 128.0 57.0
obstacle
0.115151368082
0.0 74.0 37.0 30.0
obstacle
0.114958301187
2.0 204.0 38.0 28.0
obstacle
0.114913895726
403.0 123.0 97.0 90.0
obstacle
0.114784158766
459.0 203.0 41.0 32.0
obstacle
0.114260867238
461.0 229.0 39.0 30.0
obstacle
0.114252954721
192.0 159.0 33.0 17.0
obstacle
0.114180997014
413.0 171.0 87.0 94.0
obstacle
0.114064507186
186.0 240.0 48.0 13.0
obstacle
0.114042200148
268.0 48.0 39.0 27.0
obstacle
0.113915741444
458.0 46.0 42.0 32.0
obstacle
0.113850019872
73.0 260.0 45.0 23.0
obstacle
0.113557264209
71.0 314.0 52.0 19.0
obstacle
0.113413617015
460.0 277.0 40.0 36.0
obstacle
0.113059446216
72.0 130.0 44.0 19.0
obstacle
0.112695112824
387.0 182.0 36.0 26.0
obstacle
0.112483359873
306.0 314.0 44.0 19.0
obstacle
0.112424537539
307.0 69.0 36.0 37.0
obstacle
0.112287856638
388.0 209.0 34.0 22.0
obstacle
0.112127915025
384.0 313.0 43.0 20.0
obstacle
0.111979156733
144.0 74.0 49.0 26.0
obstacle
0.111891828477
348.0 206.0 37.0 29.0
obstacle
0.111740551889
460.0 178.0 40.0 30.0
obstacle
0.111033648252
381.0 155.0 44.0 26.0
obstacle
0.110962808132
31.0 313.0 53.0 20.0
obstacle
0.110923156142
186.0 290.0 54.0 17.0
obstacle
0.110860988498
269.0 128.0 40.0 24.0
obstacle
0.110709272325
34.0 182.0 44.0 18.0
obstacle
0.110675401986
17.0 0.0 154.0 66.0
obstacle
0.110656872392
372.0 180.0 128.0 134.0
obstacle
0.110627546906
377.0 256.0 48.0 29.0
obstacle
0.109481573105
143.0 100.0 55.0 28.0
obstacle
0.109402395785
307.0 180.0 43.0 23.0
obstacle
0.10934702307
384.0 233.0 39.0 24.0
obstacle
0.109076052904
266.0 287.0 46.0 20.0
obstacle
0.108874760568
420.0 178.0 44.0 32.0
obstacle
0.108680449426
462.0 308.0 38.0 25.0
obstacle
0.107911296189
36.0 127.0 40.0 22.0
obstacle
0.107897982001
227.0 74.0 43.0 28.0
obstacle
0.107874795794
270.0 101.0 36.0 26.0
obstacle
0.107534885406
457.0 251.0 43.0 36.0
obstacle
0.107437111437
268.0 72.0 37.0 30.0
obstacle
0.107297211885
305.0 233.0 44.0 21.0
obstacle
0.106959216297
0.0 0.0 88.0 61.0
obstacle
0.106936663389
304.0 206.0 49.0 23.0
obstacle
0.106519922614
108.0 212.0 52.0 16.0
obstacle
0.106353901327
76.0 180.0 41.0 22.0
obstacle
0.104747243226
33.0 155.0 43.0 17.0
obstacle
0.1039237082
30.0 98.0 49.0 32.0
obstacle
0.103907033801
33.0 210.0 48.0 18.0
obstacle
0.103862188756
343.0 282.0 41.0 28.0
obstacle
0.103157535195
62.0 102.0 62.0 24.0
obstacle
0.103128112853
302.0 284.0 48.0 25.0
obstacle
0.102818496525
306.0 155.0 44.0 24.0
obstacle
0.102750748396
44.0 16.0 107.0 105.0
obstacle
0.102073714137
100.0 76.0 59.0 24.0
obstacle
0.101650752127
185.0 213.0 46.0 13.0
obstacle
0.101644441485
267.0 157.0 43.0 19.0
obstacle
0.101292587817
419.0 257.0 44.0 29.0
obstacle
0.100896008313
263.0 263.0 46.0 16.0
obstacle
0.100494712591
221.0 210.0 54.0 17.0
obstacle
0.10013461858
343.0 234.0 44.0 23.0
obstacle
0.0999239087105
74.0 159.0 44.0 14.0
obstacle
0.0996866226196
263.0 182.0 46.0 19.0
obstacle
0.0995336696506
422.0 207.0 41.0 26.0
obstacle
0.0985298082232
419.0 234.0 43.0 25.0
obstacle
0.0985192134976
232.0 180.0 27.0 23.0
obstacle
0.0974990129471
230.0 157.0 39.0 19.0
obstacle
0.0963945686817
222.0 288.0 58.0 20.0
obstacle
0.0950131937861
150.0 212.0 48.0 14.0
obstacle
0.0949579775333
299.0 260.0 52.0 22.0
obstacle
0.091704249382
0.0 31.0 78.0 121.0
obstacle
0.0908058136702
339.0 258.0 47.0 25.0
obstacle
0.0904042050242
101.0 101.0 55.0 27.0
obstacle
0.0885548889637
267.0 210.0 45.0 15.0
