obstacle
0.272719413042
59.0 93.0 305.0 188.0
obstacle
0.268091917038
154.0 155.0 100.0 68.0
obstacle
0.228081777692
17.0 0.0 483.0 244.0
obstacle
0.219922766089
18.0 165.0 155.0 51.0
obstacle
0.218841508031
0.0 0.0 307.0 190.0
obstacle
0.215227723122
4.0 127.0 106.0 83.0
obstacle
0.210905790329
316.0 125.0 172.0 89.0
obstacle
0.208467483521
9.0 83.0 170.0 75.0
obstacle
0.207966119051
181.0 102.0 135.0 84.0
obstacle
0.206317439675
9.0 157.0 475.0 114.0
obstacle
0.204921200871
0.0 159.0 117.0 67.0
obstacle
0.204418614507
144.0 51.0 52.0 21.0
obstacle
0.202730432153
218.0 0.0 282.0 315.0
obstacle
0.197394236922
232.0 156.0 109.0 73.0
obstacle
0.195931822062
0.0 203.0 119.0 130.0
obstacle
0.194220140576
95.0 160.0 142.0 59.0
obstacle
0.193404749036
330.0 119.0 156.0 214.0
obstacle
0.192617461085
105.0 49.0 50.0 27.0
obstacle
0.190580710769
276.0 156.0 173.0 80.0
obstacle
0.188896074891
222.0 128.0 203.0 80.0
obstacle
0.186835512519
200.0 150.0 89.0 81.0
obstacle
0.186830118299
18.0 137.0 150.0 58.0
obstacle
0.185981705785
182.0 51.0 54.0 21.0
obstacle
0.185053706169
139.0 0.0 361.0 95.0
obstacle
0.183509334922
145.0 175.0 343.0 130.0
obstacle
0.182605355978
43.0 135.0 183.0 198.0
obstacle
0.180513247848
100.0 100.0 146.0 88.0
obstacle
0.179013520479
71.0 21.0 41.0 35.0
obstacle
0.17813166976
349.0 151.0 31.0 33.0
obstacle
0.177840143442
169.0 25.0 331.0 122.0
obstacle
0.177573263645
112.0 23.0 37.0 32.0
obstacle
0.176614582539
30.0 71.0 435.0 132.0
obstacle
0.176511585712
235.0 213.0 37.0 14.0
obstacle
0.175629422069
271.0 86.0 188.0 64.0
obstacle
0.175405651331
0.0 0.0 146.0 144.0
obstacle
0.175158917904
273.0 104.0 183.0 80.0
obstacle
0.175007343292
305.0 51.0 42.0 23.0
obstacle
0.1747828722
192.0 23.0 35.0 31.0
obstacle
0.174122676253
58.0 70.0 152.0 102.0
obstacle
0.173991084099
386.0 15.0 29.0 50.0
obstacle
0.173848092556
40.0 0.0 31.0 32.0
obstacle
0.173596441746
46.0 0.0 178.0 152.0
obstacle
0.17239138484
37.0 15.0 34.0 42.0
obstacle
0.171866461635
0.0 188.0 378.0 108.0
obstacle
0.171321392059
207.0 114.0 161.0 64.0
obstacle
0.171296551824
199.0 186.0 28.0 14.0
obstacle
0.170597910881
137.0 132.0 139.0 64.0
obstacle
0.170349657536
364.0 0.0 136.0 79.0
obstacle
0.169996127486
178.0 48.0 231.0 285.0
obstacle
0.169732421637
425.0 14.0 30.0 56.0
obstacle
0.169618725777
234.0 20.0 29.0 36.0
obstacle
0.169555172324
152.0 23.0 35.0 32.0
obstacle
0.169125914574
272.0 0.0 28.0 30.0
obstacle
0.168835669756
0.0 85.0 148.0 209.0
obstacle
0.168651252985
350.0 0.0 27.0 34.0
obstacle
0.167905807495
237.0 186.0 26.0 14.0
obstacle
0.167562291026
345.0 50.0 38.0 28.0
obstacle
0.166587039828
307.0 153.0 36.0 28.0
obstacle
0.16631616652
277.0 51.0 177.0 84.0
obstacle
0.166265830398
11.0 172.0 239.0 94.0
obstacle
0.165707141161
378.0 75.0 122.0 86.0
obstacle
0.16472363472
345.0 180.0 44.0 25.0
obstacle
0.164319783449
226.0 241.0 210.0 92.0
obstacle
0.164318859577
160.0 61.0 185.0 60.0
obstacle
0.163545444608
351.0 18.0 26.0 42.0
obstacle
0.163457781076
133.0 234.0 163.0 99.0
obstacle
0.163150638342
260.0 190.0 206.0 64.0
obstacle
0.162742346525
193.0 75.0 36.0 25.0
obstacle
0.162605971098
209.0 86.0 158.0 66.0
obstacle
0.162437796593
144.0 182.0 124.0 75.0
obstacle
0.162202730775
193.0 1.0 33.0 25.0
obstacle
0.161680862308
424.0 0.0 28.0 34.0
obstacle
0.161619365215
308.0 0.0 192.0 137.0
obstacle
0.161261558533
115.0 1.0 34.0 27.0
obstacle
0.161153227091
108.0 275.0 276.0 58.0
obstacle
0.160650849342
189.0 240.0 47.0 12.0
obstacle
0.16013880074
153.0 2.0 34.0 25.0
obstacle
0.159481406212
234.0 72.0 35.0 32.0
obstacle
0.159410908818
310.0 0.0 30.0 33.0
obstacle
0.159042462707
274.0 158.0 26.0 19.0
obstacle
0.158266797662
369.0 16.0 131.0 297.0
obstacle
0.158245652914
388.0 0.0 25.0 33.0
obstacle
0.157916665077
193.0 214.0 41.0 11.0
obstacle
0.157377272844
183.0 0.0 143.0 98.0
obstacle
0.157216206193
196.0 161.0 35.0 14.0
obstacle
0.157192483544
0.0 94.0 88.0 101.0
obstacle
0.156211107969
274.0 21.0 28.0 33.0
obstacle
0.155152931809
386.0 47.0 32.0 33.0
obstacle
0.154898792505
224.0 51.0 47.0 21.0
obstacle
0.154527321458
383.0 126.0 44.0 27.0
obstacle
0.1539747715
0.0 228.0 42.0 32.0
obstacle
0.153281077743
271.0 196.0 201.0 137.0
obstacle
0.153053462505
116.0 0.0 198.0 135.0
obstacle
0.152355596423
137.0 197.0 232.0 136.0
obstacle
0.151933073997
210.0 194.0 151.0 51.0
obstacle
0.151073679328
246.0 0.0 156.0 84.0
obstacle
0.150918602943
267.0 51.0 42.0 20.0
obstacle
0.150870352983
76.0 0.0 36.0 30.0
obstacle
0.150850623846
0.0 101.0 35.0 24.0
obstacle
0.150828868151
102.0 239.0 69.0 14.0
obstacle
0.150773748755
31.0 47.0 45.0 28.0
obstacle
0.150656670332
233.0 2.0 30.0 25.0
obstacle
0.150620132685
307.0 180.0 41.0 22.0
obstacle
0.150530919433
240.0 284.0 172.0 49.0
obstacle
0.150479495525
313.0 20.0 26.0 36.0
obstacle
0.150158569217
383.0 180.0 117.0 153.0
obstacle
0.150132253766
59.0 48.0 65.0 27.0
obstacle
0.149622619152
152.0 77.0 41.0 20.0
obstacle
0.149611324072
387.0 10.0 108.0 116.0
obstacle
0.149057462811
58.0 236.0 75.0 22.0
obstacle
0.149013146758
0.0 11.0 96.0 210.0
obstacle
0.148455888033
225.0 23.0 133.0 90.0
obstacle
0.147361636162
189.0 104.0 43.0 21.0
obstacle
0.147072851658
0.0 230.0 209.0 86.0
obstacle
0.146911993623
304.0 126.0 45.0 28.0
obstacle
0.146567493677
0.0 128.0 38.0 24.0
obstacle
0.146211966872
178.0 176.0 134.0 86.0
obstacle
0.145858705044
266.0 130.0 37.0 22.0
obstacle
0.145520865917
226.0 218.0 195.0 59.0
obstacle
0.145435675979
103.0 0.0 145.0 100.0
obstacle
0.145383745432
150.0 83.0 120.0 72.0
obstacle
0.145243361592
387.0 153.0 37.0 24.0
obstacle
0.145087510347
0.0 283.0 43.0 25.0
obstacle
0.144864618778
0.0 0.0 364.0 63.0
obstacle
0.144715413451
419.0 52.0 81.0 79.0
obstacle
0.144693374634
34.0 157.0 44.0 16.0
obstacle
0.144498050213
273.0 182.0 30.0 19.0
obstacle
0.144486159086
109.0 132.0 50.0 16.0
obstacle
0.143920078874
80.0 182.0 33.0 20.0
obstacle
0.143756210804
24.0 99.0 476.0 234.0
obstacle
0.143591150641
112.0 76.0 42.0 22.0
obstacle
0.142010629177
150.0 134.0 45.0 15.0
obstacle
0.141888096929
422.0 99.0 38.0 29.0
obstacle
0.141828000546
432.0 220.0 68.0 102.0
obstacle
0.141311168671
228.0 238.0 47.0 18.0
obstacle
0.140867441893
237.0 160.0 28.0 16.0
obstacle
0.140763342381
181.0 91.0 138.0 52.0
obstacle
0.140483796597
0.0 56.0 93.0 76.0
obstacle
0.140356913209
425.0 45.0 35.0 37.0
obstacle
0.139305964112
71.0 72.0 45.0 28.0
obstacle
0.139229565859
344.0 127.0 45.0 28.0
obstacle
0.138993233442
229.0 131.0 40.0 21.0
obstacle
0.138906165957
32.0 99.0 44.0 29.0
obstacle
0.13851505518
0.0 177.0 142.0 80.0
obstacle
0.13823646307
0.0 58.0 196.0 72.0
obstacle
0.138169631362
252.0 102.0 160.0 171.0
obstacle
0.137416362762
191.0 132.0 39.0 20.0
obstacle
0.1365955621
427.0 155.0 33.0 23.0
obstacle
0.136121854186
271.0 74.0 36.0 29.0
obstacle
0.136034652591
96.0 53.0 154.0 83.0
obstacle
0.135850995779
381.0 100.0 43.0 24.0
obstacle
0.135749280453
387.0 179.0 40.0 24.0
obstacle
0.135494843125
423.0 128.0 37.0 25.0
obstacle
0.135164901614
422.0 104.0 78.0 76.0
obstacle
0.13504999876
273.0 212.0 37.0 15.0
obstacle
0.134813576937
464.0 12.0 35.0 53.0
obstacle
0.134562402964
367.0 147.0 133.0 94.0
obstacle
0.134398445487
303.0 100.0 46.0 28.0
obstacle
0.134386003017
25.0 232.0 62.0 26.0
obstacle
0.13432829082
0.0 108.0 210.0 111.0
obstacle
0.134191721678
346.0 76.0 40.0 27.0
obstacle
0.134155645967
331.0 208.0 142.0 79.0
obstacle
0.133971363306
39.0 184.0 35.0 15.0
obstacle
0.133268341422
144.0 239.0 61.0 12.0
obstacle
0.133192703128
155.0 161.0 39.0 13.0
obstacle
0.132781282067
0.0 256.0 44.0 28.0
obstacle
0.132422789931
460.0 0.0 37.0 33.0
obstacle
0.132325157523
307.0 75.0 39.0 27.0
obstacle
0.131913766265
0.0 271.0 295.0 62.0
obstacle
0.131706669927
265.0 98.0 48.0 31.0
obstacle
0.131614908576
293.0 267.0 207.0 66.0
obstacle
0.131589964032
1.0 18.0 30.0 37.0
obstacle
0.131014317274
310.0 234.0 44.0 21.0
obstacle
0.13024649024
0.0 0.0 76.0 87.0
obstacle
0.129336103797
270.0 45.0 194.0 189.0
obstacle
0.128963246942
0.0 16.0 297.0 86.0
obstacle
0.128837242723
73.0 157.0 44.0 16.0
obstacle
0.128540500998
229.0 98.0 44.0 32.0
obstacle
0.127885177732
424.0 76.0 35.0 28.0
obstacle
0.127150043845
0.0 258.0 158.0 75.0
obstacle
0.126952499151
4.0 0.0 29.0 29.0
obstacle
0.126784741879
0.0 47.0 36.0 32.0
obstacle
0.126478850842
38.0 71.0 37.0 34.0
obstacle
0.126415327191
32.0 130.0 46.0 19.0
obstacle
0.125958323479
384.0 76.0 38.0 25.0
obstacle
0.125104829669
1.0 156.0 37.0 20.0
obstacle
0.124742478132
38.0 206.0 41.0 23.0
obstacle
0.124713942409
159.0 186.0 30.0 12.0
obstacle
0.12462259084
119.0 13.0 266.0 207.0
obstacle
0.124321162701
149.0 105.0 46.0 17.0
obstacle
0.12256681174
459.0 44.0 41.0 35.0
obstacle
0.122407123446
429.0 180.0 31.0 27.0
obstacle
0.121962204576
463.0 71.0 37.0 38.0
obstacle
0.121958129108
22.0 0.0 142.0 86.0
obstacle
0.121753923595
0.0 0.0 129.0 60.0
obstacle
0.121499948204
66.0 207.0 55.0 22.0
obstacle
0.121496342123
0.0 71.0 39.0 32.0
obstacle
0.121193774045
187.0 262.0 48.0 15.0
obstacle
0.12118819356
13.0 8.0 170.0 212.0
obstacle
0.121088571846
59.0 259.0 73.0 24.0
obstacle
0.121038593352
58.0 278.0 156.0 55.0
obstacle
0.12092898041
310.0 209.0 44.0 19.0
obstacle
0.12090189755
226.0 260.0 44.0 19.0
obstacle
0.120755665004
417.0 179.0 83.0 77.0
obstacle
0.120710663497
419.0 131.0 81.0 72.0
obstacle
0.120403215289
459.0 98.0 41.0 33.0
obstacle
0.119932956994
350.0 205.0 38.0 25.0
obstacle
0.119128786027
150.0 212.0 50.0 13.0
obstacle
0.118957675993
31.0 219.0 273.0 105.0
obstacle
0.11879363656
95.0 262.0 81.0 17.0
obstacle
0.117774493992
24.0 282.0 65.0 29.0
obstacle
0.117683842778
462.0 126.0 38.0 29.0
obstacle
0.11689119786
416.0 157.0 84.0 70.0
obstacle
0.116558365524
268.0 237.0 44.0 19.0
obstacle
0.11648362875
164.0 218.0 163.0 54.0
obstacle
0.116193808615
459.0 278.0 41.0 33.0
obstacle
0.116140171885
94.0 285.0 83.0 22.0
obstacle
0.115830935538
0.0 280.0 84.0 53.0
obstacle
0.11549936235
385.0 204.0 39.0 26.0
obstacle
0.114962041378
239.0 0.0 180.0 190.0
obstacle
0.114519998431
118.0 181.0 34.0 20.0
obstacle
0.114191904664
377.0 256.0 48.0 26.0
obstacle
0.113974697888
341.0 258.0 47.0 22.0
obstacle
0.11381649971
72.0 0.0 428.0 51.0
obstacle
0.11377197504
338.0 98.0 53.0 31.0
obstacle
0.113142929971
42.0 208.0 250.0 73.0
obstacle
0.113095007837
0.0 73.0 280.0 178.0
obstacle
0.112857758999
0.0 309.0 45.0 24.0
obstacle
0.112442411482
189.0 313.0 46.0 19.0
obstacle
0.112245559692
418.0 282.0 48.0 29.0
obstacle
0.111563518643
75.0 103.0 38.0 20.0
obstacle
0.111300237477
106.0 209.0 62.0 18.0
obstacle
0.110681094229
2.0 184.0 35.0 18.0
obstacle
0.110642552376
414.0 264.0 86.0 69.0
obstacle
0.110619999468
210.0 233.0 149.0 77.0
obstacle
0.110340438783
20.0 257.0 70.0 27.0
obstacle
0.110069386661
455.0 252.0 45.0 33.0
obstacle
0.10901030153
117.0 161.0 40.0 11.0
obstacle
0.108937397599
140.0 263.0 68.0 14.0
obstacle
0.108936809003
460.0 179.0 40.0 26.0
obstacle
0.108729235828
112.0 105.0 43.0 15.0
obstacle
0.108475118876
464.0 153.0 36.0 28.0
obstacle
0.108369424939
346.0 234.0 41.0 21.0
obstacle
0.108099274337
382.0 231.0 43.0 25.0
obstacle
0.108039408922
133.0 287.0 79.0 19.0
obstacle
0.107252940536
4.0 205.0 36.0 28.0
obstacle
0.107158079743
425.0 203.0 37.0 30.0
obstacle
0.106755234301
380.0 281.0 42.0 30.0
obstacle
0.105903863907
233.0 313.0 37.0 18.0
obstacle
0.105310723186
147.0 313.0 53.0 19.0
obstacle
0.10530936718
457.0 202.0 43.0 32.0
obstacle
0.104663580656
74.0 130.0 42.0 20.0
obstacle
0.104126624763
308.0 312.0 39.0 20.0
obstacle
0.103550978005
456.0 227.0 44.0 32.0
obstacle
0.102931343019
190.0 286.0 43.0 19.0
obstacle
0.102777026594
25.0 311.0 66.0 21.0
obstacle
0.102236151695
340.0 284.0 48.0 23.0
obstacle
0.101520568132
61.0 284.0 70.0 27.0
obstacle
0.101493775845
417.0 258.0 48.0 23.0
obstacle
0.100854456425
346.0 313.0 42.0 18.0
obstacle
0.100753888488
430.0 310.0 30.0 23.0
obstacle
0.0993720814586
272.0 312.0 35.0 20.0
obstacle
0.0976591408253
306.0 258.0 43.0 22.0
obstacle
0.0965979322791
386.0 311.0 37.0 22.0
obstacle
0.0951466709375
419.0 231.0 47.0 26.0
obstacle
0.0950795263052
462.0 309.0 38.0 23.0
obstacle
0.0946219563484
68.0 311.0 59.0 22.0
obstacle
0.0944172739983
231.0 285.0 39.0 19.0
obstacle
0.0926137268543
265.0 260.0 45.0 19.0
obstacle
0.0894536674023
303.0 284.0 46.0 22.0
obstacle
0.0877712741494
265.0 284.0 48.0 20.0
obstacle
0.0874488428235
107.0 312.0 56.0 20.0
