obstacle
0.292891263962
8.0 23.0 413.0 258.0
obstacle
0.227405294776
82.0 142.0 173.0 44.0
obstacle
0.219733417034
273.0 0.0 112.0 90.0
obstacle
0.213826477528
102.0 123.0 200.0 38.0
obstacle
0.213414207101
331.0 0.0 146.0 121.0
obstacle
0.204123526812
386.0 19.0 36.0 31.0
obstacle
0.20405882597
109.0 0.0 125.0 166.0
obstacle
0.20056578517
174.0 13.0 326.0 254.0
obstacle
0.195162475109
276.0 172.0 174.0 72.0
obstacle
0.192379057407
312.0 0.0 109.0 77.0
obstacle
0.18872217834
153.0 114.0 179.0 57.0
obstacle
0.187667921185
386.0 0.0 113.0 98.0
obstacle
0.185451745987
84.0 95.0 162.0 49.0
obstacle
0.18390968442
425.0 19.0 36.0 33.0
obstacle
0.183272868395
274.0 152.0 182.0 67.0
obstacle
0.182091355324
397.0 192.0 103.0 89.0
obstacle
0.181873872876
0.0 186.0 195.0 85.0
obstacle
0.181762874126
345.0 23.0 39.0 24.0
obstacle
0.181505352259
115.0 20.0 39.0 25.0
obstacle
0.181356266141
86.0 158.0 313.0 90.0
obstacle
0.177977383137
0.0 0.0 500.0 160.0
obstacle
0.176861926913
163.0 137.0 165.0 56.0
obstacle
0.17633536458
389.0 113.0 111.0 168.0
obstacle
0.174747332931
45.0 7.0 183.0 228.0
obstacle
0.173873096704
170.0 46.0 170.0 189.0
obstacle
0.1729991436
256.0 0.0 141.0 45.0
obstacle
0.172557860613
300.0 0.0 129.0 175.0
obstacle
0.171555876732
229.0 216.0 195.0 65.0
obstacle
0.170781373978
262.0 159.0 238.0 122.0
obstacle
0.169695526361
426.0 0.0 34.0 27.0
obstacle
0.169428393245
146.0 0.0 129.0 129.0
obstacle
0.169054746628
197.0 0.0 111.0 94.0
obstacle
0.1684974581
0.0 151.0 270.0 103.0
obstacle
0.168345063925
0.0 142.0 131.0 86.0
obstacle
0.168121531606
48.0 116.0 160.0 50.0
obstacle
0.166638076305
318.0 135.0 171.0 59.0
obstacle
0.166489183903
302.0 112.0 198.0 61.0
obstacle
0.164366483688
0.0 118.0 165.0 163.0
obstacle
0.163973405957
0.0 0.0 147.0 142.0
obstacle
0.163534209132
324.0 185.0 156.0 92.0
obstacle
0.163063451648
69.0 34.0 304.0 174.0
obstacle
0.162429153919
111.0 80.0 200.0 44.0
obstacle
0.162321433425
343.0 44.0 42.0 23.0
obstacle
0.161353185773
342.0 0.0 129.0 65.0
obstacle
0.161195382476
143.0 95.0 198.0 55.0
obstacle
0.160209357738
107.0 0.0 350.0 66.0
obstacle
0.160203382373
257.0 0.0 138.0 153.0
obstacle
0.15865150094
388.0 40.0 30.0 31.0
obstacle
0.158367320895
234.0 137.0 186.0 53.0
obstacle
0.156981244683
213.0 115.0 226.0 53.0
obstacle
0.155941158533
0.0 227.0 188.0 54.0
obstacle
0.155916571617
120.0 154.0 186.0 127.0
obstacle
0.155267000198
0.0 26.0 263.0 137.0
obstacle
0.154818624258
227.0 0.0 128.0 115.0
obstacle
0.154522359371
14.0 136.0 161.0 52.0
obstacle
0.152704373002
390.0 0.0 30.0 29.0
obstacle
0.15256677568
0.0 131.0 446.0 99.0
obstacle
0.151712268591
79.0 19.0 36.0 27.0
obstacle
0.15168993175
425.0 37.0 34.0 37.0
obstacle
0.151435390115
237.0 132.0 263.0 95.0
obstacle
0.14985203743
113.0 155.0 193.0 61.0
obstacle
0.149105682969
327.0 32.0 173.0 249.0
obstacle
0.148373156786
0.0 0.0 350.0 86.0
obstacle
0.14800401032
60.0 0.0 148.0 129.0
obstacle
0.147360429168
369.0 0.0 131.0 191.0
obstacle
0.147218376398
52.0 61.0 161.0 78.0
obstacle
0.146970719099
0.0 20.0 35.0 27.0
obstacle
0.146707117558
63.0 53.0 213.0 228.0
obstacle
0.146387055516
304.0 62.0 121.0 76.0
obstacle
0.146195590496
274.0 238.0 181.0 43.0
obstacle
0.144919767976
42.0 0.0 30.0 27.0
obstacle
0.144412741065
67.0 186.0 212.0 84.0
obstacle
0.14396110177
235.0 133.0 35.0 18.0
obstacle
0.143700242043
0.0 0.0 89.0 65.0
obstacle
0.143604844809
233.0 0.0 267.0 136.0
obstacle
0.143288239837
173.0 0.0 152.0 44.0
obstacle
0.143282145262
155.0 206.0 195.0 75.0
obstacle
0.143130972981
43.0 151.0 34.0 23.0
obstacle
0.143070876598
270.0 41.0 111.0 78.0
obstacle
0.141693308949
420.0 58.0 38.0 37.0
obstacle
0.141650170088
342.0 172.0 158.0 75.0
obstacle
0.141244828701
349.0 0.0 33.0 29.0
obstacle
0.141188651323
0.0 54.0 115.0 177.0
obstacle
0.141097873449
0.0 179.0 454.0 92.0
obstacle
0.140488639474
150.0 86.0 350.0 104.0
obstacle
0.139370471239
156.0 0.0 243.0 123.0
obstacle
0.139325007796
422.0 197.0 35.0 19.0
obstacle
0.139318093657
194.0 45.0 119.0 71.0
obstacle
0.139226555824
306.0 195.0 45.0 22.0
obstacle
0.139082953334
0.0 199.0 95.0 82.0
obstacle
0.138776406646
202.0 239.0 172.0 42.0
obstacle
0.138520821929
204.0 175.0 166.0 65.0
obstacle
0.137571126223
4.0 236.0 32.0 27.0
obstacle
0.137536734343
306.0 25.0 41.0 19.0
obstacle
0.137481823564
44.0 129.0 32.0 23.0
obstacle
0.137306690216
73.0 113.0 427.0 168.0
obstacle
0.137289449573
460.0 150.0 40.0 24.0
obstacle
0.13694858551
157.0 2.0 33.0 19.0
obstacle
0.136741578579
42.0 173.0 33.0 22.0
obstacle
0.136714428663
39.0 20.0 35.0 26.0
obstacle
0.1365442276
205.0 130.0 33.0 25.0
obstacle
0.136264190078
0.0 80.0 132.0 82.0
obstacle
0.135211274028
384.0 82.0 33.0 30.0
obstacle
0.135138750076
43.0 154.0 182.0 61.0
obstacle
0.134748473763
235.0 8.0 113.0 58.0
obstacle
0.134706497192
422.0 153.0 40.0 21.0
obstacle
0.134397134185
417.0 82.0 47.0 29.0
obstacle
0.134194582701
149.0 23.0 48.0 19.0
obstacle
0.134065568447
304.0 217.0 44.0 21.0
obstacle
0.133994311094
234.0 0.0 109.0 221.0
obstacle
0.133741110563
427.0 262.0 35.0 17.0
obstacle
0.13363109529
237.0 92.0 184.0 181.0
obstacle
0.133589684963
40.0 239.0 35.0 23.0
obstacle
0.133467555046
416.0 228.0 84.0 53.0
obstacle
0.133417084813
461.0 128.0 39.0 25.0
obstacle
0.133369579911
466.0 212.0 27.0 31.0
obstacle
0.133154585958
229.0 92.0 195.0 59.0
obstacle
0.133142903447
103.0 0.0 139.0 73.0
obstacle
0.13299754262
361.0 83.0 139.0 79.0
obstacle
0.132981881499
89.0 37.0 167.0 85.0
obstacle
0.132702484727
4.0 129.0 34.0 25.0
obstacle
0.132336556911
195.0 166.0 191.0 115.0
obstacle
0.131999447942
118.0 1.0 34.0 21.0
obstacle
0.131822243333
463.0 0.0 37.0 25.0
obstacle
0.13071860373
462.0 14.0 38.0 38.0
obstacle
0.130553230643
16.0 0.0 157.0 52.0
obstacle
0.130470022559
384.0 61.0 31.0 31.0
obstacle
0.130318641663
462.0 194.0 36.0 23.0
obstacle
0.129939138889
78.0 0.0 37.0 25.0
obstacle
0.129849895835
345.0 195.0 41.0 23.0
obstacle
0.129781514406
345.0 63.0 34.0 26.0
obstacle
0.129762709141
338.0 57.0 131.0 84.0
obstacle
0.129650846124
198.0 155.0 179.0 60.0
obstacle
0.129614308476
344.0 216.0 41.0 23.0
obstacle
0.129058137536
242.0 42.0 96.0 77.0
obstacle
0.128956124187
38.0 195.0 35.0 22.0
obstacle
0.128174483776
419.0 0.0 81.0 53.0
obstacle
0.127720043063
229.0 110.0 38.0 22.0
obstacle
0.127480208874
227.0 64.0 122.0 73.0
obstacle
0.127273797989
235.0 2.0 31.0 21.0
obstacle
0.12681761384
458.0 80.0 42.0 32.0
obstacle
0.12599465251
60.0 235.0 292.0 46.0
obstacle
0.125882089138
426.0 28.0 74.0 100.0
obstacle
0.12567062676
254.0 27.0 72.0 65.0
obstacle
0.12551446259
459.0 171.0 40.0 26.0
obstacle
0.125405728817
341.0 237.0 45.0 25.0
obstacle
0.125277414918
0.0 108.0 215.0 104.0
obstacle
0.124726116657
0.0 104.0 101.0 74.0
obstacle
0.124698862433
199.0 157.0 44.0 17.0
obstacle
0.124632902443
425.0 219.0 29.0 19.0
obstacle
0.124423205853
422.0 174.0 39.0 22.0
obstacle
0.124361507595
5.0 0.0 28.0 26.0
obstacle
0.124109752476
84.0 154.0 30.0 18.0
obstacle
0.12404614687
183.0 61.0 52.0 23.0
obstacle
0.123842835426
132.0 33.0 311.0 123.0
obstacle
0.123729601502
404.0 130.0 96.0 68.0
obstacle
0.123643271625
111.0 21.0 120.0 72.0
obstacle
0.12358161062
71.0 240.0 48.0 22.0
obstacle
0.123427942395
460.0 106.0 40.0 25.0
obstacle
0.123361974955
388.0 262.0 34.0 18.0
obstacle
0.122829005122
3.0 260.0 35.0 21.0
obstacle
0.122802183032
271.0 25.0 37.0 17.0
obstacle
0.122800052166
48.0 167.0 170.0 79.0
obstacle
0.122761130333
384.0 238.0 34.0 22.0
obstacle
0.122657380998
466.0 234.0 34.0 28.0
obstacle
0.122585117817
461.0 37.0 39.0 33.0
obstacle
0.122432075441
37.0 262.0 42.0 19.0
obstacle
0.122366242111
195.0 3.0 33.0 19.0
obstacle
0.122175768018
5.0 170.0 32.0 28.0
obstacle
0.121980331838
197.0 105.0 41.0 31.0
obstacle
0.121920734644
386.0 107.0 32.0 26.0
obstacle
0.121879942715
425.0 129.0 34.0 25.0
obstacle
0.1218765378
303.0 44.0 45.0 21.0
obstacle
0.121857374907
5.0 149.0 34.0 26.0
obstacle
0.121501415968
388.0 129.0 32.0 27.0
obstacle
0.121500305831
39.0 214.0 35.0 26.0
obstacle
0.121247917414
311.0 0.0 31.0 27.0
obstacle
0.121071711183
387.0 152.0 35.0 23.0
obstacle
0.120680980384
40.0 105.0 34.0 27.0
obstacle
0.120318807662
163.0 31.0 99.0 54.0
obstacle
0.120237611234
347.0 173.0 39.0 24.0
obstacle
0.12014143914
2.0 191.0 36.0 27.0
obstacle
0.119352795184
350.0 152.0 31.0 22.0
obstacle
0.119305968285
274.0 1.0 30.0 25.0
obstacle
0.118945471942
387.0 218.0 32.0 20.0
obstacle
0.11863847822
105.0 242.0 54.0 18.0
obstacle
0.118359975517
464.0 260.0 36.0 20.0
obstacle
0.118334129453
110.0 42.0 47.0 23.0
obstacle
0.118171222508
0.0 106.0 38.0 26.0
obstacle
0.116463914514
35.0 81.0 42.0 31.0
obstacle
0.116237208247
206.0 31.0 90.0 56.0
obstacle
0.11618899554
458.0 58.0 42.0 34.0
obstacle
0.116030581295
84.0 131.0 29.0 20.0
obstacle
0.115703888237
425.0 240.0 32.0 20.0
obstacle
0.115642383695
403.0 110.0 97.0 63.0
obstacle
0.115440331399
3.0 214.0 34.0 25.0
obstacle
0.115299597383
386.0 173.0 36.0 24.0
obstacle
0.11498093605
74.0 41.0 43.0 27.0
obstacle
0.114966534078
268.0 219.0 42.0 17.0
obstacle
0.114832550287
302.0 238.0 47.0 22.0
obstacle
0.114502854645
347.0 262.0 39.0 19.0
obstacle
0.114290080965
31.0 60.0 46.0 32.0
obstacle
0.113843798637
0.0 40.0 38.0 29.0
obstacle
0.113650068641
78.0 108.0 33.0 20.0
obstacle
0.113367557526
422.0 107.0 40.0 25.0
obstacle
0.112743340433
349.0 106.0 30.0 27.0
obstacle
0.112574078143
269.0 241.0 40.0 16.0
obstacle
0.11227157712
310.0 175.0 38.0 22.0
obstacle
0.111779734492
345.0 83.0 34.0 27.0
obstacle
0.111473977566
74.0 263.0 43.0 18.0
obstacle
0.111066073179
268.0 199.0 44.0 16.0
obstacle
0.110763937235
309.0 154.0 37.0 19.0
obstacle
0.110296502709
0.0 83.0 39.0 27.0
obstacle
0.110239468515
230.0 243.0 44.0 15.0
obstacle
0.109938822687
352.0 129.0 27.0 25.0
obstacle
0.109847083688
387.0 196.0 31.0 21.0
obstacle
0.109186269343
267.0 107.0 41.0 26.0
obstacle
0.108908176422
236.0 158.0 36.0 14.0
obstacle
0.108822144568
118.0 176.0 37.0 21.0
obstacle
0.107631757855
0.0 50.0 99.0 98.0
obstacle
0.107444524765
73.0 217.0 44.0 22.0
obstacle
0.107059136033
265.0 63.0 44.0 20.0
obstacle
0.106920130551
224.0 63.0 45.0 19.0
obstacle
0.10654001683
308.0 106.0 34.0 27.0
obstacle
0.105826348066
162.0 135.0 34.0 16.0
obstacle
0.105614542961
66.0 60.0 52.0 32.0
obstacle
0.105389609933
193.0 180.0 45.0 16.0
obstacle
0.10493414104
0.0 209.0 311.0 72.0
obstacle
0.104904986918
155.0 7.0 118.0 59.0
obstacle
0.104312621057
35.0 42.0 41.0 24.0
obstacle
0.103760659695
274.0 131.0 35.0 22.0
obstacle
0.102755963802
82.0 176.0 32.0 18.0
obstacle
0.102378845215
0.0 60.0 40.0 30.0
obstacle
0.101783655584
192.0 24.0 40.0 17.0
obstacle
0.101102761924
229.0 201.0 44.0 15.0
obstacle
0.101030774415
305.0 63.0 39.0 24.0
obstacle
0.100861020386
308.0 262.0 39.0 19.0
obstacle
0.100656941533
106.0 85.0 48.0 22.0
obstacle
0.100629292428
264.0 85.0 44.0 22.0
obstacle
0.100607976317
100.0 61.0 60.0 27.0
obstacle
0.100200369954
114.0 263.0 40.0 18.0
obstacle
0.100071817636
116.0 107.0 39.0 24.0
obstacle
0.0998673439026
122.0 154.0 34.0 19.0
obstacle
0.0997065901756
230.0 181.0 45.0 14.0
obstacle
0.0989847034216
189.0 84.0 44.0 27.0
obstacle
0.098519615829
273.0 156.0 38.0 18.0
obstacle
0.0982920899987
148.0 43.0 49.0 18.0
obstacle
0.0982665270567
18.0 16.0 155.0 81.0
obstacle
0.0981845110655
311.0 128.0 31.0 27.0
obstacle
0.0979070067406
223.0 87.0 45.0 21.0
obstacle
0.0979044958949
272.0 263.0 32.0 17.0
obstacle
0.097900159657
123.0 129.0 33.0 24.0
obstacle
0.0978380963206
270.0 179.0 43.0 16.0
obstacle
0.0976179614663
145.0 86.0 44.0 22.0
obstacle
0.0966126099229
70.0 84.0 46.0 24.0
obstacle
0.0962618663907
155.0 109.0 38.0 22.0
obstacle
0.0954412445426
76.0 198.0 39.0 17.0
obstacle
0.0951392427087
192.0 264.0 39.0 16.0
obstacle
0.0951065868139
234.0 25.0 34.0 17.0
obstacle
0.094487182796
150.0 221.0 43.0 16.0
obstacle
0.0941123589873
158.0 159.0 42.0 13.0
obstacle
0.0939871147275
152.0 199.0 43.0 18.0
obstacle
0.0938203632832
116.0 197.0 38.0 20.0
obstacle
0.0930586904287
148.0 243.0 48.0 15.0
obstacle
0.0928740128875
229.0 221.0 43.0 15.0
obstacle
0.092494815588
190.0 221.0 43.0 15.0
obstacle
0.0920562520623
191.0 200.0 44.0 17.0
obstacle
0.0915223062038
232.0 265.0 36.0 15.0
obstacle
0.0913288742304
156.0 179.0 40.0 17.0
obstacle
0.0907002091408
108.0 219.0 49.0 18.0
obstacle
0.0900710895658
190.0 244.0 43.0 14.0
obstacle
0.0896041691303
153.0 263.0 37.0 18.0
obstacle
0.0895972400904
191.0 43.0 42.0 17.0
obstacle
0.0893602669239
305.0 84.0 36.0 26.0
obstacle
0.0868242830038
233.0 43.0 36.0 18.0
obstacle
0.083926834166
269.0 44.0 39.0 18.0
obstacle
0.0834101289511
143.0 61.0 51.0 21.0
