obstacle
0.212840542197
38.0 0.0 462.0 237.0
obstacle
0.212373122573
335.0 0.0 144.0 171.0
obstacle
0.209103673697
298.0 0.0 141.0 104.0
obstacle
0.205936491489
98.0 130.0 376.0 163.0
obstacle
0.203173264861
132.0 0.0 158.0 167.0
obstacle
0.202823877335
252.0 0.0 156.0 173.0
obstacle
0.188946917653
224.0 0.0 131.0 99.0
obstacle
0.188881918788
376.0 154.0 124.0 132.0
obstacle
0.186075687408
75.0 183.0 193.0 192.0
obstacle
0.178686916828
278.0 165.0 173.0 113.0
obstacle
0.174825385213
117.0 4.0 35.0 25.0
obstacle
0.173421382904
140.0 242.0 225.0 133.0
obstacle
0.173057153821
0.0 8.0 158.0 299.0
obstacle
0.171939596534
359.0 0.0 141.0 110.0
obstacle
0.171662673354
400.0 0.0 100.0 193.0
obstacle
0.171008557081
266.0 200.0 43.0 28.0
obstacle
0.169977322221
362.0 49.0 138.0 326.0
obstacle
0.168367117643
113.0 314.0 45.0 36.0
obstacle
0.168037712574
0.0 155.0 222.0 220.0
obstacle
0.166927114129
393.0 189.0 97.0 178.0
obstacle
0.166454195976
0.0 0.0 140.0 158.0
obstacle
0.165876686573
150.0 318.0 48.0 27.0
obstacle
0.165692985058
66.0 90.0 434.0 285.0
obstacle
0.164972275496
239.0 202.0 173.0 152.0
obstacle
0.163985431194
230.0 153.0 117.0 130.0
obstacle
0.162747472525
79.0 0.0 32.0 31.0
obstacle
0.161345690489
286.0 148.0 155.0 86.0
obstacle
0.161246180534
194.0 45.0 306.0 165.0
obstacle
0.160322874784
153.0 7.0 39.0 20.0
obstacle
0.160071834922
220.0 251.0 220.0 124.0
obstacle
0.159395098686
0.0 23.0 269.0 332.0
obstacle
0.159239187837
27.0 171.0 358.0 140.0
obstacle
0.157318100333
72.0 27.0 44.0 30.0
obstacle
0.156982436776
233.0 131.0 265.0 226.0
obstacle
0.156404599547
77.0 311.0 37.0 41.0
obstacle
0.156023070216
384.0 0.0 39.0 34.0
obstacle
0.155274957418
230.0 162.0 186.0 54.0
obstacle
0.154289886355
37.0 0.0 35.0 36.0
obstacle
0.153436169028
195.0 84.0 184.0 262.0
obstacle
0.152953580022
28.0 234.0 433.0 131.0
obstacle
0.152917280793
96.0 30.0 371.0 132.0
obstacle
0.152456462383
109.0 32.0 51.0 23.0
obstacle
0.152178227901
12.0 166.0 166.0 105.0
obstacle
0.151902228594
0.0 80.0 380.0 151.0
obstacle
0.151683315635
424.0 0.0 36.0 36.0
obstacle
0.151007473469
243.0 101.0 175.0 70.0
obstacle
0.150872021914
95.0 80.0 150.0 102.0
obstacle
0.150214985013
237.0 302.0 179.0 73.0
obstacle
0.14991132915
188.0 321.0 50.0 22.0
obstacle
0.149728938937
308.0 116.0 190.0 94.0
obstacle
0.14966827631
143.0 93.0 135.0 79.0
obstacle
0.149242445827
308.0 146.0 36.0 22.0
obstacle
0.149163424969
39.0 26.0 35.0 35.0
obstacle
0.148376896977
191.0 129.0 274.0 67.0
obstacle
0.147909089923
420.0 26.0 47.0 38.0
obstacle
0.147240310907
116.0 44.0 188.0 331.0
obstacle
0.14702154696
60.0 301.0 369.0 74.0
obstacle
0.146714478731
41.0 316.0 34.0 32.0
obstacle
0.146697372198
331.0 261.0 149.0 114.0
obstacle
0.145531356335
25.0 0.0 145.0 109.0
obstacle
0.145514190197
120.0 58.0 108.0 92.0
obstacle
0.144887700677
78.0 49.0 116.0 107.0
obstacle
0.144529059529
229.0 319.0 45.0 24.0
obstacle
0.144492983818
298.0 51.0 139.0 155.0
obstacle
0.14431579411
0.0 127.0 197.0 122.0
obstacle
0.144216224551
0.0 222.0 141.0 153.0
obstacle
0.14401511848
338.0 187.0 126.0 124.0
obstacle
0.144013568759
0.0 281.0 196.0 94.0
obstacle
0.143971890211
39.0 0.0 194.0 149.0
obstacle
0.142990410328
112.0 0.0 119.0 93.0
obstacle
0.142616137862
172.0 84.0 151.0 204.0
obstacle
0.142404571176
153.0 146.0 34.0 28.0
obstacle
0.141963347793
96.0 141.0 147.0 93.0
obstacle
0.141797825694
0.0 0.0 146.0 68.0
obstacle
0.141645804048
64.0 107.0 142.0 105.0
obstacle
0.141491249204
175.0 140.0 142.0 96.0
obstacle
0.141028955579
76.0 346.0 39.0 29.0
obstacle
0.140584304929
0.0 44.0 80.0 111.0
obstacle
0.140392929316
41.0 174.0 35.0 29.0
obstacle
0.1401129812
196.0 62.0 109.0 87.0
obstacle
0.139605373144
380.0 278.0 42.0 48.0
obstacle
0.139479190111
345.0 275.0 37.0 51.0
obstacle
0.139181911945
190.0 0.0 122.0 130.0
obstacle
0.139177724719
0.0 0.0 85.0 116.0
obstacle
0.138863533735
424.0 141.0 39.0 31.0
obstacle
0.138644725084
227.0 215.0 121.0 124.0
obstacle
0.138582840562
298.0 200.0 130.0 99.0
obstacle
0.138406157494
464.0 137.0 36.0 37.0
obstacle
0.138375997543
77.0 177.0 38.0 22.0
obstacle
0.138277113438
38.0 226.0 37.0 39.0
obstacle
0.138133913279
380.0 30.0 47.0 28.0
obstacle
0.138047233224
458.0 53.0 42.0 32.0
obstacle
0.137013688684
276.0 0.0 104.0 105.0
obstacle
0.136847496033
235.0 69.0 109.0 74.0
obstacle
0.136635556817
140.0 36.0 64.0 17.0
obstacle
0.136391401291
188.0 7.0 46.0 19.0
obstacle
0.136349499226
416.0 249.0 45.0 49.0
obstacle
0.136138781905
230.0 204.0 41.0 18.0
obstacle
0.136132910848
6.0 76.0 179.0 109.0
obstacle
0.135964870453
115.0 347.0 41.0 28.0
obstacle
0.135509043932
343.0 2.0 43.0 31.0
obstacle
0.135464206338
112.0 287.0 44.0 31.0
obstacle
0.135416015983
0.0 285.0 38.0 36.0
obstacle
0.135301589966
419.0 59.0 50.0 26.0
obstacle
0.13528637588
40.0 347.0 38.0 27.0
obstacle
0.135131463408
186.0 0.0 314.0 140.0
obstacle
0.134939655662
457.0 223.0 43.0 41.0
obstacle
0.134915590286
3.0 26.0 32.0 34.0
obstacle
0.134837150574
457.0 112.0 43.0 32.0
obstacle
0.134670555592
41.0 142.0 35.0 35.0
obstacle
0.134360730648
383.0 59.0 44.0 25.0
obstacle
0.133798420429
165.0 67.0 95.0 75.0
obstacle
0.133665904403
37.0 108.0 42.0 38.0
obstacle
0.133642300963
381.0 115.0 45.0 29.0
obstacle
0.133428424597
162.0 28.0 177.0 199.0
obstacle
0.133301287889
268.0 146.0 36.0 23.0
obstacle
0.132073909044
367.0 83.0 133.0 103.0
obstacle
0.131918370724
0.0 0.0 328.0 87.0
obstacle
0.131903126836
77.0 284.0 36.0 36.0
obstacle
0.131899908185
165.0 305.0 167.0 70.0
obstacle
0.1316909343
302.0 199.0 50.0 29.0
obstacle
0.131413519382
334.0 202.0 62.0 25.0
obstacle
0.13109575212
35.0 256.0 39.0 36.0
obstacle
0.131075412035
342.0 172.0 43.0 26.0
obstacle
0.130974933505
344.0 308.0 42.0 45.0
obstacle
0.130804032087
371.0 290.0 129.0 85.0
obstacle
0.130593523383
135.0 0.0 297.0 73.0
obstacle
0.13051238656
463.0 165.0 37.0 41.0
obstacle
0.130477681756
0.0 111.0 34.0 36.0
obstacle
0.130279228091
272.0 316.0 38.0 30.0
obstacle
0.130098223686
117.0 145.0 34.0 28.0
obstacle
0.13008402288
41.0 202.0 35.0 30.0
obstacle
0.130060136318
457.0 276.0 43.0 51.0
obstacle
0.129999399185
4.0 313.0 31.0 36.0
obstacle
0.129455074668
115.0 176.0 39.0 23.0
obstacle
0.129413574934
193.0 351.0 40.0 23.0
obstacle
0.12905614078
462.0 195.0 38.0 40.0
obstacle
0.128970623016
189.0 201.0 124.0 94.0
obstacle
0.12891228497
419.0 128.0 81.0 122.0
obstacle
0.128567382693
154.0 349.0 40.0 26.0
obstacle
0.128205299377
38.0 284.0 36.0 37.0
obstacle
0.128182411194
140.0 122.0 140.0 78.0
obstacle
0.127982154489
78.0 205.0 40.0 23.0
obstacle
0.127876996994
379.0 248.0 42.0 51.0
obstacle
0.127639681101
455.0 249.0 45.0 48.0
obstacle
0.12708774209
340.0 32.0 50.0 25.0
obstacle
0.127021372318
459.0 83.0 41.0 33.0
obstacle
0.126732856035
0.0 81.0 36.0 38.0
obstacle
0.12668646872
344.0 249.0 39.0 49.0
obstacle
0.126423314214
296.0 33.0 61.0 20.0
obstacle
0.126316130161
0.0 243.0 85.0 123.0
obstacle
0.126199513674
309.0 311.0 38.0 38.0
obstacle
0.125780597329
418.0 248.0 82.0 127.0
obstacle
0.125610888004
46.0 0.0 171.0 282.0
obstacle
0.12555834651
35.0 52.0 41.0 36.0
obstacle
0.125491648912
228.0 7.0 43.0 20.0
obstacle
0.125417098403
422.0 113.0 42.0 31.0
obstacle
0.125127986073
422.0 166.0 43.0 40.0
obstacle
0.125091910362
419.0 0.0 81.0 76.0
obstacle
0.124925732613
385.0 143.0 40.0 30.0
obstacle
0.124648869038
383.0 198.0 40.0 35.0
obstacle
0.123774677515
32.0 191.0 126.0 115.0
obstacle
0.123592801392
267.0 5.0 42.0 23.0
obstacle
0.123445481062
0.0 155.0 89.0 122.0
obstacle
0.123375825584
423.0 346.0 41.0 29.0
obstacle
0.123291544616
4.0 347.0 31.0 28.0
obstacle
0.122986748815
420.0 281.0 44.0 42.0
obstacle
0.122626900673
1.0 257.0 34.0 34.0
obstacle
0.122622549534
305.0 3.0 43.0 28.0
obstacle
0.122211806476
0.0 141.0 35.0 37.0
obstacle
0.12220557034
252.0 0.0 145.0 65.0
obstacle
0.121818482876
378.0 227.0 45.0 37.0
obstacle
0.121790893376
1.0 202.0 37.0 30.0
obstacle
0.120985656977
144.0 160.0 133.0 115.0
obstacle
0.120984502137
382.0 310.0 42.0 43.0
obstacle
0.120968334377
309.0 283.0 38.0 36.0
obstacle
0.120880194008
2.0 176.0 113.0 141.0
obstacle
0.12048818171
422.0 193.0 38.0 43.0
obstacle
0.12037871033
0.0 53.0 37.0 36.0
obstacle
0.120300807059
260.0 234.0 58.0 20.0
obstacle
0.120185010135
3.0 0.0 29.0 32.0
obstacle
0.120183087885
386.0 172.0 39.0 30.0
obstacle
0.11997064203
271.0 349.0 39.0 24.0
obstacle
0.119516462088
260.0 35.0 55.0 16.0
obstacle
0.119495302439
424.0 176.0 76.0 141.0
obstacle
0.119378350675
153.0 178.0 38.0 20.0
obstacle
0.119099356234
231.0 350.0 41.0 23.0
obstacle
0.118949830532
423.0 311.0 38.0 43.0
obstacle
0.118729531765
345.0 347.0 41.0 28.0
obstacle
0.118695065379
303.0 117.0 46.0 21.0
obstacle
0.118064217269
344.0 144.0 41.0 27.0
obstacle
0.117553181946
343.0 117.0 43.0 23.0
obstacle
0.117433443666
96.0 0.0 148.0 219.0
obstacle
0.117366567254
461.0 0.0 39.0 33.0
obstacle
0.117315798998
461.0 308.0 39.0 47.0
obstacle
0.117202550173
215.0 35.0 77.0 88.0
obstacle
0.117174766958
385.0 347.0 39.0 28.0
obstacle
0.116950243711
0.0 95.0 143.0 126.0
obstacle
0.116348072886
309.0 348.0 39.0 27.0
obstacle
0.116341896355
95.0 196.0 155.0 103.0
obstacle
0.116297639906
77.0 146.0 36.0 26.0
obstacle
0.115733802319
35.0 77.0 48.0 43.0
obstacle
0.115391485393
417.0 221.0 43.0 46.0
obstacle
0.115043602884
76.0 229.0 43.0 31.0
obstacle
0.114676989615
116.0 202.0 43.0 28.0
obstacle
0.114652276039
101.0 80.0 62.0 39.0
obstacle
0.114346258342
297.0 230.0 61.0 27.0
obstacle
0.113641731441
265.0 114.0 42.0 26.0
obstacle
0.113165900111
1.0 175.0 36.0 28.0
obstacle
0.113094225526
174.0 29.0 82.0 99.0
obstacle
0.112973950803
268.0 171.0 39.0 31.0
obstacle
0.112770602107
134.0 228.0 149.0 96.0
obstacle
0.112758494914
0.0 228.0 39.0 37.0
obstacle
0.11256185919
462.0 341.0 38.0 34.0
obstacle
0.112241633236
72.0 259.0 42.0 29.0
obstacle
0.111912250519
330.0 0.0 140.0 77.0
obstacle
0.111909419298
267.0 31.0 203.0 256.0
obstacle
0.111897990108
460.0 17.0 40.0 51.0
obstacle
0.111687459052
104.0 60.0 57.0 23.0
obstacle
0.110987722874
148.0 290.0 51.0 24.0
obstacle
0.110986635089
421.0 86.0 44.0 29.0
obstacle
0.110891312361
113.0 229.0 46.0 29.0
obstacle
0.110325083137
303.0 166.0 48.0 40.0
obstacle
0.109891720116
115.0 110.0 36.0 39.0
obstacle
0.109699450433
304.0 255.0 47.0 34.0
obstacle
0.108612008393
338.0 229.0 52.0 31.0
obstacle
0.107711546123
185.0 265.0 54.0 18.0
obstacle
0.106830924749
230.0 146.0 37.0 21.0
obstacle
0.106382831931
256.0 44.0 72.0 71.0
obstacle
0.106207832694
192.0 145.0 38.0 27.0
obstacle
0.105950973928
0.0 300.0 104.0 75.0
obstacle
0.105582021177
385.0 85.0 38.0 30.0
obstacle
0.105306535959
176.0 38.0 71.0 13.0
obstacle
0.10494209826
64.0 57.0 58.0 26.0
obstacle
0.10430277884
178.0 0.0 139.0 64.0
obstacle
0.103907682002
111.0 257.0 47.0 31.0
obstacle
0.103219494224
152.0 232.0 42.0 23.0
obstacle
0.102226123214
192.0 204.0 41.0 22.0
obstacle
0.101853743196
185.0 234.0 51.0 22.0
obstacle
0.10141633451
229.0 175.0 39.0 18.0
obstacle
0.101401433349
263.0 61.0 50.0 16.0
obstacle
0.101215012372
224.0 235.0 50.0 20.0
obstacle
0.10102865845
144.0 261.0 59.0 22.0
obstacle
0.100424222648
186.0 294.0 52.0 19.0
obstacle
0.0999028980732
59.0 79.0 71.0 40.0
obstacle
0.0991182625294
342.0 58.0 46.0 25.0
obstacle
0.0990507304668
195.0 176.0 34.0 21.0
obstacle
0.0988523364067
153.0 115.0 35.0 30.0
obstacle
0.0984820649028
270.0 289.0 41.0 27.0
obstacle
0.0983445048332
227.0 264.0 47.0 20.0
obstacle
0.0982264429331
264.0 260.0 49.0 26.0
obstacle
0.0980729982257
303.0 60.0 48.0 19.0
obstacle
0.0970561429858
346.0 87.0 38.0 26.0
obstacle
0.0969977751374
57.0 222.0 155.0 111.0
obstacle
0.0969101637602
146.0 87.0 45.0 28.0
obstacle
0.0966038033366
72.0 108.0 45.0 41.0
obstacle
0.0954237282276
230.0 293.0 45.0 21.0
obstacle
0.0949114784598
217.0 37.0 65.0 13.0
obstacle
0.0936175659299
190.0 115.0 38.0 29.0
obstacle
0.0934734046459
141.0 60.0 60.0 20.0
obstacle
0.0932269319892
221.0 62.0 54.0 16.0
obstacle
0.0921935588121
153.0 202.0 43.0 25.0
obstacle
0.09207970649
158.0 0.0 113.0 100.0
obstacle
0.0914580523968
226.0 113.0 45.0 30.0
obstacle
0.0890875086188
305.0 87.0 43.0 25.0
obstacle
0.0875926539302
182.0 61.0 54.0 18.0
obstacle
0.0873914659023
267.0 87.0 41.0 24.0
obstacle
0.0846886560321
189.0 89.0 40.0 24.0
obstacle
0.0845339000225
225.0 88.0 46.0 25.0
