obstacle
0.257053136826
77.0 0.0 423.0 333.0
obstacle
0.233356013894
0.0 0.0 337.0 148.0
obstacle
0.218369543552
0.0 14.0 291.0 255.0
obstacle
0.206985905766
269.0 8.0 112.0 123.0
obstacle
0.206894621253
303.0 22.0 128.0 94.0
obstacle
0.206168830395
145.0 23.0 355.0 125.0
obstacle
0.201912239194
178.0 99.0 208.0 231.0
obstacle
0.194113135338
174.0 0.0 150.0 148.0
obstacle
0.192250013351
154.0 109.0 110.0 67.0
obstacle
0.191549807787
21.0 6.0 154.0 126.0
obstacle
0.190656408668
0.0 113.0 115.0 61.0
obstacle
0.188323572278
0.0 159.0 315.0 174.0
obstacle
0.187781438231
52.0 0.0 383.0 77.0
obstacle
0.187707930803
81.0 54.0 411.0 170.0
obstacle
0.186096951365
174.0 132.0 149.0 71.0
obstacle
0.184597626328
72.0 229.0 423.0 73.0
obstacle
0.184300467372
298.0 190.0 131.0 112.0
obstacle
0.183218374848
149.0 0.0 40.0 27.0
obstacle
0.182867482305
225.0 180.0 275.0 116.0
obstacle
0.181898549199
323.0 250.0 157.0 83.0
obstacle
0.18084000051
52.0 132.0 160.0 72.0
obstacle
0.18040175736
199.0 222.0 180.0 111.0
obstacle
0.179667666554
226.0 19.0 122.0 102.0
obstacle
0.179029867053
279.0 118.0 175.0 215.0
obstacle
0.17806327343
72.0 0.0 41.0 27.0
obstacle
0.177615642548
0.0 221.0 149.0 112.0
obstacle
0.177586972713
156.0 248.0 327.0 85.0
obstacle
0.177421763539
120.0 231.0 185.0 102.0
obstacle
0.176235288382
336.0 0.0 164.0 183.0
obstacle
0.174022704363
57.0 19.0 151.0 151.0
obstacle
0.173832163215
375.0 39.0 125.0 115.0
obstacle
0.17115688324
148.0 73.0 124.0 91.0
obstacle
0.170286685228
110.0 0.0 41.0 27.0
obstacle
0.170032083988
333.0 207.0 144.0 81.0
obstacle
0.169189736247
109.0 17.0 124.0 105.0
obstacle
0.167442157865
96.0 126.0 404.0 127.0
obstacle
0.167140185833
385.0 118.0 115.0 215.0
obstacle
0.166992455721
62.0 104.0 138.0 76.0
obstacle
0.166701644659
417.0 18.0 83.0 101.0
obstacle
0.166593194008
346.0 32.0 117.0 71.0
obstacle
0.16548293829
349.0 162.0 111.0 117.0
obstacle
0.165457710624
363.0 0.0 137.0 84.0
obstacle
0.165183275938
98.0 152.0 145.0 83.0
obstacle
0.164717495441
339.0 22.0 47.0 30.0
obstacle
0.163963466883
230.0 0.0 35.0 25.0
obstacle
0.161352917552
278.0 228.0 172.0 90.0
obstacle
0.160581693053
0.0 30.0 117.0 126.0
obstacle
0.160033389926
282.0 126.0 162.0 88.0
obstacle
0.159926041961
398.0 217.0 102.0 116.0
obstacle
0.159573227167
152.0 18.0 119.0 98.0
obstacle
0.159531548619
223.0 157.0 127.0 76.0
obstacle
0.157935127616
35.0 0.0 37.0 33.0
obstacle
0.157522171736
0.0 259.0 310.0 74.0
obstacle
0.157345607877
149.0 182.0 121.0 68.0
obstacle
0.156893000007
197.0 20.0 102.0 99.0
obstacle
0.156475067139
223.0 191.0 126.0 104.0
obstacle
0.156168788671
33.0 75.0 121.0 85.0
obstacle
0.156063184142
0.0 114.0 164.0 219.0
obstacle
0.155761927366
265.0 0.0 235.0 105.0
obstacle
0.155242353678
130.0 202.0 156.0 83.0
obstacle
0.153565183282
140.0 122.0 138.0 91.0
obstacle
0.151695117354
211.0 85.0 145.0 67.0
obstacle
0.151531100273
248.0 110.0 153.0 65.0
obstacle
0.151252016425
339.0 84.0 128.0 74.0
obstacle
0.150445222855
0.0 0.0 143.0 234.0
obstacle
0.15030002594
190.0 0.0 39.0 27.0
obstacle
0.149804592133
218.0 260.0 59.0 21.0
obstacle
0.14905820787
327.0 105.0 150.0 77.0
obstacle
0.148969441652
20.0 154.0 147.0 82.0
obstacle
0.148803383112
205.0 0.0 173.0 187.0
obstacle
0.148562192917
396.0 179.0 88.0 87.0
obstacle
0.148410409689
0.0 0.0 253.0 98.0
obstacle
0.147846996784
246.0 255.0 154.0 78.0
obstacle
0.147214919329
0.0 74.0 84.0 86.0
obstacle
0.146785467863
216.0 289.0 61.0 16.0
obstacle
0.146026268601
311.0 0.0 106.0 70.0
obstacle
0.145686596632
301.0 0.0 45.0 27.0
obstacle
0.145608797669
182.0 117.0 135.0 50.0
obstacle
0.144491091371
0.0 125.0 117.0 89.0
obstacle
0.144106060266
305.0 103.0 38.0 26.0
obstacle
0.144084855914
5.0 178.0 178.0 82.0
obstacle
0.142921924591
122.0 162.0 320.0 154.0
obstacle
0.142609626055
103.0 75.0 131.0 86.0
obstacle
0.142000630498
174.0 0.0 326.0 64.0
obstacle
0.141916632652
258.0 200.0 133.0 90.0
obstacle
0.140945240855
414.0 84.0 86.0 72.0
obstacle
0.140469655395
243.0 173.0 155.0 91.0
obstacle
0.140040397644
166.0 96.0 176.0 140.0
obstacle
0.139455750585
37.0 223.0 197.0 94.0
obstacle
0.138957127929
305.0 207.0 41.0 23.0
obstacle
0.13892044127
3.0 279.0 31.0 32.0
obstacle
0.138431072235
0.0 125.0 252.0 131.0
obstacle
0.138212904334
43.0 281.0 31.0 29.0
obstacle
0.137740835547
306.0 178.0 46.0 28.0
obstacle
0.137395635247
243.0 0.0 88.0 91.0
obstacle
0.137285426259
271.0 60.0 198.0 165.0
obstacle
0.137269482017
28.0 52.0 52.0 23.0
obstacle
0.137044727802
379.0 126.0 121.0 89.0
obstacle
0.137031391263
298.0 155.0 129.0 80.0
obstacle
0.136536300182
370.0 47.0 58.0 31.0
obstacle
0.136196479201
120.0 0.0 185.0 225.0
obstacle
0.135746538639
141.0 107.0 139.0 226.0
obstacle
0.135384976864
336.0 0.0 53.0 30.0
obstacle
0.134569212794
88.0 66.0 170.0 200.0
obstacle
0.134216070175
356.0 36.0 144.0 260.0
obstacle
0.133688956499
300.0 231.0 48.0 18.0
obstacle
0.13341113925
3.0 181.0 30.0 25.0
obstacle
0.13317425549
422.0 104.0 32.0 22.0
obstacle
0.133000358939
265.0 0.0 40.0 26.0
obstacle
0.132889613509
341.0 311.0 49.0 21.0
obstacle
0.132459565997
181.0 261.0 55.0 16.0
obstacle
0.132218509912
1.0 255.0 34.0 30.0
obstacle
0.130841225386
344.0 153.0 36.0 28.0
obstacle
0.130732178688
306.0 151.0 42.0 32.0
obstacle
0.130365669727
417.0 206.0 83.0 79.0
obstacle
0.129732847214
375.0 283.0 51.0 28.0
obstacle
0.129670768976
8.0 0.0 172.0 57.0
obstacle
0.129366874695
268.0 181.0 39.0 23.0
obstacle
0.129309505224
0.0 80.0 35.0 21.0
obstacle
0.129115030169
267.0 103.0 36.0 25.0
obstacle
0.128898739815
271.0 204.0 37.0 26.0
obstacle
0.128769725561
460.0 150.0 37.0 30.0
obstacle
0.128493949771
416.0 107.0 84.0 76.0
obstacle
0.128459528089
306.0 124.0 38.0 33.0
obstacle
0.12810087204
412.0 21.0 51.0 34.0
obstacle
0.127691954374
453.0 21.0 47.0 33.0
obstacle
0.127656534314
257.0 288.0 58.0 17.0
obstacle
0.127355620265
231.0 204.0 42.0 23.0
obstacle
0.126907974482
290.0 261.0 67.0 17.0
obstacle
0.126754403114
300.0 21.0 46.0 28.0
obstacle
0.126455411315
115.0 156.0 37.0 21.0
obstacle
0.126346722245
269.0 129.0 38.0 28.0
obstacle
0.126267805696
36.0 152.0 39.0 28.0
obstacle
0.125956624746
68.0 51.0 48.0 24.0
obstacle
0.125520914793
417.0 209.0 46.0 18.0
obstacle
0.12546466291
335.0 46.0 47.0 31.0
obstacle
0.1254157722
153.0 158.0 40.0 19.0
obstacle
0.125363007188
0.0 154.0 39.0 26.0
obstacle
0.124446563423
143.0 51.0 50.0 23.0
obstacle
0.12432050705
3.0 208.0 30.0 22.0
obstacle
0.123553782701
248.0 262.0 78.0 16.0
obstacle
0.123251482844
297.0 49.0 49.0 26.0
obstacle
0.123228564858
228.0 154.0 45.0 24.0
obstacle
0.123100437224
376.0 77.0 45.0 25.0
obstacle
0.12291456759
225.0 312.0 48.0 18.0
obstacle
0.122666716576
365.0 234.0 70.0 18.0
obstacle
0.122564181685
264.0 153.0 49.0 28.0
obstacle
0.122524552047
115.0 234.0 39.0 19.0
obstacle
0.122476100922
344.0 103.0 35.0 26.0
obstacle
0.122404456139
179.0 287.0 59.0 17.0
obstacle
0.122396782041
261.0 48.0 48.0 27.0
obstacle
0.122386351228
409.0 233.0 63.0 22.0
obstacle
0.122191280127
64.0 21.0 59.0 35.0
obstacle
0.121370345354
189.0 159.0 43.0 17.0
obstacle
0.121029190719
193.0 209.0 34.0 15.0
obstacle
0.120839208364
375.0 22.0 50.0 31.0
obstacle
0.120701551437
459.0 177.0 41.0 28.0
obstacle
0.120583347976
196.0 185.0 32.0 16.0
obstacle
0.120552308857
423.0 155.0 33.0 23.0
obstacle
0.120223701
331.0 258.0 63.0 22.0
obstacle
0.119406558573
381.0 102.0 37.0 26.0
obstacle
0.119340240955
0.0 52.0 40.0 25.0
obstacle
0.119122415781
222.0 76.0 42.0 24.0
obstacle
0.118975713849
377.0 0.0 44.0 26.0
obstacle
0.118302613497
434.0 156.0 66.0 77.0
obstacle
0.118160933256
0.0 0.0 33.0 29.0
obstacle
0.117806039751
185.0 234.0 49.0 15.0
obstacle
0.117558896542
334.0 232.0 56.0 16.0
obstacle
0.117552667856
419.0 311.0 48.0 22.0
obstacle
0.117485567927
0.0 105.0 366.0 118.0
obstacle
0.117313571274
0.0 105.0 40.0 20.0
obstacle
0.117304995656
0.0 186.0 92.0 116.0
obstacle
0.117007747293
428.0 183.0 72.0 74.0
obstacle
0.116743423045
101.0 52.0 60.0 20.0
obstacle
0.11672578007
292.0 285.0 60.0 21.0
obstacle
0.116617895663
102.0 25.0 57.0 26.0
obstacle
0.11659925431
48.0 41.0 173.0 292.0
obstacle
0.116270564497
454.0 47.0 46.0 32.0
obstacle
0.116261027753
265.0 21.0 42.0 29.0
obstacle
0.116040050983
419.0 282.0 42.0 32.0
obstacle
0.115581385791
263.0 228.0 49.0 26.0
obstacle
0.115488879383
341.0 183.0 43.0 18.0
obstacle
0.115173913538
153.0 184.0 37.0 17.0
obstacle
0.115059234202
385.0 180.0 36.0 24.0
obstacle
0.114826507866
299.0 311.0 54.0 20.0
obstacle
0.114733867347
380.0 310.0 49.0 22.0
obstacle
0.114360310137
0.0 0.0 97.0 60.0
obstacle
0.114354923368
231.0 183.0 39.0 22.0
obstacle
0.113931640983
72.0 0.0 121.0 104.0
obstacle
0.113901920617
0.0 230.0 34.0 27.0
obstacle
0.113642938435
225.0 105.0 38.0 23.0
obstacle
0.113535687327
41.0 308.0 32.0 25.0
obstacle
0.113109722733
411.0 82.0 52.0 17.0
obstacle
0.112950392067
153.0 0.0 111.0 69.0
obstacle
0.112879447639
78.0 157.0 31.0 21.0
obstacle
0.112806737423
219.0 49.0 49.0 24.0
obstacle
0.112585172057
0.0 270.0 105.0 63.0
obstacle
0.112455070019
219.0 24.0 53.0 22.0
obstacle
0.112428337336
0.0 129.0 40.0 23.0
obstacle
0.112394817173
416.0 258.0 50.0 25.0
obstacle
0.111923620105
71.0 78.0 41.0 21.0
obstacle
0.111857160926
35.0 131.0 43.0 18.0
obstacle
0.111706778407
423.0 126.0 30.0 30.0
obstacle
0.11168243736
181.0 47.0 51.0 28.0
obstacle
0.11166716367
420.0 182.0 38.0 20.0
obstacle
0.111571341753
0.0 142.0 86.0 104.0
obstacle
0.111167676747
231.0 130.0 39.0 25.0
obstacle
0.111067719758
455.0 0.0 45.0 27.0
obstacle
0.110953353345
1.0 309.0 36.0 24.0
obstacle
0.110578469932
0.0 22.0 38.0 33.0
obstacle
0.110346607864
411.0 0.0 54.0 31.0
obstacle
0.110339462757
335.0 284.0 51.0 23.0
obstacle
0.110156983137
40.0 209.0 32.0 20.0
obstacle
0.110088229179
299.0 77.0 45.0 25.0
obstacle
0.109900154173
262.0 312.0 51.0 17.0
obstacle
0.109855055809
74.0 235.0 43.0 17.0
obstacle
0.109693326056
461.0 277.0 39.0 34.0
obstacle
0.109659612179
407.0 51.0 60.0 23.0
obstacle
0.109640948474
37.0 233.0 38.0 21.0
obstacle
0.109450548887
193.0 132.0 35.0 19.0
obstacle
0.109411977232
38.0 179.0 36.0 26.0
obstacle
0.109210588038
77.0 285.0 38.0 23.0
obstacle
0.109173111618
30.0 82.0 44.0 14.0
obstacle
0.109104134142
152.0 234.0 36.0 16.0
obstacle
0.108897916973
148.0 105.0 47.0 20.0
obstacle
0.108740821481
460.0 102.0 40.0 26.0
obstacle
0.108609467745
170.0 261.0 158.0 72.0
obstacle
0.108127199113
346.0 123.0 33.0 35.0
obstacle
0.107255354524
456.0 202.0 44.0 30.0
obstacle
0.106969758868
116.0 182.0 36.0 20.0
obstacle
0.106869615614
462.0 306.0 38.0 27.0
obstacle
0.106755435467
37.0 258.0 37.0 24.0
obstacle
0.106593772769
186.0 106.0 44.0 19.0
obstacle
0.106550492346
153.0 309.0 40.0 24.0
obstacle
0.106495402753
179.0 22.0 59.0 30.0
obstacle
0.106377564371
26.0 20.0 58.0 33.0
obstacle
0.106252849102
199.0 0.0 100.0 73.0
obstacle
0.106076642871
141.0 26.0 56.0 23.0
obstacle
0.105684183538
149.0 262.0 44.0 14.0
obstacle
0.105513617396
458.0 251.0 42.0 33.0
obstacle
0.10524648428
454.0 226.0 46.0 32.0
obstacle
0.104915298522
180.0 78.0 54.0 21.0
obstacle
0.104348272085
381.0 207.0 42.0 19.0
obstacle
0.103279992938
116.0 309.0 38.0 24.0
obstacle
0.103123471141
262.0 75.0 43.0 27.0
obstacle
0.102953322232
187.0 312.0 47.0 20.0
obstacle
0.102627292275
333.0 79.0 52.0 20.0
obstacle
0.102509140968
110.0 284.0 47.0 24.0
obstacle
0.102285198867
385.0 122.0 33.0 35.0
obstacle
0.100905671716
77.0 183.0 32.0 19.0
obstacle
0.100592762232
455.0 76.0 45.0 27.0
obstacle
0.100390695035
147.0 78.0 43.0 21.0
obstacle
0.0997533723712
459.0 126.0 38.0 27.0
obstacle
0.0995859727263
117.0 131.0 34.0 21.0
obstacle
0.099165469408
385.0 153.0 35.0 28.0
obstacle
0.0989891812205
370.0 259.0 63.0 21.0
obstacle
0.0987307727337
110.0 257.0 45.0 22.0
obstacle
0.0975807979703
144.0 287.0 55.0 19.0
obstacle
0.0974271222949
106.0 80.0 47.0 18.0
obstacle
0.0971619710326
76.0 259.0 36.0 19.0
obstacle
0.0971375927329
77.0 129.0 37.0 23.0
obstacle
0.0967350825667
119.0 209.0 30.0 19.0
obstacle
0.0958121940494
111.0 104.0 42.0 21.0
obstacle
0.0943762660027
219.0 232.0 61.0 20.0
obstacle
0.0937200859189
30.0 106.0 50.0 18.0
obstacle
0.0910971388221
82.0 311.0 31.0 22.0
obstacle
0.0910256356001
72.0 104.0 45.0 21.0
obstacle
0.0901065021753
344.0 206.0 36.0 20.0
obstacle
0.0896686464548
154.0 211.0 31.0 14.0
obstacle
0.0893364846706
155.0 133.0 36.0 17.0
obstacle
0.0835471078753
74.0 212.0 42.0 13.0
