obstacle
0.199601948261
60.5462799072 171.940093994 192.370727539 42.3323059082
obstacle
0.192163079977
26.5393371582 124.92805481 344.256622314 96.0599975586
obstacle
0.188353836536
59.5602493286 197.037460327 23.4555053711 36.5278930664
obstacle
0.187703251839
443.216491699 108.259552002 28.3742675781 19.9993591309
obstacle
0.185894578695
42.6469841003 185.870346069 75.9492034912 27.8974914551
obstacle
0.185213923454
9.58025741577 3.04982757568 65.2748413086 237.008056641
obstacle
0.184643939137
79.2500610352 180.300628662 81.929977417 26.6448974609
obstacle
0.184503510594
469.31842041 270.630584717 16.5335083008 18.5358886719
obstacle
0.184095218778
469.538208008 257.702667236 17.6842041016 18.8966064453
obstacle
0.183591142297
464.793518066 287.148193359 18.5001220703 23.1723022461
obstacle
0.183049738407
414.708282471 118.27532196 60.1758422852 17.6465988159
obstacle
0.183024868369
76.2453460693 176.031387329 30.7234802246 24.7336425781
obstacle
0.183008626103
165.886627197 0.0 165.241241455 148.042678833
obstacle
0.182878062129
31.5256500244 173.29006958 189.750305176 159.70993042
obstacle
0.182788670063
83.6845703125 164.633728027 49.4699249268 25.5893554688
obstacle
0.182705417275
413.249237061 39.0209350586 86.7507629395 256.887695312
obstacle
0.182360425591
481.181610107 98.094909668 18.7889404297 26.6313323975
obstacle
0.182225778699
460.880584717 118.114044189 22.8435058594 31.0323486328
obstacle
0.181913718581
0.0 190.03112793 326.916931152 54.6326599121
obstacle
0.181696757674
280.716094971 128.198272705 38.3160400391 19.1156005859
obstacle
0.181542649865
134.26789856 192.623794556 71.1784057617 25.1122436523
obstacle
0.181528270245
432.454833984 118.791442871 16.9819335938 18.1879272461
obstacle
0.18144620955
184.868652344 158.684448242 67.9485168457 21.1015625
obstacle
0.181427717209
16.85729599 144.539382935 78.9281921387 187.674972534
obstacle
0.181398406625
480.127105713 287.462463379 19.8728942871 39.2590942383
obstacle
0.180869057775
282.149963379 0.996444702148 146.312438965 182.319274902
obstacle
0.18051110208
2.15765190125 0.0 41.2194900513 112.260482788
obstacle
0.180396124721
480.15914917 147.214691162 19.8408508301 32.5571594238
obstacle
0.18005861342
97.4918441772 167.336959839 16.3089599609 29.2210388184
obstacle
0.179345011711
470.939697266 141.879898071 16.9534301758 18.75
obstacle
0.179110854864
171.192382812 172.689880371 80.0570373535 26.7429504395
obstacle
0.178623601794
37.8047714233 0.0 167.215820312 147.298568726
obstacle
0.178249835968
13.342215538 233.323989868 16.7413797379 17.8013916016
obstacle
0.177800387144
461.275238037 102.395744324 17.3888549805 19.9129333496
obstacle
0.177794083953
28.318605423 195.65524292 49.8516159058 28.9459228516
obstacle
0.177791029215
461.771636963 293.656677246 25.6532592773 35.8186035156
obstacle
0.177603930235
373.858428955 3.63915061951 122.188842773 54.7938308716
obstacle
0.177577197552
6.02167701721 229.895477295 34.0054779053 102.774291992
obstacle
0.177425399423
427.837005615 109.929023743 16.6805419922 17.8670654297
obstacle
0.177254706621
199.510055542 167.430419922 20.7620239258 18.5720214844
obstacle
0.176872253418
112.508018494 161.891693115 30.4253921509 21.6913146973
obstacle
0.17647472024
206.02734375 163.936355591 69.2892150879 26.7278442383
obstacle
0.176074042916
198.865783691 144.032730103 172.133056641 167.680587769
obstacle
0.175822809339
1.93203258514 290.270507812 23.7288246155 42.7294921875
obstacle
0.175796926022
145.843612671 158.887695312 23.3311462402 19.5383911133
obstacle
0.175588130951
415.599975586 123.41784668 84.4000244141 27.8061523438
obstacle
0.175415471196
71.6369781494 189.554977417 23.0039825439 39.2647705078
obstacle
0.175275966525
183.866699219 1.95740699768 255.966308594 54.221496582
obstacle
0.174902170897
305.910980225 118.151649475 169.270019531 191.941986084
obstacle
0.174645453691
205.751480103 186.484069824 47.1396484375 19.7777099609
obstacle
0.17460718751
110.286598206 176.522567749 25.0479507446 19.317779541
obstacle
0.174580603838
315.627075195 239.663146973 184.372924805 93.3368530273
obstacle
0.174273729324
21.1686058044 214.221298218 110.729064941 22.8503417969
obstacle
0.174213632941
470.525390625 122.800537109 29.474609375 41.8461303711
obstacle
0.173686921597
444.761901855 8.05048370361 55.2380981445 95.0793151855
obstacle
0.173274844885
192.274993896 173.864044189 147.271179199 32.5276794434
obstacle
0.172850966454
442.227600098 124.889724731 21.0485229492 17.3969116211
obstacle
0.172553256154
6.84289932251 2.84939193726 124.019363403 76.4679107666
obstacle
0.171829029918
244.629135132 175.878463745 22.6139678955 20.0764465332
obstacle
0.170813649893
24.6981201172 0.0 262.102203369 50.7994842529
obstacle
0.170439898968
110.367248535 151.746459961 31.9408874512 16.984588623
obstacle
0.168931096792
204.433410645 183.51675415 21.9595947266 17.4497375488
obstacle
0.166685909033
309.118225098 125.037597656 18.3010253906 16.429901123
obstacle
0.165192902088
233.432617188 179.72593689 21.8129882812 18.3573913574
obstacle
0.163818925619
139.5652771 149.959777832 130.445709229 44.420715332
obstacle
0.163149610162
21.0446014404 162.270996094 127.169616699 41.5671081543
obstacle
0.162333726883
104.401702881 169.13760376 57.5182800293 23.9532165527
obstacle
0.16201017797
209.916687012 166.154174805 26.313293457 20.194152832
obstacle
0.159716591239
437.011993408 131.317733765 37.198059082 17.1183166504
obstacle
0.157868519425
361.516052246 20.8200492859 127.213134766 114.947952271
obstacle
0.150846287608
460.354034424 113.338638306 16.2156982422 18.2194519043
