obstacle
0.200217559934
312.818786621 144.871551514 23.8020019531 22.7482299805
obstacle
0.197079896927
171.213973999 52.9653320312 269.696838379 370.91607666
obstacle
0.192514955997
86.3145904541 115.3722229 413.685424805 85.0950927734
obstacle
0.189737573266
10.1245422363 231.513549805 360.94128418 187.916687012
obstacle
0.187222346663
261.509552002 193.24822998 140.517028809 201.405761719
obstacle
0.184541240335
18.783367157 209.230697632 31.4473800659 36.2669677734
obstacle
0.183568224311
6.08473205566 74.7803344727 341.143676758 76.2463989258
obstacle
0.183150321245
113.785003662 170.383377075 86.7227478027 36.6743164062
obstacle
0.182635039091
276.886993408 178.604751587 62.986328125 71.7802124023
obstacle
0.182611256838
165.611022949 173.544418335 50.5896911621 28.1503295898
obstacle
0.182413890958
470.418426514 375.072570801 29.5815734863 40.0214233398
obstacle
0.18239094317
321.233886719 0.0 178.766113281 160.497711182
obstacle
0.182332381606
298.79901123 143.151992798 34.6611938477 47.6413879395
obstacle
0.182284414768
259.465789795 143.323562622 47.5008544922 37.7396240234
obstacle
0.18224555254
46.8271484375 205.843185425 453.172851562 107.841110229
obstacle
0.182174503803
46.0811805725 276.526763916 28.7109642029 26.009765625
obstacle
0.181592300534
180.968261719 161.400878906 42.437286377 28.2017822266
obstacle
0.18085129559
81.3361053467 0.0 213.383743286 327.992462158
obstacle
0.180564820766
73.0433807373 285.24798584 33.0626373291 29.8969726562
obstacle
0.18036006391
200.295043945 171.860733032 57.8267822266 37.0097351074
obstacle
0.179879009724
145.661972046 113.797271729 130.145706177 35.4506530762
obstacle
0.179330900311
25.9155349731 283.209442139 24.4273757935 19.7681274414
obstacle
0.179137274623
2.39486885071 52.8255996704 22.8466663361 251.821166992
obstacle
0.178843572736
4.92905235291 1.5578994751 49.7697143555 131.289031982
obstacle
0.178408384323
470.155059814 58.3336372375 23.760559082 32.7974891663
obstacle
0.178075358272
196.930984497 137.674484253 49.1850891113 31.6296386719
obstacle
0.178063452244
20.0150146484 0.0 251.437713623 115.141792297
obstacle
0.177988022566
130.689208984 148.092102051 52.5698547363 25.5868225098
obstacle
0.17762029171
130.749740601 160.300384521 65.3045654297 26.187713623
obstacle
0.177601531148
467.801513672 274.465881348 15.8299560547 21.1752929688
obstacle
0.177364096045
2.05386829376 0.0 27.2414093018 50.3628005981
obstacle
0.176759198308
235.645706177 136.535049438 240.901046753 145.999801636
obstacle
0.176700249314
468.600646973 260.681518555 15.673828125 20.5113525391
obstacle
0.176503196359
422.639099121 92.4990386963 71.5000610352 215.125534058
obstacle
0.176159873605
136.639602661 184.773773193 41.3513183594 30.9179382324
obstacle
0.17615263164
461.948974609 254.712112427 16.7151489258 20.837020874
obstacle
0.176014810801
463.55267334 285.377990723 16.6653442383 23.2887573242
obstacle
0.17582590878
213.323318481 102.5831604 26.9091186523 16.6195220947
obstacle
0.175702616572
204.464294434 171.413497925 120.565063477 87.6934356689
obstacle
0.1756323874
204.759155273 0.0 295.240844727 58.7836990356
obstacle
0.175546109676
231.339111328 310.862304688 259.703613281 117.137695312
obstacle
0.175490498543
7.27379608154 80.5417022705 140.088592529 333.563415527
obstacle
0.175345033407
229.596481323 119.466011047 21.6692810059 17.9259109497
obstacle
0.175271511078
0.0 5.13371276855 116.683197021 218.04347229
obstacle
0.175212830305
27.5215110779 264.121673584 22.1723632812 25.772277832
obstacle
0.175131872296
42.5807342529 356.890197754 20.4783477783 18.881652832
obstacle
0.174572899938
214.797546387 145.384460449 51.0488586426 40.6065063477
obstacle
0.174526229501
14.7351989746 328.03604126 85.5074234009 99.9639587402
obstacle
0.174499988556
17.8512363434 350.662384033 16.4622745514 18.4934692383
obstacle
0.174471303821
285.864898682 128.855728149 33.7896728516 40.0018310547
obstacle
0.174110516906
15.9747314453 224.150466919 40.8439178467 46.5488128662
obstacle
0.173793658614
4.34104919434 3.29838180542 133.969223022 65.6268310547
obstacle
0.173572406173
94.1428985596 182.721450806 196.949752808 59.1530456543
obstacle
0.173561736941
232.518051147 130.900283813 45.5036773682 24.4067993164
obstacle
0.173385754228
245.970748901 306.959014893 27.2606048584 28.6962890625
obstacle
0.17316120863
402.103149414 249.698577881 25.3173828125 32.8438110352
obstacle
0.17305251956
165.273529053 7.74328994751 191.421447754 90.0705566406
obstacle
0.173047244549
224.57762146 106.561141968 25.274597168 21.4399108887
obstacle
0.172798112035
398.989654541 267.634429932 43.6209716797 37.2893066406
obstacle
0.172713071108
237.349746704 301.951721191 17.9783325195 25.9826049805
obstacle
0.172519221902
53.5700035095 215.419494629 49.0684547424 74.842376709
obstacle
0.172248452902
252.879379272 110.562942505 23.8672027588 26.6588592529
obstacle
0.172025710344
126.759773254 140.96685791 37.4272994995 21.9657897949
obstacle
0.171885058284
271.301696777 113.431121826 24.6433105469 37.5280761719
obstacle
0.171798422933
462.370697021 298.356628418 18.4398803711 22.7285766602
obstacle
0.171433120966
258.988494873 96.1199035645 18.8079223633 29.575378418
obstacle
0.171350389719
0.0 165.146575928 40.2595443726 240.699157715
obstacle
0.171094596386
295.91003418 152.03352356 70.6500854492 79.516784668
obstacle
0.170997902751
373.608032227 235.577865601 61.6271972656 43.3829498291
obstacle
0.170901238918
201.768676758 104.833747864 25.8782958984 19.1657104492
obstacle
0.170875042677
362.453308105 183.525482178 137.546691895 206.610595703
obstacle
0.170645952225
206.69480896 113.698425293 29.077545166 17.9230804443
obstacle
0.170571386814
68.2791900635 261.388275146 39.0733642578 37.6677246094
obstacle
0.170512095094
29.1779403687 161.540878296 219.366943359 133.662124634
obstacle
0.170318469405
65.5364685059 372.464782715 37.0722503662 39.1058349609
obstacle
0.170156031847
191.368026733 115.804367065 30.5640258789 18.6125335693
obstacle
0.169942483306
45.7037963867 371.788360596 31.5708389282 34.7015380859
obstacle
0.169884577394
208.66847229 128.691192627 34.6973571777 22.1733398438
obstacle
0.169702842832
225.813491821 294.005432129 18.3243713379 20.6691894531
obstacle
0.169653624296
201.34375 124.23677063 19.2529296875 17.4259338379
obstacle
0.169648528099
136.922027588 92.0994567871 150.297302246 37.0445556641
obstacle
0.16928973794
199.480560303 294.547393799 24.5818481445 20.231262207
obstacle
0.167725875974
405.825012207 0.0 94.174987793 81.7290802002
obstacle
0.167717546225
400.540618896 325.448791504 95.8982543945 101.656921387
obstacle
0.167377740145
101.991752625 249.995254517 162.845275879 54.2649078369
obstacle
0.166890472174
267.762390137 99.3275604248 20.5000610352 34.2330780029
obstacle
0.165809944272
243.226470947 106.678092957 21.8017578125 26.9149856567
obstacle
0.160487160087
266.412475586 160.938461304 65.5325927734 42.8217163086
obstacle
0.160474777222
59.9952430725 251.892730713 32.324344635 33.7588500977
