obstacle
0.206386327744
49.1929321289 173.886978149 314.028106689 67.4141235352
obstacle
0.194070011377
62.5699539185 93.5986938477 178.095916748 218.775482178
obstacle
0.193886995316
149.554229736 215.059158325 30.7210693359 17.879486084
obstacle
0.190800786018
274.697631836 168.505111694 33.2788085938 31.1995239258
obstacle
0.190337002277
84.1634902954 127.671707153 24.0043792725 17.9496765137
obstacle
0.189636439085
172.213653564 200.431274414 149.138366699 35.8323974609
obstacle
0.188329130411
95.9715576172 169.704315186 93.7499389648 37.8889770508
obstacle
0.186662197113
83.552444458 203.859344482 26.897644043 39.9811401367
obstacle
0.185830265284
79.8736953735 107.964698792 144.475616455 22.9269943237
obstacle
0.185573428869
84.6419830322 191.99659729 96.633392334 44.9100952148
obstacle
0.185236498713
11.3451395035 256.777740479 23.6339874268 18.2868652344
obstacle
0.1851644665
10.3368091583 237.596878052 25.4823741913 24.1486053467
obstacle
0.185138553381
161.548553467 183.983200073 135.117370605 33.6039123535
obstacle
0.18493449688
164.268310547 110.883079529 335.731689453 133.022125244
obstacle
0.184414371848
22.333984375 123.255722046 166.223739624 35.3852233887
obstacle
0.184364452958
63.5563583374 207.58682251 189.769470215 58.2996826172
obstacle
0.184011802077
11.8689441681 211.566894531 20.8418731689 19.5129699707
obstacle
0.184007465839
0.0 191.425079346 387.487854004 141.574920654
obstacle
0.184001892805
127.971977234 214.112182617 34.6890945435 19.3742675781
obstacle
0.183828637004
241.107452393 208.005233765 66.0936279297 22.5956420898
obstacle
0.183484375477
251.005706787 0.0 166.955566406 142.968704224
obstacle
0.183417886496
130.681518555 0.0 166.011505127 123.473098755
obstacle
0.183416083455
8.91961669922 83.8127975464 315.483428955 101.201759338
obstacle
0.183208659291
14.1857337952 193.226867676 18.9695053101 18.1043395996
obstacle
0.181826740503
11.1975574493 285.581329346 18.775428772 17.8399658203
obstacle
0.181021243334
14.053185463 175.821228027 19.3788452148 18.8535766602
obstacle
0.180919408798
3.60087776184 0.0 34.4785690308 105.401924133
obstacle
0.1805036515
151.998153687 165.71206665 52.0769348145 33.998260498
obstacle
0.180151894689
425.628204346 1.43436050415 74.2717895508 75.341217041
obstacle
0.178944408894
270.933410645 178.931518555 19.6412353516 19.5828552246
obstacle
0.178361952305
6.67797660828 297.370880127 21.2550849915 23.1813354492
obstacle
0.178228288889
29.1572952271 149.62928772 238.378692627 60.8851013184
obstacle
0.178018733859
12.172908783 10.7203941345 104.264419556 123.891448975
obstacle
0.177411019802
323.089050293 209.445281982 25.3608398438 17.9193115234
obstacle
0.177336707711
58.8548278809 223.049316406 108.319992065 26.8333129883
obstacle
0.177219554782
253.228729248 193.147537231 98.2557983398 31.9539489746
obstacle
0.177117198706
184.26083374 117.386642456 98.1158447266 33.2900390625
obstacle
0.176982969046
319.822937012 193.402801514 180.177062988 139.597198486
obstacle
0.176437139511
86.2913742065 135.644622803 80.4158401489 40.3213806152
obstacle
0.176106199622
7.91995716095 222.995269775 25.1824111938 19.3838500977
obstacle
0.176005259156
244.663833618 155.995269775 28.4988555908 20.7554321289
obstacle
0.175823330879
14.5827865601 163.766235352 81.2640075684 169.233764648
obstacle
0.175672054291
412.376617432 10.1527786255 87.6233825684 227.944641113
obstacle
0.175614878535
265.130218506 157.604660034 28.2736206055 22.0389709473
obstacle
0.17554731667
220.303894043 146.23008728 17.370300293 19.3697814941
obstacle
0.175482720137
141.390869141 158.511413574 30.7227783203 36.8580627441
obstacle
0.175238475204
234.186813354 140.487731934 23.2185821533 16.6837768555
obstacle
0.1750831604
466.91027832 305.280639648 32.7790527344 27.7193603516
obstacle
0.174966230989
113.788291931 116.030418396 57.4646682739 18.3514785767
obstacle
0.174060165882
152.573913574 157.552703857 17.2456970215 20.0697937012
obstacle
0.173783317208
108.972610474 210.282714844 33.4936981201 20.8514709473
obstacle
0.173630416393
336.322875977 186.88609314 35.2466430664 31.4644165039
obstacle
0.173442527652
7.54413223267 107.540466309 20.58934021 16.8079681396
obstacle
0.173306658864
434.474945068 250.103500366 65.5250549316 74.2716827393
obstacle
0.173023581505
287.053527832 181.313980103 135.757446289 40.0360107422
obstacle
0.172798082232
125.144256592 137.74597168 34.2505493164 21.645111084
obstacle
0.172676354647
102.430786133 190.349243164 24.6566009521 39.2144775391
obstacle
0.172638148069
379.607391357 178.345214844 28.482421875 20.2739562988
obstacle
0.172442480922
387.832641602 169.860748291 25.0690917969 18.4232788086
obstacle
0.172310888767
204.118225098 121.163398743 47.8734130859 18.0422897339
obstacle
0.172276034951
10.3342895508 3.53951835632 214.36517334 47.8809509277
obstacle
0.172252953053
238.6434021 226.329269409 25.220703125 19.0657653809
obstacle
0.17213524878
240.63734436 169.499786377 124.999221802 34.0021972656
obstacle
0.171825706959
215.217651367 217.083740234 110.139404297 31.6404418945
obstacle
0.171806707978
305.480865479 6.9121837616 183.391052246 49.1536178589
obstacle
0.171471014619
103.361328125 128.235626221 28.8290557861 16.7065124512
obstacle
0.171029731631
172.34552002 1.58340072632 242.522277832 46.7942771912
obstacle
0.170975029469
129.463256836 189.750335693 56.5076293945 28.8236694336
obstacle
0.170948386192
128.482177734 146.814544678 57.545135498 31.5763244629
obstacle
0.170671850443
356.488067627 201.593292236 18.4353637695 25.4029846191
obstacle
0.170079559088
262.250061035 183.931854248 46.5108642578 27.3674926758
obstacle
0.170006230474
217.933532715 138.799163818 18.5103149414 16.4365539551
obstacle
0.169722110033
362.118133545 183.661575317 23.0681762695 21.6390686035
obstacle
0.169595211744
223.91633606 130.103225708 23.9038085938 16.4442443848
obstacle
0.168512880802
233.434143066 124.23600769 20.5585632324 17.6198120117
obstacle
0.168125808239
49.2365951538 13.5048370361 162.248199463 144.906158447
obstacle
0.16766539216
121.035415649 125.523475647 38.2168579102 19.9253463745
obstacle
0.164999231696
84.5361022949 170.309997559 49.3244476318 26.9013671875
obstacle
0.156318962574
138.179244995 203.448226929 37.739074707 24.0659484863
obstacle
0.149715587497
0.0 188.559951782 154.617431641 60.7947692871
obstacle
0.149460867047
13.3551177979 110.623947144 147.843109131 27.2016296387
obstacle
0.142338380218
10.6328878403 201.57019043 20.2917709351 18.6598815918
obstacle
0.138056784868
0.0 0.0 63.3260765076 288.898773193
