obstacle
0.193423137069
101.048034668 157.018249512 331.307556152 71.8623657227
obstacle
0.19261521101
3.98597145081 0.0 35.4010543823 28.0452823639
obstacle
0.189073622227
150.536773682 147.457458496 33.0292663574 30.385559082
obstacle
0.187149241567
467.261383057 63.5602455139 18.4345092773 16.8732872009
obstacle
0.185706064105
57.2780990601 117.683395386 146.375976562 137.42175293
obstacle
0.184435606003
484.611328125 44.8626899719 15.388671875 26.7998771667
obstacle
0.183302134275
127.725563049 122.236671448 167.602996826 202.22052002
obstacle
0.182720571756
141.954193115 144.461776733 79.4313964844 46.6168518066
obstacle
0.181932151318
234.560424805 202.47114563 178.983581543 39.4546508789
obstacle
0.181923389435
463.394989014 50.8626747131 17.7603149414 21.5336723328
obstacle
0.181416913867
430.550262451 1.57009124756 67.0244750977 73.1289672852
obstacle
0.18109074235
17.3366603851 1.97289180756 57.3405761719 22.6321525574
obstacle
0.181086137891
6.73745727539 14.0408372879 22.8738212585 25.5968704224
obstacle
0.180354207754
163.489440918 141.523773193 30.0053100586 25.7218933105
obstacle
0.180109128356
85.9875183105 160.532073975 115.245574951 42.5385437012
obstacle
0.179872214794
0.0 20.6891689301 191.088134766 64.9260406494
obstacle
0.179374456406
90.6466064453 0.0 409.353393555 73.4841766357
obstacle
0.178488522768
360.613677979 176.797668457 24.1880493164 31.6838378906
obstacle
0.178164929152
326.120910645 163.963500977 38.4116210938 33.1583251953
obstacle
0.178160682321
357.90335083 180.720794678 142.09664917 152.279205322
obstacle
0.178054243326
2.06204986572 117.975776672 19.2685871124 187.778045654
obstacle
0.177977159619
465.791687012 66.6639709473 34.2083129883 36.4159545898
obstacle
0.177550271153
78.6613616943 194.085647583 303.27557373 67.5394439697
obstacle
0.177092254162
83.9158477783 2.56941223145 177.354537964 137.78843689
obstacle
0.177047535777
7.90633773804 13.0549240112 70.7967987061 249.641357422
obstacle
0.176803439856
303.359130859 169.588851929 45.5993041992 40.2288818359
obstacle
0.176574990153
204.593963623 0.0 166.720275879 249.879699707
obstacle
0.17656005919
10.939702034 127.41217041 21.1798744202 20.37109375
obstacle
0.17638002336
2.51605606079 0.0 43.3314857483 112.617301941
obstacle
0.176038712263
283.330505371 215.925689697 46.2445068359 23.9641113281
obstacle
0.175783544779
480.378936768 87.2562103271 19.6210632324 27.8118743896
obstacle
0.175604313612
10.2273006439 30.8115139008 33.5952758789 20.3132648468
obstacle
0.175461918116
4.56191635132 232.627212524 36.192276001 98.7216033936
obstacle
0.175374418497
2.91303062439 41.8061981201 47.4440155029 19.2763977051
obstacle
0.17516797781
28.4938850403 58.6128196716 45.9685173035 25.9857902527
obstacle
0.175123214722
0.0 21.8469905853 24.8718299866 59.7365646362
obstacle
0.175057992339
276.080322266 174.600601196 54.1750488281 43.4846496582
obstacle
0.17503786087
29.5972747803 180.117828369 158.143478394 152.882171631
obstacle
0.174772515893
89.0154418945 188.131072998 46.6643981934 37.149017334
obstacle
0.174631759524
481.18637085 70.0427627563 18.2780761719 20.0642547607
obstacle
0.174463555217
192.859024048 220.143325806 30.3022766113 20.6225280762
obstacle
0.173915207386
7.36864471436 2.28986930847 106.045623779 54.646736145
obstacle
0.173736959696
448.848144531 247.576049805 50.6940307617 85.4239501953
obstacle
0.173697069287
261.804260254 226.127593994 31.7659912109 20.8858337402
obstacle
0.173629820347
2.68762111664 30.3106956482 14.8535547256 29.8954620361
obstacle
0.173282265663
18.3901176453 47.6163291931 100.180770874 25.795337677
obstacle
0.172980576754
409.079589844 0.0 90.9204101562 246.280334473
obstacle
0.172714859247
8.28188705444 302.994720459 29.7683486938 30.005279541
obstacle
0.172674134374
139.46446228 204.699645996 23.3726196289 21.1138000488
obstacle
0.172533601522
68.5689315796 181.869384766 22.7495880127 20.126953125
obstacle
0.172323599458
10.6791191101 45.6873207092 18.0764083862 16.5692214966
obstacle
0.171913728118
75.1948928833 192.156341553 21.0387115479 16.2614440918
obstacle
0.171605810523
472.449798584 298.310852051 27.550201416 34.6891479492
obstacle
0.171181812882
142.480926514 167.808227539 105.572601318 62.5537109375
obstacle
0.171117499471
168.502716064 212.053405762 119.896789551 34.0978393555
obstacle
0.170396506786
139.973266602 193.987335205 37.7565002441 20.8001708984
obstacle
0.170334428549
59.9902267456 39.9012908936 37.6278991699 21.9761657715
obstacle
0.169905275106
95.9494400024 199.799301147 22.7783813477 20.1506652832
obstacle
0.169882133603
125.119018555 191.720535278 30.643951416 25.8716430664
obstacle
0.169450864196
29.2569503784 0.0 139.75668335 195.441741943
obstacle
0.168683856726
353.761322021 159.646194458 19.7150268555 19.7331237793
obstacle
0.168538957834
78.1062011719 176.778594971 36.663772583 37.5758056641
obstacle
0.168272078037
166.587860107 143.461669922 165.676361084 49.5441894531
obstacle
0.167388737202
237.644012451 171.811981201 187.770019531 155.556030273
obstacle
0.167337819934
81.761390686 52.5323638916 20.0146179199 17.0610122681
obstacle
0.167099237442
173.245666504 108.260566711 326.754333496 86.4291610718
obstacle
0.165733769536
313.913330078 12.8645935059 159.065734863 151.286392212
obstacle
0.164102241397
62.7758560181 51.13256073 25.8503417969 21.5512084961
obstacle
0.162966147065
46.1817703247 58.4361343384 17.2541351318 20.0949554443
obstacle
0.159474790096
378.541229248 274.578094482 114.097717285 56.3704833984
obstacle
0.155956327915
478.56060791 33.773109436 19.6770019531 26.7887496948
obstacle
0.154650896788
90.2451171875 169.626983643 40.7734222412 30.6777648926
