obstacle
0.186485737562
410.149841309 0.0 89.8501586914 188.888366699
obstacle
0.185442656279
283.042694092 100.778205872 67.3723754883 17.1992645264
obstacle
0.185148060322
346.37286377 76.5844192505 24.7300415039 19.5883636475
obstacle
0.183932498097
247.461502075 54.0704956055 170.332870483 273.252655029
obstacle
0.182793751359
41.6452941895 5.06922531128 307.966125488 118.19871521
obstacle
0.182693943381
102.712921143 0.0 397.287078857 61.9733276367
obstacle
0.182244211435
2.97393798828 0.0 34.9390029907 30.194065094
obstacle
0.180358037353
463.381469727 107.100715637 16.0250244141 21.0825653076
obstacle
0.179879531264
8.19903182983 11.4726486206 72.8319091797 219.447723389
obstacle
0.179680496454
482.711486816 48.2573127747 17.2885131836 25.8880577087
obstacle
0.179222792387
293.182769775 80.8980102539 42.6162719727 25.2368774414
obstacle
0.179197430611
245.04284668 50.7732009888 254.95715332 57.51121521
obstacle
0.179046034813
0.0 130.448226929 388.466491699 119.359375
obstacle
0.178936302662
11.3833065033 82.5756149292 18.3225784302 18.0545196533
obstacle
0.178325399756
14.259563446 242.150039673 18.5529518127 18.1626739502
obstacle
0.178190350533
424.915252686 123.87575531 41.9870605469 24.809715271
obstacle
0.178139537573
10.2647237778 99.7660903931 22.1884689331 19.5285491943
obstacle
0.178096726537
299.736083984 78.1238937378 105.079650879 23.679977417
obstacle
0.178006798029
0.596782684326 4.76484298706 80.7784118652 65.3012695312
obstacle
0.177917927504
482.578186035 288.815551758 17.4218139648 29.8973388672
obstacle
0.177813008428
12.1359558105 167.507446289 82.8464050293 165.492553711
obstacle
0.177738502622
430.235046387 95.9143447876 47.7885131836 19.4811096191
obstacle
0.177635088563
337.093353271 80.445022583 18.5745239258 19.1071624756
obstacle
0.177568778396
464.14654541 293.243682861 16.7523193359 20.7464599609
obstacle
0.177548915148
1.95891189575 0.0 21.1890544891 170.886016846
obstacle
0.176891341805
149.344573975 175.25692749 147.427520752 44.805480957
obstacle
0.17674048245
319.239959717 97.0731048584 21.7260742188 17.3464508057
obstacle
0.176391229033
48.4157867432 161.444168091 150.929244995 169.240951538
obstacle
0.176358029246
94.6095733643 197.464096069 118.468109131 29.4900817871
obstacle
0.1763240695
8.58444023132 287.099243164 17.2308883667 17.9986572266
obstacle
0.175983741879
19.7392196655 2.64242935181 156.476287842 45.3497238159
obstacle
0.175635024905
186.611831665 185.825790405 39.8092346191 29.0083312988
obstacle
0.175544694066
480.520782471 81.0570907593 19.4792175293 35.7995605469
obstacle
0.175438806415
213.225357056 182.969894409 25.7382507324 27.4610595703
obstacle
0.175420925021
155.858276367 208.025192261 344.141723633 114.465133667
obstacle
0.174526885152
240.405853271 160.342514038 37.4135742188 21.6253967285
obstacle
0.174478471279
246.871185303 170.744277954 27.1813964844 23.1807250977
obstacle
0.17442061007
0.362113952637 295.140716553 26.1935710907 37.8592834473
obstacle
0.174129724503
457.965026855 117.152397156 18.4697875977 23.6502761841
obstacle
0.173966184258
362.196777344 8.41498947144 130.844726562 68.4400787354
obstacle
0.173958599567
459.348846436 297.404510498 40.6511535645 35.595489502
obstacle
0.173657864332
330.499572754 97.3816146851 21.0692138672 19.1147003174
obstacle
0.173396661878
465.68951416 127.339958191 17.0698242188 20.4091415405
obstacle
0.17326053977
216.954528809 207.114974976 34.3366394043 20.6782531738
obstacle
0.172893121839
419.756744385 112.573165894 39.4397583008 24.8447570801
obstacle
0.172685876489
411.689208984 127.727844238 88.3107910156 179.040710449
obstacle
0.172547459602
24.776714325 298.735198975 23.9657440186 26.038269043
obstacle
0.172022327781
434.844329834 249.770401001 65.155670166 72.5938568115
obstacle
0.17155264318
466.745056152 96.7344360352 21.1143188477 24.6891174316
obstacle
0.171291053295
243.019256592 194.008148193 35.2734985352 27.3453369141
obstacle
0.171037226915
161.972610474 204.824920654 54.5372924805 16.69140625
obstacle
0.170907020569
206.546356201 209.4427948 25.0528869629 17.3440856934
obstacle
0.170522764325
277.591094971 199.785980225 17.7853393555 18.7663879395
obstacle
0.170517906547
222.298568726 192.238983154 36.7992401123 25.8108520508
obstacle
0.17011423409
475.174987793 129.977325439 24.825012207 32.4443969727
obstacle
0.169952452183
346.7578125 92.9171981812 21.694152832 17.3587799072
obstacle
0.169250667095
307.920257568 92.1615447998 48.2928466797 17.319229126
obstacle
0.168725907803
179.430496216 211.015228271 140.847396851 23.7684326172
obstacle
0.168656468391
296.814727783 113.577392578 25.4262695312 17.4773712158
obstacle
0.168485984206
303.792938232 97.3030090332 86.0491943359 27.1500091553
obstacle
0.167478114367
158.971038818 26.3701705933 149.019744873 187.689300537
obstacle
0.16713398695
446.774993896 0.0 53.2250061035 93.0549850464
obstacle
0.166920602322
22.6690330505 1.01073074341 32.3762588501 21.6636486053
obstacle
0.166456118226
267.277923584 197.298141479 20.5793457031 18.5647888184
obstacle
0.165840521455
203.727233887 179.115142822 65.5000610352 22.6838684082
obstacle
0.165659084916
237.993331909 209.29347229 23.4360198975 20.2098999023
obstacle
0.16453909874
318.470855713 75.228012085 28.8794555664 27.1145019531
obstacle
0.16273920238
130.51272583 156.584854126 160.605499268 154.027877808
obstacle
0.158515170217
474.513092041 111.68586731 25.486907959 32.200012207
obstacle
0.158293858171
189.324752808 198.748855591 50.3958129883 30.1100769043
obstacle
0.156692132354
289.58807373 9.31072998047 142.041748047 151.618743896
obstacle
0.153417289257
465.249053955 303.051177979 19.0271606445 21.5752563477
