obstacle
0.191469728947
82.0023193359 124.094413757 279.516021729 113.565345764
obstacle
0.186754882336
60.9035491943 198.869522095 426.264282227 79.7845306396
obstacle
0.185998752713
471.868804932 159.738723755 22.7125244141 29.7476196289
obstacle
0.185974910855
6.48699569702 0.14311504364 35.3303756714 27.5395240784
obstacle
0.185859337449
280.556640625 170.898071289 177.618469238 54.6457824707
obstacle
0.184866964817
477.858947754 176.664077759 19.4472045898 24.8379516602
obstacle
0.18465128541
473.742340088 190.525726318 16.9714355469 19.5364379883
obstacle
0.183858960867
477.935882568 220.692199707 19.0451660156 25.5791015625
obstacle
0.183682873845
110.987709045 198.39604187 25.0061416626 20.5830078125
obstacle
0.183428779244
472.434753418 237.039657593 22.8241577148 30.3584136963
obstacle
0.182733118534
474.404815674 274.649169922 17.1987304688 23.3527832031
obstacle
0.18266916275
304.41696167 145.999481201 29.7449951172 21.6280517578
obstacle
0.182511642575
469.143859863 102.926902771 22.1572265625 30.3945236206
obstacle
0.182287275791
453.495544434 143.284667969 26.0347900391 30.666595459
obstacle
0.182205826044
476.993499756 0.0 23.0065002441 31.2639331818
obstacle
0.182204410434
468.807067871 120.960144043 24.2241210938 31.9583435059
obstacle
0.181665062904
468.384765625 138.712020874 24.9294433594 33.2392578125
obstacle
0.181616619229
170.147186279 0.0 195.844116211 153.843902588
obstacle
0.181268468499
314.778198242 153.95854187 30.6992797852 30.8065795898
obstacle
0.180825471878
156.39302063 200.99029541 137.499862671 38.3581237793
obstacle
0.180667623878
469.399536133 83.76978302 22.8688354492 30.5118255615
obstacle
0.180539429188
336.298736572 155.647659302 18.346862793 23.2910766602
obstacle
0.180431649089
253.550415039 154.500732422 146.716064453 182.534332275
obstacle
0.180410414934
146.402862549 230.548995972 42.2890930176 26.9688568115
obstacle
0.180256813765
471.443054199 303.469421387 18.6989746094 26.379699707
obstacle
0.180198460817
468.98260498 52.9926528931 19.448425293 25.564239502
obstacle
0.180136933923
467.039764404 67.4719085693 23.2926635742 30.8618164062
obstacle
0.179874584079
469.224853516 256.797851562 21.3424682617 29.6263427734
obstacle
0.179771736264
2.29203987122 0.250453948975 38.7157974243 108.118865967
obstacle
0.17973357439
138.397781372 209.224349976 20.2054748535 27.6405639648
obstacle
0.179711163044
14.2083616257 199.94909668 19.7325286865 17.4440612793
obstacle
0.179525762796
13.9525918961 154.517059326 21.646774292 18.1492919922
obstacle
0.179264605045
14.2320957184 170.486068726 21.8020763397 18.7012939453
obstacle
0.179170235991
480.848937988 204.23739624 16.9998779297 20.3084106445
obstacle
0.179046854377
454.558044434 268.835571289 19.4108276367 19.780090332
obstacle
0.179030284286
13.8338747025 181.979766846 21.6007156372 18.5910949707
obstacle
0.17890997231
10.8119468689 3.33167266846 98.0289306641 47.3465843201
obstacle
0.178867980838
8.30020141602 25.2409515381 68.4517745972 315.759033203
obstacle
0.178794905543
126.328941345 196.123138428 33.7555007935 31.0927124023
obstacle
0.178684532642
485.179931641 294.233306885 14.8200683594 31.6806030273
obstacle
0.178624227643
88.178314209 169.21963501 193.322814941 171.78036499
obstacle
0.178487569094
484.339324951 28.2486457825 15.6606750488 25.1334686279
obstacle
0.178415179253
427.069915771 2.10173034668 71.3961791992 67.9746398926
obstacle
0.17834508419
352.809082031 148.180725098 19.1647949219 20.2819824219
obstacle
0.177678570151
467.419403076 205.683700562 20.3649902344 25.178894043
obstacle
0.177623584867
137.529174805 224.272750854 26.214263916 20.9532165527
obstacle
0.177338674664
276.691619873 173.551086426 86.6812133789 30.1048278809
obstacle
0.176960960031
286.746826172 0.0 198.562988281 144.218734741
obstacle
0.176412940025
132.176696777 185.110641479 21.116394043 20.6997375488
obstacle
0.176376655698
459.774902344 297.964996338 20.5313720703 24.6143188477
obstacle
0.175862371922
240.272216797 128.092453003 259.727783203 77.8902893066
obstacle
0.175501316786
456.383544922 289.991455078 17.0182495117 20.8954467773
obstacle
0.174963846803
4.81013679504 236.919311523 33.1290435791 102.440917969
obstacle
0.174048274755
1.96859455109 303.155792236 25.846698761 37.8442077637
obstacle
0.173207238317
11.5011262894 301.105316162 17.8273506165 20.4436035156
obstacle
0.173200950027
294.251434326 149.856307983 37.0453491211 38.888092041
obstacle
0.173147678375
233.328796387 4.98598098755 151.790771484 68.8981170654
obstacle
0.173081442714
104.210601807 2.08713722229 221.97253418 47.7380523682
obstacle
0.172843128443
405.917510986 153.360214233 92.3920898438 187.639785767
obstacle
0.172599166632
292.603393555 233.25642395 22.1193847656 16.8408508301
obstacle
0.172527045012
136.895050049 199.76399231 55.599609375 20.5372009277
obstacle
0.172525271773
8.45018005371 8.07065963745 193.164245605 88.961517334
obstacle
0.172425419092
204.250701904 177.44367981 26.0809020996 20.4902648926
obstacle
0.171782836318
449.101898193 0.501925468445 40.0886230469 23.8308448792
obstacle
0.171099558473
145.163162231 175.018890381 112.867446899 34.5115356445
obstacle
0.170868515968
21.0809593201 194.846923828 108.870605469 144.159118652
obstacle
0.170780882239
182.644210815 172.744735718 26.9080505371 20.1645812988
obstacle
0.170644491911
387.266662598 191.112731934 45.6500244141 24.5688781738
obstacle
0.170484557748
358.831512451 183.730422974 34.7514038086 37.3888244629
obstacle
0.17017531395
72.6853485107 236.29864502 144.712097168 27.6681213379
obstacle
0.17014349997
123.089302063 226.420883179 31.1399459839 26.198059082
obstacle
0.169746547937
148.567459106 218.328216553 42.8020019531 22.0448303223
obstacle
0.168918818235
196.391098022 213.182495117 23.0040588379 18.2432556152
obstacle
0.168703019619
129.007049561 240.223709106 21.0739440918 18.8340606689
obstacle
0.168031126261
427.748962402 303.382995605 34.4075927734 32.5491943359
obstacle
0.167599409819
204.161361694 208.478225708 35.9569702148 23.5891418457
obstacle
0.167307466269
32.760684967 0.785575866699 39.2759208679 21.0545310974
obstacle
0.165202796459
303.045562744 237.187942505 18.7328491211 17.3831176758
obstacle
0.163125067949
482.788024902 193.606201172 17.2119750977 20.9668579102
obstacle
0.161863237619
72.0759277344 222.493408203 119.978027344 27.7703857422
obstacle
0.16159555316
346.941802979 154.127380371 18.0280761719 24.2674865723
obstacle
0.160423591733
459.152740479 290.766387939 40.8472595215 43.7399291992
obstacle
0.159348890185
139.287063599 177.017944336 26.6971435547 23.3333129883
obstacle
0.15496635437
200.429779053 161.361160278 153.120483398 54.1161499023
obstacle
0.154329627752
0.0 3.73957443237 22.9599742889 39.077129364
obstacle
0.149541199207
0.0 156.563171387 251.370758057 61.4602661133
