obstacle
0.199537470937
0.0 144.021240234 406.106933594 164.055389404
obstacle
0.188902080059
25.3491363525 190.463058472 307.467651367 55.9458007812
obstacle
0.185114562511
10.3652153015 103.113334656 19.3305854797 23.1496887207
obstacle
0.1843354702
205.016845703 0.0 294.983154297 161.258972168
obstacle
0.183617532253
267.74017334 159.346496582 91.9345092773 22.2891845703
obstacle
0.182721450925
20.3857727051 88.5962371826 19.60414505 37.3869934082
obstacle
0.182460084558
301.519165039 141.730636597 26.2384033203 23.9152832031
obstacle
0.182327002287
167.65196228 218.227462769 21.157989502 25.2661132812
obstacle
0.181823849678
0.0 117.908950806 51.9522781372 21.8734436035
obstacle
0.181215539575
147.729492188 187.009033203 26.0465698242 19.4693908691
obstacle
0.181007489562
170.872344971 181.521057129 129.370391846 30.9525146484
obstacle
0.18098923564
175.956802368 166.675674438 22.4984130859 22.7793579102
obstacle
0.179730087519
337.96685791 149.231323242 18.2615966797 18.5038757324
obstacle
0.179575905204
30.9385375977 0.0 150.171035767 139.525436401
obstacle
0.179528400302
292.039459229 141.852630615 178.148498535 171.625305176
obstacle
0.178900450468
137.622512817 203.759460449 53.8683776855 27.1337280273
obstacle
0.178848788142
146.743453979 207.462982178 18.8296813965 17.7041625977
obstacle
0.178712487221
236.751800537 132.623779297 28.1773681641 23.3341674805
obstacle
0.178651496768
0.0 123.468818665 19.2321929932 18.9605026245
obstacle
0.178599298
246.414733887 176.794281006 119.601379395 20.9408569336
obstacle
0.178358241916
126.384147644 191.563308716 74.0831375122 26.4152526855
obstacle
0.178264245391
235.472427368 155.976791382 33.9695281982 18.395904541
obstacle
0.17817685008
0.0 136.057327271 76.8692169189 22.0261230469
obstacle
0.177999034524
156.949508667 151.386749268 29.6710510254 31.3210449219
obstacle
0.177925899625
193.365402222 198.512588501 44.4354248047 20.8397827148
obstacle
0.177693933249
239.542831421 212.98097229 44.2022857666 21.7244567871
obstacle
0.177601441741
13.1213989258 89.7655944824 72.5117034912 225.451019287
obstacle
0.177523121238
278.662719727 149.281860352 63.2734985352 21.4662780762
obstacle
0.17675884068
426.232025146 0.71715927124 72.7229614258 73.0893249512
obstacle
0.176706150174
182.04019165 177.199203491 20.7528686523 21.5243225098
obstacle
0.176211327314
19.5165252686 126.999313354 106.572235107 22.0651855469
obstacle
0.175596088171
6.78238105774 114.321426392 15.7636680603 21.3060150146
obstacle
0.175561740994
217.414154053 205.448822021 72.8983764648 19.4256591797
obstacle
0.175279825926
147.399261475 162.798980713 29.6723327637 32.262512207
obstacle
0.175067290664
402.900238037 9.39138031006 92.3341064453 163.743377686
obstacle
0.174966663122
300.494018555 159.528381348 22.1813354492 16.7691955566
obstacle
0.174795433879
140.76524353 0.0 149.588882446 126.541542053
obstacle
0.174752444029
166.266723633 195.138931274 85.5559997559 45.580871582
obstacle
0.174268722534
322.77166748 146.53956604 24.1248779297 21.4861755371
obstacle
0.174179852009
18.4226455688 127.587043762 17.9690437317 21.3041305542
obstacle
0.17404744029
221.361175537 142.1456604 19.0065307617 19.092590332
obstacle
0.174041256309
458.829528809 296.93737793 41.1704711914 35.8809204102
obstacle
0.173875525594
185.374603271 163.066009521 22.1109008789 17.5003967285
obstacle
0.173736035824
232.658340454 172.129089355 51.1005706787 28.7259521484
obstacle
0.173410236835
223.311523438 131.960464478 19.5713500977 17.1812438965
obstacle
0.173296421766
3.99175643921 3.45909881592 78.5237121582 72.1551818848
obstacle
0.173295259476
290.483520508 166.238861084 36.322265625 18.7610168457
obstacle
0.173097863793
234.161468506 171.328964233 17.4091491699 17.8778381348
obstacle
0.172922208905
215.697052002 186.669067383 28.4169311523 17.497253418
obstacle
0.172668844461
163.049118042 208.60949707 17.6992492676 24.5202636719
obstacle
0.172494351864
240.281906128 164.898956299 18.8760528564 20.3947143555
obstacle
0.172430843115
48.4402084351 111.526283264 17.4723052979 17.4919052124
obstacle
0.172298446298
210.665817261 155.0440979 26.0241088867 23.8047180176
obstacle
0.172144308686
288.821685791 150.655639648 19.4885253906 20.8202514648
obstacle
0.171938046813
410.177612305 132.309967041 89.8223876953 180.257110596
obstacle
0.171853557229
5.68472099304 232.583816528 37.6403045654 100.416183472
obstacle
0.171359404922
225.170211792 0.0 256.288528442 48.3620147705
obstacle
0.170717537403
228.628036499 146.481994629 29.3624420166 22.0652770996
obstacle
0.170255884528
156.549713135 128.159240723 26.0754394531 16.7125854492
obstacle
0.169777497649
171.782119751 183.525344849 32.5018005371 31.3052062988
obstacle
0.169698223472
198.042388916 209.062255859 128.811523438 28.7976379395
obstacle
0.169146597385
29.710319519 0.0 238.488708496 47.3064613342
obstacle
0.16909506917
222.86618042 123.035232544 29.9788208008 17.3646240234
obstacle
0.169087037444
169.742584229 129.683120728 22.8324584961 18.4188537598
obstacle
0.169011443853
135.949279785 143.924880981 37.8569641113 28.1561279297
obstacle
0.168575823307
0.0 233.649932861 264.513122559 99.3500671387
obstacle
0.168379172683
206.032272339 192.027374268 59.8404388428 22.4120178223
obstacle
0.166334539652
176.152542114 221.956863403 23.9335021973 30.4278869629
obstacle
0.166006699204
235.085113525 179.511611938 21.879699707 19.6084289551
obstacle
0.165744900703
117.81463623 230.149627686 382.18536377 102.850372314
obstacle
0.164962768555
13.0615615845 105.718078613 77.8386535645 30.2409820557
obstacle
0.16409906745
258.498565674 169.190505981 57.1384887695 18.289276123
obstacle
0.162369936705
26.4404830933 124.809509277 22.7994842529 18.1336669922
obstacle
0.1593785882
101.300918579 157.033905029 281.132324219 61.2138671875
obstacle
0.156906947494
302.859924316 148.76940918 99.2523803711 30.7510986328
obstacle
0.156497374177
19.6753196716 111.875930786 19.981464386 23.8557128906
obstacle
0.146853744984
109.867515564 59.2554244995 146.756835938 222.020568848
