obstacle
0.192405164242
188.52671814 133.034423828 311.473266602 126.682128906
obstacle
0.190275102854
21.7429428101 146.873046875 164.808898926 186.126953125
obstacle
0.187712013721
74.4778900146 192.795410156 167.425323486 49.8320007324
obstacle
0.187432095408
126.392684937 184.895111084 35.4466552734 22.5984191895
obstacle
0.186669692397
336.826477051 213.561309814 114.414855957 42.9877319336
obstacle
0.185429856181
271.925140381 114.591690063 39.0852050781 24.6706542969
obstacle
0.183987438679
279.308349609 127.028671265 18.4044799805 18.7579345703
obstacle
0.183659553528
0.0 201.94229126 68.6246109009 38.9880065918
obstacle
0.182392567396
340.617370605 206.753799438 33.6491088867 28.8815002441
obstacle
0.181962400675
470.288635254 254.261199951 18.4158325195 25.2263183594
obstacle
0.181878045201
17.0325241089 173.243026733 104.366912842 89.6067352295
obstacle
0.181791305542
0.0 43.8224182129 84.7275695801 288.98651123
obstacle
0.181696236134
108.911994934 208.212844849 59.0259933472 25.2074584961
obstacle
0.181557521224
225.97869873 146.107330322 105.376586914 21.3547668457
obstacle
0.181477576494
83.7568664551 220.65965271 28.3497467041 38.8659515381
obstacle
0.181194424629
285.87399292 130.24420166 20.0261230469 23.6783447266
obstacle
0.18062068522
351.737365723 191.679458618 32.2899780273 23.9538879395
obstacle
0.180368989706
470.922363281 236.833892822 17.7297973633 27.5498657227
obstacle
0.179874822497
1.95645713806 193.582839966 50.839515686 18.4176330566
obstacle
0.179825291038
11.9733028412 203.586791992 33.0777740479 19.6931762695
obstacle
0.17948628962
132.787918091 197.840545654 50.9922790527 29.1754760742
obstacle
0.179184541106
165.070556641 0.0 168.328796387 146.945022583
obstacle
0.178532123566
18.6383838654 187.643936157 63.8141403198 29.3047485352
obstacle
0.178013235331
7.81309509277 213.396270752 279.874206543 54.5432739258
obstacle
0.177838116884
472.629577637 175.457260132 16.8435058594 22.4426574707
obstacle
0.177828192711
472.392059326 187.322891235 16.7611083984 22.827331543
obstacle
0.177680641413
354.80279541 164.972503662 24.6156005859 18.6549072266
obstacle
0.177661314607
423.556060791 1.26754760742 75.4732055664 72.0345153809
obstacle
0.177405893803
10.5531921387 9.3338470459 115.551010132 150.68850708
obstacle
0.177362889051
387.261962891 181.862411499 86.4692382812 26.4366149902
obstacle
0.177180349827
9.18320941925 291.42767334 20.4043273926 23.0037231445
obstacle
0.177075952291
347.045410156 179.495254517 41.8057250977 22.156463623
obstacle
0.176648840308
151.575256348 205.848510742 42.0609436035 42.0141296387
obstacle
0.17644007504
469.374023438 299.008209229 17.4375 19.6383056641
obstacle
0.176360934973
396.791809082 217.672042847 30.7517700195 26.7938842773
obstacle
0.175961986184
370.120391846 174.049407959 24.1785888672 22.5340576172
obstacle
0.175416126847
323.273498535 19.165184021 166.341552734 157.89654541
obstacle
0.17531619966
333.407531738 212.401153564 20.9126586914 22.0612487793
obstacle
0.175286799669
122.315483093 173.42086792 25.730430603 18.4605407715
obstacle
0.175197556615
7.42542171478 176.991882324 26.0540122986 24.9197387695
obstacle
0.174991384149
1.72628688812 208.036224365 18.234172821 33.9223632812
obstacle
0.174552217126
394.31640625 178.590911865 19.3178710938 25.0817565918
obstacle
0.174485340714
385.320465088 174.289108276 17.6989746094 17.6405639648
obstacle
0.174391672015
171.857299805 198.006622314 26.0454101562 19.0130310059
obstacle
0.173943012953
346.502258301 226.126098633 19.0836181641 24.0020141602
obstacle
0.173209279776
400.915679932 194.89944458 67.8453369141 26.7043457031
obstacle
0.173154398799
404.622680664 192.441513062 34.8129882812 17.3530578613
obstacle
0.173145294189
111.451583862 219.395797729 33.9559936523 21.224029541
obstacle
0.172919735312
15.6597290039 215.476730347 19.7860374451 22.3481140137
obstacle
0.17266510427
355.435150146 183.889511108 129.641418457 55.238494873
obstacle
0.172564089298
251.558334351 137.164718628 33.3690338135 21.4137268066
obstacle
0.172377109528
453.613647461 229.16519165 24.5992431641 24.9533081055
obstacle
0.172144383192
287.546630859 0.0 212.453369141 42.8409194946
obstacle
0.172137200832
360.039733887 231.398635864 27.1314086914 17.3721008301
obstacle
0.171960905194
368.687957764 167.144958496 19.641418457 17.850982666
obstacle
0.171871334314
11.8841934204 5.64945602417 255.732177734 75.4898223877
obstacle
0.171460986137
166.51802063 218.756851196 21.3568725586 22.9850463867
obstacle
0.171010166407
114.366287231 224.974365234 127.577423096 33.3645019531
obstacle
0.170572072268
165.038497925 194.89730835 19.0271911621 19.4544067383
obstacle
0.170277029276
408.169464111 184.91468811 19.702331543 18.6260681152
obstacle
0.170026123524
413.421447754 212.459762573 60.7211303711 18.2558288574
obstacle
0.169965788722
150.649017334 192.409347534 24.402923584 21.6809997559
obstacle
0.169960007071
161.936584473 235.513046265 17.8495178223 19.7762145996
obstacle
0.168254971504
95.4729690552 216.365661621 41.8909225464 43.6202087402
obstacle
0.167776480317
58.3931655884 236.663085938 110.159355164 24.5151062012
obstacle
0.16740219295
97.2429428101 226.487579346 19.4003753662 17.9676818848
obstacle
0.167382851243
171.412582397 231.42199707 20.0378723145 20.5924682617
obstacle
0.167116135359
382.204437256 222.665008545 117.795562744 26.1304016113
obstacle
0.165820598602
101.285072327 190.368057251 56.7134933472 31.5296325684
obstacle
0.165818303823
269.958068848 137.433319092 26.6677856445 16.0037231445
obstacle
0.156794890761
472.888671875 297.065856934 27.111328125 32.6978759766
obstacle
0.15261746943
378.266479492 163.304748535 33.5230102539 36.6217041016
obstacle
0.150951266289
23.0538883209 192.532592773 18.0387248993 16.7702331543
