obstacle
0.188216909766
7.15960407257 246.930725098 21.7948417664 22.1885986328
obstacle
0.185885593295
4.48846054077 1.49058151245 37.4241142273 92.3313751221
obstacle
0.185704022646
2.77036380768 80.9897232056 15.6224317551 172.96585083
obstacle
0.18377289176
2.03232908249 25.9022369385 15.7244472504 32.9906616211
obstacle
0.182365775108
5.35546207428 187.329742432 30.1979598999 92.8558044434
obstacle
0.182354345918
9.41902160645 214.650741577 25.952419281 21.9457397461
obstacle
0.181821763515
9.77833843231 138.079940796 20.6640167236 18.223815918
obstacle
0.181579053402
442.764648438 240.378051758 57.2353515625 40.3348999023
obstacle
0.181329637766
16.4828948975 133.044296265 64.960144043 16.6112060547
obstacle
0.18124140799
0.502288818359 184.412322998 424.943756104 96.587677002
obstacle
0.180376768112
17.1391105652 1.13529872894 25.9917640686 25.1887588501
obstacle
0.180250197649
467.156463623 219.493347168 17.5573730469 19.2028198242
obstacle
0.179909974337
438.264404297 22.947769165 61.1021728516 114.51399231
obstacle
0.179892614484
480.661804199 135.89654541 19.3381958008 27.8822937012
obstacle
0.179887771606
10.4741687775 35.5249938965 58.7008361816 237.555755615
obstacle
0.179765120149
165.353271484 140.443618774 24.5559997559 33.5789794922
obstacle
0.179607331753
24.632598877 92.1169281006 183.858978271 40.7108459473
obstacle
0.179570585489
9.22525215149 233.605987549 22.7557983398 19.5524597168
obstacle
0.179491356015
31.2482452393 53.8330307007 214.479431152 114.827552795
obstacle
0.179447263479
458.827667236 245.048721313 16.244140625 20.8698883057
obstacle
0.179391980171
464.78302002 86.5658798218 35.2169799805 31.7333679199
obstacle
0.179003581405
480.475402832 119.889122009 19.524597168 28.6582870483
obstacle
0.178935557604
454.971008301 146.140991211 19.0375976562 18.3301391602
obstacle
0.178721338511
11.2298765182 198.101013184 24.5824317932 19.2236938477
obstacle
0.178628399968
299.11114502 101.50933075 200.88885498 161.660064697
obstacle
0.178622543812
480.344055176 240.522338867 19.6559448242 34.1205444336
obstacle
0.178211227059
463.296539307 104.443191528 36.6471557617 34.0337219238
obstacle
0.178122967482
7.48345565796 5.73699188232 99.6361694336 123.963905334
obstacle
0.178072869778
472.565795898 144.657928467 17.1940307617 19.1834106445
obstacle
0.178052932024
479.173583984 150.952636719 20.8264160156 31.6739196777
obstacle
0.177761822939
478.084472656 14.8623199463 21.9155273438 33.52866745
obstacle
0.177703797817
2.52006149292 121.585067749 113.23097229 22.1465148926
obstacle
0.177596673369
481.527130127 48.7659606934 18.4159545898 24.9173278809
obstacle
0.177547723055
479.429962158 69.9429550171 20.5700378418 29.3265075684
obstacle
0.177426040173
458.471893311 220.512969971 39.2404174805 36.4854736328
obstacle
0.177399754524
4.56686973572 251.570373535 46.3240814209 29.4296264648
obstacle
0.177204966545
1.67670536041 0.0 19.1983299255 35.503074646
obstacle
0.176964610815
88.4554138184 245.423782349 37.6572265625 35.5762176514
obstacle
0.176836952567
459.323425293 0.558609962463 40.0803222656 23.2627182007
obstacle
0.176771372557
8.83710956573 21.6769332886 21.9673156738 23.4332885742
obstacle
0.176583603024
474.380462646 192.37701416 25.6195373535 37.1452026367
obstacle
0.176255762577
258.651306152 235.90788269 220.485229492 45.0921173096
obstacle
0.175999760628
391.673980713 174.393188477 108.326019287 77.9385070801
obstacle
0.174863561988
15.3335266113 2.357421875 343.067657471 88.0028076172
obstacle
0.174558609724
387.682891846 81.3653411865 112.317108154 73.8406677246
obstacle
0.174351140857
435.416656494 110.480781555 62.4379882812 114.925071716
obstacle
0.174175128341
146.769195557 153.82434082 41.3824462891 33.8395690918
obstacle
0.173765614629
259.16229248 0.0 240.83770752 59.2661056519
obstacle
0.173612326384
175.58744812 94.1170578003 173.219802856 174.455780029
obstacle
0.173156812787
31.2332172394 0.925849914551 29.3306789398 22.5479736328
obstacle
0.173043951392
359.472351074 257.429901123 40.0344238281 23.570098877
obstacle
0.172690138221
12.4258041382 233.110244751 104.193878174 47.889755249
obstacle
0.172542691231
171.67489624 0.0 136.532897949 56.3133926392
obstacle
0.172492146492
24.5658302307 127.674758911 124.398651123 153.325241089
obstacle
0.172252327204
276.871276855 243.675765991 42.4461669922 37.3242340088
obstacle
0.171804979444
383.08480835 255.246887207 36.6563720703 25.753112793
obstacle
0.171771630645
425.097869873 254.936920166 31.3696899414 26.063079834
obstacle
0.171708151698
337.027862549 12.6499176025 145.241760254 134.15246582
obstacle
0.171565532684
190.716003418 0.0 132.748535156 189.10244751
obstacle
0.171318143606
406.34375 249.901641846 33.5409545898 31.0983581543
obstacle
0.171134024858
79.621887207 113.452583313 160.238220215 155.188720703
obstacle
0.170695349574
33.2243499756 2.34306335449 206.177368164 42.7492523193
obstacle
0.170672446489
434.058319092 1.18022727966 38.5454101562 25.8962459564
obstacle
0.170294806361
189.962402344 246.897369385 39.1772766113 34.1026306152
obstacle
0.169527068734
163.916213989 246.942367554 44.2596435547 33.6102142334
obstacle
0.16896148026
435.816101074 0.0 64.1838989258 56.1944198608
obstacle
0.168905779719
217.19732666 249.063751221 33.6254882812 31.9362487793
obstacle
0.168429389596
332.472503662 244.331085205 37.5438842773 36.5277099609
obstacle
0.168073534966
247.732086182 245.703308105 37.4172363281 34.1373901367
obstacle
0.1675773561
8.34298706055 0.0 88.602722168 46.5339736938
obstacle
0.167383342981
39.8562965393 245.297439575 33.0431938171 35.7025604248
obstacle
0.166630998254
476.995239258 173.747970581 23.0047607422 34.5998840332
obstacle
0.166570216417
302.365203857 247.687713623 39.7092285156 33.312286377
obstacle
0.164195001125
160.327148438 147.924758911 16.9996032715 16.7833557129
obstacle
0.160913571715
135.681121826 140.227966309 40.5064697266 29.2779541016
obstacle
0.156199336052
458.949951172 127.453491211 38.8098144531 32.837677002
obstacle
0.147900789976
3.11934661865 109.443305969 115.296218872 21.212348938
