obstacle
0.191225200891
467.919433594 39.625328064 18.7454223633 24.4403381348
obstacle
0.189642444253
6.17788124084 1.11549186707 46.0602264404 27.1138248444
obstacle
0.18899859488
464.719116211 60.5976867676 23.7347412109 35.8472137451
obstacle
0.187833920121
83.7024230957 132.487533569 20.2191619873 17.2965087891
obstacle
0.185691490769
446.069335938 0.0659637451172 52.0895996094 94.1583099365
obstacle
0.185266211629
379.858825684 141.795974731 50.6929931641 23.8094177246
obstacle
0.183802098036
482.674316406 91.6473846436 17.3256835938 30.0548706055
obstacle
0.183471530676
458.005889893 102.502761841 39.1051635742 30.1780700684
obstacle
0.183289840817
208.737701416 21.9776649475 232.234741211 72.3637695312
obstacle
0.183250322938
21.6274795532 6.73834228516 135.951873779 208.408950806
obstacle
0.182343840599
465.020751953 94.2691421509 19.6931762695 18.8011779785
obstacle
0.181327819824
477.977325439 72.0906219482 22.0226745605 35.9406433105
obstacle
0.181039944291
481.457366943 111.01008606 18.5426330566 23.2947540283
obstacle
0.180502191186
469.726837158 0.0 30.0474243164 31.2434120178
obstacle
0.18036775291
29.6906204224 44.2206878662 212.216674805 54.1575317383
obstacle
0.179422318935
2.04276275635 10.1415233612 19.5346908569 38.1702575684
obstacle
0.179405018687
321.447906494 10.9995269775 178.552093506 184.310211182
obstacle
0.179039433599
10.1001853943 3.17574501038 88.1212005615 43.2245941162
obstacle
0.178958401084
3.23337745667 3.32285690308 33.462890625 92.742980957
obstacle
0.178941711783
2.15348148346 75.4741134644 17.9095573425 177.303405762
obstacle
0.178697407246
1.86810112 248.721694946 22.3307628632 32.2783050537
obstacle
0.178585931659
4.735871315 187.333496094 31.11277771 90.4066162109
obstacle
0.178539037704
89.2856903076 121.803153992 20.5195159912 19.5793228149
obstacle
0.178427636623
351.997558594 113.14491272 89.6802368164 116.328735352
obstacle
0.178373321891
153.131317139 0.0 147.893341064 65.6347198486
obstacle
0.178322121501
397.480255127 153.717895508 26.4185791016 19.9303588867
obstacle
0.178055003285
482.075897217 199.079727173 17.9241027832 24.6136474609
obstacle
0.177950814366
387.364959717 152.748153687 21.7493286133 18.0589904785
obstacle
0.177519157529
480.798522949 168.815261841 19.2014770508 25.2699584961
obstacle
0.177502766252
332.337768555 5.08449935913 167.662231445 41.3354759216
obstacle
0.177245751023
189.108764648 0.0 153.390014648 172.962646484
obstacle
0.177196323872
481.117401123 229.226531982 18.882598877 24.8604431152
obstacle
0.176915064454
482.795776367 123.891281128 17.2042236328 22.4262695312
obstacle
0.176866099238
482.331542969 183.07635498 17.6684570312 24.1905517578
obstacle
0.176850706339
246.835723877 25.9808959961 21.4261474609 28.443977356
obstacle
0.176700025797
68.1814422607 7.50464439392 131.058380127 61.097984314
obstacle
0.176217019558
239.150634766 65.9897918701 16.2167053223 39.7676086426
obstacle
0.176001355052
266.32824707 145.706375122 135.88092041 135.293624878
obstacle
0.175999492407
0.0 19.0520782471 72.5709228516 173.559555054
obstacle
0.175997108221
35.8819274902 158.843780518 193.86541748 122.156219482
obstacle
0.17574635148
74.9596557617 127.291069031 30.3021850586 40.0745925903
obstacle
0.174945339561
355.43170166 147.303512573 98.1437988281 32.4563903809
obstacle
0.174773588777
8.46681594849 123.535926819 75.3231964111 157.464080811
obstacle
0.17440353334
1.63128662109 141.038345337 210.879623413 55.9345397949
obstacle
0.174212649465
390.262878418 237.103240967 109.737121582 43.8967590332
obstacle
0.173499748111
443.976348877 0.893926620483 36.6088867188 23.3161277771
obstacle
0.172552749515
63.396194458 153.968978882 17.8630828857 18.2018127441
obstacle
0.172473490238
372.142364502 121.471801758 48.2045898438 24.9004211426
obstacle
0.172471135855
98.8676834106 101.090209961 23.059387207 17.3381958008
obstacle
0.172258764505
229.160385132 0.0 51.6866607666 36.939125061
obstacle
0.172018676996
230.419540405 44.30078125 25.8750915527 27.7919387817
obstacle
0.172001421452
263.530151367 1.04974079132 45.0733032227 24.8167457581
obstacle
0.171565651894
473.739807129 254.400756836 26.2601928711 26.5992431641
obstacle
0.171306461096
45.2438545227 67.2917556763 22.1766777039 32.7839813232
obstacle
0.171167686582
74.3662414551 71.8563995361 16.6104736328 22.5648956299
obstacle
0.171158671379
25.8373031616 0.403793334961 57.077331543 22.0867137909
obstacle
0.170962542295
98.3196334839 74.7310256958 17.5124511719 18.1704559326
obstacle
0.170956403017
60.6319656372 46.1948928833 29.1985473633 36.4673538208
obstacle
0.170912578702
157.036560059 141.79057312 143.505584717 139.20942688
obstacle
0.170897707343
413.138549805 127.876403809 85.5934448242 153.123596191
obstacle
0.170791625977
404.65020752 114.272193909 27.9215698242 19.8871078491
obstacle
0.170665696263
244.595596313 47.8154602051 16.1035308838 41.4746246338
obstacle
0.170333251357
84.5200653076 61.2613258362 24.055480957 26.9588813782
obstacle
0.170214638114
20.5568809509 257.991790771 26.8529129028 23.0082092285
obstacle
0.169502869248
45.2086143494 9.15530967712 23.9215126038 39.1298446655
obstacle
0.169459223747
292.918670654 0.576631546021 37.5608520508 18.8428173065
obstacle
0.169273912907
80.1411056519 156.240112305 24.0805206299 21.4172058105
obstacle
0.169239029288
368.29776001 149.663269043 30.4680175781 25.1480712891
obstacle
0.169190481305
80.8893356323 43.4838523865 24.6294250488 27.4377555847
obstacle
0.16892811656
231.752243042 55.7649116516 16.9059448242 30.5207939148
obstacle
0.168772906065
61.4996948242 69.8125457764 22.5164489746 29.257232666
obstacle
0.168478503823
68.6730651855 0.0 52.8424224854 28.5755310059
obstacle
0.168071076274
63.0973358154 162.504653931 25.6030731201 18.8697509766
obstacle
0.167947351933
194.673217773 0.0 215.290893555 37.7462005615
obstacle
0.16781809926
363.93963623 169.187469482 91.1063842773 20.9432983398
obstacle
0.166191980243
86.5521316528 76.1532745361 31.6430358887 31.8097839355
obstacle
0.166090965271
70.7498245239 150.948699951 21.5995330811 24.280456543
obstacle
0.164979785681
248.575958252 60.3265190125 251.424041748 58.5647010803
obstacle
0.163975983858
453.264648438 202.049804688 46.7353515625 73.2475280762
obstacle
0.16068392992
41.4725723267 48.9546737671 36.103263855 40.0875549316
obstacle
0.157523065805
477.497589111 213.229736328 22.5024108887 29.2384033203
obstacle
0.156176164746
357.098571777 135.522857666 45.6009521484 26.3703918457
