obstacle
0.62936258316
77.0 205.0 248.0 63.0
obstacle
0.370539933443
258.0 149.0 83.0 22.0
obstacle
0.345208644867
216.0 133.0 8.0 9.0
obstacle
0.278663247824
0.0 116.0 23.0 12.0
obstacle
0.247116297483
215.0 138.0 10.0 11.0
obstacle
0.203395158052
252.0 131.0 126.0 39.0
obstacle
0.175337314606
304.0 107.0 24.0 56.0
obstacle
0.17237560451
210.0 140.0 23.0 10.0
obstacle
0.171525463462
105.0 104.0 41.0 15.0
obstacle
0.160656869411
220.0 140.0 38.0 12.0
obstacle
0.159711956978
104.0 113.0 43.0 14.0
obstacle
0.149831324816
281.0 89.0 33.0 68.0
obstacle
0.141984984279
186.0 117.0 34.0 10.0
obstacle
0.136266469955
44.0 64.0 393.0 116.0
obstacle
0.130983412266
76.0 207.0 140.0 41.0
obstacle
0.127236321568
209.0 132.0 24.0 8.0
obstacle
0.118980936706
101.0 108.0 85.0 23.0
obstacle
0.112905971706
223.0 118.0 33.0 11.0
obstacle
0.111416272819
230.0 136.0 17.0 20.0
obstacle
0.105264037848
205.0 118.0 32.0 10.0
obstacle
0.102922424674
203.0 134.0 69.0 23.0
obstacle
0.102112963796
190.0 216.0 25.0 42.0
obstacle
0.0972260683775
190.0 131.0 28.0 8.0
obstacle
0.0955766960979
243.0 129.0 31.0 11.0
obstacle
0.0917061343789
267.0 124.0 63.0 24.0
obstacle
0.0904760882258
213.0 115.0 15.0 19.0
obstacle
0.0900168940425
140.0 115.0 47.0 12.0
obstacle
0.0887560173869
186.0 141.0 36.0 10.0
obstacle
0.0885962471366
226.0 130.0 28.0 10.0
obstacle
0.0867016687989
270.0 122.0 16.0 26.0
obstacle
0.0866512954235
8.0 115.0 39.0 12.0
obstacle
0.0859126150608
261.0 154.0 42.0 13.0
obstacle
0.0850442349911
199.0 130.0 11.0 13.0
obstacle
0.0845403373241
137.0 91.0 130.0 40.0
obstacle
0.0839066430926
113.0 106.0 22.0 26.0
obstacle
0.0834468528628
23.0 114.0 48.0 15.0
obstacle
0.0810776203871
289.0 119.0 19.0 33.0
obstacle
0.0798978507519
232.0 129.0 11.0 13.0
obstacle
0.0797889605165
132.0 194.0 140.0 43.0
obstacle
0.0784458890557
78.0 227.0 134.0 41.0
obstacle
0.0776313096285
319.0 99.0 32.0 70.0
obstacle
0.0764277204871
162.0 116.0 43.0 11.0
obstacle
0.0758453682065
7.0 108.0 78.0 28.0
obstacle
0.0755902305245
251.0 123.0 15.0 24.0
obstacle
0.0751693919301
180.0 103.0 46.0 15.0
obstacle
0.0751601904631
262.0 129.0 34.0 12.0
obstacle
0.0739416405559
295.0 68.0 44.0 85.0
obstacle
0.073558665812
194.0 113.0 17.0 22.0
obstacle
0.0721355006099
223.0 122.0 72.0 26.0
obstacle
0.0719502195716
196.0 136.0 16.0 19.0
obstacle
0.0706099271774
290.0 128.0 50.0 61.0
obstacle
0.0704924538732
181.0 230.0 45.0 14.0
obstacle
0.0703251436353
78.0 93.0 133.0 35.0
obstacle
0.0692978650331
241.0 142.0 36.0 11.0
obstacle
0.0690738558769
262.0 86.0 32.0 74.0
obstacle
0.0689880102873
105.0 85.0 40.0 50.0
obstacle
0.067890226841
382.0 76.0 118.0 43.0
obstacle
0.0666792914271
162.0 129.0 45.0 11.0
obstacle
0.0660713911057
71.0 214.0 75.0 26.0
obstacle
0.0640239715576
314.0 155.0 43.0 12.0
obstacle
0.0631147399545
304.0 147.0 26.0 26.0
obstacle
0.0623517036438
169.0 129.0 139.0 33.0
obstacle
0.0592973157763
231.0 111.0 16.0 25.0
obstacle
0.0583005063236
279.0 116.0 38.0 13.0
obstacle
0.0571259520948
308.0 107.0 15.0 33.0
obstacle
0.0565818659961
210.0 218.0 24.0 39.0
obstacle
0.0558940805495
9.0 104.0 38.0 13.0
obstacle
0.0558721981943
188.0 122.0 256.0 53.0
obstacle
0.0545288622379
427.0 96.0 73.0 29.0
obstacle
0.0532355308533
160.0 111.0 86.0 24.0
obstacle
0.0531209409237
296.0 116.0 42.0 13.0
obstacle
0.0518782548606
280.0 129.0 37.0 12.0
obstacle
0.0512299872935
190.0 93.0 24.0 35.0
obstacle
0.050430547446
183.0 59.0 36.0 76.0
obstacle
0.0501982942224
238.0 116.0 40.0 12.0
