obstacle
0.675422847271
220.0 157.0 119.0 40.0
obstacle
0.353763341904
410.0 80.0 80.0 18.0
obstacle
0.142062604427
202.0 132.0 154.0 85.0
obstacle
0.10755430907
260.0 166.0 145.0 38.0
obstacle
0.0819053798914
285.0 172.0 20.0 26.0
obstacle
0.0745400860906
269.0 172.0 22.0 25.0
obstacle
0.0707157477736
315.0 153.0 82.0 22.0
obstacle
0.0671593025327
255.0 178.0 50.0 13.0
obstacle
0.0660730153322
266.0 146.0 139.0 37.0
obstacle
0.0609717592597
284.0 152.0 68.0 22.0
obstacle
0.054227001965
423.0 78.0 19.0 22.0
