obstacle
0.783475041389
486.0 62.0 14.0 18.0
obstacle
0.733946323395
34.0 39.0 71.0 18.0
obstacle
0.45989882946
111.0 128.0 336.0 114.0
obstacle
0.338587939739
31.0 39.0 40.0 12.0
obstacle
0.2393001616
10.0 28.0 35.0 13.0
obstacle
0.222180530429
0.0 24.0 61.0 21.0
obstacle
0.215854674578
484.0 68.0 13.0 21.0
obstacle
0.194060072303
8.0 37.0 42.0 12.0
obstacle
0.176761746407
64.0 48.0 46.0 13.0
obstacle
0.175263598561
42.0 36.0 15.0 19.0
obstacle
0.142117068172
1.0 21.0 17.0 25.0
obstacle
0.133709400892
19.0 23.0 15.0 22.0
obstacle
0.119111567736
475.0 54.0 25.0 30.0
obstacle
0.108229294419
76.0 38.0 19.0 19.0
obstacle
0.107338897884
483.0 313.0 16.0 20.0
obstacle
0.10320866853
485.0 50.0 14.0 23.0
obstacle
0.0953308492899
459.0 55.0 30.0 9.0
obstacle
0.090752646327
55.0 38.0 21.0 19.0
obstacle
0.0897445529699
148.0 131.0 31.0 60.0
obstacle
0.0896528214216
54.0 151.0 258.0 71.0
obstacle
0.0843509659171
27.0 28.0 44.0 12.0
obstacle
0.0740793570876
82.0 40.0 42.0 14.0
obstacle
0.0688434243202
0.0 17.0 108.0 36.0
obstacle
0.0673061832786
29.0 49.0 43.0 13.0
obstacle
0.0658558905125
21.0 33.0 15.0 19.0
obstacle
0.0624328553677
111.0 178.0 144.0 41.0
obstacle
0.0612568967044
463.0 50.0 19.0 23.0
obstacle
0.0606166645885
155.0 136.0 93.0 26.0
obstacle
0.0579075068235
477.0 54.0 23.0 10.0
obstacle
0.0575537979603
447.0 313.0 53.0 20.0
obstacle
0.0560016520321
166.0 128.0 34.0 66.0
obstacle
0.0523969270289
382.0 309.0 118.0 24.0
obstacle
0.0517134815454
470.0 307.0 30.0 13.0
obstacle
0.0513330735266
135.0 148.0 57.0 75.0
obstacle
0.05090405792
121.0 145.0 46.0 56.0
obstacle
0.0504253469408
461.0 310.0 21.0 23.0
