obstacle
0.669378399849
61.0 150.0 396.0 104.0
obstacle
0.318069130182
208.0 176.0 254.0 55.0
obstacle
0.272543787956
292.0 140.0 52.0 23.0
obstacle
0.147800683975
106.0 171.0 231.0 64.0
obstacle
0.0776995047927
330.0 189.0 15.0 27.0
obstacle
0.0733130276203
303.0 136.0 30.0 55.0
obstacle
0.0653041750193
268.0 183.0 19.0 40.0
obstacle
0.0652664601803
322.0 169.0 141.0 43.0
obstacle
0.0626362636685
208.0 182.0 28.0 42.0
obstacle
0.06198759377
259.0 134.0 117.0 36.0
obstacle
0.052773013711
334.0 158.0 42.0 15.0
obstacle
0.0525249987841
191.0 200.0 22.0 33.0
obstacle
0.0512622781098
319.0 137.0 34.0 53.0
