obstacle
0.576279580593
74.0 83.0 367.0 128.0
obstacle
0.123842403293
119.0 116.0 280.0 61.0
obstacle
0.114349074662
87.0 112.0 118.0 47.0
obstacle
0.11261228472
360.0 185.0 71.0 25.0
obstacle
0.110729061067
276.0 120.0 80.0 29.0
obstacle
0.109252870083
93.0 118.0 19.0 34.0
obstacle
0.106916345656
73.0 93.0 144.0 109.0
obstacle
0.104335218668
88.0 76.0 113.0 43.0
obstacle
0.0947951376438
201.0 134.0 79.0 28.0
obstacle
0.082223713398
100.0 71.0 16.0 29.0
obstacle
0.0819049328566
101.0 108.0 12.0 31.0
obstacle
0.0813717544079
468.0 319.0 32.0 14.0
obstacle
0.0805593654513
381.0 182.0 28.0 33.0
obstacle
0.0726930350065
89.0 78.0 37.0 12.0
obstacle
0.0722847655416
70.0 129.0 35.0 13.0
obstacle
0.0719965472817
168.0 126.0 144.0 41.0
obstacle
0.0682659968734
81.0 120.0 16.0 32.0
obstacle
0.0642830133438
399.0 182.0 26.0 33.0
obstacle
0.0608094334602
90.0 128.0 30.0 14.0
obstacle
0.0599854998291
373.0 168.0 45.0 59.0
obstacle
0.0582757852972
331.0 179.0 128.0 38.0
obstacle
0.0544822067022
197.0 139.0 51.0 16.0
obstacle
0.0540023855865
91.0 122.0 31.0 47.0
obstacle
0.0540021844208
71.0 108.0 36.0 55.0
obstacle
0.0538553409278
213.0 128.0 56.0 15.0
obstacle
0.0533700324595
387.0 191.0 52.0 14.0
obstacle
0.0514125786722
393.0 309.0 107.0 24.0
obstacle
0.0504182353616
92.0 117.0 30.0 12.0
