obstacle
0.95160484314
275.0 55.0 81.0 23.0
obstacle
0.896231412888
141.0 145.0 165.0 48.0
obstacle
0.864280998707
410.0 56.0 85.0 35.0
obstacle
0.796159744263
412.0 56.0 76.0 33.0
obstacle
0.782519519329
158.0 145.0 154.0 48.0
obstacle
0.755927443504
277.0 54.0 80.0 27.0
obstacle
0.710590302944
279.0 50.0 74.0 26.0
obstacle
0.6287561059
160.0 141.0 158.0 58.0
obstacle
0.549973011017
409.0 56.0 91.0 32.0
obstacle
0.457998842001
165.0 143.0 144.0 43.0
obstacle
0.448372334242
155.0 138.0 138.0 53.0
obstacle
0.431775271893
400.0 61.0 100.0 36.0
obstacle
0.398260354996
137.0 132.0 203.0 63.0
obstacle
0.392573356628
408.0 65.0 84.0 28.0
obstacle
0.37677270174
483.0 82.0 17.0 50.0
obstacle
0.367485851049
483.0 79.0 17.0 39.0
obstacle
0.33981347084
124.0 135.0 194.0 57.0
obstacle
0.305350989103
138.0 149.0 142.0 41.0
obstacle
0.29739177227
275.0 46.0 88.0 34.0
obstacle
0.289402157068
276.0 54.0 62.0 25.0
obstacle
0.241253346205
387.0 53.0 104.0 39.0
obstacle
0.221582502127
293.0 56.0 70.0 25.0
obstacle
0.203733801842
409.0 58.0 63.0 30.0
obstacle
0.186554864049
474.0 81.0 26.0 53.0
obstacle
0.168822214007
425.0 58.0 75.0 27.0
obstacle
0.165514141321
286.0 52.0 90.0 31.0
obstacle
0.164329394698
270.0 49.0 72.0 26.0
obstacle
0.164146617055
392.0 36.0 108.0 69.0
obstacle
0.150743886828
478.0 101.0 22.0 14.0
obstacle
0.146112710238
422.0 50.0 59.0 42.0
obstacle
0.143955409527
416.0 58.0 84.0 45.0
obstacle
0.143622472882
465.0 95.0 35.0 25.0
obstacle
0.1401116997
475.0 92.0 25.0 11.0
obstacle
0.137882113457
289.0 50.0 53.0 35.0
obstacle
0.137181922793
112.0 145.0 184.0 51.0
obstacle
0.129720658064
467.0 60.0 33.0 75.0
obstacle
0.116787225008
436.0 60.0 33.0 24.0
obstacle
0.108334429562
407.0 66.0 65.0 26.0
obstacle
0.106458105147
251.0 52.0 107.0 32.0
obstacle
0.105739124119
420.0 57.0 62.0 45.0
obstacle
0.104472123086
299.0 57.0 36.0 23.0
obstacle
0.101450093091
187.0 148.0 130.0 44.0
obstacle
0.101221948862
464.0 84.0 36.0 28.0
obstacle
0.0888466611505
485.0 101.0 14.0 34.0
obstacle
0.0875772684813
280.0 59.0 77.0 19.0
obstacle
0.0830161347985
134.0 129.0 172.0 87.0
obstacle
0.0822093635798
475.0 79.0 25.0 81.0
obstacle
0.0777158588171
284.0 42.0 97.0 38.0
obstacle
0.075855538249
480.0 59.0 16.0 24.0
obstacle
0.0755377858877
415.0 51.0 85.0 39.0
obstacle
0.0743841826916
142.0 131.0 229.0 63.0
obstacle
0.0730992779136
129.0 121.0 185.0 81.0
obstacle
0.0726125687361
265.0 39.0 103.0 60.0
obstacle
0.0723858326674
176.0 142.0 154.0 44.0
obstacle
0.0675398409367
421.0 36.0 79.0 119.0
obstacle
0.0675185620785
395.0 48.0 105.0 68.0
obstacle
0.0658253058791
429.0 83.0 71.0 50.0
obstacle
0.0644301921129
474.0 112.0 26.0 16.0
obstacle
0.0633234232664
287.0 54.0 58.0 14.0
obstacle
0.0621440932155
473.0 64.0 27.0 12.0
obstacle
0.0618668086827
72.0 134.0 262.0 58.0
obstacle
0.0584606043994
255.0 41.0 97.0 41.0
obstacle
0.0584301613271
290.0 52.0 20.0 20.0
obstacle
0.058217342943
229.0 154.0 25.0 36.0
obstacle
0.0555803924799
372.0 61.0 128.0 36.0
obstacle
0.055538829416
157.0 140.0 200.0 62.0
obstacle
0.0551162399352
287.0 48.0 85.0 28.0
obstacle
0.0544054917991
302.0 36.0 198.0 120.0
obstacle
0.0534537248313
424.0 62.0 54.0 20.0
obstacle
0.0509577915072
78.0 118.0 288.0 128.0
obstacle
0.0509231165051
145.0 118.0 187.0 86.0
