obstacle
0.869299650192
187.0 152.0 40.0 13.0
obstacle
0.544244587421
188.0 152.0 50.0 13.0
obstacle
0.536392807961
181.0 153.0 50.0 15.0
obstacle
0.503856599331
186.0 153.0 38.0 9.0
obstacle
0.273548334837
186.0 152.0 55.0 19.0
obstacle
0.246220141649
188.0 151.0 31.0 14.0
obstacle
0.240730985999
1.0 147.0 8.0 13.0
obstacle
0.150130346417
184.0 156.0 43.0 11.0
obstacle
0.124256141484
2.0 150.0 17.0 8.0
obstacle
0.121370106936
189.0 153.0 29.0 16.0
obstacle
0.104354478419
209.0 154.0 17.0 15.0
obstacle
0.0996688753366
198.0 153.0 36.0 8.0
obstacle
0.097623847425
0.0 147.0 50.0 15.0
obstacle
0.0922261327505
165.0 148.0 106.0 28.0
obstacle
0.090129904449
13.0 149.0 28.0 10.0
obstacle
0.0873468369246
158.0 144.0 95.0 26.0
obstacle
0.0850154533982
182.0 143.0 43.0 26.0
obstacle
0.0799852907658
28.0 150.0 36.0 10.0
obstacle
0.0775967314839
199.0 157.0 38.0 11.0
obstacle
0.0748300999403
159.0 149.0 91.0 27.0
obstacle
0.0679135620594
2.0 137.0 10.0 19.0
obstacle
0.0648591667414
0.0 141.0 23.0 9.0
obstacle
0.0601924471557
165.0 144.0 107.0 25.0
obstacle
0.0583548285067
0.0 138.0 59.0 16.0
obstacle
0.0582649372518
13.0 141.0 32.0 9.0
obstacle
0.0569618046284
7.0 145.0 77.0 20.0
obstacle
0.0516653768718
0.0 146.0 29.0 15.0
obstacle
0.0503080077469
21.0 147.0 11.0 14.0
