obstacle
0.454053848982
200.0 132.0 300.0 109.0
obstacle
0.443342626095
226.0 135.0 274.0 104.0
obstacle
0.430935770273
234.0 142.0 266.0 109.0
obstacle
0.412749260664
317.0 134.0 36.0 54.0
obstacle
0.320067077875
263.0 154.0 237.0 66.0
obstacle
0.306839376688
230.0 152.0 270.0 69.0
obstacle
0.282689720392
0.0 68.0 23.0 9.0
obstacle
0.274602860212
192.0 143.0 308.0 107.0
obstacle
0.263335883617
290.0 158.0 210.0 58.0
obstacle
0.261750042439
5.0 67.0 11.0 13.0
obstacle
0.223178818822
242.0 163.0 258.0 68.0
obstacle
0.20475076139
319.0 135.0 31.0 52.0
obstacle
0.192657351494
282.0 163.0 218.0 68.0
obstacle
0.187727123499
112.0 57.0 107.0 52.0
obstacle
0.179262131453
209.0 69.0 133.0 54.0
obstacle
0.176314160228
210.0 56.0 131.0 58.0
obstacle
0.174524351954
186.0 59.0 148.0 50.0
obstacle
0.171080186963
482.0 158.0 18.0 31.0
obstacle
0.16556622088
167.0 119.0 333.0 112.0
obstacle
0.161553382874
191.0 35.0 138.0 98.0
obstacle
0.149459838867
206.0 49.0 143.0 94.0
obstacle
0.148984000087
187.0 45.0 145.0 102.0
obstacle
0.14715488255
320.0 147.0 31.0 49.0
obstacle
0.14403373003
243.0 130.0 257.0 114.0
obstacle
0.141875639558
119.0 58.0 126.0 50.0
obstacle
0.138095021248
254.0 138.0 246.0 119.0
obstacle
0.135915324092
180.0 137.0 314.0 121.0
obstacle
0.135038003325
342.0 167.0 140.0 40.0
obstacle
0.132968828082
472.0 167.0 28.0 14.0
obstacle
0.13215637207
219.0 147.0 276.0 79.0
obstacle
0.129290804267
93.0 37.0 176.0 93.0
obstacle
0.12842965126
56.0 191.0 137.0 38.0
obstacle
0.118960015476
311.0 129.0 189.0 114.0
obstacle
0.118769973516
187.0 73.0 147.0 45.0
obstacle
0.117833092809
75.0 193.0 135.0 35.0
obstacle
0.117439709604
251.0 46.0 54.0 99.0
obstacle
0.116901755333
103.0 139.0 352.0 119.0
obstacle
0.11256685853
0.0 65.0 32.0 16.0
obstacle
0.112376064062
235.0 45.0 50.0 78.0
obstacle
0.112033106387
209.0 167.0 255.0 60.0
obstacle
0.11041508615
101.0 23.0 163.0 96.0
obstacle
0.108782358468
10.0 68.0 32.0 9.0
obstacle
0.107324272394
94.0 38.0 141.0 89.0
obstacle
0.106521673501
101.0 47.0 128.0 50.0
obstacle
0.10599963367
281.0 125.0 189.0 123.0
obstacle
0.103508837521
237.0 67.0 48.0 81.0
obstacle
0.0993325337768
63.0 179.0 125.0 43.0
obstacle
0.0990308374166
232.0 49.0 57.0 93.0
obstacle
0.0973502248526
473.0 144.0 27.0 83.0
obstacle
0.0972065404058
117.0 13.0 169.0 115.0
obstacle
0.0971904173493
184.0 50.0 152.0 117.0
obstacle
0.0971653014421
129.0 51.0 146.0 40.0
obstacle
0.09701076895
111.0 169.0 297.0 59.0
obstacle
0.0966570079327
87.0 142.0 343.0 113.0
obstacle
0.0954415127635
6.0 75.0 41.0 11.0
obstacle
0.0952423512936
122.0 142.0 352.0 112.0
obstacle
0.0945360660553
304.0 145.0 63.0 33.0
obstacle
0.0944701731205
201.0 46.0 155.0 125.0
obstacle
0.0939366593957
459.0 162.0 41.0 23.0
obstacle
0.0936991348863
286.0 138.0 178.0 121.0
obstacle
0.0930213853717
471.0 138.0 29.0 71.0
obstacle
0.0924122259021
213.0 83.0 129.0 51.0
obstacle
0.0908293351531
186.0 112.0 314.0 124.0
obstacle
0.0903534367681
0.0 66.0 51.0 15.0
obstacle
0.0894777029753
205.0 123.0 295.0 103.0
obstacle
0.0891751646996
295.0 133.0 51.0 56.0
obstacle
0.0888487771153
221.0 33.0 41.0 77.0
obstacle
0.0887956023216
156.0 45.0 207.0 79.0
obstacle
0.0884295403957
151.0 62.0 217.0 67.0
obstacle
0.0883294790983
155.0 169.0 248.0 59.0
obstacle
0.0877356976271
188.0 86.0 146.0 43.0
obstacle
0.0854694768786
121.0 51.0 49.0 15.0
obstacle
0.0845845341682
125.0 49.0 118.0 47.0
obstacle
0.0844592526555
251.0 61.0 55.0 95.0
obstacle
0.0844351947308
50.0 195.0 116.0 32.0
obstacle
0.0792751386762
205.0 38.0 145.0 92.0
obstacle
0.0790008679032
254.0 107.0 166.0 107.0
obstacle
0.0777591317892
316.0 152.0 40.0 19.0
obstacle
0.0771281719208
0.0 71.0 55.0 18.0
obstacle
0.0756729543209
115.0 128.0 368.0 117.0
obstacle
0.0750958845019
187.0 50.0 145.0 47.0
obstacle
0.0749879479408
0.0 75.0 25.0 10.0
obstacle
0.0743028745055
207.0 54.0 139.0 40.0
obstacle
0.0735597461462
482.0 167.0 18.0 34.0
obstacle
0.0721647888422
135.0 12.0 172.0 117.0
obstacle
0.0720153599977
355.0 168.0 145.0 39.0
obstacle
0.0709012374282
116.0 24.0 170.0 119.0
obstacle
0.0707219019532
324.0 165.0 142.0 43.0
obstacle
0.0699937194586
332.0 141.0 44.0 62.0
obstacle
0.0696802809834
83.0 178.0 120.0 42.0
obstacle
0.069136351347
165.0 32.0 153.0 104.0
obstacle
0.0689398869872
112.0 46.0 69.0 24.0
obstacle
0.0688081309199
172.0 60.0 211.0 72.0
obstacle
0.068274371326
88.0 44.0 228.0 78.0
obstacle
0.0678862482309
119.0 74.0 125.0 42.0
obstacle
0.0677157044411
193.0 186.0 17.0 30.0
obstacle
0.0675537288189
351.0 178.0 49.0 16.0
obstacle
0.0672392323613
360.0 172.0 138.0 49.0
obstacle
0.0671368092299
90.0 31.0 148.0 79.0
obstacle
0.067119717598
157.0 110.0 343.0 101.0
obstacle
0.0666588842869
60.0 201.0 92.0 22.0
obstacle
0.0652569010854
178.0 117.0 318.0 88.0
obstacle
0.0633533298969
325.0 140.0 175.0 116.0
obstacle
0.0632120966911
76.0 33.0 252.0 76.0
obstacle
0.0631762892008
26.0 65.0 39.0 13.0
obstacle
0.0630855187774
379.0 166.0 121.0 42.0
obstacle
0.0630729347467
294.0 142.0 200.0 113.0
obstacle
0.0630553737283
263.0 138.0 186.0 120.0
obstacle
0.0622797831893
152.0 167.0 292.0 63.0
obstacle
0.0614885538816
97.0 35.0 363.0 122.0
obstacle
0.0611785799265
339.0 170.0 145.0 52.0
obstacle
0.0609823167324
322.0 149.0 28.0 45.0
obstacle
0.0608587674797
222.0 12.0 38.0 93.0
obstacle
0.0608419775963
173.0 48.0 135.0 49.0
obstacle
0.0605896934867
469.0 177.0 31.0 15.0
obstacle
0.0601121969521
97.0 47.0 170.0 97.0
obstacle
0.0590782351792
277.0 136.0 117.0 50.0
obstacle
0.0588569790125
107.0 51.0 305.0 113.0
obstacle
0.0588055923581
231.0 141.0 269.0 66.0
obstacle
0.0586967542768
153.0 78.0 214.0 59.0
obstacle
0.0569810904562
193.0 196.0 18.0 29.0
obstacle
0.0569713152945
218.0 44.0 48.0 78.0
obstacle
0.0565875843167
112.0 38.0 142.0 44.0
obstacle
0.0559727549553
310.0 155.0 190.0 64.0
obstacle
0.0558224730194
24.0 76.0 44.0 12.0
obstacle
0.0540231987834
76.0 50.0 214.0 65.0
obstacle
0.0539795979857
254.0 139.0 129.0 45.0
obstacle
0.0531626045704
274.0 111.0 226.0 125.0
obstacle
0.052768945694
106.0 71.0 117.0 47.0
obstacle
0.0527652278543
455.0 171.0 45.0 26.0
obstacle
0.052709043026
351.0 148.0 46.0 77.0
obstacle
0.0525979287922
390.0 179.0 48.0 14.0
obstacle
0.0523981377482
96.0 179.0 133.0 40.0
obstacle
0.0516187958419
115.0 180.0 135.0 40.0
obstacle
0.0515971034765
367.0 179.0 55.0 15.0
obstacle
0.0514401569963
298.0 163.0 156.0 46.0
obstacle
0.0513898804784
239.0 29.0 42.0 86.0
obstacle
0.0513880588114
265.0 131.0 181.0 109.0
obstacle
0.0504019334912
187.0 176.0 145.0 47.0
obstacle
0.0502995140851
258.0 78.0 44.0 84.0
obstacle
0.0500978380442
364.0 175.0 99.0 23.0
