obstacle
0.856749892235
221.0 204.0 149.0 35.0
obstacle
0.79150724411
215.0 203.0 138.0 35.0
obstacle
0.637017250061
219.0 198.0 126.0 35.0
obstacle
0.564401865005
227.0 198.0 135.0 36.0
obstacle
0.477283984423
244.0 207.0 133.0 33.0
obstacle
0.39491584897
218.0 200.0 159.0 46.0
obstacle
0.300132840872
192.0 198.0 176.0 48.0
obstacle
0.185637518764
243.0 209.0 107.0 27.0
obstacle
0.180657878518
228.0 209.0 101.0 25.0
obstacle
0.17016389966
213.0 199.0 106.0 31.0
obstacle
0.144940823317
287.0 212.0 21.0 24.0
obstacle
0.140631109476
218.0 203.0 86.0 23.0
obstacle
0.129489824176
267.0 210.0 23.0 26.0
obstacle
0.122058950365
209.0 180.0 174.0 88.0
obstacle
0.112900525331
196.0 182.0 165.0 84.0
obstacle
0.111874833703
230.0 200.0 171.0 46.0
obstacle
0.104656793177
265.0 211.0 99.0 25.0
obstacle
0.0865542516112
250.0 198.0 125.0 35.0
obstacle
0.0830175206065
210.0 214.0 174.0 37.0
obstacle
0.0814695209265
205.0 204.0 123.0 33.0
obstacle
0.0798880457878
229.0 202.0 97.0 26.0
obstacle
0.0780916512012
186.0 206.0 224.0 57.0
obstacle
0.0724091082811
292.0 211.0 80.0 25.0
obstacle
0.070351883769
263.0 207.0 134.0 33.0
obstacle
0.0702615454793
267.0 216.0 64.0 14.0
obstacle
0.0668338984251
220.0 211.0 85.0 19.0
obstacle
0.0612321309745
247.0 215.0 65.0 14.0
obstacle
0.0607696473598
141.0 169.0 314.0 131.0
obstacle
0.0599368885159
176.0 190.0 206.0 46.0
obstacle
0.0597630441189
158.0 205.0 243.0 58.0
obstacle
0.0582009106874
288.0 219.0 19.0 32.0
obstacle
0.0558032393456
124.0 174.0 310.0 122.0
obstacle
0.0553311780095
197.0 187.0 199.0 53.0
obstacle
0.0540450029075
333.0 218.0 40.0 13.0
obstacle
0.0531762205064
200.0 213.0 163.0 39.0
