obstacle
0.944272577763
329.0 204.0 163.0 41.0
obstacle
0.884808540344
335.0 202.0 154.0 46.0
obstacle
0.870461642742
326.0 203.0 150.0 46.0
obstacle
0.793604791164
76.0 197.0 138.0 54.0
obstacle
0.714697420597
310.0 201.0 172.0 47.0
obstacle
0.663844585419
71.0 174.0 147.0 100.0
obstacle
0.597361207008
89.0 200.0 138.0 49.0
obstacle
0.58329564333
7.0 195.0 47.0 31.0
obstacle
0.487179249525
62.0 197.0 137.0 52.0
obstacle
0.45876249671
125.0 143.0 7.0 9.0
obstacle
0.44655880332
371.0 145.0 8.0 8.0
obstacle
0.440370291471
7.0 190.0 43.0 41.0
obstacle
0.412730127573
93.0 173.0 139.0 101.0
obstacle
0.395949453115
283.0 139.0 26.0 9.0
obstacle
0.384353846312
281.0 133.0 29.0 10.0
obstacle
0.3778244555
320.0 188.0 180.0 74.0
obstacle
0.368801057339
62.0 179.0 130.0 89.0
obstacle
0.364430844784
12.0 189.0 32.0 41.0
obstacle
0.359622985125
405.0 178.0 59.0 20.0
obstacle
0.332250148058
336.0 211.0 147.0 41.0
obstacle
0.318150341511
338.0 196.0 162.0 56.0
obstacle
0.315539449453
79.0 191.0 134.0 49.0
obstacle
0.292927920818
61.0 189.0 168.0 71.0
obstacle
0.288151979446
345.0 204.0 155.0 39.0
obstacle
0.282048672438
325.0 205.0 175.0 56.0
obstacle
0.27863329649
71.0 170.0 147.0 86.0
obstacle
0.276177257299
267.0 139.0 30.0 10.0
obstacle
0.272869378328
333.0 208.0 131.0 47.0
obstacle
0.264695852995
308.0 188.0 175.0 73.0
obstacle
0.262234300375
0.0 191.0 74.0 39.0
obstacle
0.253323227167
117.0 143.0 19.0 8.0
obstacle
0.248837828636
365.0 144.0 19.0 8.0
obstacle
0.238255441189
94.0 206.0 132.0 56.0
obstacle
0.232956692576
72.0 209.0 146.0 49.0
obstacle
0.222417995334
265.0 131.0 33.0 12.0
obstacle
0.207425266504
407.0 180.0 51.0 16.0
obstacle
0.200384646654
334.0 189.0 157.0 55.0
obstacle
0.19732119143
13.0 201.0 33.0 21.0
obstacle
0.189403489232
293.0 209.0 204.0 48.0
obstacle
0.1856700629
104.0 194.0 111.0 43.0
obstacle
0.17934474349
7.0 196.0 69.0 30.0
obstacle
0.178385362029
274.0 130.0 46.0 18.0
obstacle
0.177367925644
0.0 192.0 101.0 38.0
obstacle
0.171218305826
66.0 181.0 157.0 108.0
obstacle
0.168741837144
309.0 186.0 191.0 57.0
obstacle
0.168596461415
270.0 135.0 53.0 18.0
obstacle
0.166053637862
287.0 130.0 14.0 16.0
obstacle
0.165301576257
320.0 142.0 33.0 10.0
obstacle
0.160265207291
342.0 142.0 31.0 10.0
obstacle
0.149961203337
137.0 201.0 49.0 67.0
obstacle
0.14735609293
117.0 190.0 59.0 68.0
obstacle
0.146902352571
379.0 171.0 109.0 35.0
obstacle
0.14158987999
368.0 148.0 10.0 16.0
obstacle
0.138745129108
92.0 170.0 141.0 85.0
obstacle
0.130260705948
298.0 140.0 35.0 10.0
obstacle
0.126501083374
137.0 189.0 49.0 70.0
obstacle
0.12452570349
411.0 176.0 76.0 24.0
obstacle
0.119895204902
54.0 209.0 150.0 49.0
obstacle
0.115735299885
93.0 178.0 139.0 114.0
obstacle
0.11355368793
288.0 137.0 13.0 13.0
obstacle
0.112632639706
77.0 187.0 171.0 74.0
obstacle
0.111217051744
250.0 135.0 64.0 18.0
obstacle
0.110514909029
322.0 193.0 178.0 85.0
obstacle
0.110069766641
315.0 130.0 42.0 12.0
obstacle
0.108720973134
251.0 127.0 61.0 22.0
obstacle
0.0997255817056
56.0 187.0 141.0 97.0
obstacle
0.0959868356586
0.0 188.0 60.0 29.0
obstacle
0.0950465872884
4.0 166.0 50.0 71.0
obstacle
0.0950392857194
13.0 185.0 225.0 76.0
obstacle
0.0947668403387
128.0 141.0 29.0 11.0
obstacle
0.0940946415067
314.0 192.0 164.0 85.0
obstacle
0.0920944735408
239.0 141.0 44.0 11.0
obstacle
0.0909118354321
94.0 192.0 68.0 64.0
obstacle
0.0908447951078
19.0 181.0 50.0 59.0
obstacle
0.089240565896
338.0 131.0 37.0 10.0
obstacle
0.0866618975997
426.0 180.0 49.0 15.0
obstacle
0.0842196494341
118.0 148.0 12.0 18.0
obstacle
0.0803076848388
360.0 152.0 30.0 11.0
obstacle
0.0799580514431
0.0 180.0 62.0 43.0
obstacle
0.0798390731215
298.0 131.0 35.0 11.0
obstacle
0.0789252072573
18.0 186.0 21.0 31.0
obstacle
0.0787157416344
415.0 186.0 69.0 22.0
obstacle
0.0769450590014
90.0 193.0 41.0 62.0
obstacle
0.0761114507914
312.0 204.0 143.0 44.0
obstacle
0.0739459693432
393.0 170.0 107.0 36.0
obstacle
0.0738906338811
420.0 176.0 25.0 25.0
obstacle
0.0738759487867
275.0 129.0 15.0 19.0
obstacle
0.0731857344508
431.0 191.0 41.0 13.0
obstacle
0.0724779292941
91.0 142.0 35.0 10.0
obstacle
0.0718239098787
314.0 152.0 46.0 14.0
obstacle
0.0706051066518
363.0 176.0 136.0 48.0
obstacle
0.0703815668821
124.0 200.0 76.0 24.0
obstacle
0.070343054831
115.0 195.0 61.0 78.0
obstacle
0.070034429431
354.0 142.0 9.0 12.0
obstacle
0.0674736946821
306.0 182.0 194.0 65.0
obstacle
0.0674495622516
8.0 187.0 72.0 28.0
obstacle
0.0671752393246
161.0 192.0 36.0 64.0
obstacle
0.0667187273502
174.0 201.0 19.0 45.0
obstacle
0.0665339753032
0.0 169.0 85.0 83.0
obstacle
0.0655876994133
0.0 179.0 109.0 45.0
obstacle
0.0655814409256
122.0 204.0 77.0 41.0
obstacle
0.0643442049623
109.0 198.0 137.0 52.0
obstacle
0.0642068013549
12.0 201.0 266.0 68.0
obstacle
0.063404455781
402.0 209.0 23.0 31.0
obstacle
0.0632259696722
274.0 137.0 14.0 14.0
obstacle
0.062298707664
101.0 206.0 88.0 37.0
obstacle
0.062178786844
119.0 130.0 11.0 17.0
obstacle
0.0615863464773
375.0 142.0 35.0 11.0
obstacle
0.0615566037595
0.0 194.0 46.0 33.0
obstacle
0.0611241236329
85.0 130.0 42.0 11.0
obstacle
0.0601934082806
133.0 203.0 22.0 44.0
obstacle
0.0594543144107
340.0 153.0 34.0 10.0
obstacle
0.0581915564835
407.0 0.0 51.0 12.0
obstacle
0.0579457432032
331.0 139.0 11.0 16.0
obstacle
0.0576052889228
297.0 135.0 81.0 24.0
obstacle
0.0566332265735
6.0 191.0 44.0 60.0
obstacle
0.0562743358314
12.0 195.0 34.0 13.0
obstacle
0.0562007911503
135.0 141.0 10.0 13.0
obstacle
0.0551685579121
319.0 137.0 75.0 21.0
obstacle
0.0548722520471
382.0 180.0 118.0 38.0
obstacle
0.0538701228797
0.0 199.0 253.0 72.0
obstacle
0.0538600198925
49.0 164.0 155.0 97.0
obstacle
0.0534016042948
351.0 148.0 12.0 19.0
obstacle
0.0529875643551
158.0 201.0 44.0 69.0
obstacle
0.0525952465832
329.0 177.0 166.0 71.0
obstacle
0.0520472116768
292.0 124.0 88.0 25.0
obstacle
0.0511551164091
402.0 220.0 22.0 30.0
obstacle
0.0508655905724
64.0 78.0 436.0 115.0
obstacle
0.0507294721901
0.0 177.0 81.0 51.0
obstacle
0.050662972033
119.0 175.0 52.0 79.0
obstacle
0.0506461746991
278.0 136.0 71.0 19.0
obstacle
0.0504278689623
398.0 186.0 70.0 22.0
obstacle
0.05001013726
326.0 188.0 147.0 57.0
