obstacle
0.8390365839
98.0 203.0 96.0 34.0
obstacle
0.735999405384
242.0 178.0 70.0 16.0
obstacle
0.652834236622
157.0 168.0 44.0 13.0
obstacle
0.628396809101
189.0 314.0 21.0 19.0
obstacle
0.621503531933
339.0 182.0 33.0 11.0
obstacle
0.620500028133
329.0 180.0 54.0 16.0
obstacle
0.592327415943
304.0 198.0 17.0 19.0
obstacle
0.561688482761
279.0 180.0 34.0 10.0
obstacle
0.540636122227
255.0 181.0 48.0 10.0
obstacle
0.521935760975
42.0 162.0 54.0 18.0
obstacle
0.51481795311
357.0 201.0 35.0 13.0
obstacle
0.504575788975
48.0 166.0 41.0 11.0
obstacle
0.498221993446
348.0 190.0 46.0 23.0
obstacle
0.490662485361
302.0 203.0 29.0 10.0
obstacle
0.450053185225
236.0 181.0 51.0 12.0
obstacle
0.40144109726
354.0 194.0 36.0 14.0
obstacle
0.386720895767
65.0 167.0 38.0 11.0
obstacle
0.376997172832
323.0 182.0 33.0 11.0
obstacle
0.365375429392
304.0 195.0 27.0 10.0
obstacle
0.346500694752
176.0 314.0 19.0 19.0
obstacle
0.343976408243
340.0 201.0 36.0 13.0
obstacle
0.316955417395
149.0 168.0 38.0 11.0
obstacle
0.294272661209
185.0 319.0 35.0 12.0
obstacle
0.261910140514
174.0 313.0 53.0 20.0
obstacle
0.261577099562
292.0 190.0 19.0 22.0
obstacle
0.259934425354
324.0 197.0 66.0 21.0
obstacle
0.242532029748
282.0 203.0 39.0 11.0
obstacle
0.200915455818
289.0 198.0 55.0 20.0
obstacle
0.193415671587
140.0 165.0 58.0 18.0
obstacle
0.192968219519
363.0 191.0 19.0 20.0
obstacle
0.186366930604
356.0 183.0 31.0 9.0
obstacle
0.182283967733
475.0 309.0 25.0 10.0
obstacle
0.167714521289
285.0 193.0 30.0 12.0
obstacle
0.166573524475
487.0 306.0 11.0 19.0
obstacle
0.16122995317
339.0 193.0 37.0 13.0
obstacle
0.157372713089
223.0 181.0 42.0 12.0
obstacle
0.153206199408
482.0 312.0 17.0 21.0
obstacle
0.144563242793
471.0 318.0 29.0 14.0
obstacle
0.142437636852
332.0 180.0 15.0 15.0
obstacle
0.142228752375
169.0 165.0 19.0 17.0
obstacle
0.140374645591
130.0 210.0 31.0 24.0
obstacle
0.132990971208
237.0 173.0 86.0 28.0
obstacle
0.132856115699
265.0 189.0 64.0 23.0
obstacle
0.132675334811
59.0 164.0 17.0 15.0
obstacle
0.128612011671
347.0 180.0 16.0 15.0
obstacle
0.123932771385
347.0 189.0 20.0 23.0
obstacle
0.123316019773
80.0 188.0 127.0 71.0
obstacle
0.122073821723
336.0 178.0 68.0 21.0
obstacle
0.118876747787
166.0 320.0 39.0 12.0
obstacle
0.118395112455
128.0 309.0 148.0 24.0
obstacle
0.113156720996
347.0 198.0 19.0 19.0
obstacle
0.111345745623
45.0 156.0 45.0 12.0
obstacle
0.108268767595
269.0 179.0 18.0 13.0
obstacle
0.10727917403
297.0 190.0 82.0 21.0
obstacle
0.105916082859
127.0 147.0 373.0 128.0
obstacle
0.105366647243
76.0 164.0 15.0 16.0
obstacle
0.10386544466
29.0 166.0 42.0 12.0
obstacle
0.101863399148
192.0 168.0 253.0 61.0
obstacle
0.0975176617503
449.0 311.0 51.0 22.0
obstacle
0.0961765050888
248.0 178.0 21.0 18.0
obstacle
0.0960520654917
114.0 214.0 64.0 16.0
obstacle
0.0952449738979
214.0 175.0 64.0 22.0
obstacle
0.0950626656413
313.0 203.0 48.0 12.0
obstacle
0.0942935943604
388.0 309.0 112.0 24.0
obstacle
0.092561557889
56.0 293.0 293.0 40.0
obstacle
0.0916405916214
297.0 182.0 38.0 9.0
obstacle
0.0915099307895
14.0 157.0 109.0 32.0
obstacle
0.0897184312344
33.0 152.0 68.0 23.0
obstacle
0.0881753861904
244.0 179.0 146.0 41.0
obstacle
0.0878274962306
456.0 304.0 44.0 21.0
obstacle
0.0873776301742
462.0 311.0 18.0 22.0
obstacle
0.0868913009763
289.0 179.0 16.0 13.0
obstacle
0.0856836736202
158.0 167.0 17.0 15.0
obstacle
0.0817468315363
456.0 308.0 34.0 11.0
obstacle
0.0794931277633
452.0 319.0 41.0 13.0
obstacle
0.0765909850597
118.0 195.0 118.0 35.0
obstacle
0.0756768360734
465.0 305.0 16.0 20.0
obstacle
0.0746087804437
374.0 204.0 36.0 11.0
obstacle
0.0721748173237
13.0 160.0 76.0 23.0
obstacle
0.0717278718948
318.0 192.0 39.0 11.0
obstacle
0.0711677968502
305.0 184.0 133.0 32.0
obstacle
0.0694613605738
167.0 302.0 37.0 31.0
obstacle
0.0644172206521
150.0 210.0 25.0 24.0
obstacle
0.0584648512304
198.0 321.0 10.0 9.0
obstacle
0.0583961978555
233.0 176.0 18.0 23.0
obstacle
0.0561116524041
209.0 314.0 18.0 19.0
obstacle
0.0553628355265
305.0 174.0 101.0 29.0
obstacle
0.054446157068
236.0 186.0 86.0 23.0
obstacle
0.0542306117713
180.0 299.0 39.0 34.0
obstacle
0.054066888988
130.0 159.0 106.0 30.0
obstacle
0.0534954033792
327.0 199.0 18.0 21.0
obstacle
0.0518214181066
267.0 191.0 138.0 36.0
obstacle
0.0514576286077
32.0 186.0 223.0 53.0
obstacle
0.0509687326849
219.0 151.0 194.0 120.0
