obstacle
0.581816911697
438.0 95.0 17.0 13.0
obstacle
0.52815258503
442.0 98.0 18.0 8.0
obstacle
0.461308777332
59.0 97.0 129.0 31.0
obstacle
0.345056056976
100.0 136.0 358.0 106.0
obstacle
0.25728186965
316.0 164.0 41.0 72.0
obstacle
0.236277028918
340.0 158.0 30.0 83.0
obstacle
0.21883712709
431.0 95.0 40.0 14.0
obstacle
0.202008411288
193.0 135.0 172.0 108.0
obstacle
0.198452234268
134.0 170.0 253.0 58.0
obstacle
0.191168367863
69.0 80.0 72.0 24.0
obstacle
0.184980690479
360.0 135.0 28.0 109.0
obstacle
0.182927593589
0.0 85.0 222.0 56.0
obstacle
0.181336313486
36.0 83.0 139.0 41.0
obstacle
0.173270702362
95.0 79.0 23.0 26.0
obstacle
0.162324607372
88.0 84.0 36.0 14.0
obstacle
0.145119249821
295.0 163.0 46.0 74.0
obstacle
0.131378933787
46.0 76.0 119.0 34.0
obstacle
0.131375774741
285.0 111.0 26.0 49.0
obstacle
0.130554243922
486.0 253.0 11.0 23.0
obstacle
0.116207115352
240.0 195.0 41.0 11.0
obstacle
0.115700684488
170.0 134.0 141.0 47.0
obstacle
0.115631006658
250.0 187.0 20.0 27.0
obstacle
0.114876963198
378.0 158.0 29.0 84.0
obstacle
0.113463290036
220.0 130.0 40.0 55.0
obstacle
0.112241446972
239.0 129.0 40.0 55.0
obstacle
0.111598521471
166.0 148.0 226.0 62.0
obstacle
0.10848056525
274.0 170.0 49.0 60.0
obstacle
0.107288815081
242.0 198.0 73.0 23.0
obstacle
0.106586799026
229.0 151.0 61.0 77.0
obstacle
0.104692488909
251.0 194.0 19.0 32.0
obstacle
0.10136026144
418.0 96.0 37.0 12.0
obstacle
0.0998756065965
242.0 138.0 189.0 125.0
obstacle
0.0983994156122
192.0 121.0 134.0 31.0
obstacle
0.0966351106763
88.0 68.0 34.0 49.0
obstacle
0.0956111475825
476.0 231.0 24.0 50.0
obstacle
0.0941776260734
250.0 153.0 57.0 72.0
obstacle
0.0921427980065
110.0 99.0 31.0 29.0
obstacle
0.0920192152262
289.0 197.0 17.0 26.0
obstacle
0.090746358037
432.0 93.0 67.0 17.0
obstacle
0.0890733078122
223.0 183.0 227.0 54.0
obstacle
0.0878074839711
288.0 187.0 20.0 28.0
obstacle
0.0848672538996
19.0 95.0 139.0 38.0
obstacle
0.0843689516187
226.0 95.0 20.0 19.0
obstacle
0.0835445448756
222.0 97.0 33.0 13.0
obstacle
0.0829934924841
218.0 192.0 123.0 33.0
obstacle
0.0826942846179
181.0 171.0 158.0 36.0
obstacle
0.0805433243513
203.0 132.0 39.0 50.0
obstacle
0.0804565474391
278.0 204.0 40.0 12.0
obstacle
0.0789937898517
339.0 132.0 32.0 72.0
obstacle
0.0759000554681
64.0 118.0 47.0 11.0
obstacle
0.075411580503
473.0 259.0 27.0 11.0
obstacle
0.0750716850162
196.0 181.0 131.0 36.0
obstacle
0.0745506882668
254.0 194.0 48.0 13.0
obstacle
0.0740500539541
346.0 193.0 18.0 34.0
obstacle
0.0729097127914
257.0 133.0 41.0 69.0
obstacle
0.072814360261
92.0 106.0 67.0 15.0
obstacle
0.0725204870105
483.0 90.0 15.0 25.0
obstacle
0.0722078680992
93.0 93.0 99.0 23.0
obstacle
0.072206735611
242.0 189.0 72.0 23.0
obstacle
0.0721154585481
291.0 194.0 52.0 13.0
obstacle
0.0716185793281
176.0 107.0 166.0 101.0
obstacle
0.0714433640242
223.0 105.0 34.0 60.0
obstacle
0.0713925212622
275.0 190.0 85.0 20.0
obstacle
0.0712357908487
329.0 185.0 17.0 30.0
obstacle
0.0712026804686
254.0 203.0 50.0 15.0
obstacle
0.071017742157
448.0 96.0 43.0 11.0
obstacle
0.0709352940321
92.0 99.0 27.0 30.0
obstacle
0.0706143453717
238.0 203.0 45.0 14.0
obstacle
0.0700462013483
377.0 126.0 29.0 84.0
obstacle
0.0699494481087
299.0 115.0 36.0 62.0
obstacle
0.0698295757174
483.0 264.0 15.0 17.0
obstacle
0.0696667581797
316.0 132.0 39.0 73.0
obstacle
0.0694859996438
276.0 195.0 45.0 11.0
obstacle
0.0687348470092
131.0 104.0 369.0 108.0
obstacle
0.0661997646093
387.0 197.0 15.0 28.0
obstacle
0.0661448165774
249.0 123.0 17.0 27.0
obstacle
0.0660159662366
220.0 106.0 37.0 11.0
obstacle
0.064867824316
469.0 96.0 31.0 12.0
obstacle
0.0637369304895
77.0 111.0 91.0 22.0
obstacle
0.0634262561798
96.0 69.0 20.0 28.0
obstacle
0.0628132149577
328.0 194.0 20.0 32.0
obstacle
0.0627111792564
268.0 185.0 20.0 31.0
obstacle
0.0625895708799
276.0 145.0 41.0 67.0
obstacle
0.0620920844376
242.0 108.0 35.0 54.0
obstacle
0.0617616064847
473.0 178.0 27.0 87.0
obstacle
0.0605303458869
248.0 128.0 137.0 37.0
obstacle
0.0604158565402
211.0 93.0 59.0 23.0
obstacle
0.0600188784301
348.0 185.0 15.0 29.0
obstacle
0.0584113523364
0.0 73.0 317.0 80.0
obstacle
0.0571176670492
261.0 190.0 149.0 39.0
obstacle
0.0568524077535
203.0 97.0 39.0 14.0
obstacle
0.056657794863
314.0 194.0 45.0 12.0
obstacle
0.056422341615
485.0 240.0 13.0 28.0
obstacle
0.0563338957727
482.0 78.0 17.0 28.0
obstacle
0.0563075616956
473.0 50.0 27.0 84.0
obstacle
0.0554036013782
68.0 69.0 37.0 48.0
obstacle
0.0549010671675
141.0 97.0 44.0 12.0
obstacle
0.0546058863401
0.0 65.0 239.0 54.0
obstacle
0.0545686557889
84.0 77.0 43.0 12.0
obstacle
0.0540970005095
269.0 47.0 231.0 112.0
obstacle
0.0540503263474
260.0 114.0 36.0 63.0
obstacle
0.0537312105298
17.0 44.0 177.0 96.0
obstacle
0.0533256344497
280.0 78.0 220.0 48.0
obstacle
0.0529707148671
430.0 93.0 17.0 19.0
obstacle
0.0525357984006
306.0 183.0 22.0 34.0
obstacle
0.0524965375662
412.0 87.0 42.0 12.0
obstacle
0.0515454411507
50.0 63.0 36.0 59.0
obstacle
0.0510490201414
56.0 89.0 98.0 28.0
obstacle
0.0509109869599
269.0 196.0 21.0 28.0
obstacle
0.0506061203778
473.0 248.0 27.0 12.0
obstacle
0.0505083948374
209.0 199.0 66.0 22.0
