obstacle
0.427079856396
266.0 105.0 218.0 82.0
obstacle
0.356019109488
89.0 101.0 338.0 115.0
obstacle
0.253244310617
138.0 150.0 126.0 41.0
obstacle
0.23601052165
331.0 114.0 131.0 44.0
obstacle
0.222756490111
131.0 113.0 257.0 70.0
obstacle
0.168976083398
416.0 111.0 64.0 25.0
obstacle
0.167497128248
278.0 126.0 36.0 67.0
obstacle
0.153435215354
155.0 132.0 131.0 51.0
obstacle
0.142946556211
237.0 129.0 40.0 60.0
obstacle
0.122815325856
355.0 107.0 117.0 36.0
obstacle
0.11367727071
317.0 127.0 37.0 66.0
obstacle
0.112047143281
133.0 91.0 175.0 114.0
obstacle
0.110690571368
221.0 131.0 38.0 55.0
obstacle
0.110547810793
259.0 129.0 36.0 60.0
obstacle
0.108132705092
200.0 133.0 41.0 52.0
obstacle
0.103135757148
337.0 129.0 36.0 60.0
obstacle
0.0970382541418
391.0 120.0 79.0 26.0
obstacle
0.0967208594084
109.0 138.0 224.0 66.0
obstacle
0.0948400050402
353.0 140.0 45.0 13.0
obstacle
0.0919562652707
364.0 125.0 23.0 43.0
obstacle
0.0824346989393
383.0 127.0 24.0 41.0
obstacle
0.0816625803709
218.0 135.0 155.0 48.0
obstacle
0.0805951729417
299.0 127.0 34.0 65.0
obstacle
0.078991599381
355.0 117.0 42.0 59.0
obstacle
0.077748298645
187.0 126.0 140.0 44.0
obstacle
0.0773651078343
134.0 146.0 68.0 28.0
obstacle
0.0754682943225
331.0 132.0 90.0 29.0
obstacle
0.0697167739272
153.0 78.0 347.0 115.0
obstacle
0.0681655555964
334.0 139.0 45.0 15.0
obstacle
0.0662411227822
146.0 108.0 37.0 51.0
obstacle
0.0652340948582
367.0 122.0 123.0 44.0
obstacle
0.0641993433237
0.0 125.0 460.0 118.0
obstacle
0.061548884958
210.0 91.0 174.0 138.0
obstacle
0.0593502633274
211.0 137.0 20.0 44.0
obstacle
0.0586610175669
420.0 117.0 26.0 33.0
obstacle
0.0582657977939
388.0 131.0 84.0 28.0
obstacle
0.0573549829423
317.0 98.0 39.0 73.0
obstacle
0.0565927289426
303.0 156.0 66.0 31.0
obstacle
0.0564582683146
396.0 32.0 77.0 27.0
obstacle
0.0552805922925
373.0 140.0 44.0 13.0
obstacle
0.0534244477749
315.0 128.0 45.0 15.0
obstacle
0.0524372830987
201.0 190.0 41.0 14.0
obstacle
0.0517279468477
261.0 151.0 148.0 43.0
obstacle
0.0501719713211
287.0 134.0 22.0 51.0
obstacle
0.0500091388822
281.0 125.0 153.0 45.0
