obstacle
0.928327083588
284.0 127.0 181.0 64.0
obstacle
0.486701369286
22.0 172.0 54.0 53.0
obstacle
0.475866258144
131.0 151.0 137.0 45.0
obstacle
0.41324442625
81.0 149.0 131.0 49.0
obstacle
0.395014733076
57.0 143.0 213.0 61.0
obstacle
0.198220148683
159.0 166.0 116.0 35.0
obstacle
0.185411855578
365.0 140.0 21.0 39.0
obstacle
0.155177846551
33.0 170.0 28.0 34.0
obstacle
0.129708692431
190.0 114.0 310.0 111.0
obstacle
0.113985069096
30.0 190.0 35.0 41.0
obstacle
0.113810807467
92.0 145.0 143.0 36.0
obstacle
0.0921642482281
10.0 167.0 46.0 62.0
obstacle
0.0869151428342
16.0 171.0 69.0 30.0
obstacle
0.0868056491017
0.0 149.0 111.0 98.0
obstacle
0.0867228657007
31.0 197.0 64.0 26.0
obstacle
0.0855306535959
53.0 192.0 25.0 36.0
obstacle
0.0849119052291
144.0 184.0 77.0 28.0
obstacle
0.0844460949302
0.0 175.0 108.0 48.0
obstacle
0.0826991274953
114.0 178.0 137.0 38.0
obstacle
0.0787763670087
38.0 178.0 54.0 61.0
obstacle
0.0765511319041
152.0 142.0 132.0 41.0
obstacle
0.0757900103927
40.0 158.0 51.0 58.0
obstacle
0.0756664201617
276.0 125.0 133.0 48.0
obstacle
0.074250459671
346.0 151.0 19.0 42.0
obstacle
0.0733972340822
354.0 153.0 45.0 12.0
obstacle
0.0729973018169
154.0 149.0 95.0 24.0
obstacle
0.0703609511256
145.0 198.0 76.0 27.0
obstacle
0.0667750164866
0.0 151.0 245.0 94.0
obstacle
0.0660240575671
41.0 135.0 320.0 98.0
obstacle
0.0630609691143
119.0 122.0 163.0 102.0
obstacle
0.0602852553129
28.0 179.0 43.0 14.0
obstacle
0.0601179338992
344.0 136.0 23.0 47.0
obstacle
0.0595453307033
157.0 158.0 89.0 31.0
obstacle
0.0588706471026
199.0 158.0 40.0 52.0
obstacle
0.0584435984492
152.0 153.0 22.0 41.0
obstacle
0.0572206713259
187.0 166.0 31.0 39.0
obstacle
0.0569127202034
18.0 179.0 25.0 39.0
obstacle
0.0553663410246
330.0 148.0 89.0 22.0
obstacle
0.0536216907203
385.0 141.0 20.0 37.0
obstacle
0.053311444819
24.0 191.0 52.0 16.0
obstacle
0.0514499023557
149.0 170.0 68.0 28.0
obstacle
0.0512266159058
139.0 179.0 52.0 14.0
obstacle
0.0500931292772
195.0 176.0 55.0 18.0
