obstacle
0.669378399849
61.0 150.0 396.0 104.0
obstacle
0.50878739357
143.0 171.0 309.0 64.0
obstacle
0.272543787956
292.0 140.0 52.0 23.0
obstacle
0.255170196295
297.0 144.0 37.0 14.0
obstacle
0.166417434812
302.0 138.0 25.0 27.0
obstacle
0.122564554214
200.0 142.0 194.0 122.0
obstacle
0.114894405007
77.0 183.0 290.0 63.0
obstacle
0.111645869911
119.0 143.0 203.0 119.0
obstacle
0.0891920253634
265.0 186.0 175.0 35.0
obstacle
0.0776995047927
330.0 189.0 15.0 27.0
obstacle
0.0733130276203
303.0 136.0 30.0 55.0
obstacle
0.0728991627693
243.0 162.0 225.0 58.0
obstacle
0.0653041750193
268.0 183.0 19.0 40.0
obstacle
0.0652664601803
322.0 169.0 141.0 43.0
obstacle
0.0626362636685
208.0 182.0 28.0 42.0
obstacle
0.06198759377
259.0 134.0 117.0 36.0
obstacle
0.058751873672
134.0 181.0 139.0 44.0
obstacle
0.0527921058238
220.0 185.0 154.0 37.0
obstacle
0.052773013711
334.0 158.0 42.0 15.0
obstacle
0.0525249987841
191.0 200.0 22.0 33.0
obstacle
0.0512622781098
319.0 137.0 34.0 53.0
