obstacle
0.92965555191
88.0 171.0 107.0 46.0
obstacle
0.743911325932
427.0 100.0 51.0 16.0
obstacle
0.663360536098
230.0 151.0 131.0 44.0
obstacle
0.511815488338
377.0 113.0 33.0 13.0
obstacle
0.389898210764
447.0 102.0 40.0 13.0
obstacle
0.325766265392
367.0 110.0 53.0 19.0
obstacle
0.304195463657
418.0 104.0 37.0 11.0
obstacle
0.300177067518
360.0 114.0 34.0 12.0
obstacle
0.29899969697
265.0 143.0 141.0 37.0
obstacle
0.264123260975
337.0 151.0 70.0 22.0
obstacle
0.234239414334
324.0 116.0 29.0 11.0
obstacle
0.198843553662
443.0 101.0 18.0 14.0
obstacle
0.185891628265
337.0 116.0 35.0 11.0
obstacle
0.180903494358
52.0 166.0 182.0 43.0
obstacle
0.169432505965
407.0 99.0 61.0 19.0
obstacle
0.158932432532
335.0 114.0 13.0 15.0
obstacle
0.143142029643
281.0 155.0 144.0 32.0
obstacle
0.140345498919
207.0 130.0 257.0 61.0
obstacle
0.138036355376
130.0 186.0 29.0 24.0
obstacle
0.134781375527
291.0 149.0 89.0 23.0
obstacle
0.134102076292
335.0 165.0 43.0 13.0
obstacle
0.128135964274
318.0 157.0 74.0 26.0
obstacle
0.123922504485
344.0 157.0 20.0 27.0
obstacle
0.117813646793
351.0 154.0 46.0 14.0
obstacle
0.114088699222
394.0 115.0 37.0 9.0
obstacle
0.113553494215
87.0 185.0 79.0 27.0
obstacle
0.112300775945
374.0 104.0 40.0 13.0
obstacle
0.10467544198
71.0 160.0 143.0 75.0
obstacle
0.101491048932
107.0 177.0 104.0 23.0
obstacle
0.0947719737887
335.0 160.0 76.0 20.0
obstacle
0.0908731520176
384.0 112.0 17.0 14.0
obstacle
0.0885150432587
402.0 95.0 98.0 28.0
obstacle
0.0877320989966
334.0 153.0 43.0 14.0
obstacle
0.0874549001455
428.0 102.0 14.0 15.0
obstacle
0.0859151929617
172.0 143.0 214.0 58.0
obstacle
0.0847556963563
460.0 99.0 15.0 17.0
obstacle
0.0800851881504
234.0 160.0 92.0 27.0
obstacle
0.0780356153846
327.0 157.0 21.0 29.0
obstacle
0.0769036412239
305.0 158.0 27.0 30.0
obstacle
0.0644227266312
345.0 114.0 12.0 16.0
obstacle
0.0635768249631
369.0 114.0 14.0 14.0
obstacle
0.0618121735752
346.0 149.0 20.0 24.0
obstacle
0.0598646998405
269.0 157.0 89.0 30.0
obstacle
0.0595391206443
108.0 177.0 135.0 36.0
obstacle
0.0593276806176
376.0 109.0 71.0 22.0
obstacle
0.0591845102608
151.0 184.0 24.0 26.0
obstacle
0.058609738946
287.0 159.0 25.0 30.0
obstacle
0.0566760748625
350.0 164.0 50.0 14.0
obstacle
0.0558357946575
320.0 110.0 71.0 23.0
obstacle
0.0556497462094
315.0 165.0 43.0 14.0
obstacle
0.055057156831
385.0 100.0 16.0 23.0
obstacle
0.0548862814903
362.0 150.0 24.0 22.0
obstacle
0.0547967143357
393.0 104.0 42.0 12.0
obstacle
0.0542639195919
221.0 165.0 41.0 15.0
obstacle
0.0542581118643
327.0 146.0 21.0 30.0
obstacle
0.0539825074375
310.0 153.0 52.0 15.0
obstacle
0.0534205622971
363.0 97.0 63.0 29.0
obstacle
0.0514216683805
141.0 183.0 74.0 26.0
