obstacle
0.952040314674
28.0 125.0 34.0 25.0
obstacle
0.88552325964
162.0 190.0 111.0 48.0
obstacle
0.72830581665
275.0 151.0 54.0 22.0
obstacle
0.594676494598
192.0 110.0 60.0 21.0
obstacle
0.505123019218
235.0 158.0 21.0 24.0
obstacle
0.47779199481
153.0 121.0 15.0 21.0
obstacle
0.457954615355
21.0 113.0 47.0 28.0
obstacle
0.450090736151
200.0 113.0 45.0 14.0
obstacle
0.409915566444
152.0 126.0 21.0 12.0
obstacle
0.400905132294
244.0 159.0 20.0 24.0
obstacle
0.345713466406
154.0 113.0 16.0 24.0
obstacle
0.334189534187
238.0 165.0 40.0 11.0
obstacle
0.333493739367
227.0 165.0 35.0 13.0
obstacle
0.299955576658
32.0 121.0 53.0 28.0
obstacle
0.297195523977
483.0 312.0 16.0 21.0
obstacle
0.284315675497
141.0 121.0 41.0 23.0
obstacle
0.273509979248
128.0 175.0 151.0 74.0
obstacle
0.263809561729
294.0 154.0 43.0 14.0
obstacle
0.252720892429
186.0 115.0 37.0 12.0
obstacle
0.211377739906
228.0 159.0 58.0 21.0
obstacle
0.209234029055
149.0 118.0 27.0 12.0
obstacle
0.198623538017
57.0 119.0 13.0 13.0
obstacle
0.198311299086
284.0 152.0 25.0 19.0
obstacle
0.182546973228
124.0 193.0 44.0 15.0
obstacle
0.175330787897
40.0 120.0 19.0 13.0
obstacle
0.171471983194
33.0 129.0 26.0 12.0
obstacle
0.164958193898
215.0 115.0 43.0 13.0
obstacle
0.160438135266
263.0 156.0 38.0 11.0
obstacle
0.15831887722
486.0 302.0 13.0 26.0
obstacle
0.155242070556
244.0 147.0 109.0 29.0
obstacle
0.152030780911
22.0 117.0 15.0 16.0
obstacle
0.151815637946
129.0 127.0 36.0 13.0
obstacle
0.144129067659
470.0 318.0 30.0 15.0
obstacle
0.134193822742
156.0 208.0 93.0 28.0
obstacle
0.133021116257
227.0 149.0 31.0 44.0
obstacle
0.13171158731
127.0 188.0 73.0 24.0
obstacle
0.128053918481
164.0 199.0 81.0 28.0
obstacle
0.125894725323
8.0 132.0 55.0 21.0
obstacle
0.122502997518
18.0 119.0 27.0 9.0
obstacle
0.115619540215
116.0 123.0 61.0 20.0
obstacle
0.115138024092
35.0 115.0 51.0 22.0
obstacle
0.113801747561
461.0 311.0 20.0 22.0
obstacle
0.110092043877
450.0 312.0 50.0 21.0
obstacle
0.10988985002
168.0 105.0 106.0 32.0
obstacle
0.108187310398
226.0 156.0 33.0 12.0
obstacle
0.10460896045
22.0 101.0 16.0 21.0
obstacle
0.103837825358
194.0 113.0 17.0 17.0
obstacle
0.102488182485
14.0 105.0 32.0 11.0
obstacle
0.101135626435
15.0 129.0 37.0 14.0
obstacle
0.0985483601689
262.0 155.0 72.0 28.0
obstacle
0.0975183844566
136.0 113.0 53.0 24.0
obstacle
0.0975149720907
193.0 186.0 54.0 52.0
obstacle
0.0967689231038
244.0 153.0 23.0 21.0
obstacle
0.09644959867
274.0 155.0 16.0 16.0
obstacle
0.0958211645484
128.0 182.0 116.0 38.0
obstacle
0.0929836183786
16.0 113.0 451.0 118.0
obstacle
0.090980835259
139.0 122.0 15.0 23.0
obstacle
0.0908856615424
473.0 308.0 27.0 12.0
obstacle
0.087443985045
93.0 139.0 296.0 66.0
obstacle
0.0858219414949
138.0 193.0 49.0 13.0
obstacle
0.0847130194306
10.0 119.0 104.0 31.0
obstacle
0.0840719044209
209.0 111.0 22.0 18.0
obstacle
0.0830466523767
53.0 120.0 22.0 9.0
obstacle
0.0817340761423
0.0 98.0 62.0 26.0
obstacle
0.081154294312
414.0 308.0 86.0 25.0
obstacle
0.0804563909769
314.0 154.0 39.0 15.0
obstacle
0.0796828567982
24.0 129.0 18.0 16.0
obstacle
0.077482894063
307.0 153.0 20.0 16.0
obstacle
0.0773287117481
462.0 302.0 22.0 27.0
obstacle
0.0769965797663
187.0 99.0 69.0 27.0
obstacle
0.0769562125206
239.0 152.0 38.0 41.0
obstacle
0.0760202109814
468.0 294.0 32.0 39.0
obstacle
0.0718938112259
236.0 167.0 10.0 10.0
obstacle
0.0700556859374
127.0 117.0 37.0 13.0
obstacle
0.0694155097008
276.0 163.0 44.0 14.0
obstacle
0.0691585764289
208.0 204.0 29.0 37.0
obstacle
0.0669229254127
241.0 156.0 37.0 12.0
obstacle
0.06681535393
145.0 120.0 70.0 27.0
obstacle
0.0645024180412
131.0 186.0 24.0 30.0
obstacle
0.0635033324361
221.0 151.0 77.0 25.0
obstacle
0.0615825504065
159.0 127.0 44.0 12.0
obstacle
0.0614269375801
102.0 127.0 47.0 15.0
obstacle
0.0610178224742
9.0 56.0 39.0 79.0
obstacle
0.0608552657068
455.0 307.0 35.0 12.0
obstacle
0.0595571547747
0.0 106.0 84.0 39.0
obstacle
0.0594926886261
298.0 163.0 40.0 12.0
obstacle
0.0587232038379
163.0 117.0 39.0 11.0
obstacle
0.0581542253494
163.0 117.0 189.0 110.0
obstacle
0.0573939159513
353.0 290.0 147.0 43.0
obstacle
0.0569718331099
147.0 113.0 72.0 20.0
obstacle
0.056118875742
137.0 110.0 18.0 29.0
obstacle
0.0550520084798
256.0 165.0 45.0 11.0
obstacle
0.0548311658204
301.0 150.0 61.0 22.0
obstacle
0.0548222102225
200.0 104.0 43.0 15.0
obstacle
0.0542263202369
99.0 117.0 129.0 33.0
obstacle
0.053319118917
199.0 154.0 121.0 33.0
obstacle
0.0518731325865
0.0 64.0 355.0 118.0
obstacle
0.0514906384051
141.0 95.0 43.0 56.0
obstacle
0.051444850862
279.0 140.0 37.0 40.0
