obstacle
0.781505525112
228.0 205.0 135.0 34.0
obstacle
0.256259918213
186.0 196.0 188.0 53.0
obstacle
0.191385760903
219.0 203.0 83.0 23.0
obstacle
0.190657988191
231.0 210.0 95.0 24.0
obstacle
0.147565111518
287.0 212.0 21.0 24.0
obstacle
0.135957419872
208.0 176.0 176.0 96.0
obstacle
0.120262600482
267.0 209.0 23.0 28.0
obstacle
0.118092127144
267.0 216.0 64.0 14.0
obstacle
0.100824140012
292.0 212.0 81.0 24.0
obstacle
0.0868002474308
138.0 173.0 319.0 124.0
obstacle
0.0724043026567
287.0 219.0 21.0 33.0
obstacle
0.0719695985317
482.0 312.0 17.0 21.0
obstacle
0.0627482458949
291.0 217.0 52.0 14.0
obstacle
0.061082161963
333.0 219.0 41.0 12.0
obstacle
0.0594733469188
466.0 319.0 34.0 14.0
obstacle
0.0587753616273
231.0 206.0 58.0 16.0
obstacle
0.0569746829569
216.0 206.0 51.0 15.0
obstacle
0.0553425587714
307.0 212.0 23.0 24.0
obstacle
0.0503621213138
311.0 218.0 50.0 13.0
