obstacle
0.427079856396
266.0 105.0 218.0 82.0
obstacle
0.356019109488
89.0 101.0 338.0 115.0
obstacle
0.35048353672
285.0 111.0 215.0 70.0
obstacle
0.288818567991
223.0 94.0 277.0 106.0
obstacle
0.270983576775
280.0 88.0 191.0 117.0
obstacle
0.260868877172
48.0 109.0 423.0 122.0
obstacle
0.253244310617
138.0 150.0 126.0 41.0
obstacle
0.242143422365
40.0 95.0 439.0 108.0
obstacle
0.23601052165
331.0 114.0 131.0 44.0
obstacle
0.228717312217
52.0 126.0 378.0 90.0
obstacle
0.225188568234
131.0 150.0 108.0 42.0
obstacle
0.222756490111
131.0 113.0 257.0 70.0
obstacle
0.219893112779
282.0 102.0 218.0 67.0
obstacle
0.216467559338
318.0 122.0 152.0 46.0
obstacle
0.20711350441
121.0 113.0 239.0 91.0
obstacle
0.180990874767
365.0 113.0 124.0 42.0
obstacle
0.174458086491
303.0 77.0 182.0 117.0
obstacle
0.168976083398
416.0 111.0 64.0 25.0
obstacle
0.167497128248
278.0 126.0 36.0 67.0
obstacle
0.162514925003
132.0 139.0 109.0 43.0
obstacle
0.153435215354
155.0 132.0 131.0 51.0
obstacle
0.149125993252
144.0 138.0 116.0 44.0
obstacle
0.145688146353
152.0 128.0 140.0 43.0
obstacle
0.142946556211
237.0 129.0 40.0 60.0
obstacle
0.14174105227
51.0 96.0 341.0 127.0
obstacle
0.139540016651
302.0 124.0 149.0 42.0
obstacle
0.13945363462
98.0 113.0 247.0 71.0
obstacle
0.136384561658
98.0 97.0 397.0 126.0
obstacle
0.131798908114
388.0 110.0 89.0 27.0
obstacle
0.130496412516
163.0 104.0 337.0 109.0
obstacle
0.122815325856
355.0 107.0 117.0 36.0
obstacle
0.11367727071
317.0 127.0 37.0 66.0
obstacle
0.112960927188
374.0 107.0 111.0 35.0
obstacle
0.112047143281
133.0 91.0 175.0 114.0
obstacle
0.110690571368
221.0 131.0 38.0 55.0
obstacle
0.110547810793
259.0 129.0 36.0 60.0
obstacle
0.108132705092
200.0 133.0 41.0 52.0
obstacle
0.103135757148
337.0 129.0 36.0 60.0
obstacle
0.0986416265368
307.0 116.0 142.0 41.0
obstacle
0.0970382541418
391.0 120.0 79.0 26.0
obstacle
0.0967208594084
109.0 138.0 224.0 66.0
obstacle
0.0965563058853
142.0 149.0 155.0 43.0
obstacle
0.0958623513579
167.0 120.0 261.0 79.0
obstacle
0.0948413908482
159.0 107.0 276.0 81.0
obstacle
0.0948400050402
353.0 140.0 45.0 13.0
obstacle
0.0945206657052
175.0 84.0 325.0 105.0
obstacle
0.0919562652707
364.0 125.0 23.0 43.0
obstacle
0.0907791405916
279.0 105.0 35.0 86.0
obstacle
0.0905684828758
214.0 125.0 284.0 67.0
obstacle
0.0899408385158
336.0 143.0 37.0 58.0
obstacle
0.0838014781475
241.0 117.0 35.0 63.0
obstacle
0.0824346989393
383.0 127.0 24.0 41.0
obstacle
0.0820248425007
257.0 135.0 42.0 71.0
obstacle
0.0816625803709
218.0 135.0 155.0 48.0
obstacle
0.0805951729417
299.0 127.0 34.0 65.0
obstacle
0.0793964490294
240.0 138.0 35.0 65.0
obstacle
0.078991599381
355.0 117.0 42.0 59.0
obstacle
0.077748298645
187.0 126.0 140.0 44.0
obstacle
0.0773651078343
134.0 146.0 68.0 28.0
obstacle
0.0768508389592
152.0 95.0 176.0 129.0
obstacle
0.0757612735033
370.0 111.0 91.0 26.0
obstacle
0.0754682943225
331.0 132.0 90.0 29.0
obstacle
0.07543515414
159.0 83.0 200.0 129.0
obstacle
0.0743138864636
122.0 141.0 93.0 38.0
obstacle
0.0724807009101
338.0 116.0 36.0 63.0
obstacle
0.0703346803784
142.0 147.0 78.0 28.0
obstacle
0.0681655555964
334.0 139.0 45.0 15.0
obstacle
0.0671525746584
356.0 125.0 36.0 67.0
obstacle
0.0662635713816
134.0 155.0 97.0 32.0
obstacle
0.0662411227822
146.0 108.0 37.0 51.0
obstacle
0.065478771925
422.0 115.0 57.0 16.0
obstacle
0.0652340948582
367.0 122.0 123.0 44.0
obstacle
0.0641993433237
0.0 125.0 460.0 118.0
obstacle
0.064046792686
32.0 135.0 417.0 97.0
obstacle
0.0626226067543
133.0 115.0 174.0 113.0
obstacle
0.0622943490744
276.0 135.0 40.0 72.0
obstacle
0.0620148293674
333.0 83.0 159.0 103.0
obstacle
0.0617066659033
125.0 122.0 152.0 99.0
obstacle
0.061548884958
210.0 91.0 174.0 138.0
obstacle
0.0605146586895
317.0 137.0 35.0 70.0
obstacle
0.0603537037969
214.0 101.0 284.0 67.0
obstacle
0.0601290985942
201.0 120.0 41.0 57.0
obstacle
0.0593502633274
211.0 137.0 20.0 44.0
obstacle
0.059323836118
269.0 93.0 174.0 132.0
obstacle
0.058964855969
295.0 100.0 159.0 117.0
obstacle
0.0589567944407
186.0 133.0 143.0 48.0
obstacle
0.058906737715
194.0 113.0 286.0 68.0
obstacle
0.0586610175669
420.0 117.0 26.0 33.0
obstacle
0.0584141872823
59.0 69.0 402.0 135.0
obstacle
0.0582657977939
388.0 131.0 84.0 28.0
obstacle
0.0581537224352
392.0 106.0 108.0 35.0
obstacle
0.0580153390765
366.0 130.0 96.0 32.0
obstacle
0.0573549829423
317.0 98.0 39.0 73.0
obstacle
0.0565927289426
303.0 156.0 66.0 31.0
obstacle
0.0564582683146
396.0 32.0 77.0 27.0
obstacle
0.0558944307268
203.0 135.0 147.0 46.0
obstacle
0.0556333437562
262.0 110.0 31.0 76.0
obstacle
0.0552805922925
373.0 140.0 44.0 13.0
obstacle
0.0552715174854
367.0 122.0 94.0 24.0
obstacle
0.0546630397439
110.0 144.0 187.0 54.0
obstacle
0.0546268112957
145.0 140.0 267.0 62.0
obstacle
0.0534244477749
315.0 128.0 45.0 15.0
obstacle
0.0531282573938
320.0 113.0 32.0 70.0
obstacle
0.0526241771877
299.0 105.0 35.0 87.0
obstacle
0.052463799715
134.0 127.0 141.0 45.0
obstacle
0.0524372830987
201.0 190.0 41.0 14.0
obstacle
0.0520500577986
220.0 118.0 41.0 61.0
obstacle
0.0517279468477
261.0 151.0 148.0 43.0
obstacle
0.0515542514622
199.0 142.0 40.0 58.0
obstacle
0.0512510724366
225.0 128.0 141.0 41.0
obstacle
0.0508566424251
252.0 65.0 210.0 139.0
obstacle
0.0501719713211
287.0 134.0 22.0 51.0
obstacle
0.0500997900963
208.0 127.0 136.0 42.0
obstacle
0.0500091388822
281.0 125.0 153.0 45.0
