obstacle
0.674884200096
229.0 248.0 271.0 123.0
obstacle
0.603983640671
209.0 235.0 291.0 121.0
obstacle
0.598026692867
0.0 177.0 282.0 121.0
obstacle
0.572362184525
132.0 270.0 291.0 104.0
obstacle
0.54049885273
80.0 265.0 318.0 109.0
obstacle
0.535363316536
174.0 283.0 284.0 91.0
obstacle
0.513714969158
0.0 247.0 324.0 125.0
obstacle
0.506170213223
0.0 165.0 256.0 119.0
obstacle
0.497968673706
0.0 187.0 305.0 129.0
obstacle
0.49168753624
197.0 271.0 303.0 103.0
obstacle
0.459482222795
167.0 222.0 333.0 119.0
obstacle
0.450485318899
117.0 252.0 320.0 115.0
obstacle
0.44864231348
52.0 233.0 336.0 125.0
obstacle
0.446181356907
0.0 258.0 262.0 116.0
obstacle
0.444667369127
0.0 148.0 203.0 122.0
obstacle
0.439480304718
0.0 231.0 288.0 128.0
obstacle
0.415669232607
124.0 234.0 345.0 122.0
obstacle
0.409888952971
0.0 186.0 228.0 132.0
obstacle
0.402191877365
0.0 217.0 311.0 126.0
obstacle
0.395237594843
0.0 174.0 209.0 127.0
obstacle
0.386061906815
31.0 218.0 339.0 126.0
obstacle
0.376274347305
0.0 201.0 270.0 130.0
obstacle
0.372767359018
111.0 220.0 333.0 123.0
obstacle
0.369605600834
9.0 174.0 344.0 128.0
obstacle
0.36589038372
12.0 201.0 338.0 130.0
obstacle
0.359072059393
0.0 214.0 243.0 133.0
obstacle
0.33668372035
56.0 188.0 327.0 128.0
obstacle
0.323232322931
17.0 270.0 330.0 104.0
obstacle
0.305574774742
72.0 203.0 333.0 128.0
obstacle
0.301790118217
0.0 246.0 212.0 126.0
obstacle
0.26531663537
0.0 160.0 327.0 129.0
obstacle
0.259650439024
0.0 161.0 177.0 124.0
obstacle
0.256361424923
190.0 209.0 310.0 118.0
obstacle
0.256212353706
75.0 177.0 329.0 122.0
obstacle
0.250680238008
279.0 261.0 221.0 113.0
obstacle
0.246786877513
247.0 220.0 253.0 123.0
obstacle
0.216530531645
135.0 206.0 324.0 123.0
obstacle
0.216128617525
0.0 137.0 178.0 116.0
obstacle
0.210617810488
0.0 191.0 183.0 123.0
obstacle
0.182072743773
92.0 163.0 333.0 120.0
obstacle
0.175964668393
0.0 219.0 185.0 124.0
obstacle
0.174334272742
0.0 135.0 229.0 121.0
obstacle
0.154173105955
0.0 151.0 280.0 119.0
obstacle
0.134508788586
0.0 115.0 205.0 132.0
obstacle
0.121348515153
284.0 232.0 216.0 127.0
obstacle
0.118215166032
76.0 145.0 366.0 128.0
obstacle
0.111986920238
204.0 194.0 296.0 118.0
obstacle
0.09649553895
43.0 151.0 355.0 118.0
obstacle
0.0950520634651
121.0 191.0 313.0 123.0
obstacle
0.0902014374733
0.0 282.0 305.0 92.0
obstacle
0.0862311273813
30.0 104.0 344.0 123.0
obstacle
0.0817909538746
40.0 122.0 362.0 116.0
obstacle
0.079011850059
97.0 136.0 324.0 117.0
obstacle
0.0621779337525
253.0 287.0 247.0 87.0
obstacle
0.0606970414519
17.0 116.0 333.0 128.0
obstacle
0.0600900128484
209.0 179.0 96.0 31.0
obstacle
0.0581950843334
0.0 274.0 189.0 100.0
obstacle
0.0512288436294
200.0 178.0 80.0 33.0
