obstacle
0.816239833832
58.0 165.0 208.0 92.0
obstacle
0.632781088352
9.0 168.0 271.0 88.0
obstacle
0.359437316656
43.0 155.0 202.0 112.0
obstacle
0.285365313292
14.0 176.0 226.0 70.0
obstacle
0.275905668736
0.0 165.0 332.0 113.0
obstacle
0.269840180874
72.0 148.0 179.0 127.0
obstacle
0.230493307114
33.0 182.0 259.0 77.0
obstacle
0.213170304894
75.0 190.0 140.0 43.0
obstacle
0.207756638527
91.0 147.0 64.0 25.0
obstacle
0.200728133321
67.0 144.0 109.0 35.0
obstacle
0.189988851547
51.0 145.0 105.0 34.0
obstacle
0.174083173275
379.0 141.0 33.0 11.0
obstacle
0.158449977636
0.0 143.0 108.0 38.0
obstacle
0.147741243243
5.0 146.0 125.0 33.0
obstacle
0.140437170863
0.0 178.0 111.0 43.0
obstacle
0.13840726018
134.0 144.0 16.0 31.0
obstacle
0.136831790209
27.0 142.0 119.0 38.0
obstacle
0.126904934645
0.0 165.0 176.0 68.0
obstacle
0.124066971242
75.0 148.0 65.0 25.0
obstacle
0.123615399003
26.0 165.0 43.0 69.0
obstacle
0.110828250647
83.0 159.0 13.0 27.0
obstacle
0.107486866415
6.0 188.0 241.0 67.0
obstacle
0.107367053628
0.0 146.0 130.0 106.0
obstacle
0.104817025363
105.0 154.0 41.0 12.0
obstacle
0.104724429548
29.0 136.0 39.0 73.0
obstacle
0.104406088591
73.0 166.0 31.0 13.0
obstacle
0.103246115148
185.0 114.0 34.0 13.0
obstacle
0.10301541537
48.0 150.0 38.0 70.0
obstacle
0.10140747577
28.0 160.0 233.0 83.0
obstacle
0.0986716151237
27.0 148.0 41.0 75.0
obstacle
0.0919531062245
0.0 153.0 113.0 39.0
obstacle
0.0913182124496
28.0 173.0 42.0 76.0
obstacle
0.0901853367686
0.0 147.0 216.0 103.0
obstacle
0.0884056836367
126.0 153.0 35.0 14.0
obstacle
0.0826381221414
186.0 103.0 33.0 14.0
obstacle
0.0812694355845
114.0 146.0 23.0 28.0
obstacle
0.0759807899594
72.0 142.0 30.0 61.0
obstacle
0.0736744999886
0.0 110.0 216.0 126.0
obstacle
0.0710491016507
0.0 120.0 134.0 106.0
obstacle
0.0706574171782
3.0 161.0 53.0 75.0
obstacle
0.0684278309345
87.0 153.0 38.0 13.0
obstacle
0.0678721964359
71.0 153.0 29.0 64.0
obstacle
0.0678479149938
195.0 109.0 15.0 22.0
obstacle
0.0665637776256
48.0 168.0 39.0 63.0
obstacle
0.0658500567079
72.0 143.0 140.0 35.0
obstacle
0.0643552914262
0.0 166.0 108.0 41.0
obstacle
0.0632547959685
0.0 109.0 156.0 104.0
obstacle
0.0631858408451
47.0 131.0 117.0 39.0
obstacle
0.0623256824911
46.0 177.0 44.0 69.0
obstacle
0.0623008050025
198.0 115.0 43.0 13.0
obstacle
0.0614965073764
6.0 142.0 47.0 88.0
obstacle
0.0611446835101
95.0 148.0 20.0 25.0
obstacle
0.0611347965896
79.0 146.0 16.0 31.0
obstacle
0.0594522058964
0.0 137.0 170.0 71.0
obstacle
0.0588052421808
0.0 153.0 309.0 99.0
obstacle
0.05791041255
71.0 162.0 32.0 73.0
obstacle
0.0575907677412
10.0 112.0 151.0 122.0
obstacle
0.0574922822416
196.0 99.0 15.0 25.0
obstacle
0.0560698956251
127.0 131.0 32.0 59.0
obstacle
0.0556384809315
120.0 184.0 50.0 54.0
obstacle
0.0550446547568
89.0 139.0 70.0 23.0
obstacle
0.0548016838729
114.0 203.0 63.0 17.0
obstacle
0.0540109202266
56.0 198.0 177.0 43.0
obstacle
0.0537077970803
6.0 133.0 47.0 79.0
obstacle
0.0534072630107
106.0 135.0 37.0 75.0
obstacle
0.0519508346915
364.0 136.0 62.0 20.0
obstacle
0.0516525357962
66.0 188.0 126.0 48.0
obstacle
0.0513707026839
6.0 183.0 83.0 31.0
obstacle
0.0513653345406
28.0 153.0 41.0 13.0
obstacle
0.0504662543535
9.0 147.0 81.0 26.0
obstacle
0.0502575784922
68.0 123.0 39.0 75.0
