obstacle
0.784147083759
347.0 138.0 90.0 17.0
obstacle
0.773796916008
162.0 145.0 232.0 61.0
obstacle
0.607522428036
342.0 137.0 76.0 16.0
obstacle
0.585759460926
154.0 150.0 212.0 65.0
obstacle
0.400541424751
380.0 138.0 53.0 18.0
obstacle
0.366861045361
217.0 155.0 153.0 42.0
obstacle
0.363232851028
392.0 142.0 40.0 11.0
obstacle
0.346294611692
345.0 134.0 99.0 26.0
obstacle
0.317254841328
187.0 149.0 218.0 66.0
obstacle
0.303423017263
344.0 139.0 65.0 13.0
obstacle
0.289570242167
363.0 141.0 63.0 12.0
obstacle
0.287680566311
123.0 141.0 308.0 85.0
obstacle
0.230343580246
120.0 142.0 244.0 66.0
obstacle
0.221276670694
202.0 160.0 150.0 42.0
obstacle
0.203151255846
189.0 154.0 145.0 45.0
obstacle
0.186790540814
343.0 140.0 34.0 11.0
obstacle
0.173861652613
146.0 155.0 192.0 56.0
obstacle
0.158533319831
170.0 152.0 146.0 48.0
obstacle
0.138206228614
483.0 313.0 16.0 20.0
obstacle
0.137858614326
325.0 132.0 110.0 29.0
obstacle
0.128002643585
249.0 165.0 24.0 38.0
obstacle
0.127514466643
268.0 165.0 23.0 39.0
obstacle
0.120289646089
402.0 139.0 22.0 16.0
obstacle
0.119825601578
83.0 137.0 356.0 115.0
obstacle
0.110192477703
361.0 131.0 99.0 30.0
obstacle
0.0965290814638
467.0 318.0 33.0 15.0
obstacle
0.0962857306004
85.0 144.0 350.0 62.0
obstacle
0.0937433317304
383.0 139.0 21.0 17.0
obstacle
0.0872434973717
338.0 128.0 80.0 22.0
obstacle
0.0831227451563
158.0 162.0 135.0 40.0
obstacle
0.0809495821595
89.0 133.0 305.0 103.0
obstacle
0.0802611112595
194.0 144.0 18.0 33.0
obstacle
0.0770706012845
336.0 118.0 117.0 41.0
obstacle
0.0750131011009
150.0 165.0 114.0 35.0
obstacle
0.0749293416739
347.0 136.0 17.0 19.0
obstacle
0.0680950134993
343.0 126.0 97.0 26.0
obstacle
0.0680778250098
450.0 312.0 50.0 21.0
obstacle
0.0667553842068
351.0 146.0 84.0 22.0
obstacle
0.0621505528688
220.0 144.0 189.0 60.0
obstacle
0.0616536475718
415.0 307.0 85.0 26.0
obstacle
0.0583649240434
235.0 176.0 53.0 17.0
obstacle
0.0578389875591
384.0 309.0 116.0 24.0
obstacle
0.0558326654136
161.0 151.0 127.0 50.0
obstacle
0.0553002282977
486.0 301.0 13.0 27.0
obstacle
0.0532563142478
471.0 307.0 29.0 13.0
obstacle
0.0520648881793
185.0 153.0 35.0 15.0
obstacle
0.0504149757326
184.0 137.0 35.0 50.0
obstacle
0.0503169447184
336.0 135.0 52.0 20.0
obstacle
0.0500596351922
174.0 124.0 208.0 100.0
