obstacle
0.884184539318
99.0 27.0 83.0 17.0
obstacle
0.782657623291
306.0 37.0 68.0 13.0
obstacle
0.717972874641
309.0 38.0 59.0 11.0
obstacle
0.71396201849
326.0 39.0 55.0 11.0
obstacle
0.643087804317
100.0 24.0 66.0 19.0
obstacle
0.610277831554
88.0 97.0 344.0 103.0
obstacle
0.54342097044
72.0 112.0 339.0 95.0
obstacle
0.495812445879
0.0 98.0 303.0 100.0
obstacle
0.462661266327
19.0 109.0 327.0 102.0
obstacle
0.457310944796
109.0 107.0 338.0 103.0
obstacle
0.343860358
0.0 108.0 196.0 78.0
obstacle
0.341594219208
303.0 39.0 37.0 10.0
obstacle
0.325467288494
101.0 26.0 53.0 15.0
obstacle
0.261505723
101.0 22.0 87.0 25.0
obstacle
0.254232734442
0.0 91.0 232.0 113.0
obstacle
0.238647550344
103.0 31.0 81.0 18.0
obstacle
0.209624886513
352.0 40.0 37.0 11.0
obstacle
0.202906623483
0.0 110.0 263.0 72.0
obstacle
0.190984591842
130.0 25.0 52.0 21.0
obstacle
0.18901064992
45.0 121.0 315.0 100.0
obstacle
0.169539421797
15.0 91.0 374.0 116.0
obstacle
0.160137414932
0.0 111.0 258.0 94.0
obstacle
0.14756397903
140.0 28.0 39.0 13.0
obstacle
0.140063554049
59.0 83.0 364.0 108.0
obstacle
0.133007064462
17.0 121.0 140.0 50.0
obstacle
0.126039087772
0.0 129.0 190.0 59.0
obstacle
0.112685374916
73.0 19.0 113.0 30.0
obstacle
0.10888005048
0.0 90.0 353.0 95.0
obstacle
0.106199927628
294.0 35.0 61.0 17.0
obstacle
0.0945987179875
17.0 104.0 215.0 64.0
obstacle
0.0921361446381
346.0 38.0 15.0 12.0
obstacle
0.0912551656365
86.0 118.0 347.0 103.0
obstacle
0.0902836099267
49.0 109.0 227.0 76.0
obstacle
0.0847625434399
107.0 19.0 106.0 27.0
obstacle
0.0814037546515
328.0 38.0 15.0 11.0
obstacle
0.0811883658171
111.0 25.0 27.0 19.0
obstacle
0.0809084028006
193.0 104.0 167.0 110.0
obstacle
0.0785087645054
159.0 124.0 239.0 71.0
obstacle
0.0777782797813
315.0 30.0 44.0 11.0
obstacle
0.0762218385935
91.0 25.0 106.0 32.0
obstacle
0.0749650225043
119.0 35.0 54.0 13.0
obstacle
0.0749094188213
380.0 311.0 120.0 22.0
obstacle
0.0704945623875
0.0 97.0 145.0 99.0
obstacle
0.0695496201515
1.0 130.0 247.0 56.0
obstacle
0.0691994950175
42.0 128.0 244.0 62.0
obstacle
0.0690673068166
121.0 30.0 72.0 21.0
obstacle
0.068053111434
140.0 36.0 45.0 12.0
obstacle
0.0678975954652
4.0 138.0 130.0 41.0
obstacle
0.0663456469774
150.0 25.0 22.0 18.0
obstacle
0.0650270655751
0.0 105.0 173.0 108.0
obstacle
0.0624861493707
16.0 115.0 144.0 44.0
obstacle
0.0623889639974
0.0 105.0 193.0 62.0
obstacle
0.0612586960196
77.0 127.0 19.0 41.0
obstacle
0.0594036132097
0.0 115.0 151.0 88.0
obstacle
0.0592882484198
150.0 104.0 179.0 110.0
obstacle
0.0579830259085
185.0 83.0 185.0 129.0
obstacle
0.0577691718936
335.0 36.0 69.0 18.0
obstacle
0.0574904419482
60.0 120.0 53.0 54.0
obstacle
0.0569489262998
91.0 26.0 38.0 12.0
obstacle
0.0567679144442
173.0 90.0 171.0 114.0
obstacle
0.056763894856
467.0 319.0 33.0 14.0
obstacle
0.0565398596227
123.0 104.0 274.0 85.0
obstacle
0.0564146228135
33.0 105.0 259.0 62.0
obstacle
0.05569794029
0.0 86.0 271.0 103.0
obstacle
0.0542215146124
483.0 314.0 16.0 19.0
obstacle
0.0539456345141
303.0 25.0 69.0 23.0
obstacle
0.0531616434455
111.0 124.0 259.0 72.0
obstacle
0.0514776520431
415.0 309.0 85.0 24.0
