obstacle
0.862826645374
63.0 126.0 352.0 98.0
obstacle
0.817680895329
224.0 91.0 73.0 16.0
obstacle
0.70798265934
22.0 128.0 363.0 113.0
obstacle
0.595639288425
231.0 92.0 58.0 12.0
obstacle
0.422835171223
113.0 127.0 254.0 92.0
obstacle
0.379366576672
223.0 93.0 40.0 11.0
obstacle
0.371543496847
244.0 89.0 56.0 17.0
obstacle
0.339202523232
28.0 80.0 36.0 12.0
obstacle
0.332234799862
256.0 92.0 40.0 11.0
obstacle
0.324749201536
82.0 115.0 386.0 116.0
obstacle
0.282319426537
213.0 90.0 68.0 18.0
obstacle
0.263024449348
21.0 77.0 49.0 18.0
obstacle
0.24758477509
68.0 137.0 341.0 116.0
obstacle
0.246688902378
0.0 75.0 64.0 21.0
obstacle
0.210410922766
31.0 88.0 30.0 11.0
obstacle
0.206169754267
44.0 143.0 317.0 105.0
obstacle
0.204503938556
11.0 78.0 39.0 13.0
obstacle
0.189615413547
1.0 85.0 61.0 20.0
obstacle
0.177682369947
17.0 81.0 55.0 25.0
obstacle
0.169515386224
77.0 145.0 290.0 77.0
obstacle
0.155695289373
35.0 77.0 20.0 19.0
obstacle
0.1465215832
219.0 95.0 78.0 20.0
obstacle
0.14356392622
212.0 85.0 97.0 25.0
obstacle
0.139749392867
9.0 88.0 44.0 13.0
obstacle
0.132449939847
42.0 163.0 127.0 46.0
obstacle
0.122406922281
140.0 110.0 198.0 127.0
obstacle
0.119426883757
220.0 101.0 43.0 10.0
obstacle
0.113429628313
248.0 90.0 22.0 16.0
obstacle
0.113000288606
205.0 93.0 36.0 9.0
obstacle
0.112992502749
233.0 92.0 16.0 15.0
obstacle
0.0989171862602
234.0 100.0 52.0 12.0
obstacle
0.09803263098
38.0 83.0 16.0 20.0
obstacle
0.0953704640269
295.0 153.0 120.0 37.0
obstacle
0.090829692781
187.0 92.0 33.0 9.0
obstacle
0.0875532925129
37.0 106.0 407.0 115.0
obstacle
0.0871655791998
62.0 163.0 123.0 44.0
obstacle
0.0838934704661
312.0 139.0 122.0 45.0
obstacle
0.0766736939549
45.0 89.0 43.0 12.0
obstacle
0.0753523185849
23.0 159.0 131.0 54.0
obstacle
0.0749691873789
0.0 129.0 309.0 114.0
obstacle
0.0728398039937
206.0 95.0 75.0 21.0
obstacle
0.0706022456288
27.0 140.0 157.0 91.0
obstacle
0.0697463154793
203.0 101.0 41.0 11.0
obstacle
0.0693606957793
192.0 178.0 60.0 16.0
obstacle
0.0658411234617
290.0 141.0 129.0 42.0
obstacle
0.0625806972384
312.0 152.0 123.0 39.0
obstacle
0.0624758973718
30.0 84.0 67.0 22.0
obstacle
0.0603959113359
122.0 121.0 198.0 128.0
obstacle
0.0601576194167
27.0 150.0 124.0 50.0
obstacle
0.0592768788338
0.0 123.0 341.0 103.0
obstacle
0.0584756992757
35.0 152.0 142.0 47.0
obstacle
0.0542745999992
22.0 75.0 18.0 21.0
obstacle
0.0542213506997
268.0 89.0 18.0 15.0
obstacle
0.0540786534548
228.0 83.0 98.0 26.0
obstacle
0.0533776842058
0.0 79.0 116.0 32.0
obstacle
0.0531289987266
34.0 151.0 221.0 69.0
obstacle
0.0530186630785
108.0 140.0 34.0 12.0
obstacle
0.0528153963387
249.0 93.0 19.0 25.0
obstacle
0.0525637194514
16.0 120.0 143.0 107.0
obstacle
0.0510352402925
47.0 132.0 312.0 82.0
obstacle
0.0508655495942
136.0 121.0 244.0 82.0
obstacle
0.0507944487035
75.0 164.0 137.0 43.0
obstacle
0.0504677593708
203.0 89.0 111.0 34.0
