obstacle
0.202633902431
357.316711426 185.369125366 20.4993286133 21.0225830078
obstacle
0.201899826527
8.10688781738 4.33253479004 58.8181533813 78.4149017334
obstacle
0.199533700943
6.54320716858 20.7957382202 54.3092193604 221.557983398
obstacle
0.19714204967
159.784103394 2.9959564209 103.892684937 221.264328003
obstacle
0.197125911713
18.7158126831 17.5673294067 123.741737366 245.71182251
obstacle
0.193495005369
288.702880859 196.877655029 38.1655273438 34.2668457031
obstacle
0.188818603754
448.422729492 1.46719741821 48.8000488281 87.1574554443
obstacle
0.188493832946
306.118621826 204.429290771 29.6773681641 21.2597961426
obstacle
0.187963247299
150.684463501 118.937904358 349.315551758 140.847229004
obstacle
0.187875434756
216.659866333 0.0 231.740341187 53.5400619507
obstacle
0.187361493707
86.6492843628 4.31510162354 126.534461975 153.403442383
obstacle
0.186976253986
38.8525466919 185.684051514 219.406341553 40.4827270508
obstacle
0.186427667737
306.885864258 184.750671387 29.2216796875 30.7930603027
obstacle
0.185790061951
349.294006348 194.217849731 26.3701782227 22.4860229492
obstacle
0.18568906188
221.349975586 12.1785812378 136.483276367 205.585144043
obstacle
0.185440272093
298.227233887 186.272979736 201.772766113 146.727020264
obstacle
0.185317069292
58.8854904175 0.0 225.540466309 50.5558242798
obstacle
0.184572637081
344.76965332 174.992919922 26.9722290039 28.977722168
obstacle
0.184000000358
39.1053237915 101.590621948 193.92779541 231.409378052
obstacle
0.182452917099
100.539932251 219.210678101 71.8927001953 17.696685791
obstacle
0.181873843074
258.045227051 195.013946533 108.334106445 27.706237793
obstacle
0.181758180261
298.028503418 181.338546753 18.969543457 19.3127441406
obstacle
0.181680768728
12.5918521881 307.654815674 35.4810791016 22.9130859375
obstacle
0.181268453598
270.967407227 296.193572998 28.9872436523 23.258605957
obstacle
0.181113749743
282.647583008 207.166549683 92.7965698242 30.604888916
obstacle
0.180552735925
377.25177002 0.0 116.319091797 49.9415779114
obstacle
0.178891569376
168.317245483 167.991455078 15.666229248 20.828125
obstacle
0.177726224065
326.583343506 184.826477051 60.4163208008 29.7917480469
obstacle
0.177703991532
240.587554932 194.938949585 55.4223022461 21.6109924316
obstacle
0.177515417337
420.360107422 15.5511627197 69.690612793 215.794616699
obstacle
0.177453815937
84.2154388428 200.840393066 94.707244873 30.5834960938
obstacle
0.1772749722
17.7392349243 131.76914978 58.3134231567 23.3989562988
obstacle
0.177205532789
332.091552734 10.6755523682 122.205749512 161.965484619
obstacle
0.177071973681
249.381484985 187.790756226 69.9258575439 18.6177368164
obstacle
0.176568731666
67.7598114014 178.548919678 33.7279815674 17.2766723633
obstacle
0.176095560193
473.800018311 300.852142334 26.1999816895 32.147857666
obstacle
0.17607781291
151.831878662 198.854309082 205.286499023 134.145690918
obstacle
0.175862088799
141.899475098 177.2081604 46.4632873535 19.0491638184
obstacle
0.175746396184
239.393585205 160.974243164 85.4174194336 28.8359680176
obstacle
0.175718054175
159.694046021 158.733535767 19.1611938477 21.4131774902
obstacle
0.175537064672
29.1856117249 151.702255249 71.1507110596 18.7689208984
obstacle
0.175309434533
92.7476654053 173.985839844 120.324035645 33.7573852539
obstacle
0.175300747156
149.284942627 196.03755188 36.3287353516 20.8504943848
obstacle
0.174537658691
415.372528076 301.634033203 36.8574829102 26.3626708984
obstacle
0.1742657125
209.555297852 178.677337646 65.4253234863 22.612487793
obstacle
0.174244493246
206.971908569 315.126251221 37.3405456543 16.1199951172
obstacle
0.173759236932
435.483642578 307.735321045 27.1881713867 18.8311157227
obstacle
0.173339471221
367.708312988 275.986175537 132.291687012 56.5375366211
obstacle
0.173009082675
0.0 136.259719849 84.8826370239 196.740280151
obstacle
0.172780841589
126.873687744 172.657745361 124.095275879 124.190765381
obstacle
0.17272233963
283.745788574 193.974761963 23.0162963867 24.9504089355
obstacle
0.172616004944
164.871276855 306.931732178 42.8743286133 23.0863647461
obstacle
0.171891480684
104.329544067 192.590942383 67.112487793 22.7805175781
obstacle
0.171445563436
250.576782227 182.827972412 25.2316894531 17.4391784668
obstacle
0.171398594975
137.449935913 154.896347046 32.2762756348 19.3601989746
obstacle
0.17116202414
256.146209717 301.218353271 23.5405273438 20.9279785156
obstacle
0.170882672071
134.23487854 206.084609985 61.8800354004 20.2891845703
obstacle
0.170715793967
44.7960243225 171.552474976 114.403518677 106.258132935
obstacle
0.170637711883
0.0 0.0 500.0 90.2213668823
obstacle
0.170516014099
132.466400146 163.904067993 62.0953063965 24.4835205078
obstacle
0.170268073678
289.890075684 298.193481445 19.8952026367 21.8983154297
obstacle
0.16883957386
285.90057373 174.007476807 93.4377441406 25.8905029297
obstacle
0.167884767056
38.8271026611 113.225822449 224.023178101 60.2688064575
obstacle
0.167735666037
301.488098145 300.441772461 23.6009521484 21.5477905273
obstacle
0.16670049727
225.55847168 204.105239868 83.1615600586 24.036895752
obstacle
0.166168481112
319.103637695 195.465545654 35.7802734375 19.2130432129
obstacle
0.163748770952
317.474090576 97.3787231445 111.859924316 180.667297363
obstacle
0.16296119988
440.861694336 245.755386353 59.1383056641 67.145614624
obstacle
0.161106452346
3.75892353058 0.0 23.1284255981 64.4242591858
obstacle
0.160968616605
36.8851966858 0.0 90.3798522949 96.5687255859
obstacle
0.160850554705
187.984863281 0.0 128.541412354 114.71081543
obstacle
0.160718590021
159.373138428 186.945495605 53.2333374023 19.1331176758
obstacle
0.160392180085
0.0 66.1258087158 337.776062012 135.948150635
obstacle
0.160030394793
332.573638916 197.918899536 81.4501953125 26.7856750488
obstacle
0.159864887595
15.5619449615 0.0 28.5687541962 53.2595367432
obstacle
0.157143846154
458.193511963 303.263153076 27.2587280273 22.8549804688
obstacle
0.151845723391
264.668945312 289.308776855 20.3263549805 26.4273071289
obstacle
0.151736080647
251.865692139 200.144622803 150.705078125 67.1036376953
