obstacle
0.207478821278
188.053863525 180.238357544 29.3519897461 31.5665893555
obstacle
0.20549313724
161.064117432 175.763900757 40.620513916 44.6607971191
obstacle
0.204329684377
447.626708984 97.1569213867 18.1390991211 19.2567443848
obstacle
0.200095444918
244.210998535 248.191390991 45.5854492188 21.3249359131
obstacle
0.196794301271
400.243041992 2.5399017334 72.7269897461 161.403625488
obstacle
0.196474730968
6.17746353149 5.66107559204 62.7190513611 72.7378234863
obstacle
0.195284634829
314.783813477 0.0 124.115600586 76.4615249634
obstacle
0.194388106465
73.0516662598 210.260757446 58.7928771973 26.5694885254
obstacle
0.193908438087
464.667022705 0.811623573303 35.3329772949 22.0710372925
obstacle
0.193595483899
96.525062561 0.457063674927 202.043701172 49.0273361206
obstacle
0.192995682359
56.9983673096 0.15119934082 132.869415283 157.665847778
obstacle
0.191459164023
133.679244995 0.0 130.586196899 166.865112305
obstacle
0.189733788371
156.705001831 189.012252808 96.0724487305 49.4981689453
obstacle
0.189558461308
458.236755371 111.151924133 14.955871582 17.3661499023
obstacle
0.189397335052
295.543579102 141.83543396 47.2449951172 34.2230529785
obstacle
0.189102590084
282.77532959 129.936248779 33.7463378906 25.1838684082
obstacle
0.18906314671
423.958953857 1.16299057007 61.7102661133 71.4174194336
obstacle
0.187159314752
308.208526611 136.642089844 36.9179077148 18.6786499023
obstacle
0.186627671123
463.733276367 14.2602272034 33.407043457 28.2047767639
obstacle
0.186544656754
226.23878479 187.571121216 24.4542541504 20.0386352539
obstacle
0.18641717732
6.52743148804 13.5020523071 76.6690979004 180.48260498
obstacle
0.186089098454
1.50143432617 1.51124858856 20.5019378662 30.1070327759
obstacle
0.18580250442
457.924255371 115.240264893 37.7849121094 26.9546203613
obstacle
0.185496076941
186.844970703 239.191543579 96.0224609375 28.3459320068
obstacle
0.185305684805
176.635406494 263.860321045 86.0973815918 30.6770019531
obstacle
0.184958487749
254.671234131 126.281051636 136.574584961 26.1976013184
obstacle
0.184807136655
329.411132812 130.477203369 25.3515625 17.892578125
obstacle
0.184108197689
13.6661376953 2.32472229004 139.825408936 50.8170013428
obstacle
0.182377278805
246.748535156 138.656723022 119.369384766 55.1489562988
obstacle
0.182287871838
142.778411865 292.894348145 28.6826477051 24.0426635742
obstacle
0.181513354182
209.995941162 0.0 121.421020508 145.546508789
obstacle
0.181361854076
480.411468506 74.5163879395 19.2620239258 21.830947876
obstacle
0.181257560849
11.1183719635 306.871398926 38.5318984985 24.6051635742
obstacle
0.180953592062
483.266784668 135.69972229 16.733215332 23.2478637695
obstacle
0.180844157934
0.0 163.725723267 415.814117432 170.274276733
obstacle
0.180238440633
79.3944778442 246.406738281 116.241081238 48.2778930664
obstacle
0.180198788643
205.611480713 192.168823242 40.5286560059 25.9381103516
obstacle
0.179629832506
263.905059814 233.840942383 236.094940186 100.159057617
obstacle
0.179540142417
285.529144287 27.6860809326 173.48059082 155.514633179
obstacle
0.179143190384
137.487060547 219.617828369 152.8800354 39.9451293945
obstacle
0.178295895457
322.68737793 131.783996582 47.1701049805 34.0972290039
obstacle
0.178063839674
466.484832764 305.015808105 33.5151672363 28.0358886719
obstacle
0.17727252841
461.123535156 284.454803467 36.630859375 37.5596313477
obstacle
0.176942914724
0.0 249.826278687 271.922180176 73.1440887451
obstacle
0.176759198308
277.091400146 307.052154541 39.4664306641 16.8916625977
obstacle
0.176363557577
4.49950122833 197.528656006 31.6383628845 116.793426514
obstacle
0.176223501563
308.317565918 308.737701416 38.717590332 16.1008911133
obstacle
0.175939381123
404.528747559 58.2623291016 95.4712524414 265.746490479
obstacle
0.175828754902
67.8558197021 179.729019165 231.723709106 88.9310455322
obstacle
0.175677657127
447.380645752 142.680343628 41.9733886719 23.8444519043
obstacle
0.175391510129
7.18296813965 131.850860596 75.8448562622 202.149139404
obstacle
0.175379127264
15.9843044281 119.369422913 23.6635761261 16.0821609497
obstacle
0.175245717168
0.0 287.205963135 123.148956299 46.7940368652
obstacle
0.174838840961
205.542953491 178.443847656 32.8940124512 17.8188171387
obstacle
0.174297198653
406.782470703 259.610778809 93.2175292969 72.8001708984
obstacle
0.174295514822
439.562286377 309.108306885 45.96875 24.061340332
obstacle
0.174278408289
220.035614014 181.635375977 134.680236816 132.258911133
obstacle
0.174136355519
235.591369629 179.805358887 36.2451782227 20.1840515137
obstacle
0.174023911357
218.619918823 199.341842651 52.5717926025 31.0811157227
obstacle
0.17355003953
362.828765869 124.31111145 22.0155029297 20.6051940918
obstacle
0.173400864005
199.158599854 145.674316406 161.444824219 19.3539428711
obstacle
0.173301890492
149.509170532 122.758041382 286.236633301 58.1673583984
obstacle
0.173120826483
301.350616455 117.919563293 31.7567138672 33.3263778687
obstacle
0.172707274556
0.0 0.0 500.0 78.4372253418
obstacle
0.17267985642
127.314659119 127.797935486 45.3797988892 22.0667037964
obstacle
0.171843618155
217.72706604 171.512390137 32.8898620605 18.1452941895
obstacle
0.171811982989
350.630187988 128.175247192 23.560546875 20.3807067871
obstacle
0.171627297997
0.0 94.7864456177 475.772796631 128.181999207
obstacle
0.171552121639
226.557937622 130.554382324 69.2299041748 38.8423156738
obstacle
0.170241013169
118.300262451 123.200691223 33.4750976562 19.9262619019
obstacle
0.169966384768
98.7295074463 116.722602844 22.2961730957 20.8129806519
obstacle
0.169598981738
323.265350342 120.901000977 24.6759643555 21.7712097168
obstacle
0.169371798635
236.711639404 193.390045166 22.2908630371 17.5498657227
obstacle
0.168935999274
360.563964844 126.99911499 139.436035156 18.9355773926
obstacle
0.168876469135
131.201477051 274.551116943 198.629180908 28.1312255859
obstacle
0.168750971556
185.452087402 16.6603546143 190.944030762 271.866760254
obstacle
0.168318629265
248.346710205 205.57170105 232.480712891 65.29737854
obstacle
0.167649045587
348.077880859 144.798950195 36.3916015625 18.0579223633
obstacle
0.167598843575
287.755584717 103.486793518 107.473144531 193.159820557
obstacle
0.167428702116
371.84777832 219.8175354 90.1380615234 79.2076416016
obstacle
0.167398795485
40.637802124 90.2871170044 151.806289673 45.094871521
obstacle
0.166092962027
66.3692245483 216.464401245 140.446166992 42.8505401611
obstacle
0.1659950912
96.089225769 125.957260132 30.991027832 22.9686279297
obstacle
0.165028989315
444.783630371 0.0 55.2163696289 164.883056641
obstacle
0.164143100381
464.493041992 138.54296875 19.5003662109 20.0506286621
obstacle
0.163549870253
29.749042511 176.46875 108.932250977 111.223602295
obstacle
0.162569791079
22.4054222107 251.531692505 53.742816925 56.0971832275
obstacle
0.16252720356
240.850128174 0.0 192.296020508 28.7020759583
obstacle
0.16221934557
412.237457275 230.818908691 87.7625427246 54.8419189453
obstacle
0.161023721099
431.874847412 0.0 46.0160522461 24.8806686401
obstacle
0.160813242197
84.6872329712 36.9478302002 152.201934814 264.410339355
obstacle
0.156522154808
203.083328247 181.803482056 76.9318084717 27.8058166504
obstacle
0.155590727925
157.624542236 287.371887207 23.6636047363 18.3045654297
obstacle
0.155205726624
469.70513916 269.82800293 30.2948608398 29.4118652344
obstacle
0.152669817209
458.148132324 96.0247497559 16.4598388672 14.6108398438
