obstacle
0.196242213249
399.245117188 78.5699768066 45.8236083984 22.7509918213
obstacle
0.192459329963
421.591430664 4.7622756958 73.8177490234 66.5806121826
obstacle
0.190981268883
238.429946899 13.1047897339 112.799972534 210.535186768
obstacle
0.189488917589
2.10388565063 8.71408462524 62.2635192871 67.8450012207
obstacle
0.187826797366
151.656784058 5.23267364502 117.986801147 237.690612793
obstacle
0.187397897243
408.005096436 106.880149841 75.7194824219 29.7158737183
obstacle
0.187015429139
38.978969574 0.232881546021 119.728363037 27.6882476807
obstacle
0.185757607222
3.73298168182 1.25821495056 32.321472168 27.5107078552
obstacle
0.183833092451
311.662780762 0.0 142.636901855 119.01461792
obstacle
0.183814004064
51.4158439636 2.70561218262 128.694396973 69.4824523926
obstacle
0.183252170682
418.387939453 87.1468276978 33.4078979492 32.3970184326
obstacle
0.183164015412
0.0 286.760925293 34.1069984436 26.239074707
obstacle
0.182851940393
119.951530457 1.30502319336 129.126525879 69.9938812256
obstacle
0.182351186872
214.308380127 0.323825836182 129.621520996 70.4590759277
obstacle
0.182227507234
4.1018447876 30.8259735107 68.602142334 229.052749634
obstacle
0.181821450591
21.4320430756 289.513275146 34.3147354126 21.5433349609
obstacle
0.181513294578
310.23248291 163.897583008 189.76751709 149.102416992
obstacle
0.181351184845
331.521209717 266.359161377 159.746765137 44.9370117188
obstacle
0.181281596422
136.464111328 148.765426636 149.315216064 162.599868774
obstacle
0.181183099747
240.654205322 170.737884521 105.948486328 33.4444580078
obstacle
0.181011021137
407.276641846 234.492446899 92.7233581543 64.8778839111
obstacle
0.180977135897
0.0 241.257797241 71.5919189453 61.8874664307
obstacle
0.180864959955
215.053405762 173.943954468 59.4424743652 18.5000915527
obstacle
0.178925722837
297.997589111 179.170761108 62.4682006836 33.364074707
obstacle
0.178796261549
467.035644531 74.1868438721 32.7886352539 38.161315918
obstacle
0.178405687213
236.028945923 156.992233276 98.1607513428 27.7273254395
obstacle
0.178328484297
89.4146270752 85.1528320312 394.496582031 227.847167969
obstacle
0.178008288145
332.506103516 181.671295166 25.4520874023 19.5372314453
obstacle
0.177141606808
431.479766846 88.2798309326 62.3046264648 21.2924957275
obstacle
0.177088081837
42.0955123901 164.610870361 152.285369873 127.023101807
obstacle
0.176815956831
0.0 248.232299805 253.467651367 56.5817260742
obstacle
0.176810190082
404.259429932 28.0688171387 86.7265014648 220.490966797
obstacle
0.176711246371
452.422363281 59.1953735352 44.7151489258 34.5579223633
obstacle
0.17609372735
150.119720459 173.375061035 295.345092773 48.650970459
obstacle
0.175481379032
432.089294434 80.9143981934 67.9107055664 16.4481964111
obstacle
0.175140485168
93.2684631348 3.86403656006 106.932006836 203.219238281
obstacle
0.174954533577
370.973449707 73.400100708 129.026550293 31.828414917
obstacle
0.174765229225
236.249893188 0.0 263.572143555 41.5061721802
obstacle
0.174104675651
30.4820823669 258.626251221 97.6029815674 43.866027832
obstacle
0.174067005515
99.7261199951 137.275909424 367.471679688 62.7158203125
obstacle
0.173982724547
289.710662842 165.708328247 107.952819824 34.1948242188
obstacle
0.173935338855
428.624633789 118.816551208 34.8881835938 20.2720108032
obstacle
0.173477873206
422.395568848 106.282730103 37.0650024414 17.7731170654
obstacle
0.173266887665
423.81262207 0.0 76.1873779297 26.4544143677
obstacle
0.173229426146
359.092132568 146.695220947 139.305603027 67.8952941895
obstacle
0.17312155664
401.13369751 97.1816482544 19.1017456055 17.0961456299
obstacle
0.173023998737
1.77754974365 183.848236084 31.4449195862 113.643249512
obstacle
0.172359958291
229.107559204 151.215988159 146.704574585 161.784011841
obstacle
0.171547561884
0.0 0.0 500.0 79.3761749268
obstacle
0.171120002866
404.968688965 183.168212891 95.0313110352 60.4643249512
obstacle
0.171094208956
396.762634277 91.8207702637 36.303527832 32.7882843018
obstacle
0.170309275389
409.137939453 118.570823669 90.8620605469 60.4807052612
obstacle
0.17023922503
415.529968262 100.205329895 20.1118774414 19.9927215576
obstacle
0.169348731637
414.3777771 95.2258148193 31.2877807617 12.1478729248
obstacle
0.168509840965
311.747009277 175.862472534 30.8297729492 23.2621765137
obstacle
0.167982295156
317.443969727 43.6263198853 119.76751709 215.373657227
obstacle
0.166891872883
22.3783988953 0.0 67.6380310059 125.140304565
obstacle
0.16664595902
35.5798797607 24.6195602417 112.119384766 207.20993042
obstacle
0.165686741471
0.0 0.0 15.1211128235 24.2757320404
obstacle
0.165280073881
339.391601562 176.917663574 92.2943115234 27.26171875
obstacle
0.164392471313
388.168487549 91.6365509033 23.9918212891 21.912902832
obstacle
0.163390278816
443.106628418 115.739440918 32.3927612305 16.5973052979
obstacle
0.158646047115
24.0760498047 44.1931838989 367.278900146 131.563079834
obstacle
0.157287731767
438.05871582 98.6755371094 38.2311401367 15.4019317627
obstacle
0.155295699835
180.432693481 159.680618286 117.699020386 35.4031982422
