obstacle
0.197704300284
451.726745605 3.80331420898 44.0567016602 75.1507873535
obstacle
0.196895614266
340.569366455 0.0 95.5689697266 29.0215148926
obstacle
0.195998772979
459.83291626 0.993933677673 38.4057617188 27.3680076599
obstacle
0.193058758974
283.509918213 0.0 101.143249512 28.5036907196
obstacle
0.190649449825
2.92164421082 7.04124832153 63.4826507568 65.015045166
obstacle
0.188678070903
381.055938721 0.0 98.5085449219 43.4775085449
obstacle
0.188165545464
232.156494141 10.3876342773 94.7750854492 171.329193115
obstacle
0.187067836523
463.900360107 19.2594776154 32.2042236328 28.4033489227
obstacle
0.186998963356
0.0 241.711273193 37.3771629333 35.2887268066
obstacle
0.186631545424
2.57911396027 48.8047943115 20.7437934875 156.797821045
obstacle
0.186537951231
3.173828125 36.5663452148 62.7036514282 221.105224609
obstacle
0.186417371035
459.13394165 35.1539459229 32.6912231445 22.4429092407
obstacle
0.186167046428
4.1378364563 1.52358436584 37.2595405579 25.8591442108
obstacle
0.186130404472
463.888275146 107.914428711 32.3959960938 24.5556793213
obstacle
0.185977771878
57.1647796631 120.253166199 442.835205078 156.746826172
obstacle
0.18583214283
411.16003418 4.1681137085 74.6047363281 148.861083984
obstacle
0.185698121786
482.075012207 47.2747688293 17.924987793 25.8880805969
obstacle
0.185671642423
8.63583374023 232.703918457 20.5520477295 20.5235290527
obstacle
0.185510382056
16.1939048767 216.400177002 18.6947631836 20.056427002
obstacle
0.185470119119
4.45673274994 162.684555054 22.9528198242 97.1406707764
obstacle
0.184964984655
302.622955322 4.9939956665 110.824157715 142.110229492
obstacle
0.184883356094
150.697174072 244.298126221 52.5074768066 20.9792175293
obstacle
0.184503808618
105.944503784 247.332733154 36.5569915771 22.2131958008
obstacle
0.183552533388
60.3190917969 0.017427444458 213.06149292 50.7795944214
obstacle
0.183467656374
139.403106689 249.067642212 34.2731628418 20.3416900635
obstacle
0.183238074183
25.7623310089 246.791473389 33.2720413208 23.3004760742
obstacle
0.183053448796
10.7878656387 132.315444946 22.9572944641 16.7328186035
obstacle
0.182748809457
188.281494141 248.497283936 32.3006896973 21.7068481445
obstacle
0.181972175837
463.649261475 127.669013977 32.662902832 27.4108657837
obstacle
0.181629940867
192.215942383 1.68700408936 123.156036377 67.2672576904
obstacle
0.181393757463
482.178436279 243.859710693 17.8215637207 22.0598754883
obstacle
0.180866271257
482.663299561 228.103164673 17.3367004395 22.4898681641
obstacle
0.180653095245
152.737838745 3.17969512939 94.5901794434 162.230926514
obstacle
0.180386528373
205.261795044 249.829086304 40.7150878906 18.79246521
obstacle
0.180312350392
401.005340576 211.142578125 98.9946594238 65.857421875
obstacle
0.180138885975
455.881103516 202.720001221 23.9880371094 17.8212280273
obstacle
0.180046990514
479.374237061 160.162353516 20.6257629395 27.7138671875
obstacle
0.180004626513
478.063354492 178.91986084 21.9366455078 31.3169555664
obstacle
0.179998487234
281.048370361 251.473098755 38.8534545898 19.3992156982
obstacle
0.179939925671
478.050506592 206.861541748 21.9494934082 33.2585754395
obstacle
0.179891094565
15.0507736206 158.992294312 38.9374923706 25.6503295898
obstacle
0.179851964116
465.124176025 198.520324707 29.4499511719 19.9490356445
obstacle
0.179752349854
17.9554786682 185.074005127 35.9493331909 30.0886535645
obstacle
0.179398417473
319.56036377 250.922012329 46.1343383789 20.129989624
obstacle
0.179006367922
0.0 231.22164917 133.12991333 45.7783508301
obstacle
0.17896990478
341.509063721 253.841766357 44.2283935547 20.9973144531
obstacle
0.178363502026
220.678985596 254.662963867 48.0917663574 22.3370361328
obstacle
0.178329244256
0.0 123.918746948 18.2442111969 52.0265197754
obstacle
0.178260982037
481.037017822 140.393661499 18.9629821777 24.643371582
obstacle
0.178230747581
19.9854202271 201.898880005 26.5683898926 18.4242248535
obstacle
0.178106203675
0.0 132.70501709 189.817321777 144.29498291
obstacle
0.177174806595
365.246795654 252.468978882 42.8874511719 19.4085845947
obstacle
0.177084043622
167.714416504 0.741500854492 332.285583496 89.8255462646
obstacle
0.176993846893
457.752227783 171.253982544 38.8478393555 28.8388977051
obstacle
0.176881954074
423.00579834 191.114013672 76.9942016602 45.411529541
obstacle
0.176789537072
462.222381592 220.12071228 33.0953979492 24.4915161133
obstacle
0.176486134529
36.1645812988 256.860900879 35.7394561768 19.7003173828
obstacle
0.176352486014
76.59790802 248.929763794 50.2695159912 21.0604095459
obstacle
0.176047712564
28.5651626587 155.176269531 42.8068695068 14.1512145996
obstacle
0.176033869386
178.12979126 147.879257202 56.2164916992 19.004486084
obstacle
0.175904393196
87.3873443604 15.714553833 96.8679199219 198.759429932
obstacle
0.175195708871
16.5442771912 0.771766662598 118.881637573 31.513053894
obstacle
0.174625560641
14.4194011688 143.436920166 29.0441684723 29.1377258301
obstacle
0.174382120371
470.574798584 260.302246094 26.3803100586 16.6977539062
obstacle
0.173792928457
266.638671875 28.8071899414 233.361328125 177.160324097
obstacle
0.173211157322
199.078048706 155.413726807 30.7479553223 20.341217041
obstacle
0.173186615109
14.7195091248 20.369758606 122.103393555 166.910705566
obstacle
0.172989681363
278.615539551 151.214920044 158.396850586 105.629669189
obstacle
0.172935217619
176.191177368 142.251693726 31.970703125 16.112121582
obstacle
0.172725781798
26.720205307 171.176956177 30.3217487335 25.5755310059
obstacle
0.172099709511
396.358795166 251.89225769 29.2865600586 15.5998687744
obstacle
0.171095326543
205.136474609 82.3186645508 136.549133301 194.681335449
obstacle
0.170289620757
0.0 1.09247589111 19.8668804169 121.982467651
obstacle
0.170276448131
371.335845947 150.203674316 128.664154053 63.5745239258
obstacle
0.169490814209
308.671722412 253.59588623 28.8150634766 16.1566772461
obstacle
0.169211477041
10.0686912537 70.8080444336 41.6284561157 88.7319793701
obstacle
0.168691396713
458.663208008 154.316482544 33.4383544922 31.1903686523
obstacle
0.168111279607
29.754524231 93.6012496948 103.797447205 58.0798568726
obstacle
0.167847916484
421.323516846 97.7610702515 78.6764831543 50.2359695435
obstacle
0.167566388845
113.675666809 113.084091187 154.545135498 139.497619629
obstacle
0.167527675629
19.8202991486 239.203887939 21.1511745453 15.5543823242
obstacle
0.166043668985
422.308319092 72.421661377 77.6916809082 48.1891784668
obstacle
0.165500998497
187.983718872 139.800552368 46.9066772461 17.1776428223
obstacle
0.164591863751
426.491485596 119.18006897 52.378112793 131.165435791
obstacle
0.164583310485
155.655654907 0.0 93.2048339844 23.9350948334
obstacle
0.164427578449
2.41149902344 9.2078704834 348.438751221 105.8279953
obstacle
0.163983687758
179.16746521 235.553771973 26.5346984863 25.7983703613
obstacle
0.1636518538
270.938110352 240.078552246 27.8701171875 23.8410339355
obstacle
0.163231357932
0.0 0.0 17.4737091064 22.2550888062
obstacle
0.162058725953
427.943237305 0.0 48.2925415039 22.059885025
obstacle
0.161813363433
128.303405762 240.578582764 27.5351867676 22.5391845703
obstacle
0.161788329482
22.2219772339 210.848953247 43.3103179932 50.6912689209
obstacle
0.16158413887
27.3762969971 114.320129395 61.6939086914 111.88293457
obstacle
0.160695105791
240.76852417 0.0 83.7952880859 21.6955738068
obstacle
0.158236593008
327.634765625 103.146003723 115.293701172 109.457756042
obstacle
0.157285869122
379.487701416 71.2154846191 83.7309570312 72.1991577148
obstacle
0.156713068485
194.836517334 147.916717529 83.7417602539 26.1890869141
