obstacle
0.223394155502
73.7954711914 110.905189514 28.8124237061 23.5593948364
obstacle
0.207513362169
245.019927979 114.753799438 167.608398438 143.453475952
obstacle
0.206010550261
75.7392959595 124.97819519 30.481628418 21.3724060059
obstacle
0.204325705767
344.700408936 41.356918335 142.08996582 227.565322876
obstacle
0.199724748731
236.922332764 192.766906738 33.541809082 20.8927612305
obstacle
0.198323383927
10.004524231 191.840057373 42.2918777466 30.0515136719
obstacle
0.196238264441
112.636192322 133.187988281 25.4577713013 16.8271179199
obstacle
0.193859741092
318.037261963 169.92980957 130.690124512 102.835662842
obstacle
0.193614214659
155.250946045 57.1763381958 173.117248535 210.148498535
obstacle
0.190830916166
179.912384033 4.42031669617 120.864044189 64.3473892212
obstacle
0.190341562033
6.57690620422 8.11407470703 58.1411819458 65.7777633667
obstacle
0.189921110868
18.1050987244 240.537597656 107.831039429 21.3683776855
obstacle
0.189664378762
350.095031738 0.199778556824 108.321472168 22.1632232666
obstacle
0.188965827227
26.0362205505 128.500839233 50.1244544983 15.8341064453
obstacle
0.188678368926
293.564605713 235.950073242 91.7784423828 40.111328125
obstacle
0.18858641386
6.7759771347 108.862876892 31.3867416382 15.6810760498
obstacle
0.188569948077
4.04494476318 210.834991455 58.4929351807 22.4987487793
obstacle
0.188068315387
95.1030578613 134.39201355 32.6234436035 20.6158447266
obstacle
0.187776520848
57.3351364136 96.9314804077 169.472808838 175.143615723
obstacle
0.187550902367
276.116943359 3.10128211975 123.360046387 64.2432556152
obstacle
0.187048822641
216.125152588 19.1546478271 107.308410645 133.904541016
obstacle
0.186704993248
3.15824508667 250.739059448 40.739490509 22.6186065674
obstacle
0.186282590032
379.195007324 200.417724609 51.1318969727 77.2364501953
obstacle
0.186177834868
62.5565338135 104.079414368 57.3446350098 49.4702835083
obstacle
0.185700908303
2.54950523376 224.830917358 18.6496601105 31.4364013672
obstacle
0.185657903552
115.854446411 1.83274078369 107.909698486 148.167266846
obstacle
0.184486120939
57.6174163818 215.080764771 336.829040527 63.8061981201
obstacle
0.184316426516
48.9626693726 119.440032959 23.2863616943 16.5005950928
obstacle
0.184171512723
373.576446533 151.934417725 125.703735352 75.884185791
obstacle
0.184103399515
13.6277656555 188.228668213 126.746582031 80.9241638184
obstacle
0.183795556426
22.0213394165 116.659362793 46.3556365967 14.6455230713
obstacle
0.182252243161
390.891357422 189.839294434 98.6401367188 76.2891235352
obstacle
0.181489959359
56.4579391479 2.07276344299 205.742370605 49.4793777466
obstacle
0.181168213487
472.701446533 226.793624878 26.623046875 32.8789215088
obstacle
0.181053295732
0.0 224.581222534 43.4905319214 15.9327392578
obstacle
0.180863112211
427.838653564 196.949401855 53.7119140625 33.9000549316
obstacle
0.180721193552
277.558990479 19.4396362305 126.951721191 142.268569946
obstacle
0.180715158582
1.13984584808 165.004364014 23.4704818726 25.3717346191
obstacle
0.18063788116
351.684509277 239.002563477 48.2124023438 39.7106933594
obstacle
0.180625617504
0.0 118.942459106 16.8529911041 45.1026916504
obstacle
0.180441170931
0.0 188.973175049 27.8009204865 51.7282409668
obstacle
0.180167227983
0.764392852783 153.341888428 22.7480487823 19.8363647461
obstacle
0.180052533746
457.388183594 244.60206604 35.1306152344 33.5914764404
obstacle
0.17960305512
424.531768799 1.41779136658 62.5752563477 63.1959686279
obstacle
0.179381415248
19.4893798828 216.313796997 98.4247894287 30.4490966797
obstacle
0.177742406726
0.0 128.227905273 43.3903121948 24.3491210938
obstacle
0.177642911673
0.0 140.845657349 67.3442382812 129.102706909
obstacle
0.176787316799
79.1459197998 160.074325562 213.165908813 68.5278625488
obstacle
0.176359385252
84.4798583984 16.5221099854 415.520141602 198.041152954
obstacle
0.176097899675
123.399345398 151.9322052 61.6539993286 42.3585205078
obstacle
0.175958484411
0.808767318726 172.674224854 40.6419906616 35.9217834473
obstacle
0.17588301003
6.91111946106 235.140686035 41.3998794556 28.4153442383
obstacle
0.175518706441
76.9165344238 0.0 423.083465576 77.1841583252
obstacle
0.175309494138
28.9004077911 199.257537842 53.9674911499 20.6539306641
obstacle
0.175177261233
394.308227539 0.0 105.691772461 148.256607056
obstacle
0.174893349409
0.0 23.7987823486 117.38495636 146.669952393
obstacle
0.173603177071
420.421539307 163.800796509 45.6737060547 55.2025146484
obstacle
0.173554509878
3.90041542053 151.908950806 59.1144866943 31.9190673828
obstacle
0.173343718052
45.6475753784 116.036880493 53.6051940918 25.9577331543
obstacle
0.171817600727
471.238891602 161.052368164 28.7611083984 51.2797546387
obstacle
0.171385645866
59.1114692688 60.8479690552 119.770370483 106.678092957
obstacle
0.170560956001
7.4307975769 117.616073608 38.8251533508 22.1974182129
obstacle
0.170303836465
5.5070810318 208.318222046 30.681476593 15.5316467285
obstacle
0.169775336981
456.414459229 206.653488159 39.036315918 37.6608581543
obstacle
0.169462770224
0.0 0.0 123.782775879 43.0268592834
obstacle
0.168740570545
195.032104492 0.0 183.28515625 33.8900756836
obstacle
0.168583467603
473.976043701 258.990112305 26.0239562988 21.0098876953
obstacle
0.165724217892
362.262451172 208.082595825 44.3329467773 48.3170166016
obstacle
0.165500953794
7.80064201355 144.507858276 34.178314209 21.6040039062
obstacle
0.165100857615
19.8181400299 250.039337158 54.7730407715 29.9352416992
obstacle
0.164643138647
327.647705078 0.0 123.909240723 101.266784668
obstacle
0.163438692689
49.2851753235 0.0 87.373626709 101.625083923
obstacle
0.159234717488
459.331451416 0.0 40.668548584 44.3013305664
obstacle
0.153894752264
0.0 119.695022583 172.027099609 70.4014892578
