obstacle
0.217570453882
151.384429932 180.22102356 42.2839355469 27.3134155273
obstacle
0.20324216783
193.157409668 210.870391846 57.8921508789 26.702331543
obstacle
0.197196722031
172.226730347 199.067062378 66.3958740234 26.5764465332
obstacle
0.193970486522
442.336975098 4.99188995361 50.5834960938 80.2920227051
obstacle
0.19347730279
223.639953613 198.510559082 36.2326965332 18.6418762207
obstacle
0.192836150527
124.360900879 164.442855835 69.2124023438 34.2541503906
obstacle
0.192560151219
188.207138062 142.764312744 23.7827758789 27.2222290039
obstacle
0.191644638777
4.22330665588 7.66762161255 64.3924255371 70.4610137939
obstacle
0.190644025803
27.8564147949 167.719863892 397.151153564 74.0325622559
obstacle
0.189839676023
105.588539124 186.916748047 70.5607223511 23.0744934082
obstacle
0.188634231687
117.167938232 240.651855469 21.0464935303 24.3428955078
obstacle
0.188240125775
448.937469482 256.077606201 47.3415527344 76.9223937988
obstacle
0.187849447131
157.188461304 0.407550811768 217.794143677 51.7100410461
obstacle
0.187803328037
165.143951416 149.862716675 42.4769897461 45.8559875488
obstacle
0.187607362866
64.7542953491 180.84803772 242.83001709 28.2590942383
obstacle
0.186928704381
187.573791504 146.455718994 44.1528625488 51.8722839355
obstacle
0.186091944575
59.3638305664 21.7183456421 169.691131592 219.592651367
obstacle
0.185002148151
2.98757266998 2.05102920532 31.2006187439 28.4231758118
obstacle
0.184715762734
154.888168335 151.689453125 29.6179199219 26.1515808105
obstacle
0.184332787991
18.805557251 3.11981391907 134.365325928 47.9647216797
obstacle
0.183988273144
229.092468262 210.469406128 45.8893432617 23.3502502441
obstacle
0.183894917369
134.40322876 193.954116821 61.8768310547 35.4033508301
obstacle
0.182458028197
366.838348389 0.0 110.893920898 46.6751022339
obstacle
0.182365655899
463.091339111 97.9373321533 36.455871582 30.352142334
obstacle
0.182041957974
126.705917358 189.13999939 191.839309692 143.86000061
obstacle
0.181961476803
7.45111465454 32.2186584473 60.5556602478 213.387573242
obstacle
0.181654646993
263.199737549 12.4743652344 105.341308594 242.856262207
obstacle
0.180611625314
379.096282959 42.028678894 120.903717041 242.243591309
obstacle
0.18055832386
25.180896759 305.631652832 35.2657089233 20.7639770508
obstacle
0.180284693837
0.0 305.500793457 35.8645477295 27.108581543
obstacle
0.180199071765
130.389266968 154.307846069 32.1316223145 19.4083557129
obstacle
0.18012739718
19.9486045837 234.264083862 30.5028991699 18.3779602051
obstacle
0.179780840874
0.0 232.590805054 45.2439880371 89.1457366943
obstacle
0.179739966989
472.561462402 303.51272583 27.4385375977 29.4872741699
obstacle
0.178992047906
159.942840576 126.413131714 101.522460938 153.856521606
obstacle
0.177637383342
355.697052002 284.341156006 140.841247559 48.6588439941
obstacle
0.177402690053
456.022033691 268.034637451 38.4419555664 25.9694824219
obstacle
0.176908046007
0.0 285.393859863 127.540222168 47.6061401367
obstacle
0.176724165678
284.780151367 201.080932617 181.09967041 131.919067383
obstacle
0.176435366273
141.268051147 162.101928711 91.765625 59.9809265137
obstacle
0.176364406943
93.8348846436 0.0 133.025604248 70.2858581543
obstacle
0.176164999604
0.0 70.0441665649 426.241424561 238.503265381
obstacle
0.175611376762
42.1816940308 189.573577881 158.132049561 143.426422119
obstacle
0.175345167518
358.691467285 36.3707351685 135.63269043 64.4471130371
obstacle
0.175060376525
218.942321777 0.0 95.5841674805 212.083526611
obstacle
0.174157992005
439.098999023 310.47366333 41.0870361328 22.5263366699
obstacle
0.172819763422
154.385177612 165.493255615 27.548828125 25.0432128906
obstacle
0.171842679381
56.923248291 0.0 443.076751709 147.813964844
obstacle
0.171062111855
357.639343262 149.564849854 139.893615723 65.6083984375
obstacle
0.171027973294
3.36167144775 183.217346191 93.647315979 141.115386963
obstacle
0.170975580812
158.430633545 220.707733154 130.933380127 22.5050964355
obstacle
0.170382559299
65.9305953979 205.306945801 188.268432617 57.0161743164
obstacle
0.170204520226
410.731170654 157.86126709 76.1361083984 175.13873291
obstacle
0.170168504119
408.247741699 124.671607971 91.7522583008 61.884727478
obstacle
0.169947788119
351.098388672 85.6219024658 147.714477539 65.1448364258
obstacle
0.169908776879
241.398086548 202.88331604 30.9614715576 16.1670532227
obstacle
0.169576957822
42.5852203369 145.437088013 90.5049591064 121.386581421
obstacle
0.169075220823
353.7449646 194.418365479 146.2550354 67.3570251465
obstacle
0.1688567698
172.615478516 131.823959351 21.3246765137 37.3959960938
obstacle
0.167230576277
324.110809326 96.6394882202 106.705627441 202.078613281
obstacle
0.165553584695
0.0 17.844833374 151.231399536 133.867141724
obstacle
0.165146738291
270.284210205 0.0 184.602111816 98.2077102661
obstacle
0.162826865911
185.216949463 173.066421509 78.495513916 41.157623291
obstacle
0.162743985653
418.22869873 0.0 57.2042236328 25.5170555115
obstacle
0.162246242166
63.8177566528 246.658096313 160.433319092 50.7292633057
obstacle
0.161672323942
454.049285889 0.0 45.9507141113 27.1818771362
obstacle
0.161289572716
21.1900882721 251.078262329 51.6159286499 56.2698822021
obstacle
0.161284983158
164.048599243 0.0 102.297042847 143.491958618
obstacle
0.161062285304
230.779632568 149.020889282 102.272827148 143.11088562
obstacle
0.159062281251
110.58152771 76.2609481812 288.759338379 103.631202698
obstacle
0.158316209912
418.216644287 238.294708252 81.7833557129 56.721862793
obstacle
0.154218837619
472.082763672 277.785308838 27.9172363281 27.8825683594
