obstacle
0.206018388271
206.395874023 162.33821106 23.0263671875 26.983795166
obstacle
0.199493944645
172.682312012 164.171615601 46.43359375 17.200958252
obstacle
0.196792766452
188.096450806 152.602645874 62.7061767578 29.9483642578
obstacle
0.195792123675
211.30682373 158.684432983 96.7741699219 23.2667541504
obstacle
0.193397790194
273.707763672 165.786621094 53.82421875 18.6887817383
obstacle
0.19116781652
312.416473389 140.925949097 39.6051025391 27.9886779785
obstacle
0.19101934135
214.977020264 169.431015015 128.748840332 25.2464294434
obstacle
0.19026248157
178.213745117 177.612731934 60.3025512695 16.2738342285
obstacle
0.189750939608
383.465362549 136.627716064 33.2811889648 23.2441101074
obstacle
0.189743816853
172.89453125 138.138381958 78.483215332 27.3216247559
obstacle
0.188521146774
165.12171936 177.005111694 59.7177429199 44.3699951172
obstacle
0.188289731741
353.241394043 134.816574097 33.8985595703 20.7547302246
obstacle
0.187894374132
270.145568848 151.046127319 24.3748779297 23.2141113281
obstacle
0.187883719802
190.476089478 115.200271606 22.1509399414 19.8364715576
obstacle
0.187846288085
193.896972656 156.661956787 25.9946899414 17.1538696289
obstacle
0.186746910214
376.244537354 137.91229248 16.9157714844 19.6967773438
obstacle
0.186722755432
8.21952056885 4.57887649536 62.4948501587 75.322555542
obstacle
0.186661228538
26.9352340698 152.759033203 239.934783936 52.3414306641
obstacle
0.18602219224
406.094665527 4.43067932129 76.5520019531 164.454055786
obstacle
0.185360103846
14.1586608887 0.385353088379 155.384597778 53.4952392578
obstacle
0.184809237719
206.968429565 0.0 104.008804321 181.985015869
obstacle
0.184753149748
307.280609131 0.0 117.501953125 215.520462036
obstacle
0.184686303139
89.3045043945 179.226638794 167.902648926 21.2582702637
obstacle
0.184449106455
361.841552734 145.342987061 15.4342651367 18.6325073242
obstacle
0.183941885829
177.775268555 0.0 233.16784668 52.6239204407
obstacle
0.183228597045
267.930908203 172.44229126 37.5778808594 17.416595459
obstacle
0.182644784451
200.849639893 185.64881897 146.801208496 21.7539367676
obstacle
0.18262386322
216.57723999 181.109909058 283.42276001 151.890090942
obstacle
0.182469576597
7.37706947327 26.7615661621 58.2104949951 204.180267334
obstacle
0.181455880404
318.325073242 126.745979309 73.364074707 57.8098373413
obstacle
0.180955842137
342.569549561 148.160354614 52.3558349609 22.5086364746
obstacle
0.180106595159
450.861083984 117.499755859 24.8469848633 20.4451751709
obstacle
0.179943308234
374.280456543 0.0 106.715454102 47.0780639648
obstacle
0.179528549314
24.463470459 102.208259583 422.408630371 169.486999512
obstacle
0.179297477007
280.4112854 120.153121948 191.017700195 33.6331176758
obstacle
0.178518593311
470.041992188 101.444190979 27.3225097656 25.1377716064
obstacle
0.17790736258
447.275299072 105.651519775 26.3190307617 22.450302124
obstacle
0.177833214402
469.856658936 306.330963135 30.1433410645 26.6690368652
obstacle
0.177142247558
482.489471436 112.429321289 17.5105285645 26.2585601807
obstacle
0.17654004693
342.009216309 283.639160156 154.402099609 48.7862548828
obstacle
0.176311254501
372.841033936 150.742263794 52.2822875977 17.1151733398
obstacle
0.176169887185
327.778564453 127.326072693 172.221435547 144.883361816
obstacle
0.175916671753
399.624145508 123.967018127 54.6500854492 32.4130935669
obstacle
0.175775960088
87.8476257324 171.481750488 233.579315186 161.518249512
obstacle
0.174551591277
353.252838135 133.063278198 86.0513305664 33.5191955566
obstacle
0.17404358089
454.576538086 86.2732543945 45.4234619141 31.7952880859
obstacle
0.173824459314
305.055999756 78.7746734619 194.944000244 63.7718963623
obstacle
0.173500403762
25.9996948242 17.9653930664 195.434341431 195.957427979
obstacle
0.173269882798
161.242492676 146.114532471 218.51953125 52.5503540039
obstacle
0.172684207559
433.568634033 102.790412903 24.8685302734 26.3460464478
obstacle
0.171983122826
293.890930176 150.504425049 48.8840332031 28.544708252
obstacle
0.170920237899
8.60513687134 180.351104736 92.6346130371 143.251373291
obstacle
0.170764952898
351.316711426 142.266586304 19.1553344727 19.4087219238
obstacle
0.170742988586
255.640090942 114.638000488 111.826919556 182.771392822
obstacle
0.17057967186
93.8896636963 0.0 120.969543457 114.25012207
obstacle
0.170197844505
415.620269775 111.292816162 78.9998779297 27.662612915
obstacle
0.169738158584
441.837371826 92.2396621704 14.4703979492 20.3857879639
obstacle
0.16889987886
224.554412842 7.57893371582 275.445587158 92.2218704224
obstacle
0.16855789721
409.589599609 99.2067184448 73.1049194336 25.0579833984
obstacle
0.16677211225
377.801757812 117.897789001 59.3716430664 21.061668396
obstacle
0.166501700878
36.657585144 124.895507812 91.9438323975 135.742950439
obstacle
0.165231525898
183.577468872 124.400840759 46.0272216797 18.7504806519
obstacle
0.164742484689
446.802215576 0.0 53.1977844238 50.4054145813
obstacle
0.164677754045
0.0 7.54502868652 345.074371338 71.3776550293
obstacle
0.164287820458
417.692138672 105.648963928 29.4588012695 27.390296936
obstacle
0.162882626057
439.420898438 62.5595626831 60.5791015625 194.155090332
obstacle
0.162830010056
417.47833252 233.307312012 58.9997558594 88.4945068359
obstacle
0.162489846349
446.764160156 246.826660156 53.2358398438 62.0152587891
obstacle
0.16230648756
75.1474075317 0.0 212.15435791 38.1098251343
obstacle
0.161423847079
140.103942871 0.0 120.897491455 272.369537354
obstacle
0.160045430064
270.742523193 0.0 92.8533935547 159.678939819
obstacle
0.159475207329
410.133392334 188.626266479 89.866607666 100.281082153
obstacle
0.158927291632
421.944824219 89.4644165039 28.1915283203 31.4127197266
