obstacle
0.230567321181
301.464630127 155.684402466 23.6391601562 16.8620300293
obstacle
0.217699691653
92.7109680176 186.699630737 21.4302368164 14.5131530762
obstacle
0.2152415663
97.7162857056 168.017715454 47.5793380737 16.0109558105
obstacle
0.214883491397
295.685180664 160.564239502 42.1231689453 22.5583190918
obstacle
0.209525868297
7.62672424316 4.80262756348 58.57081604 72.6929626465
obstacle
0.20238737762
98.0713653564 186.672698975 39.1104888916 18.3125915527
obstacle
0.199029222131
103.99861908 0.0 201.3175354 50.1113014221
obstacle
0.198991760612
325.045654297 137.616500854 20.1146240234 17.6679992676
obstacle
0.198450684547
221.957443237 165.684051514 51.6760101318 19.5380554199
obstacle
0.197835072875
113.715080261 0.0 144.666229248 246.896972656
obstacle
0.19621296227
3.35504245758 1.04816246033 32.2992401123 31.5725479126
obstacle
0.1961915344
448.84085083 1.18028259277 47.6620483398 81.9523544312
obstacle
0.196183115244
72.1451873779 1.87152862549 126.130096436 148.12020874
obstacle
0.195691838861
206.807800293 181.716278076 76.5837402344 30.9219055176
obstacle
0.19519007206
198.262161255 169.266052246 66.3779144287 29.6170959473
obstacle
0.194372653961
338.730316162 144.594863892 30.8072509766 24.4625854492
obstacle
0.193402633071
94.985244751 178.205566406 58.446762085 18.9589538574
obstacle
0.193245410919
7.97838592529 7.14601898193 101.650138855 139.043731689
obstacle
0.192172378302
277.053710938 160.177459717 129.567138672 28.1222229004
obstacle
0.190783172846
6.79347610474 28.8472442627 60.1643791199 263.651672363
obstacle
0.190011590719
264.525756836 0.00374603271484 128.999206543 72.9686965942
obstacle
0.189638242126
205.107910156 303.5234375 33.7739257812 23.6582641602
obstacle
0.188321590424
112.897850037 193.013748169 61.4350967407 25.3387451172
obstacle
0.187264308333
462.090240479 306.401855469 30.8035888672 21.3283081055
obstacle
0.187121450901
251.748413086 172.391479492 123.770935059 44.4378356934
obstacle
0.185831055045
382.170593262 167.009246826 31.5927124023 17.037109375
obstacle
0.185508266091
369.008972168 158.297393799 34.1900024414 18.1287536621
obstacle
0.185189440846
376.857177734 0.0 97.0062255859 126.795791626
obstacle
0.183753490448
103.022109985 182.932418823 93.9510192871 22.4492492676
obstacle
0.182473093271
311.463195801 134.539108276 65.9622192383 22.4652404785
obstacle
0.182326883078
426.293579102 79.701499939 38.9085693359 25.6822509766
obstacle
0.181459069252
4.94326972961 242.396896362 34.1991119385 90.6031036377
obstacle
0.181253030896
0.0 306.782745361 37.1862640381 26.2172546387
obstacle
0.18113027513
304.808288574 0.0 136.709655762 258.462585449
obstacle
0.180905357003
231.42074585 0.0 126.432067871 220.990249634
obstacle
0.180731356144
86.0735473633 191.88760376 22.6276092529 17.6317443848
obstacle
0.180709168315
117.988716125 154.381454468 122.795768738 146.277542114
obstacle
0.180583998561
460.229675293 68.8826904297 34.4151000977 23.2776489258
obstacle
0.180535122752
138.445236206 214.303833008 361.554748535 118.696166992
obstacle
0.180070474744
400.696868896 96.9300765991 50.3475341797 19.7606201172
obstacle
0.179764971137
219.743362427 148.143493652 122.079147339 184.856506348
obstacle
0.179644793272
482.104888916 84.220993042 16.241394043 17.3187866211
obstacle
0.179248332977
441.140319824 131.952224731 47.7935791016 22.9798583984
obstacle
0.178942188621
122.732971191 126.327484131 297.925231934 106.347015381
obstacle
0.178755104542
338.56463623 113.15788269 114.014831543 27.1175384521
obstacle
0.17869900167
42.6902313232 173.281539917 92.615737915 112.376968384
obstacle
0.177939757705
421.419372559 108.982406616 42.3414306641 16.8582000732
obstacle
0.177931070328
154.818344116 112.938789368 345.181640625 48.4322280884
obstacle
0.177554234862
314.819580078 169.094100952 37.3786010742 17.321685791
obstacle
0.17744807899
17.133644104 73.3674163818 205.660644531 259.632568359
obstacle
0.177288919687
448.671325684 102.350059509 30.0786743164 18.9571990967
obstacle
0.177263408899
355.125640869 140.471572876 23.6371459961 19.1907043457
obstacle
0.177253335714
444.945495605 92.8859558105 35.0405883789 18.8822021484
obstacle
0.177200496197
410.51272583 151.138641357 36.0653076172 21.143737793
obstacle
0.176633507013
332.236633301 148.389755249 103.089538574 27.9283447266
obstacle
0.176533430815
396.114868164 151.138778687 103.885131836 181.861221313
obstacle
0.176401212811
459.530548096 291.641021729 40.4694519043 27.964050293
obstacle
0.176361978054
57.1571960449 197.154327393 136.27230835 32.6435852051
obstacle
0.175205111504
476.7996521 116.9637146 21.3689575195 22.4986419678
obstacle
0.175094440579
365.046478271 133.572509766 65.669128418 15.7481384277
obstacle
0.175049886107
357.307983398 260.206695557 142.692016602 60.9121704102
obstacle
0.17503105104
429.267669678 306.785430908 46.573425293 20.1485595703
obstacle
0.175001427531
370.66619873 108.137069702 46.2360229492 19.344543457
obstacle
0.174741968513
0.0 0.0 12.1495819092 22.8715591431
obstacle
0.174685850739
377.020080566 98.7317123413 39.6365356445 18.9242858887
obstacle
0.174652084708
31.465839386 106.83190155 67.4546813965 148.424316406
obstacle
0.174486964941
467.81362915 92.3622665405 21.3386230469 16.3709106445
obstacle
0.17422761023
204.485290527 154.910598755 126.067565918 36.1771850586
obstacle
0.174090132117
462.469177246 81.05493927 26.5121459961 18.3622894287
obstacle
0.172932907939
187.501495361 0.381210327148 113.317993164 139.019454956
obstacle
0.172930195928
429.496459961 128.07522583 31.1272583008 20.526184082
obstacle
0.172774448991
64.0056533813 169.726104736 119.571922302 21.3852233887
obstacle
0.172632932663
364.777496338 119.347206116 39.5999755859 19.4950485229
obstacle
0.172236144543
182.262420654 94.0533752441 109.802429199 191.687072754
obstacle
0.171312123537
473.150878906 131.96446228 26.8491210938 27.3041992188
obstacle
0.171094790101
250.307861328 140.683273315 215.984802246 59.4511413574
obstacle
0.170785620809
0.0 154.92048645 239.95475769 57.2184753418
obstacle
0.17062702775
426.532226562 0.0 73.4677734375 28.1499500275
obstacle
0.170029342175
443.665222168 116.411758423 43.8583374023 19.9739685059
obstacle
0.169624313712
24.7178688049 302.017456055 26.6393661499 21.7180786133
obstacle
0.169368773699
380.594512939 84.1386947632 55.3433837891 40.2865447998
obstacle
0.168148562312
101.731620789 175.092224121 21.6402282715 14.1178283691
obstacle
0.168007284403
5.83371734619 193.696731567 91.8794784546 139.303268433
obstacle
0.16788777709
0.0 0.0 500.0 79.8798675537
obstacle
0.167659908533
295.351654053 66.0265197754 204.648345947 46.9074401855
obstacle
0.167394697666
485.106384277 308.686553955 14.8936157227 17.5534057617
obstacle
0.166629180312
284.506988525 147.192871094 105.390319824 145.850524902
obstacle
0.166589841247
352.209197998 124.930953979 33.7305297852 25.4346008301
obstacle
0.164120674133
448.807495117 245.809997559 51.1925048828 62.2264404297
obstacle
0.163791209459
0.0 0.0 178.193313599 51.0441207886
obstacle
0.163181826472
59.4788551331 190.497009277 90.0888061523 20.9639282227
obstacle
0.162028059363
421.849945068 40.2983779907 78.1500549316 196.213897705
obstacle
0.161843329668
220.859405518 302.66897583 27.6242980957 15.6500244141
obstacle
0.158590883017
470.007141113 108.519462585 22.1123046875 18.3694458008
obstacle
0.158332392573
334.34072876 0.0 118.621582031 43.5512313843
obstacle
0.157125070691
188.021942139 195.312347412 236.020751953 45.9284973145
obstacle
0.156543150544
24.6782302856 0.0 45.480758667 22.7818317413
obstacle
0.15180593729
63.3726730347 0.0 87.4008560181 29.7999610901
obstacle
0.150718152523
8.5955696106 0.0 13.2922267914 23.9951171875
obstacle
0.143825218081
297.996002197 146.207550049 51.2124023438 24.8004455566
