obstacle
0.227051511407
264.52835083 163.090179443 33.8352661133 15.8754272461
obstacle
0.210193902254
281.66229248 149.546035767 28.4372558594 23.6905822754
obstacle
0.206387609243
273.875152588 144.561462402 67.7456054688 21.3789367676
obstacle
0.205521419644
267.847045898 170.761047363 46.2238769531 23.0910949707
obstacle
0.204552158713
261.636627197 206.460662842 38.1097412109 15.4468688965
obstacle
0.202934712172
456.946472168 1.17009544373 37.3882446289 27.7568149567
obstacle
0.202713280916
14.4176177979 0.848922729492 106.687927246 55.7928504944
obstacle
0.202161803842
309.236999512 137.882110596 38.0299682617 19.5819702148
obstacle
0.202109530568
262.017578125 215.895675659 29.8951416016 19.5493469238
obstacle
0.201185539365
455.50012207 14.5690193176 38.1798706055 34.0579681396
obstacle
0.200590342283
255.095199585 187.070724487 57.2047576904 33.7565612793
obstacle
0.197328314185
199.27331543 207.145645142 143.576416016 18.910369873
obstacle
0.1972438097
249.879760742 155.653106689 91.0025634766 33.7664794922
obstacle
0.19646024704
261.722991943 226.436080933 39.3285522461 32.2441864014
obstacle
0.194763049483
263.882598877 0.0 168.144348145 92.3517303467
obstacle
0.194463998079
11.9563312531 162.846694946 22.6693553925 20.4666137695
obstacle
0.19268541038
12.3575973511 177.803100586 24.577419281 19.2717285156
obstacle
0.192594617605
14.2988986969 147.11416626 23.5076885223 21.3473510742
obstacle
0.192002668977
4.82845687866 51.0188598633 70.6618041992 295.164031982
obstacle
0.190621256828
3.07248878479 335.257446289 50.5085067749 26.6512451172
obstacle
0.190489068627
331.063049316 133.603851318 42.423034668 37.1443481445
obstacle
0.19011080265
0.0 58.7371368408 456.99697876 316.262878418
obstacle
0.190057307482
111.294548035 146.896560669 51.4457168579 28.2950134277
obstacle
0.189451023936
18.6992168427 306.760040283 21.6056613922 20.984375
obstacle
0.188574776053
221.779663086 175.547409058 113.926696777 64.1569213867
obstacle
0.187712147832
194.204223633 0.0 137.356811523 157.40927124
obstacle
0.187439218163
301.409729004 158.870864868 101.503479004 52.6188049316
obstacle
0.187421560287
472.757446289 37.0285949707 23.5960693359 36.4509963989
obstacle
0.187255829573
445.078063965 295.675109863 25.9303588867 25.0732421875
obstacle
0.186088114977
36.5701446533 299.19140625 427.50604248 69.6109619141
obstacle
0.185895562172
15.3588190079 188.054855347 31.184223175 19.5840148926
obstacle
0.185823619366
11.1605472565 214.229827881 47.465171814 15.5911560059
obstacle
0.185687497258
466.068450928 276.01449585 30.9033813477 47.9951782227
obstacle
0.185549661517
395.605957031 5.96755981445 81.3449707031 167.814620972
obstacle
0.184654742479
46.5255432129 0.0 303.955108643 70.546081543
obstacle
0.183478832245
125.717041016 136.971282959 65.6229858398 31.8144226074
obstacle
0.182646304369
473.086456299 314.284942627 25.7523193359 25.9264526367
obstacle
0.182111039758
209.639373779 89.0517272949 119.862792969 220.728942871
obstacle
0.181935057044
11.487827301 223.731887817 59.1928367615 18.7016601562
obstacle
0.180953189731
30.7852993011 345.475494385 37.2140960693 27.3988647461
obstacle
0.180935651064
15.6334457397 6.75304412842 146.66217041 151.234130859
obstacle
0.180891960859
328.756439209 149.411117554 97.2137451172 33.9318847656
obstacle
0.180832773447
18.1790561676 293.403900146 40.0253753662 18.0189208984
obstacle
0.180692195892
450.561187744 61.7307701111 32.2464599609 27.593624115
obstacle
0.180519014597
29.5808067322 149.670013428 23.3066253662 29.8417358398
obstacle
0.180395081639
13.9969921112 264.156402588 44.4504852295 31.5231933594
obstacle
0.17999432981
6.64033317566 234.311004639 59.3038482666 22.0864868164
obstacle
0.179861843586
462.411499023 174.912918091 37.5885009766 32.9106445312
obstacle
0.17965246737
463.196716309 115.033294678 32.4818115234 18.3691558838
obstacle
0.178843513131
466.501831055 161.464416504 33.4981689453 28.0629882812
obstacle
0.178820163012
445.630584717 253.141662598 46.7405395508 50.7377319336
obstacle
0.1787224859
111.993240356 160.414550781 59.3532714844 49.4317626953
obstacle
0.178708091378
355.206695557 127.304931641 54.0208740234 34.7744750977
obstacle
0.178666517138
29.0513000488 169.081497192 26.2147750854 31.8686828613
obstacle
0.178459390998
343.618560791 127.295196533 156.381439209 247.704803467
obstacle
0.178285509348
317.603485107 99.4637908936 37.0327148438 18.7945251465
obstacle
0.178087189794
464.968414307 348.378540039 34.7452392578 26.6214599609
obstacle
0.177932664752
465.207641602 93.6204986572 17.2266845703 19.7303009033
obstacle
0.177718922496
467.236816406 102.190429688 28.2839355469 22.0161132812
obstacle
0.177644282579
450.236175537 226.178237915 42.6719970703 44.1455535889
obstacle
0.177567929029
7.36632347107 247.09866333 53.6893081665 23.5095214844
obstacle
0.177512288094
463.732757568 133.596389771 36.2672424316 23.7169494629
obstacle
0.177344381809
259.101379395 133.203384399 160.421936035 30.7595825195
obstacle
0.177145108581
114.620056152 0.0 143.738891602 159.835418701
obstacle
0.177051067352
169.066253662 163.72038269 315.667663574 67.3592224121
obstacle
0.176523461938
53.6212005615 148.348648071 164.367279053 55.1168518066
obstacle
0.175786152482
194.629837036 140.858795166 270.73260498 48.1236572266
obstacle
0.175695434213
459.959197998 194.248931885 35.8269042969 39.0718994141
obstacle
0.175162747502
314.210998535 149.65461731 41.1219482422 16.9715576172
obstacle
0.174942567945
113.853019714 132.433029175 23.660697937 36.1670532227
obstacle
0.17472460866
458.706817627 332.879577637 40.6176757812 27.7019042969
obstacle
0.174503982067
94.3895721436 110.778846741 43.8359832764 22.1110153198
obstacle
0.1743388623
133.251296997 120.415740967 61.9539489746 32.7617797852
obstacle
0.174181416631
356.674041748 108.920005798 24.5142211914 18.39503479
obstacle
0.174105226994
259.877502441 82.2378005981 127.936462402 25.7264251709
obstacle
0.174034312367
483.550079346 87.0140533447 16.2009277344 22.2453155518
obstacle
0.172681242228
329.532196045 95.2549362183 66.9165649414 19.7001953125
obstacle
0.172648280859
34.3883361816 163.590087891 29.5987625122 21.6418457031
obstacle
0.172265201807
329.430511475 83.8632278442 117.370666504 19.8880462646
obstacle
0.17213332653
82.271270752 188.636611938 133.361083984 27.0832824707
obstacle
0.171621799469
450.621002197 342.395355225 31.157409668 27.7739868164
obstacle
0.171180933714
336.005554199 101.529251099 31.2803955078 21.6375427246
obstacle
0.170928433537
85.8279037476 79.3859786987 150.88104248 255.187011719
obstacle
0.16961479187
11.1366119385 194.760284424 189.735977173 180.239715576
obstacle
0.16774353385
0.0 194.103988647 500.0 65.3280181885
obstacle
0.166444167495
371.316619873 111.20186615 26.7083129883 15.3986816406
obstacle
0.165640965104
264.887878418 177.568023682 103.280029297 26.5625
obstacle
0.164986848831
151.374710083 158.393722534 31.3581848145 28.4919128418
obstacle
0.164683744311
482.096679688 119.10584259 17.9033203125 15.072013855
obstacle
0.164578601718
279.944671631 219.402908325 32.4108276367 18.8231201172
obstacle
0.164548590779
482.136047363 100.928985596 17.8639526367 14.7709350586
obstacle
0.164189815521
255.91293335 0.0 172.51739502 294.515869141
obstacle
0.163329303265
47.6591072083 125.871765137 94.9989013672 166.23550415
obstacle
0.162531360984
434.643005371 0.0 65.3569946289 122.72454071
obstacle
0.16079211235
381.707580566 137.746658325 51.0512695312 24.4283447266
obstacle
0.159452304244
457.682922363 297.371124268 25.5035400391 20.1528930664
obstacle
0.15927632153
91.8333435059 158.67616272 59.2554779053 27.7384033203
obstacle
0.158087357879
132.129638672 232.006164551 324.624938965 109.132141113
obstacle
0.156119138002
241.475921631 209.980560303 40.2880249023 17.3887023926
obstacle
0.154686689377
291.988677979 281.871032715 208.011322021 70.9602661133
obstacle
0.153945669532
64.2220001221 0.0 95.1495666504 33.0048942566
obstacle
0.153893992305
124.482261658 185.295928955 55.6472854614 19.7774047852
obstacle
0.152562916279
481.889801025 27.670173645 18.1101989746 21.9604415894
obstacle
0.152517080307
239.586776733 167.668624878 56.536026001 19.9182739258
obstacle
0.151861324906
415.041778564 231.384521484 84.9582214355 110.838378906
