obstacle
0.996269345284
243.733428955 87.5038604736 213.549621582 67.4114837646
obstacle
0.995535492897
0.0 70.6010818481 147.688247681 53.9609680176
obstacle
0.993924081326
0.0 74.5721588135 137.842132568 44.6370391846
obstacle
0.990235984325
242.175460815 90.2691192627 231.980422974 57.5411682129
obstacle
0.986743211746
0.0 75.7030792236 143.841461182 39.6353149414
obstacle
0.97707849741
0.0 79.0334625244 133.872665405 34.6436767578
obstacle
0.969246327877
0.0 70.607673645 123.785133362 46.037902832
obstacle
0.964239954948
1.7815322876 69.7531509399 135.460723877 45.5856628418
obstacle
0.958921313286
285.865539551 97.9904785156 177.694946289 40.1502075195
obstacle
0.956369757652
2.31043243408 74.9952850342 118.889122009 45.954864502
obstacle
0.952300012112
10.2612037659 69.3733596802 117.035018921 51.6115722656
obstacle
0.950580239296
263.143493652 93.8009185791 199.342468262 52.5876159668
obstacle
0.922151863575
266.390197754 86.6833572388 203.919189453 68.9781417847
obstacle
0.92198240757
269.806182861 99.4326934814 190.965881348 37.813949585
obstacle
0.917775154114
18.1376228333 63.1130638123 96.4129180908 58.608631134
obstacle
0.909077167511
4.25482177734 71.0514297485 110.377662659 53.0310516357
obstacle
0.893032252789
5.24989318848 71.2833251953 96.3054885864 45.5601959229
obstacle
0.886753737926
278.904846191 92.1945877075 182.268066406 44.5432510376
obstacle
0.854874491692
249.702484131 79.8404541016 220.955688477 70.6764984131
obstacle
0.852687895298
22.3410110474 68.3021240234 85.9926605225 52.5645446777
obstacle
0.852059304714
0.0 77.9805221558 110.200653076 39.9591674805
obstacle
0.815009534359
308.662414551 96.2726287842 145.987365723 41.2963562012
obstacle
0.814871788025
241.520889282 82.7034606934 215.014205933 68.6173400879
obstacle
0.81340187788
250.113983154 101.122070312 214.21270752 34.9495544434
obstacle
0.808203041553
240.777053833 87.8756256104 237.143783569 71.7834625244
obstacle
0.800827562809
253.588882446 93.6740264893 205.635971069 46.5832519531
obstacle
0.796322286129
250.625701904 90.5652008057 183.15057373 52.2208862305
obstacle
0.788705527782
9.69282150269 72.6670684814 100.241699219 42.7372894287
obstacle
0.781479418278
0.0 77.7043685913 156.422531128 46.5110321045
obstacle
0.773330390453
336.272827148 96.3998718262 113.814880371 44.1539916992
obstacle
0.727893769741
13.7057342529 73.7614974976 87.0295562744 46.5364379883
obstacle
0.707782566547
4.24150848389 76.2398605347 87.6081924438 39.5326843262
obstacle
0.695558726788
290.036407471 103.404541016 178.359924316 33.1976318359
obstacle
0.677756488323
230.727355957 88.9897079468 217.919494629 68.2097854614
obstacle
0.675014019012
322.868743896 92.3916244507 119.890319824 43.6330795288
obstacle
0.673812925816
263.043487549 93.2707595825 183.866699219 45.9213027954
obstacle
0.653092086315
11.7598190308 76.683883667 69.9605484009 35.5687561035
obstacle
0.641009747982
238.705444336 86.4441680908 187.311767578 68.3549804688
obstacle
0.62924695015
290.102844238 95.9495544434 164.147277832 49.0187530518
obstacle
0.629217624664
11.4447021484 71.0313720703 116.346694946 43.3818359375
obstacle
0.602005243301
264.599334717 90.9573669434 117.021118164 44.2482910156
obstacle
0.596198499203
0.0 82.849861145 87.4741363525 28.55909729
obstacle
0.592793524265
254.539001465 94.0314025879 94.9647827148 46.1549530029
obstacle
0.587580740452
235.636047363 91.2384643555 228.53302002 48.278213501
obstacle
0.564648747444
236.169952393 100.727844238 237.050292969 36.7647094727
obstacle
0.560656607151
3.77740478516 83.0620574951 79.4260635376 24.8073883057
obstacle
0.555653035641
295.704620361 87.3524246216 87.9669799805 56.124168396
obstacle
0.537946343422
278.033508301 92.7554779053 115.481750488 47.796081543
obstacle
0.536122322083
230.038909912 92.9839935303 227.500183105 57.8541564941
obstacle
0.534013986588
349.260467529 96.9586105347 92.4943847656 44.2807693481
obstacle
0.509500980377
284.004852295 90.8610687256 86.2503662109 50.9025421143
obstacle
0.495438963175
243.556854248 91.0970916748 165.682067871 46.6540374756
obstacle
0.494745343924
293.177429199 88.8294830322 76.9934692383 51.2079620361
obstacle
0.488351494074
2.55449676514 72.983291626 137.877655029 58.2548065186
obstacle
0.481135934591
268.948394775 92.7109527588 62.0573730469 47.8843688965
obstacle
0.479381740093
260.99432373 91.8971710205 89.8317871094 42.0369720459
obstacle
0.465786367655
252.369506836 88.8775787354 133.122497559 51.0039367676
obstacle
0.443864792585
0.534339904785 69.8512878418 126.307800293 55.2088470459
obstacle
0.439096570015
267.407775879 93.9351348877 50.9607543945 41.9480895996
obstacle
0.436887800694
334.354888916 94.7316894531 107.436889648 35.9450531006
obstacle
0.416234642267
9.25273895264 81.3500747681 73.6257629395 29.5707550049
obstacle
0.394521534443
26.5546112061 67.2533950806 79.2655334473 51.8601226807
obstacle
0.392877340317
251.465820312 89.4411010742 200.715881348 42.9480133057
obstacle
0.387376725674
342.442810059 96.0968856812 101.084106445 34.2374343872
obstacle
0.385221123695
301.491455078 92.0436553955 167.174072266 57.2463226318
obstacle
0.381223589182
254.875610352 91.4903869629 136.082519531 41.4376525879
obstacle
0.366406679153
266.484924316 89.9850540161 89.2660522461 55.335975647
obstacle
0.355857223272
268.105712891 85.1730194092 103.047180176 57.0337677002
obstacle
0.341695785522
356.265686035 98.3029937744 99.0525512695 39.9504547119
obstacle
0.330828934908
285.969238281 86.7706069946 111.472900391 49.1153488159
obstacle
0.324146091938
476.589385986 46.3736457825 21.9126586914 22.316280365
obstacle
0.303038984537
330.959350586 98.598449707 101.692626953 43.6103668213
obstacle
0.299887001514
325.406066895 87.2942199707 74.5688476562 50.6804351807
obstacle
0.297586977482
300.872680664 84.0825271606 74.3352050781 56.7415237427
obstacle
0.297390580177
266.353027344 93.3742599487 123.136901855 42.6090164185
obstacle
0.280906200409
321.633087158 101.206565857 125.84362793 40.6635055542
obstacle
0.272090256214
272.569610596 96.2730407715 47.337097168 30.9159545898
obstacle
0.271992385387
21.3749237061 73.817276001 105.171081543 38.8264770508
obstacle
0.261337459087
280.376251221 101.048713684 23.9621582031 21.6426544189
obstacle
0.260555952787
252.649536133 97.5079727173 130.664123535 32.7587509155
obstacle
0.251556307077
0.0 71.6956939697 181.774353027 46.1643371582
obstacle
0.243336588144
258.626647949 97.3328857422 95.2986450195 38.1861724854
obstacle
0.241509586573
471.043579102 45.698009491 28.9564208984 25.9263648987
obstacle
0.24038246274
319.119384766 91.0587463379 110.517211914 49.9344177246
obstacle
0.23815587163
11.2683525085 77.4087905884 98.6789093018 35.1681213379
obstacle
0.233458921313
254.577514648 92.7810058594 83.9260864258 44.4762573242
obstacle
0.220411300659
280.288208008 93.0701370239 79.8146362305 43.9910964966
obstacle
0.21955640614
271.235198975 91.1252746582 110.21472168 51.7899169922
obstacle
0.210915759206
284.044647217 94.4484634399 111.015441895 51.0733108521
obstacle
0.207446351647
332.74395752 90.8148040771 75.6914672852 50.9423065186
obstacle
0.207396358252
350.53729248 95.0121231079 97.9957275391 40.9395065308
obstacle
0.206342250109
311.210266113 83.0105819702 71.6068115234 59.5417556763
obstacle
0.194572299719
312.71295166 96.2936172485 83.7383422852 49.5035018921
obstacle
0.188304662704
278.604919434 91.2331314087 67.3388061523 38.0928573608
obstacle
0.185594812036
288.037322998 91.2714385986 122.503723145 51.2467193604
obstacle
0.185568854213
341.03793335 54.1573638916 21.8308105469 28.4077148438
obstacle
0.180584728718
262.841308594 97.4709014893 140.377746582 38.695526123
obstacle
0.178554847836
480.877349854 46.3706893921 19.1226501465 33.7561264038
obstacle
0.178385093808
273.139678955 95.3173294067 40.9677124023 31.8569793701
obstacle
0.17062856257
261.056396484 90.6184692383 69.5764770508 50.2132110596
obstacle
0.168802767992
324.661743164 90.5769042969 68.5818481445 48.6000518799
obstacle
0.161629915237
307.29699707 94.472328186 114.125976562 46.2782363892
obstacle
0.160775512457
342.944366455 94.4322738647 82.9502563477 41.6884536743
obstacle
0.154903590679
261.443054199 94.8900680542 56.7301025391 44.7972488403
obstacle
0.154178723693
298.119750977 87.5905532837 115.324401855 49.4311599731
obstacle
0.153327286243
297.656677246 83.8051834106 100.471740723 52.8054580688
obstacle
0.152716308832
319.107177734 85.6497955322 70.9033813477 57.8659973145
