obstacle
0.9767318964
101.060668945 131.617950439 309.358612061 81.2765197754
obstacle
0.971468508244
112.855163574 123.163009644 281.481323242 85.5390014648
obstacle
0.959142327309
319.994750977 120.078186035 167.535949707 42.6245422363
obstacle
0.943304717541
110.4087677 118.980651855 308.960876465 84.047668457
obstacle
0.935279726982
146.621994019 113.163658142 353.377990723 66.6076126099
obstacle
0.930761575699
324.572570801 120.666351318 169.098388672 49.5992126465
obstacle
0.918170332909
103.450317383 126.043693542 367.035766602 74.552406311
obstacle
0.908304870129
118.461212158 114.572921753 353.423217773 87.3905639648
obstacle
0.893637001514
124.665237427 114.279594421 365.978820801 77.9852371216
obstacle
0.881929218769
342.949157715 124.668640137 138.077941895 45.5219726562
obstacle
0.876537084579
336.863098145 114.284690857 148.575439453 40.6807022095
obstacle
0.858137488365
338.776275635 123.301498413 138.674194336 39.910369873
obstacle
0.855363667011
153.036895752 112.670394897 346.963104248 91.8901062012
obstacle
0.853553950787
196.183654785 108.793167114 303.816345215 76.4940185547
obstacle
0.835740089417
143.40045166 123.773330688 225.859680176 91.0177001953
obstacle
0.795455217361
177.241333008 128.316497803 191.846130371 51.3399658203
obstacle
0.775645434856
340.324645996 125.417854309 132.189453125 32.2689743042
obstacle
0.743524849415
338.8074646 107.396636963 109.370178223 66.7682189941
obstacle
0.722078680992
279.133483887 115.449058533 217.274841309 51.154914856
obstacle
0.717271745205
298.034118652 116.437568665 185.288269043 38.5774459839
obstacle
0.706735134125
195.727020264 129.545578003 111.595581055 63.4862976074
obstacle
0.693857133389
196.258712769 129.779602051 97.2058563232 63.137878418
obstacle
0.680057704449
140.876449585 146.897369385 73.388458252 37.7377929688
obstacle
0.679486393929
345.438690186 113.464981079 92.6540527344 51.773223877
obstacle
0.676581323147
160.563369751 131.967590332 228.918380737 48.5707092285
obstacle
0.630072236061
339.600830078 120.623252869 136.465820312 49.3874740601
obstacle
0.616631805897
85.6632537842 120.041244507 410.675720215 84.821685791
obstacle
0.604938924313
195.725524902 131.722900391 103.517242432 53.5634155273
obstacle
0.602664291859
195.931671143 135.837936401 108.567169189 43.6974487305
obstacle
0.596760809422
198.164230347 127.658828735 125.318771362 59.4877624512
obstacle
0.582973301411
172.47769165 127.623397827 169.013061523 50.6948547363
obstacle
0.579687714577
127.28855896 144.918914795 108.748199463 38.4947509766
obstacle
0.577766358852
126.230628967 135.67338562 250.317779541 46.9778137207
obstacle
0.576574206352
200.581954956 128.072906494 110.00920105 56.8626403809
obstacle
0.551261126995
133.399673462 142.489532471 87.9632263184 42.5737304688
obstacle
0.545393168926
137.190811157 145.399597168 80.9790649414 33.6060180664
obstacle
0.543369472027
89.3965759277 128.293502808 381.721557617 77.5973510742
obstacle
0.539673268795
206.706832886 128.180389404 78.1698455811 70.5059509277
obstacle
0.529303133488
185.371795654 128.434799194 196.568359375 49.8859863281
obstacle
0.526118278503
136.5962677 146.880340576 73.447845459 42.2129211426
obstacle
0.518082380295
198.369735718 131.509490967 120.203536987 59.1128845215
obstacle
0.515595555305
130.665847778 145.404388428 94.1314086914 40.4332580566
obstacle
0.511585474014
208.041656494 126.797401428 83.3606567383 67.9962081909
obstacle
0.502367675304
252.76222229 126.206298828 105.149459839 58.0898132324
obstacle
0.497118473053
190.010650635 135.283691406 100.948455811 40.3553466797
obstacle
0.49285286665
56.5438690186 116.608108521 384.529602051 85.1986999512
obstacle
0.460650056601
188.916976929 124.343078613 162.701675415 48.9146118164
obstacle
0.448204636574
353.090759277 128.483505249 109.841491699 37.620300293
obstacle
0.4428576231
278.941314697 117.615875244 71.8667602539 65.7873535156
obstacle
0.419387251139
130.102966309 142.742706299 101.660491943 49.2317810059
obstacle
0.412485778332
189.577285767 130.000915527 137.466903687 48.6393432617
obstacle
0.409956336021
215.765441895 125.129882812 86.2533569336 59.6418457031
obstacle
0.398350656033
136.283874512 150.277542114 83.354095459 35.2738952637
obstacle
0.396136403084
199.419113159 135.128326416 107.920700073 36.3492736816
obstacle
0.371432065964
128.597564697 136.047805786 234.385803223 38.8505859375
obstacle
0.34460413456
268.649017334 120.826454163 93.1992797852 65.805015564
obstacle
0.340358287096
339.057800293 111.940567017 120.347045898 61.2763366699
obstacle
0.328212589025
123.305496216 138.296508789 122.097015381 47.0743713379
obstacle
0.323414981365
208.620956421 131.277832031 89.3104095459 51.4965209961
obstacle
0.313363671303
128.637832642 149.706939697 103.551391602 42.7057189941
obstacle
0.306373864412
137.391448975 129.980926514 218.720245361 56.8269348145
obstacle
0.299606502056
356.452301025 127.481910706 109.369750977 28.5322036743
obstacle
0.2916431427
193.358215332 124.410476685 161.739562988 42.5759887695
obstacle
0.290410578251
69.0377655029 134.206542969 332.047668457 68.5013427734
obstacle
0.277228683233
249.878417969 121.795051575 101.395629883 57.7135238647
obstacle
0.265259444714
134.108001709 95.7861557007 349.305175781 104.671394348
obstacle
0.264628201723
181.251953125 0.0 90.6132202148 38.711063385
obstacle
0.2459166646
210.484573364 129.677963257 107.304672241 41.8376464844
obstacle
0.237017214298
176.984344482 0.0 97.1954956055 57.0376815796
obstacle
0.229491516948
391.855895996 125.343017578 78.2857666016 21.9649047852
obstacle
0.221409723163
82.2839813232 139.28338623 289.798950195 65.4621276855
obstacle
0.209102988243
310.194793701 117.964836121 149.743164062 56.4837875366
obstacle
0.202258065343
184.434402466 0.0 59.6204833984 36.5284805298
obstacle
0.19179661572
362.350982666 125.862197876 112.266540527 25.6719055176
obstacle
0.188964486122
435.053466797 0.0 64.9465332031 58.3515586853
obstacle
0.186346784234
127.915969849 151.857055664 97.4282531738 44.8212585449
obstacle
0.182165712118
196.406768799 135.02557373 129.466064453 51.3817749023
obstacle
0.182027995586
440.220703125 10.0666408539 56.3057250977 44.078163147
obstacle
0.176572576165
211.851623535 122.349472046 136.846191406 56.2079467773
obstacle
0.167612880468
173.914138794 0.0 89.5624237061 43.3107566833
obstacle
0.164382740855
190.471038818 0.0 64.498626709 39.9500656128
obstacle
0.162733837962
447.816497803 0.0 48.4337158203 45.3298034668
obstacle
0.158876314759
440.229248047 0.0 58.8441162109 50.667301178
obstacle
0.158114030957
161.196746826 124.604064941 186.602630615 67.3879089355
obstacle
0.156048551202
210.957794189 129.501449585 138.812438965 51.2077331543
