obstacle
0.995188474655
329.815155029 192.824371338 86.8928222656 20.162322998
obstacle
0.989182293415
335.975128174 198.593307495 72.4888305664 16.3421325684
obstacle
0.989182293415
336.572235107 196.057373047 65.498840332 15.9917907715
obstacle
0.987429082394
333.664886475 188.408706665 75.0495605469 23.47265625
obstacle
0.987176716328
337.954589844 194.991348267 70.0149536133 16.9614257812
obstacle
0.986986994743
331.563720703 193.742218018 76.364440918 21.9512634277
obstacle
0.986358702183
249.383377075 201.571640015 60.5245513916 21.8393554688
obstacle
0.98559743166
13.787021637 192.702438354 65.7252502441 18.5895080566
obstacle
0.984855830669
1.88822174072 191.926620483 66.5217132568 18.3530273438
obstacle
0.984114646912
1.01173400879 187.518997192 73.3066864014 21.1039123535
obstacle
0.983146369457
330.386260986 196.418197632 68.465637207 16.0730895996
obstacle
0.981543898582
325.180725098 193.076766968 83.568359375 17.0771789551
obstacle
0.978885829449
0.878513336182 185.431167603 73.5829772949 21.6755371094
obstacle
0.978516757488
118.193199158 182.994888306 50.71068573 19.0067443848
obstacle
0.978009998798
10.6199798584 192.500946045 57.2141952515 16.4598999023
obstacle
0.977812588215
114.208511353 182.399536133 61.8166809082 17.6611633301
obstacle
0.977808892727
1.86491394043 187.793136597 75.3845367432 22.5949707031
obstacle
0.976557135582
9.55459022522 191.243484497 62.7520370483 16.2833557129
obstacle
0.974360644817
331.776672363 190.232925415 72.3999633789 19.8146362305
obstacle
0.974103391171
326.739013672 187.655395508 80.1042480469 17.4313659668
obstacle
0.973908185959
121.690078735 183.648330688 39.5553894043 18.0065917969
obstacle
0.973106920719
251.380065918 201.084381104 72.8630371094 24.4417114258
obstacle
0.972625255585
328.534118652 196.125869751 74.3880615234 19.8230895996
obstacle
0.972455143929
344.246643066 192.762924194 67.440246582 17.9546203613
obstacle
0.968725442886
119.902503967 181.122177124 49.7405014038 16.4381713867
obstacle
0.967641830444
327.348327637 186.404571533 86.1375732422 19.5418395996
obstacle
0.967226445675
111.399490356 179.846298218 71.2596130371 19.6111755371
obstacle
0.967107117176
260.801940918 201.522949219 51.991027832 23.9465942383
obstacle
0.966425597668
2.55043792725 192.847412109 75.1105804443 22.1881103516
obstacle
0.963361620903
341.512268066 199.920928955 60.5626831055 15.9648742676
obstacle
0.960798501968
2.33114242554 190.264556885 64.2108650208 17.1045532227
obstacle
0.959897637367
1.48978805542 184.480224609 57.6049499512 25.8388061523
obstacle
0.957493364811
337.278289795 199.010070801 57.1451416016 15.9707946777
obstacle
0.956829249859
257.845214844 201.547592163 60.5430908203 23.383392334
obstacle
0.955081403255
12.4746131897 190.586471558 55.0857200623 16.4440612793
obstacle
0.952124595642
113.802825928 182.844238281 49.0151977539 19.0487365723
obstacle
0.951931595802
247.00038147 198.058395386 72.0604400635 26.2896728516
obstacle
0.945647358894
114.235137939 175.871795654 61.2594604492 23.3224487305
obstacle
0.945647358894
109.255805969 180.144805908 60.9590682983 20.6061096191
obstacle
0.944555401802
3.08699798584 194.950637817 75.2218856812 22.4223022461
obstacle
0.9410353899
335.78112793 199.651229858 77.1481933594 17.9178771973
obstacle
0.938501596451
106.160583496 183.306732178 112.562316895 19.4389648438
obstacle
0.933348953724
111.891265869 185.939865112 63.7401428223 16.4596252441
obstacle
0.929881691933
256.903289795 196.946517944 56.7340698242 27.820098877
obstacle
0.928709864616
11.430316925 195.606964111 51.6419906616 15.7754516602
obstacle
0.925110340118
349.723815918 197.075119019 60.9437866211 16.3040771484
obstacle
0.920477390289
116.408584595 179.467880249 76.4170227051 21.2823181152
obstacle
0.920385420322
110.142173767 177.233566284 68.0834732056 23.1528930664
obstacle
0.918756902218
9.50296592712 194.58241272 61.2081604004 15.1178894043
obstacle
0.916673779488
22.7306022644 192.448867798 50.5809822083 17.8826293945
obstacle
0.914796292782
365.037384033 192.922485352 44.7874755859 17.4477844238
obstacle
0.914500296116
110.045478821 176.568145752 61.4594345093 18.7271728516
obstacle
0.911968290806
20.635307312 199.175445557 44.4972839355 15.7090759277
obstacle
0.910437762737
260.385223389 205.793212891 51.6142578125 20.9599914551
obstacle
0.908845663071
350.063415527 191.024353027 64.0706787109 19.7645568848
obstacle
0.908120930195
109.13899231 183.194015503 56.0780334473 18.993560791
obstacle
0.90717291832
264.948883057 200.616744995 41.6929931641 19.1224365234
obstacle
0.882831275463
3.44368171692 189.632278442 57.1071395874 23.7151489258
obstacle
0.881518542767
257.268127441 201.221038818 42.5297851562 19.844543457
obstacle
0.878125369549
0.0 182.161376953 85.2766113281 47.339050293
obstacle
0.871263802052
257.233764648 207.143981934 57.4356079102 20.9436340332
obstacle
0.863700926304
3.43785858154 183.329040527 72.6328277588 20.6708984375
obstacle
0.863700926304
3.24314117432 178.808074951 68.5755844116 18.4925842285
obstacle
0.808814525604
266.486480713 194.994689941 38.2233886719 21.0185546875
obstacle
0.776142954826
259.551757812 206.25994873 40.7728881836 18.002746582
obstacle
0.764757454395
104.499221802 182.836212158 80.0049438477 18.0563049316
obstacle
0.757850587368
109.822906494 183.519927979 84.3456726074 20.4788208008
obstacle
0.72439467907
188.901123047 190.888290405 55.325592041 17.6324462891
obstacle
0.696724414825
104.392066956 182.741088867 86.7217330933 20.1646118164
obstacle
0.681653678417
231.405715942 199.645401001 104.734970093 21.0728759766
obstacle
0.680237174034
23.6518592834 195.314865112 55.9849510193 17.7673950195
obstacle
0.664688885212
117.38646698 176.175537109 55.6426925659 19.9588012695
obstacle
0.662311077118
118.618133545 173.659286499 47.3638305664 16.1328735352
obstacle
0.646358370781
257.509063721 200.033691406 40.1829223633 19.093170166
obstacle
0.646358370781
264.982818604 196.961212158 36.3932495117 18.1290588379
obstacle
0.642219662666
243.04498291 205.56842041 77.448059082 20.5650024414
obstacle
0.633323609829
193.826263428 187.604187012 47.4296875 17.6961364746
obstacle
0.623741447926
318.405517578 184.911758423 108.227355957 48.416595459
obstacle
0.584052920341
120.47882843 184.306488037 61.260017395 17.8397216797
obstacle
0.505069732666
264.266967773 201.828857422 31.7506103516 17.4980773926
obstacle
0.464919418097
330.880859375 184.179824829 78.59765625 20.8728637695
obstacle
0.436434328556
161.487411499 187.230072021 85.1410217285 18.2144165039
obstacle
0.427425265312
5.52929878235 178.907867432 49.3960647583 25.7083129883
obstacle
0.327559202909
126.322105408 184.831954956 119.801338196 16.7911376953
obstacle
0.311715871096
0.0 191.505966187 261.432037354 30.7648620605
obstacle
0.297366380692
194.528335571 192.628585815 45.9629821777 17.2522888184
obstacle
0.284931361675
244.166595459 200.908355713 73.2159423828 21.0839233398
obstacle
0.28139552474
124.357788086 186.431411743 84.6956176758 19.5748596191
obstacle
0.253493249416
164.773880005 184.99055481 82.7955627441 17.4827575684
obstacle
0.252040117979
261.607666016 196.662231445 45.809387207 23.5168457031
obstacle
0.251790761948
161.931427002 193.590484619 83.4263916016 17.9273681641
obstacle
0.174202695489
254.363342285 192.038619995 45.5842895508 26.1971740723
obstacle
0.165490090847
239.682006836 197.811584473 198.831604004 36.9100646973
obstacle
0.162516668439
0.551559448242 186.263412476 269.719665527 30.8636169434
obstacle
0.156577900052
111.334442139 176.422897339 68.2599487305 16.8757324219
