obstacle
0.842561006546
58.46824646 171.627502441 264.788574219 55.2723999023
obstacle
0.829850137234
167.661712646 170.379547119 171.689788818 36.2780151367
obstacle
0.767617642879
71.3232498169 193.918045044 52.3988800049 50.5895996094
obstacle
0.737869024277
64.4483413696 193.587280273 52.1688690186 51.3893432617
obstacle
0.705474615097
66.0045471191 195.737426758 67.8828582764 43.1499023438
obstacle
0.643546640873
168.497772217 170.879104614 171.84085083 41.1065979004
obstacle
0.617014110088
63.7055435181 200.841247559 60.4688720703 32.5490722656
obstacle
0.616254031658
182.421859741 170.491577148 154.705947876 32.8525085449
obstacle
0.559949576855
67.0361175537 194.39944458 67.0004425049 40.8807678223
obstacle
0.478387594223
63.9537887573 191.267303467 76.9868240356 39.230255127
obstacle
0.460447669029
69.328338623 201.553115845 57.419418335 36.4502563477
obstacle
0.455675661564
68.5357971191 195.650360107 61.9918823242 35.0363464355
obstacle
0.410303920507
68.5656585693 189.412872314 81.5797271729 33.4369812012
obstacle
0.354313403368
92.5816574097 175.241790771 253.517120361 54.9395446777
obstacle
0.352916002274
236.388427734 170.11895752 84.7032470703 34.2690734863
obstacle
0.340520769358
227.17755127 174.672027588 100.415771484 30.8357849121
obstacle
0.337667226791
142.758636475 175.029190063 193.954528809 32.679901123
obstacle
0.336230099201
192.837677002 166.998748779 138.623046875 70.4862670898
obstacle
0.334582835436
66.6991043091 195.489822388 76.2386398315 30.3589477539
obstacle
0.314178735018
220.310943604 171.145629883 95.3288574219 40.0391235352
obstacle
0.301046013832
56.0872497559 186.855178833 176.639984131 28.8817443848
obstacle
0.2894513309
59.7293548584 188.498931885 66.3319702148 47.133026123
obstacle
0.284766256809
161.286361694 177.800109863 176.444168091 30.6459350586
obstacle
0.283439040184
54.7770500183 196.551269531 103.440185547 28.8217773438
obstacle
0.281102985144
243.964431763 171.427688599 78.1647796631 23.3499755859
obstacle
0.278864324093
242.231445312 173.101852417 82.9761962891 27.0232543945
obstacle
0.271105319262
55.0274505615 187.67388916 148.893432617 33.3600769043
obstacle
0.268974274397
223.878463745 169.801177979 91.5239105225 32.9032287598
obstacle
0.262773782015
64.1371841431 184.11618042 70.4500045776 39.7969970703
obstacle
0.262148469687
63.2067909241 198.178741455 61.2467308044 39.4356384277
obstacle
0.244640499353
56.4100494385 189.039749146 133.183685303 32.0388793945
obstacle
0.244513079524
138.058959961 180.305801392 195.358428955 31.809387207
obstacle
0.241137906909
233.941635132 172.206604004 65.5099029541 40.8343505859
obstacle
0.238282993436
78.8011627197 188.605331421 56.3538665771 24.5950622559
obstacle
0.229226946831
73.757598877 198.920822144 47.1275177002 26.4899597168
obstacle
0.225889548659
78.5713348389 201.61882019 39.5466766357 27.2192077637
obstacle
0.196826606989
214.296463013 173.909408569 90.5497894287 35.2421264648
obstacle
0.194385677576
227.223297119 168.046798706 82.3332519531 30.1816101074
obstacle
0.191851735115
59.7227630615 157.497283936 283.667907715 73.2410583496
obstacle
0.189296320081
73.4230957031 184.115722656 74.6527557373 31.7485656738
obstacle
0.179465174675
128.925170898 180.561004639 79.0284729004 32.2051391602
obstacle
0.178788751364
61.9027862549 178.213394165 270.3515625 50.9476928711
obstacle
0.171684890985
217.894439697 170.379730225 85.5549926758 45.0133972168
obstacle
0.171515196562
236.322143555 169.515960693 72.0444335938 46.7720031738
obstacle
0.162972703576
119.773002625 177.675827026 206.806915283 28.403717041
obstacle
0.1570879668
66.3931732178 194.9400177 47.3984985352 39.8430786133
obstacle
0.153294473886
121.608184814 183.685531616 100.180236816 31.887512207
obstacle
0.151828080416
229.263626099 169.177520752 86.5704193115 51.1182861328
obstacle
0.151414081454
134.329742432 170.955627441 195.741027832 29.7549743652
