obstacle
0.961182415485
423.568786621 104.953704834 62.7421264648 17.5209655762
obstacle
0.958238303661
425.572570801 102.679168701 66.7126464844 17.2736816406
obstacle
0.957893073559
432.808410645 103.48777771 55.5814208984 19.4239807129
obstacle
0.956463515759
185.102325439 149.882156372 202.122680664 45.3917541504
obstacle
0.951585173607
59.8857345581 171.001327515 164.580932617 35.2633056641
obstacle
0.950297772884
432.953186035 107.200531006 51.0524902344 15.2656707764
obstacle
0.945493996143
60.1145172119 175.13520813 188.005859375 35.7784729004
obstacle
0.942415893078
186.876495361 153.753204346 191.486938477 37.3275756836
obstacle
0.941965937614
444.997528076 97.251373291 38.1448974609 18.9795684814
obstacle
0.929708778858
61.9547653198 171.491821289 172.139648438 43.9237670898
obstacle
0.921475172043
69.1725234985 172.244796753 144.072875977 36.7117004395
obstacle
0.919462919235
200.084838867 153.391937256 188.16418457 41.7943115234
obstacle
0.916021406651
201.290786743 145.452453613 212.040023804 41.1173706055
obstacle
0.915310561657
154.091003418 145.211029053 264.436401367 56.9757080078
obstacle
0.91390812397
444.531738281 103.191459656 39.5061035156 17.1013946533
obstacle
0.90470790863
453.143737793 104.388168335 25.6128540039 17.6104125977
obstacle
0.899531006813
443.936706543 110.888237 40.2074584961 15.1946258545
obstacle
0.899146676064
203.609771729 153.303527832 103.896453857 42.8497314453
obstacle
0.89318048954
431.909454346 111.447410583 48.9655761719 15.3571166992
obstacle
0.891127586365
184.686340332 155.80241394 180.21685791 39.7442016602
obstacle
0.884536206722
451.596252441 109.34601593 29.6688842773 18.1787109375
obstacle
0.884536206722
452.1043396 104.371162415 32.8756713867 17.7908172607
obstacle
0.869304358959
190.51725769 156.548980713 190.812820435 47.1652832031
obstacle
0.869304358959
209.086303711 158.842895508 95.6852416992 39.477355957
obstacle
0.864365458488
424.40512085 97.9256439209 68.959777832 16.9618225098
obstacle
0.864365458488
429.607055664 99.8197784424 60.7055664062 17.8202362061
obstacle
0.863509654999
203.717315674 151.969482422 114.618774414 50.5973205566
obstacle
0.863107562065
428.675872803 107.833015442 51.5425415039 15.525100708
obstacle
0.855434954166
70.9970703125 153.656311035 350.202148438 51.1459655762
obstacle
0.848994493484
204.681686401 154.431152344 120.81211853 42.4399719238
obstacle
0.81450176239
79.7908859253 170.184005737 106.249000549 38.696105957
obstacle
0.805632650852
68.7027740479 172.543792725 150.535125732 43.3123168945
obstacle
0.80439966917
199.880401611 157.149429321 137.552734375 36.7693786621
obstacle
0.789704442024
206.422683716 163.418960571 100.268875122 31.4373779297
obstacle
0.778443872929
428.833282471 97.3803787231 66.4420166016 19.611618042
obstacle
0.761301279068
66.2767868042 169.279937744 142.037841797 40.8310546875
obstacle
0.752031445503
215.633651733 153.021453857 76.6459503174 44.8031311035
obstacle
0.746961474419
423.619689941 111.619918823 49.4097290039 14.7516174316
obstacle
0.74611723423
444.065368652 105.857345581 38.6235351562 15.4971466064
obstacle
0.742882668972
234.220825195 141.866500854 174.175170898 39.7845153809
obstacle
0.739897370338
73.656036377 174.585968018 106.729141235 36.2059631348
obstacle
0.72909784317
84.8977355957 148.877151489 359.6171875 59.7346801758
obstacle
0.676467299461
50.5169525146 167.990631104 302.473205566 47.9331054688
obstacle
0.675318658352
183.933013916 149.065811157 228.063842773 54.884765625
obstacle
0.627853751183
57.2040100098 179.048492432 200.812744141 31.5187683105
obstacle
0.617427647114
214.113800049 134.177154541 226.144958496 59.9616699219
obstacle
0.610218405724
68.572769165 175.111221313 155.004821777 38.1192321777
obstacle
0.591326534748
225.975082397 145.347213745 188.339553833 35.4111938477
obstacle
0.590668857098
191.002288818 162.196670532 173.641662598 31.5331420898
obstacle
0.582585573196
88.6641387939 172.48588562 122.621765137 37.9181518555
obstacle
0.580989062786
73.6373901367 175.768493652 125.945861816 31.7734375
obstacle
0.58076685667
209.796051025 147.004302979 198.085571289 43.9608459473
obstacle
0.560038685799
369.751281738 111.692871094 50.6988525391 16.1258544922
obstacle
0.559427022934
429.651489258 107.443473816 56.9046020508 19.3800506592
obstacle
0.55151540041
265.918304443 140.911743164 143.455505371 36.0843200684
obstacle
0.550095558167
190.219238281 142.294494629 255.147705078 55.9698181152
obstacle
0.544849514961
310.377044678 141.491500854 88.5696411133 37.0220031738
obstacle
0.535644173622
174.153442383 151.248291016 205.748352051 50.2240600586
obstacle
0.512055635452
288.080078125 138.116577148 100.67791748 38.7840881348
obstacle
0.507362425327
434.082427979 104.069221497 61.4901733398 18.3837280273
obstacle
0.487077027559
94.6598510742 180.215713501 132.593017578 29.9627380371
obstacle
0.481327205896
287.302276611 141.099456787 108.036071777 35.9577026367
obstacle
0.476157188416
61.7658081055 171.783187866 192.109649658 33.2021484375
obstacle
0.472658187151
64.4773712158 159.370361328 176.177978516 63.6078796387
obstacle
0.463554024696
198.999084473 157.635238647 122.294494629 44.6878356934
obstacle
0.459041595459
205.546569824 150.67225647 189.170410156 41.2952270508
obstacle
0.454159319401
96.1481018066 179.561096191 131.746704102 26.8473815918
obstacle
0.449091792107
118.997558594 179.792907715 107.198852539 32.494140625
obstacle
0.439947128296
85.8776092529 170.609161377 78.2608642578 33.4288024902
obstacle
0.434190839529
218.726776123 160.569564819 77.9520874023 35.0872192383
obstacle
0.415310710669
100.183296204 170.21862793 105.499961853 35.117767334
obstacle
0.415041774511
108.678039551 180.506072998 120.815795898 31.5213623047
obstacle
0.414984405041
214.698760986 142.448684692 182.925170898 66.1973266602
obstacle
0.40628862381
94.8228912354 146.513397217 340.807617188 56.2472229004
obstacle
0.398584276438
369.027374268 118.200157166 49.2760009766 14.5138473511
obstacle
0.387048751116
51.5236358643 163.483688354 312.977783203 49.0926208496
obstacle
0.382136076689
203.320129395 149.327911377 161.462036133 52.2303466797
obstacle
0.379424661398
213.917663574 152.413253784 95.385925293 45.7821655273
obstacle
0.372572273016
77.5408630371 168.917602539 88.2512969971 41.2186889648
obstacle
0.365260511637
106.208213806 176.587142944 116.177467346 33.4544372559
obstacle
0.339835107327
428.582580566 113.052726746 47.0736694336 14.9674072266
obstacle
0.339559465647
351.679046631 108.737487793 75.3886108398 14.9704284668
obstacle
0.334937304258
269.718475342 145.499862671 124.792297363 37.0554504395
obstacle
0.334918767214
91.5120391846 171.287536621 98.8983459473 37.0503540039
obstacle
0.320440530777
204.107055664 156.586608887 106.650817871 36.200958252
obstacle
0.317164391279
374.005401611 115.480361938 43.2626953125 15.5094146729
obstacle
0.264376729727
271.840667725 146.791656494 117.671020508 33.236328125
obstacle
0.260478943586
254.847259521 145.195098877 160.542053223 30.8410949707
obstacle
0.245764046907
316.746154785 100.356658936 183.253845215 40.2586364746
obstacle
0.235569581389
263.682800293 132.548019409 149.617370605 31.2360839844
obstacle
0.233439564705
199.157348633 161.084014893 126.112731934 35.3341064453
obstacle
0.230595007539
69.9440765381 166.213226318 125.966461182 46.8918151855
obstacle
0.22815836966
292.541290283 136.000183105 92.1589355469 35.595489502
obstacle
0.217509016395
211.29119873 151.285247803 137.162780762 43.4769287109
obstacle
0.21040686965
203.333831787 148.861358643 171.792297363 46.6673278809
obstacle
0.198202714324
308.489318848 110.7605896 191.510681152 34.4691314697
obstacle
0.197006031871
257.032745361 151.055633545 103.136352539 42.0166320801
obstacle
0.195361122489
109.78490448 184.476699829 132.768310547 32.0493469238
obstacle
0.190362632275
281.251647949 144.866439819 105.735778809 30.6318664551
obstacle
0.184210687876
238.832443237 148.728118896 154.831619263 39.8735351562
obstacle
0.180693924427
257.621368408 142.635681152 125.096801758 39.7448425293
obstacle
0.180523857474
436.988800049 99.0169830322 56.9714355469 20.525680542
obstacle
0.179429784417
442.937438965 96.8355102539 34.1752929688 15.1173858643
obstacle
0.174502715468
354.869262695 105.32964325 75.6945800781 14.7169647217
obstacle
0.168915301561
298.458740234 138.52243042 98.5110473633 38.8724975586
obstacle
0.168221056461
197.836532593 156.365020752 146.149856567 41.3735656738
obstacle
0.165898606181
239.781982422 148.038879395 116.848022461 48.0426635742
obstacle
0.164198815823
164.158630371 150.181427002 199.644470215 58.2585754395
