obstacle
0.990409612656
235.302444458 152.242767334 179.393783569 52.5377502441
obstacle
0.981512129307
243.214233398 153.628646851 168.290893555 41.8198547363
obstacle
0.980279445648
234.117462158 147.005249023 180.466796875 54.7886047363
obstacle
0.97449696064
237.551742554 156.176391602 174.084182739 43.9033813477
obstacle
0.952642321587
216.884597778 141.362579346 204.643356323 81.1253662109
obstacle
0.932593762875
239.151275635 148.931610107 174.899963379 45.4541320801
obstacle
0.910886526108
235.20753479 143.587509155 183.232040405 47.5790405273
obstacle
0.895498454571
256.811645508 152.096130371 156.848632812 46.8500061035
obstacle
0.893529891968
112.018112183 131.708114624 327.530517578 98.1387939453
obstacle
0.88955193758
238.257415771 153.524017334 165.606872559 56.7180480957
obstacle
0.868067920208
227.168304443 136.855224609 181.138122559 85.6998596191
obstacle
0.837701439857
236.204528809 150.001037598 123.064941406 58.416229248
obstacle
0.784622728825
135.470611572 141.595184326 297.320678711 77.5762939453
obstacle
0.775040984154
234.09362793 128.615036011 194.68182373 93.5058288574
obstacle
0.76866286993
129.573822021 151.952896118 303.154418945 57.7629699707
obstacle
0.765757024288
238.271881104 151.141159058 153.388671875 41.033782959
obstacle
0.763555705547
173.569946289 144.801971436 257.111083984 85.7562561035
obstacle
0.730109751225
250.471343994 153.587722778 81.4154052734 37.5418701172
obstacle
0.712722420692
178.489471436 137.648178101 242.15435791 69.3876037598
obstacle
0.701771736145
270.450500488 147.449005127 135.168701172 56.1686706543
obstacle
0.694159388542
287.503570557 143.866241455 109.449951172 54.291015625
obstacle
0.689940810204
276.380065918 152.891769409 130.410522461 45.4103393555
obstacle
0.688458144665
221.837158203 154.675140381 181.302185059 51.5755615234
obstacle
0.670991778374
301.815307617 145.160583496 106.326416016 47.7541503906
obstacle
0.60896396637
243.092025757 150.608062744 142.869094849 53.0118713379
obstacle
0.599512934685
122.010231018 144.261291504 26.0539016724 33.9271850586
obstacle
0.599048554897
250.2293396 154.176712036 86.8491821289 40.8486328125
obstacle
0.574603378773
242.038909912 151.698165894 124.189086914 47.9950866699
obstacle
0.553196966648
138.883285522 137.931518555 295.993652344 54.6211242676
obstacle
0.552227377892
124.278457642 139.73765564 22.5008544922 36.8456420898
obstacle
0.550905942917
89.8924865723 141.878707886 343.743347168 99.0182800293
obstacle
0.550601840019
123.507270813 136.091827393 20.8892440796 33.9665527344
obstacle
0.546733379364
254.864898682 157.137939453 93.3036499023 41.2836303711
obstacle
0.540326595306
128.819946289 143.293518066 26.3627319336 31.7487792969
obstacle
0.511377930641
289.766876221 145.683517456 120.731323242 53.8924560547
obstacle
0.484417796135
245.566375732 142.430740356 101.244445801 56.5663757324
obstacle
0.480199307203
242.416900635 155.751098633 137.824645996 56.0762329102
obstacle
0.473281890154
242.487670898 151.501052856 78.9259033203 55.5381774902
obstacle
0.472938030958
244.158966064 150.964370728 104.651306152 52.5286865234
obstacle
0.460625529289
298.231018066 148.856704712 105.952331543 45.5472717285
obstacle
0.416114628315
124.458938599 137.680603027 32.3482971191 33.6907043457
obstacle
0.416114628315
124.365036011 143.825210571 34.5384216309 35.6581726074
obstacle
0.416058331728
247.739944458 152.21913147 102.737075806 55.6244812012
obstacle
0.413218796253
231.583526611 152.091217041 138.299804688 62.5608520508
obstacle
0.388363391161
241.197128296 145.750274658 105.364944458 64.0154724121
obstacle
0.38747125864
256.138122559 160.565139771 63.6581420898 39.3448791504
obstacle
0.385591953993
311.881866455 152.659942627 78.1021118164 34.378692627
obstacle
0.36907607317
250.910491943 129.827087402 190.101074219 88.5790100098
obstacle
0.357971847057
119.960289001 131.469741821 33.0805892944 38.1520996094
obstacle
0.356169760227
119.310333252 144.799987793 43.3607177734 51.0860595703
obstacle
0.356034964323
243.648193359 145.965377808 79.2951049805 42.0653076172
obstacle
0.354224771261
111.960388184 131.913528442 40.8907775879 40.5748901367
obstacle
0.353029370308
116.169448853 140.794921875 51.9243164062 42.3215332031
obstacle
0.344855695963
113.067443848 150.225067139 48.9724121094 42.784362793
obstacle
0.340883404016
312.820404053 144.942108154 96.5263061523 44.1938476562
obstacle
0.330118566751
297.865600586 139.900482178 87.7745361328 58.5478515625
obstacle
0.329257965088
259.066925049 153.875274658 50.7833251953 41.968963623
obstacle
0.328553795815
115.407852173 140.685974121 27.3605651855 35.3103027344
obstacle
0.324735164642
114.822662354 138.608642578 50.1487426758 38.2916870117
obstacle
0.316980421543
254.412796021 153.464401245 84.6274871826 37.2685852051
obstacle
0.289010733366
265.505645752 155.484909058 39.4889526367 32.0844116211
obstacle
0.283199906349
107.680854797 143.428710938 60.200553894 41.4566345215
obstacle
0.267793595791
119.590270996 144.35345459 31.195526123 40.4161987305
obstacle
0.263535410166
108.901847839 145.482162476 62.0513381958 46.2515869141
obstacle
0.260420531034
122.75629425 132.691833496 40.3245162964 44.4704284668
obstacle
0.259897828102
254.971786499 152.280426025 51.7160491943 33.7959289551
obstacle
0.257434815168
115.107208252 152.134963989 45.9636230469 36.397064209
obstacle
0.250888943672
220.432693481 146.876022339 181.298690796 51.1980895996
obstacle
0.246086478233
237.262207031 164.074234009 97.4630737305 52.509185791
obstacle
0.246086478233
239.320861816 153.693893433 102.286987305 57.4993286133
obstacle
0.228134915233
249.311798096 154.627655029 76.8486328125 57.093536377
obstacle
0.219037875533
112.532852173 143.970321655 32.8489685059 41.3344421387
obstacle
0.215095594525
249.490341187 157.293380737 105.257583618 50.493560791
obstacle
0.212268784642
117.714096069 148.07421875 34.6766662598 41.639251709
obstacle
0.207960575819
265.627868652 157.232757568 41.6037597656 33.9218444824
obstacle
0.19567976892
122.004463196 139.144378662 37.8376998901 50.6726074219
obstacle
0.195191547275
112.94871521 127.088279724 33.6503601074 39.3493270874
obstacle
0.19134247303
124.070518494 146.346923828 37.3742752075 36.6282043457
obstacle
0.181876525283
120.782493591 150.506622314 42.3323135376 37.0806274414
obstacle
0.176478639245
110.536277771 148.20072937 38.0070114136 41.0742797852
obstacle
0.173449143767
115.729019165 145.178344727 42.0785827637 42.2934265137
obstacle
0.171243965626
244.817596436 153.829101562 131.312255859 43.8583984375
obstacle
0.168349534273
120.37600708 138.473526001 43.647277832 44.5030822754
obstacle
0.165665715933
184.072494507 120.542022705 256.479568481 98.546875
obstacle
0.163141727448
114.291366577 143.492095947 30.0872497559 37.0698242188
obstacle
0.158731251955
131.872177124 140.338760376 28.5428466797 33.3037109375
