obstacle
0.447851479053
107.0 116.0 39.0 11.0
obstacle
0.410055190325
105.0 113.0 74.0 17.0
obstacle
0.36910572648
80.0 140.0 360.0 119.0
obstacle
0.337182998657
100.0 130.0 359.0 115.0
obstacle
0.303154200315
59.0 122.0 403.0 131.0
obstacle
0.291770547628
355.0 90.0 145.0 42.0
obstacle
0.281588226557
93.0 148.0 331.0 126.0
obstacle
0.27374240756
375.0 88.0 125.0 46.0
obstacle
0.258705317974
244.0 124.0 66.0 25.0
obstacle
0.25725504756
21.0 119.0 11.0 12.0
obstacle
0.250895947218
14.0 119.0 28.0 10.0
obstacle
0.244767457247
100.0 112.0 58.0 18.0
obstacle
0.234433203936
109.0 115.0 66.0 14.0
obstacle
0.178384304047
211.0 120.0 171.0 108.0
obstacle
0.172482192516
133.0 142.0 328.0 112.0
obstacle
0.168502375484
259.0 130.0 39.0 12.0
obstacle
0.1683152318
269.0 124.0 18.0 22.0
obstacle
0.161980524659
305.0 80.0 195.0 59.0
obstacle
0.157035678625
58.0 151.0 326.0 120.0
obstacle
0.155356407166
12.0 127.0 32.0 9.0
obstacle
0.155130237341
207.0 128.0 179.0 117.0
obstacle
0.153033509851
85.0 144.0 386.0 132.0
obstacle
0.152117088437
0.0 116.0 56.0 17.0
obstacle
0.150560855865
138.0 116.0 49.0 13.0
obstacle
0.149015009403
234.0 124.0 56.0 27.0
obstacle
0.147213891149
230.0 133.0 63.0 25.0
obstacle
0.143347173929
114.0 113.0 19.0 18.0
obstacle
0.141354173422
155.0 80.0 173.0 111.0
obstacle
0.140125751495
238.0 139.0 41.0 14.0
obstacle
0.13947378099
182.0 132.0 230.0 85.0
obstacle
0.135227531195
111.0 116.0 374.0 121.0
obstacle
0.13311804831
120.0 111.0 83.0 22.0
obstacle
0.133009538054
397.0 90.0 103.0 41.0
obstacle
0.127007082105
174.0 90.0 170.0 116.0
obstacle
0.126630574465
29.0 127.0 35.0 11.0
obstacle
0.120679631829
202.0 151.0 192.0 47.0
obstacle
0.118994884193
335.0 82.0 165.0 55.0
obstacle
0.118439763784
296.0 117.0 43.0 11.0
obstacle
0.118339009583
218.0 120.0 119.0 33.0
obstacle
0.116343759
30.0 118.0 32.0 10.0
obstacle
0.11411524564
243.0 131.0 34.0 11.0
obstacle
0.11337030679
59.0 114.0 406.0 122.0
obstacle
0.111190207303
151.0 133.0 330.0 130.0
obstacle
0.110541053116
0.0 117.0 28.0 12.0
obstacle
0.108391165733
192.0 147.0 210.0 78.0
obstacle
0.10337921977
338.0 89.0 154.0 42.0
