obstacle
0.951320290565
91.0 187.0 80.0 14.0
obstacle
0.852263510227
99.0 188.0 74.0 13.0
obstacle
0.839657187462
320.0 185.0 99.0 27.0
obstacle
0.82620716095
310.0 185.0 101.0 26.0
obstacle
0.82458615303
316.0 187.0 86.0 22.0
obstacle
0.763535857201
457.0 176.0 43.0 17.0
obstacle
0.660880088806
88.0 183.0 81.0 17.0
obstacle
0.426476508379
464.0 178.0 36.0 14.0
obstacle
0.359169602394
97.0 183.0 81.0 17.0
obstacle
0.285407662392
454.0 179.0 44.0 12.0
obstacle
0.26517021656
426.0 267.0 51.0 66.0
obstacle
0.232967525721
86.0 183.0 85.0 25.0
obstacle
0.220374464989
310.0 189.0 122.0 36.0
obstacle
0.217997223139
419.0 274.0 63.0 59.0
obstacle
0.208525046706
479.0 176.0 18.0 17.0
obstacle
0.186783224344
107.0 189.0 71.0 13.0
obstacle
0.184812709689
404.0 276.0 59.0 57.0
obstacle
0.173302948475
456.0 165.0 44.0 23.0
obstacle
0.17266894877
410.0 266.0 49.0 67.0
obstacle
0.165740773082
296.0 173.0 128.0 34.0
obstacle
0.155699759722
308.0 171.0 131.0 38.0
obstacle
0.144617319107
432.0 170.0 68.0 32.0
obstacle
0.144609898329
97.0 184.0 85.0 22.0
obstacle
0.132443755865
90.0 192.0 43.0 8.0
obstacle
0.131065413356
323.0 195.0 95.0 25.0
obstacle
0.121131137013
83.0 187.0 63.0 16.0
obstacle
0.119702674448
102.0 185.0 49.0 11.0
obstacle
0.119329094887
143.0 192.0 32.0 9.0
obstacle
0.113605067134
80.0 177.0 98.0 27.0
obstacle
0.105182982981
448.0 166.0 52.0 23.0
