obstacle
0.969101130962
202.469482422 219.402801514 88.8693237305 28.1647949219
obstacle
0.942034304142
79.9197235107 179.646438599 63.7833099365 23.692199707
obstacle
0.888137042522
149.211425781 164.120742798 50.2614746094 19.8421325684
obstacle
0.836909294128
298.484375 173.392333984 67.6278686523 32.1070556641
obstacle
0.790901482105
221.641479492 212.847702026 60.9628601074 29.1782531738
obstacle
0.750090181828
209.96824646 224.884780884 57.4537200928 17.9166564941
obstacle
0.700636386871
242.097351074 220.535079956 41.4910888672 20.1976928711
obstacle
0.658251404762
215.233047485 221.770401001 37.7047119141 18.2522277832
obstacle
0.611390769482
309.157714844 180.34236145 39.9494018555 27.0220336914
obstacle
0.58173763752
155.922424316 158.135910034 28.1691589355 16.9303588867
obstacle
0.57829618454
334.155700684 208.606872559 22.0602416992 21.5125427246
obstacle
0.533127367496
311.746856689 176.315338135 42.235534668 20.7972106934
obstacle
0.495880961418
338.839324951 202.932922363 19.3247680664 20.5883789062
obstacle
0.447288036346
80.6274261475 180.105377197 36.6599731445 17.460357666
obstacle
0.442671358585
337.054840088 214.658111572 18.3225097656 21.9953308105
obstacle
0.426315993071
300.895355225 181.943450928 36.7561035156 18.416015625
obstacle
0.338301599026
293.284393311 160.991134644 47.3213500977 18.6910095215
