obstacle
0.653039455414
185.905151367 130.634155273 211.089599609 75.8308105469
obstacle
0.407715380192
113.973213196 103.568252563 62.7380905151 23.7548522949
obstacle
0.380730628967
283.648071289 158.508331299 140.930480957 69.9407653809
obstacle
0.341543227434
363.601623535 171.0962677 21.5702514648 23.5708618164
obstacle
0.328653514385
17.7936477661 79.9207687378 31.8166732788 32.1647796631
obstacle
0.320026159286
359.7449646 164.720779419 28.9391479492 42.2233581543
obstacle
0.316379189491
128.488601685 95.9240951538 50.2351379395 25.7377929688
