obstacle
0.481290519238
216.12562561 162.714981079 47.6779022217 55.9306030273
obstacle
0.466569751501
74.6222839355 231.275222778 37.8991394043 39.3245391846
obstacle
0.456380426884
138.097976685 185.213577271 35.406829834 22.5601501465
obstacle
0.438922822475
365.353302002 181.425003052 49.7835083008 34.5959777832
obstacle
0.396067380905
120.588806152 152.065002441 369.554382324 126.934997559
obstacle
0.390010178089
269.920501709 98.351852417 31.8419189453 20.1300354004
obstacle
0.358157277107
225.706893921 180.803009033 45.0562896729 26.7395019531
obstacle
0.35486266017
266.978149414 183.728225708 44.3607177734 36.0151062012
obstacle
0.350852429867
134.905227661 174.885742188 57.5467834473 42.4244995117
obstacle
0.349480897188
209.815963745 180.319992065 40.6100769043 42.3752441406
obstacle
0.343501389027
281.375183105 180.07208252 42.4013061523 35.7473144531
obstacle
0.340720385313
207.949157715 175.299667358 74.0363769531 54.7666015625
obstacle
0.338426619768
176.230682373 162.448577881 257.90814209 78.9787902832
obstacle
0.338416606188
183.272155762 177.61491394 138.202972412 44.8700561523
obstacle
0.335084170103
335.418518066 181.528823853 42.0814819336 34.5804748535
obstacle
0.326450318098
327.03918457 161.285812378 89.1087036133 117.714187622
obstacle
0.313907891512
245.195358276 209.974533081 65.0515289307 56.5140228271
obstacle
0.313166379929
354.96383667 179.550598145 42.8067626953 38.5670166016
obstacle
0.308926820755
320.158111572 188.194503784 142.087219238 41.7883911133
obstacle
0.304918944836
352.341094971 213.757873535 45.2227172852 58.2796936035
