obstacle
0.983660757542
274.784790039 149.408340454 68.684387207 28.3821716309
obstacle
0.974087774754
141.406951904 186.53855896 132.217681885 52.3210754395
obstacle
0.957786142826
284.283752441 154.163665771 39.571472168 21.582244873
obstacle
0.848478317261
135.404403687 185.573867798 126.391921997 29.1750488281
obstacle
0.775503754616
26.3548126221 136.092697144 27.1824645996 17.1763916016
obstacle
0.731478691101
19.775226593 128.604492188 48.2979545593 21.3401184082
obstacle
0.719184100628
23.8575592041 129.187988281 28.0348739624 18.1532287598
obstacle
0.71462905407
128.206604004 191.010543823 68.4562988281 24.2183837891
obstacle
0.68215495348
195.330184937 191.137069702 75.9397125244 41.1453857422
obstacle
0.676088869572
132.264770508 196.047622681 34.2262878418 17.1717224121
obstacle
0.569482564926
167.140167236 179.827880859 69.5474853516 52.7074890137
obstacle
0.520073950291
30.112613678 125.435043335 18.5311279297 17.1414794922
obstacle
0.514249801636
158.016296387 179.614318848 49.4722290039 31.4042358398
obstacle
0.442150712013
135.292694092 189.872833252 30.1618041992 16.8163146973
obstacle
0.379675358534
237.248855591 156.582489014 25.0105438232 19.054473877
obstacle
0.326470553875
239.635803223 149.989196777 21.8152160645 18.6471252441
