obstacle
0.402246534824
397.697235107 150.627761841 19.0756835938 21.1052856445
obstacle
0.387219160795
368.688995361 144.561401367 54.3493041992 30.8066711426
obstacle
0.374136686325
70.4708251953 152.635238647 49.0801696777 25.9543151855
obstacle
0.369994372129
403.328796387 149.265563965 20.1937866211 22.3304443359
obstacle
0.342623710632
75.3679656982 149.199508667 30.6889190674 25.0920410156
obstacle
0.331995010376
389.159881592 147.572036743 23.6641235352 24.2238464355
obstacle
0.328516244888
384.961883545 147.039031982 50.3737792969 23.9873352051
obstacle
0.30916929245
367.840698242 135.560546875 71.7863769531 27.2022399902
obstacle
0.306945383549
362.612335205 137.962921143 49.430847168 29.6088256836
obstacle
0.300366938114
68.2136917114 74.5233230591 54.5944976807 20.4614868164
obstacle
0.300173282623
372.796234131 145.981948853 27.6569824219 29.6698608398
