obstacle
0.996478736401
147.753875732 147.708618164 163.16986084 49.7648925781
obstacle
0.991873919964
142.102035522 149.956451416 164.93208313 45.6051025391
obstacle
0.989952147007
157.553695679 149.16494751 159.498855591 47.3817443848
obstacle
0.989569664001
129.042663574 142.623275757 196.211700439 62.4054260254
obstacle
0.989396512508
153.561462402 150.282775879 161.277130127 39.0274963379
obstacle
0.988704025745
273.852416992 57.587223053 89.3412475586 23.4583396912
obstacle
0.985534667969
143.242645264 155.292404175 159.711456299 34.8309631348
obstacle
0.984714448452
260.51385498 55.5034790039 103.613037109 24.1866455078
obstacle
0.983249604702
267.726318359 52.4571342468 94.1364135742 27.9940071106
obstacle
0.981255471706
144.298034668 153.440475464 172.65032959 39.4314575195
obstacle
0.97846198082
162.768371582 147.540634155 142.679901123 49.1536254883
obstacle
0.978364765644
276.183502197 59.0471420288 82.8677368164 25.7905883789
obstacle
0.975829958916
276.357147217 54.5576629639 86.5209350586 24.9289550781
obstacle
0.974928319454
283.476104736 59.0595626831 82.5670166016 20.0869903564
obstacle
0.973238706589
157.41317749 156.384368896 145.491088867 42.1413574219
obstacle
0.968290448189
141.446075439 149.365875244 164.213562012 38.6577758789
obstacle
0.962872862816
297.348571777 66.7120437622 66.0690917969 17.1275787354
obstacle
0.961472690105
177.960296631 152.324920654 127.515350342 43.4027099609
obstacle
0.960758447647
113.757392883 147.143157959 230.038513184 53.0446472168
obstacle
0.958262503147
291.438293457 62.7330589294 68.2513427734 20.6212348938
obstacle
0.954836070538
283.087249756 62.6286239624 81.3174438477 21.4214019775
obstacle
0.953842639923
284.914978027 59.6843185425 69.1810913086 26.5757904053
obstacle
0.952993929386
273.931091309 57.2327537537 79.0704956055 20.961933136
obstacle
0.952878117561
271.164215088 58.9478721619 95.35546875 23.7950782776
obstacle
0.922826647758
305.724090576 64.6304779053 54.2506713867 20.4869842529
obstacle
0.922826647758
310.079803467 67.2586288452 54.7612915039 18.8053741455
obstacle
0.920248925686
287.124023438 63.1595687866 74.3708496094 22.5821075439
obstacle
0.901447296143
174.845611572 148.171173096 120.206970215 50.3981018066
obstacle
0.9005215168
157.093017578 146.718017578 133.955963135 55.5174865723
obstacle
0.899108409882
400.760620117 62.5473670959 99.2021484375 28.2629890442
obstacle
0.895433962345
405.370635986 58.5099487305 80.0708618164 31.1915435791
obstacle
0.891318440437
153.069732666 153.452774048 148.051300049 47.5982971191
obstacle
0.889020383358
292.202209473 59.6102981567 66.1358032227 18.609085083
obstacle
0.887912094593
288.734680176 53.7481384277 65.0179443359 21.9535675049
obstacle
0.884150087833
403.619781494 67.3917160034 77.154296875 23.5770568848
obstacle
0.864367604256
185.09387207 149.470291138 113.999786377 44.1659851074
obstacle
0.859009563923
412.740753174 61.9740486145 81.1317138672 28.2095298767
obstacle
0.856479585171
281.057434082 62.22813797 67.1608886719 19.0177116394
obstacle
0.831733107567
401.841918945 65.183555603 94.5513305664 22.6695556641
obstacle
0.82581615448
150.391448975 153.827346802 170.047241211 41.9562072754
obstacle
0.825050532818
410.743835449 60.1402282715 72.4604492188 26.6057891846
obstacle
0.817751228809
409.732696533 65.4893112183 66.3647460938 22.6345825195
obstacle
0.80646198988
289.189331055 54.4795684814 42.5565795898 24.532409668
obstacle
0.791798830032
410.398590088 62.74193573 76.2209472656 24.9820861816
obstacle
0.782056510448
159.641723633 146.771316528 144.265899658 43.2975769043
obstacle
0.779382407665
139.615936279 141.066925049 176.111785889 69.8863830566
obstacle
0.770606040955
412.182556152 67.4635162354 77.0357666016 19.5119476318
obstacle
0.764797389507
151.928253174 149.899963379 145.928283691 45.0993347168
obstacle
0.762606978416
289.135772705 48.9114532471 58.1370239258 23.2706985474
obstacle
0.746918916702
281.228302002 61.0721282959 69.4478149414 21.7776031494
obstacle
0.740786850452
283.905548096 51.3780899048 39.8137207031 18.8036575317
obstacle
0.703010499477
406.394195557 60.3620758057 88.5301513672 28.1010742188
obstacle
0.700877606869
118.441207886 148.438095093 228.024124146 56.1301269531
obstacle
0.700606584549
407.139190674 64.5464553833 79.3382568359 26.5305175781
obstacle
0.697653055191
157.857818604 141.795562744 163.371002197 66.1168823242
obstacle
0.697088837624
286.676849365 49.4421577454 52.5686035156 24.8489646912
obstacle
0.692060887814
419.59979248 66.7317123413 49.6621704102 18.6643676758
obstacle
0.678900241852
119.044502258 148.543426514 251.102020264 50.6438293457
obstacle
0.674215018749
412.452209473 54.1671676636 72.6650390625 29.0566864014
obstacle
0.642174839973
411.730529785 57.4125366211 88.2694702148 31.5970916748
obstacle
0.631579101086
166.390579224 151.342102051 141.75718689 40.0647888184
obstacle
0.576472103596
275.186279297 60.5944900513 63.6505737305 21.1210021973
obstacle
0.56172555685
413.31036377 63.9989776611 86.6896362305 31.4169769287
obstacle
0.531720638275
422.800201416 59.1578102112 65.2772827148 21.1749839783
obstacle
0.529682815075
188.207382202 151.468566895 111.875259399 36.0757141113
obstacle
0.511377930641
282.76461792 70.9301681519 78.3260498047 17.1651611328
obstacle
0.500499665737
287.168273926 57.491394043 52.5629272461 24.8870239258
obstacle
0.497783213854
279.638793945 57.440071106 32.7502441406 19.6495056152
obstacle
0.458716779947
413.89175415 61.0505332947 86.1082458496 31.0409355164
obstacle
0.455966770649
202.262664795 148.747528076 97.1964416504 39.5732421875
obstacle
0.421022832394
189.986633301 147.679260254 102.873901367 46.7782897949
obstacle
0.406368911266
273.213256836 58.3957214355 66.8163452148 24.4853363037
obstacle
0.389804184437
168.909667969 154.967407227 129.772460938 31.2879943848
obstacle
0.383417367935
416.458770752 66.2556762695 70.4774780273 26.0646972656
obstacle
0.374363869429
147.465698242 154.769729614 143.221984863 35.9783325195
obstacle
0.371092021465
415.940429688 66.3086700439 84.0595703125 35.2572021484
obstacle
0.353505700827
143.434356689 159.010513306 159.554718018 37.6616821289
obstacle
0.285688519478
401.531402588 52.1753921509 98.4685974121 54.0157928467
obstacle
0.28088837862
155.653533936 149.733139038 134.372650146 39.7229614258
obstacle
0.261681467295
288.461242676 55.2055511475 31.9769897461 25.4091491699
obstacle
0.246094793081
205.766220093 153.24446106 95.2894439697 33.3348388672
obstacle
0.243292480707
204.825241089 152.131622314 88.2426300049 37.6670532227
obstacle
0.242081344128
290.583557129 62.0028877258 37.5726318359 22.9547691345
obstacle
0.220575362444
159.022338867 155.960662842 126.854675293 41.2119750977
obstacle
0.219105541706
291.431945801 71.1969680786 64.4515380859 18.8067779541
obstacle
0.2030377388
411.801574707 63.3597412109 88.198425293 25.7048950195
obstacle
0.196140006185
298.80355835 71.9547424316 55.5642700195 13.7402496338
obstacle
0.195647418499
155.953430176 156.895950317 140.026245117 30.8705749512
obstacle
0.129327058792
423.664306641 55.6357040405 47.5241088867 23.0179290771
obstacle
0.129327058792
424.497802734 49.526802063 50.2523803711 27.0955581665
obstacle
0.125630930066
290.282043457 64.2229995728 26.1489257812 21.2615203857
obstacle
0.12002607435
159.017227173 161.317962646 130.226242065 32.3952941895
obstacle
0.10533349961
185.320724487 154.881500244 102.804885864 32.2591552734
obstacle
0.101219020784
273.314666748 59.6295166016 51.0161743164 23.7494049072
obstacle
0.100756593049
426.37020874 55.3829116821 58.4475708008 21.1739044189
obstacle
0.0922222137451
280.532501221 55.323387146 28.8272705078 19.3419189453
obstacle
0.0879581272602
279.787597656 57.5257720947 29.8892822266 17.8859405518
obstacle
0.0813740119338
423.996795654 58.2404060364 61.2940063477 19.6006965637
obstacle
0.0777277499437
425.657958984 54.3622360229 51.3888549805 18.8834533691
obstacle
0.0736343711615
294.150177002 71.0447921753 52.5142211914 16.2294921875
obstacle
0.0731090158224
420.240081787 58.770980835 53.7299194336 20.1459960938
obstacle
0.0731090158224
420.872772217 53.2427101135 56.8221435547 23.6917686462
obstacle
0.0729597583413
281.482116699 56.4782180786 25.3338623047 20.3218383789
obstacle
0.0717822387815
431.89831543 57.1370353699 48.7229614258 21.8002891541
obstacle
0.0711608529091
416.506591797 48.3492126465 63.2465209961 29.2399368286
obstacle
0.070293225348
170.934173584 160.999542236 120.263916016 35.3018493652
obstacle
0.0688451230526
278.736114502 61.5516433716 19.8178710938 20.239440918
obstacle
0.0648770853877
395.754333496 46.7414093018 104.245666504 64.0660858154
obstacle
0.0648570656776
108.651260376 150.921859741 261.389770508 44.5979919434
obstacle
0.0637421011925
424.300842285 71.9494400024 63.1903686523 25.612411499
obstacle
0.0620763450861
415.092651367 56.5159912109 82.6126098633 30.6957550049
obstacle
0.0618483349681
419.649780273 51.8184509277 77.8313598633 31.6217346191
obstacle
0.0618371218443
173.086288452 156.404998779 88.6232452393 32.9861450195
obstacle
0.0605628117919
414.765441895 52.6889801025 67.1502685547 26.6241149902
obstacle
0.0599875338376
274.383392334 62.1686210632 58.4175415039 18.6506004333
obstacle
0.0593770518899
420.955993652 60.0139274597 50.8391113281 22.5658988953
obstacle
0.0593770518899
421.63067627 54.7158508301 53.7617797852 26.5598144531
obstacle
0.0593589022756
272.411437988 59.1144943237 60.9953613281 25.0596466064
obstacle
0.0581586100161
419.525756836 61.3308448792 80.4742431641 28.2326545715
obstacle
0.0561585314572
292.892364502 48.5714874268 46.7578125 15.9702682495
obstacle
0.0553217232227
272.305389404 60.2703170776 48.5968017578 25.1341552734
obstacle
0.0549664720893
276.876098633 59.2493515015 54.9700927734 21.1404876709
obstacle
0.0538641363382
278.391052246 56.4428901672 53.3798828125 27.5649909973
obstacle
0.0538598112762
274.758911133 57.537815094 43.2743530273 28.1953620911
obstacle
0.0538138449192
423.674865723 63.710723877 39.8574829102 18.3162689209
obstacle
0.053329706192
431.188049316 55.7315254211 51.7194213867 22.1468467712
obstacle
0.0527412109077
215.420761108 150.944702148 71.1718902588 31.1569213867
obstacle
0.0520552843809
419.851074219 56.6252479553 60.2386474609 16.7587394714
obstacle
0.0519281849265
421.537200928 66.2329788208 43.4545898438 16.4882659912
obstacle
0.0511834025383
287.965423584 65.5984649658 67.4611206055 22.8251342773
obstacle
0.0511632487178
428.944763184 54.3108062744 63.3453369141 34.1830444336
obstacle
0.0508940033615
286.427001953 49.1816101074 42.1402587891 16.803817749
obstacle
0.0506503023207
124.058731079 154.93081665 217.013717651 44.4127197266
obstacle
0.0505674630404
420.7371521 50.6600341797 55.5149536133 30.3226013184
obstacle
0.0501980409026
288.182678223 57.3815994263 29.2210083008 21.1872406006
