obstacle
0.958748877048
82.9832458496 152.940460205 322.453094482 98.785369873
obstacle
0.949633359909
70.1710357666 149.573959351 319.760925293 95.5635986328
obstacle
0.860157370567
73.6097717285 122.393249512 322.920776367 128.344787598
obstacle
0.840315043926
72.9128570557 153.545318604 347.284118652 112.257049561
obstacle
0.82175296545
90.1012878418 168.350250244 326.654907227 85.1266479492
obstacle
0.821245729923
94.2534179688 162.904083252 88.4803466797 81.1273498535
obstacle
0.794574081898
68.7617111206 155.061294556 225.759552002 92.934967041
obstacle
0.784856259823
75.1287078857 171.425933838 204.532852173 57.9750366211
obstacle
0.773455321789
88.0906982422 172.16645813 152.815917969 62.3559875488
obstacle
0.762487232685
95.320892334 142.899246216 316.380493164 91.2336730957
obstacle
0.761037349701
74.2781906128 175.454650879 164.405212402 57.2979125977
obstacle
0.730394124985
88.1573791504 163.914779663 130.570800781 75.5025634766
obstacle
0.724920332432
76.7554550171 152.271713257 180.021057129 92.9570922852
obstacle
0.717319428921
93.2013549805 170.034011841 101.700653076 65.5944519043
obstacle
0.698058605194
80.1715545654 172.49041748 229.08454895 50.2630310059
obstacle
0.685233771801
85.8106765747 168.884674072 132.696044922 66.7037963867
obstacle
0.65888351202
78.8215332031 181.620544434 214.94631958 46.0952148438
obstacle
0.631425023079
57.2389831543 142.33543396 340.156860352 110.040649414
obstacle
0.613931179047
209.518554688 106.367431641 89.7927246094 38.5240783691
obstacle
0.607038617134
252.026611328 137.907318115 139.339782715 120.328887939
obstacle
0.599683403969
295.761810303 153.945144653 81.6739501953 85.4679260254
obstacle
0.589937925339
94.0162811279 168.124038696 113.511413574 68.4687805176
obstacle
0.587408840656
139.660690308 152.770263672 259.649658203 91.1112670898
obstacle
0.568607151508
267.86505127 155.84312439 106.773376465 69.7750854492
obstacle
0.567087769508
203.047393799 105.269737244 89.7560424805 36.8205947876
obstacle
0.565461277962
86.2462921143 167.318710327 168.688446045 63.9355163574
obstacle
0.544339776039
243.888259888 157.564224243 141.523300171 72.828125
obstacle
0.52538895607
98.527305603 172.295532227 68.4823379517 63.950378418
obstacle
0.518046319485
196.363525391 108.953704834 93.6188964844 36.0431976318
obstacle
0.509599983692
121.83821106 111.90940094 196.099838257 28.3594589233
obstacle
0.499544680119
208.387268066 111.702835083 94.2217712402 39.5242919922
obstacle
0.474022954702
200.521026611 156.762420654 187.46270752 52.3492126465
obstacle
0.471993595362
93.0969848633 175.545593262 106.276428223 56.6440124512
obstacle
0.470251560211
212.26348877 158.810409546 172.306091309 58.4009399414
obstacle
0.453353911638
195.060455322 167.078643799 195.155883789 48.3648681641
obstacle
0.446373134851
157.801147461 104.829574585 184.923675537 38.1871490479
obstacle
0.43629655242
92.4024658203 105.867713928 309.313568115 131.077178955
obstacle
0.435199737549
286.383880615 156.513442993 94.3240966797 69.4843139648
obstacle
0.425333768129
282.450408936 156.352279663 87.2310180664 75.178314209
obstacle
0.425153404474
74.5790023804 169.305831909 232.193603516 48.5831604004
obstacle
0.422499299049
203.327453613 112.239952087 94.5156555176 32.4226760864
obstacle
0.420681387186
148.221405029 104.982368469 220.812438965 30.0244522095
obstacle
0.418865650892
98.3190155029 174.429092407 96.6742858887 52.9708862305
obstacle
0.418596535921
221.122207642 156.733505249 169.912521362 55.2311401367
obstacle
0.412282556295
97.6140899658 126.897224426 320.598815918 128.527854919
obstacle
0.391923069954
173.532745361 108.414794922 165.848754883 32.6533355713
obstacle
0.381780147552
214.19090271 110.085952759 96.5704193115 30.5067749023
obstacle
0.378284543753
151.910003662 108.533599854 182.440795898 38.8361053467
obstacle
0.373067289591
251.771392822 157.252044678 125.760803223 59.4969177246
obstacle
0.363693028688
118.453079224 157.619094849 293.961242676 98.0354614258
obstacle
0.359703481197
94.3463592529 145.515838623 345.986694336 118.925354004
obstacle
0.359511852264
85.8768081665 169.338516235 141.285369873 61.0104370117
obstacle
0.354523897171
214.431167603 110.285247803 86.4305267334 36.063079834
obstacle
0.348047733307
284.353515625 164.977264404 86.6973266602 57.9978027344
obstacle
0.344983011484
77.6342163086 171.498794556 169.621612549 52.3013305664
obstacle
0.332156985998
274.435638428 162.446212769 100.484436035 50.431427002
obstacle
0.323714673519
296.919036865 164.045227051 71.9819946289 62.0996398926
obstacle
0.320357739925
88.2972106934 100.413734436 322.340759277 57.9695968628
obstacle
0.317056059837
308.290344238 160.028884888 65.0527954102 75.0448303223
obstacle
0.316503494978
95.164642334 180.097412109 69.4030761719 50.7305603027
obstacle
0.308500617743
87.8260650635 172.126159668 91.6387023926 68.0300292969
obstacle
0.30601477623
294.256347656 160.974761963 81.7092895508 54.9047546387
obstacle
0.301831692457
271.45098877 158.917480469 85.6450805664 55.7256469727
obstacle
0.293581694365
100.049453735 116.782569885 62.8681945801 18.967338562
obstacle
0.293218851089
111.88143158 116.705032349 52.3960952759 16.1842651367
obstacle
0.287347435951
85.6977157593 178.538757324 139.272644043 56.6371459961
obstacle
0.271344840527
277.454284668 99.6934509277 104.969604492 189.399658203
obstacle
0.26590681076
199.41065979 108.199699402 88.8179168701 44.5040054321
obstacle
0.259609043598
119.055282593 118.258872986 59.4691467285 17.0571975708
obstacle
0.251798868179
210.381851196 113.959983826 84.1990203857 40.4187698364
obstacle
0.236485004425
260.866851807 161.318237305 108.348327637 60.8012390137
obstacle
0.235602721572
101.008804321 130.898208618 281.333557129 100.585876465
obstacle
0.234879523516
95.9845733643 180.056167603 85.8664245605 46.7951660156
obstacle
0.225948542356
288.699859619 84.3266448975 71.2655029297 43.3367919922
obstacle
0.222123682499
176.573425293 109.903694153 220.883117676 196.519500732
obstacle
0.217636600137
187.070343018 105.819969177 231.610412598 192.674713135
obstacle
0.214857161045
283.153533936 93.5546951294 81.2980957031 35.1230316162
obstacle
0.207201972604
302.259643555 175.653839111 68.7645263672 56.0475158691
obstacle
0.207126066089
72.8486175537 168.353225708 284.028808594 44.1422119141
obstacle
0.20095102489
92.4625701904 173.432800293 129.554748535 50.7294311523
obstacle
0.19985742867
105.836227417 104.250938416 336.121887207 61.9347000122
obstacle
0.191654220223
96.4397659302 163.228637695 248.827941895 45.4853515625
obstacle
0.180327817798
221.419067383 155.84425354 161.423400879 50.4374084473
obstacle
0.179250955582
87.3639831543 175.522689819 127.865905762 49.4371948242
obstacle
0.177187114954
229.371612549 99.7667694092 168.143249512 209.818435669
obstacle
0.17127750814
220.685516357 169.138076782 161.885803223 50.9739990234
obstacle
0.165595889091
298.84979248 162.334457397 73.658203125 68.5739746094
obstacle
0.164016619325
125.306976318 118.782028198 63.0547180176 19.3198242188
obstacle
0.161075368524
154.059295654 159.848236084 235.920898438 41.9382019043
obstacle
0.153105571866
285.637542725 94.709274292 94.2018432617 41.8073883057
obstacle
0.145980194211
189.614746094 115.389793396 99.5436096191 38.0742416382
obstacle
0.145297959447
115.945419312 104.114608765 251.0962677 93.8941650391
obstacle
0.136662438512
100.461471558 174.713119507 60.702331543 46.9671936035
obstacle
0.128435954452
292.535705566 81.0659713745 64.4805297852 43.0413208008
obstacle
0.121802151203
210.797485352 92.3317489624 194.577880859 32.8861999512
obstacle
0.121521703899
272.351898193 80.9408874512 73.6400146484 43.3202667236
obstacle
0.118857234716
286.981506348 85.5654830933 69.8664550781 37.9113311768
obstacle
0.115333683789
256.279571533 159.747116089 92.8811035156 53.6430969238
obstacle
0.112435378134
212.311340332 116.702735901 67.7881469727 39.7084884644
obstacle
0.112009428442
277.665802002 158.375061035 89.0036621094 48.0131530762
obstacle
0.111846610904
100.873672485 169.688095093 107.62991333 53.2586975098
obstacle
0.109373129904
85.5094909668 103.166046143 286.787139893 60.7234802246
obstacle
0.109334722161
100.998291016 168.236328125 86.9940490723 47.9414367676
obstacle
0.109115488827
271.070983887 162.441329956 95.7888793945 43.2262573242
obstacle
0.109082520008
102.377288818 114.561012268 56.6757202148 20.7492599487
obstacle
0.108836479485
102.640686035 104.343688965 338.244873047 111.016723633
obstacle
0.106089793146
260.469299316 163.10736084 99.5368652344 45.306060791
obstacle
0.105658881366
462.377746582 111.438606262 28.7784423828 18.9948348999
obstacle
0.104973569512
312.573699951 154.785690308 53.6752319336 70.354888916
obstacle
0.104828037322
85.0362625122 164.241897583 194.427154541 45.7043762207
obstacle
0.104480907321
465.21887207 110.42150116 26.3220825195 20.551612854
obstacle
0.103540711105
274.440612793 169.549285889 91.7609863281 59.4599304199
obstacle
0.0986853092909
271.823028564 84.9557876587 76.3753051758 38.0179901123
obstacle
0.0984022244811
298.88873291 155.300491333 69.5642700195 53.3329772949
obstacle
0.0974431037903
272.405273438 158.748626709 79.2515258789 51.3434753418
obstacle
0.0967762768269
143.505859375 124.237922668 43.4726257324 19.5816421509
obstacle
0.0956431627274
101.02281189 100.508407593 334.894226074 145.447662354
obstacle
0.0949393436313
108.779502869 162.386413574 211.686981201 40.5469665527
obstacle
0.0942148715258
170.982208252 115.232215881 99.859954834 33.49974823
obstacle
0.0932789072394
281.564300537 95.9090957642 75.6312255859 29.1257781982
obstacle
0.0926857888699
297.37512207 167.445785522 66.6806030273 51.1020812988
obstacle
0.0925097987056
273.846221924 85.279296875 72.49609375 42.4511413574
obstacle
0.0924216806889
211.885467529 150.967697144 154.853942871 51.2093811035
obstacle
0.0913449153304
115.729049683 161.51348877 302.172119141 118.28704834
obstacle
0.0903916433454
114.886634827 114.671028137 45.6283187866 17.7512435913
obstacle
0.0893017202616
101.88583374 124.972358704 98.0033874512 148.331176758
obstacle
0.0890738517046
202.711715698 139.212783813 52.8959350586 24.2483520508
obstacle
0.0881883502007
307.175598145 164.199691772 58.8015136719 56.9746704102
obstacle
0.087704539299
206.505172729 136.257171631 48.1555480957 28.255645752
obstacle
0.0874852091074
97.70703125 184.52305603 62.5395812988 35.9031066895
obstacle
0.0863851979375
152.84185791 115.185241699 291.952941895 169.729309082
obstacle
0.0855461880565
440.288208008 106.752204895 53.5315551758 24.3692703247
obstacle
0.0849915146828
93.3877868652 171.73449707 218.401245117 36.0509033203
obstacle
0.0849536135793
238.75289917 154.27142334 100.803039551 49.9067382812
obstacle
0.0847087353468
276.077209473 153.909515381 75.0546875 53.7446289062
obstacle
0.0845371112227
456.188964844 109.577484131 36.7120361328 28.9884185791
obstacle
0.0845371112227
462.672943115 110.679382324 31.5095214844 24.7483520508
obstacle
0.0845066308975
210.174987793 164.851089478 157.428283691 46.1999816895
obstacle
0.0844976007938
99.6496353149 175.143920898 92.734336853 41.3919677734
obstacle
0.0844380035996
140.616531372 128.915359497 34.4856872559 17.4609069824
obstacle
0.0843737199903
289.528961182 162.791519165 80.8871459961 42.1105041504
obstacle
0.0836985483766
69.6751022339 162.513183594 252.12286377 72.5353393555
obstacle
0.0833615213633
105.390678406 167.30329895 235.107818604 33.284942627
obstacle
0.0833303630352
90.7337722778 182.950698853 157.740356445 47.0703430176
obstacle
0.0822274237871
300.454711914 160.000274658 60.3971557617 58.4130249023
obstacle
0.0818473771214
137.547439575 162.319656372 238.336349487 35.3494262695
obstacle
0.0817012563348
189.294677734 158.841537476 177.995788574 42.3440551758
obstacle
0.0813856050372
463.422790527 111.102340698 29.7424316406 20.2220306396
obstacle
0.0812463536859
160.96647644 110.21421814 90.7858581543 31.6750946045
obstacle
0.0810355916619
272.188537598 148.817657471 90.5150146484 67.0867919922
obstacle
0.080777823925
280.522644043 161.22052002 80.9893188477 60.2668457031
obstacle
0.0796722844243
71.4860916138 172.429244995 177.00592041 65.9970397949
obstacle
0.0791065320373
116.663238525 111.530906677 190.558776855 25.8931350708
obstacle
0.0790228322148
170.061538696 158.294372559 205.15574646 39.2798461914
obstacle
0.0789596438408
301.477813721 181.777572632 65.0465698242 43.238861084
obstacle
0.0782927051187
264.75189209 157.731704712 99.4584960938 56.9702758789
obstacle
0.0782348737121
176.239196777 107.858161926 150.622467041 29.3756027222
obstacle
0.0781046673656
283.609313965 161.168731689 88.0326538086 52.5664367676
obstacle
0.0778769850731
190.412612915 170.896224976 183.937423706 37.6453857422
obstacle
0.0773537382483
280.913696289 170.275802612 81.323425293 43.3338928223
obstacle
0.0770804286003
246.359710693 161.581756592 120.428100586 48.3326416016
obstacle
0.0769937559962
96.8171691895 159.563400269 103.05859375 62.7187805176
obstacle
0.0762097388506
466.337860107 109.713752747 28.330871582 26.2998733521
obstacle
0.0762097388506
460.478851318 108.439445496 32.9913330078 30.816947937
obstacle
0.0761167183518
205.775054932 123.408355713 78.0321350098 35.5068359375
obstacle
0.0758202001452
450.118286133 111.276649475 23.7388916016 18.463142395
obstacle
0.0756043419242
452.915496826 110.298820496 20.6413574219 20.2052383423
obstacle
0.0754868388176
205.183242798 137.260345459 53.4390716553 28.6053161621
obstacle
0.0753788873553
289.047943115 162.986373901 67.8340454102 53.5137634277
obstacle
0.075300693512
146.599395752 104.70124054 205.644439697 27.2112350464
obstacle
0.0750331878662
244.790084839 95.9236297607 122.303817749 41.9124908447
obstacle
0.0750082954764
72.4372253418 171.158294678 275.298309326 33.2017211914
obstacle
0.0740026533604
285.313751221 161.789627075 74.9982910156 48.0598144531
obstacle
0.0738648176193
102.495620728 114.716079712 38.3229217529 20.7905883789
obstacle
0.0738166794181
446.333190918 105.231903076 47.3939819336 26.8835449219
obstacle
0.0732509195805
80.0281906128 159.40222168 145.576049805 83.6927490234
obstacle
0.0732190236449
103.849647522 115.129226685 51.3876113892 21.9883880615
obstacle
0.0731943920255
253.880981445 185.536956787 138.992126465 49.5076904297
obstacle
0.0730678066611
80.5804138184 171.216064453 159.424041748 46.1493530273
obstacle
0.0730672106147
284.646514893 156.195541382 57.9849853516 57.6720275879
obstacle
0.0730263888836
102.349075317 164.014404297 57.1104125977 61.5072937012
obstacle
0.0728351473808
291.156768799 152.134643555 74.6892700195 65.1791687012
obstacle
0.0720589384437
88.928894043 164.789642334 148.533477783 48.6708068848
obstacle
0.0720528811216
103.76612854 117.705230713 39.9350280762 17.5008239746
obstacle
0.071649864316
101.118293762 116.270599365 41.705619812 19.2568359375
obstacle
0.0711073353887
290.746154785 93.2200241089 67.2371826172 32.7404022217
obstacle
0.071096457541
136.891708374 118.586265564 71.6860656738 25.1248092651
obstacle
0.0707222819328
92.4971160889 168.552276611 243.212600708 38.3228759766
obstacle
0.0706557109952
105.903106689 164.288345337 103.530670166 48.3912658691
obstacle
0.0703586339951
88.5010147095 168.804199219 131.115264893 54.513885498
obstacle
0.0703408941627
198.195419312 108.956207275 83.6920928955 32.1151580811
obstacle
0.0703091919422
259.596710205 166.035430908 100.295166016 50.1059265137
obstacle
0.0700438022614
202.953063965 113.864837646 86.6564331055 27.6700134277
obstacle
0.0698639973998
298.402923584 83.1291503906 52.7814331055 44.1239624023
obstacle
0.0695352032781
286.951812744 151.554901123 70.7100830078 70.6901855469
obstacle
0.0690132826567
189.033996582 104.161865234 135.032348633 33.3463439941
obstacle
0.0686853453517
305.676269531 175.491699219 57.2079467773 51.0815124512
obstacle
0.0685877352953
329.645904541 107.712089539 33.6776123047 21.7155838013
obstacle
0.0684966221452
128.854553223 108.056289673 171.378295898 29.0765228271
obstacle
0.0683854445815
93.9392929077 160.503585815 124.001289368 56.8291625977
obstacle
0.0681868419051
228.009216309 154.389984131 144.626953125 56.5758056641
obstacle
0.0681368112564
98.0605773926 177.574874878 61.1833190918 48.286315918
obstacle
0.0681310594082
205.744049072 110.073379517 89.7114562988 38.841217041
obstacle
0.0680408328772
452.371948242 98.3095321655 45.9735717773 22.6930236816
obstacle
0.0680332407355
294.944610596 158.132202148 75.9271240234 65.8504333496
obstacle
0.0679510012269
270.919433594 164.243728638 73.2701416016 44.5576477051
obstacle
0.0668348222971
150.333251953 147.65397644 270.123046875 87.2268371582
obstacle
0.0662376508117
123.475837708 115.992843628 50.2072982788 18.7190093994
obstacle
0.0661544501781
236.141799927 156.5730896 98.4886627197 44.1034240723
obstacle
0.0660779699683
194.602783203 91.8690185547 204.387817383 30.9330596924
obstacle
0.0660551637411
100.157669067 178.764343262 48.2295532227 46.6865234375
obstacle
0.0659458264709
94.070892334 169.583465576 107.650817871 54.9136962891
obstacle
0.0659012198448
197.688903809 110.088928223 83.8330078125 40.3014831543
obstacle
0.065744034946
306.032196045 164.345001221 51.6524047852 58.3393554688
obstacle
0.0655978620052
249.30708313 90.4683837891 178.399398804 201.497589111
obstacle
0.0655171796679
450.097991943 99.3747329712 49.0621948242 20.3108062744
obstacle
0.0654934793711
79.4427032471 161.264648438 183.106246948 54.8880615234
obstacle
0.0653153732419
250.075973511 142.681213379 150.197280884 168.044372559
obstacle
0.0650717541575
109.820770264 167.654525757 125.436126709 56.5561828613
obstacle
0.0648336261511
157.684082031 103.603492737 172.387145996 37.37915802
obstacle
0.0646816119552
203.021072388 103.081756592 84.2506256104 35.4198760986
obstacle
0.0643116012216
207.855621338 164.273208618 173.469482422 44.2328796387
obstacle
0.0641992092133
256.478515625 164.064956665 97.8940429688 40.9897155762
obstacle
0.064136967063
300.714294434 145.238265991 66.0649414062 80.6820678711
obstacle
0.0640881359577
146.134292603 109.358390808 172.730941772 34.978553772
obstacle
0.0635676085949
116.380783081 114.733413696 40.4914855957 19.2932281494
obstacle
0.063459187746
265.348205566 93.0630645752 84.8977050781 36.5511474609
obstacle
0.063222065568
104.633560181 169.883071899 69.2286682129 50.7471313477
obstacle
0.0631813704967
213.770233154 110.962249756 80.1649780273 31.9355773926
obstacle
0.0626953840256
94.0707397461 171.904449463 165.035675049 48.6968078613
obstacle
0.0621375329792
165.227752686 101.207458496 183.955383301 31.0887298584
obstacle
0.0611521154642
238.425491333 164.410980225 134.828842163 54.7386779785
obstacle
0.0611376203597
264.390625 89.4097518921 83.5573730469 42.2694473267
obstacle
0.0610221810639
89.7258605957 178.812896729 98.0337219238 42.2437438965
obstacle
0.0609685480595
259.564758301 155.049316406 101.832580566 56.5141601562
obstacle
0.0599162131548
281.854156494 96.3407440186 90.6840209961 39.4014587402
obstacle
0.059902459383
256.121276855 161.072174072 83.8126220703 49.2072143555
obstacle
0.0598518103361
98.9894256592 170.026184082 110.774658203 45.0446777344
obstacle
0.0593820698559
202.964828491 104.695114136 76.844833374 36.3276062012
obstacle
0.0593124330044
87.4644622803 170.011108398 205.158401489 45.1853942871
obstacle
0.0592440254986
197.550628662 94.2570800781 219.928833008 154.49395752
obstacle
0.0590485483408
269.201049805 157.849502563 73.5283813477 47.4974365234
obstacle
0.0589048229158
435.070831299 112.434646606 43.9105834961 25.5464630127
obstacle
0.0589048229158
443.656311035 110.549690247 32.6818847656 24.1809768677
obstacle
0.0588964819908
117.156509399 164.882415771 83.3011779785 61.4476318359
obstacle
0.0588166341186
422.886138916 98.4363479614 77.113861084 25.0475006104
obstacle
0.0588137544692
210.312316895 86.5554733276 182.437866211 36.6676483154
obstacle
0.0587695911527
115.411315918 168.742004395 102.074157715 51.47265625
obstacle
0.0585408359766
213.345184326 159.527603149 176.540771484 44.1634216309
obstacle
0.0583197139204
246.610610962 152.628860474 85.3176727295 48.7517089844
obstacle
0.0582327879965
82.3385314941 174.930541992 86.8017272949 59.0701599121
obstacle
0.0577852204442
209.607666016 97.1698379517 78.3988647461 39.5726242065
obstacle
0.0573626384139
465.151489258 111.281394958 23.7673339844 21.0081253052
obstacle
0.0572281517088
251.995361328 154.497009277 111.524902344 67.9026184082
obstacle
0.0563900358975
215.087585449 106.532936096 78.1475830078 42.2595748901
obstacle
0.0561905242503
214.633514404 108.705284119 90.3630371094 30.0463027954
obstacle
0.0559844374657
140.309997559 108.733108521 150.190826416 30.4487915039
obstacle
0.0558421723545
293.544830322 169.514190674 74.4039306641 49.7412414551
obstacle
0.0556297712028
96.8884735107 173.361587524 117.361938477 44.7999572754
obstacle
0.0554831661284
198.196411133 104.513458252 115.170471191 34.8730010986
obstacle
0.0553737916052
320.603363037 162.794754028 46.1879272461 66.1110229492
obstacle
0.05491585657
121.122177124 174.403045654 117.307006836 50.4187011719
obstacle
0.0546422712505
85.1392822266 116.153121948 230.448822021 157.326553345
obstacle
0.0544076487422
280.472015381 154.032653809 67.282409668 56.0906677246
obstacle
0.0543648414314
267.890258789 158.060668945 69.6324462891 44.8698425293
obstacle
0.0543124824762
467.905090332 110.891433716 24.9312133789 22.0886077881
obstacle
0.0539768412709
240.249145508 150.095077515 144.960327148 56.8269042969
obstacle
0.0538822896779
188.060546875 116.82661438 92.0321350098 34.3090515137
obstacle
0.0538585148752
425.588439941 110.414749146 60.6622924805 22.7272949219
obstacle
0.0538295656443
78.3570098877 186.279251099 195.311264038 34.1123657227
obstacle
0.0537776276469
275.798217773 82.9934539795 59.0330200195 43.7561187744
obstacle
0.0537105053663
209.994659424 110.021011353 76.5370483398 32.2883911133
obstacle
0.0536469779909
223.463973999 156.071762085 145.772232056 48.7347412109
obstacle
0.053504653275
94.3464813232 168.933883667 88.447265625 52.8877258301
obstacle
0.0533728785813
89.0807495117 175.840164185 214.506347656 38.0852661133
obstacle
0.0533061660826
96.8114776611 167.709747314 185.904037476 47.6601257324
obstacle
0.0531336776912
207.884689331 105.907745361 65.3244781494 38.2127532959
obstacle
0.0531317032874
104.58380127 176.030075073 96.8643798828 40.1477661133
obstacle
0.0528144948184
216.22668457 100.506828308 74.5331420898 39.8024978638
obstacle
0.0527948476374
268.699798584 161.23789978 87.0814819336 56.1280822754
obstacle
0.0527334921062
333.233123779 105.663520813 30.4764404297 23.6949081421
obstacle
0.0526463314891
293.102081299 95.120475769 57.5246582031 32.1633911133
obstacle
0.051832485944
267.749969482 159.775054932 83.2304077148 44.8618164062
obstacle
0.051547575742
304.322662354 164.440307617 56.8231811523 55.5488891602
obstacle
0.051331192255
178.314315796 102.440864563 157.859146118 31.2960739136
obstacle
0.0512610152364
295.146087646 158.619049072 63.0820922852 68.1612243652
obstacle
0.051203135401
102.166320801 167.203979492 111.24105835 46.4526367188
obstacle
0.0509104207158
102.448944092 162.601501465 79.4089660645 65.964263916
obstacle
0.0507674664259
86.9881439209 143.252166748 315.672973633 77.499786377
obstacle
0.050466671586
206.624084473 127.194900513 186.783752441 172.973800659
obstacle
0.0504660196602
210.744552612 119.301773071 64.4031219482 33.9577636719
obstacle
0.0502947755158
104.373603821 172.428268433 46.1236190796 58.0228271484
obstacle
0.0500920601189
304.981964111 161.258071899 58.9442138672 64.9676818848
