obstacle
0.840618431568
33.4518051147 107.234771729 131.569946289 37.5684051514
obstacle
0.763025939465
38.8044433594 112.876228333 134.862701416 31.9994125366
obstacle
0.470544457436
31.2998199463 112.465881348 131.761871338 33.0052490234
obstacle
0.405452519655
126.527603149 156.276092529 373.472412109 115.35345459
obstacle
0.393415302038
203.84375 144.448150635 243.672546387 135.551849365
obstacle
0.391628503799
160.354095459 156.660308838 339.645904541 123.339691162
obstacle
0.326786071062
52.1307983398 118.979064941 108.742752075 36.6299438477
obstacle
0.316127210855
332.269073486 227.900054932 57.9868164062 45.1514892578
obstacle
0.299863010645
64.8113708496 116.370384216 95.0564117432 32.361076355
obstacle
0.288668900728
319.573486328 216.793167114 75.4060058594 45.6496429443
obstacle
0.285113066435
100.560852051 163.137359619 399.439147949 116.862640381
obstacle
0.274636387825
345.82598877 223.721908569 38.9303588867 33.5143585205
obstacle
0.262835890055
302.285888672 156.39074707 105.310546875 123.598388672
obstacle
0.262041628361
300.281890869 219.867294312 140.098815918 57.8824920654
obstacle
0.261666238308
164.03338623 147.375946045 218.828796387 129.50189209
obstacle
0.261543601751
101.794891357 223.829650879 59.7793273926 50.0628662109
obstacle
0.254220664501
319.345336914 160.028717041 103.271179199 119.971282959
obstacle
0.253044635057
322.761810303 218.612121582 84.1630859375 49.6178588867
obstacle
0.252341300249
321.850952148 215.999450684 65.6064453125 51.2943725586
obstacle
0.252120196819
56.5971336365 249.437866211 58.5495948792 30.5621337891
obstacle
0.249639764428
340.445770264 226.517150879 55.8368530273 45.5340576172
obstacle
0.239975675941
210.791244507 152.47428894 289.208740234 127.52571106
obstacle
0.237661510706
35.263584137 112.665626526 96.8846282959 37.9430618286
obstacle
0.236112579703
351.98135376 221.802276611 40.7850952148 36.7534179688
obstacle
0.231854125857
150.568908691 133.783950806 318.010986328 141.319747925
obstacle
0.22701510787
42.0466423035 108.882911682 93.8303833008 37.6017837524
obstacle
0.222472012043
320.724395752 223.596115112 87.1734008789 50.4214935303
obstacle
0.21841879189
305.278411865 218.660552979 85.1248168945 45.4761047363
obstacle
0.217789888382
341.617614746 233.904418945 71.2716064453 39.8616638184
obstacle
0.210008472204
90.5057983398 149.218658447 409.49420166 114.29119873
obstacle
0.207334697247
118.306472778 230.021682739 43.8852233887 42.8654022217
obstacle
0.201350405812
300.164978027 239.806228638 126.417785645 33.9992523193
obstacle
0.199297279119
340.653930664 221.327606201 55.6245727539 44.0402832031
obstacle
0.194837033749
315.674468994 217.831069946 66.7258300781 50.7581939697
obstacle
0.190581634641
306.149017334 215.349502563 96.2563476562 54.61277771
obstacle
0.189149230719
323.341644287 227.377166748 85.8161010742 49.799621582
obstacle
0.187538743019
44.4863166809 110.810661316 105.470550537 43.8503494263
obstacle
0.187498539686
335.625762939 224.286010742 36.3760375977 30.6081848145
obstacle
0.185102209449
312.104187012 192.481948853 65.0492553711 55.8499755859
obstacle
0.184074744582
368.622802734 179.917907715 50.7287597656 39.3434143066
obstacle
0.180213555694
115.377319336 235.930160522 51.0103759766 41.0652923584
obstacle
0.179859593511
303.850036621 221.217483521 100.050598145 53.7354278564
obstacle
0.178871244192
333.136932373 223.472457886 55.7359619141 43.8199005127
obstacle
0.170806840062
326.051055908 222.844665527 88.4762573242 57.1553344727
obstacle
0.168567791581
331.957427979 215.270141602 77.7212524414 60.6217651367
obstacle
0.167849719524
317.343505859 217.439483643 85.5260009766 61.7937011719
obstacle
0.163831040263
345.52645874 224.090988159 57.2249145508 53.4144744873
obstacle
0.158123373985
335.750457764 221.362670898 69.1076660156 50.4048156738
obstacle
0.156999781728
318.169616699 199.76751709 59.2221069336 58.6427001953
obstacle
0.153463050723
108.343589783 224.814727783 54.3740158081 55.1852722168
obstacle
0.152762591839
333.286956787 235.340179443 69.2031860352 34.2864685059
obstacle
0.149647414684
323.659179688 193.929702759 57.4293823242 57.3083496094
obstacle
0.148969814181
307.199859619 236.384292603 108.524536133 35.2165985107
obstacle
0.148665353656
307.497039795 196.902069092 82.2815551758 60.1651306152
obstacle
0.144626021385
298.768432617 227.335327148 115.864990234 48.9851074219
obstacle
0.144454330206
352.046325684 185.253387451 65.9869384766 37.297454834
obstacle
0.143941655755
109.777938843 168.311676025 329.640197754 100.752624512
obstacle
0.14163531363
16.0751419067 89.3487167358 161.15625 88.3294448853
obstacle
0.14011476934
336.914886475 213.725158691 60.7652587891 62.1268920898
obstacle
0.139009878039
328.214538574 222.46043396 76.1480712891 50.2393035889
obstacle
0.138420045376
293.799682617 165.440856934 109.318847656 114.559143066
obstacle
0.137838944793
347.949859619 218.043807983 52.1831054688 53.5048675537
obstacle
0.13734510541
333.449890137 220.220199585 67.18359375 59.779800415
obstacle
0.135720893741
286.326599121 212.733322144 132.067077637 61.5529937744
obstacle
0.132697612047
328.150390625 168.003341675 106.970397949 111.996658325
obstacle
0.130488961935
112.509880066 238.783737183 51.2112808228 38.8541412354
obstacle
0.129508137703
304.65637207 220.87713623 91.7447509766 50.1767883301
obstacle
0.129368886352
335.458435059 226.476013184 36.8597412109 31.0567016602
obstacle
0.129339635372
315.702545166 221.510925293 76.5458984375 39.6058044434
obstacle
0.128819212317
309.230865479 195.979217529 69.0102539062 50.6058044434
obstacle
0.128359019756
139.635025024 172.0362854 325.75567627 94.499206543
obstacle
0.128263920546
294.468505859 231.903045654 134.16027832 46.5348510742
obstacle
0.128197014332
284.574310303 224.731781006 141.94708252 54.8899841309
obstacle
0.128052204847
320.263793945 220.755325317 65.1056518555 46.5365753174
obstacle
0.127998948097
318.93371582 223.936279297 82.2369384766 46.8790283203
obstacle
0.127673581243
37.5328216553 116.034286499 97.1922607422 38.5954589844
obstacle
0.12715524435
253.315856934 162.907806396 246.684143066 117.092193604
obstacle
0.125778704882
322.364074707 212.17024231 75.6226196289 59.9103240967
obstacle
0.125600874424
275.222167969 148.409484863 224.777832031 131.075500488
obstacle
0.12518145144
65.1914978027 260.031768799 81.8179931641 19.9682312012
obstacle
0.124369628727
306.884033203 170.420471191 111.728515625 109.579528809
obstacle
0.124179072678
111.714797974 182.339477539 343.228027344 92.3594970703
obstacle
0.124128773808
318.384216309 221.613769531 79.2548828125 45.6204833984
obstacle
0.121779426932
303.227905273 223.663955688 88.5994262695 38.2376556396
obstacle
0.120448820293
146.320602417 170.094421387 347.78729248 109.905578613
obstacle
0.119398869574
200.209411621 169.916748047 286.519470215 94.9627990723
obstacle
0.119340889156
313.967224121 223.18409729 68.0193481445 42.6946868896
obstacle
0.118478834629
340.091064453 227.115539551 50.5346069336 44.5317077637
obstacle
0.118306167424
332.513336182 228.67779541 52.9252319336 41.9235534668
obstacle
0.117915324867
70.4244537354 153.673583984 418.734130859 120.63168335
obstacle
0.116876110435
321.441070557 221.541534424 66.694152832 51.152923584
obstacle
0.115598641336
324.707000732 219.95892334 81.0525512695 59.6969299316
obstacle
0.115557976067
63.1263618469 258.598876953 75.7574005127 21.4011230469
obstacle
0.114420354366
303.561279297 222.845108032 90.3171386719 44.586227417
obstacle
0.113877817988
347.26864624 222.210617065 38.5802612305 48.8555145264
obstacle
0.112048640847
323.453613281 227.385742188 77.6553955078 47.8226013184
obstacle
0.111993610859
297.274047852 240.49647522 115.823364258 31.7755279541
obstacle
0.111554548144
315.890228271 204.140518188 63.073425293 51.9461364746
obstacle
0.109860382974
338.99911499 225.699935913 41.9949951172 45.9319000244
obstacle
0.109857112169
320.790344238 203.023330688 64.7700195312 54.8494415283
obstacle
0.109427012503
301.28994751 222.359039307 103.622802734 57.6409606934
obstacle
0.109118960798
330.549285889 220.57585144 65.7849731445 51.4657745361
obstacle
0.107616536319
281.992828369 223.80480957 148.452087402 48.4335632324
obstacle
0.106086812913
246.279937744 186.591247559 64.9296875 30.6879272461
obstacle
0.106071487069
299.418151855 200.625534058 93.1920776367 55.1012878418
obstacle
0.105928622186
91.6885223389 141.349716187 404.464233398 134.766616821
obstacle
0.105545990169
258.93927002 129.820770264 208.467224121 150.179229736
obstacle
0.10548517108
115.563499451 230.057312012 64.2845840454 45.4190673828
obstacle
0.105139873922
99.4558563232 228.175872803 60.8247680664 43.9773864746
obstacle
0.10297062993
238.665847778 202.153198242 79.7278289795 51.4229431152
obstacle
0.102281264961
168.469314575 136.291519165 331.530700684 131.485397339
obstacle
0.102246008813
292.460113525 225.982620239 150.126464844 54.0173797607
obstacle
0.101820513606
358.205383301 224.58102417 40.0767211914 42.1350402832
obstacle
0.101764008403
315.843566895 218.137634277 78.8464355469 57.492767334
obstacle
0.101682327688
288.607452393 232.123825073 125.671203613 44.3090362549
obstacle
0.101570896804
353.163848877 229.620941162 43.3165283203 38.441192627
obstacle
0.100804530084
248.808929443 206.022216797 76.7994384766 47.0148925781
obstacle
0.0997021049261
256.137573242 180.071289062 56.8483886719 35.371673584
obstacle
0.0991804376245
348.188964844 230.28843689 57.3302001953 39.822555542
obstacle
0.0982011556625
217.163543701 165.469055176 280.166320801 114.530944824
obstacle
0.0981012508273
309.421539307 225.846862793 78.6543579102 47.2163085938
obstacle
0.0976349338889
134.860870361 137.155502319 365.139129639 121.486679077
obstacle
0.096977815032
245.85647583 198.372238159 74.1510009766 55.5091247559
obstacle
0.0966143161058
363.249267578 182.515960693 55.6860961914 34.8256225586
obstacle
0.0963988825679
313.255187988 220.342941284 72.5879516602 55.7016143799
obstacle
0.0963595658541
253.388885498 177.740463257 45.9027709961 25.6167602539
obstacle
0.0958810672164
41.1322898865 111.628219604 85.9682769775 32.4669189453
obstacle
0.0957567021251
312.034606934 156.593231201 80.5028686523 123.406768799
obstacle
0.094708070159
338.870239258 226.390579224 29.1086425781 30.9942169189
obstacle
0.0942628160119
327.289123535 219.040313721 52.5679931641 52.9662475586
obstacle
0.0939810648561
269.14163208 236.212097168 158.104370117 43.787902832
obstacle
0.0936280116439
266.212188721 174.887039185 45.6793823242 27.276763916
obstacle
0.0936280116439
260.283325195 176.415557861 44.5899658203 26.354309082
obstacle
0.0933048650622
261.224151611 227.482269287 150.199645996 42.0599060059
obstacle
0.093107521534
315.322021484 174.54145813 107.159240723 105.45854187
obstacle
0.0929218828678
316.327056885 197.991043091 66.1300048828 49.7964782715
obstacle
0.0928783938289
226.760986328 131.488128662 273.239013672 139.053924561
obstacle
0.0924493223429
113.556121826 226.278015137 42.0192871094 41.3886108398
obstacle
0.0922529473901
323.875244141 219.20892334 65.5037841797 45.0522460938
obstacle
0.0919683128595
104.239006042 238.293518066 61.3355789185 41.7064819336
obstacle
0.0918730795383
243.329498291 201.679107666 81.830078125 54.5279541016
obstacle
0.0915797874331
104.4426651 226.903961182 57.6628494263 50.6585388184
obstacle
0.0911923199892
255.70123291 203.369140625 71.619140625 49.1394042969
obstacle
0.0906701758504
252.636077881 206.316818237 78.9974975586 48.1729736328
obstacle
0.0901245772839
114.847686768 180.25328064 353.192993164 86.6857452393
obstacle
0.0900636762381
246.492355347 210.314819336 68.0151519775 39.8904418945
obstacle
0.0898253917694
247.74508667 194.533111572 79.3479614258 46.6454162598
obstacle
0.0892723277211
261.482940674 171.094207764 62.4684448242 30.4567871094
obstacle
0.0890387296677
98.1645202637 249.380279541 59.5207672119 30.619720459
obstacle
0.088357232511
258.14956665 185.186294556 62.4467773438 31.2926635742
obstacle
0.0883044302464
341.408325195 234.107818604 64.4414672852 37.5693969727
obstacle
0.0882811620831
299.877471924 194.066894531 65.2887573242 39.4309387207
obstacle
0.0882026702166
33.3822669983 115.306892395 86.9577026367 34.0350418091
obstacle
0.0872934237123
250.547851562 143.171676636 249.452148438 111.840942383
obstacle
0.0869737565517
345.974853516 186.804443359 72.6734619141 34.2674255371
obstacle
0.0851955190301
357.254058838 182.082672119 66.276550293 45.1566162109
obstacle
0.0849255993962
249.466888428 208.100860596 70.3925170898 46.2481384277
obstacle
0.0845092535019
160.937835693 173.879104614 317.180725098 91.3997039795
obstacle
0.0841645821929
314.074462891 222.274856567 70.467590332 48.5792694092
obstacle
0.0840222015977
115.515609741 233.536621094 45.9550170898 37.1279907227
obstacle
0.0837661325932
246.031448364 178.567062378 44.3767242432 26.3330688477
obstacle
0.0833448022604
318.987060547 183.171386719 60.5933227539 30.7763366699
obstacle
0.0832687616348
312.440124512 195.509658813 56.5059814453 56.5419311523
obstacle
0.0830992758274
354.196289062 220.706512451 37.247253418 57.1433410645
obstacle
0.0823199227452
345.548095703 221.714385986 43.1934204102 47.4070739746
obstacle
0.0822929292917
344.962005615 226.076171875 38.451965332 28.9390869141
obstacle
0.0822874456644
210.059967041 198.909683228 164.140136719 41.5643615723
obstacle
0.0818884819746
326.932739258 226.293075562 75.0272216797 43.5236358643
obstacle
0.080502294004
329.097229004 161.969726562 79.1288452148 118.030273438
obstacle
0.0803264901042
253.611999512 206.729156494 61.118347168 44.7657165527
obstacle
0.0801060944796
320.661102295 229.68850708 42.5877075195 31.6038208008
obstacle
0.0800747200847
339.516662598 218.293273926 62.6331176758 61.7067260742
obstacle
0.080068692565
343.627197266 215.141082764 44.1361083984 64.8589172363
obstacle
0.0798074826598
323.300323486 187.715942383 77.8676757812 39.2492675781
obstacle
0.0795546546578
247.821121216 178.2006073 52.9225006104 23.8110046387
obstacle
0.0794783011079
254.575561523 176.897476196 51.6923217773 24.5201721191
obstacle
0.0794783011079
260.361785889 175.386489868 52.9592895508 25.3759155273
obstacle
0.0794378519058
42.7882537842 106.135391235 80.7372436523 35.9163665771
obstacle
0.0794231072068
324.911132812 229.423095703 41.0541992188 28.8004455566
obstacle
0.0784398764372
116.446670532 238.833786011 42.0820617676 41.1066131592
obstacle
0.0783467665315
305.382019043 223.451309204 118.210876465 56.5486907959
obstacle
0.0781812593341
317.776855469 232.77494812 45.4238891602 27.37059021
obstacle
0.0775350704789
253.21105957 171.568054199 72.5404052734 28.3782348633
obstacle
0.0774638205767
273.720489502 172.967636108 46.3970336914 28.1784057617
obstacle
0.0772993564606
335.283355713 225.529296875 60.7522583008 49.8706359863
obstacle
0.0771435052156
305.962341309 191.007843018 67.6540527344 52.1092224121
obstacle
0.0771347284317
114.442710876 239.810806274 53.5859909058 38.5378265381
obstacle
0.0769849792123
99.4923400879 164.622497559 331.074707031 95.3645629883
obstacle
0.0769694820046
269.217651367 209.885665894 145.228149414 51.2397918701
obstacle
0.0767950341105
309.34777832 226.818328857 70.1080322266 43.8200073242
obstacle
0.0767550766468
236.464813232 197.539123535 86.9484863281 50.4241333008
obstacle
0.0766384601593
312.403259277 207.136688232 76.1478881836 47.2684020996
obstacle
0.0765817835927
237.894348145 197.732254028 92.2553100586 41.1855773926
obstacle
0.0763358175755
262.690795898 236.875198364 156.987976074 40.6355133057
obstacle
0.0762905925512
309.229705811 223.740631104 89.0746459961 56.2593688965
obstacle
0.0759640187025
327.412597656 226.47064209 38.176940918 32.1593017578
obstacle
0.0759525746107
237.60307312 183.641937256 57.2047576904 31.7304992676
obstacle
0.0758487209678
53.5258712769 253.137542725 63.0731658936 26.8624572754
obstacle
0.0755192637444
260.08493042 226.526763916 167.856323242 45.3563232422
obstacle
0.0749555751681
370.821136475 181.769378662 57.6756591797 45.7718811035
obstacle
0.0747961774468
293.517822266 196.476119995 73.3333129883 35.0017700195
obstacle
0.0744986087084
349.007965088 185.040893555 73.3612060547 41.072265625
obstacle
0.0741648301482
98.6436462402 140.735015869 401.35635376 110.80557251
obstacle
0.0741476342082
243.148468018 230.822357178 173.251953125 36.2722167969
obstacle
0.0740283429623
109.404312134 233.026626587 67.4987792969 42.0591278076
obstacle
0.0739250555634
329.117218018 214.296539307 55.1866455078 62.8035888672
obstacle
0.0738198012114
318.767852783 220.91734314 54.0968017578 51.322769165
obstacle
0.0737469941378
268.55859375 179.202575684 57.8611450195 33.8995056152
obstacle
0.0734584480524
266.54473877 219.250091553 149.577941895 51.3958129883
obstacle
0.0734393447638
110.495491028 140.374511719 247.461975098 126.761383057
obstacle
0.0732769593596
319.867797852 220.86529541 67.7888793945 42.2356567383
obstacle
0.0732572898269
337.075653076 225.454086304 32.0792236328 30.6910705566
obstacle
0.072744011879
104.18951416 174.602539062 358.800537109 80.7723083496
obstacle
0.0726005956531
192.073150635 201.57975769 188.614685059 36.2512817383
obstacle
0.0723296701908
308.260742188 219.918746948 81.492980957 53.2786407471
obstacle
0.0721282884479
64.034362793 118.118034363 87.5821533203 27.5902328491
obstacle
0.072057209909
291.112335205 208.884246826 95.7200927734 62.28515625
obstacle
0.0697608664632
210.118148804 120.577606201 231.331802368 142.548706055
obstacle
0.0697163790464
35.2192955017 119.038993835 88.4845123291 33.6910324097
obstacle
0.0696327462792
284.618164062 109.327720642 215.381835938 151.287872314
obstacle
0.0694507583976
267.207061768 173.264328003 54.3261108398 26.3009033203
obstacle
0.0684161111712
236.663131714 180.580169678 46.5820465088 25.8459472656
obstacle
0.0681263804436
183.491775513 174.499603271 294.015563965 105.500396729
obstacle
0.0680955052376
308.211090088 193.579208374 73.6244506836 47.1006469727
obstacle
0.068080894649
307.831634521 150.209991455 87.6948852539 129.790008545
obstacle
0.0680085867643
238.276443481 215.516998291 67.9091644287 40.4809570312
obstacle
0.0680029764771
224.967422485 200.498306274 101.910476685 44.5920715332
obstacle
0.0672952905297
225.595062256 184.483276367 60.0758056641 30.8045043945
obstacle
0.0672311559319
273.121246338 182.760482788 64.0928955078 31.5100708008
obstacle
0.0669381171465
319.265960693 203.039764404 52.8428955078 58.1739196777
obstacle
0.0668492168188
67.827255249 256.154693604 97.1675415039 23.8453063965
obstacle
0.0666490197182
333.669311523 237.439453125 58.5134277344 30.5464782715
obstacle
0.0656495466828
37.9534339905 109.892166138 80.2347717285 37.465637207
obstacle
0.0656311661005
140.402740479 162.455184937 80.9307861328 25.5749511719
obstacle
0.0654639303684
349.146392822 224.764846802 40.6680297852 31.8274230957
obstacle
0.0646752119064
318.659301758 236.076187134 42.0523681641 31.9910125732
obstacle
0.0646393373609
287.735717773 228.689956665 123.728393555 51.310043335
obstacle
0.0642169564962
285.395904541 213.053405762 107.505065918 52.5166015625
obstacle
0.0634840205312
42.6504020691 114.050323486 94.1211242676 38.3550720215
obstacle
0.0634802728891
313.445709229 189.580291748 87.3017578125 36.6461181641
obstacle
0.0629312321544
124.285461426 177.667785645 277.136291504 98.7597961426
obstacle
0.0628920271993
278.568969727 171.30418396 49.001159668 28.5765380859
obstacle
0.0628735348582
296.689117432 193.761642456 80.8609619141 45.042755127
obstacle
0.0624371767044
419.985778809 143.109588623 80.0142211914 97.5465393066
obstacle
0.0623981617391
334.256195068 218.615814209 70.0725097656 58.6006164551
obstacle
0.0623856671154
238.926071167 179.049301147 53.4246368408 24.4760437012
obstacle
0.062381722033
247.406158447 166.38067627 241.216674805 90.9616699219
obstacle
0.0621507875621
315.872283936 238.012237549 45.8331298828 27.8128967285
obstacle
0.0617051720619
198.731323242 124.51966095 301.268676758 144.641723633
obstacle
0.0615971311927
212.90071106 182.96144104 63.5103302002 33.4066467285
obstacle
0.061467602849
246.772384644 181.526748657 69.4763946533 31.7652893066
obstacle
0.0613837428391
245.61618042 214.867233276 172.760009766 43.8868255615
obstacle
0.0613056533039
248.765045166 202.266372681 60.7552490234 54.4525756836
obstacle
0.0605360530317
330.297180176 226.028167725 68.6641845703 47.7909851074
obstacle
0.0605228617787
237.867248535 188.270690918 76.2623291016 27.0452880859
obstacle
0.0604154840112
77.2500762939 258.162200928 65.8183746338 21.8377990723
obstacle
0.0601812265813
361.56640625 183.936035156 66.8685302734 41.9904785156
obstacle
0.0601210556924
299.55480957 181.472702026 140.310852051 98.5272979736
obstacle
0.0600979365408
305.241455078 222.404067993 77.3295898438 42.0384674072
obstacle
0.0598711147904
304.888366699 200.277618408 88.5286254883 60.5625305176
obstacle
0.0597764067352
271.117645264 171.49697876 58.3626708984 26.4760742188
obstacle
0.05971602723
429.622192383 167.933425903 70.3778076172 40.5186767578
obstacle
0.0593821816146
351.712768555 218.969848633 44.020690918 55.9155273438
obstacle
0.0593649074435
49.1490097046 120.980255127 99.9172439575 32.7095336914
obstacle
0.0590798035264
105.063865662 226.24105835 44.5314254761 53.0705871582
obstacle
0.0589271113276
318.560119629 173.382843018 53.4563598633 29.7084960938
obstacle
0.0589040517807
260.048736572 206.405426025 58.0200195312 48.8163146973
obstacle
0.0588373020291
245.257019043 212.380310059 60.8678588867 44.2035217285
obstacle
0.0584993250668
309.328460693 240.718093872 101.640808105 34.0837249756
obstacle
0.0584221482277
261.674102783 125.954650879 238.325897217 122.00982666
obstacle
0.0577672198415
307.282653809 199.790588379 75.0374145508 60.2648925781
obstacle
0.0577225349844
166.73399353 118.893577576 209.188491821 146.702423096
obstacle
0.0576996840537
340.334777832 214.516494751 51.503112793 63.7524261475
obstacle
0.0574096180499
351.848815918 224.472396851 27.0495605469 35.7881622314
obstacle
0.0573609881103
24.8187026978 113.484642029 142.295837402 29.5979385376
obstacle
0.0573050677776
301.234283447 197.903808594 62.1779785156 45.0564880371
obstacle
0.0571343973279
164.641860962 145.764770508 308.355773926 129.836151123
obstacle
0.0563028268516
296.67010498 197.140060425 87.2501831055 41.6172485352
obstacle
0.0561579726636
52.7342948914 259.286773682 86.5905609131 20.7132263184
obstacle
0.0558639094234
425.019287109 134.76348877 74.9807128906 103.53729248
obstacle
0.0558618530631
294.971221924 206.588439941 87.3695678711 55.3238525391
obstacle
0.055570859462
96.6341705322 149.57043457 352.119506836 130.42956543
obstacle
0.0553723759949
45.4573822021 109.242996216 66.5754547119 37.3243560791
obstacle
0.0549432560802
301.365753174 200.255523682 77.3389892578 65.5960998535
obstacle
0.0548222176731
316.696594238 220.401382446 59.4732055664 48.5160369873
obstacle
0.0547179207206
241.568252563 214.258911133 71.4927825928 42.8645324707
obstacle
0.0545857362449
325.176635742 227.574859619 42.7117919922 32.475982666
obstacle
0.0543767251074
338.302520752 233.396759033 56.8239135742 33.313293457
obstacle
0.0543563105166
63.4990844727 135.015075684 399.286132812 135.224975586
obstacle
0.0541914962232
355.871185303 233.69241333 50.3858032227 39.9102478027
obstacle
0.0537573024631
285.528411865 132.695465088 214.471588135 146.445068359
obstacle
0.0537321940064
80.8222961426 162.502655029 381.582519531 117.497344971
obstacle
0.0536563098431
227.154632568 211.498687744 89.8363647461 43.2609863281
obstacle
0.0534978657961
110.117073059 228.722198486 46.4670333862 35.4339599609
obstacle
0.0533955171704
324.875640869 214.537780762 65.5988769531 61.3183288574
obstacle
0.0533077158034
56.7450370789 262.123199463 94.2883148193 17.8768005371
obstacle
0.0532492399216
141.419006348 159.655227661 75.6580505371 29.5146484375
obstacle
0.0530831776559
347.860656738 232.339645386 46.84765625 33.9300079346
obstacle
0.0530669800937
332.475463867 227.02116394 76.3502197266 49.2858123779
obstacle
0.052843041718
277.076171875 180.301010132 68.8190307617 32.4402160645
