obstacle
0.972727119923
215.33404541 146.007171631 88.091003418 55.2835388184
obstacle
0.928202033043
218.140930176 146.956939697 94.757019043 44.960723877
obstacle
0.922682821751
222.347991943 152.122192383 83.5914306641 36.0651245117
obstacle
0.918328166008
211.87612915 151.667816162 95.4019775391 40.0234680176
obstacle
0.904246628284
194.437316895 150.188812256 178.794189453 42.0723571777
obstacle
0.892866849899
205.098907471 148.375320435 98.5588989258 49.5751342773
obstacle
0.866606771946
205.470458984 143.968383789 125.7578125 45.5513916016
obstacle
0.848010778427
187.543151855 140.178649902 175.668212891 61.7931518555
obstacle
0.841007947922
205.113616943 146.774337769 132.034301758 50.5211181641
obstacle
0.827305436134
200.38104248 150.596176147 154.717163086 49.3211975098
obstacle
0.74000877142
219.201293945 137.214813232 73.7626037598 54.7953186035
obstacle
0.733668982983
206.961090088 151.93711853 151.007202148 39.464630127
obstacle
0.712540268898
215.07371521 144.593215942 99.835067749 54.453338623
obstacle
0.704790234566
183.877105713 149.632461548 193.125610352 59.0120849609
obstacle
0.695075392723
205.241027832 147.451828003 151.828369141 35.9110412598
obstacle
0.685570001602
207.706466675 151.651672363 132.430435181 39.276550293
obstacle
0.662114024162
209.244415283 146.228393555 133.914306641 46.0639648438
obstacle
0.640231847763
204.31262207 151.927627563 165.86114502 44.3899841309
obstacle
0.628080010414
219.146270752 152.600204468 145.4375 79.810760498
obstacle
0.600014030933
284.699890137 162.597793579 55.9061279297 41.640625
obstacle
0.561091065407
297.039855957 159.888641357 41.5122680664 41.1618652344
obstacle
0.544103384018
272.014770508 160.103729248 74.5089111328 45.2676696777
obstacle
0.543802022934
298.834442139 160.513519287 30.0122680664 27.1461791992
obstacle
0.543799102306
267.668914795 150.091918945 82.3615722656 68.6359558105
obstacle
0.540960788727
285.093994141 165.078582764 51.2581787109 31.034942627
obstacle
0.534160494804
206.434234619 149.624572754 96.6350708008 38.0414428711
obstacle
0.524670660496
271.146759033 177.200363159 63.7521972656 58.1472473145
obstacle
0.518220424652
209.763366699 148.815887451 95.4465942383 36.2053833008
obstacle
0.496970593929
274.31036377 151.51411438 66.78125 68.1021118164
obstacle
0.473267257214
270.131988525 162.007873535 80.0160522461 55.7848205566
obstacle
0.454060703516
274.95300293 159.49041748 68.5001831055 63.6887207031
obstacle
0.450823992491
272.876495361 177.84614563 70.8544921875 55.0998535156
obstacle
0.444465488195
271.342285156 163.608001709 67.2322387695 58.2983398438
obstacle
0.414283454418
209.272094727 147.345214844 112.243713379 41.4906616211
obstacle
0.40776720643
278.266601562 157.398101807 71.7586669922 41.9242858887
obstacle
0.397746652365
277.663421631 159.761322021 57.9636230469 54.4507751465
obstacle
0.397522866726
276.56552124 186.455932617 61.91015625 37.8787841797
obstacle
0.396938562393
276.590911865 162.787124634 64.1915893555 53.7590026855
obstacle
0.396718472242
279.735717773 161.04864502 63.9411621094 53.0528564453
obstacle
0.394629895687
276.423522949 150.523086548 74.991394043 75.509765625
obstacle
0.394115120173
204.408416748 141.025878906 194.522399902 62.8481750488
obstacle
0.392857640982
293.627471924 167.774200439 45.1246337891 29.509185791
obstacle
0.388815879822
288.969787598 166.971038818 41.143371582 41.6281738281
obstacle
0.387875080109
264.545776367 181.364334106 76.560546875 50.9145507812
obstacle
0.382874071598
274.656280518 195.570953369 55.4379882812 28.7241821289
obstacle
0.379971891642
277.29208374 165.244110107 74.6762695312 55.9632873535
obstacle
0.377523303032
207.737594604 145.775558472 106.585769653 49.8956604004
obstacle
0.376369804144
276.896453857 155.804855347 80.9349365234 64.5576171875
obstacle
0.373530745506
206.771209717 155.607452393 87.6982421875 37.2898864746
obstacle
0.371838986874
271.624023438 186.566238403 63.919128418 40.3902893066
obstacle
0.36420917511
280.50213623 192.841064453 59.7963867188 35.2682189941
obstacle
0.347534269094
280.083740234 152.566360474 61.3411865234 71.7870178223
obstacle
0.346144229174
274.165252686 166.491073608 61.3853149414 67.621673584
obstacle
0.330093532801
269.96081543 169.568511963 63.0503540039 66.5274353027
obstacle
0.322171777487
270.507263184 193.285614014 54.6181030273 32.8144226074
obstacle
0.313161283731
279.376159668 166.658889771 74.7789916992 49.4796142578
obstacle
0.313133835793
283.435546875 169.258834839 67.2072753906 38.9652709961
obstacle
0.310432434082
279.659881592 162.939727783 45.0518188477 58.2188415527
obstacle
0.301923334599
284.906799316 163.213607788 46.7819824219 44.0814208984
obstacle
0.298056066036
287.268280029 153.227752686 58.7818603516 34.5410766602
obstacle
0.29113343358
282.050506592 159.113861084 57.69921875 57.8552856445
obstacle
0.28983259201
285.380249023 164.206726074 45.3970947266 49.0619812012
obstacle
0.285627782345
265.693084717 158.020889282 73.2971191406 50.8420715332
obstacle
0.284873247147
297.585388184 155.311050415 58.4416503906 32.9546813965
obstacle
0.281332850456
217.22492981 158.97328186 154.785873413 41.0595703125
obstacle
0.279893100262
243.385498047 155.594390869 126.575927734 68.2388916016
obstacle
0.276932150126
313.527832031 159.612304688 26.5948486328 32.8638305664
obstacle
0.276932150126
317.576629639 160.757263184 25.8133544922 30.9336853027
obstacle
0.269237518311
295.573791504 161.237838745 64.328125 35.8217468262
obstacle
0.268586575985
263.320617676 178.069351196 84.667175293 46.790802002
obstacle
0.263494640589
290.022460938 166.635482788 53.7482299805 38.554901123
obstacle
0.263422906399
310.134643555 164.54725647 37.4009399414 31.5667724609
obstacle
0.262438237667
283.118011475 167.727630615 64.3576049805 32.0865783691
obstacle
0.257317274809
206.183624268 142.491699219 156.692993164 77.7016296387
obstacle
0.257123887539
220.490890503 149.66317749 85.0467681885 36.0903015137
obstacle
0.255089938641
271.16973877 184.430297852 44.6846923828 41.266998291
obstacle
0.250912755728
269.88293457 151.427810669 69.6313476562 80.7658996582
obstacle
0.243702188134
275.02835083 152.539703369 57.8456420898 73.4033203125
obstacle
0.24180996418
304.097015381 169.04927063 29.8580322266 31.4557189941
obstacle
0.241396203637
271.421691895 172.519439697 56.9707641602 54.9682006836
obstacle
0.235073402524
276.345611572 174.915084839 32.2129516602 45.9039916992
obstacle
0.234478414059
278.663208008 167.922653198 34.8473510742 48.0968017578
obstacle
0.233651936054
215.770507812 162.834915161 152.225524902 41.1246337891
obstacle
0.231385648251
254.265792847 148.115386963 102.77406311 65.327331543
obstacle
0.231245592237
278.837371826 196.858596802 57.3593139648 26.2378845215
obstacle
0.226497679949
281.156646729 179.317825317 65.8473510742 43.8367614746
obstacle
0.226342618465
273.217681885 166.260498047 81.0623779297 73.4398803711
obstacle
0.22551637888
267.270721436 170.991455078 71.247253418 53.2914123535
obstacle
0.2215898633
281.206726074 176.06942749 27.3375244141 32.7463989258
obstacle
0.220509201288
272.243225098 167.060836792 44.0770874023 51.8423461914
obstacle
0.215629786253
273.143951416 187.548995972 49.1793823242 34.0916748047
obstacle
0.213026493788
285.485595703 171.14440918 58.6741333008 46.1036987305
obstacle
0.211353197694
275.938842773 182.53175354 44.1968994141 41.6133422852
obstacle
0.210598066449
269.426849365 153.541641235 92.263671875 67.7840270996
obstacle
0.210290059447
308.081054688 177.83644104 24.9721679688 24.5958251953
obstacle
0.208726122975
269.322845459 171.533599854 71.3869628906 67.076751709
obstacle
0.20766197145
316.231536865 166.352493286 35.7979125977 25.652923584
obstacle
0.205823466182
277.01776123 176.194610596 41.7247314453 42.8623657227
obstacle
0.20500959456
272.740997314 166.409851074 86.9393310547 67.7738647461
obstacle
0.204981848598
281.419006348 172.638687134 34.186706543 38.3124694824
obstacle
0.204795405269
250.521362305 155.980316162 93.9419555664 57.385925293
obstacle
0.199565902352
217.01991272 151.104156494 109.399765015 52.8977966309
obstacle
0.197930634022
282.298828125 166.346221924 57.2115478516 58.5610961914
obstacle
0.197790697217
267.828125 169.203704834 76.3170166016 56.6630554199
obstacle
0.194476932287
263.186798096 169.501434326 90.0992431641 50.6198425293
obstacle
0.188746005297
206.57208252 147.717453003 124.271484375 38.6166992188
obstacle
0.188484624028
276.710388184 183.371414185 20.862487793 31.662109375
obstacle
0.186859309673
277.583557129 174.329818726 77.4584350586 56.2579650879
obstacle
0.186263918877
196.016723633 134.830825806 160.522399902 77.4805603027
obstacle
0.185065716505
278.300079346 166.952819824 64.0810546875 67.1304016113
obstacle
0.183239236474
315.915710449 158.09262085 20.1408081055 28.2644042969
obstacle
0.183239236474
318.476806641 158.124588013 20.3046264648 26.9731140137
obstacle
0.181727916002
271.247650146 174.64982605 46.3399047852 50.0357055664
obstacle
0.174703657627
299.539642334 177.83253479 26.6940917969 28.0661010742
obstacle
0.174071699381
286.100494385 183.929214478 28.7599487305 23.8569335938
obstacle
0.173873692751
275.985046387 190.559860229 32.5893554688 29.5678710938
obstacle
0.172989010811
297.028808594 179.640136719 43.6080932617 38.7575378418
obstacle
0.172752708197
284.186523438 184.650878906 23.8301391602 19.8551025391
obstacle
0.1725166291
289.903442383 174.761642456 31.0923461914 32.9280395508
obstacle
0.172205626965
274.421142578 179.522888184 58.0778808594 41.6274414062
obstacle
0.170733422041
268.98739624 171.277282715 85.1725463867 57.0639648438
obstacle
0.16951175034
280.034912109 188.427841187 22.1267089844 25.9450378418
obstacle
0.166984438896
278.124847412 188.89100647 40.4736328125 31.0635681152
obstacle
0.163828611374
269.034759521 156.772460938 64.1558227539 48.0297241211
obstacle
0.157827377319
277.598388672 190.770965576 49.032409668 29.7080993652
obstacle
0.155062422156
285.116699219 185.674560547 30.2857666016 23.6575927734
obstacle
0.15481762588
258.482391357 165.97467041 102.991088867 64.161529541
obstacle
0.153529778123
283.405273438 186.071640015 25.0928955078 19.7898254395
obstacle
0.15321265161
271.162475586 171.176177979 71.840637207 51.0765991211
obstacle
0.152942404151
294.570007324 190.256713867 30.0451049805 21.5597229004
obstacle
0.152837619185
225.336547852 162.494049072 146.185668945 56.1629638672
obstacle
0.152087077498
288.685241699 177.148605347 33.0882568359 32.5298461914
obstacle
0.151810154319
276.626800537 179.713012695 22.0595092773 24.6176147461
obstacle
0.150196313858
271.712921143 174.156021118 69.6489868164 56.4893493652
obstacle
0.150072202086
275.449615479 166.274383545 64.969909668 57.912902832
obstacle
0.149882957339
298.494262695 179.918380737 28.3375244141 27.5233459473
obstacle
0.149021357298
257.047363281 158.63420105 105.584472656 69.5519104004
obstacle
0.148646369576
288.888397217 195.602706909 46.3951416016 27.7597961426
obstacle
0.14388307929
279.915618896 176.009552002 35.8127441406 37.9934692383
obstacle
0.140452265739
281.050262451 175.85256958 32.748046875 34.6289367676
obstacle
0.140153199434
280.068023682 178.952529907 54.1521606445 39.7954711914
obstacle
0.140046715736
284.723846436 186.587921143 51.8859863281 36.6237792969
obstacle
0.140042200685
319.145751953 177.431365967 19.850769043 24.443939209
obstacle
0.140042200685
316.005889893 174.128082275 25.3724975586 23.4975585938
obstacle
0.136980906129
293.191680908 191.42956543 40.7227783203 29.1833496094
obstacle
0.135148122907
282.807647705 174.607009888 29.0861816406 38.7614440918
obstacle
0.134175091982
287.543151855 184.734451294 24.9841308594 23.937286377
obstacle
0.133998841047
291.783813477 175.653686523 27.0307617188 33.0393981934
obstacle
0.133793562651
300.910308838 178.488677979 23.1276855469 28.1407470703
obstacle
0.13345849514
285.181640625 185.25793457 20.7546386719 19.946685791
obstacle
0.132217422128
308.53894043 179.412658691 23.4807739258 23.2333068848
obstacle
0.130596235394
289.959503174 162.166763306 41.2588500977 62.2867126465
obstacle
0.130107343197
307.922515869 179.65246582 26.0256958008 24.9368286133
obstacle
0.129868045449
303.724975586 143.645477295 40.3016357422 30.859954834
obstacle
0.128860995173
311.387115479 178.449371338 19.2030639648 25.2542419434
obstacle
0.128094241023
270.822814941 174.014984131 40.9450073242 49.9215393066
obstacle
0.127717554569
285.371734619 168.626480103 42.0927734375 44.2323303223
obstacle
0.127249136567
289.436309814 166.326934814 34.352355957 51.0297851562
obstacle
0.127114236355
260.974090576 186.22064209 91.0751342773 43.551574707
obstacle
0.12700098753
324.487609863 158.674514771 21.3615722656 26.0070495605
obstacle
0.12677899003
276.154663086 181.544036865 38.5753173828 41.7894287109
obstacle
0.125997632742
295.897796631 188.76612854 26.9532470703 21.2586364746
obstacle
0.124844528735
277.619903564 186.72946167 28.6045532227 29.7227783203
obstacle
0.123976111412
284.532653809 168.420623779 46.0841064453 50.6136169434
obstacle
0.123878642917
274.561859131 181.48008728 31.6871337891 38.3940734863
obstacle
0.12216553092
283.251953125 165.63369751 50.9885253906 57.0186462402
obstacle
0.121270798147
279.347686768 191.096176147 21.9661254883 22.2833862305
obstacle
0.121222577989
277.496704102 170.243301392 43.6731567383 49.1060180664
obstacle
0.121146157384
283.48425293 192.978820801 48.7030029297 26.8598327637
obstacle
0.119009077549
186.42868042 148.89894104 204.048522949 49.4528198242
obstacle
0.117512248456
295.782928467 190.745407104 26.6170043945 20.063873291
obstacle
0.116582274437
238.181655884 159.02494812 122.157333374 54.8171691895
obstacle
0.11655601114
304.071624756 150.516601562 46.7416992188 29.5042114258
obstacle
0.114694453776
276.391815186 177.072265625 24.0449829102 36.6940612793
obstacle
0.114572905004
275.878479004 174.940383911 34.9755859375 39.0948181152
obstacle
0.114244699478
279.370117188 179.755126953 32.4005737305 44.702545166
obstacle
0.114170260727
259.291656494 169.849319458 97.9725341797 57.3256530762
obstacle
0.113993525505
268.421142578 165.87387085 90.3380126953 62.6230163574
obstacle
0.113866664469
275.027832031 160.729629517 66.1867675781 73.423828125
obstacle
0.11333373934
275.837890625 168.437408447 54.9333496094 44.4019470215
obstacle
0.112671121955
271.952392578 193.08480835 47.5131835938 31.0154418945
obstacle
0.112546607852
247.932128906 164.270629883 103.405273438 53.6633911133
obstacle
0.112220600247
294.715484619 184.840301514 49.7691040039 37.2133483887
obstacle
0.111713461578
273.538848877 185.551849365 55.3585205078 39.7421875
obstacle
0.111366614699
305.123260498 191.169509888 24.6990356445 21.0807189941
obstacle
0.111122399569
277.043731689 194.484832764 47.7006225586 28.6369018555
obstacle
0.110982149839
332.727355957 163.602127075 21.7839355469 23.9322814941
obstacle
0.110582880676
273.618438721 180.019210815 34.4720458984 45.2439880371
obstacle
0.110393814743
269.199310303 192.144332886 47.0661010742 37.509765625
obstacle
0.109707437456
274.065917969 171.24508667 34.4840698242 53.9202575684
obstacle
0.108248844743
275.142181396 162.911178589 55.3615722656 64.522064209
obstacle
0.108102962375
288.380615234 170.088165283 58.9682617188 60.1716308594
obstacle
0.107699900866
280.596130371 185.025466919 34.4997558594 30.7353820801
obstacle
0.10759819299
283.520690918 177.023803711 57.5216064453 43.1480102539
obstacle
0.107219494879
277.341369629 190.043960571 27.6638793945 29.2566833496
obstacle
0.107145473361
278.3722229 171.321853638 68.6853027344 54.6465454102
obstacle
0.106701910496
275.223815918 172.811721802 67.1250610352 51.7148742676
obstacle
0.106512710452
283.917114258 192.311386108 51.2653198242 34.4481506348
obstacle
0.106017738581
281.497711182 168.840820312 47.8956298828 34.9959716797
obstacle
0.10584192723
278.50189209 181.116531372 28.3803710938 25.998626709
obstacle
0.105483427644
290.932342529 170.959106445 36.5142211914 36.6499023438
obstacle
0.105432376266
206.086730957 153.097503662 181.835632324 65.0272216797
obstacle
0.105120651424
281.485870361 196.010391235 49.2141723633 27.1610412598
obstacle
0.104270748794
270.693054199 173.907409668 66.0575561523 40.9289855957
obstacle
0.10391587019
296.9921875 169.172714233 27.8480834961 43.1870422363
obstacle
0.103853605688
279.578277588 185.070907593 53.6080322266 37.874786377
obstacle
0.10340923816
298.708435059 189.281417847 21.8394775391 21.4212646484
obstacle
0.103368878365
275.667480469 178.875137329 26.5943603516 45.0424194336
obstacle
0.103215642273
295.241882324 184.809051514 44.1350708008 33.8630981445
obstacle
0.103215515614
275.620483398 187.630554199 20.5845947266 26.2872314453
obstacle
0.102763772011
276.733306885 155.810195923 61.8840942383 70.6304016113
obstacle
0.102699838579
309.258850098 161.70249939 55.8026123047 31.3021850586
obstacle
0.102612428367
277.759155273 183.661712646 50.9752197266 42.6726074219
obstacle
0.102300673723
212.86807251 160.20413208 58.303894043 37.5335998535
obstacle
0.102123364806
267.685913086 172.637649536 65.6145019531 54.9242248535
obstacle
0.102117724717
265.898284912 179.652191162 65.1961669922 50.8638916016
obstacle
0.101879917085
271.868377686 161.72668457 78.7713012695 66.7506408691
obstacle
0.101678937674
267.234802246 165.431533813 65.3965454102 74.7303161621
obstacle
0.101429052651
272.302246094 159.92980957 72.5972900391 76.5126342773
obstacle
0.101428627968
254.018218994 161.27746582 86.2191162109 45.0067138672
obstacle
0.101415067911
234.784515381 157.160797119 118.133605957 57.813659668
obstacle
0.101405881345
283.304962158 153.738922119 50.1412963867 77.6794433594
obstacle
0.101183600724
235.05871582 163.20753479 108.590759277 49.5866394043
obstacle
0.100320182741
278.15322876 166.00050354 61.0131225586 47.5402832031
obstacle
0.100195467472
208.996398926 146.848571777 128.116821289 33.1476745605
obstacle
0.100153528154
268.952056885 192.65838623 43.5118408203 34.811126709
obstacle
0.0999318361282
278.929870605 164.773544312 36.4392089844 59.3076477051
obstacle
0.0997766703367
285.676239014 163.30166626 45.9918823242 55.1492919922
obstacle
0.0994968116283
271.556365967 165.814682007 64.3870239258 61.3458557129
obstacle
0.0993803218007
274.105041504 192.025939941 42.7262573242 33.8699951172
obstacle
0.0989776477218
279.395202637 156.803634644 55.1679077148 81.0569152832
obstacle
0.0988780036569
277.770080566 162.285614014 48.828918457 54.4475402832
obstacle
0.0986518934369
234.360809326 151.04057312 141.12487793 82.2441711426
obstacle
0.0985178276896
279.960754395 189.012908936 34.1610717773 30.6325378418
obstacle
0.0984439849854
280.716033936 188.048034668 21.5561523438 31.7206420898
obstacle
0.0980757474899
273.814971924 156.659713745 52.3137207031 77.7445678711
obstacle
0.0968209952116
288.181640625 156.349349976 45.0864257812 85.8750915527
obstacle
0.0941312536597
280.102722168 190.087554932 18.7203369141 25.6714782715
obstacle
0.0940854921937
290.39630127 195.162460327 41.6784057617 27.8134460449
obstacle
0.0939299315214
273.938903809 170.040969849 74.6217041016 47.5250854492
obstacle
0.0939233079553
231.235916138 160.760925293 125.742355347 40.6511230469
obstacle
0.0939214751124
275.609039307 174.436981201 61.9108276367 57.0027770996
obstacle
0.0937527269125
287.183227539 166.924423218 38.4749755859 45.475402832
obstacle
0.0936712622643
261.582580566 155.286834717 82.5481567383 67.606628418
obstacle
0.0920559838414
281.376983643 154.279830933 46.0665893555 84.5225524902
obstacle
0.091401450336
278.038696289 168.878601074 45.9381713867 59.3601989746
obstacle
0.0912138521671
275.262359619 165.200927734 70.2061157227 61.8348999023
obstacle
0.0910583287477
212.449493408 157.709014893 70.3897094727 36.1557922363
obstacle
0.0909051448107
272.275756836 147.313690186 55.9196777344 84.3419494629
obstacle
0.0901615992188
294.08581543 177.846466064 48.4348754883 46.2335510254
obstacle
0.0898360908031
273.675720215 158.630157471 57.0629882812 72.9501647949
obstacle
0.0897887423635
305.999145508 191.013870239 21.4619750977 20.3557739258
obstacle
0.0894738212228
279.351989746 190.802444458 22.9749755859 25.1299438477
obstacle
0.0888397246599
267.461883545 185.273757935 55.2855224609 44.7163391113
obstacle
0.088549181819
288.5418396 161.900848389 65.3659057617 73.0715637207
obstacle
0.0879933014512
239.277099609 156.393280029 125.916687012 39.9057617188
obstacle
0.087961666286
285.766967773 184.991867065 48.0760498047 39.8170776367
obstacle
0.0877722203732
307.548156738 189.845718384 20.3247680664 20.7647094727
obstacle
0.0874099358916
291.528778076 165.217941284 47.2571411133 53.6131591797
obstacle
0.0873431488872
277.023834229 171.9584198 28.5277099609 47.7851257324
obstacle
0.087044171989
284.684783936 186.378448486 26.1409301758 33.0508117676
obstacle
0.0864489674568
275.296081543 184.558166504 53.3680419922 37.749786377
obstacle
0.0857186689973
283.820465088 174.193969727 54.6685180664 61.8629455566
obstacle
0.0848537236452
289.386688232 192.255218506 46.6351928711 36.1897888184
obstacle
0.0845752879977
224.751724243 141.098709106 108.612991333 42.3745727539
obstacle
0.0840976908803
302.12286377 172.570739746 30.4762573242 26.1343383789
obstacle
0.0838202163577
297.210083008 189.546051025 24.5030517578 20.7842102051
obstacle
0.0836821869016
281.736816406 170.493988037 62.8871459961 50.7471313477
obstacle
0.0836676359177
287.933837891 195.324661255 41.4603271484 28.4705810547
obstacle
0.0832828059793
277.754394531 171.94972229 68.3670043945 34.9264526367
obstacle
0.0826990753412
262.852416992 170.557540894 103.042053223 42.71875
obstacle
0.0826416835189
279.689025879 159.732208252 69.0662231445 83.022644043
obstacle
0.0824928432703
274.977996826 183.080307007 22.4896850586 19.7791748047
obstacle
0.0818375051022
275.687805176 173.978775024 37.1686401367 47.0916442871
obstacle
0.0806461721659
263.646026611 164.510803223 76.4837036133 39.8443603516
obstacle
0.0805920064449
271.262542725 160.882827759 73.4147338867 37.7604064941
obstacle
0.0800194144249
292.95715332 170.566375732 44.1760864258 25.2883911133
obstacle
0.0799195021391
265.326080322 158.142456055 86.5983886719 76.715637207
obstacle
0.0798626169562
291.042877197 170.847625732 39.5659790039 43.2718811035
obstacle
0.0795566216111
246.473464966 161.902450562 106.712997437 63.5239562988
obstacle
0.0792266055942
250.874816895 178.559509277 100.440490723 39.8901672363
obstacle
0.0790223255754
285.126861572 163.024749756 69.4243774414 34.0517578125
obstacle
0.0789490640163
256.378967285 186.27947998 87.5557861328 39.8079223633
obstacle
0.0783683881164
282.519470215 163.856048584 39.2292480469 45.2674560547
obstacle
0.0779142826796
276.78692627 166.014724731 50.6913452148 46.0433349609
obstacle
0.0766663327813
211.82661438 160.270980835 153.169662476 35.6997070312
obstacle
0.076351672411
329.805450439 164.093811035 24.5038452148 22.8017883301
obstacle
0.0763186067343
304.085418701 184.5262146 34.6824951172 35.4423217773
obstacle
0.0761271640658
255.189254761 187.183273315 91.7303009033 43.814239502
obstacle
0.0759451761842
278.74798584 178.616943359 23.1871948242 32.0297851562
obstacle
0.0759421810508
276.597473145 186.254943848 16.6320800781 31.7737121582
obstacle
0.0758153274655
277.822479248 166.95765686 40.3622436523 53.2852783203
obstacle
0.0757606104016
224.538116455 166.296188354 141.881958008 46.5584106445
obstacle
0.0753213912249
279.306915283 188.489868164 25.1446533203 30.1053161621
obstacle
0.0751653239131
282.558258057 184.500473022 50.2987670898 35.4653930664
obstacle
0.0748924762011
259.899902344 181.117584229 91.6052856445 49.5028381348
obstacle
0.0746420100331
293.178649902 170.820983887 55.2498168945 52.1018981934
obstacle
0.0744483545423
279.669921875 189.892593384 20.3944091797 24.4461364746
obstacle
0.0742154866457
273.424316406 171.752822876 52.3020629883 64.1782836914
obstacle
0.0738317593932
269.659820557 167.99029541 71.7996826172 50.507232666
