obstacle
0.99938750267
63.0921325684 160.312133789 422.241821289 88.873046875
obstacle
0.998992502689
90.8305969238 161.941452026 366.78338623 89.8470153809
obstacle
0.998790562153
83.620803833 158.770843506 375.428771973 103.064178467
obstacle
0.99759978056
82.6536102295 163.288208008 389.818725586 106.089599609
obstacle
0.994732379913
79.6991119385 159.268859863 373.455932617 119.003814697
obstacle
0.992827355862
74.690246582 166.929656982 389.190368652 87.4015197754
obstacle
0.971020340919
132.16557312 159.339447021 330.855834961 108.610778809
obstacle
0.962441146374
95.1455535889 143.870941162 380.356262207 116.145996094
obstacle
0.911058664322
160.12059021 153.187362671 266.782226562 112.009597778
obstacle
0.909397602081
65.1156463623 156.476455688 387.124938965 98.1282348633
obstacle
0.874325811863
165.864730835 147.611419678 265.755615234 108.84197998
obstacle
0.869595885277
98.966293335 163.449920654 268.94708252 87.9716186523
obstacle
0.855862259865
122.067138672 151.400268555 317.301208496 99.7347412109
obstacle
0.828497350216
93.7251434326 160.662841797 219.27192688 86.8500976562
obstacle
0.787621617317
191.648040771 150.859527588 268.102233887 102.890075684
obstacle
0.702219009399
110.72731781 168.700149536 189.717559814 68.6870117188
obstacle
0.699901878834
110.297912598 169.585632324 236.832672119 68.0373535156
obstacle
0.689131140709
109.412139893 169.569717407 142.037994385 71.7971496582
obstacle
0.686406910419
95.9752502441 164.76725769 328.49420166 79.048828125
obstacle
0.671986222267
120.376312256 173.807876587 144.809295654 63.5301513672
obstacle
0.65919983387
253.637329102 133.978515625 150.668579102 147.270721436
obstacle
0.655017793179
58.7170715332 157.401367188 365.274230957 89.4876708984
obstacle
0.625829577446
269.295288086 147.175567627 133.436767578 136.126647949
obstacle
0.617270350456
237.740386963 131.016052246 154.876037598 144.367797852
obstacle
0.614929914474
89.9701080322 163.473968506 314.785522461 92.9382629395
obstacle
0.600071668625
122.997329712 175.85949707 119.600036621 61.4657592773
obstacle
0.599543631077
110.12802124 177.583862305 168.200256348 56.3064575195
obstacle
0.563012778759
158.255691528 155.125732422 261.063110352 132.791259766
obstacle
0.554141402245
100.453338623 175.46673584 264.46975708 62.9532165527
obstacle
0.550404548645
142.846969604 149.648193359 285.715209961 130.659637451
obstacle
0.550209403038
273.408599854 138.670135498 142.377563477 138.825744629
obstacle
0.533570885658
241.991119385 142.638122559 143.415405273 137.433410645
obstacle
0.464213013649
107.939865112 176.062484741 237.122817993 63.6550598145
obstacle
0.459897398949
113.973426819 176.235412598 213.884796143 59.1312866211
obstacle
0.443328082561
95.3229293823 171.284088135 224.052246094 64.4969787598
obstacle
0.435152739286
91.0305786133 169.427246094 353.587890625 66.4075622559
obstacle
0.394566506147
114.629547119 175.161987305 185.155517578 59.8479003906
obstacle
0.393743306398
110.517219543 171.235992432 162.303771973 66.4562683105
obstacle
0.378003239632
300.242340088 146.633758545 32.9072265625 31.8950805664
obstacle
0.36526337266
197.208251953 152.158874512 220.067810059 140.755249023
obstacle
0.362999379635
298.640716553 139.288879395 29.2962036133 31.2350463867
obstacle
0.35511687398
122.507064819 178.409301758 116.08984375 50.8635864258
obstacle
0.338501274586
219.726776123 141.483795166 161.787841797 136.619598389
obstacle
0.321158289909
114.371673584 170.284317017 311.81072998 67.5293884277
obstacle
0.311761885881
297.940704346 138.224029541 25.5662231445 25.3095703125
obstacle
0.296408295631
203.474090576 156.658432007 209.52722168 92.9582214355
obstacle
0.240924552083
201.662765503 145.934814453 163.267288208 122.402923584
obstacle
0.223077476025
283.574310303 152.414886475 98.8110351562 80.9132080078
obstacle
0.221862971783
123.211585999 172.634155273 161.919464111 53.2258605957
obstacle
0.217472076416
118.613349915 178.401092529 105.889701843 44.6648864746
obstacle
0.211892947555
124.253814697 178.378295898 96.2423706055 53.8134155273
obstacle
0.203723475337
189.25579834 160.648284912 161.324279785 114.304992676
obstacle
0.192431524396
118.988555908 169.845352173 242.798828125 52.7660217285
obstacle
0.189525678754
295.341186523 139.672393799 30.4486083984 32.3302001953
obstacle
0.188107833266
183.068115234 163.71762085 158.217834473 76.2428588867
obstacle
0.168087139726
154.05506897 157.321655273 260.150939941 80.0677490234
obstacle
0.144220069051
301.894134521 131.080413818 20.655456543 23.8937988281
obstacle
0.139706343412
282.340606689 156.205352783 102.311462402 58.7255554199
obstacle
0.139201954007
201.305923462 153.570098877 275.519592285 117.641937256
obstacle
0.13721011579
292.768463135 159.399505615 92.8579711914 51.8739318848
obstacle
0.128762796521
172.34185791 152.825592041 167.864898682 114.441162109
obstacle
0.126186087728
115.070320129 173.903427124 142.574310303 58.2899780273
obstacle
0.124454833567
207.518188477 164.897354126 185.62689209 77.3524780273
obstacle
0.123388290405
297.744842529 143.112045288 30.0452270508 32.2119750977
obstacle
0.123022317886
280.390258789 147.962280273 89.3823242188 41.6983337402
obstacle
0.121390827
296.612060547 143.093414307 30.2701416016 28.3057556152
obstacle
0.119978450239
215.647460938 156.83392334 142.45526123 121.461669922
obstacle
0.115386001766
126.242424011 170.867401123 178.166351318 60.2468566895
obstacle
0.109753750265
297.69720459 148.522674561 31.7604370117 32.9643554688
obstacle
0.106542900205
297.286651611 141.132858276 26.5556030273 25.7303161621
obstacle
0.103978380561
170.553070068 170.170333862 172.919494629 63.3704833984
obstacle
0.100770391524
285.706939697 148.306518555 92.032043457 53.5741271973
obstacle
0.0994905680418
142.466156006 170.222961426 295.208190918 59.5260009766
obstacle
0.0977964103222
297.513549805 150.997390747 35.3872070312 27.6892700195
obstacle
0.0975514501333
289.503723145 144.100067139 88.3050537109 72.1526184082
obstacle
0.0964417308569
118.959815979 184.216049194 159.980010986 58.381439209
obstacle
0.0942934080958
298.801513672 136.981185913 22.299987793 29.1146240234
obstacle
0.0921818912029
122.935195923 174.893539429 102.22354126 45.7012634277
obstacle
0.0913743153214
161.389160156 165.083190918 164.951416016 107.183959961
obstacle
0.0909431353211
299.512969971 139.503677368 25.5687255859 34.513092041
obstacle
0.0899581760168
93.5742340088 177.455337524 277.809692383 51.2242126465
obstacle
0.0898010060191
300.540039062 131.95741272 22.4760742188 21.573425293
obstacle
0.0885766744614
288.821105957 154.922348022 100.485900879 70.3584289551
obstacle
0.0866428986192
112.09727478 180.906707764 196.94758606 48.6683349609
obstacle
0.0810496136546
250.02166748 155.770828247 138.464599609 89.2158508301
obstacle
0.0795440971851
180.852554321 181.245513916 264.864807129 64.5747375488
obstacle
0.0754804611206
300.017242432 150.878326416 33.8325805664 32.856842041
obstacle
0.0748033002019
126.309936523 179.100967407 97.0010681152 46.0419921875
obstacle
0.0737868323922
169.027908325 144.896636963 275.735839844 76.0367431641
obstacle
0.0721953511238
66.3264007568 170.558258057 355.859130859 67.1426391602
obstacle
0.0709294825792
297.221252441 137.580169678 24.6911621094 26.9484558105
obstacle
0.0699063763022
119.142707825 184.982772827 140.556945801 54.1177978516
obstacle
0.0698322579265
195.597229004 153.710571289 224.308227539 75.1496887207
obstacle
0.0689168199897
302.977905273 146.4165802 27.1705932617 35.3981018066
obstacle
0.0674283504486
131.437957764 163.384552002 273.224365234 69.0213317871
obstacle
0.0653936266899
257.924407959 168.12322998 131.976135254 62.8131103516
obstacle
0.0630307719111
290.36831665 143.572296143 36.4222412109 28.4511108398
obstacle
0.0605073273182
183.453613281 76.5786056519 221.793212891 182.280303955
obstacle
0.0602347776294
129.112579346 164.049072266 172.074279785 76.8203735352
obstacle
0.0598571039736
283.949859619 153.983398438 94.5946655273 56.5781555176
obstacle
0.0571434795856
240.800598145 155.747131348 189.962402344 144.917175293
obstacle
0.0555185265839
384.341369629 191.076889038 67.5270996094 22.099822998
obstacle
0.055081769824
165.743743896 157.506561279 202.977111816 84.5083312988
obstacle
0.0542415082455
128.853424072 154.593917847 252.636535645 129.10975647
obstacle
0.0535856150091
274.894805908 158.425537109 103.204345703 39.5565795898
obstacle
0.0532443448901
106.172943115 164.312973022 314.743835449 70.4297790527
obstacle
0.0527331866324
302.673217773 130.448623657 17.766784668 26.1168823242
obstacle
0.0525166839361
296.968048096 144.246170044 86.1325683594 63.8302001953
obstacle
0.0517799407244
235.214736938 166.218994141 169.582870483 71.0139465332
obstacle
0.0509422570467
184.641342163 165.169036865 193.908035278 78.4338989258
obstacle
0.0509089119732
236.84854126 161.986572266 152.89263916 74.7445678711
