obstacle
0.920482695103
280.239196777 177.589019775 87.6491088867 28.987487793
obstacle
0.916942715645
299.520111084 249.109313965 83.3368530273 23.5483398438
obstacle
0.913720965385
293.945739746 188.551055908 75.4671630859 21.3284912109
obstacle
0.913490891457
275.400360107 239.677719116 110.992431641 29.9598846436
obstacle
0.905861496925
288.143493652 187.576034546 73.8452148438 22.584197998
obstacle
0.902692079544
292.309417725 183.132507324 74.4786376953 24.9945678711
obstacle
0.89811694622
284.754547119 184.550170898 87.7847900391 25.2009887695
obstacle
0.897774636745
294.158599854 245.48815918 83.9143066406 26.5255126953
obstacle
0.897180199623
210.370574951 240.325256348 195.866882324 29.2310180664
obstacle
0.895753622055
292.604095459 246.544616699 80.7435913086 21.731262207
obstacle
0.875836670399
298.995269775 254.497131348 79.2775268555 20.6712036133
obstacle
0.871634244919
277.522338867 244.102355957 97.0532226562 25.5016479492
obstacle
0.869612574577
240.492614746 238.65512085 156.091369629 32.4398803711
obstacle
0.868307828903
168.261154175 236.760360718 219.272293091 29.9348297119
obstacle
0.867698848248
287.248718262 250.955078125 88.0751953125 23.9124755859
obstacle
0.863938331604
223.104400635 244.291229248 171.043334961 30.8305053711
obstacle
0.860285699368
280.051605225 182.70980835 77.032409668 25.3589172363
obstacle
0.8585896492
279.808959961 173.45022583 89.7831420898 26.2259216309
obstacle
0.855647206306
299.190002441 186.008621216 63.3511962891 21.4739990234
obstacle
0.855647206306
303.698059082 184.398071289 64.4572753906 18.3259277344
obstacle
0.845718622208
256.516021729 244.384506226 132.414550781 29.9120330811
obstacle
0.841489970684
297.750396729 182.99382019 64.1729736328 19.3870239258
obstacle
0.838092088699
278.525512695 182.527145386 85.7315673828 27.6347961426
obstacle
0.834481179714
287.316894531 184.012619019 74.0670776367 22.0879211426
obstacle
0.8291888237
327.212280273 253.198486328 46.0380859375 18.9102172852
obstacle
0.823421537876
294.579040527 190.460601807 76.6525878906 18.3907775879
obstacle
0.809860944748
296.659973145 186.110809326 58.841796875 23.1099243164
obstacle
0.801627457142
164.220855713 238.427871704 226.000427246 30.5705718994
obstacle
0.801122009754
298.783843994 182.688018799 54.0867919922 24.8546447754
obstacle
0.797141194344
285.293060303 248.787506104 85.7603149414 20.8397827148
obstacle
0.795170485973
307.682495117 182.27456665 58.0521850586 23.4879760742
obstacle
0.775377810001
299.25692749 182.477661133 49.5458984375 19.2776794434
obstacle
0.77458781004
295.021209717 189.313415527 56.7136230469 21.4866027832
obstacle
0.773615181446
275.065246582 187.061706543 80.8957519531 22.9317626953
obstacle
0.76647901535
306.291046143 190.978775024 59.9536132812 20.0691833496
obstacle
0.761189758778
286.739562988 182.644042969 67.2763061523 21.0405578613
obstacle
0.757211983204
307.742675781 182.195846558 42.7722167969 17.9867553711
obstacle
0.757211983204
312.353240967 183.233230591 33.0392456055 18.2531433105
obstacle
0.74928599596
289.118621826 174.209655762 70.254699707 22.4736022949
obstacle
0.731704890728
275.493225098 175.908035278 86.0498046875 27.0887145996
obstacle
0.731213152409
279.065643311 183.153457642 72.782043457 19.5405578613
obstacle
0.726058065891
302.769897461 188.293136597 65.4954223633 22.4539794922
obstacle
0.720779538155
279.154724121 170.691680908 80.961730957 25.3474121094
obstacle
0.716432571411
290.439147949 186.236114502 56.606628418 23.2714538574
obstacle
0.704886257648
309.802459717 248.879562378 68.7655639648 19.5235443115
obstacle
0.683847784996
298.795959473 245.446929932 74.2220458984 24.3741455078
obstacle
0.68364238739
292.079223633 181.084533691 62.8079833984 19.240814209
obstacle
0.677024185658
304.060516357 191.146820068 45.0295410156 17.6870117188
obstacle
0.668183922768
293.886413574 182.161712646 44.1781616211 20.0638427734
obstacle
0.640180408955
295.873168945 182.595581055 50.8411254883 26.3313903809
obstacle
0.633576452732
281.656646729 184.887329102 57.0585327148 21.3578796387
obstacle
0.62649589777
286.423461914 189.971908569 74.9507446289 23.6674804688
obstacle
0.615665614605
265.5987854 180.078735352 101.521972656 23.417388916
obstacle
0.59704965353
321.828857422 190.763290405 39.9383544922 17.5848693848
obstacle
0.583713471889
287.313751221 179.479217529 61.5437011719 20.1550292969
obstacle
0.580917835236
296.534393311 189.688537598 34.9460449219 20.7000427246
obstacle
0.57261121273
308.467498779 241.577423096 61.5742797852 20.1292114258
obstacle
0.531133413315
287.970367432 186.425369263 80.9047241211 26.8760986328
obstacle
0.463649600744
289.931915283 190.567855835 67.1038818359 19.5171508789
obstacle
0.457310467958
295.017120361 240.594192505 75.5347900391 28.5323028564
obstacle
0.448315024376
317.609130859 189.390411377 56.3735351562 22.672454834
obstacle
0.446258246899
205.973022461 245.335357666 186.892456055 31.7717895508
obstacle
0.440773814917
310.224334717 247.715682983 59.0735473633 18.9970245361
obstacle
0.422100275755
319.140441895 181.566894531 44.2655639648 17.7781066895
obstacle
0.377055495977
280.26385498 238.0625 94.2325439453 31.9222412109
obstacle
0.350315690041
279.963745117 191.984100342 90.6669311523 21.5110168457
obstacle
0.314865529537
296.647796631 181.808380127 32.1992797852 17.939666748
obstacle
0.309934914112
328.315490723 185.474685669 40.4235229492 19.1918029785
obstacle
0.296946227551
170.29888916 232.406860352 196.583496094 33.4977722168
obstacle
0.281506806612
185.593399048 244.331237793 63.8769836426 35.4025878906
obstacle
0.279399454594
187.162353516 251.808181763 71.1796264648 25.2579193115
obstacle
0.274493396282
195.125778198 249.216079712 51.4174499512 27.962387085
obstacle
0.265811443329
190.381607056 247.643554688 50.6573181152 30.6790771484
obstacle
0.264424741268
193.361968994 244.913635254 46.231048584 29.884765625
obstacle
0.254315197468
183.93371582 250.751693726 57.8737487793 28.4990692139
obstacle
0.252302020788
200.312072754 245.479156494 41.9274597168 27.8901367188
obstacle
0.251032173634
190.724487305 246.865356445 66.2836608887 27.7633666992
obstacle
0.249550953507
297.436340332 192.62361145 39.2317504883 17.2132568359
obstacle
0.249550953507
292.325958252 190.33354187 48.6311645508 19.8370666504
obstacle
0.248297035694
165.266418457 242.87197876 182.246490479 27.6596069336
obstacle
0.247038021684
182.876663208 255.657608032 60.9230041504 26.1647796631
obstacle
0.228874832392
184.007781982 234.947418213 224.662109375 46.3762207031
obstacle
0.222994685173
224.530899048 234.249053955 95.8419952393 34.6748352051
obstacle
0.214823618531
185.821746826 245.745574951 73.4662475586 26.5658569336
obstacle
0.21271070838
232.143112183 228.789779663 74.8344268799 40.4517669678
obstacle
0.20643311739
187.487197876 250.126708984 77.0070037842 30.1719360352
obstacle
0.203757092357
220.466217041 229.057846069 81.4100341797 36.9246063232
obstacle
0.195746690035
192.591491699 253.957672119 54.3190307617 25.4282226562
obstacle
0.18881110847
195.374359131 241.343704224 42.3907775879 31.1424713135
obstacle
0.182312592864
189.127197266 239.764190674 57.4674377441 37.0328369141
obstacle
0.181968450546
298.324554443 179.963317871 28.6198730469 18.2556152344
obstacle
0.179856404662
188.356445312 250.616043091 62.142578125 32.8705596924
obstacle
0.176353022456
177.52973938 250.530151367 62.6411437988 33.4974365234
obstacle
0.176048234105
185.033706665 241.750518799 117.52684021 34.3370361328
obstacle
0.175136521459
198.335708618 248.275146484 55.3571777344 26.6117553711
obstacle
0.164898648858
202.161712646 241.434967041 38.6844787598 29.8364257812
obstacle
0.164636641741
197.160675049 235.020187378 54.4782409668 33.3756256104
obstacle
0.161076456308
184.239242554 254.516967773 83.3272857666 26.8773803711
obstacle
0.157721966505
186.48487854 253.488250732 64.7871398926 29.4813232422
obstacle
0.154175460339
208.351669312 233.451904297 106.78767395 41.9703979492
obstacle
0.151700824499
189.05456543 255.077880859 53.5738830566 31.806640625
obstacle
0.147415727377
184.190704346 238.233032227 152.505615234 35.0835266113
obstacle
0.14556196332
197.301818848 242.498764038 65.8502807617 25.5345306396
obstacle
0.143257662654
193.126464844 245.359649658 72.6705627441 24.0845947266
obstacle
0.142603009939
202.73475647 236.205551147 99.149520874 35.8766021729
obstacle
0.139866635203
236.70954895 224.722930908 65.348739624 40.6816101074
obstacle
0.13709820807
202.800460815 244.292556763 31.6617431641 23.4216766357
obstacle
0.136625632644
203.734573364 240.47869873 29.8319702148 25.8569946289
obstacle
0.135083884001
176.168991089 249.013778687 62.5697937012 27.5828704834
obstacle
0.13377776742
175.95489502 244.864273071 60.7412414551 29.3577728271
obstacle
0.131098747253
196.220062256 245.087112427 91.871307373 29.8974456787
obstacle
0.12742510438
256.015106201 167.514770508 112.770324707 70.4874267578
obstacle
0.126915082335
188.675201416 247.384872437 49.3738098145 29.0654449463
obstacle
0.126757130027
231.045227051 229.481552124 69.7699584961 35.3304901123
obstacle
0.126346290112
191.772842407 243.476898193 45.159576416 28.5790405273
obstacle
0.125335052609
199.516937256 244.044036865 41.1386108398 26.7918701172
obstacle
0.122386060655
185.312744141 244.612411499 61.2471313477 31.8002166748
obstacle
0.121619716287
193.41065979 237.939483643 58.8631896973 29.434173584
obstacle
0.121391646564
189.475036621 252.588378906 53.1932678223 27.975402832
obstacle
0.121054522693
242.509506226 221.800445557 56.1168365479 34.1704101562
obstacle
0.120853744447
187.212463379 241.998657227 67.8140563965 29.3449707031
obstacle
0.120141260326
182.061782837 253.065093994 79.4154510498 29.6137695312
obstacle
0.119245588779
192.395385742 244.443786621 71.2264404297 22.7766723633
obstacle
0.118558526039
296.815582275 180.833465576 29.0922851562 17.2906799316
obstacle
0.11848603189
184.031951904 231.315933228 169.933959961 35.0789337158
obstacle
0.117372862995
178.278930664 231.754196167 142.822540283 30.9761810303
obstacle
0.117318019271
299.594421387 236.757217407 65.1971435547 27.6556243896
obstacle
0.116515800357
298.50579834 179.775817871 25.7872924805 19.3177490234
obstacle
0.116086445749
195.595626831 252.293273926 59.818939209 23.8317871094
obstacle
0.115524083376
316.488952637 199.033828735 44.4189453125 20.7094421387
obstacle
0.115495048463
184.185638428 250.884017944 68.9741821289 27.1524810791
obstacle
0.114897020161
244.335174561 253.956100464 145.682312012 25.3889312744
obstacle
0.114640787244
201.808120728 242.772979736 32.1534118652 23.0150146484
obstacle
0.114445731044
285.355926514 234.134231567 83.045715332 31.2282867432
obstacle
0.114213362336
194.050109863 238.805770874 59.5461425781 31.1529693604
obstacle
0.112649872899
288.439300537 192.211227417 40.947265625 20.0585632324
obstacle
0.11145799607
211.284698486 233.657043457 81.8874511719 32.5826721191
obstacle
0.11124446243
201.025665283 241.422103882 106.858642578 35.2470855713
obstacle
0.110947199166
178.871963501 254.864929199 61.1719055176 27.817199707
obstacle
0.110512875021
292.034179688 176.749237061 52.5791015625 20.8201599121
obstacle
0.106302581728
193.522262573 250.835418701 58.0814208984 26.6030883789
obstacle
0.106272600591
314.375396729 244.489852905 51.9959716797 19.0463409424
obstacle
0.106263324618
218.529525757 228.856536865 79.2284088135 33.0604553223
obstacle
0.10539124161
179.454040527 237.740737915 146.536437988 33.3037567139
obstacle
0.104881778359
179.433868408 234.897659302 163.682556152 31.6172637939
obstacle
0.100900389254
189.028305054 235.795791626 104.351760864 39.9011077881
obstacle
0.0984859615564
223.416946411 233.977203369 88.5771331787 32.3401184082
obstacle
0.0983240455389
294.1953125 192.846664429 79.4697875977 22.3417053223
obstacle
0.0973732471466
182.715301514 239.486801147 108.942443848 37.7578887939
obstacle
0.0970303341746
226.178955078 237.875686646 91.6129150391 36.7235565186
obstacle
0.0967447161674
193.157943726 245.202316284 43.817199707 32.3521270752
obstacle
0.0963939875364
195.137710571 242.283355713 38.9986572266 31.7988891602
obstacle
0.0958781242371
312.668243408 237.944091797 52.2682495117 20.4961242676
obstacle
0.0954356268048
277.811920166 237.844009399 91.9399414062 26.8871002197
obstacle
0.0954032689333
203.871261597 242.867111206 35.2767028809 30.3384857178
obstacle
0.0945815220475
187.11895752 259.20199585 65.2211914062 25.0186767578
obstacle
0.0942988097668
221.623245239 225.701339722 75.0004119873 38.2110443115
obstacle
0.0932902321219
236.527023315 197.310653687 22.8230743408 22.7696228027
obstacle
0.0907094627619
186.373687744 227.236160278 160.137878418 37.0620574951
obstacle
0.0903957262635
176.536148071 231.625930786 174.507125854 31.7157440186
obstacle
0.0898155197501
194.42074585 244.528015137 87.5427856445 28.1220092773
obstacle
0.0883615016937
202.994537354 232.447463989 103.739013672 39.8898468018
obstacle
0.0881301686168
294.024291992 240.220993042 72.6795654297 23.612197876
obstacle
0.0879193842411
298.62612915 187.345397949 29.3198852539 20.8749694824
obstacle
0.0874756574631
240.268188477 228.136901855 57.9632568359 39.246887207
obstacle
0.0864691734314
194.778533936 250.341308594 46.5805664062 31.1329956055
obstacle
0.086273625493
184.977905273 258.06930542 63.295715332 26.3963012695
obstacle
0.0860774517059
234.116943359 225.773742676 63.5360107422 28.8124084473
obstacle
0.0856844484806
183.336181641 254.565841675 62.9521789551 32.7596282959
obstacle
0.0842859968543
308.564666748 247.171524048 58.3342285156 16.4480133057
obstacle
0.0837960243225
296.996063232 178.086746216 53.6207885742 19.8791503906
obstacle
0.0834194421768
207.476455688 233.51399231 81.4468231201 30.2300872803
obstacle
0.0832400843501
201.201126099 242.857589722 79.0489654541 30.2427215576
obstacle
0.0827342793345
198.798126221 235.399658203 95.4279785156 33.9282836914
obstacle
0.0825454890728
189.492752075 248.22807312 62.5005187988 30.0056915283
obstacle
0.0822340548038
186.509063721 242.912536621 55.7337341309 35.1929321289
obstacle
0.0820850282907
199.549057007 243.340026855 57.8803253174 26.7833862305
obstacle
0.082043685019
167.102432251 239.322341919 162.188034058 29.5010528564
obstacle
0.0820109173656
174.952148438 242.177032471 120.421234131 29.1005249023
obstacle
0.0814002901316
232.602264404 231.180755615 78.0618286133 34.9124145508
obstacle
0.0813755467534
299.008422852 179.004196167 42.9989013672 26.7803344727
obstacle
0.0810703784227
191.429763794 250.688903809 66.4611663818 32.9142456055
obstacle
0.0809671208262
197.721221924 236.877380371 49.7368164062 34.0182495117
obstacle
0.080770522356
297.918701172 194.523178101 54.3024902344 22.2491455078
obstacle
0.0778281912208
207.376022339 239.574279785 48.2666320801 31.5314331055
obstacle
0.0777101740241
203.13168335 240.942901611 53.9027099609 28.8148498535
obstacle
0.0775164067745
204.961120605 241.438919067 26.7873840332 26.5885772705
obstacle
0.0773376822472
322.645721436 177.469970703 40.8480834961 20.2158508301
obstacle
0.0771283879876
287.691467285 178.657302856 55.7431030273 18.8134460449
obstacle
0.0769638121128
196.32585144 238.030609131 24.4137878418 21.311706543
obstacle
0.0756445974112
296.971435547 188.789901733 30.8705444336 19.9448547363
obstacle
0.0751902163029
283.405303955 182.335296631 50.0161132812 22.4437561035
obstacle
0.0750805661082
179.932159424 227.019607544 129.401794434 33.8821868896
obstacle
0.0743017345667
210.943359375 229.439559937 96.2119750977 44.3050079346
obstacle
0.0742067918181
181.858337402 251.963409424 56.5495605469 30.7364501953
obstacle
0.0729299485683
320.742675781 184.358032227 50.9927978516 27.1519470215
obstacle
0.0723084285855
306.338256836 241.205749512 59.6200561523 17.0852661133
obstacle
0.0720103606582
304.237670898 241.033996582 61.5134277344 24.4522094727
obstacle
0.0715291723609
176.041503906 233.074554443 198.022094727 30.2217102051
obstacle
0.0713450461626
212.422561646 230.691253662 76.03074646 34.8690490723
obstacle
0.0711179226637
188.847473145 238.458114624 86.0311279297 29.8011322021
obstacle
0.0708874538541
172.970001221 256.438323975 62.1434936523 30.3698120117
obstacle
0.0701553225517
302.780334473 238.113708496 58.1524658203 27.8313598633
obstacle
0.0698919296265
291.782623291 177.242263794 48.5015869141 21.5308837891
obstacle
0.0697783902287
202.572006226 249.011627197 45.3322753906 29.4140014648
obstacle
0.0694486796856
194.181915283 239.203063965 27.417755127 18.4198303223
obstacle
0.0689475610852
287.951324463 235.754928589 73.5694580078 31.5052642822
obstacle
0.0686644911766
185.472396851 219.768127441 148.475479126 36.1551208496
obstacle
0.0686173960567
233.944839478 198.925582886 25.6575469971 20.018371582
obstacle
0.0682344511151
178.50213623 260.364929199 61.0848999023 25.4244384766
obstacle
0.068219602108
295.082672119 170.429763794 59.111328125 23.2385559082
obstacle
0.0681487992406
300.317321777 187.533874512 25.4260864258 22.3381347656
obstacle
0.0680067911744
281.382873535 184.471984863 52.6527709961 20.5558166504
obstacle
0.0679547414184
205.335952759 232.770248413 89.5944061279 38.0018463135
obstacle
0.067769639194
330.297790527 181.364395142 38.5515136719 22.5024108887
obstacle
0.0676355883479
204.249755859 242.267715454 53.6454162598 29.8839263916
obstacle
0.0676170811057
198.761138916 237.646652222 98.3345031738 38.9261627197
obstacle
0.0673099085689
296.730529785 179.712387085 36.5032348633 20.3664550781
obstacle
0.0672209635377
191.199295044 239.156173706 88.2984161377 31.2218475342
obstacle
0.0671034455299
345.540252686 255.694580078 32.2686157227 16.4229125977
obstacle
0.0668758377433
193.315185547 249.826156616 49.5555419922 28.9175872803
obstacle
0.0667211487889
202.05305481 222.092803955 98.0984039307 40.857421875
obstacle
0.0666830316186
284.95526123 180.698699951 61.5938720703 19.8087463379
obstacle
0.0664060860872
200.720092773 236.58013916 110.738525391 36.8547668457
obstacle
0.0663459450006
296.277282715 181.262893677 45.1813964844 25.1123657227
obstacle
0.0659652501345
324.685058594 187.010757446 36.3282470703 20.1911315918
obstacle
0.0659435391426
196.171081543 237.269515991 76.4037475586 31.716506958
obstacle
0.0653695166111
181.311920166 230.886917114 149.556640625 33.502822876
obstacle
0.0652874857187
224.77696228 228.126922607 64.5655059814 37.7174987793
obstacle
0.065004914999
184.239715576 239.240661621 43.3679199219 30.2442626953
obstacle
0.0649795010686
186.15435791 260.431915283 50.3474731445 29.0407714844
obstacle
0.0647409260273
318.490447998 245.608764648 44.0354614258 19.6638183594
obstacle
0.0645400062203
284.045318604 170.208633423 75.0830078125 29.0600585938
obstacle
0.0635650083423
301.477844238 179.062545776 37.6779785156 28.3410644531
obstacle
0.0635531619191
261.649932861 178.484298706 104.978088379 23.0853271484
obstacle
0.0621322393417
335.589691162 196.629653931 32.3635864258 17.3986206055
obstacle
0.0618434101343
169.900085449 227.013442993 176.778076172 35.6930084229
obstacle
0.0604485012591
238.96661377 232.728164673 66.3050537109 35.91355896
obstacle
0.0604310631752
292.639312744 179.988983154 57.5388793945 18.1420593262
obstacle
0.0602777786553
208.318878174 224.969955444 92.1224365234 32.1956634521
obstacle
0.0599234700203
294.467773438 181.19140625 38.8063354492 19.227355957
obstacle
0.0595398023725
188.16758728 265.516326904 53.9136657715 23.1954345703
obstacle
0.0588851235807
197.521911621 222.20135498 100.084777832 37.9092102051
obstacle
0.0583081170917
208.173706055 243.191894531 63.9786071777 32.1556396484
obstacle
0.0581277795136
175.459197998 235.991455078 137.124206543 30.3653259277
obstacle
0.0580347590148
182.530654907 244.813796997 67.751159668 27.9077911377
obstacle
0.0578264966607
182.614059448 242.611862183 48.2639465332 26.3600311279
obstacle
0.0566897392273
297.616119385 245.229293823 70.1587524414 20.3106536865
obstacle
0.0564743354917
212.984634399 223.137573242 72.6873016357 39.8739318848
obstacle
0.0560007952154
230.846084595 227.079040527 51.2238006592 26.3018798828
obstacle
0.055683478713
191.53503418 240.61315918 28.6411743164 25.9866638184
obstacle
0.0552592426538
218.390075684 220.835128784 80.1077880859 38.4774627686
obstacle
0.0551041513681
187.496871948 222.963150024 149.251968384 38.3784332275
obstacle
0.0550178214908
287.532775879 164.803527832 70.0277099609 27.9125366211
obstacle
0.054814606905
298.518371582 178.63092041 50.3828735352 20.8838195801
obstacle
0.0535625852644
189.716842651 242.258071899 32.1387634277 22.3777923584
obstacle
0.0531763918698
239.083206177 225.18258667 62.3455657959 33.9865112305
obstacle
0.0531315170228
317.622741699 239.552474976 47.1058959961 20.4723358154
obstacle
0.0530539602041
191.371734619 237.803512573 93.8467407227 41.4943389893
obstacle
0.0529899895191
224.364990234 236.81388855 83.6667480469 37.3404693604
obstacle
0.0529895946383
290.410186768 179.847351074 56.514465332 21.9730529785
obstacle
0.0528769083321
299.042236328 179.852783203 31.5833129883 21.623626709
obstacle
0.0528665557504
178.190063477 237.787277222 107.54586792 32.9061431885
obstacle
0.0526848398149
185.394744873 243.225387573 44.2054138184 26.4826507568
obstacle
0.0522720888257
195.204864502 228.589523315 134.195617676 37.7761383057
obstacle
0.052007753402
282.876739502 183.399749756 46.5385131836 22.8726501465
obstacle
0.0518581680954
279.655853271 183.103912354 66.1960449219 17.5160522461
obstacle
0.0517006032169
219.443023682 231.065292358 79.9842529297 44.5195159912
obstacle
0.0514490120113
194.970596313 235.910186768 126.551986694 36.3789978027
obstacle
0.0511152520776
207.085327148 246.264907837 163.300354004 29.7128143311
obstacle
0.0507467575371
311.841674805 177.121871948 49.9229125977 25.7773742676
obstacle
0.0506133362651
199.593505859 248.279281616 51.5426330566 28.5123443604
obstacle
0.0504385270178
235.705703735 224.108230591 45.0130767822 30.7610473633
obstacle
0.0500408634543
192.94644165 252.659713745 53.978302002 36.8347320557
