obstacle
0.956905305386
286.641235352 172.441268921 70.7261962891 19.067779541
obstacle
0.954448103905
287.803497314 169.733032227 75.4798583984 20.189239502
obstacle
0.944991767406
275.090881348 168.28187561 91.7235107422 24.339050293
obstacle
0.941191136837
290.441894531 174.253601074 74.7652587891 17.5182800293
obstacle
0.941071093082
279.816009521 167.225921631 92.5642089844 21.2995910645
obstacle
0.936708033085
293.144165039 172.556915283 75.2855834961 17.0809020996
obstacle
0.900956988335
292.843933105 172.881958008 57.948059082 18.5169677734
obstacle
0.89236998558
302.031921387 171.767852783 55.5657958984 16.924621582
obstacle
0.824458003044
296.720458984 174.146759033 59.4751586914 18.0412902832
obstacle
0.818818986416
295.45300293 167.272079468 50.4739990234 18.860168457
obstacle
0.802670657635
50.8352584839 168.847412109 27.5500183105 29.6161499023
obstacle
0.802670657635
46.1749458313 169.631698608 25.5365409851 29.1446228027
obstacle
0.789208173752
45.9313430786 161.070877075 33.7195281982 37.2554626465
obstacle
0.735867917538
188.197738647 193.984344482 167.630874634 48.5054626465
obstacle
0.72402215004
47.8014793396 169.038299561 27.008846283 25.9396972656
obstacle
0.723714113235
47.2707519531 169.374252319 33.5411224365 30.9611206055
obstacle
0.719298303127
183.336547852 161.825042725 274.817871094 97.2659301758
obstacle
0.709998369217
54.2797241211 165.342834473 24.3751983643 27.1653442383
obstacle
0.70787113905
287.348876953 165.155639648 47.8388061523 20.9955444336
obstacle
0.704454243183
52.4699249268 169.388473511 24.9906768799 27.9899597168
obstacle
0.697057306767
46.7577629089 166.570831299 22.7697944641 25.9926147461
obstacle
0.695440292358
50.4745101929 160.704559326 24.2688446045 32.6460571289
obstacle
0.691189706326
51.1539154053 168.461883545 28.0598602295 26.6860656738
obstacle
0.661492407322
50.3017272949 161.736663818 26.5133666992 30.8118591309
obstacle
0.658209443092
51.1787986755 164.485458374 32.7073707581 28.9081115723
obstacle
0.652244329453
208.577545166 136.142074585 99.9430541992 29.3182373047
obstacle
0.622679114342
55.6063919067 169.498443604 21.2566375732 23.0420227051
obstacle
0.601839900017
49.1063766479 165.511779785 21.8278198242 30.1924438477
obstacle
0.601839900017
44.9446029663 162.573608398 25.5199203491 31.8146362305
obstacle
0.599153518677
174.441894531 192.029663086 251.997253418 66.8434143066
obstacle
0.597310900688
49.3875923157 165.051727295 21.0394859314 25.9346923828
obstacle
0.592269599438
264.45904541 165.629104614 112.389160156 24.0326538086
obstacle
0.589549720287
233.617721558 197.094268799 104.212600708 62.361907959
obstacle
0.576872587204
49.2793159485 164.774703979 24.5717658997 22.9031982422
obstacle
0.575231134892
45.4474601746 169.652099609 24.8815345764 31.3824157715
obstacle
0.566251993179
183.505950928 180.8777771 209.896484375 87.7618408203
obstacle
0.550743341446
283.724456787 172.149383545 75.4923706055 21.4019775391
obstacle
0.546897411346
45.9410820007 160.277770996 35.05676651 31.9479675293
obstacle
0.533819615841
43.0694503784 166.4453125 24.6698455811 33.8442687988
obstacle
0.529078423977
187.907745361 195.254150391 150.199157715 42.383605957
obstacle
0.514947474003
236.167114258 198.503845215 96.3948974609 53.7676086426
obstacle
0.505780518055
281.191345215 164.767089844 83.1415405273 21.1368713379
obstacle
0.501901865005
50.8209152222 161.407974243 33.1590118408 33.2214050293
obstacle
0.496750682592
58.3200187683 163.655212402 23.5960426331 29.7383422852
obstacle
0.496750682592
59.1947135925 160.002029419 19.4772148132 27.9488525391
obstacle
0.496350884438
287.111999512 174.659988403 66.9129638672 20.9462890625
obstacle
0.474074333906
362.583007812 189.219100952 69.5419311523 47.9444885254
obstacle
0.46833011508
196.476364136 182.659942627 84.7184906006 53.1528930664
obstacle
0.44699460268
292.47088623 162.798721313 56.3715820312 19.8213195801
obstacle
0.428862243891
187.785018921 184.484313965 106.763381958 59.7009887695
obstacle
0.427678138018
192.327545166 194.841339111 134.854919434 53.3005371094
obstacle
0.408813744783
248.368667603 199.568847656 84.3475799561 56.0637817383
obstacle
0.403029173613
50.6849517822 160.371292114 21.6633605957 25.1551818848
obstacle
0.403029173613
55.6839790344 161.718429565 18.5537757874 22.8540344238
obstacle
0.393935114145
181.951919556 204.499450684 218.327865601 39.4878845215
obstacle
0.383147388697
189.276275635 179.352355957 263.682556152 76.7161254883
obstacle
0.379523664713
221.624923706 196.786376953 120.260177612 51.0813293457
obstacle
0.365031391382
217.312194824 134.201522827 59.3149414062 26.8251647949
obstacle
0.347208350897
382.969848633 187.744110107 33.8427734375 31.4745788574
obstacle
0.344391584396
370.51550293 183.281402588 54.8890991211 44.9170532227
obstacle
0.343965470791
236.72869873 203.320587158 109.69708252 49.9097900391
obstacle
0.340880602598
298.177703857 165.23664856 55.4147338867 16.9129943848
obstacle
0.336867034435
212.75088501 133.695892334 94.380859375 25.4349365234
obstacle
0.332834005356
301.741821289 170.397384644 67.7286376953 18.0983581543
obstacle
0.329681962729
377.544830322 187.785675049 34.3846435547 31.2728881836
obstacle
0.329302787781
221.910064697 138.110733032 43.7299804688 22.2140197754
obstacle
0.326479673386
225.318145752 139.142471313 73.7038574219 27.5628967285
obstacle
0.323219716549
108.097961426 232.548080444 49.3272094727 30.8546295166
obstacle
0.319820165634
287.703063965 161.141525269 52.7935180664 20.2893981934
obstacle
0.318364292383
216.583572388 136.7918396 62.0312652588 28.1030578613
obstacle
0.314513415098
103.034988403 233.488189697 56.4424438477 34.1141967773
obstacle
0.314020425081
298.754730225 175.337936401 54.4161376953 17.2041015625
obstacle
0.310609221458
200.408172607 190.691711426 67.672668457 45.0353393555
obstacle
0.310609221458
202.261291504 187.850357056 72.4789123535 41.5661315918
obstacle
0.307281136513
357.714538574 191.101104736 72.8696899414 41.2952270508
obstacle
0.300717771053
119.198043823 227.656906128 24.0855407715 23.132232666
obstacle
0.284510463476
123.403991699 190.535217285 312.136108398 62.1362304688
obstacle
0.279397457838
221.920288086 194.26802063 99.6049804688 47.525390625
obstacle
0.274905800819
126.517410278 228.808288574 25.1290283203 25.2236938477
obstacle
0.270998924971
190.009841919 184.064147949 88.5924530029 47.6460571289
obstacle
0.269889324903
135.357543945 181.993865967 282.813598633 69.2649230957
obstacle
0.266466856003
183.397506714 151.958114624 263.970947266 101.934387207
obstacle
0.264088362455
121.728942871 230.619918823 28.0171508789 25.1174316406
obstacle
0.253692567348
202.177307129 187.061172485 81.1170043945 46.2861328125
obstacle
0.252208739519
119.133674622 234.215713501 29.4652328491 24.0442962646
obstacle
0.252208739519
112.154647827 234.064834595 33.0213317871 27.6361236572
obstacle
0.251989722252
175.038513184 198.498123169 196.268920898 48.4393005371
obstacle
0.251945972443
114.417053223 239.72807312 37.1762084961 26.1515045166
obstacle
0.251222908497
201.863708496 197.239593506 115.015563965 43.5236816406
obstacle
0.240500405431
375.4894104 177.538238525 47.6633300781 43.7816467285
obstacle
0.237252146006
176.267211914 189.086608887 153.797454834 53.7929382324
obstacle
0.23690906167
112.577919006 232.956375122 43.4877700806 29.3819122314
obstacle
0.226483672857
290.896911621 175.131973267 53.9175415039 19.2956848145
obstacle
0.222895756364
114.679985046 232.180511475 24.5892410278 22.9124755859
obstacle
0.221798628569
110.573654175 239.390090942 34.3826599121 27.076461792
obstacle
0.221341341734
208.674407959 191.42401123 94.0177001953 45.0878601074
obstacle
0.220352828503
110.777740479 229.134002686 42.9008178711 31.1535949707
obstacle
0.215088382363
225.698623657 135.617736816 32.6599578857 23.0350646973
obstacle
0.20696811378
105.500717163 230.327301025 48.7762756348 33.7008056641
obstacle
0.206397458911
107.906906128 228.511642456 33.1301574707 32.6006317139
obstacle
0.204656332731
200.734619141 180.539764404 68.4432678223 50.189666748
obstacle
0.203312397003
183.688201904 194.991027832 166.329040527 60.6195678711
obstacle
0.203058436513
117.953811646 236.145401001 31.655090332 24.5115814209
obstacle
0.203058436513
110.827400208 236.295288086 35.4847640991 28.1762084961
obstacle
0.202003896236
193.746261597 186.693557739 87.7756500244 50.7949829102
obstacle
0.201903909445
199.699615479 168.428436279 59.6643066406 54.0088500977
obstacle
0.198973760009
192.184951782 188.462341309 115.516464233 42.9702758789
obstacle
0.195427343249
47.3625793457 166.052978516 37.3803253174 38.1441040039
obstacle
0.193364545703
121.179824829 162.833465576 318.543457031 90.1418457031
obstacle
0.193208903074
128.059524536 180.899429321 293.372497559 100.75239563
obstacle
0.190328225493
204.260787964 189.397857666 55.3009185791 40.4500427246
obstacle
0.188958570361
96.4193725586 234.009094238 73.1701049805 24.9320983887
obstacle
0.183121472597
225.390594482 132.528701782 31.3167724609 20.092010498
obstacle
0.183121472597
220.935531616 134.785766602 34.9206848145 21.2192077637
obstacle
0.175893068314
190.544372559 200.826370239 185.256591797 47.4369812012
obstacle
0.175205096602
38.8701820374 168.82232666 19.9126968384 27.8319396973
obstacle
0.174198925495
187.997680664 168.646331787 76.7925720215 36.9982910156
obstacle
0.162428900599
117.970619202 222.374511719 25.1581039429 29.6463623047
obstacle
0.161454081535
203.460327148 196.975769043 56.5061645508 33.9451904297
obstacle
0.161028817296
202.537750244 193.308837891 136.705932617 58.5647277832
obstacle
0.159669846296
106.964813232 231.736083984 35.4971618652 31.4311828613
obstacle
0.158907815814
211.432449341 184.940826416 42.4296569824 35.173034668
obstacle
0.157725721598
46.7399749756 169.876953125 41.868270874 33.2223510742
obstacle
0.147204965353
146.779510498 196.403503418 284.306884766 63.2874755859
obstacle
0.146866634488
192.607955933 190.931594849 116.935592651 47.1185913086
obstacle
0.146217897534
110.690116882 234.800231934 47.5182876587 29.7713317871
obstacle
0.145321965218
269.096282959 174.936691284 185.243896484 73.8181762695
obstacle
0.144629344344
108.808273315 234.948394775 30.8841400146 31.1253051758
obstacle
0.144629344344
106.384010315 240.103759766 29.6156234741 24.6841125488
obstacle
0.144137308002
109.636604309 234.889205933 45.6470718384 27.6385345459
obstacle
0.14393876493
158.61050415 169.286437988 276.539978027 91.6531677246
obstacle
0.142820239067
188.61138916 173.856521606 71.6174316406 44.5612182617
obstacle
0.141755267978
193.268096924 176.573486328 72.6448059082 50.9486999512
obstacle
0.141488060355
120.392250061 232.14604187 29.8854293823 25.651260376
obstacle
0.140299618244
113.681434631 233.98789978 25.8419723511 22.5804138184
obstacle
0.140012547374
202.677200317 161.333206177 55.1275177002 53.5469055176
obstacle
0.136909797788
110.973274231 241.148208618 38.7865829468 26.0130157471
obstacle
0.136214703321
119.666625977 231.932281494 29.116973877 23.9304199219
obstacle
0.135667517781
107.570648193 240.83102417 36.0944519043 27.0767211914
obstacle
0.134255960584
113.167198181 242.243469238 40.7568130493 24.7366333008
obstacle
0.13327281177
44.5429000854 172.141143799 41.7963409424 40.9495544434
obstacle
0.131988942623
242.887512207 143.964935303 48.6688232422 25.6751098633
obstacle
0.13062761724
221.297241211 132.403030396 33.5657653809 22.4617614746
obstacle
0.13062761724
225.713867188 130.278808594 30.1058044434 21.2652893066
obstacle
0.128604188561
336.793640137 196.789916992 91.7391357422 40.7501220703
obstacle
0.128373265266
248.405014038 207.147842407 93.005355835 40.8545532227
obstacle
0.128212586045
109.163955688 241.811050415 38.428894043 25.8337249756
obstacle
0.128139182925
227.009658813 133.207168579 29.8454589844 23.4631652832
obstacle
0.126731112599
376.093475342 190.27432251 34.2534790039 28.4010009766
obstacle
0.122752465308
101.978660583 234.570617676 52.7839126587 29.5171813965
obstacle
0.121081732213
376.407165527 190.674606323 36.3000488281 32.9243164062
obstacle
0.120976366103
371.649719238 173.389846802 44.0791015625 48.7560424805
obstacle
0.120593473315
120.435523987 234.125213623 25.5816879272 26.2627258301
obstacle
0.120593473315
113.619140625 233.960220337 28.6526184082 30.200302124
obstacle
0.120562121272
186.475494385 155.744674683 176.197143555 135.83442688
obstacle
0.119003459811
106.917999268 232.841369629 46.7690734863 27.4908447266
obstacle
0.118905574083
205.255050659 181.987960815 72.4642181396 47.0852966309
obstacle
0.117332525551
364.581665039 186.883605957 62.6976928711 42.9226989746
obstacle
0.117065757513
225.610122681 135.300460815 31.617477417 21.4321289062
obstacle
0.116985544562
380.169342041 190.615570068 34.9205932617 27.7683410645
obstacle
0.116428650916
222.237960815 140.179046631 60.7963409424 30.4566650391
obstacle
0.114947065711
124.050987244 230.748245239 23.3656082153 27.0388946533
obstacle
0.114384323359
209.732116699 188.099349976 45.5891723633 36.3674926758
obstacle
0.114272668958
379.63482666 189.809555054 28.430480957 31.4777832031
obstacle
0.113559536636
303.467224121 191.061538696 139.541259766 40.2081298828
obstacle
0.113292880356
124.189926147 229.568893433 26.7450866699 23.3714599609
obstacle
0.113040775061
402.993652344 36.887008667 67.2288818359 29.3866348267
obstacle
0.112752072513
205.112640381 173.652145386 62.5973205566 50.8396911621
obstacle
0.112438820302
371.361755371 182.312301636 49.6672363281 40.7734375
obstacle
0.112435922027
191.817932129 185.76083374 84.0312194824 41.4906616211
obstacle
0.111639790237
191.724746704 162.163192749 234.450790405 63.888458252
obstacle
0.110115341842
208.521697998 189.400131226 45.885559082 30.3600769043
obstacle
0.108541212976
207.986465454 186.433303833 48.4635009766 39.2473144531
obstacle
0.107828304172
198.391708374 171.642868042 59.6757965088 41.6932067871
obstacle
0.107036203146
114.998184204 223.886245728 28.7136230469 27.2715759277
obstacle
0.106865927577
97.0830688477 107.644943237 34.5000915527 24.6024017334
obstacle
0.105910778046
114.519004822 233.883300781 38.7212295532 30.4996032715
obstacle
0.105341807008
221.791168213 137.824325562 40.5455322266 21.3414001465
obstacle
0.104261502624
83.5715332031 184.926239014 350.65057373 63.0718078613
obstacle
0.10396271944
204.198181152 190.862548828 52.5217590332 35.2098083496
obstacle
0.103955127299
216.815704346 133.538253784 55.2633056641 25.9030761719
obstacle
0.103107877076
115.865119934 231.535705566 20.9737472534 25.6056213379
obstacle
0.101756885648
222.513168335 135.56098938 40.193862915 22.8858032227
obstacle
0.101692579687
111.832565308 240.045227051 30.13722229 29.8338928223
obstacle
0.10090046376
198.88482666 182.087417603 68.8491210938 41.947052002
obstacle
0.100241318345
115.739303589 240.65574646 33.1807861328 28.481918335
obstacle
0.0998355075717
218.412567139 131.15083313 53.9783935547 27.4882202148
obstacle
0.0986638665199
56.4850654602 172.051513672 21.754940033 24.9181518555
obstacle
0.0975275859237
121.371810913 227.204391479 19.9382019043 25.578125
obstacle
0.095627874136
200.468978882 175.070587158 76.5012969971 53.866973877
obstacle
0.0953616574407
50.4272842407 156.860961914 20.9159317017 32.3680725098
obstacle
0.0953616574407
55.4650840759 158.542526245 17.9188270569 29.3797912598
obstacle
0.0951399281621
376.283416748 180.414474487 45.4770507812 46.0677185059
obstacle
0.0936503261328
99.2829208374 92.5948104858 26.8131103516 34.7674255371
obstacle
0.0935824885964
108.665786743 229.210845947 30.6672058105 34.4793701172
obstacle
0.0927692055702
50.0121536255 161.18637085 19.6879043579 34.0150146484
obstacle
0.0923480838537
103.250152588 107.686576843 32.5345153809 23.8158035278
obstacle
0.0904746651649
385.591522217 190.011489868 28.5734863281 31.1142883301
obstacle
0.0894002392888
47.6326599121 161.899993896 24.5880584717 28.6168212891
obstacle
0.0893526226282
331.747558594 190.807403564 109.244689941 42.2433166504
obstacle
0.0888900831342
381.262054443 190.574859619 36.3433227539 33.0151672363
obstacle
0.0886392146349
203.501373291 199.360687256 52.4504394531 28.0504455566
obstacle
0.0879840105772
228.064468384 133.889816284 25.2613525391 24.5947570801
obstacle
0.0878233462572
111.288284302 230.840484619 43.0542297363 31.8726806641
obstacle
0.0872483626008
53.7883110046 175.713623047 26.2907447815 28.9497375488
obstacle
0.0871746838093
217.51411438 132.361984253 56.2010955811 31.4913635254
obstacle
0.0868785232306
203.43963623 176.801101685 52.7480163574 45.4178161621
obstacle
0.0868785232306
207.263427734 181.337905884 56.0858764648 44.5801086426
obstacle
0.086687065661
58.9835166931 168.597915649 17.5235328674 29.7501831055
obstacle
0.0865276306868
106.513748169 237.035797119 33.7338256836 29.8804321289
obstacle
0.0865276306868
104.186882019 241.744842529 32.344367981 23.7054138184
obstacle
0.0862442478538
362.206665039 193.618087769 57.1259765625 38.6298828125
obstacle
0.0852913782001
116.433074951 224.298233032 26.7394104004 28.9571838379
obstacle
0.0851516053081
104.644515991 233.20324707 50.7485961914 33.1653747559
obstacle
0.0851433053613
344.40045166 198.570343018 67.8688964844 34.7691955566
obstacle
0.0851372778416
52.2072715759 172.527755737 30.2401161194 28.375
obstacle
0.0847772881389
51.5563697815 166.322372437 27.684627533 32.4182434082
obstacle
0.0844149664044
92.5985870361 108.588829041 38.9098510742 22.7941055298
obstacle
0.083367086947
61.8891143799 158.762619019 17.9937438965 32.6021118164
obstacle
0.083367086947
61.6150360107 162.333511353 21.7818908691 34.7005615234
obstacle
0.0831496343017
207.152572632 195.735351562 48.0208129883 32.0440673828
obstacle
0.0829045325518
211.272064209 176.50680542 50.2467651367 44.0350036621
obstacle
0.0829045325518
207.205383301 171.87713623 47.2626953125 44.8622131348
obstacle
0.0825675949454
44.1845397949 158.749084473 22.8664550781 41.939453125
obstacle
0.0825675949454
48.4607658386 161.88861084 19.5739021301 39.7842407227
obstacle
0.0824869573116
190.412536621 188.190689087 96.8693237305 54.9564819336
obstacle
0.0821160376072
86.9514312744 107.410369873 34.7667541504 25.1739044189
obstacle
0.0820675119758
204.767669678 189.775436401 49.162689209 40.3738708496
obstacle
0.0816702544689
215.425689697 187.304946899 34.5223388672 35.0782165527
obstacle
0.08124922961
202.646087646 191.147445679 64.4459838867 35.5202941895
obstacle
0.08124922961
200.767089844 194.270767212 60.1798706055 38.472442627
obstacle
0.0811373069882
223.496459961 139.079330444 69.470703125 28.3192749023
obstacle
0.0809668600559
295.574615479 158.104614258 49.7506103516 21.9622192383
obstacle
0.0806188210845
212.164993286 189.110397339 38.4479370117 39.5369567871
obstacle
0.0801427513361
99.2728424072 108.943824768 36.4797210693 21.6344680786
obstacle
0.0798566192389
40.5915336609 164.969345093 52.4125404358 35.12109375
obstacle
0.0797222703695
128.518707275 228.741867065 20.8099365234 26.9983825684
obstacle
0.0776114687324
39.884967804 162.504089355 42.1056632996 30.6954040527
obstacle
0.0775978118181
221.334457397 132.387329102 44.8452911377 28.5319824219
obstacle
0.077410325408
46.6545448303 165.518753052 25.8896598816 22.9954528809
obstacle
0.0769159570336
233.581329346 128.175033569 49.1368408203 27.9040222168
obstacle
0.0767249986529
226.432022095 131.098205566 26.4486999512 22.0679016113
obstacle
0.0767249986529
222.100769043 133.270812988 29.4739074707 23.3117370605
obstacle
0.0766155198216
116.111213684 105.872619629 26.9819564819 21.6939849854
obstacle
0.0763505771756
190.927688599 162.758010864 69.7860565186 39.5513305664
obstacle
0.0762913748622
224.803237915 136.804153442 33.0967559814 23.7615966797
obstacle
0.0759313255548
220.63293457 140.34664917 57.9401855469 31.2317199707
obstacle
0.0754172056913
118.65335083 229.548706055 24.5213012695 23.2170410156
obstacle
0.0752779990435
193.818511963 190.520019531 82.0322265625 44.4005432129
obstacle
0.0750301256776
308.382080078 186.082946777 130.264892578 43.0599060059
obstacle
0.0750052407384
189.141723633 177.980758667 91.560546875 60.0577392578
obstacle
0.074286237359
187.36378479 170.760955811 78.6365509033 30.5928039551
obstacle
0.0730757266283
52.3244285583 159.385437012 25.6551017761 39.9899597168
obstacle
0.07291341573
290.473144531 161.876281738 56.8053588867 17.9327392578
obstacle
0.0727968588471
175.247802734 200.320602417 213.227539062 42.328125
obstacle
0.0727509856224
204.309051514 183.366882324 58.1941833496 36.052947998
obstacle
0.0727509856224
200.664276123 178.86907959 54.7285766602 36.7267456055
obstacle
0.0726509541273
222.360305786 126.249763489 28.5708312988 20.8935012817
obstacle
0.0726368576288
197.117980957 184.33934021 71.1841125488 47.118927002
obstacle
0.0725048258901
363.50970459 190.240112305 63.7026977539 45.2164611816
obstacle
0.0724850296974
207.655975342 180.667480469 62.4039611816 54.3122558594
obstacle
0.072474040091
45.8169975281 175.56817627 38.5028877258 32.9643859863
obstacle
0.0723677277565
210.844177246 186.249816895 61.753326416 46.6430969238
obstacle
0.0722235441208
301.866760254 160.549453735 49.6985473633 19.4996948242
obstacle
0.0714544430375
113.313949585 106.528205872 30.4733276367 19.9390106201
obstacle
0.0714340135455
295.827514648 164.335159302 57.4196166992 15.9416809082
obstacle
0.0713962838054
45.0391998291 164.971359253 39.4040527344 32.2975463867
obstacle
0.0713216215372
95.3980484009 93.6653900146 30.9596405029 31.028503418
obstacle
0.0712922737002
291.419799805 191.704986572 146.919494629 36.46875
obstacle
0.0709996968508
220.071105957 204.245239258 121.859680176 48.6543884277
obstacle
0.070939026773
334.326263428 191.528289795 89.2626953125 46.0476989746
obstacle
0.0708018615842
118.674064636 222.157150269 22.4271316528 31.883605957
obstacle
0.0702216923237
46.8552436829 164.858322144 19.5012321472 34.7999267578
obstacle
0.0701333731413
49.4345283508 156.59513855 23.6444969177 44.2572937012
obstacle
0.0694680064917
41.8712463379 162.093536377 26.1991271973 35.147857666
obstacle
0.0694680064917
46.4957923889 165.056991577 22.4047584534 33.3501586914
obstacle
0.0693636834621
51.1498031616 167.201400757 23.4384078979 35.0157470703
obstacle
0.0692987889051
287.543304443 163.579406738 86.7529907227 19.369354248
obstacle
0.0680251866579
53.8127326965 167.057113647 26.8574867249 34.6729736328
obstacle
0.0679347589612
205.596710205 185.260391235 59.906463623 40.7317199707
obstacle
0.0677753016353
44.366104126 165.635665894 40.8620758057 34.3575134277
obstacle
0.0674713253975
221.243331909 128.438827515 32.0112915039 17.8707580566
obstacle
0.0672996416688
290.410614014 156.316360474 48.1976318359 23.286315918
obstacle
0.0672766491771
285.306732178 159.769165039 55.5054931641 19.0108032227
obstacle
0.0670008584857
383.192504883 189.971740723 32.3406982422 27.5455322266
obstacle
0.0666997283697
56.2489051819 163.401855469 23.4770317078 33.3128967285
obstacle
0.0665380954742
211.064285278 179.727355957 51.3425750732 49.5462341309
obstacle
0.0661490038037
204.62097168 167.37701416 49.068939209 50.4136962891
obstacle
0.065933175385
49.077331543 172.196655273 27.5356369019 28.260559082
obstacle
0.065201304853
50.5325546265 163.953704834 24.2587966919 36.0873413086
obstacle
0.0650790035725
48.7520713806 166.124176025 24.8119239807 25.2640075684
obstacle
0.065044298768
104.474212646 182.659240723 311.171447754 75.5786132812
obstacle
0.0644188895822
211.311294556 197.135147095 37.3933410645 31.8500061035
obstacle
0.0640011951327
367.762329102 176.346588135 48.5452880859 42.6581115723
obstacle
0.0639360696077
369.800231934 185.984481812 56.9790039062 47.6575012207
obstacle
0.0631932243705
229.634048462 136.925765991 62.4340057373 30.3446960449
obstacle
0.0629049837589
81.4076843262 108.096176147 32.3178405762 26.4639587402
obstacle
0.0628951862454
212.719070435 187.032073975 40.2077636719 34.0973205566
obstacle
0.0628034770489
195.434509277 183.549041748 112.388244629 42.9450073242
obstacle
0.0627215132117
50.080078125 162.924514771 26.6579055786 33.3448486328
