obstacle
0.983432233334
154.599914551 151.981323242 148.580413818 40.426940918
obstacle
0.971844851971
283.122741699 57.073348999 79.9632568359 25.4837493896
obstacle
0.93888014555
406.467773438 64.1781921387 75.5364379883 22.0974578857
obstacle
0.158279582858
332.928253174 66.8698120117 28.3490600586 21.6365509033
obstacle
0.103625230491
281.130279541 62.8154220581 25.1204223633 19.7434844971
obstacle
0.0740470513701
158.718566895 161.774871826 64.7176208496 24.0260009766
obstacle
0.0418723784387
454.644927979 63.6640014648 37.0040283203 25.9612884521
obstacle
0.0413231626153
292.73550415 48.7359848022 48.2366333008 23.0874176025
obstacle
0.0387914851308
385.003265381 56.9803085327 114.996734619 49.1079559326
obstacle
0.0349299274385
220.549331665 161.744369507 70.8823699951 20.7230224609
obstacle
0.0291211754084
415.514862061 74.5945968628 57.3186035156 22.7339324951
obstacle
0.0277112312615
482.539611816 96.4220733643 17.4603881836 31.7954559326
obstacle
0.0185919441283
184.490966797 149.766723633 51.9066772461 28.2307434082
obstacle
0.0110336383805
183.614440918 124.124633789 139.64074707 108.086242676
obstacle
0.0106285698712
163.422988892 149.99899292 39.8453674316 26.819519043
