obstacle
0.99066144228
250.245529175 90.6778182983 196.685134888 53.006690979
obstacle
0.984441459179
1.75695800781 69.1983947754 135.166305542 47.8982086182
obstacle
0.557116270065
368.462280273 102.911064148 85.5641479492 36.7121047974
obstacle
0.391722619534
324.95602417 51.9885978699 44.0942382812 29.6311683655
obstacle
0.27530631423
469.189544678 49.2328720093 22.2252807617 24.0434646606
obstacle
0.232805922627
482.154907227 45.7058868408 17.8450927734 42.0216369629
obstacle
0.221773803234
311.134765625 81.1135025024 66.2208251953 57.4662094116
obstacle
0.115070819855
263.270812988 92.2172241211 52.923034668 42.2414550781
obstacle
0.0789878219366
281.436950684 104.493614197 73.9967651367 31.584236145
obstacle
0.0530437678099
330.211669922 60.521282196 19.3711547852 24.3800086975
obstacle
0.0400219447911
376.702178955 84.741394043 29.1844482422 51.6564178467
obstacle
0.0362755283713
259.385192871 66.6649246216 20.4681396484 23.5465087891
obstacle
0.0343316942453
262.852905273 58.9440841675 144.638305664 56.561126709
obstacle
0.0334456153214
0.0 78.5751037598 74.833114624 26.3675537109
obstacle
0.032282371074
409.907836914 105.140190125 29.1080322266 31.0382766724
obstacle
0.017430998385
362.241485596 66.9635543823 26.0472412109 25.9895172119
obstacle
0.0151739818975
196.40322876 41.1315231323 303.59677124 126.853034973
obstacle
0.0146828247234
264.134521484 72.2469863892 29.0197753906 29.1025848389
obstacle
0.0142738251016
296.529388428 71.5770263672 129.862792969 155.232757568
