obstacle
0.97247928381
108.363265991 114.394958496 301.012329102 88.5269470215
obstacle
0.960664749146
265.192047119 108.855278015 230.513427734 60.0084915161
obstacle
0.714932799339
381.295898438 113.779571533 92.2999267578 37.2733459473
obstacle
0.626974463463
138.762817383 130.506072998 99.6091308594 65.9510192871
obstacle
0.487227469683
293.874694824 117.330612183 87.4739990234 79.7609863281
obstacle
0.326058089733
312.803131104 158.340637207 58.5299682617 27.8034362793
obstacle
0.269594192505
206.52722168 123.101387024 118.281860352 57.9723129272
obstacle
0.228554010391
428.258361816 13.8538017273 67.8951416016 60.3603248596
obstacle
0.201482340693
270.605499268 79.3656692505 35.8528442383 32.4055938721
obstacle
0.0847022756934
247.991882324 94.5665817261 51.4481201172 54.3303604126
obstacle
0.0817897319794
156.909591675 111.124610901 27.6461791992 25.222038269
obstacle
0.0366554446518
427.226379395 0.0 72.7736206055 25.9914093018
obstacle
0.0334437452257
167.203948975 138.006851196 47.8038330078 39.952545166
obstacle
0.0280751660466
153.889709473 122.362297058 43.0756530762 31.4723587036
obstacle
0.022366527468
421.171691895 118.12046814 45.3114624023 21.9501953125
obstacle
0.0219099856913
359.705993652 107.378852844 66.6724853516 62.6769332886
obstacle
0.0168957356364
195.582733154 0.0 37.3392028809 51.0889282227
obstacle
0.0105511881411
281.836486816 7.62870025635 218.163513184 193.553192139
obstacle
0.0104662096128
474.115875244 0.0 25.8841247559 53.6858940125
