obstacle
0.552289843559
87.0881958008 140.270233154 65.7555847168 28.8246765137
obstacle
0.421373873949
177.920120239 176.763626099 67.0534973145 38.2891540527
obstacle
0.388827651739
264.984710693 330.033325195 138.425048828 43.9666748047
obstacle
0.234200567007
312.545776367 301.459381104 86.4275512695 57.3826904297
obstacle
0.0505632087588
208.989334106 285.956848145 252.66178894 88.0431518555
obstacle
0.0503190159798
267.392425537 324.396484375 35.917175293 49.603515625
obstacle
0.0476170293987
83.1398544312 153.699142456 43.5732879639 24.9725952148
obstacle
0.0461477786303
290.117919922 316.402282715 71.723449707 34.1755981445
obstacle
0.0311706475914
232.847686768 315.887634277 67.6428222656 35.1314086914
obstacle
0.0202520024031
9.04741096497 137.286697388 42.8373794556 32.1905212402
obstacle
0.0184077136219
261.716491699 141.342193604 56.7000732422 36.5296020508
obstacle
0.0118594393134
144.978469849 180.865188599 42.112121582 21.9170532227
obstacle
0.0115993479267
99.7167892456 160.654296875 57.5693435669 24.1823120117
obstacle
0.0112915281206
0.0 133.671325684 316.433105469 69.7495422363
