obstacle
0.979760348797
318.406433105 187.069641113 89.0054321289 29.4862365723
obstacle
0.970088541508
91.7079925537 184.253204346 82.1575622559 19.2530212402
obstacle
0.959838986397
469.514068604 176.757247925 30.4859313965 17.9607849121
obstacle
0.706613957882
89.9207687378 175.764404297 66.5360794067 18.4247741699
obstacle
0.679658293724
84.5904312134 189.511795044 37.9388885498 15.3854675293
obstacle
0.556194603443
458.799255371 181.701782227 23.4501342773 18.8960266113
obstacle
0.507279515266
414.60043335 288.476745605 77.3256835938 37.5567626953
obstacle
0.461966127157
148.139160156 182.307312012 28.0012817383 21.3822631836
obstacle
0.236445456743
456.63470459 169.0650177 27.6567993164 20.7614440918
obstacle
0.158130347729
371.691741943 189.494613647 28.3533935547 20.9527282715
obstacle
0.145694613457
451.863372803 296.233673096 29.4647827148 29.4009399414
obstacle
0.135907948017
105.788093567 196.042190552 63.3474349976 14.2488708496
obstacle
0.0905857905746
412.789794922 284.272125244 36.7665405273 30.182800293
obstacle
0.047028336674
420.034698486 302.987579346 37.7954101562 30.0124206543
obstacle
0.0284229759127
331.547241211 176.229232788 67.6970825195 24.8806762695
obstacle
0.0277611091733
55.0597686768 175.337722778 140.008071899 38.884765625
obstacle
0.0249176416546
349.581939697 187.700500488 38.2720336914 18.26953125
obstacle
0.0208813939244
137.041625977 200.651412964 31.7554931641 13.9319763184
obstacle
0.0144682191312
466.662750244 291.323486328 33.3372497559 41.6765136719
obstacle
0.0104376869276
436.582855225 170.563171387 63.4171447754 31.104888916
