obstacle
0.986491203308
34.4908447266 132.465652466 300.477844238 71.2667541504
obstacle
0.973969817162
176.028823853 71.0557479858 52.4376525879 14.5236053467
obstacle
0.969370901585
244.123718262 74.525894165 64.0350341797 16.2268829346
obstacle
0.960160017014
188.104354858 75.9707870483 28.7072753906 17.3812561035
obstacle
0.934264540672
303.92300415 72.0469207764 57.2776489258 17.7778015137
obstacle
0.586399316788
171.740844727 55.0268173218 69.6982727051 20.0239868164
obstacle
0.554932534695
200.076629639 124.892562866 97.3398132324 71.3358459473
obstacle
0.497930318117
73.5645217896 139.783752441 114.072502136 55.5653686523
obstacle
0.48973608017
168.139068604 64.0185317993 195.626953125 37.0514526367
obstacle
0.396945685148
287.505187988 75.5947341919 42.8442993164 17.8653564453
obstacle
0.381430029869
156.341186523 83.801109314 197.669952393 54.6792678833
obstacle
0.283714056015
245.241317749 138.432495117 93.952835083 45.6425476074
obstacle
0.256867617369
277.860717773 67.2989044189 59.4814453125 17.7026367188
obstacle
0.208351492882
136.958374023 137.437545776 120.271026611 51.2918395996
obstacle
0.176350161433
241.648208618 82.5032806396 79.4805755615 19.214050293
obstacle
0.0664673894644
163.324813843 95.4550323486 112.891677856 28.2342376709
obstacle
0.0661903247237
177.718383789 97.7053222656 194.15246582 166.419006348
obstacle
0.0651169717312
293.655761719 84.8894348145 69.6201171875 19.6520233154
obstacle
0.0596735477448
40.1426849365 158.675827026 91.0962524414 29.5907592773
obstacle
0.0514253415167
157.882904053 79.8401947021 77.5425720215 17.2708435059
obstacle
0.042621191591
153.839447021 181.650863647 111.032562256 20.0518798828
obstacle
0.0207902602851
31.2569351196 175.263275146 67.4893951416 23.1746826172
obstacle
0.014558875002
239.542434692 64.291267395 62.6923370361 19.0484771729
obstacle
0.0137662682682
173.306182861 89.1783065796 69.3298034668 20.0348815918
obstacle
0.0133514497429
27.1491088867 102.547912598 355.464477539 62.1630859375
obstacle
0.0129027413204
173.841918945 142.694137573 55.8823852539 32.8142089844
