obstacle
0.991204023361
306.837524414 87.664352417 73.4495849609 20.0283508301
obstacle
0.960744917393
104.134170532 167.974212646 226.665512085 58.6520385742
obstacle
0.914770185947
309.43548584 99.4035949707 53.3912353516 18.9063873291
obstacle
0.865668296814
447.214294434 117.229179382 18.9481201172 16.2405471802
obstacle
0.73870319128
174.361480713 176.398422241 100.776763916 31.0606079102
obstacle
0.733377695084
441.81350708 121.873054504 25.8888549805 30.1135787964
obstacle
0.703486025333
439.078735352 120.219917297 15.6577758789 16.0347366333
obstacle
0.67197149992
97.2000427246 203.562103271 109.625671387 23.9177856445
obstacle
0.225599095225
118.388458252 190.166610718 121.264862061 29.3671875
obstacle
0.20844219625
96.7762985229 213.474472046 62.0175247192 19.5581665039
obstacle
0.173263117671
444.932312012 111.608551025 39.4556884766 29.5062866211
obstacle
0.111450128257
343.981140137 95.969078064 33.5289306641 15.0360107422
obstacle
0.104144185781
307.215118408 110.916564941 49.2680053711 17.3396148682
obstacle
0.0835889801383
21.1507568359 225.061920166 62.2240524292 17.0601501465
obstacle
0.0491982512176
425.235229492 117.760238647 54.779296875 49.9592895508
obstacle
0.0439117662609
431.092956543 105.08190155 26.5505371094 37.5409011841
obstacle
0.0265915263444
129.793029785 198.045791626 50.7413330078 20.4339294434
obstacle
0.0217704270035
231.006500244 91.7148132324 184.293884277 37.9902038574
obstacle
0.0154900876805
19.3662261963 136.39453125 430.980041504 107.902252197
obstacle
0.014761261642
196.938568115 196.722549438 79.6755065918 24.5094299316
obstacle
0.0129824038595
290.110870361 116.351417542 51.2064819336 18.524848938
obstacle
0.0126186357811
221.396331787 209.858383179 81.7904663086 23.5618286133
