obstacle
0.985491275787
117.040679932 47.1535301208 223.755462646 69.5551147461
obstacle
0.842299640179
369.776184082 161.503097534 130.223815918 57.6257629395
obstacle
0.707732200623
232.779174805 177.745422363 152.468811035 42.6610717773
obstacle
0.659200489521
247.875930786 61.1251602173 86.8876495361 42.7889709473
obstacle
0.518044412136
127.683135986 55.6756057739 100.775238037 37.9471435547
obstacle
0.503229796886
310.836975098 151.36164856 33.783996582 34.671081543
obstacle
0.493400633335
87.8883895874 151.391098022 196.116699219 113.417037964
obstacle
0.486986249685
461.523345947 158.330947876 38.4766540527 57.9575195312
obstacle
0.440351814032
412.176635742 252.053955078 52.913269043 20.5272827148
obstacle
0.412018567324
134.832214355 170.391235352 92.5892944336 69.3257141113
obstacle
0.209591075778
210.092681885 51.2957763672 91.091217041 37.2556152344
obstacle
0.124117523432
79.6114425659 173.48626709 81.1640701294 59.0446777344
obstacle
0.102213174105
301.442962646 146.69543457 65.6137695312 62.7059326172
obstacle
0.0793135166168
121.273391724 165.135620117 378.726623535 65.9863586426
obstacle
0.0765990018845
199.113235474 99.1847686768 93.5268096924 40.2722167969
obstacle
0.047128520906
336.825866699 171.75138855 100.870910645 38.3132629395
obstacle
0.0421646013856
304.331420898 133.682632446 46.5951538086 31.4185791016
obstacle
0.0293238051236
107.695487976 171.950164795 198.962127686 29.5093688965
obstacle
0.0246148929
115.226844788 73.0271911621 80.474357605 41.3573913574
obstacle
0.0234670620412
70.1160736084 22.3803787231 423.284118652 124.811607361
obstacle
0.0225572120398
244.54888916 164.11114502 59.33984375 48.8907165527
obstacle
0.0224360767752
204.287689209 0.0 85.0562744141 162.179473877
obstacle
0.0190361365676
149.559844971 44.7187652588 205.322296143 215.51121521
obstacle
0.0140794357285
271.284088135 92.3613052368 116.723815918 185.577941895
obstacle
0.0129982540384
370.811645508 104.423492432 129.188354492 214.203735352
obstacle
0.0118282465264
249.297454834 159.080230713 167.224304199 34.5731506348
