obstacle
0.296365112066
0.0 80.0 500.0 224.0
obstacle
0.244268521667
0.0 66.0 176.0 251.0
obstacle
0.239492833614
361.0 32.0 139.0 301.0
obstacle
0.233081847429
275.0 11.0 187.0 322.0
obstacle
0.228953674436
0.0 0.0 141.0 199.0
obstacle
0.221320495009
376.0 0.0 124.0 197.0
obstacle
0.215822517872
396.0 47.0 89.0 186.0
obstacle
0.21504586935
48.0 0.0 250.0 270.0
obstacle
0.209709554911
3.0 0.0 497.0 220.0
obstacle
0.204025417566
299.0 0.0 133.0 165.0
obstacle
0.19755384326
157.0 170.0 30.0 34.0
obstacle
0.191867679358
164.0 156.0 110.0 125.0
obstacle
0.189729005098
382.0 239.0 118.0 94.0
obstacle
0.188118472695
340.0 44.0 129.0 135.0
obstacle
0.186010122299
427.0 72.0 73.0 135.0
obstacle
0.184256121516
303.0 78.0 120.0 119.0
obstacle
0.18363635242
206.0 0.0 162.0 164.0
obstacle
0.18246871233
6.0 0.0 110.0 99.0
obstacle
0.182233169675
158.0 147.0 27.0 38.0
obstacle
0.182160332799
394.0 203.0 103.0 76.0
obstacle
0.181353673339
267.0 84.0 118.0 109.0
obstacle
0.174491643906
123.0 157.0 29.0 62.0
obstacle
0.173839062452
230.0 77.0 113.0 122.0
obstacle
0.172556549311
313.0 198.0 111.0 90.0
obstacle
0.171954929829
106.0 0.0 207.0 179.0
obstacle
0.17181776464
119.0 0.0 340.0 148.0
obstacle
0.170740142465
46.0 0.0 110.0 91.0
obstacle
0.169073805213
26.0 184.0 372.0 149.0
obstacle
0.165862500668
0.0 111.0 477.0 109.0
obstacle
0.165248662233
198.0 144.0 26.0 42.0
obstacle
0.164623379707
80.0 93.0 23.0 41.0
obstacle
0.164570331573
0.0 234.0 142.0 99.0
obstacle
0.16428360343
336.0 221.0 141.0 94.0
obstacle
0.163436636329
423.0 52.0 46.0 23.0
obstacle
0.163123250008
119.0 141.0 27.0 50.0
obstacle
0.162440046668
72.0 48.0 48.0 29.0
obstacle
0.161908492446
342.0 21.0 47.0 31.0
obstacle
0.16184695065
351.0 196.0 112.0 91.0
obstacle
0.161178126931
77.0 169.0 37.0 88.0
obstacle
0.161134928465
62.0 84.0 150.0 110.0
obstacle
0.160973683
344.0 0.0 124.0 61.0
obstacle
0.159596890211
0.0 167.0 398.0 99.0
obstacle
0.158849582076
308.0 140.0 116.0 102.0
obstacle
0.157129958272
389.0 98.0 33.0 29.0
obstacle
0.156563743949
36.0 103.0 126.0 129.0
obstacle
0.156216591597
74.0 72.0 37.0 34.0
obstacle
0.154201388359
112.0 111.0 113.0 110.0
obstacle
0.153727799654
111.0 188.0 139.0 111.0
obstacle
0.153544440866
55.0 55.0 87.0 120.0
obstacle
0.15299244225
128.0 192.0 372.0 101.0
obstacle
0.152556866407
196.0 171.0 27.0 33.0
obstacle
0.152409374714
413.0 28.0 87.0 122.0
obstacle
0.152357906103
343.0 44.0 44.0 35.0
obstacle
0.152175575495
201.0 162.0 108.0 112.0
obstacle
0.152096554637
56.0 220.0 165.0 99.0
obstacle
0.151592284441
301.0 174.0 199.0 159.0
obstacle
0.151143535972
98.0 58.0 81.0 109.0
obstacle
0.150284454226
75.0 135.0 34.0 53.0
obstacle
0.150254681706
306.0 220.0 124.0 113.0
obstacle
0.150193348527
301.0 20.0 49.0 32.0
obstacle
0.150149911642
0.0 0.0 85.0 62.0
obstacle
0.150127381086
199.0 67.0 301.0 98.0
obstacle
0.149334535003
159.0 113.0 104.0 107.0
obstacle
0.148710891604
204.0 0.0 176.0 333.0
obstacle
0.148661792278
384.0 23.0 41.0 28.0
obstacle
0.148421153426
3.0 26.0 39.0 28.0
obstacle
0.148060575128
191.0 80.0 114.0 121.0
obstacle
0.147920995951
35.0 47.0 50.0 33.0
obstacle
0.14781755209
423.0 74.0 42.0 32.0
obstacle
0.147672817111
324.0 31.0 88.0 114.0
obstacle
0.147341772914
35.0 70.0 37.0 39.0
obstacle
0.147002130747
143.0 61.0 68.0 101.0
obstacle
0.146282345057
179.0 54.0 72.0 119.0
obstacle
0.145591706038
36.0 161.0 36.0 52.0
obstacle
0.145049959421
349.0 144.0 113.0 94.0
obstacle
0.143992677331
260.0 22.0 55.0 26.0
obstacle
0.143781319261
159.0 122.0 22.0 38.0
obstacle
0.143614992499
119.0 234.0 118.0 99.0
obstacle
0.143056735396
78.0 117.0 32.0 43.0
obstacle
0.14286826551
269.0 192.0 118.0 104.0
obstacle
0.142459467053
82.0 0.0 114.0 86.0
obstacle
0.141702890396
142.0 0.0 139.0 333.0
obstacle
0.141651660204
30.0 140.0 42.0 43.0
obstacle
0.140725150704
385.0 50.0 41.0 26.0
obstacle
0.139224439859
122.0 119.0 24.0 42.0
obstacle
0.138932555914
105.0 49.0 56.0 26.0
obstacle
0.138868287206
232.0 0.0 113.0 65.0
obstacle
0.138521328568
35.0 112.0 38.0 53.0
obstacle
0.138508662581
301.0 43.0 47.0 37.0
obstacle
0.138403207064
142.0 50.0 60.0 24.0
obstacle
0.137952625751
418.0 25.0 48.0 27.0
obstacle
0.136455476284
119.0 96.0 23.0 38.0
obstacle
0.136247605085
0.0 113.0 128.0 109.0
obstacle
0.135834664106
415.0 1.0 56.0 25.0
obstacle
0.135597333312
336.0 0.0 58.0 24.0
obstacle
0.13517652452
36.0 179.0 38.0 69.0
obstacle
0.134881928563
4.0 96.0 27.0 36.0
obstacle
0.134719088674
459.0 124.0 37.0 29.0
obstacle
0.134650439024
3.0 50.0 38.0 29.0
obstacle
0.134301483631
221.0 22.0 57.0 25.0
obstacle
0.13416826725
425.0 271.0 75.0 62.0
obstacle
0.134104803205
31.0 24.0 57.0 30.0
obstacle
0.134058386087
221.0 46.0 58.0 29.0
obstacle
0.133963108063
269.0 0.0 117.0 60.0
obstacle
0.133548393846
0.0 173.0 200.0 89.0
obstacle
0.133323609829
144.0 24.0 57.0 24.0
obstacle
0.133245572448
78.0 244.0 347.0 89.0
obstacle
0.133045554161
38.0 88.0 28.0 51.0
obstacle
0.132989674807
73.0 24.0 48.0 26.0
obstacle
0.132277473807
0.0 0.0 300.0 113.0
obstacle
0.132252126932
180.0 22.0 63.0 26.0
obstacle
0.132228001952
311.0 65.0 33.0 45.0
obstacle
0.132224395871
228.0 114.0 272.0 155.0
obstacle
0.131932854652
178.0 48.0 68.0 26.0
obstacle
0.131701350212
382.0 0.0 118.0 82.0
obstacle
0.131463184953
379.0 0.0 52.0 26.0
obstacle
0.131211981177
155.0 204.0 120.0 129.0
obstacle
0.131157755852
194.0 0.0 113.0 67.0
obstacle
0.13113963604
256.0 254.0 149.0 79.0
obstacle
0.131104364991
461.0 252.0 34.0 33.0
obstacle
0.130520522594
388.0 69.0 36.0 39.0
obstacle
0.130504727364
223.0 196.0 133.0 137.0
obstacle
0.130321294069
13.0 202.0 171.0 83.0
obstacle
0.130296230316
349.0 261.0 118.0 72.0
obstacle
0.130095496774
467.0 24.0 29.0 31.0
obstacle
0.130020171404
0.0 146.0 30.0 33.0
obstacle
0.129390597343
461.0 200.0 32.0 33.0
obstacle
0.129166036844
121.0 185.0 29.0 59.0
obstacle
0.129006758332
116.0 95.0 118.0 84.0
obstacle
0.128443494439
278.0 34.0 104.0 110.0
obstacle
0.127841547132
123.0 0.0 102.0 59.0
obstacle
0.127698630095
0.0 87.0 98.0 109.0
obstacle
0.127398923039
0.0 182.0 98.0 71.0
obstacle
0.127311304212
106.0 24.0 56.0 23.0
obstacle
0.127293586731
261.0 46.0 50.0 29.0
obstacle
0.12699046731
295.0 0.0 63.0 24.0
obstacle
0.126829475164
462.0 228.0 31.0 30.0
obstacle
0.1268183887
76.0 267.0 33.0 51.0
obstacle
0.126606673002
99.0 92.0 227.0 241.0
obstacle
0.126455500722
249.0 19.0 82.0 139.0
obstacle
0.126232787967
79.0 240.0 30.0 54.0
obstacle
0.126055985689
354.0 121.0 19.0 36.0
obstacle
0.124874487519
5.0 120.0 26.0 36.0
obstacle
0.12473911047
111.0 72.0 39.0 34.0
obstacle
0.124324217439
226.0 168.0 132.0 99.0
obstacle
0.124009147286
346.0 70.0 39.0 36.0
obstacle
0.123801626265
33.0 268.0 133.0 65.0
obstacle
0.123435154557
196.0 117.0 28.0 42.0
obstacle
0.122648969293
158.0 0.0 107.0 64.0
obstacle
0.122634232044
0.0 202.0 104.0 81.0
obstacle
0.122367709875
302.0 43.0 198.0 92.0
obstacle
0.122218042612
255.0 0.0 67.0 23.0
obstacle
0.121771484613
236.0 172.0 28.0 29.0
obstacle
0.121759593487
2.0 71.0 32.0 36.0
obstacle
0.121299229562
159.0 98.0 341.0 92.0
obstacle
0.121049314737
422.0 165.0 78.0 102.0
obstacle
0.120866939425
68.0 1.0 59.0 24.0
obstacle
0.120806336403
317.0 70.0 183.0 141.0
obstacle
0.120409607887
271.0 68.0 33.0 37.0
obstacle
0.120274461806
269.0 142.0 116.0 98.0
obstacle
0.11954433471
463.0 97.0 35.0 35.0
obstacle
0.119440115988
190.0 75.0 39.0 23.0
obstacle
0.119419448078
46.0 144.0 172.0 97.0
obstacle
0.118595734239
8.0 122.0 258.0 211.0
obstacle
0.1185625121
176.0 0.0 74.0 132.0
obstacle
0.118215493858
191.0 252.0 126.0 81.0
obstacle
0.117993533611
461.0 178.0 33.0 27.0
obstacle
0.117832653224
341.0 14.0 126.0 102.0
obstacle
0.117644578218
191.0 270.0 41.0 46.0
obstacle
0.117577500641
123.0 207.0 27.0 72.0
obstacle
0.117494165897
212.0 10.0 80.0 159.0
obstacle
0.117046430707
132.0 0.0 86.0 127.0
obstacle
0.11665789783
461.0 152.0 31.0 29.0
obstacle
0.116404503584
421.0 250.0 36.0 36.0
obstacle
0.116150528193
39.0 212.0 31.0 56.0
obstacle
0.115359835327
161.0 194.0 25.0 40.0
obstacle
0.115353688598
215.0 0.0 70.0 22.0
obstacle
0.114831313491
467.0 74.0 27.0 32.0
obstacle
0.114593178034
0.0 263.0 93.0 70.0
obstacle
0.114539049566
464.0 0.0 36.0 29.0
obstacle
0.114431634545
120.0 246.0 28.0 44.0
obstacle
0.114420644939
232.0 73.0 32.0 27.0
obstacle
0.114371873438
36.0 1.0 49.0 25.0
obstacle
0.114271312952
389.0 139.0 108.0 103.0
obstacle
0.113936901093
0.0 23.0 95.0 133.0
obstacle
0.113677874207
157.0 99.0 24.0 30.0
obstacle
0.113610461354
197.0 99.0 26.0 26.0
obstacle
0.113492138684
0.0 60.0 325.0 107.0
obstacle
0.11296454072
0.0 0.0 46.0 28.0
obstacle
0.112765267491
388.0 251.0 28.0 33.0
obstacle
0.112741790712
2.0 247.0 37.0 40.0
obstacle
0.112415388227
194.0 223.0 37.0 41.0
obstacle
0.11239400506
149.0 74.0 40.0 28.0
obstacle
0.112192369998
78.0 213.0 35.0 57.0
obstacle
0.111764982343
237.0 123.0 23.0 31.0
obstacle
0.11164034158
468.0 49.0 28.0 33.0
obstacle
0.1113576442
252.0 0.0 248.0 99.0
obstacle
0.111328549683
421.0 122.0 42.0 28.0
obstacle
0.110957235098
422.0 196.0 32.0 43.0
obstacle
0.110893711448
215.0 137.0 228.0 196.0
obstacle
0.110768325627
312.0 0.0 114.0 80.0
obstacle
0.110624335706
387.0 279.0 34.0 30.0
obstacle
0.110232025385
113.0 272.0 41.0 42.0
obstacle
0.110075198114
177.0 0.0 69.0 23.0
obstacle
0.109477803111
158.0 248.0 30.0 41.0
obstacle
0.109306097031
227.0 0.0 204.0 224.0
obstacle
0.109207712114
351.0 97.0 31.0 32.0
obstacle
0.10846619308
161.0 219.0 27.0 48.0
obstacle
0.108341582119
0.0 251.0 287.0 82.0
obstacle
0.108145952225
421.0 277.0 37.0 35.0
obstacle
0.107787691057
100.0 1.0 68.0 23.0
obstacle
0.107512906194
200.0 201.0 25.0 26.0
obstacle
0.10737169534
192.0 247.0 41.0 42.0
obstacle
0.107136748731
0.0 303.0 36.0 30.0
obstacle
0.10708219558
241.0 142.0 22.0 39.0
obstacle
0.106955170631
352.0 249.0 29.0 37.0
obstacle
0.106692023575
352.0 149.0 18.0 34.0
obstacle
0.106424182653
179.0 298.0 58.0 35.0
obstacle
0.10632352531
232.0 247.0 39.0 39.0
obstacle
0.10555858165
140.0 1.0 65.0 22.0
obstacle
0.105180345476
393.0 123.0 21.0 34.0
obstacle
0.104724794626
306.0 269.0 42.0 48.0
obstacle
0.104607537389
1.0 171.0 33.0 37.0
obstacle
0.104475013912
0.0 276.0 42.0 37.0
obstacle
0.104462981224
425.0 153.0 28.0 28.0
obstacle
0.104444697499
382.0 303.0 40.0 30.0
obstacle
0.104365468025
234.0 224.0 35.0 36.0
obstacle
0.104256972671
238.0 100.0 22.0 25.0
obstacle
0.103946879506
154.0 274.0 38.0 40.0
obstacle
0.103792309761
425.0 96.0 41.0 32.0
obstacle
0.103440187871
313.0 93.0 29.0 37.0
obstacle
0.103330396116
33.0 298.0 43.0 35.0
obstacle
0.103265233338
459.0 304.0 35.0 29.0
obstacle
0.103115312755
4.0 192.0 33.0 43.0
obstacle
0.101154461503
0.0 158.0 94.0 69.0
obstacle
0.101140573621
389.0 224.0 25.0 40.0
obstacle
0.100382097065
458.0 280.0 40.0 29.0
obstacle
0.100371524692
219.0 297.0 56.0 36.0
obstacle
0.100342564285
423.0 223.0 33.0 40.0
obstacle
0.0999075397849
228.0 270.0 43.0 46.0
obstacle
0.0990708097816
5.0 220.0 33.0 40.0
obstacle
0.0988905578852
418.0 301.0 42.0 32.0
obstacle
0.0982113555074
147.0 299.0 47.0 34.0
obstacle
0.0979512482882
350.0 276.0 35.0 35.0
obstacle
0.0977504625916
315.0 125.0 26.0 28.0
obstacle
0.0977068170905
104.0 301.0 54.0 32.0
obstacle
0.0972291529179
315.0 244.0 26.0 45.0
obstacle
0.0963329002261
276.0 97.0 24.0 30.0
obstacle
0.0952224358916
342.0 300.0 42.0 33.0
obstacle
0.0950082838535
313.0 148.0 22.0 34.0
obstacle
0.0944052413106
69.0 300.0 48.0 33.0
obstacle
0.0943128541112
389.0 199.0 23.0 39.0
obstacle
0.0940866395831
0.0 30.0 237.0 117.0
obstacle
0.0936709418893
279.0 172.0 20.0 32.0
obstacle
0.0936142578721
39.0 238.0 30.0 55.0
obstacle
0.0933149531484
277.0 147.0 22.0 32.0
obstacle
0.0932135283947
390.0 178.0 19.0 29.0
obstacle
0.0926611423492
25.0 160.0 140.0 64.0
obstacle
0.092530913651
392.0 153.0 18.0 30.0
obstacle
0.0924334153533
301.0 298.0 47.0 35.0
obstacle
0.0913385003805
354.0 175.0 18.0 34.0
obstacle
0.0891569331288
276.0 124.0 24.0 30.0
obstacle
0.0879283323884
34.0 267.0 41.0 52.0
obstacle
0.0870055258274
422.0 179.0 30.0 27.0
obstacle
0.086698114872
276.0 222.0 28.0 38.0
obstacle
0.0855816453695
353.0 196.0 21.0 42.0
obstacle
0.0846319869161
278.0 198.0 25.0 32.0
obstacle
0.0841144472361
316.0 192.0 20.0 46.0
obstacle
0.0837811306119
352.0 220.0 26.0 44.0
obstacle
0.0837694108486
273.0 246.0 33.0 42.0
obstacle
0.0836833193898
313.0 171.0 21.0 38.0
obstacle
0.0826170891523
240.0 199.0 24.0 29.0
obstacle
0.0823833122849
316.0 220.0 25.0 43.0
obstacle
0.0809253156185
261.0 295.0 49.0 38.0
obstacle
0.0773526877165
266.0 269.0 43.0 46.0
