obstacle
0.234517514706
0.0 0.0 163.0 243.0
obstacle
0.226377993822
114.0 0.0 270.0 129.0
obstacle
0.205737963319
233.0 147.0 110.0 141.0
obstacle
0.202791467309
42.0 0.0 458.0 253.0
obstacle
0.200710177422
372.0 0.0 128.0 220.0
obstacle
0.200307637453
163.0 160.0 105.0 115.0
obstacle
0.196309641004
126.0 36.0 261.0 297.0
obstacle
0.191133081913
2.0 82.0 194.0 251.0
obstacle
0.189022168517
304.0 94.0 116.0 95.0
obstacle
0.187818795443
255.0 74.0 228.0 259.0
obstacle
0.186547040939
95.0 119.0 157.0 140.0
obstacle
0.185844644904
0.0 240.0 131.0 93.0
obstacle
0.184438675642
277.0 165.0 183.0 108.0
obstacle
0.18362686038
0.0 0.0 329.0 212.0
obstacle
0.181927740574
23.0 129.0 153.0 117.0
obstacle
0.181312158704
243.0 0.0 165.0 70.0
obstacle
0.181226238608
44.0 118.0 24.0 37.0
obstacle
0.179275542498
119.0 94.0 27.0 41.0
obstacle
0.178473949432
267.0 12.0 121.0 100.0
obstacle
0.178421497345
266.0 110.0 192.0 116.0
obstacle
0.178222283721
76.0 63.0 32.0 52.0
obstacle
0.176717504859
267.0 97.0 114.0 90.0
obstacle
0.175766736269
80.0 90.0 24.0 49.0
obstacle
0.17318610847
184.0 88.0 316.0 103.0
obstacle
0.171248570085
36.0 86.0 34.0 53.0
obstacle
0.169831946492
0.0 80.0 478.0 253.0
obstacle
0.169121950865
356.0 126.0 144.0 207.0
obstacle
0.167924240232
168.0 129.0 167.0 123.0
obstacle
0.167554184794
141.0 59.0 65.0 106.0
obstacle
0.166181385517
238.0 0.0 101.0 123.0
obstacle
0.166119396687
244.0 0.0 243.0 123.0
obstacle
0.165799975395
244.0 123.0 162.0 86.0
obstacle
0.16544406116
382.0 236.0 118.0 97.0
obstacle
0.164729475975
38.0 55.0 33.0 66.0
obstacle
0.164378285408
121.0 176.0 379.0 130.0
obstacle
0.162026256323
128.0 151.0 99.0 135.0
obstacle
0.161528259516
119.0 116.0 26.0 45.0
obstacle
0.161217913032
128.0 92.0 86.0 92.0
obstacle
0.160670816898
349.0 99.0 107.0 86.0
obstacle
0.160293012857
81.0 156.0 116.0 122.0
obstacle
0.160278603435
388.0 75.0 25.0 25.0
obstacle
0.160027325153
0.0 0.0 127.0 133.0
obstacle
0.160026371479
231.0 96.0 108.0 88.0
obstacle
0.159607321024
61.0 122.0 146.0 85.0
obstacle
0.159519344568
159.0 95.0 28.0 36.0
obstacle
0.157829359174
0.0 173.0 395.0 85.0
obstacle
0.156648114324
176.0 62.0 70.0 102.0
obstacle
0.15590377152
10.0 83.0 402.0 115.0
obstacle
0.155497357249
0.0 0.0 99.0 72.0
obstacle
0.155425310135
38.0 189.0 117.0 111.0
obstacle
0.154483288527
203.0 97.0 91.0 86.0
obstacle
0.15394026041
402.0 0.0 98.0 79.0
obstacle
0.153703227639
80.0 114.0 26.0 48.0
obstacle
0.152351498604
280.0 67.0 91.0 97.0
obstacle
0.151890382171
317.0 23.0 100.0 80.0
obstacle
0.151635572314
202.0 0.0 100.0 145.0
obstacle
0.151572629809
87.0 0.0 105.0 90.0
obstacle
0.151037186384
0.0 180.0 123.0 128.0
obstacle
0.150545880198
166.0 94.0 88.0 89.0
obstacle
0.150085508823
94.0 61.0 82.0 102.0
obstacle
0.150019809604
60.0 0.0 77.0 135.0
obstacle
0.149441584945
397.0 175.0 103.0 83.0
obstacle
0.149090394378
0.0 81.0 96.0 121.0
obstacle
0.148509159684
138.0 112.0 147.0 106.0
obstacle
0.148297771811
113.0 71.0 35.0 36.0
obstacle
0.147117242217
65.0 5.0 226.0 328.0
obstacle
0.147046923637
0.0 71.0 244.0 142.0
obstacle
0.145362913609
190.0 179.0 126.0 129.0
obstacle
0.144789233804
81.0 91.0 105.0 93.0
obstacle
0.144589304924
145.0 0.0 136.0 78.0
obstacle
0.143797755241
5.0 121.0 26.0 32.0
obstacle
0.143274381757
49.0 62.0 96.0 103.0
obstacle
0.143226236105
350.0 0.0 112.0 57.0
obstacle
0.141870677471
0.0 189.0 414.0 144.0
obstacle
0.141767039895
388.0 97.0 106.0 89.0
obstacle
0.141473442316
393.0 208.0 23.0 67.0
obstacle
0.141094878316
337.0 261.0 141.0 72.0
obstacle
0.140879616141
320.0 192.0 173.0 105.0
obstacle
0.140781879425
357.0 74.0 96.0 80.0
obstacle
0.140703707933
66.0 20.0 62.0 31.0
obstacle
0.139652252197
73.0 43.0 44.0 40.0
obstacle
0.137702867389
33.0 89.0 126.0 101.0
obstacle
0.136775001884
382.0 28.0 118.0 74.0
obstacle
0.13671952486
154.0 202.0 113.0 131.0
obstacle
0.136652752757
175.0 230.0 152.0 103.0
obstacle
0.136610105634
156.0 72.0 32.0 31.0
obstacle
0.136577293277
0.0 35.0 89.0 109.0
obstacle
0.136357188225
412.0 25.0 63.0 26.0
obstacle
0.136209502816
119.0 202.0 108.0 131.0
obstacle
0.136129632592
312.0 72.0 28.0 32.0
obstacle
0.136100724339
27.0 21.0 62.0 31.0
obstacle
0.136042788625
173.0 0.0 86.0 135.0
obstacle
0.136029303074
255.0 218.0 146.0 104.0
obstacle
0.135798081756
354.0 161.0 27.0 56.0
obstacle
0.135743066669
351.0 74.0 27.0 27.0
obstacle
0.134964361787
39.0 40.0 37.0 45.0
obstacle
0.134780049324
153.0 28.0 347.0 119.0
obstacle
0.134682789445
131.0 111.0 369.0 159.0
obstacle
0.134485632181
3.0 93.0 31.0 40.0
obstacle
0.134147256613
77.0 214.0 117.0 110.0
obstacle
0.133858367801
374.0 24.0 62.0 28.0
obstacle
0.13361980021
141.0 0.0 77.0 124.0
obstacle
0.133558899164
262.0 261.0 136.0 72.0
obstacle
0.133152022958
292.0 237.0 151.0 96.0
obstacle
0.132838085294
247.0 0.0 164.0 300.0
obstacle
0.132309094071
350.0 144.0 32.0 41.0
obstacle
0.131439596415
106.0 19.0 59.0 34.0
obstacle
0.131369233131
419.0 51.0 51.0 25.0
obstacle
0.130553260446
111.0 47.0 43.0 31.0
obstacle
0.130497813225
347.0 51.0 36.0 24.0
obstacle
0.130369141698
0.0 20.0 235.0 88.0
obstacle
0.129215970635
27.0 0.0 63.0 28.0
obstacle
0.129044592381
150.0 45.0 43.0 32.0
obstacle
0.128356099129
425.0 210.0 30.0 61.0
obstacle
0.12833763659
0.0 20.0 41.0 31.0
obstacle
0.128176152706
29.0 0.0 134.0 100.0
obstacle
0.127832189202
464.0 222.0 30.0 41.0
obstacle
0.127774655819
350.0 44.0 112.0 90.0
obstacle
0.127606600523
300.0 14.0 53.0 49.0
obstacle
0.126435667276
161.0 164.0 22.0 47.0
obstacle
0.126344159245
0.0 269.0 86.0 64.0
obstacle
0.126297429204
34.0 271.0 129.0 62.0
obstacle
0.126247406006
390.0 160.0 26.0 58.0
obstacle
0.126199677587
0.0 217.0 86.0 104.0
obstacle
0.126168802381
336.0 21.0 58.0 34.0
obstacle
0.125908344984
4.0 148.0 30.0 31.0
obstacle
0.125224769115
421.0 76.0 40.0 23.0
obstacle
0.124927312136
0.0 122.0 93.0 133.0
obstacle
0.124521642923
314.0 121.0 26.0 36.0
obstacle
0.123453684151
141.0 0.0 65.0 33.0
obstacle
0.12331405282
277.0 190.0 20.0 46.0
obstacle
0.123229183257
385.0 51.0 38.0 23.0
obstacle
0.123226895928
3.0 67.0 32.0 41.0
obstacle
0.122625216842
160.0 119.0 25.0 38.0
obstacle
0.122623249888
63.0 0.0 69.0 29.0
obstacle
0.122603565454
37.0 271.0 29.0 44.0
obstacle
0.121000908315
352.0 119.0 27.0 41.0
obstacle
0.120734870434
116.0 158.0 38.0 59.0
obstacle
0.120628364384
410.0 0.0 63.0 27.0
obstacle
0.119405262172
417.0 44.0 83.0 90.0
obstacle
0.119254611433
35.0 196.0 36.0 35.0
obstacle
0.118972919881
198.0 95.0 29.0 35.0
obstacle
0.1180620417
340.0 0.0 51.0 32.0
obstacle
0.117823727429
420.0 180.0 36.0 71.0
obstacle
0.117301918566
389.0 182.0 27.0 66.0
obstacle
0.116955213249
4.0 174.0 32.0 31.0
obstacle
0.116856433451
324.0 59.0 176.0 107.0
obstacle
0.11640381068
276.0 123.0 25.0 32.0
obstacle
0.116313546896
145.0 260.0 139.0 73.0
obstacle
0.116220213473
0.0 255.0 376.0 78.0
obstacle
0.116167001426
424.0 262.0 76.0 71.0
obstacle
0.115994542837
80.0 217.0 22.0 47.0
obstacle
0.115665234625
72.0 264.0 130.0 69.0
obstacle
0.115437574685
462.0 26.0 38.0 27.0
obstacle
0.114704653621
193.0 41.0 40.0 39.0
obstacle
0.114638522267
269.0 73.0 35.0 33.0
obstacle
0.114411689341
3.0 45.0 36.0 34.0
obstacle
0.114181898534
146.0 238.0 354.0 95.0
obstacle
0.113176561892
461.0 168.0 31.0 46.0
obstacle
0.112886764109
0.0 197.0 282.0 93.0
obstacle
0.112100884318
460.0 0.0 40.0 29.0
obstacle
0.111720226705
459.0 278.0 36.0 29.0
obstacle
0.111197568476
462.0 192.0 29.0 48.0
obstacle
0.111155606806
81.0 145.0 26.0 39.0
obstacle
0.11112973094
158.0 145.0 31.0 41.0
obstacle
0.110550306737
264.0 13.0 51.0 49.0
obstacle
0.110360778868
0.0 42.0 281.0 94.0
obstacle
0.110279917717
39.0 217.0 28.0 45.0
obstacle
0.110191263258
373.0 0.0 61.0 29.0
obstacle
0.110183782876
0.0 0.0 43.0 31.0
obstacle
0.110109888017
235.0 183.0 27.0 62.0
obstacle
0.109949380159
350.0 184.0 25.0 60.0
obstacle
0.109913296998
463.0 74.0 32.0 27.0
obstacle
0.109718061984
183.0 0.0 58.0 32.0
obstacle
0.109683036804
276.0 145.0 24.0 38.0
obstacle
0.109292380512
197.0 70.0 34.0 31.0
obstacle
0.109121896327
305.0 45.0 38.0 36.0
obstacle
0.109031170607
464.0 98.0 30.0 31.0
obstacle
0.108919292688
236.0 123.0 27.0 30.0
obstacle
0.108799286187
121.0 143.0 27.0 40.0
obstacle
0.108572430909
354.0 112.0 146.0 110.0
obstacle
0.108061216772
421.0 146.0 36.0 36.0
obstacle
0.107782736421
76.0 272.0 29.0 42.0
obstacle
0.107743434608
464.0 251.0 29.0 34.0
obstacle
0.107736118138
233.0 70.0 35.0 35.0
obstacle
0.107627503574
103.0 0.0 62.0 31.0
obstacle
0.107507899404
462.0 51.0 37.0 25.0
obstacle
0.107472531497
422.0 124.0 37.0 28.0
obstacle
0.107329159975
79.0 192.0 28.0 49.0
obstacle
0.107291251421
33.0 297.0 42.0 36.0
obstacle
0.107249930501
77.0 244.0 26.0 45.0
obstacle
0.107063241303
239.0 145.0 22.0 39.0
obstacle
0.107031598687
74.0 165.0 35.0 50.0
obstacle
0.107015557587
419.0 159.0 36.0 62.0
obstacle
0.106959424913
39.0 168.0 36.0 37.0
obstacle
0.106875091791
116.0 276.0 30.0 34.0
obstacle
0.10677909106
230.0 12.0 48.0 48.0
obstacle
0.106615774333
237.0 160.0 23.0 59.0
obstacle
0.106416299939
4.0 221.0 29.0 39.0
obstacle
0.10591429472
0.0 194.0 36.0 44.0
obstacle
0.10579123348
36.0 244.0 30.0 43.0
obstacle
0.105344116688
267.0 46.0 39.0 35.0
obstacle
0.104945197701
464.0 125.0 30.0 30.0
obstacle
0.104546748102
388.0 125.0 28.0 30.0
obstacle
0.104408197105
424.0 247.0 35.0 38.0
obstacle
0.104278065264
116.0 246.0 28.0 41.0
obstacle
0.104075215757
300.0 0.0 52.0 34.0
obstacle
0.103839509189
353.0 97.0 24.0 33.0
obstacle
0.103723034263
118.0 214.0 25.0 53.0
obstacle
0.103684224188
199.0 122.0 25.0 32.0
obstacle
0.103365547955
199.0 145.0 27.0 39.0
obstacle
0.103276632726
316.0 142.0 25.0 44.0
obstacle
0.103181071579
187.0 12.0 55.0 46.0
obstacle
0.103018805385
463.0 146.0 31.0 38.0
obstacle
0.102635279298
354.0 209.0 20.0 61.0
obstacle
0.102529279888
118.0 187.0 28.0 54.0
obstacle
0.102454215288
153.0 278.0 36.0 30.0
obstacle
0.102299250662
1.0 299.0 32.0 34.0
obstacle
0.101932071149
235.0 41.0 36.0 40.0
obstacle
0.101812064648
202.0 162.0 22.0 52.0
obstacle
0.101550936699
312.0 94.0 24.0 38.0
obstacle
0.101109579206
421.0 97.0 38.0 33.0
obstacle
0.100699305534
1.0 273.0 33.0 39.0
obstacle
0.0999695211649
389.0 147.0 28.0 36.0
obstacle
0.0993309468031
226.0 0.0 53.0 34.0
obstacle
0.0991223976016
162.0 179.0 24.0 67.0
obstacle
0.0991201549768
389.0 99.0 25.0 30.0
obstacle
0.0990447029471
265.0 0.0 50.0 36.0
obstacle
0.0986874774098
457.0 302.0 36.0 31.0
obstacle
0.0985689461231
389.0 247.0 29.0 39.0
obstacle
0.0969414636493
191.0 278.0 38.0 28.0
obstacle
0.0967054590583
276.0 159.0 24.0 58.0
obstacle
0.0951072350144
2.0 249.0 33.0 34.0
obstacle
0.095091573894
142.0 13.0 62.0 45.0
obstacle
0.0950816497207
275.0 95.0 23.0 37.0
obstacle
0.0948959738016
111.0 303.0 38.0 30.0
obstacle
0.0941492468119
417.0 300.0 38.0 33.0
obstacle
0.0940937846899
353.0 245.0 21.0 42.0
obstacle
0.0936696231365
160.0 216.0 20.0 49.0
obstacle
0.0932202115655
311.0 274.0 29.0 36.0
obstacle
0.0931527614594
349.0 274.0 30.0 37.0
obstacle
0.0931226313114
157.0 248.0 27.0 36.0
obstacle
0.0928863286972
200.0 182.0 25.0 59.0
obstacle
0.0927446708083
385.0 274.0 33.0 35.0
obstacle
0.0923432484269
200.0 216.0 22.0 47.0
obstacle
0.0920147821307
40.0 146.0 29.0 34.0
obstacle
0.0918272808194
316.0 243.0 21.0 47.0
obstacle
0.0905336290598
315.0 183.0 21.0 61.0
obstacle
0.0898657590151
238.0 95.0 23.0 36.0
obstacle
0.0894335955381
316.0 207.0 20.0 66.0
obstacle
0.0893601700664
342.0 303.0 39.0 30.0
obstacle
0.0893393084407
303.0 303.0 40.0 30.0
obstacle
0.0892068296671
271.0 275.0 33.0 33.0
obstacle
0.0889629796147
150.0 303.0 38.0 30.0
obstacle
0.0888287872076
419.0 275.0 39.0 33.0
obstacle
0.0888134613633
232.0 277.0 34.0 31.0
obstacle
0.08837428689
265.0 304.0 39.0 29.0
obstacle
0.0880547612906
316.0 158.0 24.0 60.0
obstacle
0.0877254083753
278.0 211.0 22.0 58.0
obstacle
0.0871037393808
381.0 301.0 35.0 32.0
obstacle
0.0868730321527
75.0 300.0 35.0 33.0
obstacle
0.0831088349223
196.0 247.0 28.0 38.0
obstacle
0.0827439501882
235.0 247.0 31.0 39.0
obstacle
0.0821537598968
188.0 303.0 40.0 30.0
obstacle
0.0797968059778
226.0 303.0 41.0 30.0
obstacle
0.0775398537517
238.0 214.0 22.0 54.0
obstacle
0.075826510787
275.0 245.0 25.0 43.0
