obstacle
0.301464110613
3.0 0.0 187.0 333.0
obstacle
0.222280308604
93.0 0.0 407.0 333.0
obstacle
0.220140561461
199.0 0.0 185.0 297.0
obstacle
0.218176484108
75.0 0.0 204.0 333.0
obstacle
0.21519190073
0.0 25.0 42.0 29.0
obstacle
0.209737896919
229.0 69.0 124.0 85.0
obstacle
0.209708184004
271.0 148.0 34.0 35.0
obstacle
0.208769381046
123.0 0.0 100.0 89.0
obstacle
0.204779654741
162.0 0.0 98.0 95.0
obstacle
0.201669707894
0.0 0.0 130.0 97.0
obstacle
0.199882373214
340.0 0.0 160.0 288.0
obstacle
0.199468150735
40.0 26.0 43.0 30.0
obstacle
0.196692332625
1.0 49.0 41.0 33.0
obstacle
0.196633756161
227.0 104.0 38.0 24.0
obstacle
0.192472279072
1.0 75.0 39.0 34.0
obstacle
0.189542606473
80.0 0.0 109.0 86.0
obstacle
0.186363682151
271.0 102.0 32.0 31.0
obstacle
0.185871556401
362.0 0.0 138.0 77.0
obstacle
0.184508964419
0.0 31.0 98.0 120.0
obstacle
0.183525398374
275.0 0.0 191.0 234.0
obstacle
0.183458402753
385.0 234.0 115.0 99.0
obstacle
0.180371105671
190.0 0.0 117.0 99.0
obstacle
0.179856345057
262.0 0.0 128.0 87.0
obstacle
0.17915828526
201.0 4.0 98.0 167.0
obstacle
0.177902400494
41.0 51.0 41.0 30.0
obstacle
0.177894175053
29.0 117.0 210.0 216.0
obstacle
0.177165105939
327.0 10.0 149.0 110.0
obstacle
0.173803523183
0.0 0.0 448.0 204.0
obstacle
0.17359803617
1.0 100.0 35.0 34.0
obstacle
0.168409764767
256.0 27.0 141.0 120.0
obstacle
0.167959839106
187.0 104.0 41.0 22.0
obstacle
0.167007133365
308.0 101.0 35.0 31.0
obstacle
0.166898280382
0.0 0.0 158.0 200.0
obstacle
0.166663467884
76.0 52.0 45.0 28.0
obstacle
0.166232421994
79.0 253.0 30.0 32.0
obstacle
0.1661863029
0.0 171.0 394.0 162.0
obstacle
0.165141731501
72.0 74.0 42.0 35.0
obstacle
0.164468213916
229.0 0.0 112.0 140.0
obstacle
0.164013296366
117.0 225.0 28.0 36.0
obstacle
0.163879901171
32.0 2.0 126.0 122.0
obstacle
0.163044005632
0.0 125.0 36.0 34.0
obstacle
0.161807999015
168.0 13.0 87.0 151.0
obstacle
0.161739230156
145.0 104.0 47.0 23.0
obstacle
0.161217525601
354.0 101.0 26.0 33.0
obstacle
0.16056445241
213.0 70.0 155.0 139.0
obstacle
0.160426810384
78.0 27.0 41.0 27.0
obstacle
0.160280674696
86.0 26.0 97.0 127.0
obstacle
0.159892335534
181.0 125.0 298.0 208.0
obstacle
0.159156963229
393.0 80.0 27.0 25.0
obstacle
0.158662870526
276.0 125.0 22.0 36.0
obstacle
0.158173725009
430.0 82.0 30.0 23.0
obstacle
0.157946199179
115.0 251.0 35.0 33.0
obstacle
0.157874941826
200.0 71.0 105.0 85.0
obstacle
0.157389864326
148.0 124.0 39.0 33.0
obstacle
0.157065331936
366.0 36.0 134.0 111.0
obstacle
0.156250208616
126.0 27.0 94.0 124.0
obstacle
0.155966728926
303.0 173.0 138.0 95.0
obstacle
0.155434548855
235.0 144.0 26.0 47.0
obstacle
0.155297636986
0.0 215.0 128.0 118.0
obstacle
0.153404310346
385.0 55.0 41.0 25.0
obstacle
0.153282955289
270.0 76.0 34.0 28.0
obstacle
0.15278865397
311.0 143.0 35.0 39.0
obstacle
0.151730597019
116.0 146.0 125.0 91.0
obstacle
0.151408851147
352.0 121.0 25.0 41.0
obstacle
0.151395246387
337.0 58.0 132.0 115.0
obstacle
0.150773525238
231.0 78.0 35.0 24.0
obstacle
0.150491043925
151.0 145.0 36.0 40.0
obstacle
0.150406256318
197.0 200.0 108.0 92.0
obstacle
0.149876743555
347.0 224.0 116.0 109.0
obstacle
0.149349913001
187.0 86.0 129.0 109.0
obstacle
0.149286955595
147.0 53.0 51.0 21.0
obstacle
0.148817449808
427.0 104.0 32.0 29.0
obstacle
0.148542732
279.0 193.0 26.0 46.0
obstacle
0.148357316852
189.0 80.0 44.0 19.0
obstacle
0.148267880082
43.0 199.0 25.0 39.0
obstacle
0.147643148899
413.0 49.0 87.0 133.0
obstacle
0.147332280874
35.0 1.0 50.0 28.0
obstacle
0.147208273411
193.0 122.0 32.0 36.0
obstacle
0.146920204163
304.0 69.0 129.0 91.0
obstacle
0.146750286222
243.0 120.0 178.0 95.0
obstacle
0.146717712283
41.0 225.0 32.0 35.0
obstacle
0.146612927318
110.0 123.0 38.0 37.0
obstacle
0.145660340786
0.0 0.0 94.0 64.0
obstacle
0.145100459456
306.0 213.0 118.0 120.0
obstacle
0.145008906722
43.0 76.0 33.0 32.0
obstacle
0.144965872169
461.0 154.0 36.0 25.0
obstacle
0.144947722554
353.0 78.0 29.0 27.0
obstacle
0.14457988739
105.0 102.0 48.0 28.0
obstacle
0.143925338984
0.0 0.0 46.0 28.0
obstacle
0.143719002604
337.0 188.0 141.0 109.0
obstacle
0.143563762307
157.0 0.0 186.0 223.0
obstacle
0.143465280533
108.0 78.0 47.0 25.0
obstacle
0.143341392279
284.0 157.0 177.0 76.0
obstacle
0.143141567707
304.0 27.0 42.0 26.0
obstacle
0.143085613847
424.0 152.0 35.0 30.0
obstacle
0.143075525761
153.0 251.0 37.0 31.0
obstacle
0.143053412437
263.0 26.0 48.0 26.0
obstacle
0.1430131495
0.0 71.0 95.0 140.0
obstacle
0.142899021506
229.0 190.0 120.0 109.0
obstacle
0.14265948534
312.0 77.0 29.0 30.0
obstacle
0.142541214824
468.0 79.0 30.0 28.0
obstacle
0.14164955914
145.0 81.0 50.0 18.0
obstacle
0.141511648893
375.0 94.0 125.0 239.0
obstacle
0.14147439599
356.0 143.0 21.0 43.0
obstacle
0.14143678546
379.0 140.0 121.0 107.0
obstacle
0.141244664788
50.0 62.0 93.0 106.0
obstacle
0.141142681241
70.0 93.0 43.0 47.0
obstacle
0.141021221876
424.0 129.0 35.0 29.0
obstacle
0.140818983316
232.0 225.0 112.0 108.0
obstacle
0.140802159905
153.0 171.0 33.0 38.0
obstacle
0.140703633428
112.0 52.0 47.0 24.0
obstacle
0.140252575278
149.0 27.0 48.0 22.0
obstacle
0.140178099275
384.0 29.0 40.0 25.0
obstacle
0.139992251992
356.0 223.0 22.0 36.0
obstacle
0.139823436737
254.0 182.0 147.0 77.0
obstacle
0.139455854893
191.0 212.0 40.0 55.0
obstacle
0.1390452981
151.0 219.0 40.0 44.0
obstacle
0.137551248074
223.0 26.0 53.0 25.0
obstacle
0.137334689498
393.0 104.0 24.0 30.0
obstacle
0.137158066034
421.0 29.0 44.0 26.0
obstacle
0.137148931623
42.0 155.0 116.0 74.0
obstacle
0.137069940567
41.0 249.0 29.0 39.0
obstacle
0.136456534266
88.0 128.0 99.0 73.0
obstacle
0.136109054089
315.0 122.0 24.0 38.0
obstacle
0.135859712958
82.0 227.0 25.0 32.0
obstacle
0.135766014457
80.0 200.0 26.0 37.0
obstacle
0.135215878487
114.0 199.0 29.0 39.0
obstacle
0.134553819895
222.0 155.0 134.0 77.0
obstacle
0.134549379349
113.0 28.0 44.0 22.0
obstacle
0.134520769119
37.0 147.0 32.0 41.0
obstacle
0.134294122458
141.0 266.0 146.0 67.0
obstacle
0.134260639548
40.0 99.0 32.0 36.0
obstacle
0.134014114738
348.0 52.0 38.0 28.0
obstacle
0.133805960417
75.0 160.0 425.0 113.0
obstacle
0.133653238416
344.0 28.0 43.0 25.0
obstacle
0.133538484573
160.0 140.0 110.0 103.0
obstacle
0.133114933968
186.0 27.0 50.0 22.0
obstacle
0.133005142212
61.0 227.0 152.0 106.0
obstacle
0.132936134934
48.0 120.0 103.0 88.0
obstacle
0.132553249598
338.0 115.0 140.0 100.0
obstacle
0.132449880242
236.0 122.0 23.0 39.0
obstacle
0.132110983133
163.0 98.0 101.0 88.0
obstacle
0.131788820028
73.0 1.0 49.0 27.0
obstacle
0.131777539849
10.0 256.0 178.0 77.0
obstacle
0.131636559963
125.0 107.0 375.0 116.0
obstacle
0.130986750126
195.0 248.0 33.0 36.0
obstacle
0.130782306194
276.0 215.0 27.0 51.0
obstacle
0.130651026964
276.0 172.0 28.0 41.0
obstacle
0.130562916398
301.0 0.0 51.0 27.0
obstacle
0.13048197329
341.0 0.0 50.0 26.0
obstacle
0.13042922318
0.0 154.0 125.0 129.0
obstacle
0.130353733897
192.0 143.0 32.0 42.0
obstacle
0.129990622401
40.0 170.0 27.0 48.0
obstacle
0.129700094461
424.0 57.0 41.0 24.0
obstacle
0.129537597299
465.0 28.0 33.0 28.0
obstacle
0.129368960857
409.0 191.0 91.0 101.0
obstacle
0.129240259528
114.0 171.0 27.0 45.0
obstacle
0.129160031676
266.0 51.0 41.0 26.0
obstacle
0.129130661488
86.0 102.0 98.0 77.0
obstacle
0.129084825516
277.0 251.0 25.0 34.0
obstacle
0.129049763083
465.0 102.0 33.0 31.0
obstacle
0.128711745143
78.0 155.0 124.0 73.0
obstacle
0.128542423248
187.0 53.0 50.0 20.0
obstacle
0.1284404248
309.0 50.0 34.0 30.0
obstacle
0.128095880151
74.0 119.0 35.0 48.0
obstacle
0.128082498908
391.0 127.0 27.0 33.0
obstacle
0.127260297537
186.0 233.0 127.0 100.0
obstacle
0.127151727676
379.0 1.0 52.0 25.0
obstacle
0.126879230142
37.0 181.0 127.0 76.0
obstacle
0.126857474446
36.0 122.0 33.0 40.0
obstacle
0.126827985048
271.0 225.0 111.0 108.0
obstacle
0.126737535
150.0 200.0 38.0 34.0
obstacle
0.1267221421
271.0 282.0 34.0 24.0
obstacle
0.126624003053
49.0 0.0 175.0 239.0
obstacle
0.126594394445
76.0 145.0 32.0 47.0
obstacle
0.126457482576
462.0 128.0 35.0 29.0
obstacle
0.126451209188
98.0 202.0 155.0 84.0
obstacle
0.126405090094
240.0 213.0 26.0 55.0
obstacle
0.126199647784
5.0 150.0 29.0 35.0
obstacle
0.125827595592
226.0 51.0 46.0 25.0
obstacle
0.125798240304
106.0 118.0 212.0 215.0
obstacle
0.125746071339
81.0 172.0 24.0 47.0
obstacle
0.125241011381
463.0 177.0 29.0 29.0
obstacle
0.125239863992
107.0 225.0 134.0 87.0
obstacle
0.124582730234
223.0 1.0 55.0 24.0
obstacle
0.124392434955
261.0 0.0 54.0 26.0
obstacle
0.124276511371
317.0 166.0 25.0 44.0
obstacle
0.124146729708
424.0 262.0 76.0 71.0
obstacle
0.123956680298
113.0 182.0 126.0 73.0
obstacle
0.123879350722
116.0 257.0 341.0 76.0
obstacle
0.123250067234
128.0 124.0 97.0 84.0
obstacle
0.12311847508
0.0 163.0 339.0 103.0
obstacle
0.123015388846
427.0 194.0 23.0 48.0
obstacle
0.122614793479
235.0 281.0 29.0 25.0
obstacle
0.122318401933
186.0 1.0 52.0 23.0
obstacle
0.122212618589
0.0 213.0 275.0 107.0
obstacle
0.122041091323
314.0 191.0 29.0 45.0
obstacle
0.121573701501
185.0 161.0 49.0 54.0
obstacle
0.121244817972
416.0 103.0 84.0 125.0
obstacle
0.121233150363
315.0 253.0 28.0 31.0
obstacle
0.12120039016
462.0 200.0 28.0 34.0
obstacle
0.120909161866
113.0 277.0 44.0 36.0
obstacle
0.120858535171
393.0 148.0 22.0 37.0
obstacle
0.1206465289
78.0 277.0 38.0 38.0
obstacle
0.12024654448
354.0 192.0 28.0 44.0
obstacle
0.119996272027
241.0 192.0 25.0 51.0
obstacle
0.119597584009
0.0 272.0 101.0 61.0
obstacle
0.119171738625
466.0 54.0 34.0 27.0
obstacle
0.118711642921
107.0 2.0 56.0 23.0
obstacle
0.118058405817
113.0 147.0 35.0 40.0
obstacle
0.116139538586
462.0 0.0 38.0 28.0
obstacle
0.115879282355
6.0 200.0 29.0 38.0
obstacle
0.115282937884
6.0 225.0 29.0 38.0
obstacle
0.1142218858
191.0 278.0 41.0 29.0
obstacle
0.113973341882
152.0 275.0 40.0 37.0
obstacle
0.113447882235
0.0 0.0 281.0 123.0
obstacle
0.112759582698
4.0 249.0 33.0 38.0
obstacle
0.112433299422
146.0 1.0 55.0 23.0
obstacle
0.112316325307
237.0 0.0 263.0 109.0
obstacle
0.112135507166
416.0 2.0 56.0 23.0
obstacle
0.111530564725
74.0 219.0 426.0 101.0
obstacle
0.111231856048
315.0 214.0 27.0 51.0
obstacle
0.111140795052
190.0 150.0 119.0 86.0
obstacle
0.110957115889
239.0 251.0 23.0 32.0
obstacle
0.108895383775
457.0 304.0 40.0 29.0
obstacle
0.108422793448
191.0 188.0 40.0 54.0
obstacle
0.108350530267
426.0 224.0 28.0 38.0
obstacle
0.107087351382
44.0 0.0 411.0 111.0
obstacle
0.106583170593
423.0 278.0 34.0 30.0
obstacle
0.106547266245
426.0 174.0 27.0 37.0
obstacle
0.105861477554
237.0 168.0 30.0 50.0
obstacle
0.105075247586
389.0 281.0 29.0 25.0
obstacle
0.104817546904
393.0 252.0 25.0 31.0
obstacle
0.104741200805
0.0 91.0 208.0 91.0
obstacle
0.104582719505
392.0 220.0 23.0 43.0
obstacle
0.104257464409
4.0 174.0 29.0 39.0
obstacle
0.104027353227
230.0 305.0 35.0 28.0
obstacle
0.103327304125
464.0 228.0 28.0 30.0
obstacle
0.102853678167
302.0 300.0 43.0 33.0
obstacle
0.102313883603
234.0 235.0 266.0 98.0
obstacle
0.102119788527
355.0 250.0 27.0 33.0
obstacle
0.101608388126
358.0 168.0 20.0 44.0
obstacle
0.101329796016
390.0 195.0 23.0 42.0
obstacle
0.100882031024
464.0 279.0 30.0 29.0
obstacle
0.100093670189
427.0 253.0 28.0 29.0
obstacle
0.0998413339257
307.0 279.0 40.0 29.0
obstacle
0.09982342273
417.0 304.0 41.0 29.0
obstacle
0.0998079478741
348.0 278.0 38.0 30.0
obstacle
0.0991305634379
0.0 107.0 328.0 114.0
obstacle
0.0989426448941
343.0 300.0 41.0 33.0
obstacle
0.0984015315771
465.0 254.0 27.0 28.0
obstacle
0.098150677979
191.0 305.0 38.0 28.0
obstacle
0.0971737354994
268.0 304.0 36.0 29.0
obstacle
0.0970862582326
154.0 303.0 35.0 30.0
obstacle
0.0957519710064
40.0 275.0 37.0 41.0
obstacle
0.094309233129
39.0 300.0 37.0 33.0
obstacle
0.093937382102
237.0 138.0 263.0 104.0
obstacle
0.0932915955782
33.0 95.0 435.0 88.0
obstacle
0.0921352207661
116.0 303.0 36.0 30.0
obstacle
0.0920159816742
0.0 39.0 267.0 150.0
obstacle
0.0912188664079
391.0 171.0 22.0 41.0
obstacle
0.0875170752406
161.0 59.0 248.0 111.0
obstacle
0.0865336284041
380.0 304.0 42.0 29.0
obstacle
0.0858823284507
79.0 301.0 32.0 32.0
obstacle
0.0850401893258
0.0 126.0 191.0 126.0
obstacle
0.0849898979068
0.0 302.0 39.0 31.0
obstacle
0.0843603014946
168.0 0.0 240.0 144.0
obstacle
0.0836162641644
313.0 73.0 187.0 131.0
obstacle
0.0834213346243
4.0 278.0 36.0 34.0
