obstacle
0.26063144207
466.0 210.0 26.0 28.0
obstacle
0.246954515576
248.0 190.0 158.0 68.0
obstacle
0.246413528919
420.0 211.0 45.0 26.0
obstacle
0.236427083611
202.0 27.0 298.0 253.0
obstacle
0.235702678561
261.0 172.0 128.0 59.0
obstacle
0.231999158859
422.0 189.0 44.0 27.0
obstacle
0.226548269391
370.0 192.0 130.0 67.0
obstacle
0.224498093128
231.0 189.0 118.0 91.0
obstacle
0.221816077828
186.0 0.0 128.0 73.0
obstacle
0.219644293189
463.0 191.0 37.0 25.0
obstacle
0.216914817691
390.0 209.0 30.0 27.0
obstacle
0.210845008492
77.0 190.0 420.0 71.0
obstacle
0.210061594844
86.0 171.0 414.0 64.0
obstacle
0.209229707718
12.0 138.0 488.0 142.0
obstacle
0.207169681787
256.0 99.0 145.0 81.0
obstacle
0.207097798586
0.0 0.0 229.0 280.0
obstacle
0.20431125164
117.0 81.0 34.0 28.0
obstacle
0.203833580017
73.0 15.0 132.0 72.0
obstacle
0.203777775168
153.0 150.0 347.0 65.0
obstacle
0.20373415947
420.0 233.0 37.0 24.0
obstacle
0.203384071589
38.0 0.0 123.0 82.0
obstacle
0.202127248049
215.0 162.0 141.0 78.0
obstacle
0.199022069573
160.0 8.0 106.0 83.0
obstacle
0.19896928966
383.0 170.0 117.0 66.0
obstacle
0.194119393826
260.0 13.0 131.0 74.0
obstacle
0.19387678802
0.0 0.0 123.0 88.0
obstacle
0.193362757564
159.0 0.0 341.0 126.0
obstacle
0.192788958549
34.0 158.0 347.0 92.0
obstacle
0.192728340626
81.0 180.0 31.0 43.0
obstacle
0.191910684109
0.0 81.0 36.0 29.0
obstacle
0.191127553582
347.0 15.0 153.0 251.0
obstacle
0.189987227321
301.0 164.0 126.0 76.0
obstacle
0.188998624682
198.0 82.0 175.0 71.0
obstacle
0.188167512417
125.0 8.0 102.0 84.0
obstacle
0.187436714768
235.0 8.0 103.0 84.0
obstacle
0.186051294208
0.0 211.0 124.0 69.0
obstacle
0.185604140162
209.0 56.0 149.0 79.0
obstacle
0.184694498777
72.0 85.0 123.0 64.0
obstacle
0.184062957764
234.0 71.0 184.0 94.0
obstacle
0.183965459466
112.0 57.0 48.0 33.0
obstacle
0.183739796281
0.0 0.0 163.0 196.0
obstacle
0.180729493499
303.0 150.0 131.0 60.0
obstacle
0.177792191505
155.0 192.0 119.0 88.0
obstacle
0.177229985595
0.0 41.0 39.0 25.0
obstacle
0.176645502448
195.0 177.0 112.0 92.0
obstacle
0.176349565387
210.0 0.0 148.0 56.0
obstacle
0.175286620855
0.0 0.0 465.0 217.0
obstacle
0.174017071724
78.0 81.0 31.0 32.0
obstacle
0.173845425248
171.0 98.0 153.0 79.0
obstacle
0.17364884913
75.0 54.0 42.0 42.0
obstacle
0.171299263835
0.0 97.0 140.0 183.0
obstacle
0.169511601329
39.0 83.0 35.0 29.0
obstacle
0.169190481305
372.0 0.0 128.0 66.0
obstacle
0.168441936374
335.0 75.0 142.0 85.0
obstacle
0.168421342969
1.0 60.0 36.0 28.0
obstacle
0.168405056
387.0 230.0 25.0 28.0
obstacle
0.167999327183
345.0 200.0 124.0 80.0
obstacle
0.167404964566
83.0 197.0 30.0 52.0
obstacle
0.16725358367
81.0 99.0 181.0 79.0
obstacle
0.166938900948
84.0 144.0 28.0 31.0
obstacle
0.166822686791
465.0 230.0 23.0 32.0
obstacle
0.166779875755
346.0 228.0 28.0 32.0
obstacle
0.166445970535
349.0 13.0 105.0 74.0
obstacle
0.165968760848
120.0 186.0 30.0 31.0
obstacle
0.16578823328
130.0 100.0 19.0 33.0
obstacle
0.165053620934
86.0 104.0 20.0 30.0
obstacle
0.164811745286
268.0 148.0 115.0 62.0
obstacle
0.16452498734
182.0 34.0 132.0 76.0
obstacle
0.163849502802
283.0 0.0 170.0 249.0
obstacle
0.163519755006
35.0 58.0 46.0 33.0
obstacle
0.162654966116
16.0 112.0 169.0 96.0
obstacle
0.161027267575
35.0 37.0 47.0 34.0
obstacle
0.160931453109
69.0 118.0 361.0 88.0
obstacle
0.160172581673
151.0 59.0 116.0 69.0
obstacle
0.159865945578
3.0 19.0 36.0 25.0
obstacle
0.159643486142
396.0 108.0 104.0 172.0
obstacle
0.15895716846
43.0 0.0 259.0 181.0
obstacle
0.158663064241
352.0 208.0 24.0 29.0
obstacle
0.15800267458
266.0 40.0 121.0 65.0
obstacle
0.157919436693
211.0 85.0 289.0 108.0
obstacle
0.157222345471
275.0 105.0 26.0 24.0
obstacle
0.156782403588
388.0 45.0 36.0 21.0
obstacle
0.154768615961
120.0 144.0 32.0 31.0
obstacle
0.154463842511
418.0 168.0 52.0 27.0
obstacle
0.154019206762
133.0 109.0 149.0 98.0
obstacle
0.15399427712
73.0 0.0 124.0 47.0
obstacle
0.153667241335
0.0 124.0 123.0 75.0
obstacle
0.153397634625
72.0 38.0 53.0 34.0
obstacle
0.153205692768
81.0 164.0 34.0 36.0
obstacle
0.15317209065
423.0 86.0 36.0 20.0
obstacle
0.153153523803
115.0 0.0 115.0 51.0
obstacle
0.152877852321
417.0 1.0 51.0 22.0
obstacle
0.152850240469
301.0 0.0 123.0 69.0
obstacle
0.152652084827
94.0 47.0 87.0 53.0
obstacle
0.152620792389
285.0 125.0 170.0 69.0
obstacle
0.151557937264
147.0 221.0 286.0 59.0
obstacle
0.151444748044
133.0 37.0 80.0 70.0
obstacle
0.151370659471
115.0 78.0 113.0 78.0
obstacle
0.151357159019
350.0 187.0 27.0 29.0
obstacle
0.150104895234
461.0 168.0 39.0 27.0
obstacle
0.150017470121
282.0 212.0 95.0 68.0
obstacle
0.149788826704
310.0 226.0 29.0 36.0
obstacle
0.149781867862
119.0 161.0 113.0 119.0
obstacle
0.149444103241
158.0 83.0 32.0 23.0
obstacle
0.149021059275
418.0 21.0 49.0 23.0
obstacle
0.148407921195
43.0 199.0 35.0 46.0
obstacle
0.148287266493
121.0 204.0 29.0 39.0
obstacle
0.147693306208
337.0 37.0 134.0 74.0
obstacle
0.147688552737
426.0 64.0 29.0 22.0
obstacle
0.14744476974
390.0 191.0 33.0 22.0
obstacle
0.147334754467
395.0 152.0 101.0 59.0
obstacle
0.147313833237
44.0 106.0 29.0 27.0
obstacle
0.147183775902
312.0 81.0 116.0 199.0
obstacle
0.146738737822
274.0 46.0 40.0 15.0
obstacle
0.146047338843
37.0 225.0 46.0 39.0
obstacle
0.145261377096
260.0 231.0 240.0 49.0
obstacle
0.14512462914
349.0 104.0 31.0 28.0
obstacle
0.145014315844
58.0 125.0 155.0 69.0
obstacle
0.144752025604
41.0 183.0 38.0 34.0
obstacle
0.143210187554
78.0 187.0 119.0 93.0
obstacle
0.142158702016
0.0 107.0 141.0 66.0
obstacle
0.14211577177
47.0 45.0 102.0 57.0
obstacle
0.142078772187
71.0 0.0 54.0 27.0
obstacle
0.14201669395
428.0 44.0 33.0 19.0
obstacle
0.141847461462
164.0 101.0 22.0 29.0
obstacle
0.141813993454
112.0 94.0 282.0 186.0
obstacle
0.141808882356
47.0 0.0 327.0 94.0
obstacle
0.141798242927
316.0 188.0 98.0 92.0
obstacle
0.141584649682
420.0 131.0 36.0 17.0
obstacle
0.141318798065
391.0 61.0 105.0 75.0
obstacle
0.141118809581
0.0 252.0 38.0 28.0
obstacle
0.141028285027
428.0 200.0 72.0 80.0
obstacle
0.140783131123
464.0 19.0 29.0 26.0
obstacle
0.140665769577
198.0 217.0 113.0 63.0
obstacle
0.140112563968
35.0 0.0 49.0 25.0
obstacle
0.140084862709
157.0 227.0 29.0 36.0
obstacle
0.139896854758
35.0 202.0 131.0 78.0
obstacle
0.13983848691
336.0 0.0 126.0 54.0
obstacle
0.139825955033
197.0 226.0 27.0 36.0
obstacle
0.139547437429
276.0 57.0 183.0 78.0
obstacle
0.138993024826
41.0 15.0 38.0 35.0
obstacle
0.138202399015
77.0 220.0 43.0 51.0
obstacle
0.138181209564
0.0 88.0 122.0 61.0
obstacle
0.137311920524
0.0 33.0 124.0 83.0
obstacle
0.137062057853
97.0 59.0 79.0 72.0
obstacle
0.136383324862
119.0 225.0 34.0 40.0
obstacle
0.136294692755
147.0 86.0 125.0 60.0
obstacle
0.135994940996
384.0 254.0 35.0 26.0
obstacle
0.135828256607
86.0 124.0 21.0 25.0
obstacle
0.135044530034
349.0 167.0 32.0 26.0
obstacle
0.134610965848
0.0 0.0 91.0 50.0
obstacle
0.134178370237
223.0 0.0 61.0 22.0
obstacle
0.133800879121
0.0 230.0 43.0 31.0
obstacle
0.13271650672
310.0 169.0 29.0 21.0
obstacle
0.131868332624
156.0 61.0 39.0 24.0
obstacle
0.131587028503
346.0 252.0 32.0 28.0
obstacle
0.131103947759
12.0 63.0 97.0 68.0
obstacle
0.130977526307
416.0 148.0 47.0 27.0
obstacle
0.130845189095
201.0 102.0 21.0 27.0
obstacle
0.130800783634
238.0 85.0 29.0 21.0
obstacle
0.13073989749
209.0 114.0 154.0 86.0
obstacle
0.130581751466
126.0 122.0 23.0 27.0
obstacle
0.129646748304
120.0 251.0 27.0 29.0
obstacle
0.129350155592
390.0 63.0 23.0 25.0
obstacle
0.128893107176
389.0 166.0 34.0 30.0
obstacle
0.128635957837
348.0 127.0 30.0 24.0
obstacle
0.128512129188
276.0 85.0 27.0 22.0
obstacle
0.128069922328
464.0 41.0 32.0 25.0
obstacle
0.128064572811
418.0 253.0 40.0 27.0
obstacle
0.127709835768
376.0 23.0 59.0 21.0
obstacle
0.127551317215
155.0 251.0 32.0 29.0
obstacle
0.12755125761
238.0 104.0 24.0 25.0
obstacle
0.127387434244
198.0 84.0 31.0 22.0
obstacle
0.126756548882
4.0 187.0 36.0 27.0
obstacle
0.126752078533
39.0 33.0 188.0 128.0
obstacle
0.126387998462
55.0 69.0 88.0 54.0
obstacle
0.126351341605
465.0 84.0 30.0 24.0
obstacle
0.126247182488
272.0 127.0 29.0 21.0
obstacle
0.125966638327
235.0 44.0 44.0 18.0
obstacle
0.125886693597
109.0 39.0 55.0 31.0
obstacle
0.12568038702
347.0 22.0 43.0 22.0
obstacle
0.12557643652
76.0 16.0 43.0 33.0
obstacle
0.125201612711
197.0 63.0 38.0 20.0
obstacle
0.124862857163
313.0 106.0 27.0 24.0
obstacle
0.124710433185
410.0 2.0 90.0 101.0
obstacle
0.124602235854
468.0 62.0 25.0 25.0
obstacle
0.124551206827
24.0 80.0 296.0 121.0
obstacle
0.124524287879
33.0 143.0 130.0 121.0
obstacle
0.124440819025
454.0 149.0 46.0 23.0
obstacle
0.124382197857
354.0 64.0 24.0 24.0
obstacle
0.124326013029
185.0 0.0 57.0 22.0
obstacle
0.123295560479
160.0 144.0 32.0 28.0
obstacle
0.123190797865
276.0 63.0 33.0 21.0
obstacle
0.121994711459
351.0 46.0 32.0 18.0
obstacle
0.121383860707
0.0 145.0 99.0 118.0
obstacle
0.121065109968
384.0 143.0 38.0 33.0
obstacle
0.120833642781
425.0 110.0 33.0 17.0
obstacle
0.120707295835
382.0 128.0 36.0 23.0
obstacle
0.12068606168
458.0 128.0 37.0 24.0
obstacle
0.120652511716
109.0 16.0 52.0 33.0
obstacle
0.120532542467
66.0 45.0 217.0 235.0
obstacle
0.120479367673
352.0 144.0 28.0 29.0
obstacle
0.120364293456
107.0 0.0 55.0 28.0
obstacle
0.119540669024
0.0 222.0 229.0 58.0
obstacle
0.118874177337
459.0 253.0 35.0 27.0
obstacle
0.118781872094
283.0 55.0 95.0 225.0
obstacle
0.118643142283
237.0 127.0 25.0 21.0
obstacle
0.118246600032
77.0 248.0 37.0 32.0
obstacle
0.118044838309
121.0 165.0 32.0 33.0
obstacle
0.117983005941
75.0 135.0 123.0 92.0
obstacle
0.117799967527
201.0 128.0 20.0 20.0
obstacle
0.117761224508
351.0 102.0 115.0 178.0
obstacle
0.117373794317
310.0 127.0 32.0 23.0
obstacle
0.116666086018
0.0 0.0 46.0 25.0
obstacle
0.116311706603
4.0 101.0 28.0 32.0
obstacle
0.116266526282
9.0 183.0 319.0 97.0
obstacle
0.116020388901
43.0 124.0 33.0 28.0
obstacle
0.115836456418
162.0 127.0 22.0 20.0
obstacle
0.115555226803
462.0 108.0 35.0 21.0
obstacle
0.115216180682
468.0 0.0 27.0 23.0
obstacle
0.115143090487
312.0 149.0 27.0 19.0
obstacle
0.114997439086
146.0 0.0 55.0 25.0
obstacle
0.114808633924
346.0 109.0 123.0 65.0
obstacle
0.113666981459
182.0 133.0 129.0 89.0
obstacle
0.11287830025
316.0 64.0 27.0 23.0
obstacle
0.11274984479
5.0 207.0 33.0 32.0
obstacle
0.112403772771
389.0 86.0 25.0 21.0
obstacle
0.11239323765
315.0 85.0 25.0 21.0
obstacle
0.112236142159
353.0 83.0 25.0 25.0
obstacle
0.112179376185
189.0 248.0 39.0 32.0
obstacle
0.111951984465
303.0 0.0 197.0 109.0
obstacle
0.111484542489
161.0 163.0 33.0 32.0
obstacle
0.111305706203
238.0 63.0 35.0 20.0
obstacle
0.111069843173
387.0 108.0 31.0 21.0
obstacle
0.110652737319
311.0 190.0 25.0 24.0
obstacle
0.110543780029
426.0 64.0 74.0 106.0
obstacle
0.110267043114
228.0 23.0 130.0 257.0
obstacle
0.110179498792
312.0 45.0 37.0 20.0
obstacle
0.110025286674
45.0 166.0 34.0 28.0
obstacle
0.109828196466
3.0 124.0 34.0 28.0
obstacle
0.109329350293
201.0 149.0 25.0 20.0
obstacle
0.108622670174
307.0 20.0 42.0 24.0
obstacle
0.108423605561
147.0 144.0 125.0 115.0
obstacle
0.10832837224
164.0 186.0 27.0 28.0
obstacle
0.108207046986
311.0 208.0 27.0 30.0
obstacle
0.107787594199
376.0 0.0 58.0 24.0
obstacle
0.107564225793
192.0 43.0 49.0 18.0
obstacle
0.107338823378
268.0 20.0 45.0 22.0
obstacle
0.106970891356
45.0 147.0 28.0 27.0
obstacle
0.106798924506
274.0 151.0 26.0 16.0
obstacle
0.106181576848
4.0 168.0 36.0 24.0
obstacle
0.105562701821
151.0 16.0 47.0 33.0
obstacle
0.105374097824
162.0 205.0 27.0 34.0
obstacle
0.10503873229
236.0 150.0 27.0 17.0
obstacle
0.10483160615
233.0 169.0 34.0 19.0
obstacle
0.104443192482
190.0 19.0 50.0 23.0
obstacle
0.104310758412
0.0 0.0 236.0 92.0
obstacle
0.103849455714
259.0 0.0 65.0 22.0
obstacle
0.103697434068
398.0 96.0 97.0 89.0
obstacle
0.103091485798
34.0 245.0 44.0 35.0
obstacle
0.103026501834
296.0 0.0 66.0 22.0
obstacle
0.101948030293
100.0 51.0 297.0 137.0
obstacle
0.101054482162
151.0 40.0 50.0 26.0
obstacle
0.100687108934
233.0 20.0 46.0 21.0
obstacle
0.100479371846
276.0 224.0 24.0 39.0
obstacle
0.098650187254
305.0 252.0 37.0 28.0
obstacle
0.0969063043594
274.0 170.0 30.0 19.0
obstacle
0.0960152223706
5.0 145.0 30.0 27.0
obstacle
0.0959322080016
339.0 0.0 57.0 23.0
obstacle
0.095311306417
403.0 135.0 88.0 54.0
obstacle
0.0943276286125
0.0 77.0 200.0 82.0
obstacle
0.0938270390034
235.0 226.0 31.0 34.0
obstacle
0.08818782866
267.0 249.0 39.0 31.0
obstacle
0.088182464242
225.0 249.0 45.0 31.0
obstacle
0.085501819849
236.0 189.0 31.0 22.0
obstacle
0.0853629037738
198.0 169.0 33.0 20.0
obstacle
0.0825765579939
276.0 191.0 27.0 22.0
obstacle
0.0815870314837
199.0 207.0 28.0 31.0
obstacle
0.0731239691377
203.0 188.0 24.0 23.0
obstacle
0.0721957013011
236.0 207.0 30.0 30.0
obstacle
0.0697997361422
275.0 208.0 27.0 29.0
