obstacle
0.232196748257
428.0 78.0 27.0 23.0
obstacle
0.229985192418
292.0 52.0 147.0 127.0
obstacle
0.226670444012
144.0 0.0 356.0 293.0
obstacle
0.224196225405
244.0 66.0 90.0 98.0
obstacle
0.209406301379
117.0 100.0 29.0 28.0
obstacle
0.207187518477
42.0 72.0 25.0 35.0
obstacle
0.206637755036
421.0 122.0 39.0 31.0
obstacle
0.204853132367
80.0 99.0 25.0 32.0
obstacle
0.203572571278
275.0 60.0 106.0 112.0
obstacle
0.200619086623
209.0 75.0 85.0 81.0
obstacle
0.19831636548
62.0 127.0 140.0 130.0
obstacle
0.196054279804
158.0 100.0 27.0 26.0
obstacle
0.195926755667
263.0 35.0 131.0 106.0
obstacle
0.193057641387
315.0 99.0 23.0 28.0
obstacle
0.193036913872
172.0 69.0 82.0 94.0
obstacle
0.192741453648
388.0 79.0 25.0 25.0
obstacle
0.19107529521
41.0 94.0 22.0 41.0
obstacle
0.190996214747
321.0 0.0 176.0 333.0
obstacle
0.190235301852
230.0 18.0 117.0 84.0
obstacle
0.190157622099
80.0 72.0 25.0 39.0
obstacle
0.190001145005
387.0 51.0 31.0 26.0
obstacle
0.189842790365
428.0 100.0 26.0 26.0
obstacle
0.18956169486
94.0 63.0 86.0 107.0
obstacle
0.189469754696
0.0 51.0 122.0 127.0
obstacle
0.189326703548
348.0 19.0 117.0 87.0
obstacle
0.189161866903
44.0 58.0 109.0 116.0
obstacle
0.188564732671
312.0 14.0 110.0 96.0
obstacle
0.186501041055
0.0 0.0 171.0 333.0
obstacle
0.185242190957
122.0 122.0 24.0 34.0
obstacle
0.18358489871
377.0 24.0 48.0 25.0
obstacle
0.183553993702
316.0 120.0 24.0 39.0
obstacle
0.183074519038
203.0 18.0 96.0 84.0
obstacle
0.181321501732
348.0 121.0 32.0 37.0
obstacle
0.180251464248
289.0 118.0 150.0 96.0
obstacle
0.177752703428
422.0 53.0 38.0 25.0
obstacle
0.177398338914
348.0 50.0 35.0 26.0
obstacle
0.175999313593
0.0 105.0 359.0 118.0
obstacle
0.174038335681
25.0 153.0 154.0 131.0
obstacle
0.173122018576
388.0 127.0 28.0 26.0
obstacle
0.172994419932
0.0 0.0 141.0 68.0
obstacle
0.172555401921
82.0 121.0 24.0 38.0
obstacle
0.171850442886
119.0 132.0 115.0 68.0
obstacle
0.171764463186
391.0 100.0 22.0 29.0
obstacle
0.171616569161
417.0 26.0 46.0 24.0
obstacle
0.171157106757
279.0 123.0 22.0 32.0
obstacle
0.170812338591
261.0 173.0 135.0 94.0
obstacle
0.170746162534
390.0 0.0 110.0 86.0
obstacle
0.170303806663
119.0 172.0 118.0 92.0
obstacle
0.170087754726
182.0 159.0 318.0 110.0
obstacle
0.169881597161
314.0 74.0 24.0 27.0
obstacle
0.169628947973
278.0 98.0 23.0 29.0
obstacle
0.168825492263
403.0 134.0 97.0 113.0
obstacle
0.168752372265
118.0 75.0 27.0 29.0
obstacle
0.168465003371
350.0 101.0 26.0 27.0
obstacle
0.16766281426
86.0 54.0 321.0 122.0
obstacle
0.167646363378
0.0 182.0 132.0 151.0
obstacle
0.167578577995
78.0 0.0 343.0 109.0
obstacle
0.166877761483
74.0 153.0 205.0 78.0
obstacle
0.166644766927
156.0 75.0 31.0 24.0
obstacle
0.165856271982
294.0 202.0 142.0 86.0
obstacle
0.165307044983
43.0 47.0 28.0 34.0
obstacle
0.164731502533
67.0 0.0 138.0 79.0
obstacle
0.163927912712
351.0 76.0 26.0 25.0
obstacle
0.162480086088
129.0 97.0 96.0 89.0
obstacle
0.161644160748
229.0 0.0 190.0 63.0
obstacle
0.161306336522
266.0 17.0 47.0 35.0
obstacle
0.161166384816
0.0 0.0 304.0 197.0
obstacle
0.160152390599
240.0 119.0 22.0 38.0
obstacle
0.159975111485
382.0 68.0 118.0 101.0
obstacle
0.159171834588
311.0 146.0 34.0 36.0
obstacle
0.159107849002
37.0 195.0 37.0 42.0
obstacle
0.158944383264
349.0 187.0 123.0 63.0
obstacle
0.15889647603
466.0 98.0 27.0 33.0
obstacle
0.158545821905
0.0 42.0 428.0 291.0
obstacle
0.157910183072
264.0 96.0 209.0 237.0
obstacle
0.156896412373
117.0 233.0 111.0 100.0
obstacle
0.156876057386
348.0 208.0 119.0 71.0
obstacle
0.156475201249
276.0 75.0 25.0 24.0
obstacle
0.156466960907
83.0 49.0 26.0 36.0
obstacle
0.156213745475
73.0 278.0 49.0 32.0
obstacle
0.156008958817
228.0 19.0 45.0 32.0
obstacle
0.155224308372
6.0 44.0 28.0 37.0
obstacle
0.155071884394
138.0 72.0 77.0 90.0
obstacle
0.154859960079
352.0 0.0 148.0 168.0
obstacle
0.154824838042
36.0 229.0 124.0 104.0
obstacle
0.154727101326
185.0 47.0 215.0 286.0
obstacle
0.154230415821
89.0 56.0 168.0 277.0
obstacle
0.154016956687
305.0 20.0 43.0 30.0
obstacle
0.153880357742
240.0 123.0 101.0 85.0
obstacle
0.153876915574
322.0 0.0 160.0 64.0
obstacle
0.153874665499
200.0 99.0 25.0 27.0
obstacle
0.153374314308
244.0 101.0 239.0 78.0
obstacle
0.153154432774
40.0 24.0 35.0 29.0
obstacle
0.152796640992
333.0 83.0 140.0 119.0
obstacle
0.152491241693
375.0 225.0 125.0 90.0
obstacle
0.152416348457
238.0 97.0 23.0 30.0
obstacle
0.152290865779
192.0 130.0 262.0 66.0
obstacle
0.151729509234
267.0 223.0 121.0 94.0
obstacle
0.151457324624
102.0 159.0 300.0 174.0
obstacle
0.150265276432
70.0 191.0 133.0 106.0
obstacle
0.149828448892
40.0 118.0 26.0 45.0
obstacle
0.149158701301
40.0 13.0 115.0 105.0
obstacle
0.149121105671
162.0 124.0 24.0 30.0
obstacle
0.149107679725
107.0 0.0 130.0 60.0
obstacle
0.14807523787
235.0 200.0 108.0 90.0
obstacle
0.147006884217
466.0 77.0 24.0 26.0
obstacle
0.146444484591
137.0 94.0 300.0 94.0
obstacle
0.14634886384
92.0 10.0 92.0 105.0
obstacle
0.146295234561
197.0 121.0 108.0 89.0
obstacle
0.14623311162
170.0 0.0 155.0 60.0
obstacle
0.145991697907
123.0 194.0 22.0 44.0
obstacle
0.145697429776
120.0 49.0 30.0 32.0
obstacle
0.144917741418
244.0 141.0 178.0 147.0
obstacle
0.144722566009
284.0 127.0 216.0 126.0
obstacle
0.144081890583
163.0 198.0 97.0 93.0
obstacle
0.14335860312
163.0 123.0 101.0 87.0
obstacle
0.143278613687
38.0 227.0 33.0 28.0
obstacle
0.143010392785
268.0 128.0 123.0 77.0
obstacle
0.142286002636
341.0 22.0 48.0 28.0
obstacle
0.142123132944
186.0 155.0 132.0 73.0
obstacle
0.141026347876
33.0 129.0 135.0 71.0
obstacle
0.140822559595
0.0 154.0 449.0 122.0
obstacle
0.140796095133
0.0 91.0 265.0 96.0
obstacle
0.140654429793
385.0 197.0 30.0 35.0
obstacle
0.140598595142
239.0 76.0 25.0 24.0
obstacle
0.140481024981
202.0 120.0 22.0 37.0
obstacle
0.140400499105
310.0 48.0 35.0 28.0
obstacle
0.140229910612
425.0 33.0 75.0 116.0
obstacle
0.139183089137
8.0 69.0 25.0 35.0
obstacle
0.13902579248
461.0 121.0 35.0 35.0
obstacle
0.13813573122
173.0 19.0 82.0 85.0
obstacle
0.137830257416
193.0 29.0 307.0 121.0
obstacle
0.137723878026
378.0 0.0 52.0 26.0
obstacle
0.137535467744
463.0 27.0 32.0 25.0
obstacle
0.137359634042
420.0 248.0 41.0 40.0
obstacle
0.137310564518
164.0 0.0 100.0 78.0
obstacle
0.13719715178
2.0 20.0 33.0 35.0
obstacle
0.136854991317
0.0 95.0 227.0 184.0
obstacle
0.136695161462
4.0 223.0 32.0 36.0
obstacle
0.135384961963
148.0 275.0 47.0 34.0
obstacle
0.135098457336
425.0 219.0 30.0 46.0
obstacle
0.134800940752
423.0 149.0 35.0 31.0
obstacle
0.134785115719
123.0 173.0 27.0 32.0
obstacle
0.134509593248
349.0 291.0 119.0 42.0
obstacle
0.133561551571
171.0 239.0 329.0 94.0
obstacle
0.13317732513
78.0 18.0 36.0 42.0
obstacle
0.133055448532
299.0 253.0 139.0 80.0
obstacle
0.132958814502
82.0 148.0 27.0 36.0
obstacle
0.132784157991
184.0 224.0 133.0 109.0
obstacle
0.132756799459
187.0 182.0 130.0 74.0
obstacle
0.132310017943
0.0 115.0 130.0 98.0
obstacle
0.131628975272
0.0 155.0 114.0 123.0
obstacle
0.131438404322
30.0 273.0 49.0 39.0
obstacle
0.130535930395
2.0 202.0 36.0 31.0
obstacle
0.130260676146
463.0 195.0 31.0 41.0
obstacle
0.129749760032
463.0 251.0 33.0 33.0
obstacle
0.12929558754
2.0 174.0 32.0 36.0
obstacle
0.129225611687
157.0 47.0 30.0 30.0
obstacle
0.129209399223
187.0 18.0 47.0 33.0
obstacle
0.128994166851
465.0 51.0 28.0 27.0
obstacle
0.128948658705
107.0 196.0 358.0 92.0
obstacle
0.12858889997
275.0 148.0 22.0 34.0
obstacle
0.128573462367
6.0 115.0 23.0 49.0
obstacle
0.128334775567
15.0 218.0 469.0 99.0
obstacle
0.12826949358
198.0 74.0 29.0 25.0
obstacle
0.12800565362
225.0 145.0 131.0 91.0
obstacle
0.127938315272
0.0 10.0 105.0 112.0
obstacle
0.127888128161
388.0 222.0 25.0 40.0
obstacle
0.127517670393
8.0 92.0 21.0 43.0
obstacle
0.12726803124
152.0 230.0 116.0 103.0
obstacle
0.12707336247
192.0 201.0 116.0 86.0
obstacle
0.127017974854
4.0 146.0 26.0 40.0
obstacle
0.12693734467
227.0 0.0 202.0 197.0
obstacle
0.126450702548
305.0 181.0 195.0 122.0
obstacle
0.126185789704
416.0 0.0 52.0 24.0
obstacle
0.12615031004
465.0 221.0 26.0 42.0
obstacle
0.126094028354
377.0 169.0 123.0 98.0
obstacle
0.1258392483
417.0 272.0 49.0 39.0
obstacle
0.124872364104
122.0 148.0 29.0 37.0
obstacle
0.124132715166
300.0 0.0 56.0 24.0
obstacle
0.123802028596
346.0 193.0 28.0 40.0
obstacle
0.123672835529
274.0 49.0 29.0 26.0
obstacle
0.123427934945
146.0 0.0 212.0 188.0
obstacle
0.12336679548
386.0 244.0 29.0 46.0
obstacle
0.123271606863
74.0 261.0 124.0 72.0
obstacle
0.122739836574
0.0 260.0 81.0 73.0
obstacle
0.122575879097
419.0 190.0 40.0 48.0
obstacle
0.122433781624
2.0 249.0 36.0 36.0
obstacle
0.121857479215
0.0 272.0 43.0 41.0
obstacle
0.121565781534
157.0 249.0 31.0 33.0
obstacle
0.121482931077
413.0 256.0 87.0 76.0
obstacle
0.121298409998
138.0 10.0 74.0 104.0
obstacle
0.12105487287
184.0 272.0 50.0 39.0
obstacle
0.120677322149
111.0 275.0 46.0 36.0
obstacle
0.119640991092
239.0 148.0 21.0 34.0
obstacle
0.119297370315
195.0 248.0 31.0 36.0
obstacle
0.118713743985
164.0 149.0 26.0 34.0
obstacle
0.118658736348
116.0 19.0 35.0 37.0
obstacle
0.118051342666
340.0 0.0 52.0 25.0
obstacle
0.117913208902
387.0 169.0 27.0 37.0
obstacle
0.117236301303
80.0 251.0 32.0 35.0
obstacle
0.116661079228
0.0 38.0 194.0 99.0
obstacle
0.116640537977
340.0 267.0 45.0 51.0
obstacle
0.116586454213
0.0 250.0 257.0 83.0
obstacle
0.116441339254
460.0 0.0 40.0 26.0
obstacle
0.11639059335
120.0 252.0 27.0 32.0
obstacle
0.11634426564
234.0 47.0 33.0 30.0
obstacle
0.11629883945
109.0 149.0 391.0 78.0
obstacle
0.115022100508
84.0 224.0 26.0 38.0
obstacle
0.114498622715
252.0 271.0 150.0 62.0
obstacle
0.114168971777
70.0 301.0 47.0 32.0
obstacle
0.113762386143
200.0 219.0 25.0 44.0
obstacle
0.113717205822
459.0 173.0 39.0 34.0
obstacle
0.113548673689
109.0 298.0 44.0 35.0
obstacle
0.113432884216
463.0 274.0 35.0 38.0
obstacle
0.113403841853
36.0 174.0 35.0 35.0
obstacle
0.113040365279
146.0 298.0 47.0 35.0
obstacle
0.112897604704
340.0 297.0 45.0 36.0
obstacle
0.112886920571
413.0 298.0 48.0 35.0
obstacle
0.11237796396
39.0 253.0 35.0 29.0
obstacle
0.112282842398
196.0 45.0 34.0 34.0
obstacle
0.112060196698
161.0 223.0 25.0 37.0
obstacle
0.111360892653
347.0 247.0 29.0 40.0
obstacle
0.111347310245
40.0 146.0 27.0 41.0
obstacle
0.111225925386
346.0 167.0 38.0 41.0
obstacle
0.110896110535
151.0 18.0 40.0 33.0
obstacle
0.110892735422
202.0 146.0 22.0 36.0
obstacle
0.1108058393
263.0 0.0 54.0 26.0
obstacle
0.110480248928
389.0 153.0 30.0 26.0
obstacle
0.110376261175
382.0 268.0 40.0 49.0
obstacle
0.11027456075
237.0 218.0 24.0 47.0
obstacle
0.110274501145
461.0 302.0 31.0 31.0
obstacle
0.109920024872
29.0 298.0 54.0 35.0
obstacle
0.109879016876
0.0 14.0 287.0 98.0
obstacle
0.109266407788
0.0 171.0 242.0 145.0
obstacle
0.107659757137
232.0 245.0 33.0 42.0
obstacle
0.107533201575
378.0 294.0 44.0 39.0
obstacle
0.105328775942
125.0 219.0 19.0 46.0
obstacle
0.105123668909
462.0 149.0 38.0 33.0
obstacle
0.104974970222
151.0 0.0 45.0 28.0
obstacle
0.104970015585
349.0 151.0 34.0 28.0
obstacle
0.104443244636
221.0 295.0 50.0 38.0
obstacle
0.104392983019
37.0 0.0 42.0 28.0
obstacle
0.104168206453
220.0 269.0 55.0 45.0
obstacle
0.104077130556
184.0 295.0 48.0 38.0
obstacle
0.103857949376
3.0 0.0 33.0 29.0
obstacle
0.10368847847
168.0 0.0 332.0 79.0
obstacle
0.103218995035
348.0 221.0 27.0 41.0
obstacle
0.103019692004
261.0 296.0 49.0 37.0
obstacle
0.102828018367
302.0 266.0 43.0 53.0
obstacle
0.102773115039
236.0 174.0 22.0 34.0
obstacle
0.102767154574
270.0 190.0 25.0 51.0
obstacle
0.102630823851
237.0 194.0 22.0 43.0
obstacle
0.102373078465
311.0 168.0 31.0 41.0
obstacle
0.10217551142
84.0 167.0 28.0 48.0
obstacle
0.102103754878
271.0 174.0 28.0 32.0
obstacle
0.102058216929
273.0 219.0 27.0 45.0
obstacle
0.101389408112
83.0 185.0 30.0 66.0
obstacle
0.100026577711
0.0 299.0 41.0 34.0
obstacle
0.0986755937338
311.0 186.0 32.0 60.0
obstacle
0.0974491015077
226.0 0.0 50.0 25.0
obstacle
0.0972059816122
107.0 0.0 54.0 27.0
obstacle
0.0948506966233
188.0 0.0 49.0 24.0
obstacle
0.0945753753185
263.0 268.0 46.0 48.0
obstacle
0.09240565449
202.0 172.0 18.0 40.0
obstacle
0.0923742130399
73.0 0.0 45.0 29.0
obstacle
0.0917334184051
271.0 246.0 31.0 42.0
obstacle
0.0914261192083
300.0 295.0 47.0 38.0
obstacle
0.0911892801523
202.0 194.0 19.0 44.0
obstacle
0.0909385755658
313.0 218.0 24.0 48.0
obstacle
0.0878586098552
337.0 251.0 163.0 82.0
obstacle
0.0866906121373
166.0 195.0 18.0 42.0
obstacle
0.0866883844137
312.0 242.0 26.0 49.0
obstacle
0.082829721272
166.0 174.0 17.0 34.0
obstacle
0.0812962055206
419.0 167.0 41.0 41.0
