obstacle
0.260215759277
0.0 20.0 364.0 295.0
obstacle
0.228741005063
77.0 117.0 349.0 97.0
obstacle
0.221013709903
241.0 110.0 175.0 62.0
obstacle
0.219104647636
27.0 0.0 473.0 160.0
obstacle
0.212917611003
278.0 205.0 106.0 72.0
obstacle
0.211270809174
40.0 94.0 29.0 37.0
obstacle
0.210139870644
0.0 0.0 157.0 333.0
obstacle
0.208702355623
59.0 0.0 153.0 294.0
obstacle
0.201355963945
79.0 19.0 36.0 29.0
obstacle
0.201282843947
256.0 84.0 147.0 63.0
obstacle
0.199454665184
319.0 227.0 99.0 80.0
obstacle
0.191646844149
9.0 0.0 169.0 90.0
obstacle
0.188880681992
309.0 49.0 115.0 79.0
obstacle
0.188575670123
73.0 117.0 52.0 41.0
obstacle
0.187006443739
130.0 38.0 326.0 253.0
obstacle
0.183496236801
233.0 141.0 121.0 96.0
obstacle
0.182415544987
363.0 231.0 89.0 73.0
obstacle
0.18190279603
48.0 19.0 107.0 87.0
obstacle
0.181457936764
183.0 122.0 49.0 32.0
obstacle
0.180061802268
43.0 241.0 117.0 92.0
obstacle
0.178316652775
204.0 143.0 107.0 90.0
obstacle
0.177749633789
20.0 211.0 167.0 114.0
obstacle
0.177646994591
80.0 112.0 419.0 53.0
obstacle
0.177625954151
136.0 0.0 155.0 333.0
obstacle
0.177495390177
426.0 102.0 32.0 20.0
obstacle
0.177353188396
379.0 221.0 121.0 93.0
obstacle
0.176853343844
278.0 225.0 99.0 85.0
obstacle
0.176527515054
39.0 17.0 43.0 37.0
obstacle
0.175827145576
38.0 203.0 417.0 130.0
obstacle
0.17245067656
115.0 71.0 38.0 39.0
obstacle
0.171898916364
105.0 95.0 59.0 34.0
obstacle
0.17183932662
0.0 0.0 99.0 64.0
obstacle
0.170726150274
239.0 179.0 256.0 154.0
obstacle
0.170650586486
116.0 157.0 345.0 117.0
obstacle
0.170247703791
124.0 83.0 334.0 61.0
obstacle
0.169761925936
345.0 39.0 120.0 102.0
obstacle
0.169135838747
331.0 71.0 146.0 89.0
obstacle
0.168665751815
41.0 197.0 29.0 35.0
obstacle
0.167848795652
342.0 282.0 128.0 51.0
obstacle
0.167657911777
423.0 128.0 31.0 21.0
obstacle
0.167420148849
247.0 215.0 85.0 103.0
obstacle
0.167001143098
80.0 96.0 41.0 34.0
obstacle
0.166252613068
390.0 0.0 110.0 75.0
obstacle
0.165652483702
120.0 224.0 115.0 87.0
obstacle
0.165633097291
118.0 0.0 32.0 37.0
obstacle
0.164634630084
11.0 0.0 101.0 127.0
obstacle
0.164189934731
270.0 44.0 116.0 92.0
obstacle
0.163856253028
112.0 139.0 388.0 55.0
obstacle
0.163827732205
166.0 0.0 334.0 113.0
obstacle
0.163766995072
268.0 131.0 125.0 117.0
obstacle
0.163587957621
3.0 282.0 119.0 51.0
obstacle
0.163508281112
83.0 75.0 30.0 27.0
obstacle
0.161953955889
81.0 0.0 33.0 30.0
obstacle
0.161931961775
335.0 0.0 165.0 298.0
obstacle
0.160235673189
256.0 0.0 138.0 62.0
obstacle
0.159559845924
323.0 0.0 158.0 87.0
obstacle
0.159477904439
224.0 0.0 135.0 325.0
obstacle
0.159325301647
89.0 0.0 96.0 57.0
obstacle
0.159153729677
0.0 0.0 349.0 114.0
obstacle
0.158035412431
468.0 100.0 23.0 29.0
obstacle
0.157235383987
43.0 219.0 28.0 43.0
obstacle
0.157230660319
466.0 245.0 31.0 43.0
obstacle
0.154648095369
0.0 203.0 104.0 130.0
obstacle
0.154552772641
463.0 126.0 28.0 27.0
obstacle
0.154174819589
111.0 0.0 124.0 61.0
obstacle
0.153536140919
4.0 47.0 30.0 29.0
obstacle
0.153192058206
92.0 138.0 99.0 104.0
obstacle
0.152348965406
195.0 126.0 305.0 130.0
obstacle
0.152300730348
0.0 0.0 208.0 182.0
obstacle
0.152222499251
262.0 17.0 133.0 91.0
obstacle
0.152136012912
142.0 115.0 59.0 45.0
obstacle
0.151966974139
267.0 252.0 121.0 81.0
obstacle
0.151012837887
81.0 142.0 266.0 191.0
obstacle
0.150728017092
200.0 209.0 106.0 117.0
obstacle
0.150309816003
364.0 149.0 136.0 184.0
obstacle
0.150125667453
142.0 53.0 358.0 70.0
obstacle
0.149961590767
346.0 126.0 125.0 78.0
obstacle
0.149797916412
391.0 102.0 24.0 21.0
obstacle
0.149372577667
151.0 102.0 44.0 27.0
obstacle
0.149330049753
0.0 100.0 282.0 183.0
obstacle
0.149250507355
240.0 127.0 177.0 78.0
obstacle
0.149150937796
424.0 77.0 34.0 18.0
obstacle
0.149110555649
97.0 142.0 73.0 38.0
obstacle
0.149094611406
270.0 145.0 29.0 33.0
obstacle
0.148478552699
208.0 123.0 87.0 85.0
obstacle
0.148433834314
87.0 18.0 104.0 90.0
obstacle
0.148429915309
387.0 52.0 112.0 77.0
obstacle
0.148292660713
307.0 259.0 123.0 68.0
obstacle
0.148237168789
31.0 116.0 45.0 43.0
obstacle
0.147847414017
154.0 214.0 122.0 106.0
obstacle
0.147553086281
386.0 79.0 30.0 17.0
obstacle
0.146818503737
156.0 0.0 30.0 34.0
obstacle
0.144424468279
82.0 193.0 24.0 44.0
obstacle
0.1440602988
297.0 171.0 142.0 91.0
obstacle
0.143545642495
0.0 179.0 317.0 126.0
obstacle
0.143373981118
35.0 167.0 37.0 44.0
obstacle
0.14302995801
467.0 222.0 24.0 39.0
obstacle
0.14292730391
341.0 164.0 133.0 106.0
obstacle
0.142546713352
51.0 138.0 102.0 106.0
obstacle
0.141951069236
229.0 119.0 40.0 37.0
obstacle
0.141790851951
75.0 277.0 128.0 56.0
obstacle
0.141580015421
381.0 25.0 46.0 24.0
obstacle
0.141541302204
5.0 0.0 29.0 32.0
obstacle
0.141498431563
387.0 126.0 25.0 24.0
obstacle
0.141424119473
294.0 0.0 144.0 313.0
obstacle
0.141266301274
28.0 65.0 359.0 99.0
obstacle
0.141143351793
36.0 60.0 123.0 110.0
obstacle
0.140683084726
147.0 262.0 133.0 71.0
obstacle
0.140571013093
44.0 72.0 28.0 32.0
obstacle
0.139563590288
117.0 45.0 34.0 37.0
obstacle
0.139132365584
350.0 78.0 23.0 21.0
obstacle
0.139104351401
174.0 71.0 82.0 84.0
obstacle
0.139042645693
78.0 173.0 123.0 86.0
obstacle
0.138602644205
184.0 0.0 128.0 64.0
obstacle
0.138259574771
464.0 49.0 25.0 29.0
obstacle
0.137715309858
82.0 223.0 27.0 36.0
obstacle
0.137030422688
0.0 139.0 377.0 103.0
obstacle
0.1366956532
107.0 157.0 52.0 61.0
obstacle
0.136655583978
209.0 78.0 89.0 71.0
obstacle
0.136433064938
183.0 146.0 52.0 33.0
obstacle
0.1361861974
221.0 242.0 135.0 91.0
obstacle
0.1361207515
204.0 39.0 100.0 96.0
obstacle
0.135589957237
39.0 48.0 39.0 30.0
obstacle
0.135570168495
33.0 143.0 40.0 41.0
obstacle
0.135444879532
68.0 142.0 55.0 39.0
obstacle
0.135218858719
420.0 26.0 42.0 23.0
obstacle
0.135036379099
173.0 144.0 95.0 90.0
obstacle
0.134530231357
84.0 45.0 28.0 32.0
obstacle
0.134221494198
123.0 76.0 105.0 77.0
obstacle
0.133991330862
117.0 177.0 123.0 76.0
obstacle
0.133897483349
191.0 102.0 38.0 24.0
obstacle
0.133865490556
236.0 101.0 29.0 24.0
obstacle
0.133504211903
462.0 22.0 30.0 33.0
obstacle
0.13331887126
466.0 274.0 29.0 40.0
obstacle
0.132792338729
6.0 95.0 27.0 33.0
obstacle
0.132336288691
467.0 75.0 24.0 29.0
obstacle
0.13153809309
157.0 48.0 31.0 32.0
obstacle
0.131187617779
76.0 161.0 37.0 53.0
obstacle
0.130729928613
242.0 94.0 258.0 91.0
obstacle
0.13065585494
462.0 200.0 31.0 35.0
obstacle
0.130540207028
165.0 174.0 107.0 83.0
obstacle
0.130515903234
395.0 253.0 105.0 79.0
obstacle
0.130260407925
353.0 101.0 22.0 24.0
obstacle
0.130144774914
0.0 46.0 426.0 82.0
obstacle
0.129967793822
377.0 94.0 123.0 96.0
obstacle
0.129002332687
156.0 75.0 32.0 31.0
obstacle
0.1288164258
308.0 21.0 36.0 33.0
obstacle
0.128679588437
128.0 197.0 99.0 90.0
obstacle
0.128660157323
315.0 53.0 22.0 18.0
obstacle
0.128474786878
122.0 150.0 116.0 80.0
obstacle
0.128013119102
309.0 154.0 121.0 74.0
obstacle
0.127600327134
466.0 0.0 29.0 33.0
obstacle
0.126899406314
312.0 260.0 27.0 69.0
obstacle
0.126785025001
396.0 161.0 104.0 110.0
obstacle
0.126727983356
356.0 193.0 19.0 49.0
obstacle
0.126089006662
346.0 20.0 37.0 32.0
obstacle
0.125511184335
165.0 38.0 99.0 97.0
obstacle
0.125323459506
103.0 117.0 68.0 39.0
obstacle
0.124917909503
314.0 103.0 20.0 19.0
obstacle
0.123600780964
0.0 258.0 298.0 75.0
obstacle
0.1232239604
0.0 94.0 197.0 93.0
obstacle
0.12270770967
273.0 123.0 29.0 27.0
obstacle
0.122700430453
417.0 282.0 83.0 51.0
obstacle
0.12269475311
462.0 176.0 29.0 32.0
obstacle
0.122618108988
361.0 147.0 93.0 87.0
obstacle
0.122178286314
4.0 121.0 30.0 32.0
obstacle
0.122122511268
352.0 0.0 33.0 31.0
obstacle
0.121846601367
131.0 245.0 369.0 88.0
obstacle
0.121605351567
268.0 255.0 34.0 77.0
obstacle
0.121418565512
352.0 124.0 21.0 27.0
obstacle
0.121292330325
422.0 240.0 44.0 53.0
obstacle
0.121103540063
390.0 263.0 30.0 62.0
obstacle
0.121007226408
123.0 182.0 21.0 66.0
obstacle
0.120370827615
232.0 0.0 264.0 210.0
obstacle
0.120262525976
413.0 112.0 87.0 105.0
obstacle
0.120133884251
76.0 29.0 126.0 122.0
obstacle
0.119847401977
1.0 17.0 36.0 34.0
obstacle
0.119669064879
275.0 53.0 25.0 17.0
obstacle
0.119644358754
43.0 0.0 33.0 34.0
obstacle
0.119578123093
0.0 104.0 126.0 122.0
obstacle
0.119304224849
0.0 156.0 136.0 123.0
obstacle
0.119231894612
272.0 75.0 25.0 22.0
obstacle
0.119203262031
123.0 220.0 20.0 43.0
obstacle
0.119025021791
273.0 104.0 24.0 18.0
obstacle
0.119000539184
0.0 90.0 94.0 101.0
obstacle
0.118846252561
232.0 52.0 36.0 16.0
obstacle
0.118500985205
8.0 225.0 27.0 30.0
obstacle
0.118225775659
4.0 172.0 32.0 33.0
obstacle
0.118060193956
311.0 77.0 19.0 20.0
obstacle
0.117539972067
176.0 120.0 78.0 87.0
obstacle
0.117198131979
7.0 251.0 26.0 29.0
obstacle
0.116980537772
40.0 249.0 34.0 31.0
obstacle
0.116368941963
1.0 148.0 36.0 30.0
obstacle
0.116368241608
311.0 0.0 33.0 29.0
obstacle
0.115972816944
314.0 122.0 21.0 29.0
obstacle
0.115957818925
154.0 19.0 35.0 37.0
obstacle
0.115938253701
226.0 143.0 41.0 36.0
obstacle
0.115597821772
190.0 0.0 39.0 26.0
obstacle
0.115333102643
462.0 151.0 28.0 29.0
obstacle
0.115024007857
423.0 0.0 42.0 28.0
obstacle
0.11474622041
388.0 0.0 36.0 29.0
obstacle
0.114532843232
391.0 218.0 25.0 48.0
obstacle
0.114234030247
6.0 196.0 30.0 35.0
obstacle
0.114183180034
309.0 0.0 119.0 177.0
obstacle
0.114033095539
230.0 25.0 34.0 22.0
obstacle
0.113855041564
423.0 153.0 32.0 23.0
obstacle
0.113566324115
1.0 273.0 36.0 36.0
obstacle
0.113408528268
8.0 72.0 26.0 29.0
obstacle
0.111761473119
353.0 213.0 24.0 59.0
obstacle
0.111757285893
0.0 41.0 95.0 96.0
obstacle
0.111233718693
269.0 0.0 121.0 266.0
obstacle
0.110881984234
164.0 216.0 17.0 53.0
obstacle
0.110728546977
145.0 140.0 53.0 41.0
obstacle
0.110054552555
351.0 263.0 30.0 62.0
obstacle
0.109926372766
349.0 50.0 34.0 21.0
obstacle
0.10911821574
425.0 52.0 32.0 19.0
obstacle
0.109111130238
193.0 79.0 31.0 18.0
obstacle
0.108579754829
115.0 17.0 38.0 37.0
obstacle
0.108278855681
422.0 295.0 37.0 38.0
obstacle
0.108141899109
235.0 0.0 110.0 77.0
obstacle
0.107966817915
316.0 183.0 23.0 66.0
obstacle
0.10794339329
162.0 177.0 19.0 75.0
obstacle
0.107428126037
390.0 239.0 30.0 57.0
obstacle
0.106844037771
193.0 51.0 36.0 22.0
obstacle
0.1066313833
316.0 235.0 22.0 64.0
obstacle
0.106475017965
185.0 9.0 136.0 110.0
obstacle
0.106434568763
235.0 215.0 27.0 51.0
obstacle
0.106060035527
422.0 174.0 36.0 36.0
obstacle
0.106055855751
388.0 150.0 26.0 29.0
obstacle
0.105776377022
424.0 267.0 39.0 53.0
obstacle
0.105726726353
116.0 45.0 122.0 88.0
obstacle
0.105559937656
232.0 78.0 31.0 16.0
obstacle
0.105103462934
424.0 215.0 36.0 51.0
obstacle
0.105024255812
393.0 197.0 21.0 42.0
obstacle
0.104841627181
122.0 6.0 107.0 108.0
obstacle
0.103871285915
271.0 25.0 34.0 22.0
obstacle
0.103577300906
314.0 210.0 23.0 66.0
obstacle
0.103568665683
72.0 299.0 40.0 34.0
obstacle
0.10329837352
190.0 24.0 36.0 24.0
obstacle
0.10307533294
121.0 242.0 24.0 54.0
obstacle
0.102602191269
201.0 212.0 19.0 59.0
obstacle
0.101972132921
461.0 300.0 34.0 33.0
obstacle
0.101726770401
274.0 207.0 26.0 68.0
obstacle
0.101383820176
315.0 167.0 25.0 47.0
obstacle
0.101131014526
273.0 236.0 30.0 62.0
obstacle
0.101064935327
149.0 297.0 40.0 36.0
obstacle
0.100396580994
317.0 147.0 16.0 34.0
obstacle
0.0997333750129
230.0 0.0 35.0 27.0
obstacle
0.099664196372
152.0 159.0 39.0 57.0
obstacle
0.097497984767
270.0 0.0 35.0 25.0
obstacle
0.09656265378
274.0 186.0 25.0 57.0
obstacle
0.0962499156594
382.0 50.0 42.0 19.0
obstacle
0.0962161570787
0.0 296.0 33.0 37.0
obstacle
0.0956899225712
110.0 296.0 39.0 37.0
obstacle
0.0956266820431
198.0 186.0 25.0 57.0
obstacle
0.0956144928932
423.0 197.0 36.0 37.0
obstacle
0.0952478647232
354.0 236.0 23.0 62.0
obstacle
0.0951827093959
34.0 294.0 37.0 39.0
obstacle
0.0947128087282
385.0 295.0 37.0 38.0
obstacle
0.0929235443473
162.0 0.0 101.0 81.0
obstacle
0.0922796726227
351.0 146.0 22.0 34.0
obstacle
0.0921687781811
72.0 274.0 39.0 34.0
obstacle
0.0915098190308
113.0 266.0 36.0 54.0
obstacle
0.0912257879972
80.0 248.0 32.0 37.0
obstacle
0.0911686345935
388.0 168.0 30.0 44.0
obstacle
0.0909845009446
226.0 290.0 39.0 43.0
obstacle
0.0901667773724
187.0 294.0 40.0 39.0
obstacle
0.0895952954888
235.0 231.0 29.0 71.0
obstacle
0.0889606550336
154.0 268.0 30.0 52.0
obstacle
0.0883271470666
345.0 296.0 37.0 37.0
obstacle
0.0873234570026
353.0 171.0 24.0 39.0
obstacle
0.0873128324747
37.0 273.0 34.0 34.0
obstacle
0.0871696695685
161.0 241.0 19.0 55.0
obstacle
0.0861841440201
236.0 185.0 22.0 59.0
obstacle
0.0861584693193
233.0 255.0 29.0 75.0
obstacle
0.0848211497068
92.0 70.0 86.0 142.0
obstacle
0.0795271322131
271.0 167.0 30.0 45.0
obstacle
0.0794954970479
199.0 235.0 23.0 65.0
obstacle
0.0750965997577
192.0 159.0 35.0 57.0
obstacle
0.0721609145403
229.0 167.0 36.0 41.0
obstacle
0.0716202408075
194.0 260.0 30.0 66.0
