obstacle
0.258096605539
265.0 136.0 135.0 110.0
obstacle
0.250089377165
340.0 38.0 126.0 146.0
obstacle
0.235159426928
182.0 131.0 143.0 116.0
obstacle
0.232743710279
414.0 48.0 86.0 131.0
obstacle
0.222271591425
374.0 14.0 126.0 151.0
obstacle
0.213518559933
269.0 77.0 194.0 256.0
obstacle
0.210323110223
147.0 0.0 353.0 279.0
obstacle
0.206138014793
337.0 0.0 163.0 333.0
obstacle
0.203756570816
0.0 70.0 155.0 245.0
obstacle
0.201115176082
46.0 0.0 323.0 125.0
obstacle
0.193365886807
115.0 52.0 200.0 281.0
obstacle
0.185308724642
148.0 0.0 352.0 129.0
obstacle
0.181757867336
109.0 88.0 291.0 153.0
obstacle
0.178217545152
208.0 0.0 162.0 158.0
obstacle
0.174314141273
307.0 56.0 123.0 111.0
obstacle
0.173954680562
279.0 0.0 176.0 160.0
obstacle
0.173545613885
239.0 73.0 95.0 139.0
obstacle
0.173518627882
253.0 207.0 149.0 126.0
obstacle
0.173190400004
89.0 192.0 100.0 101.0
obstacle
0.172828942537
241.0 159.0 179.0 116.0
obstacle
0.172675445676
0.0 77.0 369.0 232.0
obstacle
0.171363562346
380.0 114.0 120.0 219.0
obstacle
0.171342656016
29.0 170.0 145.0 95.0
obstacle
0.170861288905
0.0 0.0 118.0 203.0
obstacle
0.168754994869
244.0 100.0 256.0 128.0
obstacle
0.16628447175
380.0 241.0 120.0 92.0
obstacle
0.166104644537
37.0 234.0 121.0 99.0
obstacle
0.165888935328
156.0 113.0 270.0 220.0
obstacle
0.16572034359
157.0 239.0 114.0 94.0
obstacle
0.164132609963
334.0 121.0 148.0 87.0
obstacle
0.163760691881
0.0 0.0 352.0 232.0
obstacle
0.162757128477
178.0 17.0 59.0 33.0
obstacle
0.16080455482
0.0 130.0 213.0 124.0
obstacle
0.159623712301
191.0 206.0 122.0 127.0
obstacle
0.15943300724
120.0 211.0 111.0 115.0
obstacle
0.159412607551
194.0 122.0 29.0 33.0
obstacle
0.158833310008
156.0 123.0 31.0 33.0
obstacle
0.158768996596
156.0 96.0 31.0 37.0
obstacle
0.158472657204
307.0 249.0 121.0 84.0
obstacle
0.15839985013
332.0 170.0 150.0 150.0
obstacle
0.157587498426
0.0 0.0 87.0 126.0
obstacle
0.15681771934
221.0 230.0 137.0 103.0
obstacle
0.154136478901
301.0 182.0 134.0 125.0
obstacle
0.152491495013
26.0 126.0 369.0 80.0
obstacle
0.15246604383
342.0 275.0 129.0 58.0
obstacle
0.152269333601
0.0 0.0 131.0 80.0
obstacle
0.151750430465
71.0 45.0 47.0 29.0
obstacle
0.1510412395
421.0 26.0 44.0 23.0
obstacle
0.149591371417
217.0 19.0 58.0 31.0
obstacle
0.149135783315
207.0 88.0 91.0 106.0
obstacle
0.148667499423
77.0 272.0 33.0 42.0
obstacle
0.14848613739
0.0 205.0 132.0 128.0
obstacle
0.148246824741
423.0 250.0 33.0 33.0
obstacle
0.147781610489
112.0 0.0 200.0 203.0
obstacle
0.14701937139
36.0 111.0 132.0 112.0
obstacle
0.146872803569
29.0 43.0 54.0 33.0
obstacle
0.146836131811
17.0 86.0 313.0 110.0
obstacle
0.146728515625
79.0 244.0 29.0 47.0
obstacle
0.145020678639
140.0 105.0 360.0 71.0
obstacle
0.144553273916
122.0 161.0 114.0 113.0
obstacle
0.14425688982
226.0 191.0 128.0 105.0
obstacle
0.143023729324
259.0 273.0 139.0 60.0
obstacle
0.142864361405
359.0 0.0 141.0 67.0
obstacle
0.142547905445
137.0 16.0 64.0 35.0
obstacle
0.142020076513
259.0 21.0 53.0 28.0
obstacle
0.141397640109
47.0 194.0 107.0 97.0
obstacle
0.140697136521
104.0 41.0 55.0 38.0
obstacle
0.139825046062
155.0 195.0 123.0 98.0
obstacle
0.139235809445
28.0 21.0 57.0 27.0
obstacle
0.138542234898
300.0 22.0 49.0 27.0
obstacle
0.137955382466
38.0 0.0 190.0 283.0
obstacle
0.137942090631
103.0 18.0 57.0 33.0
obstacle
0.137642905116
0.0 190.0 500.0 143.0
obstacle
0.137601703405
51.0 13.0 98.0 99.0
obstacle
0.137504383922
116.0 274.0 35.0 38.0
obstacle
0.137330412865
120.0 0.0 106.0 58.0
obstacle
0.137155324221
157.0 0.0 110.0 60.0
obstacle
0.136947661638
246.0 0.0 166.0 308.0
obstacle
0.136681690812
295.0 0.0 142.0 64.0
obstacle
0.136511042714
164.0 68.0 95.0 90.0
obstacle
0.136509910226
36.0 216.0 39.0 50.0
obstacle
0.136391684413
463.0 252.0 30.0 30.0
obstacle
0.136265799403
152.0 273.0 41.0 40.0
obstacle
0.136132419109
111.0 0.0 50.0 24.0
obstacle
0.135440841317
0.0 116.0 126.0 101.0
obstacle
0.135262727737
66.0 20.0 60.0 30.0
obstacle
0.1348990798
311.0 69.0 28.0 37.0
obstacle
0.134674817324
35.0 0.0 48.0 24.0
obstacle
0.134504854679
256.0 44.0 72.0 88.0
obstacle
0.134419068694
0.0 268.0 125.0 65.0
obstacle
0.133802458644
233.0 96.0 31.0 39.0
obstacle
0.133419156075
114.0 105.0 124.0 126.0
obstacle
0.133270397782
115.0 99.0 34.0 31.0
obstacle
0.132965907454
380.0 147.0 120.0 87.0
obstacle
0.132419630885
218.0 49.0 69.0 76.0
obstacle
0.131987184286
283.0 86.0 90.0 114.0
obstacle
0.131765305996
203.0 175.0 297.0 132.0
obstacle
0.131579786539
62.0 49.0 378.0 134.0
obstacle
0.131475076079
37.0 243.0 35.0 47.0
obstacle
0.131423071027
194.0 99.0 30.0 30.0
obstacle
0.131108254194
38.0 98.0 32.0 31.0
obstacle
0.129742234945
276.0 125.0 31.0 33.0
obstacle
0.128592476249
383.0 24.0 40.0 25.0
obstacle
0.128428772092
144.0 87.0 138.0 108.0
obstacle
0.128421038389
81.0 44.0 110.0 87.0
obstacle
0.128242388368
83.0 0.0 102.0 68.0
obstacle
0.128067627549
193.0 142.0 37.0 42.0
obstacle
0.128046393394
36.0 121.0 36.0 36.0
obstacle
0.12759706378
266.0 47.0 41.0 29.0
obstacle
0.127423480153
340.0 0.0 50.0 26.0
obstacle
0.127379626036
149.0 40.0 44.0 40.0
obstacle
0.127348527312
153.0 148.0 46.0 33.0
obstacle
0.127176716924
154.0 68.0 34.0 37.0
obstacle
0.126942321658
468.0 24.0 27.0 31.0
obstacle
0.126924410462
77.0 70.0 121.0 140.0
obstacle
0.126694589853
188.0 270.0 47.0 45.0
obstacle
0.125793725252
112.0 69.0 36.0 35.0
obstacle
0.12578086555
428.0 153.0 72.0 128.0
obstacle
0.125617668033
225.0 44.0 45.0 32.0
obstacle
0.125473737717
4.0 222.0 33.0 37.0
obstacle
0.125388175249
423.0 225.0 34.0 34.0
obstacle
0.125386044383
385.0 49.0 35.0 27.0
obstacle
0.125226154923
40.0 58.0 109.0 112.0
obstacle
0.124917857349
9.0 251.0 328.0 82.0
obstacle
0.124857902527
417.0 269.0 83.0 64.0
obstacle
0.124019056559
169.0 235.0 316.0 98.0
obstacle
0.123659916222
155.0 246.0 34.0 44.0
obstacle
0.123410992324
341.0 22.0 44.0 28.0
obstacle
0.12333291769
225.0 28.0 275.0 174.0
obstacle
0.12329428643
2.0 124.0 31.0 28.0
obstacle
0.123259097338
118.0 246.0 31.0 43.0
obstacle
0.12320869416
314.0 8.0 114.0 113.0
obstacle
0.123028323054
299.0 0.0 54.0 26.0
obstacle
0.12294331193
29.0 141.0 49.0 46.0
obstacle
0.122560366988
0.0 149.0 38.0 31.0
obstacle
0.122352316976
121.0 65.0 107.0 99.0
obstacle
0.122267208993
73.0 0.0 52.0 25.0
obstacle
0.122020579875
155.0 168.0 37.0 40.0
obstacle
0.121751271188
350.0 71.0 28.0 32.0
obstacle
0.121666535735
77.0 72.0 31.0 29.0
obstacle
0.12163143605
180.0 11.0 74.0 100.0
obstacle
0.121556684375
353.0 1.0 106.0 126.0
obstacle
0.121453851461
3.0 21.0 35.0 29.0
obstacle
0.121441476047
112.0 264.0 126.0 69.0
obstacle
0.121183313429
37.0 155.0 346.0 122.0
obstacle
0.120841518044
0.0 0.0 239.0 109.0
obstacle
0.120617084205
386.0 270.0 28.0 46.0
obstacle
0.120341010392
312.0 119.0 33.0 39.0
obstacle
0.120238259435
98.0 27.0 83.0 69.0
obstacle
0.119667313993
3.0 251.0 32.0 30.0
obstacle
0.119633488357
122.0 217.0 27.0 52.0
obstacle
0.119301825762
193.0 0.0 116.0 63.0
obstacle
0.118664577603
464.0 73.0 31.0 33.0
obstacle
0.118382252753
426.0 52.0 35.0 24.0
obstacle
0.118073426187
79.0 119.0 31.0 39.0
obstacle
0.117684833705
225.0 0.0 127.0 57.0
obstacle
0.117487549782
220.0 20.0 72.0 83.0
obstacle
0.117432944477
35.0 272.0 37.0 42.0
obstacle
0.117315649986
190.0 42.0 40.0 35.0
obstacle
0.117274329066
144.0 298.0 50.0 35.0
obstacle
0.117254152894
0.0 31.0 263.0 118.0
obstacle
0.116949088871
0.0 157.0 119.0 120.0
obstacle
0.116848766804
0.0 178.0 261.0 130.0
obstacle
0.116730764508
4.0 47.0 34.0 28.0
obstacle
0.116682544351
260.0 0.0 56.0 26.0
obstacle
0.116445921361
137.0 18.0 82.0 87.0
obstacle
0.115902215242
115.0 122.0 37.0 36.0
obstacle
0.115783289075
388.0 247.0 29.0 41.0
obstacle
0.115238144994
469.0 51.0 25.0 30.0
obstacle
0.115212991834
345.0 269.0 38.0 48.0
obstacle
0.115018032491
283.0 48.0 97.0 81.0
obstacle
0.115002155304
36.0 188.0 38.0 56.0
obstacle
0.114983446896
156.0 193.0 34.0 47.0
obstacle
0.114263921976
223.0 0.0 53.0 26.0
obstacle
0.114093750715
353.0 247.0 27.0 42.0
obstacle
0.113797739148
421.0 272.0 34.0 40.0
obstacle
0.113636448979
192.0 69.0 35.0 34.0
obstacle
0.113569833338
464.0 230.0 27.0 25.0
obstacle
0.113538004458
304.0 264.0 44.0 58.0
obstacle
0.113482899964
235.0 117.0 33.0 45.0
obstacle
0.113402895629
3.0 72.0 32.0 29.0
obstacle
0.113107524812
2.0 99.0 30.0 26.0
obstacle
0.112450934947
251.0 20.0 88.0 83.0
obstacle
0.112331241369
268.0 73.0 35.0 31.0
obstacle
0.11230070889
195.0 245.0 34.0 44.0
obstacle
0.112212300301
146.0 0.0 54.0 25.0
obstacle
0.112179085612
418.0 0.0 49.0 25.0
obstacle
0.111692599952
198.0 194.0 27.0 44.0
obstacle
0.111483454704
303.0 43.0 43.0 34.0
obstacle
0.111239694059
38.0 70.0 34.0 31.0
obstacle
0.110928423703
130.0 47.0 90.0 82.0
obstacle
0.110706046224
381.0 0.0 46.0 26.0
obstacle
0.110604770482
109.0 298.0 43.0 35.0
obstacle
0.110481023788
80.0 215.0 32.0 54.0
obstacle
0.110282957554
76.0 141.0 38.0 45.0
obstacle
0.110008247197
78.0 98.0 30.0 32.0
obstacle
0.10909935087
458.0 302.0 34.0 31.0
obstacle
0.108792670071
388.0 72.0 31.0 32.0
obstacle
0.108735188842
310.0 91.0 29.0 45.0
obstacle
0.108659416437
347.0 120.0 37.0 38.0
obstacle
0.108590476215
219.0 294.0 57.0 39.0
obstacle
0.108586214483
247.0 0.0 253.0 82.0
obstacle
0.107972979546
236.0 226.0 31.0 36.0
obstacle
0.107084058225
418.0 298.0 35.0 35.0
obstacle
0.107025541365
183.0 0.0 57.0 26.0
obstacle
0.107015125453
226.0 268.0 47.0 49.0
obstacle
0.106896750629
467.0 126.0 23.0 31.0
obstacle
0.106741376221
71.0 298.0 44.0 35.0
obstacle
0.106571823359
426.0 75.0 35.0 26.0
obstacle
0.106440909207
32.0 293.0 45.0 40.0
obstacle
0.10628477484
310.0 243.0 35.0 50.0
obstacle
0.106161922216
462.0 0.0 38.0 27.0
obstacle
0.106135167181
115.0 147.0 43.0 39.0
obstacle
0.106122247875
463.0 179.0 31.0 27.0
obstacle
0.106062859297
0.0 276.0 38.0 33.0
obstacle
0.105400398374
463.0 206.0 30.0 24.0
obstacle
0.105144999921
120.0 168.0 38.0 42.0
obstacle
0.104662179947
409.0 114.0 91.0 103.0
obstacle
0.104469262064
317.0 152.0 24.0 28.0
obstacle
0.104437433183
346.0 47.0 36.0 28.0
obstacle
0.104228742421
352.0 149.0 30.0 35.0
obstacle
0.103653557599
393.0 151.0 22.0 30.0
obstacle
0.103589236736
3.0 194.0 34.0 42.0
obstacle
0.103252455592
272.0 96.0 30.0 38.0
obstacle
0.102780535817
0.0 299.0 38.0 34.0
obstacle
0.102572105825
459.0 278.0 33.0 30.0
obstacle
0.102144606411
0.0 171.0 37.0 38.0
obstacle
0.101681813598
315.0 177.0 26.0 28.0
obstacle
0.101633392274
233.0 244.0 34.0 46.0
obstacle
0.101610213518
77.0 164.0 43.0 52.0
obstacle
0.101148411632
233.0 67.0 30.0 40.0
obstacle
0.1011409536
381.0 295.0 36.0 38.0
obstacle
0.100998453796
355.0 96.0 24.0 35.0
obstacle
0.100604407489
30.0 160.0 49.0 56.0
obstacle
0.100521661341
421.0 129.0 35.0 25.0
obstacle
0.100456103683
466.0 99.0 26.0 31.0
obstacle
0.100128397346
463.0 152.0 30.0 29.0
obstacle
0.0997435450554
270.0 245.0 36.0 44.0
obstacle
0.0996028035879
263.0 266.0 49.0 52.0
obstacle
0.0995209813118
162.0 219.0 26.0 49.0
obstacle
0.0995096117258
421.0 176.0 36.0 36.0
obstacle
0.0994320884347
0.0 68.0 201.0 93.0
obstacle
0.0992622971535
199.0 223.0 29.0 43.0
obstacle
0.0991599485278
272.0 172.0 31.0 32.0
obstacle
0.0991363078356
393.0 124.0 27.0 35.0
obstacle
0.0991216748953
184.0 295.0 51.0 38.0
obstacle
0.0984276607633
301.0 292.0 48.0 41.0
obstacle
0.0982561483979
236.0 201.0 33.0 33.0
obstacle
0.0976116359234
0.0 0.0 41.0 27.0
obstacle
0.0974224805832
123.0 190.0 28.0 51.0
obstacle
0.0966255664825
393.0 222.0 19.0 43.0
obstacle
0.0946797579527
340.0 295.0 45.0 38.0
obstacle
0.09414704144
282.0 147.0 22.0 32.0
obstacle
0.0935991704464
356.0 223.0 20.0 42.0
obstacle
0.0929489061236
390.0 96.0 32.0 35.0
obstacle
0.0915554240346
264.0 292.0 45.0 41.0
obstacle
0.0908138602972
315.0 221.0 23.0 46.0
obstacle
0.0884713158011
198.0 167.0 26.0 46.0
obstacle
0.0883529558778
316.0 199.0 23.0 38.0
obstacle
0.0878671854734
79.0 185.0 40.0 62.0
obstacle
0.086804702878
420.0 202.0 38.0 33.0
obstacle
0.0864292234182
355.0 199.0 19.0 38.0
obstacle
0.0861089602113
395.0 177.0 19.0 33.0
obstacle
0.084125444293
392.0 201.0 19.0 37.0
obstacle
0.0840222612023
353.0 174.0 24.0 37.0
obstacle
0.0838589519262
277.0 201.0 26.0 32.0
obstacle
0.0822911038995
425.0 151.0 30.0 30.0
obstacle
0.0792125687003
277.0 227.0 25.0 33.0
obstacle
0.0754239037633
425.0 98.0 40.0 29.0
obstacle
0.0694555640221
236.0 143.0 39.0 44.0
obstacle
0.0632586628199
237.0 168.0 32.0 44.0
