obstacle
0.352072536945
0.0 33.0 140.0 165.0
obstacle
0.238890439272
114.0 50.0 118.0 126.0
obstacle
0.222916066647
303.0 62.0 197.0 271.0
obstacle
0.220207050443
243.0 88.0 168.0 154.0
obstacle
0.21757337451
35.0 58.0 128.0 116.0
obstacle
0.214566215873
158.0 31.0 103.0 164.0
obstacle
0.210363447666
73.0 83.0 358.0 112.0
obstacle
0.209650859237
25.0 0.0 475.0 253.0
obstacle
0.199591860175
191.0 45.0 121.0 139.0
obstacle
0.198621958494
344.0 51.0 123.0 129.0
obstacle
0.194888010621
18.0 0.0 163.0 163.0
obstacle
0.192292273045
79.0 56.0 115.0 164.0
obstacle
0.192173674703
3.0 24.0 35.0 30.0
obstacle
0.190693691373
302.0 74.0 130.0 127.0
obstacle
0.188137248158
338.0 0.0 162.0 232.0
obstacle
0.185939356685
0.0 239.0 141.0 94.0
obstacle
0.185279801488
136.0 171.0 146.0 97.0
obstacle
0.184363216162
378.0 125.0 122.0 208.0
obstacle
0.184186786413
0.0 108.0 485.0 214.0
obstacle
0.183601006866
99.0 203.0 150.0 83.0
obstacle
0.183128789067
125.0 126.0 99.0 132.0
obstacle
0.181967958808
355.0 192.0 105.0 105.0
obstacle
0.180491030216
173.0 94.0 156.0 140.0
obstacle
0.178778588772
0.0 188.0 156.0 112.0
obstacle
0.175156027079
145.0 212.0 136.0 116.0
obstacle
0.174299061298
307.0 192.0 125.0 104.0
obstacle
0.171200916171
0.0 106.0 367.0 121.0
obstacle
0.169185489416
102.0 111.0 150.0 108.0
obstacle
0.168601840734
73.0 125.0 126.0 133.0
obstacle
0.168233960867
281.0 0.0 176.0 205.0
obstacle
0.168231338263
71.0 36.0 131.0 107.0
obstacle
0.1672937572
168.0 0.0 166.0 166.0
obstacle
0.165921837091
191.0 0.0 128.0 333.0
obstacle
0.164806783199
0.0 0.0 331.0 179.0
obstacle
0.163576468825
397.0 216.0 94.0 108.0
obstacle
0.162124410272
323.0 145.0 169.0 96.0
obstacle
0.161108925939
397.0 77.0 23.0 26.0
obstacle
0.159910604358
374.0 78.0 126.0 126.0
obstacle
0.159860536456
260.0 47.0 133.0 136.0
obstacle
0.15822391212
0.0 0.0 142.0 66.0
obstacle
0.1580722332
0.0 183.0 375.0 150.0
obstacle
0.156831800938
369.0 0.0 131.0 65.0
obstacle
0.156759232283
198.0 76.0 27.0 28.0
obstacle
0.156319007277
221.0 75.0 224.0 258.0
obstacle
0.15565367043
300.0 14.0 133.0 101.0
obstacle
0.155442908406
202.0 186.0 23.0 51.0
obstacle
0.15376727283
26.0 165.0 144.0 105.0
obstacle
0.153502255678
217.0 162.0 151.0 111.0
obstacle
0.153108179569
0.0 129.0 137.0 126.0
obstacle
0.153066903353
335.0 240.0 140.0 93.0
obstacle
0.152524113655
0.0 4.0 124.0 125.0
obstacle
0.151775568724
10.0 74.0 25.0 32.0
obstacle
0.150963574648
433.0 80.0 26.0 25.0
obstacle
0.150592923164
0.0 0.0 205.0 333.0
obstacle
0.150529310107
191.0 24.0 44.0 28.0
obstacle
0.149611398578
43.0 24.0 34.0 32.0
obstacle
0.14954097569
160.0 70.0 28.0 38.0
obstacle
0.149071648717
257.0 0.0 143.0 59.0
obstacle
0.148327156901
394.0 106.0 23.0 25.0
obstacle
0.147638976574
363.0 7.0 137.0 116.0
obstacle
0.147547453642
8.0 48.0 29.0 32.0
obstacle
0.147443681955
215.0 209.0 285.0 120.0
obstacle
0.146729528904
357.0 76.0 26.0 28.0
obstacle
0.146034121513
238.0 75.0 30.0 27.0
obstacle
0.145925536752
393.0 52.0 30.0 28.0
obstacle
0.14543299377
120.0 181.0 29.0 64.0
obstacle
0.144076704979
316.0 74.0 28.0 31.0
obstacle
0.143602505326
187.0 199.0 136.0 94.0
obstacle
0.142699539661
36.0 268.0 127.0 65.0
obstacle
0.142590478063
355.0 102.0 24.0 30.0
obstacle
0.142496541142
105.0 5.0 141.0 121.0
obstacle
0.142218470573
0.0 0.0 41.0 30.0
obstacle
0.141886413097
235.0 122.0 29.0 36.0
obstacle
0.141068533063
117.0 23.0 39.0 32.0
obstacle
0.140294581652
71.0 0.0 131.0 66.0
obstacle
0.139470487833
218.0 55.0 144.0 167.0
obstacle
0.138817116618
118.0 243.0 28.0 48.0
obstacle
0.138258203864
163.0 212.0 26.0 57.0
obstacle
0.137981310487
466.0 27.0 31.0 28.0
obstacle
0.137578472495
422.0 248.0 36.0 39.0
obstacle
0.137332394719
149.0 0.0 128.0 62.0
obstacle
0.137097448111
153.0 23.0 43.0 31.0
obstacle
0.137084037066
156.0 95.0 31.0 40.0
obstacle
0.136740520597
81.0 214.0 26.0 55.0
obstacle
0.136062294245
248.0 228.0 158.0 105.0
obstacle
0.135777518153
0.0 165.0 352.0 105.0
obstacle
0.135063752532
316.0 100.0 22.0 31.0
obstacle
0.135041415691
431.0 107.0 28.0 23.0
obstacle
0.134960845113
28.0 85.0 141.0 161.0
obstacle
0.134382516146
231.0 23.0 41.0 29.0
obstacle
0.134117633104
464.0 251.0 27.0 34.0
obstacle
0.134095430374
139.0 149.0 361.0 86.0
obstacle
0.133162692189
356.0 52.0 28.0 27.0
obstacle
0.133066833019
42.0 217.0 30.0 48.0
obstacle
0.133019894361
222.0 5.0 135.0 119.0
obstacle
0.13194270432
0.0 266.0 94.0 67.0
obstacle
0.131932809949
127.0 40.0 252.0 293.0
obstacle
0.131913751364
404.0 132.0 96.0 119.0
obstacle
0.131644293666
88.0 253.0 399.0 80.0
obstacle
0.131417319179
386.0 26.0 39.0 25.0
obstacle
0.131384760141
419.0 32.0 81.0 167.0
obstacle
0.130970001221
201.0 164.0 27.0 50.0
obstacle
0.130633533001
168.0 187.0 22.0 55.0
obstacle
0.130478382111
411.0 1.0 62.0 23.0
obstacle
0.130186274648
470.0 76.0 23.0 32.0
obstacle
0.129980549216
419.0 198.0 39.0 40.0
obstacle
0.129905715585
77.0 269.0 34.0 47.0
obstacle
0.129719942808
80.0 24.0 37.0 32.0
obstacle
0.129580870271
278.0 74.0 26.0 29.0
obstacle
0.129544347525
347.0 26.0 39.0 25.0
obstacle
0.129414886236
278.0 244.0 22.0 50.0
obstacle
0.129363000393
235.0 96.0 29.0 34.0
obstacle
0.129326358438
54.0 249.0 169.0 84.0
obstacle
0.128427147865
464.0 227.0 28.0 31.0
obstacle
0.127780869603
147.0 0.0 353.0 104.0
obstacle
0.127739191055
426.0 55.0 40.0 24.0
obstacle
0.127691611648
124.0 70.0 23.0 41.0
obstacle
0.127446889877
84.0 143.0 22.0 46.0
obstacle
0.126890972257
82.0 188.0 24.0 55.0
obstacle
0.1268004179
467.0 103.0 25.0 28.0
obstacle
0.126334130764
420.0 28.0 47.0 24.0
obstacle
0.126227349043
98.0 176.0 402.0 85.0
obstacle
0.126188546419
241.0 214.0 17.0 56.0
obstacle
0.126132667065
383.0 265.0 117.0 68.0
obstacle
0.125602930784
46.0 48.0 29.0 35.0
obstacle
0.125506475568
276.0 97.0 26.0 36.0
obstacle
0.125224411488
0.0 58.0 261.0 109.0
obstacle
0.125032186508
340.0 0.0 51.0 26.0
obstacle
0.125031009316
171.0 263.0 162.0 70.0
obstacle
0.125018551946
118.0 162.0 32.0 53.0
obstacle
0.124492146075
35.0 272.0 42.0 41.0
obstacle
0.124370761216
117.0 268.0 30.0 48.0
obstacle
0.123825021088
162.0 139.0 24.0 52.0
obstacle
0.123516917229
251.0 118.0 249.0 147.0
obstacle
0.123413898051
200.0 138.0 24.0 57.0
obstacle
0.122610412538
418.0 176.0 41.0 33.0
obstacle
0.122471474111
356.0 127.0 22.0 32.0
obstacle
0.122419506311
159.0 46.0 33.0 35.0
obstacle
0.122391708195
46.0 124.0 28.0 30.0
obstacle
0.12195225805
426.0 131.0 33.0 23.0
obstacle
0.121686123312
121.0 140.0 26.0 51.0
obstacle
0.121067285538
199.0 119.0 28.0 44.0
obstacle
0.120807029307
48.0 148.0 21.0 33.0
obstacle
0.119719959795
308.0 25.0 38.0 27.0
obstacle
0.119670905173
421.0 222.0 37.0 42.0
obstacle
0.119565285742
461.0 154.0 33.0 25.0
obstacle
0.119018629193
160.0 117.0 27.0 48.0
obstacle
0.118982277811
195.0 273.0 30.0 40.0
obstacle
0.118833377957
37.0 0.0 41.0 31.0
obstacle
0.118775352836
471.0 51.0 26.0 32.0
obstacle
0.118670210242
270.0 24.0 39.0 29.0
obstacle
0.118602111936
463.0 202.0 29.0 30.0
obstacle
0.118585675955
300.0 0.0 51.0 27.0
obstacle
0.118532218039
162.0 248.0 24.0 42.0
obstacle
0.118391692638
393.0 129.0 24.0 28.0
obstacle
0.118231348693
462.0 276.0 30.0 35.0
obstacle
0.118207067251
82.0 241.0 26.0 52.0
obstacle
0.117958121002
420.0 154.0 42.0 25.0
obstacle
0.117937006056
384.0 272.0 33.0 43.0
obstacle
0.117743171751
44.0 167.0 24.0 46.0
obstacle
0.117608644068
45.0 247.0 27.0 39.0
obstacle
0.117396183312
86.0 49.0 28.0 34.0
obstacle
0.117346376181
198.0 47.0 32.0 32.0
obstacle
0.117094926536
198.0 96.0 30.0 36.0
obstacle
0.117020063102
378.0 0.0 53.0 26.0
obstacle
0.116935014725
120.0 98.0 24.0 35.0
obstacle
0.116802625358
122.0 213.0 22.0 56.0
obstacle
0.116320595145
390.0 153.0 24.0 29.0
obstacle
0.116242393851
43.0 192.0 24.0 46.0
obstacle
0.116138756275
310.0 268.0 30.0 49.0
obstacle
0.115933857858
233.0 271.0 32.0 43.0
obstacle
0.115787796676
49.0 75.0 22.0 31.0
obstacle
0.115763232112
41.0 57.0 269.0 260.0
obstacle
0.115713782609
348.0 271.0 31.0 43.0
obstacle
0.115225583315
271.0 270.0 33.0 45.0
obstacle
0.114913642406
9.0 147.0 24.0 37.0
obstacle
0.114875085652
6.0 195.0 29.0 40.0
obstacle
0.113916307688
237.0 241.0 23.0 54.0
obstacle
0.113787174225
45.0 100.0 26.0 31.0
obstacle
0.113625958562
459.0 179.0 34.0 26.0
obstacle
0.113182514906
74.0 0.0 46.0 31.0
obstacle
0.113109506667
7.0 171.0 27.0 38.0
obstacle
0.112951345742
183.0 0.0 57.0 27.0
obstacle
0.112793542445
222.0 0.0 54.0 27.0
obstacle
0.112462118268
457.0 301.0 36.0 32.0
obstacle
0.112446822226
155.0 276.0 33.0 35.0
obstacle
0.112439200282
261.0 0.0 53.0 28.0
obstacle
0.112337842584
123.0 114.0 24.0 53.0
obstacle
0.111750274897
204.0 216.0 19.0 49.0
obstacle
0.111085705459
421.0 272.0 34.0 42.0
obstacle
0.110987126827
317.0 214.0 15.0 60.0
obstacle
0.110301092267
459.0 0.0 41.0 27.0
obstacle
0.110159568489
316.0 48.0 29.0 33.0
obstacle
0.11013455689
238.0 45.0 31.0 36.0
obstacle
0.11010466516
239.0 194.0 20.0 42.0
obstacle
0.110061816871
6.0 225.0 32.0 31.0
obstacle
0.110032781959
87.0 116.0 23.0 49.0
obstacle
0.109967209399
110.0 0.0 51.0 28.0
obstacle
0.109822116792
464.0 128.0 29.0 26.0
obstacle
0.109812423587
317.0 240.0 19.0 56.0
obstacle
0.109726928174
85.0 162.0 20.0 57.0
obstacle
0.109538480639
390.0 197.0 22.0 44.0
obstacle
0.109012432396
238.0 161.0 28.0 58.0
obstacle
0.10882370919
279.0 212.0 16.0 63.0
obstacle
0.108579076827
302.0 263.0 129.0 70.0
obstacle
0.106820911169
145.0 0.0 57.0 28.0
obstacle
0.106748469174
355.0 245.0 24.0 46.0
obstacle
0.106456615031
391.0 177.0 20.0 34.0
obstacle
0.106261365116
276.0 46.0 31.0 35.0
obstacle
0.105585090816
112.0 299.0 39.0 34.0
obstacle
0.104802258313
86.0 70.0 23.0 41.0
obstacle
0.104769900441
389.0 246.0 27.0 44.0
obstacle
0.104373879731
0.0 0.0 299.0 98.0
obstacle
0.104247920215
180.0 0.0 220.0 230.0
obstacle
0.103899352252
121.0 47.0 32.0 36.0
obstacle
0.103891886771
317.0 148.0 21.0 32.0
obstacle
0.103833831847
10.0 122.0 27.0 36.0
obstacle
0.1032634601
34.0 297.0 44.0 36.0
obstacle
0.103213250637
356.0 175.0 16.0 35.0
obstacle
0.102999337018
389.0 221.0 23.0 44.0
obstacle
0.102699577808
159.0 166.0 32.0 47.0
obstacle
0.101792916656
416.0 299.0 40.0 34.0
obstacle
0.101704150438
74.0 299.0 40.0 34.0
obstacle
0.10129134357
202.0 246.0 21.0 43.0
obstacle
0.100697778165
263.0 297.0 43.0 36.0
obstacle
0.10027834028
239.0 142.0 28.0 44.0
obstacle
0.0998783484101
356.0 195.0 16.0 47.0
obstacle
0.0991175398231
10.0 97.0 26.0 39.0
obstacle
0.0990673974156
378.0 299.0 41.0 34.0
obstacle
0.0989229679108
149.0 298.0 41.0 35.0
obstacle
0.0988658741117
229.0 296.0 35.0 37.0
obstacle
0.0983843877912
354.0 218.0 20.0 51.0
obstacle
0.0983088538051
83.0 94.0 25.0 43.0
obstacle
0.0975833311677
321.0 121.0 22.0 40.0
obstacle
0.0972709283233
305.0 295.0 36.0 38.0
obstacle
0.0966753363609
355.0 149.0 21.0 32.0
obstacle
0.0964302644134
6.0 251.0 33.0 30.0
obstacle
0.0955813750625
0.0 277.0 43.0 31.0
obstacle
0.0953274741769
189.0 297.0 37.0 36.0
obstacle
0.0938003435731
0.0 301.0 38.0 32.0
obstacle
0.0935879722238
317.0 170.0 15.0 39.0
obstacle
0.0911240950227
343.0 297.0 36.0 36.0
obstacle
0.0871908664703
273.0 160.0 25.0 59.0
obstacle
0.0865642949939
319.0 182.0 13.0 71.0
obstacle
0.0844462662935
273.0 123.0 37.0 34.0
obstacle
0.0812009498477
281.0 187.0 13.0 60.0
obstacle
0.076390042901
275.0 137.0 33.0 51.0
