obstacle
0.252996444702
0.0 0.0 113.0 333.0
obstacle
0.252430140972
78.0 3.0 117.0 166.0
obstacle
0.24339325726
120.0 10.0 110.0 152.0
obstacle
0.24324709177
343.0 0.0 157.0 321.0
obstacle
0.238178119063
165.0 6.0 97.0 161.0
obstacle
0.23622302711
101.0 56.0 72.0 112.0
obstacle
0.233228608966
143.0 43.0 66.0 139.0
obstacle
0.225439891219
331.0 139.0 156.0 102.0
obstacle
0.225338086486
0.0 0.0 130.0 100.0
obstacle
0.217894211411
36.0 0.0 125.0 184.0
obstacle
0.215844780207
310.0 0.0 121.0 318.0
obstacle
0.210811704397
193.0 0.0 116.0 138.0
obstacle
0.210349842906
92.0 117.0 87.0 95.0
obstacle
0.209006264806
182.0 0.0 318.0 301.0
obstacle
0.206866368651
348.0 118.0 115.0 93.0
obstacle
0.201874434948
4.0 25.0 36.0 29.0
obstacle
0.201708972454
53.0 50.0 91.0 126.0
obstacle
0.199963599443
17.0 80.0 391.0 253.0
obstacle
0.198101237416
136.0 115.0 73.0 100.0
obstacle
0.197290465236
239.0 0.0 101.0 123.0
obstacle
0.196558564901
72.0 0.0 130.0 333.0
obstacle
0.196367487311
365.0 47.0 82.0 83.0
obstacle
0.195965692401
219.0 146.0 133.0 94.0
obstacle
0.195696309209
86.0 0.0 319.0 229.0
obstacle
0.194841608405
364.0 74.0 84.0 83.0
obstacle
0.192748904228
324.0 46.0 83.0 81.0
obstacle
0.192650064826
41.0 25.0 39.0 31.0
obstacle
0.19196036458
40.0 78.0 37.0 26.0
obstacle
0.191872283816
165.0 117.0 92.0 97.0
obstacle
0.188089743257
48.0 113.0 101.0 102.0
obstacle
0.187804281712
5.0 73.0 31.0 32.0
obstacle
0.183669120073
7.0 51.0 32.0 27.0
obstacle
0.182559132576
45.0 52.0 32.0 27.0
obstacle
0.181646510959
0.0 0.0 295.0 189.0
obstacle
0.179023355246
27.0 145.0 146.0 91.0
obstacle
0.178749471903
283.0 66.0 88.0 93.0
obstacle
0.178517505527
70.0 23.0 55.0 32.0
obstacle
0.1782540977
114.0 0.0 345.0 119.0
obstacle
0.174990803003
320.0 70.0 95.0 88.0
obstacle
0.17409004271
370.0 174.0 130.0 159.0
obstacle
0.173860639334
265.0 216.0 129.0 104.0
obstacle
0.173000320792
103.0 141.0 397.0 106.0
obstacle
0.172766283154
276.0 10.0 101.0 97.0
obstacle
0.172207862139
240.0 128.0 89.0 76.0
obstacle
0.171788722277
316.0 98.0 103.0 86.0
obstacle
0.171395659447
197.0 122.0 105.0 89.0
obstacle
0.170915052295
402.0 75.0 81.0 83.0
obstacle
0.170883104205
74.0 156.0 126.0 69.0
obstacle
0.169511049986
78.0 51.0 42.0 27.0
obstacle
0.169444143772
216.0 46.0 68.0 134.0
obstacle
0.16838850081
191.0 75.0 45.0 23.0
obstacle
0.16836720705
162.0 0.0 188.0 333.0
obstacle
0.167203769088
79.0 79.0 35.0 24.0
obstacle
0.166824042797
125.0 151.0 100.0 78.0
obstacle
0.164489462972
156.0 165.0 27.0 53.0
obstacle
0.163815513253
386.0 53.0 39.0 22.0
obstacle
0.162205725908
231.0 75.0 41.0 24.0
obstacle
0.162146508694
224.0 231.0 135.0 102.0
obstacle
0.161288872361
38.0 95.0 36.0 42.0
obstacle
0.161191225052
240.0 195.0 102.0 97.0
obstacle
0.160791039467
0.0 17.0 101.0 143.0
obstacle
0.16062861681
0.0 148.0 143.0 185.0
obstacle
0.160452917218
389.0 92.0 105.0 103.0
obstacle
0.159989997745
53.0 244.0 91.0 89.0
obstacle
0.15961356461
319.0 17.0 95.0 86.0
obstacle
0.159476935863
157.0 150.0 115.0 80.0
obstacle
0.158804863691
179.0 215.0 145.0 105.0
obstacle
0.158743083477
158.0 101.0 32.0 25.0
obstacle
0.158127009869
0.0 220.0 75.0 92.0
obstacle
0.157039478421
423.0 49.0 38.0 29.0
obstacle
0.156468108296
169.0 178.0 331.0 130.0
obstacle
0.155979767442
306.0 205.0 127.0 74.0
obstacle
0.155903533101
71.0 103.0 214.0 230.0
obstacle
0.155692711473
420.0 114.0 80.0 102.0
obstacle
0.155413106084
398.0 0.0 102.0 81.0
obstacle
0.155258864164
302.0 153.0 137.0 76.0
obstacle
0.154480710626
0.0 161.0 402.0 113.0
obstacle
0.154178351164
37.0 114.0 37.0 53.0
obstacle
0.153671398759
152.0 76.0 42.0 24.0
obstacle
0.153659567237
37.0 0.0 117.0 73.0
obstacle
0.15292596817
234.0 99.0 32.0 28.0
obstacle
0.152864217758
424.0 100.0 29.0 32.0
obstacle
0.152478829026
75.0 221.0 128.0 93.0
obstacle
0.152102857828
325.0 0.0 151.0 71.0
obstacle
0.151632383466
157.0 189.0 26.0 55.0
obstacle
0.151613146067
158.0 119.0 29.0 39.0
obstacle
0.150475382805
424.0 78.0 32.0 23.0
obstacle
0.150167584419
0.0 70.0 126.0 143.0
obstacle
0.150077819824
78.0 97.0 32.0 37.0
obstacle
0.14981020987
79.0 117.0 30.0 47.0
obstacle
0.149275630713
254.0 60.0 69.0 104.0
obstacle
0.149090975523
114.0 226.0 127.0 83.0
obstacle
0.149043917656
425.0 220.0 75.0 92.0
obstacle
0.149041891098
0.0 138.0 93.0 106.0
obstacle
0.148396894336
191.0 165.0 33.0 46.0
obstacle
0.14834305644
278.0 189.0 24.0 50.0
obstacle
0.148265361786
256.0 151.0 143.0 85.0
obstacle
0.148001134396
4.0 253.0 113.0 80.0
obstacle
0.14744874835
105.0 20.0 59.0 35.0
obstacle
0.147178798914
111.0 51.0 50.0 24.0
obstacle
0.14680314064
396.0 47.0 95.0 86.0
obstacle
0.146433964372
347.0 77.0 34.0 25.0
obstacle
0.146077096462
270.0 73.0 37.0 30.0
obstacle
0.145955204964
156.0 137.0 31.0 55.0
obstacle
0.145878538489
312.0 194.0 21.0 43.0
obstacle
0.145797461271
31.0 186.0 140.0 114.0
obstacle
0.145512536168
164.0 72.0 336.0 139.0
obstacle
0.145304426551
196.0 99.0 33.0 28.0
obstacle
0.144931197166
464.0 94.0 28.0 45.0
obstacle
0.144810557365
123.0 180.0 103.0 71.0
obstacle
0.144695341587
0.0 202.0 370.0 131.0
obstacle
0.144611030817
238.0 47.0 181.0 286.0
obstacle
0.144466042519
117.0 99.0 33.0 32.0
obstacle
0.14347910881
269.0 128.0 111.0 77.0
obstacle
0.143386632204
387.0 77.0 34.0 27.0
obstacle
0.143201097846
0.0 0.0 45.0 28.0
obstacle
0.14260019362
0.0 116.0 255.0 98.0
obstacle
0.14252589643
119.0 164.0 23.0 55.0
obstacle
0.14132130146
379.0 177.0 121.0 81.0
obstacle
0.140897065401
2.0 96.0 32.0 38.0
obstacle
0.140028968453
292.0 0.0 208.0 145.0
obstacle
0.139908671379
342.0 27.0 51.0 22.0
obstacle
0.139116883278
118.0 133.0 30.0 65.0
obstacle
0.139105141163
385.0 282.0 115.0 51.0
obstacle
0.138746440411
395.0 147.0 105.0 87.0
obstacle
0.137932941318
141.0 0.0 140.0 67.0
obstacle
0.136847555637
388.0 97.0 23.0 38.0
obstacle
0.136543303728
172.0 27.0 314.0 126.0
obstacle
0.136307820678
81.0 191.0 22.0 55.0
obstacle
0.135261908174
118.0 78.0 32.0 24.0
obstacle
0.134521782398
145.0 231.0 142.0 102.0
obstacle
0.134337812662
191.0 216.0 35.0 52.0
obstacle
0.133750557899
198.0 171.0 99.0 92.0
obstacle
0.133552283049
328.0 68.0 172.0 95.0
obstacle
0.133474692702
120.0 116.0 30.0 47.0
obstacle
0.133023053408
278.0 216.0 23.0 47.0
obstacle
0.13296687603
246.0 119.0 254.0 96.0
obstacle
0.132893815637
337.0 222.0 141.0 93.0
obstacle
0.131577119231
0.0 69.0 357.0 142.0
obstacle
0.131398499012
304.0 24.0 50.0 31.0
obstacle
0.131065696478
352.0 115.0 20.0 50.0
obstacle
0.130257502198
226.0 239.0 274.0 94.0
obstacle
0.129596844316
119.0 189.0 21.0 58.0
obstacle
0.129433840513
34.0 0.0 55.0 31.0
obstacle
0.129227519035
461.0 249.0 38.0 36.0
obstacle
0.128999605775
158.0 207.0 22.0 70.0
obstacle
0.12829387188
251.0 0.0 148.0 71.0
obstacle
0.128043696284
461.0 276.0 37.0 36.0
obstacle
0.127571970224
95.0 271.0 87.0 62.0
obstacle
0.127517059445
241.0 268.0 104.0 65.0
obstacle
0.127420842648
71.0 0.0 56.0 28.0
obstacle
0.127236738801
352.0 99.0 19.0 33.0
obstacle
0.127048030496
381.0 27.0 48.0 25.0
obstacle
0.126875296235
348.0 55.0 42.0 20.0
obstacle
0.126600891352
272.0 100.0 30.0 29.0
obstacle
0.126546338201
39.0 214.0 29.0 54.0
obstacle
0.126059234142
312.0 131.0 26.0 68.0
obstacle
0.125988438725
464.0 73.0 31.0 36.0
obstacle
0.125668942928
307.0 75.0 35.0 29.0
obstacle
0.125489249825
426.0 120.0 25.0 39.0
obstacle
0.125062689185
81.0 162.0 26.0 61.0
obstacle
0.124563492835
389.0 248.0 26.0 38.0
obstacle
0.124431073666
230.0 210.0 42.0 62.0
obstacle
0.124413266778
119.0 213.0 22.0 61.0
obstacle
0.124326169491
289.0 165.0 211.0 102.0
obstacle
0.124320089817
79.0 138.0 32.0 54.0
obstacle
0.124311998487
104.0 0.0 64.0 29.0
obstacle
0.124308243394
382.0 204.0 118.0 80.0
obstacle
0.124152258039
37.0 136.0 34.0 61.0
obstacle
0.123863078654
75.0 274.0 41.0 38.0
obstacle
0.123788893223
195.0 118.0 33.0 38.0
obstacle
0.123540699482
191.0 138.0 36.0 49.0
obstacle
0.123510867357
1.0 120.0 33.0 41.0
obstacle
0.123410508037
111.0 0.0 126.0 95.0
obstacle
0.123316124082
293.0 132.0 151.0 201.0
obstacle
0.122626855969
234.0 118.0 33.0 39.0
obstacle
0.122216388583
31.0 271.0 51.0 46.0
obstacle
0.121688514948
309.0 119.0 27.0 44.0
obstacle
0.121571190655
36.0 246.0 37.0 43.0
obstacle
0.120961807668
264.0 22.0 53.0 32.0
obstacle
0.120734132826
0.0 251.0 276.0 82.0
obstacle
0.120677262545
414.0 26.0 57.0 25.0
obstacle
0.120597980917
78.0 62.0 344.0 104.0
obstacle
0.120207078755
113.0 278.0 43.0 29.0
obstacle
0.120180875063
0.0 277.0 47.0 34.0
obstacle
0.119379945099
149.0 173.0 126.0 84.0
obstacle
0.119291782379
37.0 187.0 29.0 57.0
obstacle
0.118947565556
461.0 142.0 33.0 48.0
obstacle
0.118759013712
270.0 136.0 39.0 57.0
obstacle
0.118534967303
308.0 239.0 123.0 94.0
obstacle
0.118444122374
195.0 189.0 29.0 53.0
obstacle
0.118147753179
141.0 21.0 64.0 31.0
obstacle
0.117912776768
0.0 146.0 32.0 42.0
obstacle
0.11716426909
310.0 51.0 38.0 28.0
obstacle
0.116842061281
460.0 27.0 38.0 25.0
obstacle
0.116792470217
147.0 49.0 56.0 26.0
obstacle
0.11673168838
466.0 50.0 28.0 29.0
obstacle
0.116495147347
164.0 269.0 106.0 64.0
obstacle
0.116095043719
270.0 120.0 33.0 41.0
obstacle
0.116062648594
145.0 202.0 137.0 79.0
obstacle
0.11590013653
183.0 0.0 57.0 26.0
obstacle
0.115845754743
344.0 2.0 49.0 22.0
obstacle
0.115735791624
465.0 0.0 30.0 28.0
obstacle
0.115515716374
202.0 267.0 107.0 66.0
obstacle
0.115337654948
424.0 140.0 30.0 51.0
obstacle
0.115276351571
420.0 250.0 42.0 31.0
obstacle
0.115269675851
0.0 58.0 181.0 113.0
obstacle
0.114980533719
186.0 50.0 58.0 23.0
obstacle
0.114962518215
352.0 247.0 26.0 42.0
obstacle
0.114726655185
466.0 169.0 24.0 45.0
obstacle
0.11463367939
155.0 244.0 29.0 48.0
obstacle
0.114460423589
233.0 160.0 34.0 55.0
obstacle
0.114312618971
352.0 130.0 23.0 67.0
obstacle
0.113985471427
389.0 134.0 25.0 63.0
obstacle
0.113818489015
2.0 198.0 29.0 38.0
obstacle
0.1135821715
464.0 116.0 27.0 49.0
obstacle
0.11271751672
132.0 270.0 94.0 63.0
obstacle
0.112525440753
0.0 153.0 291.0 76.0
obstacle
0.112415805459
141.0 0.0 63.0 28.0
obstacle
0.112230703235
316.0 218.0 19.0 44.0
obstacle
0.111985296011
227.0 50.0 54.0 24.0
obstacle
0.111955024302
220.0 0.0 63.0 25.0
obstacle
0.111426383257
261.0 0.0 59.0 25.0
obstacle
0.111089222133
57.0 252.0 389.0 81.0
obstacle
0.110949091613
188.0 271.0 42.0 42.0
obstacle
0.110724069178
465.0 225.0 29.0 34.0
obstacle
0.110368311405
384.0 273.0 36.0 39.0
obstacle
0.110262133181
117.0 245.0 27.0 46.0
obstacle
0.110142782331
180.0 23.0 66.0 26.0
obstacle
0.109716519713
424.0 194.0 30.0 42.0
obstacle
0.10923538357
356.0 278.0 105.0 55.0
obstacle
0.10893689096
150.0 298.0 37.0 35.0
obstacle
0.108440473676
40.0 158.0 25.0 68.0
obstacle
0.107906259596
420.0 3.0 45.0 23.0
obstacle
0.10767249018
352.0 189.0 18.0 54.0
obstacle
0.107661813498
424.0 218.0 34.0 43.0
obstacle
0.107634969056
82.0 214.0 23.0 57.0
obstacle
0.107625365257
464.0 195.0 26.0 44.0
obstacle
0.107229985297
233.0 136.0 34.0 52.0
obstacle
0.107151523232
221.0 21.0 63.0 30.0
obstacle
0.106986679137
341.0 297.0 45.0 36.0
obstacle
0.106900721788
390.0 116.0 22.0 49.0
obstacle
0.106303289533
4.0 225.0 30.0 33.0
obstacle
0.10611513257
274.0 271.0 114.0 62.0
obstacle
0.106072291732
111.0 301.0 41.0 32.0
obstacle
0.105428300798
148.0 276.0 46.0 34.0
obstacle
0.104850023985
419.0 273.0 43.0 38.0
obstacle
0.104757837951
315.0 247.0 23.0 41.0
obstacle
0.104718111455
226.0 272.0 43.0 38.0
obstacle
0.10395655036
418.0 296.0 41.0 37.0
obstacle
0.103808708489
190.0 242.0 37.0 49.0
obstacle
0.103091239929
0.0 169.0 32.0 47.0
obstacle
0.103057347238
304.0 0.0 50.0 26.0
obstacle
0.102941140532
316.0 159.0 23.0 64.0
obstacle
0.10190179199
389.0 188.0 22.0 56.0
obstacle
0.101545006037
461.0 300.0 33.0 33.0
obstacle
0.101478949189
312.0 103.0 24.0 28.0
obstacle
0.101063854992
373.0 296.0 55.0 37.0
obstacle
0.100488685071
230.0 243.0 36.0 45.0
obstacle
0.0997840762138
76.0 298.0 35.0 35.0
obstacle
0.0995255112648
310.0 272.0 31.0 40.0
obstacle
0.0994682386518
267.0 49.0 49.0 27.0
obstacle
0.0989333763719
277.0 165.0 30.0 53.0
obstacle
0.0987892746925
183.0 296.0 48.0 37.0
obstacle
0.0987365618348
382.0 2.0 46.0 24.0
obstacle
0.0987245067954
302.0 297.0 45.0 36.0
obstacle
0.096671178937
0.0 250.0 40.0 35.0
obstacle
0.0966610834002
389.0 155.0 23.0 70.0
obstacle
0.0964006260037
355.0 11.0 145.0 101.0
obstacle
0.0956682190299
344.0 275.0 39.0 35.0
obstacle
0.0944358929992
83.0 245.0 24.0 47.0
obstacle
0.0939199104905
0.0 299.0 40.0 34.0
obstacle
0.0935626700521
390.0 215.0 24.0 50.0
obstacle
0.0926696360111
36.0 295.0 42.0 38.0
obstacle
0.0920091867447
223.0 298.0 45.0 35.0
obstacle
0.0918577611446
355.0 155.0 19.0 71.0
obstacle
0.0908269733191
276.0 251.0 26.0 31.0
obstacle
0.0904867723584
427.0 158.0 24.0 65.0
obstacle
0.0903748497367
263.0 296.0 45.0 37.0
obstacle
0.090265892446
355.0 222.0 19.0 40.0
obstacle
0.0892695114017
270.0 274.0 33.0 35.0
obstacle
0.0846378877759
236.0 185.0 28.0 58.0
