obstacle
0.962362170219
237.0 136.0 57.0 26.0
obstacle
0.867823004723
52.0 170.0 20.0 20.0
obstacle
0.750759124756
51.0 168.0 23.0 20.0
obstacle
0.730341970921
240.0 135.0 61.0 28.0
obstacle
0.658089637756
221.0 131.0 81.0 32.0
obstacle
0.62500846386
202.0 189.0 119.0 43.0
obstacle
0.544041514397
209.0 190.0 135.0 44.0
obstacle
0.518970489502
233.0 134.0 80.0 26.0
obstacle
0.496942996979
127.0 229.0 29.0 36.0
obstacle
0.427225530148
91.0 44.0 29.0 77.0
obstacle
0.419700682163
117.0 234.0 47.0 27.0
obstacle
0.373467296362
88.0 26.0 34.0 90.0
obstacle
0.347259968519
228.0 143.0 72.0 23.0
obstacle
0.344097644091
216.0 199.0 123.0 46.0
obstacle
0.330728292465
124.0 230.0 35.0 35.0
obstacle
0.319168329239
73.0 45.0 29.0 75.0
obstacle
0.313935667276
53.0 174.0 24.0 16.0
obstacle
0.294488579035
51.0 167.0 28.0 18.0
obstacle
0.284590542316
109.0 46.0 29.0 73.0
obstacle
0.265313327312
181.0 188.0 233.0 71.0
obstacle
0.261451005936
70.0 26.0 34.0 91.0
obstacle
0.25852021575
52.0 44.0 31.0 78.0
obstacle
0.257474273443
125.0 240.0 36.0 16.0
obstacle
0.251143187284
233.0 143.0 77.0 23.0
obstacle
0.230826407671
12.0 35.0 31.0 70.0
obstacle
0.224582999945
51.0 31.0 34.0 81.0
obstacle
0.223465770483
192.0 178.0 136.0 49.0
obstacle
0.210814490914
416.0 117.0 34.0 11.0
obstacle
0.198306754231
219.0 192.0 78.0 39.0
obstacle
0.184028655291
128.0 42.0 31.0 82.0
obstacle
0.182825803757
222.0 130.0 79.0 20.0
obstacle
0.179719507694
185.0 45.0 70.0 25.0
obstacle
0.170499563217
365.0 196.0 58.0 26.0
obstacle
0.168386563659
382.0 195.0 28.0 28.0
obstacle
0.167416453362
116.0 234.0 27.0 29.0
obstacle
0.166197001934
389.0 23.0 111.0 43.0
obstacle
0.160172834992
107.0 28.0 35.0 87.0
obstacle
0.160001039505
377.0 202.0 37.0 15.0
obstacle
0.159606471658
184.0 191.0 123.0 38.0
obstacle
0.159095883369
104.0 235.0 54.0 26.0
obstacle
0.157932162285
121.0 213.0 42.0 54.0
obstacle
0.157580167055
409.0 25.0 91.0 39.0
obstacle
0.156397998333
207.0 195.0 109.0 51.0
obstacle
0.155180484056
30.0 42.0 35.0 81.0
obstacle
0.153406336904
198.0 187.0 160.0 73.0
obstacle
0.15074570477
227.0 201.0 137.0 43.0
obstacle
0.150707453489
373.0 173.0 42.0 52.0
obstacle
0.14972615242
380.0 181.0 31.0 39.0
obstacle
0.146154135466
208.0 131.0 32.0 7.0
obstacle
0.144171014428
71.0 57.0 31.0 75.0
obstacle
0.137086868286
46.0 171.0 35.0 19.0
obstacle
0.134673729539
234.0 134.0 10.0 8.0
obstacle
0.132659524679
370.0 21.0 124.0 47.0
obstacle
0.132652789354
196.0 191.0 242.0 67.0
obstacle
0.132214263082
110.0 242.0 39.0 13.0
obstacle
0.13211672008
250.0 178.0 171.0 92.0
obstacle
0.13142991066
210.0 173.0 173.0 101.0
obstacle
0.127263516188
342.0 20.0 143.0 49.0
obstacle
0.12718872726
87.0 12.0 35.0 93.0
obstacle
0.125528350472
56.0 177.0 23.0 10.0
obstacle
0.125339195132
129.0 225.0 26.0 32.0
obstacle
0.120708450675
195.0 206.0 244.0 61.0
obstacle
0.120383769274
91.0 57.0 28.0 74.0
obstacle
0.119449943304
176.0 191.0 205.0 65.0
obstacle
0.119174599648
233.0 195.0 83.0 34.0
obstacle
0.117646157742
226.0 136.0 98.0 38.0
obstacle
0.117442905903
308.0 24.0 137.0 41.0
obstacle
0.117299668491
111.0 230.0 37.0 37.0
obstacle
0.114871241152
283.0 191.0 145.0 42.0
obstacle
0.113603584468
374.0 182.0 41.0 55.0
obstacle
0.111273214221
181.0 181.0 126.0 42.0
obstacle
0.110995784402
319.0 216.0 35.0 13.0
obstacle
0.110728248954
8.0 44.0 42.0 75.0
obstacle
0.110136330128
134.0 37.0 135.0 42.0
obstacle
0.109568700194
222.0 193.0 146.0 38.0
obstacle
0.108212925494
24.0 107.0 162.0 30.0
obstacle
0.107394777238
408.0 112.0 50.0 21.0
obstacle
0.107303805649
198.0 50.0 44.0 16.0
obstacle
0.106420889497
429.0 29.0 71.0 31.0
obstacle
0.104628905654
70.0 14.0 33.0 90.0
obstacle
0.104542158544
33.0 161.0 43.0 28.0
obstacle
0.104393824935
218.0 131.0 146.0 30.0
obstacle
0.101669885218
6.0 20.0 43.0 77.0
obstacle
0.100596107543
200.0 170.0 154.0 83.0
obstacle
0.100146256387
47.0 16.0 40.0 86.0
obstacle
0.0993889048696
214.0 129.0 66.0 16.0
obstacle
0.0992681086063
170.0 206.0 255.0 59.0
obstacle
0.0989358052611
127.0 30.0 34.0 83.0
obstacle
0.0989164561033
270.0 174.0 170.0 100.0
obstacle
0.0979369208217
415.0 28.0 77.0 31.0
obstacle
0.0969561636448
38.0 165.0 35.0 34.0
obstacle
0.0968630164862
392.0 6.0 41.0 77.0
obstacle
0.0967684835196
183.0 18.0 39.0 78.0
obstacle
0.0967292189598
365.0 183.0 60.0 35.0
obstacle
0.0953019708395
285.0 201.0 138.0 45.0
obstacle
0.0945436954498
236.0 139.0 52.0 17.0
obstacle
0.0940471887589
2.0 106.0 169.0 31.0
obstacle
0.0937880575657
394.0 0.0 39.0 72.0
obstacle
0.0936319828033
27.0 31.0 40.0 80.0
obstacle
0.0936045944691
184.0 175.0 150.0 72.0
obstacle
0.0933232307434
374.0 11.0 115.0 45.0
obstacle
0.0932777523994
47.0 167.0 41.0 20.0
obstacle
0.0931699052453
209.0 137.0 102.0 35.0
obstacle
0.0927780494094
263.0 202.0 145.0 43.0
obstacle
0.0920625329018
225.0 175.0 183.0 97.0
obstacle
0.0917315483093
190.0 27.0 21.0 35.0
obstacle
0.0915876403451
326.0 209.0 19.0 28.0
obstacle
0.0913106352091
240.0 141.0 41.0 15.0
obstacle
0.0910370126367
110.0 61.0 28.0 67.0
obstacle
0.0907763540745
237.0 134.0 49.0 25.0
obstacle
0.0896689072251
229.0 133.0 28.0 6.0
obstacle
0.088675506413
302.0 129.0 28.0 10.0
obstacle
0.0879117548466
286.0 204.0 22.0 36.0
obstacle
0.0877246037126
310.0 178.0 51.0 13.0
obstacle
0.0875296890736
89.0 228.0 109.0 38.0
obstacle
0.0864398926497
49.0 52.0 36.0 87.0
obstacle
0.0861006602645
323.0 21.0 144.0 47.0
obstacle
0.085352435708
199.0 191.0 273.0 66.0
obstacle
0.0847097411752
351.0 9.0 126.0 50.0
obstacle
0.0837780088186
223.0 203.0 74.0 36.0
obstacle
0.0832208842039
102.0 213.0 52.0 53.0
obstacle
0.0823892354965
157.0 39.0 124.0 39.0
obstacle
0.081684678793
121.0 180.0 379.0 113.0
obstacle
0.081650160253
279.0 216.0 39.0 13.0
obstacle
0.0816305279732
51.0 105.0 146.0 35.0
obstacle
0.0813585370779
0.0 48.0 90.0 45.0
obstacle
0.0812007337809
176.0 178.0 243.0 68.0
obstacle
0.081007130444
422.0 112.0 20.0 21.0
obstacle
0.0802871435881
301.0 118.0 31.0 9.0
obstacle
0.0799242481589
106.0 175.0 383.0 121.0
obstacle
0.0798729881644
146.0 42.0 33.0 82.0
obstacle
0.0782963931561
233.0 204.0 87.0 35.0
obstacle
0.0781420916319
334.0 204.0 45.0 15.0
obstacle
0.078019104898
317.0 206.0 40.0 13.0
obstacle
0.0773477703333
300.0 208.0 70.0 30.0
obstacle
0.0770445838571
138.0 162.0 320.0 125.0
obstacle
0.075967758894
388.0 11.0 112.0 46.0
obstacle
0.0759316757321
211.0 192.0 69.0 37.0
obstacle
0.0744647756219
284.0 119.0 27.0 8.0
obstacle
0.0744162872434
335.0 31.0 78.0 27.0
obstacle
0.0738553926349
147.0 149.0 353.0 127.0
obstacle
0.0737574845552
267.0 191.0 139.0 44.0
obstacle
0.0729839578271
36.0 47.0 139.0 49.0
obstacle
0.0727918222547
44.0 165.0 20.0 25.0
obstacle
0.0717590302229
275.0 135.0 9.0 6.0
obstacle
0.0713710859418
59.0 171.0 17.0 9.0
obstacle
0.0708075612783
166.0 40.0 78.0 34.0
obstacle
0.0702328458428
29.0 58.0 38.0 74.0
obstacle
0.069379478693
290.0 200.0 15.0 25.0
obstacle
0.0692372843623
0.0 47.0 136.0 48.0
obstacle
0.0690630301833
320.0 200.0 72.0 23.0
obstacle
0.069014556706
0.0 47.0 110.0 48.0
obstacle
0.0684779733419
41.0 170.0 76.0 27.0
obstacle
0.068278722465
189.0 188.0 142.0 70.0
obstacle
0.0677426382899
44.0 167.0 22.0 30.0
obstacle
0.0674916803837
376.0 190.0 38.0 20.0
obstacle
0.0674787461758
17.0 41.0 22.0 36.0
obstacle
0.0674368441105
217.0 51.0 42.0 14.0
obstacle
0.0663512647152
96.0 49.0 19.0 43.0
obstacle
0.0654469132423
446.0 37.0 50.0 15.0
obstacle
0.0653210952878
228.0 43.0 19.0 29.0
obstacle
0.0645354688168
184.0 13.0 35.0 65.0
obstacle
0.0639377087355
132.0 156.0 368.0 137.0
obstacle
0.0637608468533
108.0 233.0 38.0 13.0
obstacle
0.0637128204107
313.0 190.0 123.0 41.0
obstacle
0.0636629462242
423.0 24.0 77.0 41.0
obstacle
0.0632332637906
181.0 36.0 41.0 17.0
obstacle
0.0631481558084
97.0 60.0 18.0 45.0
obstacle
0.0630849078298
121.0 165.0 379.0 119.0
obstacle
0.0629518777132
184.0 129.0 39.0 10.0
obstacle
0.0629185587168
239.0 191.0 232.0 66.0
obstacle
0.0628805607557
61.0 48.0 125.0 46.0
obstacle
0.0625983476639
339.0 197.0 75.0 25.0
obstacle
0.0624971464276
134.0 47.0 135.0 45.0
obstacle
0.0624098144472
166.0 39.0 146.0 39.0
obstacle
0.0622229576111
200.0 6.0 40.0 79.0
obstacle
0.0620331428945
278.0 196.0 37.0 55.0
obstacle
0.0618085041642
267.0 157.0 175.0 109.0
obstacle
0.0615249425173
217.0 128.0 10.0 13.0
obstacle
0.0614784285426
102.0 230.0 119.0 37.0
obstacle
0.061376478523
163.0 179.0 231.0 65.0
obstacle
0.0609972067177
279.0 206.0 35.0 12.0
obstacle
0.0609216205776
276.0 201.0 41.0 70.0
obstacle
0.0608411021531
182.0 28.0 40.0 83.0
obstacle
0.0603196620941
297.0 173.0 77.0 22.0
obstacle
0.0596348494291
153.0 43.0 134.0 53.0
obstacle
0.0595930181444
334.0 176.0 118.0 48.0
obstacle
0.0590617395937
145.0 36.0 35.0 71.0
obstacle
0.0587670318782
111.0 45.0 144.0 50.0
obstacle
0.0579749718308
278.0 105.0 39.0 11.0
obstacle
0.057878959924
82.0 51.0 124.0 41.0
obstacle
0.0572129972279
59.0 61.0 16.0 43.0
obstacle
0.0571331568062
200.0 45.0 77.0 26.0
obstacle
0.0567597709596
233.0 213.0 167.0 45.0
obstacle
0.0567310191691
228.0 192.0 63.0 60.0
obstacle
0.0567224100232
18.0 3.0 176.0 136.0
obstacle
0.0567222572863
0.0 28.0 236.0 85.0
obstacle
0.0560515373945
401.0 11.0 23.0 41.0
obstacle
0.0560147166252
18.0 48.0 19.0 42.0
obstacle
0.0558553524315
126.0 128.0 36.0 11.0
obstacle
0.0558405257761
109.0 228.0 66.0 26.0
obstacle
0.0557723976672
17.0 46.0 138.0 51.0
obstacle
0.0554812885821
129.0 54.0 29.0 81.0
obstacle
0.0554799996316
134.0 25.0 135.0 43.0
obstacle
0.0552773326635
226.0 120.0 32.0 8.0
obstacle
0.0552365705371
191.0 129.0 113.0 34.0
obstacle
0.0549693070352
461.0 27.0 24.0 34.0
obstacle
0.0548811927438
244.0 155.0 184.0 114.0
obstacle
0.0548005849123
169.0 31.0 66.0 28.0
obstacle
0.0547340959311
78.0 201.0 131.0 96.0
obstacle
0.0545735098422
430.0 9.0 41.0 70.0
obstacle
0.0541297718883
299.0 201.0 74.0 23.0
obstacle
0.0537392161787
163.0 115.0 40.0 12.0
obstacle
0.0527328923345
203.0 119.0 40.0 9.0
obstacle
0.0526033788919
169.0 152.0 331.0 120.0
obstacle
0.0525665543973
229.0 182.0 60.0 58.0
obstacle
0.0524780675769
186.0 177.0 261.0 71.0
obstacle
0.0522431246936
78.0 61.0 17.0 44.0
obstacle
0.0522090569139
254.0 192.0 47.0 63.0
obstacle
0.0518151707947
200.0 189.0 85.0 26.0
obstacle
0.0517686568201
230.0 179.0 251.0 64.0
obstacle
0.0517073944211
283.0 132.0 26.0 7.0
obstacle
0.0516905076802
0.0 199.0 358.0 100.0
obstacle
0.0515902377665
0.0 16.0 286.0 135.0
obstacle
0.0515159517527
301.0 217.0 34.0 12.0
obstacle
0.051494512707
30.0 59.0 150.0 48.0
obstacle
0.0514885373414
0.0 62.0 137.0 41.0
obstacle
0.0511411838233
216.0 189.0 83.0 26.0
obstacle
0.0510663092136
328.0 200.0 16.0 27.0
obstacle
0.0510595180094
126.0 234.0 34.0 11.0
obstacle
0.0509681850672
116.0 58.0 17.0 49.0
obstacle
0.0507316440344
268.0 201.0 20.0 23.0
obstacle
0.0505072623491
229.0 185.0 177.0 103.0
obstacle
0.0503503084183
113.0 222.0 27.0 38.0
obstacle
0.0503367297351
205.0 180.0 263.0 65.0
