obstacle
0.886933863163
454.0 238.0 37.0 27.0
obstacle
0.822988390923
453.0 241.0 39.0 32.0
obstacle
0.542716801167
365.0 136.0 19.0 83.0
obstacle
0.5342207551
247.0 135.0 24.0 65.0
obstacle
0.521568715572
341.0 117.0 28.0 80.0
obstacle
0.508657455444
90.0 117.0 30.0 77.0
obstacle
0.507958352566
303.0 118.0 29.0 78.0
obstacle
0.491890907288
453.0 231.0 37.0 37.0
obstacle
0.489456981421
363.0 126.0 22.0 83.0
obstacle
0.478747308254
130.0 113.0 26.0 86.0
obstacle
0.466912060976
173.0 120.0 22.0 73.0
obstacle
0.456259608269
91.0 110.0 28.0 72.0
obstacle
0.454569190741
303.0 131.0 28.0 73.0
obstacle
0.451968312263
283.0 122.0 28.0 70.0
obstacle
0.449552476406
342.0 132.0 25.0 71.0
obstacle
0.44648322463
131.0 105.0 24.0 80.0
obstacle
0.436143815517
265.0 119.0 26.0 77.0
obstacle
0.432834506035
111.0 110.0 26.0 72.0
obstacle
0.431197762489
264.0 130.0 27.0 75.0
obstacle
0.430968999863
111.0 120.0 26.0 72.0
obstacle
0.42983096838
322.0 123.0 29.0 68.0
obstacle
0.42377859354
209.0 120.0 22.0 73.0
obstacle
0.420903861523
112.0 125.0 24.0 82.0
obstacle
0.417972832918
397.0 107.0 26.0 99.0
obstacle
0.415042191744
171.0 127.0 24.0 79.0
obstacle
0.405414551497
361.0 109.0 25.0 96.0
obstacle
0.403995722532
324.0 134.0 26.0 67.0
obstacle
0.402203768492
247.0 128.0 24.0 59.0
obstacle
0.397103488445
65.0 200.0 159.0 29.0
obstacle
0.391909599304
264.0 135.0 27.0 85.0
obstacle
0.390097171068
345.0 138.0 21.0 79.0
obstacle
0.388778686523
92.0 129.0 26.0 75.0
obstacle
0.388534635305
247.0 140.0 26.0 76.0
obstacle
0.387997061014
213.0 202.0 167.0 27.0
obstacle
0.387396395206
76.0 201.0 170.0 26.0
obstacle
0.383970052004
74.0 114.0 28.0 63.0
obstacle
0.378823965788
380.0 143.0 24.0 70.0
obstacle
0.376988500357
189.0 117.0 23.0 79.0
obstacle
0.367972403765
230.0 203.0 170.0 25.0
obstacle
0.355617582798
381.0 121.0 22.0 93.0
obstacle
0.354817330837
188.0 130.0 25.0 72.0
obstacle
0.354137778282
130.0 124.0 26.0 85.0
obstacle
0.347750663757
284.0 140.0 27.0 76.0
obstacle
0.343489915133
363.0 146.0 23.0 85.0
obstacle
0.342077106237
198.0 203.0 161.0 26.0
obstacle
0.337789028883
397.0 118.0 27.0 98.0
obstacle
0.337559819221
284.0 129.0 27.0 76.0
obstacle
0.333035349846
208.0 123.0 24.0 86.0
obstacle
0.324817478657
323.0 142.0 27.0 71.0
obstacle
0.311274886131
284.0 150.0 27.0 79.0
obstacle
0.310697257519
360.0 105.0 27.0 84.0
obstacle
0.309611618519
172.0 103.0 22.0 86.0
obstacle
0.306808650494
200.0 212.0 156.0 25.0
obstacle
0.301971197128
150.0 126.0 25.0 81.0
obstacle
0.30150732398
304.0 139.0 25.0 77.0
obstacle
0.299761682749
226.0 123.0 26.0 68.0
obstacle
0.298291891813
128.0 89.0 28.0 92.0
obstacle
0.289710640907
220.0 212.0 152.0 25.0
obstacle
0.282392144203
148.0 114.0 28.0 84.0
obstacle
0.281975984573
381.0 112.0 23.0 91.0
obstacle
0.276756703854
397.0 105.0 27.0 82.0
obstacle
0.275222212076
401.0 136.0 21.0 85.0
obstacle
0.272983729839
75.0 126.0 26.0 59.0
obstacle
0.271331548691
160.0 212.0 159.0 25.0
obstacle
0.269273906946
54.0 198.0 218.0 32.0
obstacle
0.268943607807
207.0 103.0 26.0 85.0
obstacle
0.267032146454
265.0 153.0 26.0 74.0
obstacle
0.265451461077
182.0 204.0 153.0 24.0
obstacle
0.264210999012
184.0 213.0 150.0 22.0
obstacle
0.263881504536
341.0 105.0 28.0 83.0
obstacle
0.263446837664
226.0 133.0 28.0 68.0
obstacle
0.259105235338
302.0 110.0 30.0 73.0
obstacle
0.258012980223
246.0 151.0 27.0 77.0
obstacle
0.25579097867
324.0 147.0 25.0 83.0
obstacle
0.255175232887
111.0 143.0 25.0 69.0
obstacle
0.255055785179
454.0 237.0 32.0 40.0
obstacle
0.252337634563
381.0 142.0 23.0 94.0
obstacle
0.248492956161
226.0 136.0 29.0 83.0
obstacle
0.243623360991
344.0 144.0 22.0 90.0
obstacle
0.242968469858
163.0 205.0 154.0 23.0
obstacle
0.241119459271
400.0 140.0 23.0 98.0
obstacle
0.240808472037
304.0 147.0 26.0 85.0
obstacle
0.239387884736
264.0 109.0 29.0 76.0
obstacle
0.237724915147
188.0 101.0 26.0 91.0
obstacle
0.229388713837
92.0 202.0 175.0 25.0
obstacle
0.229134440422
148.0 137.0 28.0 81.0
obstacle
0.228665068746
379.0 104.0 29.0 86.0
obstacle
0.228329315782
62.0 197.0 132.0 34.0
obstacle
0.227487415075
129.0 138.0 29.0 81.0
obstacle
0.227202951908
92.0 147.0 28.0 63.0
obstacle
0.225489929318
243.0 211.0 142.0 26.0
obstacle
0.222030848265
148.0 100.0 29.0 92.0
obstacle
0.214203849435
137.0 212.0 167.0 25.0
obstacle
0.210850536823
63.0 187.0 162.0 34.0
obstacle
0.210757434368
259.0 203.0 151.0 25.0
obstacle
0.210261180997
85.0 188.0 155.0 32.0
obstacle
0.210012450814
282.0 110.0 31.0 73.0
obstacle
0.207831904292
47.0 197.0 196.0 33.0
obstacle
0.205835476518
317.0 204.0 149.0 23.0
obstacle
0.204818323255
428.0 230.0 62.0 43.0
obstacle
0.203042179346
74.0 131.0 28.0 73.0
obstacle
0.197587579489
145.0 204.0 151.0 24.0
obstacle
0.194100603461
272.0 203.0 163.0 25.0
obstacle
0.183609485626
148.0 161.0 28.0 59.0
obstacle
0.182541847229
287.0 203.0 173.0 25.0
obstacle
0.176789224148
109.0 98.0 31.0 75.0
obstacle
0.175749287009
244.0 107.0 30.0 80.0
obstacle
0.173745453358
320.0 109.0 32.0 75.0
obstacle
0.173447817564
118.0 211.0 168.0 27.0
obstacle
0.173386856914
70.0 100.0 34.0 70.0
obstacle
0.173261135817
207.0 134.0 27.0 88.0
obstacle
0.169319346547
78.0 211.0 169.0 25.0
obstacle
0.167054787278
168.0 138.0 28.0 79.0
obstacle
0.166636943817
187.0 135.0 29.0 85.0
obstacle
0.16536988318
46.0 196.0 271.0 37.0
obstacle
0.16447532177
75.0 146.0 27.0 67.0
obstacle
0.16316780448
58.0 185.0 139.0 36.0
obstacle
0.16294683516
147.0 47.0 34.0 126.0
obstacle
0.161950677633
57.0 202.0 213.0 43.0
obstacle
0.157511413097
109.0 203.0 183.0 25.0
obstacle
0.156316891313
165.0 39.0 33.0 143.0
obstacle
0.154994353652
77.0 202.0 250.0 45.0
obstacle
0.154775068164
89.0 98.0 33.0 77.0
obstacle
0.154663696885
45.0 185.0 236.0 36.0
obstacle
0.153854519129
75.0 209.0 140.0 27.0
obstacle
0.151379019022
260.0 211.0 147.0 26.0
obstacle
0.150956436992
168.0 76.0 28.0 116.0
obstacle
0.142536431551
333.0 201.0 156.0 28.0
obstacle
0.140545710921
361.0 93.0 27.0 85.0
obstacle
0.140330344439
38.0 203.0 213.0 41.0
obstacle
0.134460195899
154.0 192.0 15.0 20.0
obstacle
0.133769527078
103.0 211.0 157.0 26.0
obstacle
0.126428574324
272.0 218.0 12.0 13.0
obstacle
0.119985967875
166.0 219.0 34.0 10.0
obstacle
0.119549438357
447.0 238.0 51.0 23.0
obstacle
0.119408071041
254.0 218.0 12.0 12.0
obstacle
0.119265303016
261.0 95.0 33.0 79.0
obstacle
0.118306607008
185.0 219.0 33.0 10.0
obstacle
0.116958476603
88.0 156.0 38.0 70.0
obstacle
0.116598814726
149.0 43.0 30.0 112.0
obstacle
0.1145869717
145.0 1.0 37.0 81.0
obstacle
0.113503172994
290.0 218.0 13.0 13.0
obstacle
0.113355815411
143.0 9.0 41.0 86.0
obstacle
0.113309659064
252.0 143.0 16.0 47.0
obstacle
0.111485801637
234.0 218.0 14.0 12.0
obstacle
0.109731391072
165.0 34.0 32.0 130.0
obstacle
0.108109906316
174.0 217.0 17.0 15.0
obstacle
0.107850380242
51.0 112.0 34.0 66.0
obstacle
0.107307486236
207.0 89.0 27.0 91.0
obstacle
0.103423133492
194.0 216.0 15.0 16.0
obstacle
0.101690240204
212.0 217.0 15.0 14.0
obstacle
0.101555198431
176.0 207.0 13.0 15.0
obstacle
0.101194284856
101.0 190.0 158.0 30.0
obstacle
0.100541345775
123.0 206.0 235.0 37.0
