obstacle
0.963187277317
260.0 81.0 190.0 71.0
obstacle
0.948898971081
265.0 95.0 179.0 54.0
obstacle
0.899789690971
275.0 80.0 194.0 71.0
obstacle
0.888735413551
252.0 85.0 206.0 60.0
obstacle
0.883817851543
0.0 68.0 135.0 49.0
obstacle
0.781919419765
260.0 92.0 224.0 60.0
obstacle
0.735892415047
259.0 90.0 190.0 67.0
obstacle
0.727993130684
16.0 70.0 128.0 44.0
obstacle
0.554486036301
230.0 80.0 219.0 69.0
obstacle
0.522648692131
249.0 87.0 179.0 71.0
obstacle
0.51140499115
257.0 100.0 164.0 46.0
obstacle
0.487972199917
0.0 80.0 140.0 38.0
obstacle
0.470331788063
264.0 94.0 183.0 44.0
obstacle
0.447265952826
265.0 102.0 180.0 37.0
obstacle
0.399985164404
0.0 72.0 125.0 40.0
obstacle
0.397939145565
0.0 67.0 157.0 50.0
obstacle
0.370134055614
243.0 87.0 193.0 58.0
obstacle
0.233097404242
4.0 65.0 160.0 54.0
obstacle
0.228572651744
485.0 53.0 8.0 9.0
obstacle
0.219474807382
15.0 77.0 131.0 44.0
obstacle
0.212667837739
0.0 64.0 140.0 41.0
obstacle
0.194909870625
272.0 96.0 194.0 38.0
obstacle
0.190959066153
278.0 102.0 130.0 39.0
obstacle
0.18586447835
0.0 62.0 143.0 61.0
obstacle
0.183945909142
239.0 64.0 233.0 82.0
obstacle
0.181801244617
284.0 82.0 211.0 67.0
obstacle
0.177366256714
0.0 74.0 158.0 52.0
obstacle
0.163796126842
479.0 55.0 18.0 6.0
obstacle
0.151982218027
273.0 83.0 196.0 81.0
obstacle
0.149872660637
18.0 65.0 127.0 39.0
obstacle
0.142138674855
0.0 82.0 127.0 34.0
obstacle
0.130638808012
207.0 83.0 293.0 80.0
obstacle
0.115694627166
273.0 102.0 191.0 37.0
obstacle
0.114800356328
244.0 58.0 186.0 93.0
obstacle
0.109317749739
346.0 104.0 23.0 37.0
obstacle
0.107162304223
0.0 68.0 144.0 67.0
obstacle
0.106148913503
360.0 49.0 30.0 65.0
obstacle
0.104414775968
486.0 45.0 9.0 13.0
obstacle
0.103231020272
244.0 105.0 221.0 53.0
obstacle
0.102164790034
230.0 76.0 251.0 80.0
