obstacle
0.596318662167
269.0 117.0 19.0 58.0
obstacle
0.566721081734
268.0 191.0 18.0 17.0
obstacle
0.351704478264
157.0 196.0 207.0 56.0
obstacle
0.301151365042
166.0 202.0 150.0 44.0
obstacle
0.294123232365
285.0 117.0 23.0 60.0
obstacle
0.268807888031
178.0 194.0 202.0 60.0
obstacle
0.255569338799
269.0 106.0 19.0 60.0
obstacle
0.245940044522
249.0 114.0 23.0 66.0
obstacle
0.231985852122
302.0 113.0 26.0 68.0
obstacle
0.221416592598
265.0 125.0 28.0 66.0
obstacle
0.216821268201
139.0 195.0 204.0 58.0
obstacle
0.215465426445
228.0 111.0 27.0 72.0
obstacle
0.201168417931
182.0 203.0 155.0 41.0
obstacle
0.176139071584
195.0 204.0 165.0 39.0
obstacle
0.171789720654
150.0 185.0 181.0 77.0
obstacle
0.159829482436
205.0 204.0 180.0 41.0
obstacle
0.158232554793
162.0 200.0 123.0 47.0
obstacle
0.148887574673
169.0 207.0 219.0 56.0
obstacle
0.128129318357
300.0 116.0 30.0 86.0
obstacle
0.11969383806
212.0 160.0 132.0 31.0
obstacle
0.118958242238
223.0 170.0 108.0 33.0
obstacle
0.114838480949
209.0 218.0 174.0 33.0
obstacle
0.114525154233
154.0 205.0 211.0 60.0
obstacle
0.11444631964
272.0 116.0 14.0 60.0
obstacle
0.113473370671
192.0 215.0 173.0 38.0
obstacle
0.104870244861
267.0 194.0 25.0 9.0
obstacle
0.103715658188
170.0 181.0 178.0 86.0
obstacle
0.101741507649
255.0 182.0 42.0 31.0
obstacle
0.101048186421
284.0 99.0 26.0 75.0
