obstacle
0.957732498646
285.0 130.0 177.0 56.0
obstacle
0.861694633961
281.0 130.0 218.0 58.0
obstacle
0.752292752266
254.0 127.0 208.0 62.0
obstacle
0.75067961216
291.0 134.0 166.0 47.0
obstacle
0.708162069321
260.0 117.0 225.0 69.0
obstacle
0.678301751614
22.0 167.0 55.0 63.0
obstacle
0.63335108757
252.0 120.0 209.0 61.0
obstacle
0.504193365574
126.0 149.0 146.0 48.0
obstacle
0.463134557009
80.0 150.0 167.0 47.0
obstacle
0.435168862343
68.0 145.0 228.0 57.0
obstacle
0.416875243187
77.0 148.0 140.0 52.0
obstacle
0.405789345503
58.0 145.0 211.0 58.0
obstacle
0.368045479059
23.0 161.0 53.0 54.0
obstacle
0.36772030592
101.0 151.0 163.0 45.0
obstacle
0.340810000896
279.0 115.0 189.0 91.0
obstacle
0.334966927767
282.0 117.0 217.0 68.0
obstacle
0.314610362053
301.0 135.0 173.0 46.0
obstacle
0.314557135105
95.0 142.0 210.0 62.0
obstacle
0.297015875578
156.0 150.0 118.0 46.0
obstacle
0.295834213495
33.0 166.0 61.0 66.0
obstacle
0.270435392857
278.0 123.0 163.0 55.0
obstacle
0.268997430801
279.0 128.0 167.0 58.0
obstacle
0.257666826248
145.0 199.0 75.0 26.0
obstacle
0.234075084329
18.0 180.0 61.0 56.0
obstacle
0.233696937561
283.0 130.0 179.0 43.0
obstacle
0.232556849718
128.0 162.0 142.0 42.0
obstacle
0.213632643223
32.0 176.0 31.0 46.0
obstacle
0.213162124157
261.0 138.0 226.0 61.0
obstacle
0.207697793841
74.0 163.0 144.0 38.0
obstacle
0.203089386225
89.0 163.0 149.0 41.0
obstacle
0.201578781009
231.0 120.0 269.0 80.0
obstacle
0.187054678798
125.0 142.0 150.0 42.0
obstacle
0.180218085647
26.0 146.0 237.0 55.0
obstacle
0.157542362809
33.0 170.0 27.0 34.0
obstacle
0.141513183713
253.0 107.0 207.0 83.0
obstacle
0.138980746269
156.0 164.0 121.0 38.0
obstacle
0.137397095561
45.0 135.0 237.0 54.0
obstacle
0.136890813708
38.0 156.0 53.0 64.0
obstacle
0.133573547006
59.0 156.0 209.0 56.0
obstacle
0.130356222391
94.0 145.0 177.0 37.0
obstacle
0.128931298852
252.0 117.0 209.0 86.0
obstacle
0.126303166151
365.0 140.0 22.0 38.0
obstacle
0.124084785581
97.0 163.0 171.0 41.0
obstacle
0.118665099144
8.0 162.0 52.0 72.0
obstacle
0.116201341152
213.0 118.0 250.0 61.0
obstacle
0.113518126309
272.0 107.0 203.0 84.0
obstacle
0.112728789449
83.0 132.0 236.0 60.0
obstacle
0.112605549395
65.0 153.0 130.0 41.0
obstacle
0.112167946994
19.0 182.0 62.0 32.0
obstacle
0.111242346466
243.0 141.0 226.0 55.0
obstacle
0.110634364188
144.0 185.0 76.0 27.0
obstacle
0.106392636895
110.0 179.0 143.0 37.0
obstacle
0.105639107525
299.0 128.0 201.0 63.0
obstacle
0.102799959481
262.0 136.0 238.0 66.0
