obstacle
0.919662177563
313.0 92.0 56.0 15.0
obstacle
0.851364374161
449.0 117.0 19.0 16.0
obstacle
0.617973208427
453.0 116.0 21.0 17.0
obstacle
0.612830102444
307.0 91.0 61.0 16.0
obstacle
0.527529001236
319.0 89.0 57.0 18.0
obstacle
0.372951239347
175.0 169.0 127.0 39.0
obstacle
0.318687289953
445.0 118.0 21.0 23.0
obstacle
0.306144952774
133.0 178.0 139.0 43.0
obstacle
0.290145397186
145.0 176.0 148.0 44.0
obstacle
0.276072919369
330.0 92.0 40.0 13.0
obstacle
0.26181358099
86.0 182.0 231.0 55.0
obstacle
0.23684027791
454.0 118.0 22.0 22.0
obstacle
0.235442310572
167.0 176.0 139.0 42.0
obstacle
0.223211407661
89.0 167.0 224.0 65.0
obstacle
0.216543480754
97.0 194.0 135.0 37.0
obstacle
0.214701429009
439.0 108.0 32.0 27.0
obstacle
0.201779484749
122.0 184.0 159.0 49.0
obstacle
0.189312443137
194.0 166.0 123.0 42.0
obstacle
0.182783275843
107.0 188.0 151.0 42.0
obstacle
0.173786580563
13.0 214.0 68.0 22.0
obstacle
0.172697022557
446.0 118.0 22.0 11.0
obstacle
0.167521119118
156.0 168.0 134.0 40.0
obstacle
0.16200914979
94.0 180.0 251.0 60.0
obstacle
0.152630016208
134.0 186.0 169.0 44.0
obstacle
0.15027807653
119.0 164.0 202.0 70.0
obstacle
0.150013968349
440.0 113.0 52.0 22.0
obstacle
0.144744679332
300.0 93.0 45.0 11.0
obstacle
0.141096621752
302.0 94.0 69.0 19.0
obstacle
0.13998247683
77.0 193.0 140.0 40.0
obstacle
0.121614247561
455.0 117.0 26.0 12.0
obstacle
0.116111546755
114.0 176.0 141.0 48.0
obstacle
0.115354031324
191.0 170.0 98.0 31.0
obstacle
0.114812739193
448.0 108.0 36.0 28.0
obstacle
0.114091314375
68.0 183.0 228.0 54.0
obstacle
0.112809814513
79.0 204.0 134.0 34.0
obstacle
0.107257589698
51.0 158.0 338.0 105.0
obstacle
0.104514718056
98.0 211.0 90.0 21.0
