obstacle
0.914089083672
72.0 126.0 336.0 99.0
obstacle
0.894721567631
223.0 91.0 75.0 15.0
obstacle
0.871375143528
46.0 131.0 387.0 104.0
obstacle
0.863179683685
69.0 119.0 376.0 110.0
obstacle
0.793946921825
40.0 120.0 366.0 111.0
obstacle
0.647706031799
19.0 127.0 371.0 115.0
obstacle
0.602705836296
108.0 130.0 264.0 87.0
obstacle
0.546669065952
65.0 126.0 384.0 113.0
obstacle
0.461743324995
228.0 92.0 64.0 13.0
obstacle
0.424486905336
90.0 113.0 371.0 120.0
obstacle
0.395597159863
29.0 81.0 34.0 11.0
obstacle
0.391547560692
129.0 132.0 257.0 82.0
obstacle
0.378631740808
9.0 124.0 391.0 103.0
obstacle
0.33744686842
241.0 90.0 59.0 15.0
obstacle
0.328123182058
22.0 78.0 46.0 18.0
obstacle
0.266012519598
219.0 95.0 78.0 18.0
obstacle
0.263702809811
32.0 88.0 28.0 10.0
obstacle
0.254160404205
1.0 76.0 63.0 20.0
obstacle
0.247369319201
212.0 91.0 72.0 17.0
obstacle
0.24238973856
223.0 94.0 42.0 10.0
obstacle
0.238596379757
2.0 136.0 365.0 98.0
obstacle
0.235121503472
49.0 136.0 346.0 118.0
obstacle
0.229378193617
12.0 79.0 38.0 12.0
obstacle
0.214158341289
18.0 81.0 54.0 23.0
obstacle
0.211130812764
254.0 92.0 43.0 11.0
obstacle
0.205784365535
3.0 85.0 59.0 18.0
obstacle
0.195455864072
72.0 110.0 408.0 147.0
obstacle
0.192017331719
140.0 117.0 199.0 113.0
obstacle
0.189844623208
73.0 147.0 297.0 74.0
obstacle
0.176526293159
80.0 106.0 359.0 115.0
obstacle
0.170733883977
35.0 78.0 20.0 18.0
obstacle
0.165653675795
11.0 88.0 42.0 12.0
obstacle
0.156825304031
33.0 141.0 340.0 109.0
obstacle
0.155496820807
92.0 149.0 296.0 69.0
obstacle
0.146492257714
54.0 104.0 374.0 121.0
obstacle
0.132971078157
40.0 163.0 130.0 46.0
obstacle
0.12937310338
86.0 111.0 383.0 104.0
obstacle
0.127533942461
213.0 86.0 96.0 24.0
obstacle
0.121948562562
38.0 83.0 16.0 18.0
obstacle
0.108835436404
218.0 100.0 48.0 11.0
obstacle
0.107101790607
0.0 131.0 346.0 108.0
obstacle
0.103574000299
187.0 92.0 33.0 9.0
obstacle
0.103089652956
45.0 89.0 41.0 11.0
