obstacle
0.627040445805
75.0 135.0 31.0 40.0
obstacle
0.577167212963
370.0 144.0 55.0 24.0
obstacle
0.432222366333
86.0 135.0 31.0 41.0
obstacle
0.385429650545
75.0 128.0 30.0 42.0
obstacle
0.320128798485
375.0 141.0 42.0 30.0
obstacle
0.318017840385
88.0 130.0 29.0 37.0
obstacle
0.270768135786
72.0 25.0 30.0 68.0
obstacle
0.236274287105
91.0 25.0 28.0 68.0
obstacle
0.227184534073
69.0 11.0 36.0 76.0
obstacle
0.223176211119
376.0 138.0 61.0 35.0
obstacle
0.179697930813
89.0 10.0 33.0 78.0
obstacle
0.159574836493
372.0 130.0 49.0 37.0
obstacle
0.156553268433
392.0 131.0 38.0 34.0
obstacle
0.152011036873
378.0 131.0 63.0 34.0
obstacle
0.1509013623
50.0 16.0 35.0 65.0
obstacle
0.149655908346
390.0 139.0 38.0 33.0
obstacle
0.149368405342
107.0 26.0 35.0 66.0
obstacle
0.145037248731
71.0 141.0 34.0 45.0
obstacle
0.143475577235
52.0 26.0 31.0 67.0
obstacle
0.118009969592
367.0 134.0 58.0 29.0
obstacle
0.105852231383
52.0 130.0 43.0 51.0
