obstacle
0.970289945602
237.0 136.0 57.0 26.0
obstacle
0.864490687847
52.0 171.0 20.0 19.0
obstacle
0.785148024559
52.0 168.0 21.0 20.0
obstacle
0.760122299194
239.0 137.0 62.0 25.0
obstacle
0.613416135311
199.0 190.0 123.0 41.0
obstacle
0.604752123356
219.0 131.0 84.0 32.0
obstacle
0.483558833599
126.0 229.0 30.0 35.0
obstacle
0.473047852516
207.0 190.0 137.0 44.0
obstacle
0.447398722172
231.0 133.0 82.0 27.0
obstacle
0.444146692753
91.0 46.0 28.0 73.0
obstacle
0.406142503023
116.0 233.0 47.0 28.0
obstacle
0.405415982008
227.0 143.0 73.0 23.0
obstacle
0.374819457531
88.0 29.0 34.0 85.0
obstacle
0.328475505114
124.0 230.0 34.0 35.0
obstacle
0.3282546103
73.0 47.0 29.0 71.0
obstacle
0.306937515736
212.0 199.0 129.0 46.0
obstacle
0.306815236807
50.0 168.0 28.0 17.0
obstacle
0.304240137339
52.0 174.0 25.0 16.0
obstacle
0.265799283981
52.0 45.0 31.0 75.0
obstacle
0.263668686152
109.0 47.0 29.0 71.0
obstacle
0.262550801039
233.0 143.0 77.0 23.0
obstacle
0.261742383242
69.0 29.0 35.0 85.0
obstacle
0.239448174834
12.0 37.0 30.0 67.0
obstacle
0.233091413975
176.0 188.0 242.0 72.0
obstacle
0.229851454496
191.0 178.0 137.0 48.0
obstacle
0.226915106177
124.0 240.0 37.0 16.0
obstacle
0.222774401307
415.0 117.0 35.0 11.0
obstacle
0.210132136941
218.0 193.0 79.0 37.0
obstacle
0.210106000304
50.0 33.0 35.0 77.0
obstacle
0.20179246366
223.0 130.0 77.0 20.0
obstacle
0.192511275411
184.0 191.0 123.0 38.0
obstacle
0.178765743971
128.0 44.0 31.0 79.0
obstacle
0.171287551522
185.0 45.0 70.0 25.0
obstacle
0.163852140307
204.0 195.0 114.0 51.0
obstacle
0.160020858049
104.0 234.0 54.0 27.0
obstacle
0.160002812743
121.0 215.0 42.0 51.0
obstacle
0.159768208861
209.0 131.0 30.0 7.0
obstacle
0.15770766139
116.0 234.0 27.0 29.0
obstacle
0.157661244273
30.0 44.0 35.0 78.0
obstacle
0.157130151987
386.0 23.0 114.0 43.0
obstacle
0.154807776213
383.0 194.0 27.0 29.0
obstacle
0.150765389204
251.0 179.0 169.0 90.0
obstacle
0.150285646319
365.0 196.0 58.0 26.0
obstacle
0.146377161145
107.0 31.0 35.0 81.0
obstacle
0.145364284515
369.0 20.0 125.0 48.0
obstacle
0.142828568816
341.0 20.0 144.0 48.0
obstacle
0.139850795269
377.0 203.0 37.0 14.0
obstacle
0.13867148757
408.0 25.0 92.0 39.0
obstacle
0.137396126986
71.0 58.0 31.0 73.0
obstacle
0.136378645897
234.0 134.0 10.0 8.0
obstacle
0.133089751005
196.0 187.0 164.0 73.0
obstacle
0.131744742393
373.0 173.0 42.0 52.0
obstacle
0.131078615785
46.0 171.0 34.0 19.0
obstacle
0.129098936915
226.0 201.0 139.0 43.0
obstacle
0.128974959254
129.0 225.0 26.0 32.0
obstacle
0.128282427788
8.0 45.0 42.0 74.0
obstacle
0.12675562501
23.0 107.0 164.0 29.0
obstacle
0.126403197646
179.0 181.0 129.0 41.0
obstacle
0.123369395733
87.0 15.0 35.0 88.0
obstacle
0.121184080839
192.0 191.0 250.0 67.0
obstacle
0.120554074645
209.0 173.0 176.0 101.0
obstacle
0.120417393744
284.0 191.0 142.0 43.0
obstacle
0.116701610386
408.0 112.0 50.0 21.0
obstacle
0.116524927318
319.0 216.0 34.0 13.0
obstacle
0.115967035294
215.0 130.0 64.0 15.0
obstacle
0.115870051086
192.0 206.0 249.0 61.0
obstacle
0.115000724792
110.0 242.0 39.0 13.0
obstacle
0.11470156908
91.0 58.0 27.0 72.0
obstacle
0.114358954132
373.0 12.0 117.0 44.0
obstacle
0.113575726748
309.0 24.0 136.0 41.0
obstacle
0.113467246294
380.0 181.0 31.0 39.0
obstacle
0.112863369286
2.0 107.0 169.0 29.0
obstacle
0.112725660205
133.0 37.0 137.0 42.0
obstacle
0.112516090274
55.0 177.0 24.0 10.0
obstacle
0.110332302749
110.0 230.0 38.0 36.0
obstacle
0.109426416457
269.0 174.0 172.0 100.0
obstacle
0.106431491673
199.0 50.0 43.0 16.0
obstacle
0.104863353074
224.0 136.0 100.0 37.0
obstacle
0.103776738048
374.0 182.0 41.0 56.0
obstacle
0.102884598076
50.0 105.0 148.0 35.0
obstacle
0.102320224047
210.0 192.0 69.0 37.0
obstacle
0.100531578064
171.0 191.0 214.0 65.0
