obstacle
0.377409160137
400.887268066 106.611526489 99.1127319336 220.150131226
obstacle
0.377409160137
297.674957275 243.500717163 202.325042725 87.8976593018
obstacle
0.377409160137
105.354232788 136.170928955 394.645751953 118.517669678
obstacle
0.377409160137
309.642089844 23.4190788269 33.8167114258 18.3676071167
obstacle
0.377409160137
7.72208786011 94.4590682983 33.8166809082 18.3676147461
obstacle
0.377409160137
0.0 11.850933075 226.354644775 118.51763916
obstacle
0.377409160137
354.04208374 165.499053955 33.8167114258 18.3676147461
obstacle
0.377409160137
270.200592041 82.8909301758 229.799407959 118.51763916
obstacle
0.377409160137
371.802093506 245.419052124 33.8167114258 18.3676300049
obstacle
0.377409160137
265.24206543 121.099067688 33.8166503906 18.3676071167
obstacle
0.377409160137
0.0 252.601776123 208.474884033 79.1049194336
obstacle
0.377409160137
7.72208786011 58.9390792847 33.8166809082 18.3676147461
obstacle
0.377409160137
78.4791412354 0.0 406.520446777 78.4242324829
obstacle
0.377409160137
309.642089844 183.259048462 33.8167114258 18.3676452637
obstacle
0.377409160137
362.922088623 85.5790786743 33.8167114258 18.3675994873
obstacle
0.377409160137
25.482088089 129.979064941 33.8166809082 18.3676147461
obstacle
0.377409160137
203.082077026 85.5790786743 33.8166809082 18.3675994873
obstacle
0.377409160137
132.04208374 14.5390806198 33.8166809082 18.367603302
obstacle
0.377409160137
0.0 91.7709350586 297.873718262 118.51763916
obstacle
0.377409160137
158.68208313 165.499053955 33.8166809082 18.3676147461
obstacle
0.377409160137
78.7620925903 129.979064941 33.8166656494 18.3676147461
obstacle
0.377409160137
362.922088623 23.4190788269 33.8167114258 18.3676071167
obstacle
0.377409160137
380.682067871 50.0590820312 33.8167114258 18.3676071167
obstacle
0.377409160137
158.68208313 121.099067688 33.8166809082 18.3676071167
obstacle
0.377409160137
389.562072754 316.483734131 33.8167114258 16.5162658691
obstacle
0.377409160137
300.762084961 245.419052124 33.8167114258 18.3676300049
obstacle
0.377409160137
380.682067871 165.499053955 33.8167114258 18.3676147461
obstacle
0.377409160137
7.72208786011 272.059051514 33.8166809082 18.3676147461
obstacle
0.377409160137
229.722076416 14.5390806198 33.8166809082 18.367603302
obstacle
0.377409160137
158.68208313 192.139068604 33.8166809082 18.3676147461
obstacle
0.377409160137
123.162086487 263.179046631 33.8166732788 18.3676147461
obstacle
0.377409160137
0.0 180.57093811 351.513061523 118.517654419
obstacle
0.377409160137
203.082077026 254.299057007 33.8166809082 18.3676300049
obstacle
0.377409160137
327.402069092 298.699066162 33.8167114258 18.3676147461
obstacle
0.377409160137
34.3620834351 165.499053955 33.8166885376 18.3676147461
obstacle
0.377409160137
7.72208786011 192.139068604 33.8166809082 18.3676147461
obstacle
0.377409160137
96.5220947266 272.059051514 33.8166656494 18.3676147461
obstacle
0.377409160137
7.72208786011 23.4190788269 33.8166809082 18.3676071167
obstacle
0.377409160137
203.082077026 14.5390806198 33.8166809082 18.367603302
obstacle
0.377409160137
291.882080078 85.5790786743 33.8167114258 18.3675994873
obstacle
0.377409160137
176.442077637 254.299057007 33.8166809082 18.3676300049
obstacle
0.377409160137
291.882080078 67.8190689087 33.8167114258 18.3676147461
obstacle
0.377409160137
362.922088623 58.9390792847 33.8167114258 18.3676147461
obstacle
0.377409160137
87.6420974731 121.099067688 33.8166656494 18.3676071167
obstacle
0.377409160137
220.842086792 272.059051514 33.8166809082 18.3676147461
obstacle
0.377409160137
362.922088623 156.619049072 33.8167114258 18.3676452637
obstacle
0.377409160137
229.722076416 112.219078064 33.8166809082 18.3676071167
obstacle
0.377409160137
149.802078247 58.9390792847 33.8166809082 18.3676147461
obstacle
0.377409160137
274.122131348 245.419052124 33.8166503906 18.3676300049
obstacle
0.377409160137
442.842071533 156.619049072 33.8167114258 18.3676452637
obstacle
0.377409160137
87.6420974731 94.4590682983 33.8166656494 18.3676147461
obstacle
0.377409160137
247.48210144 298.699066162 33.8166656494 18.3676147461
obstacle
0.377409160137
433.96206665 14.5390806198 33.8167114258 18.367603302
obstacle
0.377409160137
451.722076416 289.819061279 33.8167114258 18.3676147461
obstacle
0.377409160137
442.842071533 254.299057007 33.8167114258 18.3676300049
obstacle
0.377409160137
247.48210144 174.379058838 33.8166656494 18.3676147461
obstacle
0.377409160137
362.922088623 183.259048462 33.8167114258 18.3676452637
obstacle
0.377409160137
167.562072754 23.4190788269 33.8166809082 18.3676071167
obstacle
0.377409160137
336.282073975 245.419052124 33.8167114258 18.3676300049
obstacle
0.377409160137
211.962081909 316.483734131 33.8166809082 16.5162658691
obstacle
0.377409160137
380.682067871 298.699066162 33.8167114258 18.3676147461
obstacle
0.377409160137
318.522094727 254.299057007 33.8167114258 18.3676300049
obstacle
0.377409160137
69.8820877075 103.339080811 33.8166809082 18.3675994873
obstacle
0.377409160137
451.722076416 183.259048462 33.8167114258 18.3676452637
obstacle
0.377409160137
433.96206665 263.179046631 33.8167114258 18.3676147461
obstacle
0.377409160137
61.0020828247 5.65907859802 33.8166809082 18.3676071167
obstacle
0.377409160137
52.1220970154 94.4590682983 33.8166694641 18.3676147461
obstacle
0.377409160137
407.32208252 112.219078064 33.8167114258 18.3676071167
obstacle
0.377409160137
132.04208374 316.483734131 33.8166809082 16.5162658691
obstacle
0.377409160137
416.202087402 85.5790786743 33.8167114258 18.3675994873
obstacle
0.377409160137
69.8820877075 165.499053955 33.8166809082 18.3676147461
obstacle
0.377409160137
469.531799316 50.0590820312 30.4682006836 18.3676071167
obstacle
0.377409160137
34.3620834351 5.65907859802 33.8166885376 18.3676071167
obstacle
0.377409160137
78.7620925903 58.9390792847 33.8166656494 18.3676147461
obstacle
0.377409160137
345.162078857 121.099067688 33.8167114258 18.3676071167
obstacle
0.377409160137
380.682067871 112.219078064 33.8167114258 18.3676071167
obstacle
0.377409160137
0.0 165.499053955 23.7177505493 18.3676147461
obstacle
0.377409160137
7.72208786011 254.299057007 33.8166809082 18.3676300049
obstacle
0.377409160137
176.442077637 85.5790786743 33.8166809082 18.3675994873
obstacle
0.377409160137
194.202087402 192.139068604 33.8166503906 18.3676147461
obstacle
0.377409160137
318.522094727 58.9390792847 33.8167114258 18.3676147461
obstacle
0.377409160137
158.68208313 263.179046631 33.8166809082 18.3676147461
obstacle
0.377409160137
194.202087402 121.099067688 33.8166503906 18.3676071167
obstacle
0.377409160137
43.2420883179 174.379058838 33.8166809082 18.3676147461
obstacle
0.377409160137
247.48210144 272.059051514 33.8166656494 18.3676147461
obstacle
0.377409160137
327.402069092 85.5790786743 33.8167114258 18.3675994873
obstacle
0.377409160137
220.842086792 298.699066162 33.8166809082 18.3676147461
obstacle
0.377409160137
283.00213623 14.5390806198 33.8166503906 18.367603302
obstacle
0.377409160137
69.5991363525 38.4909324646 406.520446777 118.51763916
obstacle
0.377409160137
229.722076416 307.579071045 33.8166809082 18.3676147461
obstacle
0.377409160137
247.48210144 67.8190689087 33.8166656494 18.3676147461
obstacle
0.377409160137
149.802078247 183.259048462 33.8166809082 18.3676452637
obstacle
0.377409160137
149.190567017 0.0 202.571884155 290.58392334
obstacle
0.377409160137
283.00213623 112.219078064 33.8166503906 18.3676071167
obstacle
0.377409160137
469.531799316 254.299057007 30.4682006836 18.3676300049
obstacle
0.377409160137
0.0 97.5104675293 120.372566223 228.942932129
obstacle
0.377409160137
132.04208374 254.299057007 33.8166809082 18.3676300049
obstacle
0.377409160137
416.202087402 121.099067688 33.8167114258 18.3676071167
obstacle
0.377409160137
140.922073364 23.4190788269 33.8166809082 18.3676071167
obstacle
0.377409160137
442.842071533 50.0590820312 33.8167114258 18.3676071167
obstacle
0.377409160137
7.72208786011 298.699066162 33.8166809082 18.3676147461
obstacle
0.377409160137
318.522094727 112.219078064 33.8167114258 18.3676071167
obstacle
0.377409160137
238.602081299 254.299057007 33.8166809082 18.3676300049
obstacle
0.377409160137
43.2420883179 58.9390792847 33.8166809082 18.3676147461
obstacle
0.377409160137
416.202087402 307.579071045 33.8167114258 18.3676147461
obstacle
0.377409160137
78.7620925903 192.139068604 33.8166656494 18.3676147461
obstacle
0.377409160137
149.802078247 272.059051514 33.8166809082 18.3676147461
obstacle
0.377409160137
256.362121582 14.5390806198 33.8166503906 18.367603302
obstacle
0.377409160137
0.0 263.179046631 23.7177505493 18.3676147461
obstacle
0.377409160137
425.082092285 94.4590682983 33.8167114258 18.3676147461
obstacle
0.377409160137
300.762084961 121.099067688 33.8167114258 18.3676071167
obstacle
0.377409160137
371.802093506 307.579071045 33.8167114258 18.3676147461
obstacle
0.377409160137
389.562072754 183.259048462 33.8167114258 18.3676452637
obstacle
0.377409160137
52.1220970154 254.299057007 33.8166694641 18.3676300049
obstacle
0.377409160137
469.531799316 156.619049072 30.4682006836 18.3676452637
obstacle
0.377409160137
34.3620834351 103.339080811 33.8166885376 18.3675994873
obstacle
0.0610740408301
294.757049561 183.678863525 30.2841186523 19.155090332
obstacle
0.0610740408301
348.03704834 157.038864136 30.2841186523 19.155090332
obstacle
0.0610740408301
383.557037354 59.3588867188 30.2841186523 19.1550750732
obstacle
0.0610740408301
54.9970474243 263.598846436 30.2841033936 19.155090332
obstacle
0.0610740408301
330.277038574 23.838886261 30.2841186523 19.1550674438
obstacle
0.0610740408301
179.317047119 121.518875122 30.2840881348 19.1550598145
obstacle
0.0610740408301
330.277038574 121.518875122 30.2841186523 19.1550598145
obstacle
0.0610740408301
214.837051392 121.518875122 30.2840881348 19.1550598145
obstacle
0.0610740408301
126.03704834 23.838886261 30.2840881348 19.1550674438
obstacle
0.0610740408301
401.317047119 50.4788894653 30.2841186523 19.1550674438
obstacle
0.0610740408301
152.677047729 68.2388763428 30.2840881348 19.1550750732
obstacle
0.0610740408301
330.277038574 307.99887085 30.2841186523 19.155090332
obstacle
0.0610740408301
356.917053223 245.838867188 30.2841186523 19.155090332
obstacle
0.0610740408301
223.717056274 254.71887207 30.2840881348 19.155090332
obstacle
0.0610740408301
81.6370391846 272.478851318 30.2841033936 19.155090332
obstacle
0.0610740408301
170.437042236 183.678863525 30.2840881348 19.155090332
obstacle
0.0610740408301
46.1170463562 130.398864746 30.2841072083 19.155090332
obstacle
0.0610740408301
143.797042847 263.598846436 30.2840881348 19.155090332
obstacle
0.0610740408301
348.03704834 23.838886261 30.2841186523 19.1550674438
obstacle
0.0610740408301
63.8770370483 130.398864746 30.2841033936 19.155090332
obstacle
0.0610740408301
259.237060547 254.71887207 30.2841186523 19.155090332
obstacle
0.0610740408301
143.797042847 165.91885376 30.2840881348 19.155090332
