obstacle
0.377409160137
402.143554688 106.931762695 97.8564453125 220.805267334
obstacle
0.377409160137
0.0 92.0466003418 298.762207031 118.867584229
obstacle
0.377409160137
298.621276855 244.232055664 201.378723145 88.1556396484
obstacle
0.377409160137
7.74537277222 94.7428131104 33.912109375 18.4167938232
obstacle
0.377409160137
105.722991943 136.579925537 394.277008057 118.867584229
obstacle
0.377409160137
355.105377197 165.996124268 33.912109375 18.416809082
obstacle
0.377409160137
372.918701172 246.156112671 33.912109375 18.4168243408
obstacle
0.377409160137
0.0 11.886592865 227.02835083 118.86756897
obstacle
0.377409160137
266.038696289 121.462799072 33.912109375 18.4167785645
obstacle
0.377409160137
271.064422607 83.1399307251 228.935577393 118.867576599
obstacle
0.377409160137
7.74537277222 59.116153717 33.912109375 18.4167900085
obstacle
0.377409160137
310.572021484 183.809463501 33.9121704102 18.416809082
obstacle
0.377409160137
0.0 253.360397339 209.09487915 79.3364715576
obstacle
0.377409160137
150.252044678 183.809463501 33.9120788574 18.416809082
obstacle
0.377409160137
78.7149200439 0.0 407.735046387 78.6538391113
obstacle
0.377409160137
346.198669434 246.156112671 33.9121704102 18.4168243408
obstacle
0.377409160137
25.5587043762 130.36946106 33.912109375 18.416809082
obstacle
0.377409160137
159.158691406 192.716125488 33.912109375 18.416809082
obstacle
0.377409160137
310.572021484 23.4894828796 33.9121704102 18.4167861938
obstacle
0.377409160137
203.692016602 85.8361358643 33.912109375 18.4167938232
obstacle
0.377409160137
78.9987030029 130.36946106 33.912109375 18.416809082
obstacle
0.377409160137
364.012023926 23.4894828796 33.9121704102 18.4167861938
obstacle
0.377409160137
381.825378418 50.2094841003 33.912109375 18.4167823792
obstacle
0.377409160137
159.158691406 121.462799072 33.912109375 18.4167785645
obstacle
0.377409160137
390.731994629 317.434204102 33.9121704102 16.5657958984
obstacle
0.377409160137
301.665374756 246.156112671 33.912109375 18.4168243408
obstacle
0.377409160137
381.825378418 165.996124268 33.912109375 18.416809082
obstacle
0.377409160137
7.74537277222 272.87612915 33.912109375 18.416809082
obstacle
0.377409160137
230.412017822 14.5828142166 33.912109375 18.4167900085
obstacle
0.377409160137
132.438690186 14.5828142166 33.912109375 18.4167900085
obstacle
0.377409160137
123.532035828 263.969451904 33.9121017456 18.416809082
obstacle
0.377409160137
292.758666992 68.0228118896 33.9121704102 18.4167938232
obstacle
0.377409160137
328.385375977 299.596160889 33.912109375 18.416809082
obstacle
0.377409160137
0.0 181.113250732 352.56262207 118.867584229
obstacle
0.377409160137
34.4653739929 165.996124268 33.9121131897 18.416809082
obstacle
0.377409160137
7.74537277222 192.716125488 33.912109375 18.416809082
obstacle
0.377409160137
96.8120422363 272.87612915 33.912109375 18.416809082
obstacle
0.377409160137
7.74537277222 23.4894828796 33.912109375 18.4167861938
obstacle
0.377409160137
203.692016602 14.5828142166 33.912109375 18.4167900085
obstacle
0.377409160137
292.758666992 85.8361358643 33.9121704102 18.4167938232
obstacle
0.377409160137
194.785369873 255.062805176 33.912109375 18.416809082
obstacle
0.377409160137
141.345367432 165.996124268 33.912109375 18.416809082
obstacle
0.377409160137
248.225387573 68.0228118896 33.9120941162 18.4167938232
obstacle
0.377409160137
364.012023926 59.116153717 33.9121704102 18.4167900085
obstacle
0.377409160137
87.905380249 121.462799072 33.9120941162 18.4167785645
obstacle
0.377409160137
221.505371094 272.87612915 33.912109375 18.416809082
obstacle
0.377409160137
364.012023926 157.08946228 33.9121704102 18.416809082
obstacle
0.377409160137
230.412017822 112.556137085 33.912109375 18.4167938232
obstacle
0.377409160137
150.252044678 59.116153717 33.9120788574 18.4167900085
obstacle
0.377409160137
444.17199707 157.08946228 33.9121704102 18.416809082
obstacle
0.377409160137
248.225387573 299.596160889 33.9120941162 18.416809082
obstacle
0.377409160137
453.078704834 290.689483643 33.912109375 18.416809082
obstacle
0.377409160137
87.905380249 94.7428131104 33.9120941162 18.4167938232
obstacle
0.377409160137
168.065368652 255.062805176 33.912109375 18.416809082
obstacle
0.377409160137
435.265319824 14.5828142166 33.9121704102 18.4167900085
obstacle
0.377409160137
364.012023926 183.809463501 33.9121704102 18.416809082
obstacle
0.377409160137
444.17199707 255.062805176 33.9121704102 18.416809082
obstacle
0.377409160137
168.065368652 23.4894828796 33.912109375 18.4167861938
obstacle
0.377409160137
248.225387573 174.902786255 33.9120941162 18.416809082
obstacle
0.377409160137
212.598709106 317.434204102 33.9120788574 16.5657958984
obstacle
0.377409160137
0.0 165.996124268 23.7829494476 18.416809082
obstacle
0.377409160137
274.945373535 246.156112671 33.912109375 18.4168243408
obstacle
0.377409160137
319.47869873 255.062805176 33.9121704102 18.416809082
obstacle
0.377409160137
372.918701172 299.596160889 33.912109375 18.416809082
obstacle
0.377409160137
70.0920333862 103.649475098 33.912109375 18.4167938232
obstacle
0.377409160137
435.265319824 263.969451904 33.9121704102 18.416809082
obstacle
0.377409160137
52.2787094116 94.7428131104 33.912109375 18.4167938232
obstacle
0.377409160137
453.078704834 183.809463501 33.912109375 18.416809082
obstacle
0.377409160137
132.438690186 317.434204102 33.912109375 16.5657958984
obstacle
0.377409160137
61.1853713989 5.67614746094 33.912109375 18.4167881012
obstacle
0.377409160137
408.545379639 112.556137085 33.912109375 18.4167938232
obstacle
0.377409160137
470.994171143 50.2094841003 29.0058288574 18.4167823792
obstacle
0.377409160137
417.452026367 85.8361358643 33.9121704102 18.4167938232
obstacle
0.377409160137
34.4653739929 5.67614746094 33.9121131897 18.4167881012
obstacle
0.377409160137
70.0920333862 165.996124268 33.912109375 18.416809082
obstacle
0.377409160137
346.198669434 121.462799072 33.9121704102 18.4167785645
obstacle
0.377409160137
381.825378418 112.556137085 33.912109375 18.4167938232
obstacle
0.377409160137
78.9987030029 59.116153717 33.912109375 18.4167900085
obstacle
0.377409160137
7.74537277222 255.062805176 33.912109375 18.416809082
obstacle
0.377409160137
328.385375977 85.8361358643 33.912109375 18.4167938232
obstacle
0.377409160137
176.972015381 85.8361358643 33.912109375 18.4167938232
obstacle
0.377409160137
194.785369873 192.716125488 33.912109375 18.416809082
obstacle
0.377409160137
319.47869873 59.116153717 33.9121704102 18.4167900085
obstacle
0.377409160137
159.158691406 263.969451904 33.912109375 18.416809082
obstacle
0.377409160137
194.785369873 121.462799072 33.912109375 18.4167785645
obstacle
0.377409160137
43.3720397949 174.902786255 33.912109375 18.416809082
obstacle
0.377409160137
221.505371094 299.596160889 33.912109375 18.416809082
obstacle
0.377409160137
283.852050781 14.5828142166 33.912109375 18.4167900085
obstacle
0.377409160137
230.412017822 308.5027771 33.912109375 18.416809082
obstacle
0.377409160137
69.8082427979 38.6065940857 407.735107422 118.86756897
obstacle
0.377409160137
248.225387573 272.87612915 33.9120941162 18.416809082
obstacle
0.377409160137
257.132049561 255.062805176 33.912109375 18.416809082
obstacle
0.377409160137
364.012023926 85.8361358643 33.9121704102 18.4167938232
obstacle
0.377409160137
0.0 97.8033752441 120.728012085 229.624450684
obstacle
0.377409160137
149.638687134 0.0 203.174057007 291.450622559
obstacle
0.377409160137
417.452026367 308.5027771 33.9121704102 18.416809082
obstacle
0.377409160137
78.9987030029 192.716125488 33.912109375 18.416809082
obstacle
0.377409160137
123.532035828 23.4894828796 33.9121017456 18.4167861938
obstacle
0.377409160137
283.852050781 112.556137085 33.912109375 18.4167938232
obstacle
0.377409160137
470.994171143 157.08946228 29.0058288574 18.416809082
obstacle
0.377409160137
7.74537277222 299.596160889 33.912109375 18.416809082
obstacle
0.377409160137
319.47869873 112.556137085 33.9121704102 18.4167938232
obstacle
0.377409160137
444.17199707 50.2094841003 33.9121704102 18.4167823792
obstacle
0.377409160137
257.132049561 14.5828142166 33.912109375 18.4167900085
obstacle
0.377409160137
470.994171143 255.062805176 29.0058288574 18.416809082
obstacle
0.377409160137
52.2787094116 255.062805176 33.912109375 18.416809082
obstacle
0.377409160137
132.438690186 255.062805176 33.912109375 18.416809082
obstacle
0.377409160137
301.665374756 121.462799072 33.912109375 18.4167785645
obstacle
0.377409160137
390.731994629 183.809463501 33.9121704102 18.416809082
obstacle
0.377409160137
435.265319824 94.7428131104 33.9121704102 18.4167938232
obstacle
0.377409160137
150.252044678 272.87612915 33.9120788574 18.416809082
obstacle
0.377409160137
221.505371094 255.062805176 33.912109375 18.416809082
obstacle
0.377409160137
43.3720397949 59.116153717 33.912109375 18.4167900085
obstacle
0.377409160137
34.4653739929 103.649475098 33.9121131897 18.4167938232
obstacle
0.377409160137
0.0 263.969451904 23.7829494476 18.416809082
obstacle
0.377409160137
417.452026367 121.462799072 33.9121704102 18.4167785645
obstacle
0.0610740408301
384.708709717 59.537147522 30.3692626953 19.2064819336
obstacle
0.0610740408301
295.641998291 184.230453491 30.3693237305 19.2065124512
obstacle
0.0610740408301
375.802032471 308.92376709 30.3692626953 19.2064819336
obstacle
0.0610740408301
162.042007446 166.417129517 30.3692626953 19.2064819336
obstacle
0.0610740408301
55.1620178223 264.390441895 30.3692626953 19.2064819336
obstacle
0.0610740408301
64.0686798096 130.790466309 30.3692626953 19.2064819336
obstacle
0.0610740408301
420.335357666 95.16381073 30.3693237305 19.2064819336
obstacle
0.0610740408301
349.082000732 157.510452271 30.3693237305 19.2065124512
obstacle
0.0610740408301
331.268707275 23.9104747772 30.3692626953 19.2064762115
obstacle
0.0610740408301
331.268707275 121.883796692 30.3692626953 19.2064743042
obstacle
0.0610740408301
215.482025146 121.883796692 30.3692321777 19.2064743042
obstacle
0.0610740408301
144.228683472 23.9104747772 30.3692626953 19.2064762115
obstacle
0.0610740408301
179.855331421 121.883796692 30.3692626953 19.2064743042
obstacle
0.0610740408301
402.522033691 50.6304779053 30.3692626953 19.2064743042
obstacle
0.0610740408301
331.268707275 308.92376709 30.3692626953 19.2064819336
obstacle
0.0610740408301
153.135360718 68.4438095093 30.3692321777 19.2064819336
obstacle
0.0610740408301
46.255355835 130.790466309 30.3692626953 19.2064819336
obstacle
0.0610740408301
144.228683472 264.390441895 30.3692626953 19.2064819336
obstacle
0.0610740408301
81.8820114136 273.297119141 30.3692626953 19.2064819336
obstacle
0.0610740408301
170.948684692 184.230453491 30.3692626953 19.2065124512
obstacle
0.0610740408301
242.202026367 255.483779907 30.3692626953 19.2064971924
obstacle
0.0610740408301
349.082000732 23.9104747772 30.3693237305 19.2064762115
