obstacle
0.377409160137
390.468200684 119.740936279 109.531799316 247.010681152
obstacle
0.377409160137
0.0 152.93977356 233.895874023 132.864852905
obstacle
0.377409160137
0.0 0.0 253.977050781 107.092308044
obstacle
0.377409160137
118.383392334 106.09223175 37.7293395996 20.3840484619
obstacle
0.377409160137
274.548065186 0.0 225.451934814 97.4651947021
obstacle
0.377409160137
297.903381348 116.065567017 37.729309082 20.3840484619
obstacle
0.377409160137
208.143386841 325.505523682 37.7293395996 20.3840942383
obstacle
0.377409160137
437.530029297 56.2255706787 37.7293701172 20.3840484619
obstacle
0.377409160137
168.250045776 335.478851318 37.7293701172 20.3840942383
obstacle
0.377409160137
457.47668457 225.772232056 37.7294311523 20.3840637207
obstacle
0.377409160137
202.548080444 192.833129883 297.451904297 132.864868164
obstacle
0.377409160137
88.463394165 16.3322410583 37.7293395996 20.3840484619
obstacle
0.377409160137
130.548126221 53.2064590454 369.451873779 132.864868164
obstacle
0.377409160137
327.823364258 285.612213135 37.7293701172 20.3840942383
obstacle
0.377409160137
0.0 53.2064590454 233.895874023 132.864868164
obstacle
0.377409160137
8.67671203613 96.1188964844 37.7293624878 20.3840484619
obstacle
0.377409160137
238.063369751 325.505523682 37.7293548584 20.3840942383
obstacle
0.377409160137
78.4900436401 285.612213135 37.7293548584 20.3840942383
obstacle
0.377409160137
387.663391113 275.63885498 37.7293701172 20.3840942383
obstacle
0.377409160137
18.6500492096 205.825561523 37.7293624878 20.3840637207
obstacle
0.377409160137
417.583343506 145.985565186 37.7294311523 20.3840637207
obstacle
0.377409160137
397.63671875 195.852233887 37.7293701172 20.3840637207
obstacle
0.377409160137
447.503356934 315.532196045 37.7293701172 20.3840942383
obstacle
0.377409160137
417.583343506 6.35890579224 37.7294311523 20.3840484619
obstacle
0.377409160137
98.4367218018 66.1989059448 37.7293395996 20.3840484619
obstacle
0.377409160137
18.6500492096 106.09223175 37.7293624878 20.3840484619
obstacle
0.377409160137
248.036697388 285.612213135 37.7293548584 20.3840942383
obstacle
0.377409160137
18.6500492096 335.478851318 37.7293624878 20.3840942383
obstacle
0.377409160137
327.823364258 116.065567017 37.7293701172 20.3840484619
obstacle
0.377409160137
8.67671203613 155.958892822 37.7293624878 20.3840637207
obstacle
0.377409160137
467.564361572 305.558868408 32.4356384277 20.3840942383
obstacle
0.377409160137
128.356719971 285.612213135 37.7293395996 20.3840942383
obstacle
0.377409160137
427.556671143 185.878890991 37.7294311523 20.3840637207
obstacle
0.377409160137
277.956726074 6.35890579224 37.729309082 20.3840484619
obstacle
0.377409160137
148.303390503 235.745559692 37.7293395996 20.3840637207
obstacle
0.377409160137
467.564361572 195.852233887 32.4356384277 20.3840637207
obstacle
0.377409160137
457.47668457 185.878890991 37.7294311523 20.3840637207
obstacle
0.377409160137
367.716674805 315.532196045 37.7294311523 20.3840942383
obstacle
0.377409160137
188.19670105 235.745559692 37.7293701172 20.3840637207
obstacle
0.377409160137
188.19670105 285.612213135 37.7293701172 20.3840942383
obstacle
0.377409160137
38.5967102051 96.1188964844 37.7293624878 20.3840484619
obstacle
0.377409160137
427.556671143 136.012237549 37.7294311523 20.3840637207
obstacle
0.377409160137
68.5167236328 106.09223175 37.7293395996 20.3840484619
obstacle
0.377409160137
397.63671875 136.012237549 37.7293701172 20.3840637207
obstacle
0.377409160137
161.405273438 123.01978302 338.594726562 132.864868164
obstacle
0.377409160137
397.63671875 285.612213135 37.7293701172 20.3840942383
obstacle
0.377409160137
467.564361572 335.478851318 32.4356384277 20.3840942383
obstacle
0.377409160137
387.663391113 56.2255706787 37.7293701172 20.3840484619
obstacle
0.377409160137
38.5967102051 16.3322410583 37.7293624878 20.3840484619
obstacle
0.377409160137
58.543384552 335.478851318 37.7293663025 20.3840942383
obstacle
0.377409160137
0.0 293.92755127 274.058227539 78.7241210938
obstacle
0.377409160137
327.823364258 195.852233887 37.7293701172 20.3840637207
obstacle
0.377409160137
417.583343506 315.532196045 37.7294311523 20.3840942383
obstacle
0.377409160137
277.956726074 285.612213135 37.729309082 20.3840942383
obstacle
0.377409160137
108.410049438 155.958892822 37.7293548584 20.3840637207
obstacle
0.377409160137
108.410049438 96.1188964844 37.7293548584 20.3840484619
obstacle
0.377409160137
68.5167236328 145.985565186 37.7293395996 20.3840637207
obstacle
0.377409160137
387.663391113 86.1455688477 37.7293701172 20.3840484619
obstacle
0.377409160137
457.47668457 6.35890579224 37.7294311523 20.3840484619
obstacle
0.377409160137
467.564361572 136.012237549 32.4356384277 20.3840637207
obstacle
0.377409160137
327.823364258 56.2255706787 37.7293701172 20.3840484619
obstacle
0.377409160137
287.930053711 16.3322410583 37.729309082 20.3840484619
obstacle
0.377409160137
218.116714478 285.612213135 37.7293701172 20.3840942383
obstacle
0.377409160137
427.556671143 225.772232056 37.7294311523 20.3840637207
obstacle
0.377409160137
307.876708984 136.012237549 37.7293701172 20.3840637207
obstacle
0.377409160137
337.796691895 295.585540771 37.7293701172 20.3840942383
obstacle
0.377409160137
138.330032349 205.825561523 37.7293701172 20.3840637207
obstacle
0.377409160137
158.27671814 96.1188964844 37.7293701172 20.3840484619
obstacle
0.377409160137
0.0 235.745559692 36.4314727783 20.3840637207
obstacle
0.377409160137
158.27671814 175.905563354 37.7293701172 20.3840637207
obstacle
0.377409160137
128.356719971 355.45324707 37.7293395996 18.5467529297
obstacle
0.377409160137
357.743347168 195.852233887 37.7294311523 20.3840637207
obstacle
0.377409160137
357.743347168 285.612213135 37.7294311523 20.3840942383
obstacle
0.377409160137
387.663391113 145.985565186 37.7293701172 20.3840637207
obstacle
0.377409160137
18.6500492096 145.985565186 37.7293624878 20.3840637207
obstacle
0.377409160137
307.876708984 295.585540771 37.7293701172 20.3840942383
obstacle
0.377409160137
138.330032349 335.478851318 37.7293701172 20.3840942383
obstacle
0.377409160137
218.116714478 235.745559692 37.7293701172 20.3840637207
obstacle
0.377409160137
28.623380661 325.505523682 37.7293624878 20.3840942383
obstacle
0.377409160137
238.063369751 175.905563354 37.7293548584 20.3840637207
obstacle
0.377409160137
347.770019531 6.35890579224 37.7294311523 20.3840484619
obstacle
0.377409160137
287.930053711 195.852233887 37.729309082 20.3840637207
obstacle
0.377409160137
38.5967102051 315.532196045 37.7293624878 20.3840942383
obstacle
0.377409160137
218.116714478 96.1188964844 37.7293701172 20.3840484619
obstacle
0.377409160137
118.383392334 345.452209473 37.7293395996 20.3840942383
obstacle
0.377409160137
212.833831787 293.92755127 287.166168213 78.7241210938
obstacle
0.377409160137
228.090042114 345.452209473 37.7293548584 20.3840942383
obstacle
0.377409160137
307.876708984 6.35890579224 37.7293701172 20.3840484619
obstacle
0.377409160137
108.410049438 205.825561523 37.7293548584 20.3840637207
obstacle
0.377409160137
267.983337402 235.745559692 37.7293701172 20.3840637207
obstacle
0.377409160137
367.716674805 185.878890991 37.7294311523 20.3840637207
obstacle
0.377409160137
437.530029297 285.612213135 37.7293701172 20.3840942383
obstacle
0.377409160137
198.170028687 116.065567017 37.7293701172 20.3840484619
obstacle
0.377409160137
427.556671143 295.585540771 37.7294311523 20.3840942383
obstacle
0.377409160137
0.0 16.3322410583 26.39087677 20.3840484619
obstacle
0.377409160137
0.0 195.852233887 26.39087677 20.3840637207
obstacle
0.377409160137
168.250045776 355.45324707 37.7293701172 18.5467529297
obstacle
0.377409160137
0.0 0.0 144.986724854 362.380065918
obstacle
0.377409160137
377.690063477 6.35890579224 37.7293701172 20.3840484619
obstacle
0.377409160137
267.983337402 345.452209473 37.7293701172 20.3840942383
obstacle
0.377409160137
97.7498931885 0.0 227.262252808 362.380065918
obstacle
0.377409160137
228.090042114 116.065567017 37.7293548584 20.3840484619
obstacle
0.377409160137
367.716674805 295.585540771 37.7294311523 20.3840942383
obstacle
0.377409160137
457.47668457 145.985565186 37.7294311523 20.3840637207
obstacle
0.0610740408301
440.747772217 6.82745265961 33.7756347656 21.2629356384
obstacle
0.0610740408301
141.54776001 96.5874481201 33.775604248 21.2629394531
obstacle
0.0610740408301
251.254455566 345.920776367 33.7755737305 21.2629394531
obstacle
0.0610740408301
181.441116333 96.5874481201 33.7755737305 21.2629394531
obstacle
0.0610740408301
420.801116943 56.6941261292 33.7756347656 21.2629356384
obstacle
0.0610740408301
400.15222168 0.0 99.6408081055 225.539459229
obstacle
0.0610740408301
171.467773438 236.214096069 33.775604248 21.2629547119
obstacle
0.0610740408301
301.121124268 286.080780029 33.7755737305 21.2629394531
obstacle
0.0610740408301
380.907806396 196.320770264 33.7756347656 21.2629699707
obstacle
0.0610740408301
380.907806396 286.080780029 33.7756347656 21.2629394531
obstacle
0.0610740408301
81.7077789307 66.6674575806 33.7755889893 21.2629394531
obstacle
0.0610740408301
11.8944454193 196.320770264 33.7755966187 21.2629699707
obstacle
0.0610740408301
370.934448242 276.107421875 33.7756347656 21.2629394531
obstacle
0.0610740408301
2.098279953 146.454116821 33.6010818481 21.2629394531
obstacle
0.0610740408301
2.098279953 106.560783386 33.6010818481 21.2629394531
obstacle
0.0610740408301
331.041107178 6.82745265961 33.7756347656 21.2629356384
obstacle
0.0610740408301
400.85446167 6.82745265961 33.7756347656 21.2629356384
obstacle
0.0610740408301
41.8144454956 146.454116821 33.7755966187 21.2629394531
obstacle
0.0610740408301
41.8144454956 335.947418213 33.7755966187 21.2629394531
obstacle
0.0610740408301
420.801116943 196.320770264 33.7756347656 21.2629699707
obstacle
0.0610740408301
440.747772217 146.454116821 33.7756347656 21.2629394531
obstacle
0.0610740408301
2.098279953 206.2940979 33.6010818481 21.2629699707
obstacle
0.0610740408301
101.654449463 286.080780029 33.7755889893 21.2629394531
obstacle
0.0610740408301
51.7877807617 106.560783386 33.775604248 21.2629394531
