obstacle
0.377409160137
409.109619141 71.9692687988 90.8903808594 201.501220703
obstacle
0.377409160137
14.6988525391 0.0 366.436553955 101.736328125
obstacle
0.377409160137
278.402770996 0.0 182.69921875 169.314743042
obstacle
0.377409160137
0.0 130.674041748 244.391723633 106.96987915
obstacle
0.377409160137
0.0 211.691162109 324.931213379 66.5120239258
obstacle
0.377409160137
266.622161865 211.691162109 233.377838135 66.5120239258
obstacle
0.377409160137
166.402801514 63.7701263428 182.699157715 209.422622681
obstacle
0.377409160137
0.0 0.0 108.642616272 192.481567383
obstacle
0.377409160137
0.0 58.6740455627 292.715454102 106.96987915
obstacle
0.377409160137
233.619873047 114.674041748 266.380126953 106.96987915
obstacle
0.377409160137
316.125549316 0.0 183.874450684 55.4026641846
