obstacle
0.377409160137
0.0 138.859069824 23.7177505493 18.3676147461
obstacle
0.377409160137
43.2420883179 147.739074707 33.8166809082 18.3676147461
obstacle
0.377409160137
0.0 261.702819824 226.354644775 70.3121337891
obstacle
0.377409160137
43.2420883179 272.059051514 33.8166809082 18.3676147461
obstacle
0.377409160137
16.6020889282 138.859069824 33.8166809082 18.3676147461
obstacle
0.377409160137
0.0 127.290939331 226.354644775 118.51763916
obstacle
0.377409160137
122.550559998 52.0052490234 202.571899414 272.906799316
obstacle
0.377409160137
345.162078857 23.4190788269 33.8167114258 18.3676071167
obstacle
0.377409160137
318.522094727 263.179046631 33.8167114258 18.3676147461
obstacle
0.377409160137
242.726211548 180.57093811 257.273803711 118.517654419
obstacle
0.377409160137
380.682067871 23.4190788269 33.8167114258 18.3676071167
obstacle
0.377409160137
96.2391357422 2.97092819214 403.760864258 118.51763916
obstacle
0.377409160137
149.802078247 41.1790809631 33.8166809082 18.3676071167
obstacle
0.377409160137
7.72208786011 254.299057007 33.8166809082 18.3676300049
obstacle
0.377409160137
442.842071533 272.059051514 33.8167114258 18.3676147461
obstacle
0.377409160137
279.358734131 118.410934448 220.641265869 118.51763916
obstacle
0.377409160137
400.887268066 70.2073287964 99.1127319336 255.321258545
obstacle
0.377409160137
211.962081909 58.9390792847 33.8166809082 18.3676147461
obstacle
0.377409160137
185.32208252 58.9390792847 33.8166809082 18.3676147461
obstacle
0.377409160137
451.722076416 183.259048462 33.8167114258 18.3676452637
obstacle
0.377409160137
274.122131348 41.1790809631 33.8166503906 18.3676071167
obstacle
0.377409160137
158.68208313 58.9390792847 33.8166809082 18.3676147461
obstacle
0.377409160137
16.6020889282 41.1790809631 33.8166809082 18.3676071167
obstacle
0.377409160137
78.7620925903 316.483734131 33.8166656494 16.5162658691
obstacle
0.377409160137
425.082092285 263.179046631 33.8167114258 18.3676147461
obstacle
0.377409160137
196.935546875 261.702819824 303.064453125 70.3121337891
obstacle
0.377409160137
211.962081909 174.379058838 33.8166809082 18.3676147461
obstacle
0.377409160137
78.7620925903 272.059051514 33.8166656494 18.3676147461
obstacle
0.377409160137
211.962081909 263.179046631 33.8166809082 18.3676147461
obstacle
0.377409160137
69.8820877075 58.9390792847 33.8166809082 18.3676147461
obstacle
0.377409160137
327.402069092 32.2990837097 33.8167114258 18.3676071167
obstacle
0.377409160137
371.802093506 32.2990837097 33.8167114258 18.3676071167
obstacle
0.377409160137
0.0 2.97092819214 208.474884033 118.51763916
obstacle
0.377409160137
78.7620925903 138.859069824 33.8166656494 18.3676147461
obstacle
0.377409160137
442.842071533 147.739074707 33.8167114258 18.3676147461
obstacle
0.377409160137
211.962081909 147.739074707 33.8166809082 18.3676147461
obstacle
0.377409160137
78.7620925903 183.259048462 33.8166656494 18.3676452637
obstacle
0.377409160137
279.358734131 47.3709259033 220.641265869 118.51763916
obstacle
0.377409160137
274.122131348 263.179046631 33.8166503906 18.3676147461
obstacle
0.377409160137
247.48210144 41.1790809631 33.8166656494 18.3676071167
obstacle
0.377409160137
425.082092285 23.4190788269 33.8167114258 18.3676071167
obstacle
0.377409160137
238.602081299 298.699066162 33.8166809082 18.3676147461
obstacle
0.377409160137
442.842071533 245.419052124 33.8167114258 18.3676300049
obstacle
0.377409160137
238.602081299 263.179046631 33.8166809082 18.3676147461
obstacle
0.377409160137
469.531799316 272.059051514 30.4682006836 18.3676147461
obstacle
0.377409160137
256.362121582 58.9390792847 33.8166503906 18.3676147461
obstacle
0.377409160137
389.562072754 174.379058838 33.8167114258 18.3676147461
obstacle
0.377409160137
345.162078857 298.699066162 33.8167114258 18.3676147461
obstacle
0.377409160137
52.1220970154 254.299057007 33.8166694641 18.3676300049
obstacle
0.377409160137
96.5220947266 58.9390792847 33.8166656494 18.3676147461
obstacle
0.377409160137
371.802093506 272.059051514 33.8167114258 18.3676147461
obstacle
0.377409160137
132.04208374 138.859069824 33.8166809082 18.3676147461
obstacle
0.377409160137
7.72208786011 58.9390792847 33.8166809082 18.3676147461
obstacle
0.377409160137
52.1220970154 183.259048462 33.8166694641 18.3676452637
obstacle
0.377409160137
460.602081299 50.0590820312 33.8167114258 18.3676071167
obstacle
0.377409160137
469.531799316 23.4190788269 30.4682006836 18.3676071167
obstacle
0.377409160137
380.682067871 147.739074707 33.8167114258 18.3676147461
obstacle
0.377409160137
158.68208313 254.299057007 33.8166809082 18.3676300049
obstacle
0.377409160137
380.682067871 183.259048462 33.8167114258 18.3676452637
obstacle
0.377409160137
25.482088089 183.259048462 33.8166809082 18.3676452637
obstacle
0.377409160137
211.962081909 41.1790809631 33.8166809082 18.3676071167
obstacle
0.377409160137
0.0 32.2990837097 23.7177505493 18.3676071167
obstacle
0.377409160137
354.04208374 183.259048462 33.8167114258 18.3676452637
obstacle
0.377409160137
132.04208374 254.299057007 33.8166809082 18.3676300049
obstacle
0.377409160137
274.122131348 298.699066162 33.8166503906 18.3676147461
obstacle
0.377409160137
265.24206543 307.579071045 33.8166503906 18.3676147461
obstacle
0.377409160137
105.40209198 138.859069824 33.8166885376 18.3676147461
obstacle
0.377409160137
407.32208252 147.739074707 33.8167114258 18.3676147461
obstacle
0.377409160137
247.48210144 174.379058838 33.8166656494 18.3676147461
obstacle
0.377409160137
96.5220947266 254.299057007 33.8166656494 18.3676300049
obstacle
0.377409160137
398.442077637 272.059051514 33.8167114258 18.3676147461
obstacle
0.377409160137
416.202087402 183.259048462 33.8167114258 18.3676452637
obstacle
0.377409160137
7.72208786011 147.739074707 33.8166809082 18.3676147461
obstacle
0.377409160137
52.1220970154 138.859069824 33.8166694641 18.3676147461
obstacle
0.377409160137
123.162086487 58.9390792847 33.8166732788 18.3676147461
obstacle
0.377409160137
114.282081604 147.739074707 33.81665802 18.3676147461
obstacle
0.377409160137
123.162086487 41.1790809631 33.8166732788 18.3676071167
obstacle
0.377409160137
185.32208252 254.299057007 33.8166809082 18.3676300049
obstacle
0.377409160137
433.96206665 50.0590820312 33.8167114258 18.3676071167
obstacle
0.377409160137
203.082077026 298.699066162 33.8166809082 18.3676147461
obstacle
0.377409160137
469.531799316 245.419052124 30.4682006836 18.3676300049
obstacle
0.376913517714
0.0 0.0 110.589035034 298.449584961
obstacle
0.0610740408301
339.157043457 263.598846436 30.2841186523 19.155090332
obstacle
0.0610740408301
37.2370452881 254.71887207 30.2841033936 19.155090332
obstacle
0.0610740408301
259.237060547 263.598846436 30.2841186523 19.155090332
obstacle
0.0610740408301
401.317047119 23.838886261 30.2841186523 19.1550674438
obstacle
0.0610740408301
232.597045898 41.5988883972 30.2840881348 19.1550674438
obstacle
0.0610740408301
427.957061768 272.478851318 30.2841186523 19.155090332
obstacle
0.0610740408301
259.237060547 299.118865967 30.2841186523 19.155090332
obstacle
0.0610740408301
81.6370391846 254.71887207 30.2841033936 19.155090332
obstacle
0.0610740408301
445.717041016 254.71887207 30.2841186523 19.155090332
obstacle
0.0610740408301
365.797058105 299.118865967 30.2841186523 19.155090332
obstacle
0.0610740408301
232.597045898 174.798858643 30.2840881348 19.155090332
obstacle
0.0610740408301
229.00958252 0.0 180.873535156 311.232788086
obstacle
0.0610740408301
356.917053223 272.478851318 30.2841186523 19.155090332
obstacle
0.0610740408301
365.797058105 23.838886261 30.2841186523 19.1550674438
obstacle
0.0610740408301
15.9928207397 183.4115448 249.481201172 123.845993042
obstacle
0.0610740408301
348.03704834 32.7188911438 30.2841186523 19.1550674438
obstacle
0.0610740408301
472.262512207 183.678863525 27.737487793 19.155090332
obstacle
0.0610740408301
197.077041626 174.798858643 30.2840881348 19.155090332
obstacle
0.0610740408301
241.477035522 59.3588867188 30.2841033936 19.1550750732
obstacle
0.0610740408301
312.517059326 32.7188911438 30.2841186523 19.1550674438
obstacle
0.0610740408301
37.2370452881 139.278884888 30.2841033936 19.1550598145
obstacle
0.0299547445029
10.938659668 55.0790100098 286.461090088 114.553619385
