obstacle
0.377409160137
391.551452637 120.061149597 108.448547363 247.665802002
obstacle
0.377409160137
0.0 153.348754883 234.515899658 133.214813232
obstacle
0.377409160137
0.0 0.0 254.650772095 107.373397827
obstacle
0.377409160137
118.699996948 106.375968933 37.8247680664 20.4332275391
obstacle
0.377409160137
275.321411133 0.0 224.678588867 97.7205505371
obstacle
0.377409160137
298.700012207 116.375968933 37.8247680664 20.4332351685
obstacle
0.377409160137
208.699996948 326.375946045 37.8247680664 20.4332885742
obstacle
0.377409160137
438.699981689 56.3759689331 37.8248291016 20.4332275391
obstacle
0.377409160137
168.699996948 336.375946045 37.8247680664 20.4332885742
obstacle
0.377409160137
458.699981689 226.375961304 37.8248291016 20.4332580566
obstacle
0.377409160137
203.128921509 193.3487854 296.87109375 133.214782715
obstacle
0.377409160137
88.7000045776 16.3759765625 37.8247833252 20.4332275391
obstacle
0.377409160137
130.936447144 53.348777771 369.063537598 133.214813232
obstacle
0.377409160137
328.699981689 286.375946045 37.8248291016 20.4332885742
obstacle
0.377409160137
0.0 53.348777771 234.515899658 133.214813232
obstacle
0.377409160137
8.69999694824 96.3759689331 37.8247909546 20.4332275391
obstacle
0.377409160137
238.699996948 326.375946045 37.8247833252 20.4332885742
obstacle
0.377409160137
78.6999816895 286.375946045 37.824798584 20.4332885742
obstacle
0.377409160137
388.699981689 276.375946045 37.8248291016 20.4332885742
obstacle
0.377409160137
18.6999969482 206.375961304 37.8247909546 20.4332580566
obstacle
0.377409160137
418.699981689 146.375976562 37.8248291016 20.4332275391
obstacle
0.377409160137
398.699981689 196.375961304 37.8248291016 20.4332580566
obstacle
0.377409160137
448.699981689 316.375946045 37.8248291016 20.4332885742
obstacle
0.377409160137
418.699981689 6.3759765625 37.8248291016 20.4332275391
obstacle
0.377409160137
98.6999969482 66.3759765625 37.8247833252 20.4332275391
obstacle
0.377409160137
18.6999969482 106.375968933 37.8247909546 20.4332275391
obstacle
0.377409160137
248.699996948 286.375946045 37.8247833252 20.4332885742
obstacle
0.377409160137
18.6999969482 336.375946045 37.8247909546 20.4332885742
obstacle
0.377409160137
328.699981689 116.375968933 37.8248291016 20.4332351685
obstacle
0.377409160137
8.69999694824 156.375976562 37.8247909546 20.4332275391
obstacle
0.377409160137
468.853820801 306.375946045 31.1461791992 20.4332885742
obstacle
0.377409160137
128.699996948 286.375946045 37.8247680664 20.4332885742
obstacle
0.377409160137
428.699981689 186.375961304 37.8248291016 20.4332580566
obstacle
0.377409160137
278.700012207 6.3759765625 37.8247680664 20.4332275391
obstacle
0.377409160137
148.699996948 236.375961304 37.8247680664 20.4332580566
obstacle
0.377409160137
468.853820801 196.375961304 31.1461791992 20.4332580566
obstacle
0.377409160137
458.699981689 186.375961304 37.8248291016 20.4332580566
obstacle
0.377409160137
368.699981689 316.375946045 37.8248291016 20.4332885742
obstacle
0.377409160137
188.699996948 236.375961304 37.8247680664 20.4332580566
obstacle
0.377409160137
188.699996948 286.375946045 37.8247680664 20.4332885742
obstacle
0.377409160137
38.6999969482 96.3759689331 37.8247909546 20.4332275391
obstacle
0.377409160137
428.699981689 136.375976562 37.8248291016 20.4332275391
obstacle
0.377409160137
68.6999816895 106.375968933 37.824798584 20.4332275391
obstacle
0.377409160137
398.699981689 136.375976562 37.8248291016 20.4332275391
obstacle
0.377409160137
161.876083374 123.348770142 338.123901367 133.214782715
obstacle
0.377409160137
398.699981689 286.375946045 37.8248291016 20.4332885742
obstacle
0.377409160137
468.853820801 336.375946045 31.1461791992 20.4332885742
obstacle
0.377409160137
388.699981689 56.3759689331 37.8248291016 20.4332275391
obstacle
0.377409160137
38.6999969482 16.3759765625 37.8247909546 20.4332275391
obstacle
0.377409160137
58.6999931335 336.375946045 37.8247871399 20.4332885742
obstacle
0.377409160137
0.0 294.713500977 274.785644531 78.9293212891
obstacle
0.377409160137
328.699981689 196.375961304 37.8248291016 20.4332580566
obstacle
0.377409160137
418.699981689 316.375946045 37.8248291016 20.4332885742
obstacle
0.377409160137
278.700012207 286.375946045 37.8247680664 20.4332885742
obstacle
0.377409160137
108.699996948 156.375976562 37.8247833252 20.4332275391
obstacle
0.377409160137
108.699996948 96.3759689331 37.8247833252 20.4332275391
obstacle
0.377409160137
68.6999816895 146.375976562 37.824798584 20.4332275391
obstacle
0.377409160137
388.699981689 86.3759689331 37.8248291016 20.4332275391
obstacle
0.377409160137
458.699981689 6.3759765625 37.8248291016 20.4332275391
obstacle
0.377409160137
468.853820801 136.375976562 31.1461791992 20.4332275391
obstacle
0.377409160137
328.699981689 56.3759689331 37.8248291016 20.4332275391
obstacle
0.377409160137
288.700012207 16.3759765625 37.8247680664 20.4332275391
obstacle
0.377409160137
218.699996948 286.375946045 37.8247680664 20.4332885742
obstacle
0.377409160137
428.699981689 226.375961304 37.8248291016 20.4332580566
obstacle
0.377409160137
308.699981689 136.375976562 37.8248291016 20.4332275391
obstacle
0.377409160137
338.699981689 296.375946045 37.8248291016 20.4332885742
obstacle
0.377409160137
138.699996948 206.375961304 37.8247680664 20.4332580566
obstacle
0.377409160137
158.699996948 96.3759689331 37.8247680664 20.4332275391
obstacle
0.377409160137
0.0 236.375961304 36.5235137939 20.4332580566
obstacle
0.377409160137
158.699996948 176.375961304 37.8247680664 20.4332580566
obstacle
0.377409160137
128.699996948 356.403717041 37.8247680664 18.596282959
obstacle
0.377409160137
358.699981689 196.375961304 37.8248291016 20.4332580566
obstacle
0.377409160137
358.699981689 286.375946045 37.8248291016 20.4332885742
obstacle
0.377409160137
388.699981689 146.375976562 37.8248291016 20.4332275391
obstacle
0.377409160137
18.6999969482 146.375976562 37.8247909546 20.4332275391
obstacle
0.377409160137
308.699981689 296.375946045 37.8248291016 20.4332885742
obstacle
0.377409160137
138.699996948 336.375946045 37.8247680664 20.4332885742
obstacle
0.377409160137
218.699996948 236.375961304 37.8247680664 20.4332580566
obstacle
0.377409160137
28.6999969482 326.375946045 37.8247909546 20.4332885742
obstacle
0.377409160137
238.699996948 176.375961304 37.8247833252 20.4332580566
obstacle
0.377409160137
348.699981689 6.3759765625 37.8248291016 20.4332275391
obstacle
0.377409160137
288.700012207 196.375961304 37.8247680664 20.4332580566
obstacle
0.377409160137
38.6999969482 316.375946045 37.8247909546 20.4332885742
obstacle
0.377409160137
218.699996948 96.3759689331 37.8247680664 20.4332275391
obstacle
0.377409160137
118.699996948 346.375946045 37.8247680664 20.4332885742
obstacle
0.377409160137
213.442138672 294.713500977 286.557861328 78.9293212891
obstacle
0.377409160137
228.699996948 346.375946045 37.8247833252 20.4332885742
obstacle
0.377409160137
308.699981689 6.3759765625 37.8248291016 20.4332275391
obstacle
0.377409160137
108.699996948 206.375961304 37.8247833252 20.4332580566
obstacle
0.377409160137
268.700012207 236.375961304 37.8247680664 20.4332580566
obstacle
0.377409160137
368.699981689 186.375961304 37.8248291016 20.4332580566
obstacle
0.377409160137
438.699981689 286.375946045 37.8248291016 20.4332885742
obstacle
0.377409160137
198.699996948 116.375968933 37.8247680664 20.4332351685
obstacle
0.377409160137
428.699981689 296.375946045 37.8248291016 20.4332885742
obstacle
0.377409160137
0.0 16.3759765625 26.4560775757 20.4332275391
obstacle
0.377409160137
0.0 196.375961304 26.4560775757 20.4332580566
obstacle
0.377409160137
168.699996948 356.403717041 37.8247680664 18.596282959
obstacle
0.377409160137
0.0 0.0 145.369018555 363.34375
obstacle
0.377409160137
378.699981689 6.3759765625 37.8248291016 20.4332275391
obstacle
0.377409160137
268.700012207 346.375946045 37.8247680664 20.4332885742
obstacle
0.377409160137
98.0113372803 0.0 227.864456177 363.34375
obstacle
0.377409160137
228.699996948 116.375968933 37.8247833252 20.4332351685
obstacle
0.377409160137
368.699981689 296.375946045 37.8248291016 20.4332885742
obstacle
0.377409160137
458.699981689 146.375976562 37.8248291016 20.4332275391
obstacle
0.0610740408301
441.926086426 6.84571266174 33.8607788086 21.3143463135
obstacle
0.0610740408301
141.926086426 96.8457107544 33.860748291 21.3143463135
obstacle
0.0610740408301
251.926101685 346.845672607 33.8607635498 21.3143920898
obstacle
0.0610740408301
181.926086426 96.8457107544 33.860748291 21.3143463135
obstacle
0.0610740408301
421.926086426 56.8457107544 33.8607788086 21.3143463135
obstacle
0.0610740408301
401.147460938 0.0 98.744140625 226.137069702
obstacle
0.0610740408301
171.926086426 236.845703125 33.860748291 21.3143615723
obstacle
0.0610740408301
301.926086426 286.845672607 33.8607788086 21.3143920898
obstacle
0.0610740408301
381.926086426 196.845703125 33.8607788086 21.3143615723
obstacle
0.0610740408301
381.926086426 286.845672607 33.8607788086 21.3143920898
obstacle
0.0610740408301
81.9260787964 66.8457183838 33.8607635498 21.3143463135
obstacle
0.0610740408301
11.9260883331 196.845703125 33.8607635498 21.3143615723
obstacle
0.0610740408301
371.926086426 276.845672607 33.8607788086 21.3143920898
obstacle
0.0610740408301
2.1037311554 146.845703125 33.6857757568 21.3143615723
obstacle
0.0610740408301
2.1037311554 106.845710754 33.6857757568 21.3143463135
obstacle
0.0610740408301
331.926086426 6.84571266174 33.8607788086 21.3143463135
obstacle
0.0610740408301
401.926086426 6.84571266174 33.8607788086 21.3143463135
obstacle
0.0610740408301
41.9260864258 146.845703125 33.8607635498 21.3143615723
obstacle
0.0610740408301
41.9260864258 336.845672607 33.8607635498 21.3143920898
obstacle
0.0610740408301
421.926086426 196.845703125 33.8607788086 21.3143615723
obstacle
0.0610740408301
441.926086426 146.845703125 33.8607788086 21.3143615723
obstacle
0.0610740408301
2.1037311554 206.845703125 33.6857757568 21.3143615723
obstacle
0.0610740408301
101.926086426 286.845672607 33.860748291 21.3143920898
obstacle
0.0610740408301
51.9260864258 106.845710754 33.8607635498 21.3143463135
