obstacle
0.377409160137
390.943145752 111.414978027 109.056854248 229.977172852
obstacle
0.377409160137
0.0 133.025878906 311.201080322 123.76663208
obstacle
0.377409160137
149.092453003 160.865890503 350.907531738 123.766616821
obstacle
0.377409160137
100.871353149 302.875091553 35.2481384277 19.1053466797
obstacle
0.377409160137
35.9113464355 70.8751068115 35.2481460571 19.1053314209
obstacle
0.377409160137
177.804428101 254.470336914 322.195556641 91.7673950195
obstacle
0.377409160137
0.0 0.0 385.941711426 90.826171875
obstacle
0.377409160137
462.791351318 33.7551193237 35.2481689453 19.1053237915
obstacle
0.377409160137
295.751373291 302.875091553 35.2481689453 19.1053466797
obstacle
0.377409160137
0.0 235.44833374 320.543640137 110.145080566
obstacle
0.377409160137
8.07134246826 70.8751068115 35.2481498718 19.1053314209
obstacle
0.377409160137
147.271347046 321.435119629 35.2481384277 19.1053466797
obstacle
0.377409160137
244.799057007 77.3458862305 255.200942993 123.76663208
obstacle
0.377409160137
397.831359863 33.7551193237 35.2481689453 19.1053237915
obstacle
0.377409160137
73.0313415527 70.8751068115 35.2481384277 19.1053314209
obstacle
0.377409160137
26.6313438416 302.875091553 35.2481536865 19.1053466797
obstacle
0.377409160137
184.391342163 321.435119629 35.2481384277 19.1053466797
obstacle
0.377409160137
147.271347046 43.035118103 35.2481384277 19.1053237915
obstacle
0.377409160137
165.831344604 70.8751068115 35.2481384277 19.1053314209
obstacle
0.377409160137
0.0 30.9458694458 217.775238037 123.766624451
obstacle
0.377409160137
434.95135498 33.7551193237 35.2481689453 19.1053237915
obstacle
0.377409160137
407.111358643 126.555107117 35.2481689453 19.1053237915
obstacle
0.377409160137
128.711349487 117.275108337 35.2481384277 19.1053237915
obstacle
0.377409160137
73.0313415527 43.035118103 35.2481384277 19.1053237915
obstacle
0.377409160137
462.791351318 330.740875244 35.2481689453 17.2591247559
obstacle
0.377409160137
379.271362305 265.755096436 35.2481689453 19.1053466797
obstacle
0.377409160137
202.951339722 98.7151107788 35.2481384277 19.1053314209
obstacle
0.377409160137
0.0 52.3151168823 24.6957244873 19.1053314209
obstacle
0.377409160137
235.228378296 0.0 264.771606445 63.9526519775
obstacle
0.377409160137
175.111343384 330.740875244 35.2481384277 17.2591247559
obstacle
0.377409160137
193.671340942 302.875091553 35.2481384277 19.1053466797
obstacle
0.377409160137
388.551361084 61.5951156616 35.2481689453 19.1053314209
obstacle
0.377409160137
360.711334229 256.475128174 35.2481689453 19.1053466797
obstacle
0.377409160137
212.231338501 15.1951131821 35.2481384277 19.1053276062
obstacle
0.377409160137
305.031341553 61.5951156616 35.2481689453 19.1053314209
obstacle
0.377409160137
156.551345825 15.1951131821 35.2481384277 19.1053276062
obstacle
0.377409160137
73.0313415527 321.435119629 35.2481384277 19.1053466797
obstacle
0.377409160137
221.511352539 5.9151134491 35.2481384277 19.1053295135
obstacle
0.377409160137
128.711349487 302.875091553 35.2481384277 19.1053466797
obstacle
0.377409160137
240.071334839 70.8751068115 35.2481231689 19.1053314209
obstacle
0.377409160137
295.751373291 70.8751068115 35.2481689453 19.1053314209
obstacle
0.377409160137
462.791351318 293.595123291 35.2481689453 19.1053466797
obstacle
0.377409160137
369.991363525 33.7551193237 35.2481689453 19.1053237915
obstacle
0.377409160137
416.391357422 293.595123291 35.2481689453 19.1053466797
obstacle
0.377409160137
332.871368408 33.7551193237 35.2481689453 19.1053237915
obstacle
0.377409160137
230.791351318 321.435119629 35.2481384277 19.1053466797
obstacle
0.377409160137
258.631347656 302.875091553 35.2481079102 19.1053466797
obstacle
0.377409160137
110.151351929 256.475128174 35.2481384277 19.1053466797
obstacle
0.377409160137
212.231338501 70.8751068115 35.2481384277 19.1053314209
obstacle
0.377409160137
323.591339111 70.8751068115 35.2481689453 19.1053314209
obstacle
0.377409160137
267.911376953 70.8751068115 35.2481079102 19.1053314209
obstacle
0.377409160137
193.671340942 52.3151168823 35.2481384277 19.1053314209
obstacle
0.377409160137
277.191345215 61.5951156616 35.2481079102 19.1053314209
obstacle
0.377409160137
0.0 302.875091553 34.0383071899 19.1053466797
obstacle
0.377409160137
100.871353149 43.035118103 35.2481384277 19.1053237915
obstacle
0.377409160137
249.351364136 61.5951156616 35.2481231689 19.1053314209
obstacle
0.377409160137
137.991348267 70.8751068115 35.2481384277 19.1053314209
obstacle
0.377409160137
351.431365967 302.875091553 35.2481689453 19.1053466797
obstacle
0.377409160137
26.6313438416 321.435119629 35.2481536865 19.1053466797
obstacle
0.377409160137
360.711334229 43.035118103 35.2481689453 19.1053237915
obstacle
0.377409160137
156.551345825 312.15512085 35.2481384277 19.1053466797
obstacle
0.377409160137
369.991363525 312.15512085 35.2481689453 19.1053466797
obstacle
0.377409160137
73.0313415527 302.875091553 35.2481384277 19.1053466797
obstacle
0.377409160137
110.151351929 70.8751068115 35.2481384277 19.1053314209
obstacle
0.377409160137
100.871353149 321.435119629 35.2481384277 19.1053466797
obstacle
0.377409160137
91.5913543701 117.275108337 35.2481384277 19.1053237915
obstacle
0.377409160137
230.791351318 117.275108337 35.2481384277 19.1053237915
obstacle
0.377409160137
407.111358643 265.755096436 35.2481689453 19.1053466797
obstacle
0.377409160137
0.0 111.414978027 116.36177063 229.977172852
obstacle
0.377409160137
146.632263184 0.0 211.604949951 330.458282471
obstacle
0.377409160137
388.551361084 256.475128174 35.2481689453 19.1053466797
obstacle
0.377409160137
63.7513313293 117.275108337 35.2481498718 19.1053237915
obstacle
0.377409160137
360.711334229 61.5951156616 35.2481689453 19.1053314209
obstacle
0.377409160137
323.591339111 265.755096436 35.2481689453 19.1053466797
obstacle
0.377409160137
351.431365967 107.995117188 35.2481689453 19.1053161621
obstacle
0.377409160137
240.071334839 15.1951131821 35.2481231689 19.1053276062
obstacle
0.377409160137
360.711334229 126.555107117 35.2481689453 19.1053237915
obstacle
0.377409160137
156.551345825 117.275108337 35.2481384277 19.1053237915
obstacle
0.377409160137
221.511352539 61.5951156616 35.2481384277 19.1053314209
obstacle
0.377409160137
45.1913452148 43.035118103 35.2481460571 19.1053237915
obstacle
0.0610740408301
94.5917053223 71.31275177 31.5614776611 19.9262390137
obstacle
0.0610740408301
419.391723633 34.1927528381 31.5614624023 19.9262390137
obstacle
0.0610740408301
215.231689453 52.7527542114 31.5614929199 19.9262390137
obstacle
0.0610740408301
437.951721191 294.032745361 31.5614624023 19.9262695312
obstacle
0.0610740408301
243.071685791 303.312713623 31.5614624023 19.9262695312
obstacle
0.0610740408301
280.191680908 303.312713623 31.5614624023 19.9262695312
obstacle
0.0610740408301
354.43170166 34.1927528381 31.5615234375 19.9262390137
obstacle
0.0610740408301
48.1917037964 303.312713623 31.5614852905 19.9262695312
obstacle
0.0610740408301
187.391693115 71.31275177 31.5614929199 19.9262390137
obstacle
0.0610740408301
428.671722412 126.992752075 31.5614624023 19.9262390137
obstacle
0.0610740408301
205.951690674 6.35275268555 31.5614929199 19.926240921
obstacle
0.0610740408301
215.231689453 303.312713623 31.5614929199 19.9262695312
obstacle
0.0610740408301
205.951690674 321.872741699 31.5614929199 19.9262695312
obstacle
0.0610740408301
168.831695557 321.872741699 31.5614929199 19.9262695312
obstacle
0.0610740408301
113.15171814 117.712753296 31.5614624023 19.9262390137
obstacle
0.0610740408301
363.711669922 266.192718506 31.5615234375 19.9262695312
obstacle
0.0610740408301
57.4717025757 71.31275177 31.5614776611 19.9262390137
obstacle
0.0299547445029
82.1031341553 29.7182426453 396.156738281 119.625549316
