obstacle
0.922542512417
275.0 56.0 79.0 22.0
obstacle
0.889100074768
151.0 146.0 143.0 47.0
obstacle
0.829755365849
413.0 57.0 73.0 31.0
obstacle
0.504638671875
482.0 83.0 18.0 47.0
obstacle
0.223372712731
479.0 101.0 21.0 14.0
obstacle
0.205012694001
476.0 92.0 24.0 11.0
obstacle
0.198102205992
466.0 96.0 34.0 24.0
obstacle
0.184251636267
484.0 314.0 14.0 19.0
obstacle
0.163850605488
437.0 61.0 31.0 22.0
obstacle
0.146820947528
469.0 319.0 31.0 13.0
obstacle
0.1319886446
387.0 32.0 113.0 76.0
obstacle
0.115707620978
479.0 59.0 17.0 24.0
obstacle
0.0955697447062
461.0 312.0 20.0 21.0
obstacle
0.0921188443899
383.0 310.0 117.0 23.0
obstacle
0.0872158929706
228.0 155.0 26.0 35.0
obstacle
0.0850097090006
475.0 111.0 25.0 17.0
obstacle
0.0834056586027
287.0 54.0 58.0 13.0
obstacle
0.0778740793467
430.0 85.0 70.0 47.0
obstacle
0.0746954977512
206.0 155.0 30.0 36.0
obstacle
0.0735732465982
289.0 52.0 21.0 20.0
obstacle
0.0688043683767
260.0 36.0 113.0 66.0
obstacle
0.0667627602816
410.0 64.0 52.0 15.0
obstacle
0.0657936483622
452.0 308.0 40.0 12.0
obstacle
0.0651755705476
78.0 120.0 287.0 126.0
obstacle
0.0611560493708
309.0 63.0 50.0 14.0
obstacle
0.0573805086315
458.0 61.0 25.0 21.0
obstacle
0.0560701079667
397.0 47.0 79.0 27.0
