obstacle
0.85784381628
11.0 191.0 60.0 15.0
obstacle
0.84309399128
334.0 192.0 76.0 15.0
obstacle
0.836093008518
264.0 202.0 56.0 18.0
obstacle
0.826863527298
118.0 180.0 58.0 16.0
obstacle
0.747191786766
165.0 193.0 66.0 16.0
obstacle
0.274444997311
372.0 194.0 39.0 11.0
obstacle
0.240887999535
149.0 185.0 105.0 30.0
obstacle
0.231716513634
324.0 195.0 33.0 8.0
obstacle
0.18987262249
483.0 313.0 16.0 20.0
obstacle
0.186989173293
112.0 181.0 36.0 11.0
obstacle
0.152511402965
169.0 192.0 22.0 18.0
obstacle
0.148708239198
286.0 202.0 22.0 17.0
obstacle
0.1371961236
112.0 175.0 104.0 26.0
obstacle
0.131856039166
198.0 194.0 41.0 11.0
obstacle
0.121051937342
151.0 197.0 66.0 22.0
obstacle
0.106258444488
35.0 190.0 23.0 15.0
obstacle
0.104354530573
177.0 203.0 50.0 13.0
obstacle
0.0958654358983
44.0 194.0 38.0 11.0
obstacle
0.0929491594434
449.0 313.0 51.0 20.0
obstacle
0.0915392041206
310.0 189.0 62.0 19.0
obstacle
0.0902403146029
188.0 190.0 23.0 22.0
obstacle
0.0876942574978
364.0 191.0 20.0 18.0
obstacle
0.083225056529
0.0 192.0 36.0 11.0
obstacle
0.0816261768341
153.0 178.0 18.0 21.0
obstacle
0.0787073075771
130.0 179.0 22.0 17.0
obstacle
0.0768783092499
343.0 185.0 97.0 27.0
obstacle
0.0741268098354
161.0 183.0 42.0 10.0
obstacle
0.0735646188259
294.0 206.0 40.0 10.0
obstacle
0.0729892626405
337.0 197.0 73.0 22.0
obstacle
0.0710326135159
331.0 191.0 15.0 16.0
obstacle
0.0681331083179
346.0 192.0 18.0 16.0
obstacle
0.0677112266421
233.0 197.0 98.0 28.0
obstacle
0.0674741566181
385.0 191.0 16.0 16.0
obstacle
0.0646803677082
145.0 192.0 41.0 11.0
obstacle
0.06419775635
159.0 190.0 14.0 17.0
obstacle
0.0626769214869
318.0 204.0 38.0 10.0
obstacle
0.0603932365775
470.0 307.0 30.0 13.0
obstacle
0.0601220205426
87.0 144.0 192.0 110.0
obstacle
0.0590268373489
16.0 189.0 24.0 18.0
obstacle
0.0569949969649
119.0 178.0 16.0 19.0
obstacle
0.0553657971323
242.0 205.0 42.0 12.0
obstacle
0.0541600473225
470.0 289.0 30.0 44.0
obstacle
0.0525415912271
352.0 291.0 148.0 42.0
obstacle
0.0510946847498
352.0 203.0 46.0 12.0
