obstacle
0.893322885036
90.0 187.0 77.0 15.0
obstacle
0.819084465504
327.0 184.0 88.0 28.0
obstacle
0.739577412605
459.0 176.0 41.0 17.0
obstacle
0.351480364799
90.0 191.0 40.0 10.0
obstacle
0.253727644682
143.0 192.0 34.0 10.0
obstacle
0.228883296251
424.0 274.0 53.0 58.0
obstacle
0.222818985581
101.0 184.0 50.0 12.0
obstacle
0.17689435184
434.0 170.0 66.0 31.0
obstacle
0.120746560395
470.0 169.0 30.0 12.0
obstacle
0.120329029858
113.0 189.0 23.0 14.0
obstacle
0.0932127535343
352.0 308.0 148.0 25.0
obstacle
0.0894406214356
363.0 262.0 137.0 71.0
obstacle
0.0888086482882
422.0 293.0 23.0 40.0
obstacle
0.0871318802238
133.0 188.0 18.0 14.0
obstacle
0.0787946134806
344.0 189.0 25.0 20.0
obstacle
0.0697654113173
288.0 161.0 136.0 74.0
obstacle
0.0613436177373
440.0 306.0 24.0 27.0
obstacle
0.0598027557135
314.0 187.0 62.0 20.0
obstacle
0.0585200153291
372.0 192.0 39.0 13.0
obstacle
0.0522414036095
153.0 188.0 15.0 16.0
obstacle
0.0515426546335
416.0 132.0 84.0 106.0
obstacle
0.0511706396937
359.0 188.0 30.0 22.0
