obstacle
0.39073869586
164.0 145.0 34.0 23.0
obstacle
0.30065831542
168.0 138.0 21.0 20.0
obstacle
0.169365614653
269.0 263.0 172.0 18.0
obstacle
0.130957603455
152.0 139.0 29.0 35.0
obstacle
0.0817071795464
149.0 151.0 36.0 12.0
obstacle
0.0723491460085
153.0 137.0 57.0 22.0
obstacle
0.0712969228625
149.0 141.0 35.0 12.0
obstacle
0.0669316500425
353.0 118.0 43.0 10.0
obstacle
0.0617120675743
351.0 109.0 46.0 11.0
obstacle
0.0567549094558
311.0 269.0 52.0 12.0
obstacle
0.0519163794816
338.0 112.0 71.0 22.0
obstacle
0.0516227595508
324.0 263.0 22.0 18.0
