obstacle
0.941012203693
267.0 54.0 92.0 24.0
obstacle
0.930527567863
144.0 145.0 164.0 49.0
obstacle
0.872676312923
143.0 147.0 180.0 45.0
obstacle
0.769742429256
275.0 54.0 78.0 25.0
obstacle
0.765342354774
398.0 54.0 102.0 40.0
obstacle
0.64920258522
158.0 143.0 133.0 45.0
obstacle
0.627761423588
275.0 48.0 79.0 29.0
obstacle
0.60021173954
271.0 53.0 70.0 28.0
obstacle
0.585091292858
418.0 56.0 69.0 33.0
obstacle
0.539652168751
163.0 147.0 148.0 48.0
obstacle
0.506938159466
168.0 141.0 134.0 49.0
obstacle
0.43432661891
399.0 56.0 101.0 48.0
obstacle
0.386245548725
411.0 54.0 89.0 37.0
obstacle
0.374594986439
481.0 85.0 19.0 44.0
obstacle
0.309085726738
128.0 130.0 190.0 70.0
obstacle
0.284831523895
473.0 79.0 27.0 59.0
obstacle
0.282664686441
418.0 67.0 69.0 26.0
obstacle
0.281517237425
250.0 52.0 110.0 32.0
obstacle
0.266884326935
483.0 81.0 17.0 34.0
obstacle
0.261548638344
293.0 58.0 69.0 21.0
obstacle
0.227001845837
274.0 49.0 63.0 26.0
obstacle
0.20233823359
373.0 56.0 127.0 33.0
obstacle
0.201484441757
428.0 45.0 47.0 54.0
obstacle
0.198962748051
411.0 58.0 57.0 28.0
obstacle
0.193119630218
156.0 132.0 166.0 64.0
obstacle
0.190227404237
143.0 150.0 136.0 43.0
obstacle
0.187042355537
480.0 60.0 15.0 20.0
obstacle
0.17349126935
476.0 64.0 24.0 69.0
obstacle
0.167278528214
433.0 58.0 64.0 27.0
obstacle
0.16022644937
273.0 53.0 114.0 30.0
obstacle
0.152095884085
287.0 45.0 54.0 48.0
obstacle
0.149312123656
454.0 168.0 34.0 13.0
obstacle
0.143135949969
435.0 54.0 31.0 35.0
obstacle
0.133735626936
427.0 50.0 49.0 63.0
obstacle
0.120555967093
319.0 191.0 39.0 13.0
obstacle
0.11576770246
474.0 70.0 26.0 100.0
obstacle
0.103338725865
470.0 93.0 30.0 29.0
obstacle
0.100110121071
472.0 65.0 28.0 10.0
obstacle
0.100041598082
135.0 143.0 149.0 43.0
