obstacle
0.651760935783
69.0 201.0 266.0 72.0
obstacle
0.581723153591
76.0 197.0 249.0 61.0
obstacle
0.481469273567
53.0 191.0 298.0 92.0
obstacle
0.458871662617
75.0 211.0 219.0 53.0
obstacle
0.410350441933
92.0 207.0 256.0 60.0
obstacle
0.40575876832
258.0 144.0 110.0 30.0
obstacle
0.394222646952
52.0 191.0 265.0 73.0
obstacle
0.383789688349
241.0 143.0 121.0 33.0
obstacle
0.369981825352
214.0 133.0 10.0 11.0
obstacle
0.322585105896
0.0 113.0 12.0 17.0
obstacle
0.280028194189
214.0 137.0 12.0 13.0
obstacle
0.272082328796
83.0 197.0 271.0 60.0
obstacle
0.268188923597
31.0 190.0 340.0 74.0
obstacle
0.252952575684
254.0 130.0 116.0 38.0
obstacle
0.237561225891
99.0 102.0 86.0 21.0
obstacle
0.228438645601
113.0 187.0 176.0 101.0
obstacle
0.223931014538
105.0 108.0 76.0 22.0
obstacle
0.222471863031
125.0 204.0 153.0 45.0
obstacle
0.222365126014
254.0 148.0 121.0 23.0
obstacle
0.208061859012
0.0 117.0 21.0 10.0
obstacle
0.201399162412
243.0 130.0 114.0 39.0
obstacle
0.19871994853
256.0 147.0 86.0 24.0
obstacle
0.196760192513
96.0 109.0 64.0 20.0
obstacle
0.185749605298
90.0 176.0 222.0 102.0
obstacle
0.179227352142
15.0 184.0 337.0 88.0
obstacle
0.172779157758
94.0 101.0 66.0 23.0
obstacle
0.163711860776
30.0 195.0 272.0 82.0
obstacle
0.157837063074
54.0 206.0 224.0 62.0
obstacle
0.157436132431
124.0 115.0 40.0 10.0
obstacle
0.151824429631
99.0 174.0 167.0 128.0
obstacle
0.146487474442
148.0 208.0 142.0 56.0
obstacle
0.144487246871
142.0 115.0 40.0 12.0
obstacle
0.138087958097
103.0 113.0 45.0 14.0
obstacle
0.136101722717
269.0 120.0 58.0 79.0
obstacle
0.136032402515
144.0 204.0 150.0 46.0
obstacle
0.132621973753
82.0 93.0 126.0 36.0
obstacle
0.129639819264
208.0 132.0 25.0 9.0
obstacle
0.11964648962
286.0 123.0 60.0 71.0
obstacle
0.119224116206
116.0 208.0 174.0 55.0
obstacle
0.115125872195
115.0 186.0 210.0 102.0
obstacle
0.112451508641
207.0 139.0 27.0 12.0
obstacle
0.110639177263
117.0 109.0 88.0 22.0
obstacle
0.104563437402
71.0 102.0 148.0 36.0
obstacle
0.102898612618
0.0 112.0 32.0 20.0
