obstacle
0.881330251694
334.0 192.0 77.0 15.0
obstacle
0.860726714134
10.0 191.0 62.0 15.0
obstacle
0.825242459774
161.0 194.0 76.0 13.0
obstacle
0.808057546616
114.0 180.0 67.0 15.0
obstacle
0.781610369682
268.0 203.0 48.0 19.0
obstacle
0.740268349648
257.0 203.0 56.0 18.0
obstacle
0.714825630188
0.0 189.0 74.0 16.0
obstacle
0.558213353157
154.0 192.0 67.0 16.0
obstacle
0.535565435886
329.0 192.0 68.0 14.0
obstacle
0.41388836503
112.0 181.0 61.0 14.0
obstacle
0.413005620241
274.0 206.0 42.0 13.0
obstacle
0.411479532719
123.0 179.0 72.0 18.0
obstacle
0.343308866024
356.0 191.0 61.0 17.0
obstacle
0.293256789446
157.0 194.0 55.0 11.0
obstacle
0.277898907661
178.0 194.0 44.0 11.0
obstacle
0.264148563147
340.0 193.0 64.0 13.0
obstacle
0.250727683306
332.0 192.0 51.0 14.0
obstacle
0.244701787829
142.0 183.0 36.0 10.0
obstacle
0.242223724723
256.0 204.0 49.0 15.0
obstacle
0.228346213698
335.0 189.0 80.0 21.0
obstacle
0.220612496138
13.0 192.0 62.0 14.0
obstacle
0.196568951011
285.0 202.0 26.0 18.0
obstacle
0.195734366775
0.0 186.0 92.0 27.0
obstacle
0.195188269019
154.0 186.0 94.0 27.0
obstacle
0.190324872732
166.0 197.0 69.0 21.0
obstacle
0.174483507872
0.0 190.0 63.0 15.0
obstacle
0.16488853097
185.0 189.0 58.0 20.0
obstacle
0.162159696221
371.0 195.0 37.0 10.0
obstacle
0.153786465526
155.0 196.0 63.0 23.0
obstacle
0.149047166109
259.0 207.0 75.0 26.0
obstacle
0.148390725255
336.0 196.0 75.0 22.0
obstacle
0.140685930848
325.0 194.0 31.0 9.0
obstacle
0.140170544386
135.0 186.0 102.0 25.0
obstacle
0.126609385014
173.0 191.0 19.0 16.0
obstacle
0.124990992248
235.0 199.0 93.0 27.0
obstacle
0.123117439449
202.0 194.0 29.0 11.0
obstacle
0.120217896998
246.0 200.0 102.0 26.0
obstacle
0.117903262377
252.0 208.0 62.0 24.0
obstacle
0.112230569124
0.0 185.0 83.0 26.0
obstacle
0.110508136451
267.0 203.0 24.0 16.0
obstacle
0.102458402514
103.0 176.0 59.0 19.0
obstacle
0.100026890635
190.0 192.0 24.0 15.0
