obstacle
0.756704986095
264.0 120.0 28.0 52.0
obstacle
0.684933304787
267.0 190.0 20.0 21.0
obstacle
0.570960283279
207.0 197.0 147.0 52.0
obstacle
0.541321098804
215.0 201.0 163.0 45.0
obstacle
0.482145011425
155.0 195.0 249.0 58.0
obstacle
0.415422767401
181.0 200.0 162.0 48.0
obstacle
0.407401919365
268.0 114.0 22.0 49.0
obstacle
0.363752841949
261.0 192.0 32.0 30.0
obstacle
0.343391805887
149.0 197.0 225.0 53.0
obstacle
0.316542774439
259.0 124.0 36.0 63.0
obstacle
0.293210268021
247.0 121.0 28.0 53.0
obstacle
0.274816811085
167.0 205.0 153.0 38.0
obstacle
0.273215711117
283.0 120.0 24.0 54.0
obstacle
0.253099262714
243.0 203.0 139.0 43.0
obstacle
0.232599362731
195.0 191.0 164.0 40.0
obstacle
0.229509487748
244.0 186.0 70.0 27.0
obstacle
0.20758074522
185.0 195.0 225.0 59.0
obstacle
0.189835429192
300.0 118.0 30.0 58.0
obstacle
0.189339414239
272.0 117.0 15.0 61.0
obstacle
0.153535917401
179.0 193.0 167.0 38.0
obstacle
0.140147462487
264.0 192.0 29.0 15.0
obstacle
0.133961886168
259.0 175.0 39.0 48.0
obstacle
0.132567971945
192.0 173.0 142.0 22.0
obstacle
0.129950895905
218.0 216.0 161.0 35.0
obstacle
0.127787485719
227.0 118.0 29.0 60.0
obstacle
0.126670956612
234.0 216.0 160.0 36.0
obstacle
0.124493904412
197.0 184.0 162.0 81.0
obstacle
0.123300403357
153.0 204.0 252.0 61.0
obstacle
0.119230262935
206.0 171.0 144.0 27.0
obstacle
0.117679595947
195.0 185.0 165.0 27.0
obstacle
0.110984884202
201.0 98.0 157.0 100.0
obstacle
0.106824532151
160.0 206.0 132.0 36.0
