obstacle
0.461265593767
71.0 184.0 152.0 36.0
obstacle
0.333179414272
81.0 183.0 163.0 37.0
obstacle
0.29452162981
54.0 178.0 218.0 46.0
obstacle
0.21192355454
68.0 180.0 229.0 42.0
obstacle
0.170920237899
70.0 190.0 151.0 38.0
obstacle
0.160141348839
74.0 187.0 114.0 30.0
obstacle
0.141757845879
206.0 171.0 109.0 36.0
obstacle
0.134192436934
220.0 165.0 113.0 30.0
obstacle
0.131128042936
240.0 170.0 79.0 19.0
obstacle
0.13017064333
51.0 178.0 188.0 47.0
obstacle
0.127133101225
52.0 177.0 298.0 46.0
obstacle
0.12200588733
89.0 189.0 146.0 40.0
obstacle
0.115616880357
60.0 143.0 170.0 116.0
obstacle
0.112868413329
195.0 165.0 131.0 29.0
obstacle
0.106856420636
49.0 186.0 231.0 46.0
obstacle
0.106063686311
73.0 154.0 145.0 113.0
