obstacle
0.890970647335
51.0 169.0 222.0 83.0
obstacle
0.760596990585
28.0 170.0 238.0 81.0
obstacle
0.620370209217
21.0 167.0 283.0 89.0
obstacle
0.554152488708
0.0 170.0 311.0 83.0
obstacle
0.387557119131
40.0 173.0 279.0 76.0
obstacle
0.382645040751
47.0 164.0 231.0 77.0
obstacle
0.365944743156
0.0 141.0 139.0 40.0
obstacle
0.340677946806
49.0 160.0 227.0 104.0
obstacle
0.298752605915
0.0 147.0 114.0 29.0
obstacle
0.215094789863
20.0 167.0 252.0 70.0
obstacle
0.200830310583
36.0 189.0 255.0 64.0
obstacle
0.200319200754
378.0 141.0 35.0 11.0
obstacle
0.194644972682
0.0 149.0 293.0 106.0
obstacle
0.191112294793
0.0 148.0 95.0 25.0
obstacle
0.173854261637
14.0 167.0 332.0 89.0
obstacle
0.168468788266
374.0 135.0 74.0 22.0
obstacle
0.165279090405
74.0 184.0 177.0 53.0
obstacle
0.160853594542
0.0 177.0 340.0 86.0
obstacle
0.155283555388
52.0 138.0 183.0 148.0
obstacle
0.149870529771
13.0 139.0 143.0 41.0
obstacle
0.147841691971
7.0 155.0 312.0 95.0
obstacle
0.147731229663
26.0 192.0 242.0 58.0
obstacle
0.146048679948
0.0 174.0 118.0 51.0
obstacle
0.139130875468
0.0 133.0 203.0 57.0
obstacle
0.133352681994
16.0 182.0 225.0 57.0
obstacle
0.121953777969
74.0 162.0 214.0 99.0
obstacle
0.118644408882
0.0 147.0 70.0 27.0
obstacle
0.116752445698
385.0 135.0 16.0 23.0
obstacle
0.112787179649
366.0 135.0 61.0 22.0
obstacle
0.111441865563
65.0 147.0 195.0 107.0
obstacle
0.105972185731
385.0 142.0 52.0 11.0
