obstacle
0.631675422192
247.0 160.0 109.0 55.0
obstacle
0.59189760685
261.0 167.0 80.0 54.0
obstacle
0.588890969753
274.0 161.0 76.0 53.0
obstacle
0.397558748722
234.0 142.0 127.0 88.0
obstacle
0.288470774889
271.0 167.0 85.0 55.0
obstacle
0.226876974106
182.0 132.0 197.0 84.0
obstacle
0.217496454716
256.0 137.0 118.0 99.0
obstacle
0.203235343099
207.0 123.0 182.0 104.0
obstacle
0.163927957416
282.0 167.0 36.0 40.0
obstacle
0.151463568211
185.0 118.0 153.0 112.0
obstacle
0.138449445367
240.0 155.0 113.0 57.0
obstacle
0.126539155841
217.0 133.0 126.0 104.0
obstacle
0.105124637485
219.0 144.0 127.0 58.0
obstacle
0.104988142848
242.0 128.0 147.0 94.0
obstacle
0.104111492634
281.0 168.0 36.0 55.0
obstacle
0.103008367121
218.0 148.0 95.0 48.0
