obstacle
0.779967725277
487.0 61.0 12.0 18.0
obstacle
0.752881646156
89.0 139.0 340.0 92.0
obstacle
0.704334020615
43.0 142.0 358.0 89.0
obstacle
0.680807888508
23.0 38.0 82.0 18.0
obstacle
0.663967549801
114.0 141.0 326.0 88.0
obstacle
0.50008481741
12.0 34.0 77.0 20.0
obstacle
0.499832332134
75.0 148.0 333.0 94.0
obstacle
0.489855468273
56.0 125.0 407.0 101.0
obstacle
0.487459897995
118.0 129.0 321.0 92.0
obstacle
0.471603006124
32.0 130.0 344.0 111.0
obstacle
0.460503876209
85.0 158.0 348.0 74.0
obstacle
0.401580035686
45.0 144.0 356.0 104.0
obstacle
0.383863031864
49.0 39.0 62.0 17.0
obstacle
0.368897974491
61.0 115.0 357.0 121.0
obstacle
0.329894185066
56.0 110.0 328.0 131.0
obstacle
0.317762643099
0.0 33.0 69.0 19.0
obstacle
0.315349400043
147.0 155.0 262.0 82.0
obstacle
0.311250537634
33.0 112.0 339.0 126.0
obstacle
0.26658809185
0.0 27.0 107.0 32.0
obstacle
0.263055384159
0.0 25.0 63.0 21.0
obstacle
0.254717171192
33.0 43.0 71.0 20.0
obstacle
0.250601738691
0.0 132.0 375.0 84.0
obstacle
0.237046957016
19.0 32.0 93.0 26.0
obstacle
0.183336213231
8.0 37.0 42.0 12.0
obstacle
0.180244714022
29.0 39.0 38.0 11.0
obstacle
0.175092190504
474.0 49.0 26.0 42.0
obstacle
0.173974126577
67.0 40.0 33.0 14.0
obstacle
0.172252178192
109.0 169.0 228.0 57.0
obstacle
0.167568355799
484.0 49.0 15.0 24.0
obstacle
0.154524147511
3.0 22.0 14.0 22.0
obstacle
0.152449458838
0.0 23.0 36.0 22.0
obstacle
0.147677287459
2.0 132.0 324.0 102.0
obstacle
0.141224786639
0.0 27.0 28.0 13.0
obstacle
0.13989149034
96.0 121.0 175.0 105.0
obstacle
0.135415568948
11.0 30.0 32.0 10.0
obstacle
0.135191053152
67.0 48.0 38.0 13.0
obstacle
0.132927969098
43.0 39.0 43.0 15.0
obstacle
0.132067725062
51.0 44.0 66.0 20.0
obstacle
0.131052002311
90.0 155.0 265.0 65.0
obstacle
0.129512488842
39.0 37.0 18.0 15.0
obstacle
0.128633573651
48.0 47.0 40.0 13.0
obstacle
0.127376899123
27.0 140.0 278.0 68.0
obstacle
0.127190679312
0.0 26.0 96.0 33.0
obstacle
0.123149707913
29.0 155.0 349.0 82.0
obstacle
0.122973121703
480.0 64.0 20.0 11.0
obstacle
0.118740007281
483.0 65.0 16.0 28.0
obstacle
0.118125155568
42.0 138.0 284.0 72.0
obstacle
0.111177563667
0.0 24.0 102.0 23.0
obstacle
0.11029625684
2.0 32.0 16.0 21.0
obstacle
0.108304522932
147.0 137.0 153.0 124.0
obstacle
0.107397280633
70.0 113.0 189.0 121.0
obstacle
0.106875658035
468.0 62.0 18.0 13.0
obstacle
0.10639641434
17.0 23.0 17.0 23.0
obstacle
0.104463741183
105.0 108.0 234.0 157.0
obstacle
0.102854862809
0.0 36.0 28.0 14.0
