obstacle
0.807366788387
451.0 117.0 18.0 16.0
obstacle
0.776830732822
311.0 92.0 58.0 13.0
obstacle
0.715980470181
453.0 116.0 20.0 18.0
obstacle
0.541093349457
163.0 166.0 150.0 46.0
obstacle
0.533345162868
318.0 89.0 61.0 18.0
obstacle
0.400360763073
157.0 176.0 132.0 41.0
obstacle
0.375698029995
445.0 120.0 22.0 18.0
obstacle
0.338617563248
327.0 92.0 47.0 13.0
obstacle
0.336784124374
155.0 167.0 138.0 44.0
obstacle
0.306845575571
160.0 173.0 156.0 43.0
obstacle
0.261213153601
91.0 170.0 224.0 58.0
obstacle
0.239719375968
106.0 168.0 230.0 60.0
obstacle
0.239328056574
436.0 103.0 36.0 40.0
obstacle
0.228040635586
302.0 93.0 39.0 10.0
obstacle
0.216928377748
135.0 174.0 143.0 48.0
obstacle
0.192629367113
451.0 108.0 32.0 28.0
obstacle
0.187357783318
117.0 161.0 245.0 71.0
obstacle
0.179820418358
443.0 116.0 20.0 13.0
obstacle
0.17144292593
455.0 119.0 22.0 21.0
obstacle
0.16678956151
137.0 158.0 206.0 59.0
obstacle
0.159192442894
294.0 89.0 60.0 18.0
obstacle
0.147975713015
344.0 89.0 19.0 16.0
obstacle
0.140718087554
423.0 112.0 54.0 24.0
obstacle
0.125957459211
315.0 99.0 44.0 11.0
obstacle
0.124767772853
306.0 95.0 63.0 18.0
obstacle
0.122064985335
31.0 166.0 306.0 67.0
obstacle
0.116730034351
37.0 181.0 291.0 59.0
obstacle
0.114985704422
140.0 146.0 163.0 107.0
obstacle
0.114649914205
17.0 181.0 295.0 60.0
obstacle
0.112755768001
303.0 100.0 33.0 12.0
obstacle
0.109703056514
90.0 193.0 148.0 38.0
obstacle
0.105599269271
23.0 155.0 398.0 87.0
obstacle
0.103416800499
112.0 174.0 147.0 52.0
obstacle
0.102294079959
314.0 89.0 13.0 17.0
obstacle
0.10090136528
76.0 196.0 144.0 34.0
obstacle
0.100363917649
327.0 92.0 20.0 12.0
