obstacle
0.747930765152
118.0 147.0 322.0 111.0
obstacle
0.735355734825
117.0 150.0 360.0 106.0
obstacle
0.694799602032
173.0 167.0 248.0 71.0
obstacle
0.607019901276
112.0 169.0 221.0 66.0
obstacle
0.563160598278
62.0 147.0 397.0 109.0
obstacle
0.530376136303
148.0 160.0 264.0 83.0
obstacle
0.518306612968
130.0 157.0 298.0 73.0
obstacle
0.485166728497
118.0 144.0 283.0 98.0
obstacle
0.471266537905
147.0 155.0 300.0 78.0
obstacle
0.469287157059
135.0 147.0 288.0 94.0
obstacle
0.418720006943
192.0 161.0 284.0 63.0
obstacle
0.408876419067
142.0 146.0 311.0 95.0
obstacle
0.406844168901
159.0 154.0 314.0 95.0
obstacle
0.406000435352
90.0 174.0 229.0 58.0
obstacle
0.392303109169
42.0 152.0 363.0 102.0
obstacle
0.380476802588
173.0 160.0 286.0 66.0
obstacle
0.359286099672
76.0 151.0 333.0 101.0
obstacle
0.348066836596
189.0 163.0 254.0 78.0
obstacle
0.332424521446
104.0 159.0 312.0 68.0
obstacle
0.323326945305
160.0 151.0 311.0 83.0
obstacle
0.292419731617
75.0 152.0 333.0 83.0
obstacle
0.292265206575
78.0 155.0 403.0 115.0
obstacle
0.278178751469
84.0 162.0 277.0 64.0
obstacle
0.269562840462
110.0 165.0 263.0 73.0
obstacle
0.251403272152
213.0 172.0 244.0 61.0
obstacle
0.236625850201
167.0 160.0 333.0 84.0
obstacle
0.192812249064
97.0 164.0 289.0 59.0
obstacle
0.176067560911
194.0 144.0 282.0 97.0
obstacle
0.163133114576
295.0 144.0 42.0 15.0
obstacle
0.157068148255
94.0 163.0 333.0 76.0
obstacle
0.154513388872
287.0 136.0 60.0 31.0
obstacle
0.151310637593
45.0 164.0 319.0 79.0
obstacle
0.151262074709
232.0 174.0 246.0 56.0
obstacle
0.137475222349
150.0 147.0 141.0 112.0
obstacle
0.127648770809
77.0 132.0 366.0 99.0
obstacle
0.127542197704
193.0 142.0 208.0 122.0
obstacle
0.123445771635
207.0 161.0 293.0 62.0
obstacle
0.109516508877
303.0 138.0 23.0 28.0
obstacle
0.105634450912
126.0 149.0 155.0 110.0
