obstacle
0.836030960083
272.0 149.0 62.0 24.0
obstacle
0.807688176632
163.0 186.0 110.0 54.0
obstacle
0.749923586845
276.0 152.0 69.0 20.0
obstacle
0.72459512949
193.0 109.0 57.0 20.0
obstacle
0.720953822136
237.0 161.0 19.0 17.0
obstacle
0.708479583263
151.0 186.0 112.0 55.0
obstacle
0.690187394619
22.0 127.0 50.0 19.0
obstacle
0.643890559673
163.0 202.0 108.0 38.0
obstacle
0.606921255589
242.0 159.0 21.0 21.0
obstacle
0.565299272537
154.0 200.0 106.0 43.0
obstacle
0.497240185738
18.0 132.0 55.0 21.0
obstacle
0.389250665903
199.0 112.0 47.0 16.0
obstacle
0.38658028841
234.0 154.0 23.0 22.0
obstacle
0.330646395683
167.0 206.0 76.0 34.0
obstacle
0.32212433219
9.0 126.0 53.0 21.0
obstacle
0.319210857153
22.0 138.0 48.0 11.0
obstacle
0.318911999464
25.0 131.0 42.0 13.0
obstacle
0.297512710094
270.0 155.0 56.0 13.0
obstacle
0.293604820967
140.0 178.0 128.0 48.0
obstacle
0.279671162367
9.0 133.0 54.0 19.0
obstacle
0.266945511103
153.0 119.0 18.0 26.0
obstacle
0.265877604485
108.0 181.0 118.0 39.0
obstacle
0.264353603125
123.0 188.0 81.0 24.0
obstacle
0.260358154774
181.0 188.0 105.0 48.0
obstacle
0.259917795658
117.0 189.0 65.0 23.0
obstacle
0.239801347256
170.0 205.0 94.0 34.0
obstacle
0.237539067864
56.0 115.0 13.0 18.0
obstacle
0.236042991281
155.0 181.0 129.0 43.0
obstacle
0.23481811583
225.0 143.0 35.0 58.0
obstacle
0.218965753913
50.0 120.0 27.0 9.0
obstacle
0.214108169079
121.0 179.0 127.0 44.0
obstacle
0.201827004552
244.0 152.0 22.0 25.0
obstacle
0.199548721313
162.0 194.0 80.0 57.0
obstacle
0.193171590567
25.0 122.0 70.0 24.0
obstacle
0.193117454648
185.0 195.0 68.0 55.0
obstacle
0.191426381469
156.0 113.0 13.0 23.0
obstacle
0.185949504375
148.0 126.0 32.0 13.0
obstacle
0.185490474105
22.0 115.0 53.0 21.0
obstacle
0.182174950838
231.0 164.0 23.0 14.0
obstacle
0.179041519761
129.0 167.0 149.0 90.0
obstacle
0.178438663483
37.0 126.0 20.0 19.0
obstacle
0.170761302114
30.0 114.0 65.0 22.0
obstacle
0.16727373004
125.0 193.0 42.0 14.0
obstacle
0.166339576244
183.0 178.0 72.0 67.0
obstacle
0.165889322758
9.0 138.0 47.0 11.0
obstacle
0.163598328829
172.0 110.0 74.0 21.0
obstacle
0.16062104702
197.0 109.0 70.0 22.0
obstacle
0.15658301115
152.0 162.0 138.0 100.0
obstacle
0.153490647674
237.0 164.0 37.0 14.0
obstacle
0.152885347605
251.0 148.0 67.0 26.0
obstacle
0.15056425333
271.0 148.0 88.0 26.0
obstacle
0.14423930645
254.0 148.0 94.0 27.0
obstacle
0.143910095096
128.0 180.0 185.0 63.0
obstacle
0.142440766096
157.0 183.0 90.0 61.0
obstacle
0.142215684056
44.0 128.0 36.0 11.0
obstacle
0.139817878604
289.0 148.0 81.0 26.0
obstacle
0.139813318849
269.0 144.0 127.0 34.0
obstacle
0.134458780289
89.0 179.0 228.0 66.0
obstacle
0.133331209421
282.0 151.0 29.0 18.0
obstacle
0.132959485054
238.0 147.0 34.0 51.0
obstacle
0.132182538509
36.0 134.0 21.0 18.0
obstacle
0.130570396781
91.0 180.0 116.0 41.0
obstacle
0.127582043409
290.0 156.0 47.0 13.0
obstacle
0.127277374268
132.0 185.0 24.0 30.0
obstacle
0.124997161329
57.0 122.0 16.0 20.0
obstacle
0.124912425876
128.0 180.0 120.0 61.0
obstacle
0.123739570379
170.0 109.0 103.0 25.0
obstacle
0.122778788209
216.0 115.0 38.0 13.0
obstacle
0.12260260433
11.0 130.0 42.0 12.0
obstacle
0.119074814022
186.0 100.0 70.0 27.0
obstacle
0.115645863116
0.0 118.0 131.0 34.0
obstacle
0.114958129823
189.0 115.0 37.0 12.0
obstacle
0.113175019622
226.0 137.0 33.0 51.0
obstacle
0.112264990807
265.0 154.0 35.0 13.0
obstacle
0.111633948982
33.0 120.0 31.0 8.0
obstacle
0.108565174043
267.0 156.0 68.0 25.0
obstacle
0.105823948979
216.0 160.0 49.0 22.0
obstacle
0.105679824948
135.0 120.0 58.0 26.0
obstacle
0.105427362025
173.0 193.0 93.0 40.0
obstacle
0.103331923485
260.0 138.0 79.0 27.0
obstacle
0.102042011917
148.0 119.0 31.0 9.0
obstacle
0.100955069065
132.0 184.0 143.0 80.0
