obstacle
0.721885681152
164.0 139.0 31.0 35.0
obstacle
0.500653445721
166.0 140.0 29.0 30.0
obstacle
0.327711760998
169.0 138.0 21.0 22.0
obstacle
0.31229698658
162.0 130.0 39.0 39.0
obstacle
0.300315976143
316.0 106.0 79.0 19.0
obstacle
0.287108689547
149.0 130.0 42.0 55.0
obstacle
0.235980242491
312.0 113.0 89.0 18.0
obstacle
0.220781236887
161.0 140.0 39.0 49.0
obstacle
0.208356693387
251.0 264.0 174.0 17.0
obstacle
0.182797327638
249.0 264.0 213.0 17.0
obstacle
0.173358410597
334.0 117.0 46.0 10.0
obstacle
0.170901536942
333.0 106.0 76.0 19.0
obstacle
0.155506595969
297.0 105.0 84.0 20.0
obstacle
0.141284689307
356.0 117.0 37.0 10.0
obstacle
0.139218777418
290.0 99.0 130.0 32.0
obstacle
0.138958394527
269.0 99.0 138.0 31.0
obstacle
0.12764839828
159.0 140.0 21.0 31.0
obstacle
0.12557309866
154.0 143.0 52.0 25.0
obstacle
0.120690062642
291.0 107.0 130.0 31.0
obstacle
0.115519672632
296.0 265.0 84.0 16.0
obstacle
0.108275532722
332.0 111.0 78.0 22.0
obstacle
0.105039581656
238.0 263.0 164.0 18.0
obstacle
0.10474100709
315.0 265.0 79.0 16.0
obstacle
0.104718290269
269.0 265.0 210.0 16.0
