obstacle
0.805860042572
75.0 148.0 350.0 146.0
obstacle
0.597654998302
187.0 176.0 269.0 136.0
obstacle
0.594127416611
307.0 133.0 33.0 43.0
obstacle
0.367418915033
28.0 171.0 302.0 143.0
obstacle
0.217431202531
313.0 139.0 24.0 26.0
obstacle
0.178069710732
233.0 216.0 256.0 118.0
obstacle
0.17657443881
110.0 181.0 289.0 181.0
obstacle
0.173068076372
48.0 322.0 93.0 42.0
obstacle
0.164724677801
276.0 71.0 16.0 25.0
obstacle
0.154653519392
306.0 154.0 36.0 34.0
obstacle
0.128534153104
96.0 94.0 80.0 38.0
obstacle
0.122105419636
363.0 221.0 75.0 48.0
obstacle
0.110057599843
30.0 322.0 69.0 42.0
obstacle
0.107898101211
86.0 187.0 98.0 50.0
obstacle
0.0997951775789
74.0 41.0 276.0 151.0
obstacle
0.0989582315087
175.0 97.0 77.0 30.0
obstacle
0.0972611382604
110.0 188.0 126.0 47.0
obstacle
0.0905478522182
207.0 106.0 14.0 17.0
obstacle
0.0824582949281
46.0 190.0 104.0 51.0
obstacle
0.081460095942
125.0 103.0 17.0 24.0
obstacle
0.0814540982246
134.0 97.0 79.0 32.0
obstacle
0.0810742154717
271.0 135.0 51.0 36.0
obstacle
0.0804213806987
310.0 188.0 103.0 59.0
obstacle
0.0792969167233
222.0 96.0 51.0 33.0
obstacle
0.0766674801707
360.0 195.0 74.0 49.0
obstacle
0.0744504779577
238.0 105.0 14.0 21.0
obstacle
0.0733100920916
0.0 156.0 239.0 124.0
obstacle
0.071676209569
93.0 319.0 82.0 50.0
obstacle
0.0678435564041
361.0 124.0 81.0 45.0
obstacle
0.0676869601011
276.0 107.0 16.0 20.0
obstacle
0.0665566697717
265.0 64.0 43.0 42.0
obstacle
0.0660456418991
174.0 230.0 306.0 157.0
obstacle
0.0656675621867
44.0 292.0 102.0 43.0
obstacle
0.0623074769974
290.0 106.0 67.0 35.0
obstacle
0.0608578212559
307.0 242.0 112.0 72.0
obstacle
0.0596609823406
86.0 202.0 100.0 84.0
obstacle
0.0589433498681
57.0 93.0 83.0 39.0
obstacle
0.0571870431304
169.0 31.0 244.0 174.0
obstacle
0.057171780616
361.0 247.0 83.0 62.0
obstacle
0.0524852350354
13.0 91.0 92.0 44.0
obstacle
0.0522045493126
163.0 154.0 248.0 69.0
obstacle
0.0522031523287
274.0 38.0 226.0 156.0
obstacle
0.051439460367
90.0 287.0 88.0 48.0
obstacle
0.0505465082824
218.0 69.0 70.0 37.0
obstacle
0.0501864105463
260.0 91.0 50.0 47.0
obstacle
0.0499637648463
124.0 210.0 95.0 68.0
obstacle
0.0485358648002
195.0 193.0 104.0 34.0
obstacle
0.0484296455979
368.0 158.0 69.0 47.0
obstacle
0.0477265045047
314.0 128.0 90.0 42.0
obstacle
0.0475674457848
0.0 48.0 231.0 135.0
obstacle
0.0466696545482
161.0 206.0 21.0 15.0
obstacle
0.0458455346525
329.0 159.0 64.0 44.0
obstacle
0.0454616062343
407.0 218.0 60.0 54.0
obstacle
0.0443593114614
310.0 213.0 101.0 66.0
obstacle
0.0442076437175
393.0 103.0 19.0 23.0
obstacle
0.0438655503094
360.0 93.0 88.0 43.0
obstacle
0.0438245125115
238.0 214.0 101.0 62.0
obstacle
0.0435689277947
281.0 313.0 93.0 61.0
obstacle
0.0435635820031
0.0 197.0 252.0 160.0
obstacle
0.0432610139251
158.0 215.0 104.0 56.0
obstacle
0.0429313182831
398.0 124.0 91.0 50.0
obstacle
0.0425284169614
313.0 163.0 23.0 24.0
obstacle
0.0423857793212
28.0 204.0 69.0 84.0
obstacle
0.0419621244073
4.0 245.0 336.0 134.0
obstacle
0.0419424809515
319.0 95.0 87.0 45.0
obstacle
0.0418984442949
28.0 285.0 69.0 61.0
obstacle
0.0408913865685
151.0 196.0 125.0 29.0
obstacle
0.0408242754638
314.0 108.0 20.0 25.0
obstacle
0.0407810695469
29.0 186.0 68.0 64.0
obstacle
0.0403701029718
0.0 90.0 46.0 47.0
obstacle
0.039578564465
135.0 319.0 75.0 53.0
obstacle
0.0392747223377
268.0 278.0 114.0 68.0
obstacle
0.0387218929827
237.0 240.0 110.0 74.0
obstacle
0.0379896722734
458.0 118.0 42.0 60.0
obstacle
0.0377797037363
93.0 0.0 83.0 44.0
obstacle
0.0372395440936
88.0 103.0 18.0 25.0
obstacle
0.0370447076857
251.0 144.0 249.0 147.0
obstacle
0.0369122065604
86.0 330.0 21.0 28.0
obstacle
0.0367037504911
98.0 350.0 73.0 51.0
obstacle
0.0366681776941
55.0 0.0 83.0 46.0
obstacle
0.0364629924297
19.0 0.0 78.0 45.0
obstacle
0.0361488983035
165.0 103.0 16.0 21.0
obstacle
0.0361187979579
44.0 209.0 110.0 67.0
obstacle
0.0358538404107
234.0 194.0 105.0 34.0
obstacle
0.0357337966561
409.0 154.0 67.0 49.0
obstacle
0.0356939919293
393.0 236.0 25.0 21.0
obstacle
0.035330183804
454.0 245.0 46.0 66.0
obstacle
0.0350557230413
211.0 236.0 81.0 76.0
obstacle
0.034922413528
63.0 124.0 66.0 47.0
obstacle
0.0344354808331
36.0 239.0 53.0 81.0
obstacle
0.0343413278461
128.0 286.0 84.0 49.0
obstacle
0.0342880748212
0.0 117.0 383.0 144.0
obstacle
0.033874347806
248.0 139.0 13.0 22.0
obstacle
0.0336687266827
154.0 243.0 113.0 65.0
obstacle
0.0336683876812
396.0 92.0 95.0 48.0
obstacle
0.0332803241909
265.0 215.0 119.0 60.0
obstacle
0.0329861156642
458.0 178.0 42.0 68.0
obstacle
0.03294717893
0.0 285.0 277.0 123.0
obstacle
0.0326187238097
21.0 121.0 73.0 55.0
obstacle
0.0323473624885
105.0 124.0 60.0 45.0
obstacle
0.0321399457753
124.0 207.0 18.0 17.0
obstacle
0.0317419059575
211.0 209.0 81.0 70.0
obstacle
0.0316899977624
279.0 38.0 19.0 26.0
obstacle
0.0315106809139
23.0 347.0 74.0 58.0
obstacle
0.031050208956
175.0 127.0 79.0 40.0
obstacle
0.0308181475848
125.0 331.0 19.0 28.0
obstacle
0.0307436920702
455.0 89.0 45.0 51.0
obstacle
0.0306999571621
455.0 13.0 45.0 70.0
obstacle
0.0306161362678
0.0 119.0 42.0 58.0
obstacle
0.0304920654744
185.0 58.0 53.0 54.0
obstacle
0.0304090641439
250.0 345.0 79.0 64.0
obstacle
0.0301074162126
141.0 124.0 67.0 45.0
obstacle
0.0300789698958
408.0 0.0 73.0 46.0
obstacle
0.0299027953297
279.0 347.0 96.0 57.0
obstacle
0.029840355739
27.0 15.0 65.0 65.0
obstacle
0.0297546833754
361.0 21.0 84.0 55.0
obstacle
0.0297322589904
131.0 0.0 84.0 43.0
obstacle
0.0296824295074
0.0 381.0 53.0 47.0
obstacle
0.0295676011592
45.0 246.0 102.0 70.0
obstacle
0.029549529776
450.0 0.0 50.0 47.0
obstacle
0.0293311700225
0.0 0.0 230.0 103.0
obstacle
0.0291923377663
231.0 135.0 42.0 31.0
obstacle
0.0288379285485
313.0 73.0 19.0 24.0
obstacle
0.0284984242171
217.0 157.0 74.0 39.0
obstacle
0.0284395124763
279.0 65.0 83.0 46.0
obstacle
0.0282717943192
83.0 245.0 104.0 63.0
obstacle
0.0279074646533
263.0 151.0 59.0 47.0
obstacle
0.0278456099331
248.0 278.0 252.0 135.0
obstacle
0.0277470573783
455.0 149.0 45.0 62.0
obstacle
0.0276712179184
50.0 104.0 15.0 24.0
obstacle
0.0275875143707
355.0 106.0 17.0 20.0
obstacle
0.0273590553552
0.0 319.0 44.0 51.0
obstacle
0.0273215547204
172.0 0.0 78.0 44.0
obstacle
0.0272483751178
279.0 191.0 85.0 44.0
obstacle
0.0272183082998
247.0 312.0 88.0 65.0
obstacle
0.0271024983376
0.0 0.0 44.0 46.0
obstacle
0.0270279776305
363.0 316.0 86.0 57.0
obstacle
0.0269375983626
368.0 0.0 73.0 45.0
obstacle
0.0268732961267
141.0 159.0 69.0 46.0
obstacle
0.0268305130303
247.0 276.0 84.0 72.0
obstacle
0.026822200045
455.0 282.0 45.0 61.0
obstacle
0.0265434700996
124.0 269.0 18.0 24.0
obstacle
0.0264634955674
20.0 58.0 75.0 52.0
obstacle
0.026454847306
122.0 363.0 22.0 28.0
obstacle
0.0264252051711
125.0 298.0 16.0 29.0
obstacle
0.0263151396066
112.0 247.0 120.0 57.0
obstacle
0.0262287762016
86.0 134.0 20.0 24.0
obstacle
0.0261579360813
455.0 210.0 45.0 69.0
obstacle
0.0261428430676
133.0 64.0 77.0 43.0
obstacle
0.0260143615305
210.0 0.0 80.0 42.0
obstacle
0.0260102525353
12.0 380.0 97.0 48.0
obstacle
0.0259144827724
55.0 351.0 81.0 48.0
obstacle
0.0257780309767
125.0 236.0 19.0 20.0
obstacle
0.0256090015173
394.0 132.0 20.0 25.0
obstacle
0.025602336973
125.0 136.0 19.0 20.0
obstacle
0.0255177672952
460.0 54.0 40.0 59.0
obstacle
0.0253967568278
9.0 104.0 11.0 24.0
obstacle
0.0253749750555
164.0 135.0 18.0 21.0
obstacle
0.0253307409585
171.0 316.0 85.0 58.0
obstacle
0.0251257289201
357.0 281.0 93.0 58.0
obstacle
0.0250338558108
93.0 275.0 316.0 140.0
obstacle
0.0248686056584
58.0 19.0 75.0 60.0
obstacle
0.0248174853623
57.0 63.0 76.0 45.0
obstacle
0.0247364602983
396.0 207.0 20.0 20.0
obstacle
0.0242623295635
312.0 283.0 100.0 57.0
obstacle
0.0241145510226
319.0 380.0 95.0 48.0
obstacle
0.0239376295358
318.0 363.0 20.0 29.0
obstacle
0.0238051917404
402.0 186.0 73.0 58.0
obstacle
0.0237733051181
23.0 0.0 299.0 145.0
obstacle
0.0235700570047
392.0 168.0 25.0 25.0
obstacle
0.0235606189817
326.0 0.0 82.0 46.0
obstacle
0.0233811512589
318.0 318.0 97.0 52.0
obstacle
0.0232794005424
368.0 56.0 69.0 54.0
obstacle
0.0232684724033
0.0 52.0 45.0 62.0
obstacle
0.0231965631247
162.0 300.0 18.0 24.0
obstacle
0.0231755170971
96.0 19.0 79.0 62.0
obstacle
0.0231439378113
360.0 379.0 91.0 49.0
obstacle
0.023010218516
213.0 343.0 287.0 85.0
obstacle
0.0230078622699
275.0 381.0 107.0 47.0
obstacle
0.0229552127421
0.0 19.0 40.0 59.0
obstacle
0.022876797244
455.0 310.0 45.0 68.0
obstacle
0.0226954445243
0.0 240.0 40.0 78.0
obstacle
0.022657558322
242.0 384.0 95.0 44.0
obstacle
0.0225057508796
86.0 268.0 17.0 27.0
obstacle
0.0223408229649
258.0 26.0 57.0 50.0
obstacle
0.0223304647952
49.0 334.0 15.0 22.0
obstacle
0.0222713910043
244.0 169.0 17.0 16.0
obstacle
0.0221660807729
437.0 134.0 16.0 22.0
obstacle
0.0219613369554
403.0 22.0 81.0 56.0
obstacle
0.0218953676522
324.0 23.0 81.0 55.0
obstacle
0.0218606870621
286.0 138.0 15.0 23.0
obstacle
0.0218225289136
435.0 102.0 17.0 27.0
obstacle
0.021786948666
284.0 23.0 82.0 56.0
obstacle
0.0217171646655
87.0 207.0 18.0 19.0
obstacle
0.0212132725865
48.0 383.0 98.0 45.0
obstacle
0.0210783667862
99.0 156.0 73.0 50.0
obstacle
0.0210583880544
216.0 275.0 66.0 70.0
obstacle
0.0208916068077
322.0 349.0 88.0 55.0
obstacle
0.0208777133375
167.0 382.0 89.0 46.0
obstacle
0.0208582412452
245.0 74.0 16.0 23.0
obstacle
0.0208329595625
161.0 236.0 17.0 18.0
obstacle
0.0207917653024
52.0 339.0 317.0 89.0
obstacle
0.020783783868
251.0 0.0 76.0 45.0
obstacle
0.0207738243043
204.0 207.0 16.0 9.0
obstacle
0.0207573696971
89.0 382.0 93.0 46.0
obstacle
0.0207516513765
0.0 284.0 47.0 58.0
obstacle
0.0204802472144
162.0 332.0 21.0 24.0
obstacle
0.0204508826137
171.0 164.0 90.0 33.0
obstacle
0.0204075910151
406.0 313.0 71.0 58.0
obstacle
0.0201101601124
210.0 0.0 290.0 134.0
obstacle
0.0200180411339
365.0 344.0 78.0 66.0
obstacle
0.0198809318244
0.0 348.0 50.0 58.0
obstacle
0.0198466777802
208.0 136.0 13.0 17.0
obstacle
0.0197588633746
138.0 24.0 70.0 54.0
obstacle
0.0196660738438
208.0 384.0 87.0 44.0
obstacle
0.0195420496166
125.0 173.0 20.0 19.0
obstacle
0.0195285063237
434.0 168.0 18.0 24.0
obstacle
0.0195185020566
106.0 0.0 287.0 97.0
obstacle
0.0195152182132
280.0 205.0 15.0 14.0
obstacle
0.0194819252938
0.0 144.0 38.0 72.0
obstacle
0.019396610558
178.0 25.0 65.0 53.0
obstacle
0.0193567555398
276.0 367.0 23.0 25.0
obstacle
0.0193430688232
102.0 62.0 64.0 49.0
obstacle
0.0192164704204
394.0 269.0 18.0 23.0
obstacle
0.0191397890449
286.0 0.0 83.0 46.0
obstacle
0.019039042294
169.0 281.0 85.0 58.0
obstacle
0.0190166868269
10.0 3.0 14.0 29.0
obstacle
0.018963707611
8.0 397.0 16.0 27.0
obstacle
0.0187185704708
163.0 270.0 16.0 22.0
obstacle
0.0187120959163
241.0 38.0 18.0 26.0
obstacle
0.0187029633671
285.0 171.0 12.0 16.0
obstacle
0.0186987239867
434.0 234.0 18.0 22.0
obstacle
0.0186719223857
48.0 4.0 18.0 26.0
obstacle
0.0185838472098
200.0 237.0 15.0 15.0
obstacle
0.0185764394701
401.0 344.0 79.0 66.0
obstacle
0.0182480160147
353.0 268.0 19.0 23.0
obstacle
0.0180589556694
124.0 2.0 20.0 30.0
obstacle
0.0179878138006
202.0 2.0 18.0 30.0
obstacle
0.0179706756026
241.0 366.0 18.0 24.0
obstacle
0.0177860856056
355.0 364.0 21.0 29.0
obstacle
0.0177666973323
88.0 299.0 16.0 29.0
obstacle
0.0177505798638
203.0 35.0 18.0 30.0
obstacle
0.0177389439195
278.0 4.0 19.0 27.0
obstacle
0.0176953691989
240.0 3.0 19.0 29.0
obstacle
0.0176777299494
398.0 381.0 87.0 47.0
obstacle
0.0175877753645
0.0 349.0 151.0 79.0
obstacle
0.017515771091
317.0 2.0 21.0 31.0
obstacle
0.0175028983504
317.0 328.0 18.0 32.0
obstacle
0.0173812415451
328.0 64.0 72.0 45.0
obstacle
0.0172910057008
163.0 3.0 20.0 28.0
obstacle
0.0172323230654
449.0 380.0 51.0 48.0
obstacle
0.0171732511371
86.0 364.0 22.0 23.0
obstacle
0.017138434574
204.0 73.0 17.0 21.0
obstacle
0.0170846190304
215.0 316.0 75.0 57.0
obstacle
0.0170639567077
46.0 364.0 21.0 27.0
obstacle
0.0170428417623
353.0 397.0 22.0 30.0
obstacle
0.0169842205942
131.0 382.0 85.0 46.0
obstacle
0.0168688483536
86.0 396.0 21.0 32.0
obstacle
0.0168652720749
226.0 23.0 49.0 54.0
obstacle
0.0168533548713
356.0 207.0 21.0 16.0
obstacle
0.016824260354
315.0 398.0 21.0 28.0
obstacle
0.016800519079
354.0 38.0 21.0 25.0
obstacle
0.0166839025915
49.0 205.0 16.0 22.0
obstacle
0.0166391339153
407.0 244.0 69.0 66.0
obstacle
0.0166334677488
314.0 271.0 20.0 20.0
obstacle
0.0164336897433
394.0 330.0 21.0 27.0
obstacle
0.0163619909436
48.0 135.0 17.0 24.0
obstacle
0.0162640139461
86.0 2.0 21.0 30.0
obstacle
0.0162129625678
240.0 397.0 19.0 31.0
obstacle
0.0161545164883
125.0 395.0 19.0 32.0
obstacle
0.0161393880844
335.0 163.0 165.0 168.0
obstacle
0.0161355771124
361.0 135.0 15.0 20.0
obstacle
0.0160550009459
201.0 270.0 16.0 21.0
obstacle
0.01604212448
281.0 240.0 14.0 12.0
obstacle
0.0157639738172
432.0 269.0 18.0 21.0
obstacle
0.0156328175217
7.0 135.0 13.0 24.0
obstacle
0.0156032871455
317.0 300.0 16.0 25.0
obstacle
0.0155586656183
8.0 170.0 12.0 22.0
obstacle
0.0155101614073
242.0 207.0 18.0 10.0
obstacle
0.0154543500394
0.0 104.0 162.0 154.0
obstacle
0.015429476276
407.0 55.0 70.0 59.0
obstacle
0.0153665021062
317.0 40.0 21.0 22.0
obstacle
0.0153656462207
201.0 397.0 21.0 29.0
obstacle
0.0153056560084
162.0 364.0 20.0 26.0
obstacle
0.0152978114784
394.0 363.0 22.0 28.0
obstacle
0.0152239855379
161.0 396.0 21.0 31.0
obstacle
0.0151546234265
87.0 71.0 20.0 24.0
obstacle
0.0151501232758
356.0 330.0 18.0 30.0
obstacle
0.0149303553626
394.0 396.0 19.0 30.0
obstacle
0.0149008333683
0.0 207.0 43.0 81.0
obstacle
0.0146560287103
47.0 72.0 20.0 24.0
obstacle
0.0146506214514
242.0 304.0 13.0 19.0
obstacle
0.0146255288273
85.0 34.0 22.0 29.0
obstacle
0.0146191995591
63.0 154.0 68.0 54.0
obstacle
0.0145903816447
352.0 168.0 22.0 22.0
obstacle
0.014540408738
475.0 202.0 17.0 24.0
obstacle
0.0145377414301
200.0 332.0 22.0 25.0
obstacle
0.0144486119971
163.0 173.0 18.0 17.0
obstacle
0.0144226728007
164.0 72.0 19.0 22.0
obstacle
0.0143016790971
395.0 298.0 17.0 28.0
