obstacle
0.233778819442
180.0 289.0 298.0 83.0
obstacle
0.166018009186
60.0 263.0 303.0 111.0
obstacle
0.143743008375
308.0 311.0 43.0 35.0
obstacle
0.115680649877
132.0 238.0 316.0 132.0
obstacle
0.101156748831
274.0 240.0 226.0 126.0
obstacle
0.0974571332335
0.0 261.0 239.0 113.0
obstacle
0.0942437574267
289.0 330.0 80.0 44.0
obstacle
0.0925244912505
250.0 334.0 83.0 40.0
obstacle
0.0910406857729
453.0 194.0 47.0 38.0
obstacle
0.0888320282102
407.0 193.0 70.0 36.0
obstacle
0.0789293944836
12.0 122.0 90.0 65.0
obstacle
0.0740853324533
0.0 135.0 53.0 37.0
obstacle
0.0709676221013
317.0 323.0 19.0 18.0
obstacle
0.0672004893422
0.0 94.0 205.0 128.0
obstacle
0.0651581808925
393.0 164.0 97.0 49.0
obstacle
0.0623538531363
169.0 158.0 83.0 51.0
obstacle
0.0602059550583
51.0 133.0 92.0 47.0
obstacle
0.0595778040588
368.0 191.0 74.0 46.0
obstacle
0.0591360032558
329.0 167.0 77.0 40.0
obstacle
0.0573117248714
43.0 206.0 259.0 134.0
obstacle
0.0572696737945
329.0 187.0 71.0 51.0
obstacle
0.0563309751451
90.0 136.0 88.0 45.0
obstacle
0.056041162461
0.0 122.0 292.0 128.0
obstacle
0.0557253919542
243.0 150.0 92.0 70.0
obstacle
0.0547261238098
123.0 159.0 104.0 51.0
obstacle
0.0531089566648
330.0 333.0 68.0 41.0
obstacle
0.0517435334623
207.0 146.0 86.0 76.0
obstacle
0.049494959414
55.0 47.0 82.0 50.0
obstacle
0.0473112203181
272.0 310.0 46.0 41.0
obstacle
0.0454989224672
325.0 161.0 175.0 108.0
obstacle
0.0451323911548
310.0 275.0 36.0 58.0
obstacle
0.0451279766858
367.0 168.0 77.0 40.0
obstacle
0.0444321073592
0.0 43.0 44.0 55.0
obstacle
0.0441810637712
347.0 334.0 108.0 40.0
obstacle
0.0437651500106
48.0 147.0 20.0 22.0
obstacle
0.0436883494258
332.0 300.0 63.0 60.0
obstacle
0.0436785034835
101.0 73.0 70.0 55.0
obstacle
0.0436581447721
475.0 204.0 14.0 19.0
obstacle
0.0435231663287
201.0 176.0 22.0 24.0
obstacle
0.0434954985976
215.0 124.0 71.0 64.0
obstacle
0.0424669012427
63.0 70.0 69.0 56.0
obstacle
0.041784465313
248.0 131.0 77.0 52.0
obstacle
0.0415938720107
434.0 205.0 17.0 21.0
obstacle
0.0412049405277
124.0 316.0 21.0 30.0
obstacle
0.0410681441426
84.0 289.0 20.0 29.0
obstacle
0.0404634028673
370.0 216.0 66.0 56.0
obstacle
0.0403065830469
370.0 271.0 69.0 62.0
obstacle
0.0401684679091
123.0 287.0 22.0 32.0
obstacle
0.0397375784814
201.0 317.0 19.0 28.0
obstacle
0.0396237820387
105.0 98.0 290.0 121.0
obstacle
0.0394600480795
57.0 292.0 78.0 73.0
obstacle
0.03942912817
61.0 265.0 70.0 75.0
obstacle
0.0391843207181
46.0 290.0 21.0 28.0
obstacle
0.0391818396747
340.0 272.0 55.0 62.0
obstacle
0.0388073921204
223.0 304.0 60.0 53.0
obstacle
0.0384380184114
450.0 0.0 50.0 41.0
obstacle
0.0381415709853
85.0 317.0 22.0 28.0
obstacle
0.0378511212766
164.0 176.0 20.0 23.0
obstacle
0.0373909398913
448.0 158.0 52.0 56.0
obstacle
0.0373325012624
163.0 317.0 19.0 28.0
obstacle
0.0369237475097
163.0 288.0 19.0 30.0
obstacle
0.0362908095121
241.0 321.0 17.0 22.0
obstacle
0.0361789949238
0.0 191.0 203.0 164.0
obstacle
0.036143835634
94.0 297.0 81.0 63.0
obstacle
0.0359377563
98.0 265.0 74.0 74.0
obstacle
0.0353709682822
21.0 235.0 77.0 75.0
obstacle
0.035336676985
86.0 148.0 17.0 24.0
obstacle
0.035261105746
24.0 18.0 70.0 50.0
obstacle
0.0352353192866
14.0 100.0 90.0 56.0
obstacle
0.0351696014404
230.0 126.0 270.0 121.0
obstacle
0.035148780793
21.0 292.0 77.0 74.0
obstacle
0.0350262001157
24.0 47.0 71.0 50.0
obstacle
0.0349633805454
408.0 212.0 70.0 60.0
obstacle
0.0349016860127
335.0 211.0 61.0 64.0
obstacle
0.0348971560597
22.0 263.0 76.0 79.0
obstacle
0.0346615314484
213.0 104.0 76.0 54.0
obstacle
0.0342549420893
48.0 319.0 20.0 25.0
obstacle
0.033958543092
372.0 242.0 62.0 62.0
obstacle
0.0339320674539
0.0 66.0 50.0 64.0
obstacle
0.0334414988756
18.0 0.0 79.0 41.0
obstacle
0.0333768762648
95.0 100.0 83.0 52.0
obstacle
0.033318631351
97.0 237.0 76.0 70.0
obstacle
0.0331611596048
286.0 160.0 84.0 51.0
obstacle
0.0329054370522
238.0 176.0 23.0 25.0
obstacle
0.0328877829015
217.0 266.0 71.0 72.0
obstacle
0.032674908638
46.0 260.0 21.0 29.0
obstacle
0.0325600393116
239.0 291.0 18.0 24.0
obstacle
0.0325540788472
178.0 303.0 72.0 52.0
obstacle
0.0324841141701
59.0 16.0 72.0 55.0
obstacle
0.0323590822518
0.0 19.0 43.0 49.0
obstacle
0.0322437882423
452.0 95.0 48.0 67.0
obstacle
0.0321602225304
70.0 148.0 284.0 132.0
obstacle
0.0321457758546
289.0 189.0 77.0 50.0
obstacle
0.031769067049
454.0 126.0 46.0 60.0
obstacle
0.0317369550467
359.0 179.0 18.0 19.0
obstacle
0.0317314900458
0.0 0.0 233.0 120.0
obstacle
0.0315023250878
126.0 177.0 16.0 20.0
obstacle
0.0314337126911
453.0 65.0 47.0 68.0
obstacle
0.0312879048288
0.0 261.0 49.0 81.0
obstacle
0.0312373992056
82.0 61.0 25.0 23.0
obstacle
0.0312317255884
406.0 239.0 75.0 66.0
obstacle
0.0311138276011
0.0 34.0 285.0 132.0
obstacle
0.0311023294926
92.0 157.0 88.0 55.0
obstacle
0.0310972370207
397.0 179.0 16.0 20.0
obstacle
0.0308625288308
177.0 101.0 71.0 58.0
obstacle
0.0308094285429
394.0 292.0 20.0 21.0
obstacle
0.0306087005883
124.0 260.0 22.0 30.0
obstacle
0.0305258184671
141.0 77.0 59.0 48.0
obstacle
0.0304540246725
57.0 177.0 79.0 71.0
obstacle
0.0302961729467
294.0 131.0 66.0 54.0
obstacle
0.0301875397563
138.0 94.0 70.0 67.0
obstacle
0.0301668941975
176.0 76.0 71.0 51.0
obstacle
0.0301643889397
94.0 180.0 80.0 66.0
obstacle
0.0301386639476
49.0 63.0 15.0 22.0
obstacle
0.0300303138793
58.0 237.0 76.0 72.0
obstacle
0.0299930032343
404.0 273.0 73.0 58.0
obstacle
0.0299339145422
128.0 126.0 92.0 62.0
obstacle
0.0297925863415
91.0 47.0 86.0 51.0
obstacle
0.0295520108193
359.0 324.0 16.0 16.0
obstacle
0.0294418670237
451.0 36.0 49.0 68.0
obstacle
0.0294289514422
136.0 234.0 75.0 76.0
obstacle
0.0293595064431
213.0 337.0 77.0 37.0
obstacle
0.0289136394858
0.0 104.0 49.0 51.0
obstacle
0.0289000831544
137.0 268.0 73.0 68.0
obstacle
0.0287591740489
0.0 0.0 44.0 39.0
obstacle
0.0287177525461
455.0 217.0 45.0 53.0
obstacle
0.0284902304411
330.0 97.0 71.0 66.0
obstacle
0.0284773409367
86.0 89.0 18.0 24.0
obstacle
0.0284761618823
0.0 294.0 50.0 73.0
obstacle
0.0284702349454
448.0 241.0 52.0 62.0
obstacle
0.028339728713
405.0 125.0 75.0 63.0
obstacle
0.0283267553896
9.0 290.0 15.0 26.0
obstacle
0.0282948184758
0.0 239.0 49.0 67.0
obstacle
0.0281804408878
84.0 260.0 20.0 29.0
obstacle
0.0278804097325
126.0 182.0 92.0 65.0
obstacle
0.0278670210391
213.0 182.0 70.0 62.0
obstacle
0.0278443861753
136.0 300.0 76.0 58.0
obstacle
0.0277054607868
433.0 177.0 19.0 23.0
obstacle
0.0276236012578
10.0 148.0 14.0 17.0
obstacle
0.0275753159076
266.0 271.0 50.0 63.0
obstacle
0.0274564642459
330.0 131.0 72.0 54.0
obstacle
0.027453077957
51.0 158.0 91.0 51.0
obstacle
0.0274518057704
18.0 70.0 83.0 56.0
obstacle
0.0272375326604
451.0 271.0 49.0 60.0
obstacle
0.0271843336523
87.0 177.0 18.0 20.0
obstacle
0.027091935277
74.0 69.0 273.0 121.0
obstacle
0.027051711455
162.0 259.0 21.0 30.0
obstacle
0.0270138829947
0.0 205.0 49.0 77.0
obstacle
0.0268854536116
302.0 243.0 49.0 61.0
obstacle
0.0266614686698
218.0 49.0 282.0 162.0
obstacle
0.0264180582017
293.0 300.0 207.0 74.0
obstacle
0.0263784546405
356.0 205.0 20.0 22.0
obstacle
0.0263592898846
54.0 0.0 85.0 39.0
obstacle
0.0262641981244
406.0 94.0 72.0 70.0
obstacle
0.0262290518731
316.0 262.0 17.0 24.0
obstacle
0.0262195020914
451.0 8.0 49.0 67.0
obstacle
0.0260900240391
201.0 289.0 18.0 29.0
obstacle
0.0260086581111
8.0 330.0 104.0 44.0
obstacle
0.0258334111422
356.0 351.0 16.0 16.0
obstacle
0.0257146134973
277.0 147.0 20.0 24.0
obstacle
0.0256543792784
0.0 326.0 54.0 48.0
obstacle
0.0256540123373
174.0 130.0 79.0 54.0
obstacle
0.025471104309
48.0 330.0 98.0 44.0
obstacle
0.0254234224558
334.0 240.0 59.0 66.0
obstacle
0.0254200734198
394.0 206.0 19.0 20.0
obstacle
0.0251246560365
282.0 323.0 15.0 15.0
obstacle
0.0249965135008
179.0 267.0 68.0 68.0
obstacle
0.0249597299844
391.0 233.0 20.0 24.0
obstacle
0.0249458737671
180.0 184.0 65.0 58.0
obstacle
0.02479737252
122.0 204.0 24.0 25.0
obstacle
0.0247695464641
299.0 211.0 53.0 63.0
obstacle
0.0246783457696
399.0 300.0 81.0 62.0
obstacle
0.0246506892145
130.0 167.0 316.0 153.0
obstacle
0.024622131139
259.0 241.0 60.0 62.0
obstacle
0.0245370473713
319.0 351.0 18.0 19.0
obstacle
0.0243357121944
105.0 0.0 290.0 156.0
obstacle
0.0242792181671
239.0 261.0 20.0 27.0
obstacle
0.0241769328713
407.0 64.0 69.0 70.0
obstacle
0.0240256376565
83.0 331.0 103.0 43.0
obstacle
0.0240132529289
432.0 116.0 21.0 29.0
obstacle
0.0239966046065
392.0 264.0 21.0 23.0
obstacle
0.0239945631474
17.0 149.0 87.0 71.0
obstacle
0.0238177720457
125.0 151.0 17.0 20.0
obstacle
0.02377262339
20.0 177.0 79.0 72.0
obstacle
0.023626986891
211.0 72.0 80.0 60.0
obstacle
0.023558633402
217.0 242.0 66.0 61.0
obstacle
0.0235434826463
278.0 261.0 20.0 25.0
obstacle
0.0235390290618
161.0 205.0 23.0 23.0
obstacle
0.0235314909369
10.0 319.0 15.0 25.0
obstacle
0.0234877243638
365.0 100.0 78.0 58.0
obstacle
0.0234696567059
403.0 0.0 78.0 41.0
obstacle
0.0234422069043
247.0 183.0 78.0 60.0
obstacle
0.0234044417739
248.0 104.0 78.0 52.0
obstacle
0.0232968013734
291.0 100.0 72.0 60.0
obstacle
0.023189406842
473.0 87.0 18.0 27.0
obstacle
0.0230881962925
0.0 178.0 54.0 72.0
obstacle
0.0230692494661
203.0 204.0 20.0 22.0
obstacle
0.0230632256716
238.0 203.0 21.0 26.0
obstacle
0.0230590440333
228.0 0.0 272.0 156.0
obstacle
0.0228837486356
361.0 298.0 81.0 64.0
obstacle
0.0228063743562
201.0 118.0 18.0 23.0
obstacle
0.0228011291474
181.0 240.0 62.0 66.0
obstacle
0.0226997621357
431.0 144.0 20.0 26.0
obstacle
0.0226481705904
0.0 142.0 171.0 147.0
obstacle
0.0224175564945
239.0 234.0 21.0 25.0
obstacle
0.0223909560591
473.0 58.0 18.0 27.0
obstacle
0.0223061759025
123.0 60.0 21.0 25.0
obstacle
0.0223028212786
355.0 116.0 19.0 28.0
obstacle
0.0222511608154
473.0 116.0 18.0 27.0
obstacle
0.0222216285765
370.0 133.0 68.0 50.0
obstacle
0.0222047157586
390.0 350.0 19.0 21.0
obstacle
0.0221494305879
388.0 336.0 107.0 38.0
obstacle
0.0221449229866
277.0 178.0 20.0 21.0
obstacle
0.0220720134676
239.0 148.0 23.0 25.0
obstacle
0.021756907925
328.0 66.0 76.0 68.0
obstacle
0.0214816648513
96.0 17.0 76.0 54.0
obstacle
0.0214785672724
57.0 209.0 80.0 66.0
obstacle
0.0214506499469
406.0 36.0 72.0 70.0
obstacle
0.0214270688593
96.0 200.0 75.0 82.0
obstacle
0.0213930048048
474.0 178.0 17.0 20.0
obstacle
0.0213004481047
9.0 262.0 14.0 24.0
obstacle
0.0212455373257
450.0 333.0 50.0 41.0
obstacle
0.0211841166019
126.0 88.0 16.0 25.0
obstacle
0.0210829395801
173.0 0.0 78.0 42.0
obstacle
0.0210726354271
135.0 0.0 77.0 41.0
obstacle
0.021071465686
432.0 87.0 21.0 28.0
obstacle
0.0210550762713
138.0 14.0 70.0 59.0
obstacle
0.0209712944925
164.0 332.0 97.0 42.0
obstacle
0.0208933074027
24.0 204.0 72.0 78.0
obstacle
0.0208395440131
279.0 349.0 18.0 20.0
obstacle
0.0208146441728
162.0 148.0 20.0 25.0
obstacle
0.0207297876477
355.0 233.0 18.0 23.0
obstacle
0.0205983631313
84.0 30.0 25.0 26.0
obstacle
0.0205761492252
172.0 41.0 80.0 61.0
obstacle
0.0205211173743
125.0 331.0 99.0 43.0
obstacle
0.0205060467124
355.0 265.0 18.0 21.0
obstacle
0.0203875117004
219.0 209.0 60.0 68.0
obstacle
0.0203805547208
133.0 45.0 80.0 56.0
obstacle
0.0203348379582
355.0 87.0 20.0 27.0
obstacle
0.0203135982156
366.0 67.0 77.0 66.0
obstacle
0.0201535951346
47.0 2.0 18.0 23.0
obstacle
0.0201429817826
432.0 58.0 20.0 28.0
obstacle
0.0201075542718
356.0 297.0 20.0 15.0
obstacle
0.020065497607
202.0 261.0 17.0 27.0
obstacle
0.0200618188828
329.0 39.0 74.0 65.0
obstacle
0.0200547501445
213.0 41.0 75.0 63.0
obstacle
0.0199592430145
318.0 82.0 182.0 152.0
obstacle
0.0198464412242
48.0 33.0 20.0 22.0
obstacle
0.0198403149843
203.0 150.0 17.0 21.0
obstacle
0.0197174642235
319.0 296.0 17.0 17.0
obstacle
0.0196307562292
163.0 91.0 17.0 20.0
obstacle
0.0196132026613
48.0 88.0 17.0 24.0
obstacle
0.0195271112025
279.0 296.0 14.0 15.0
obstacle
0.0194907262921
431.0 318.0 23.0 25.0
obstacle
0.0194239839911
240.0 58.0 19.0 27.0
obstacle
0.0193877778947
239.0 119.0 17.0 24.0
obstacle
0.019347127527
261.0 207.0 54.0 71.0
obstacle
0.0193414669484
348.0 0.0 152.0 89.0
obstacle
0.0191205516458
160.0 119.0 21.0 23.0
obstacle
0.0191122256219
174.0 14.0 75.0 59.0
obstacle
0.0190843418241
395.0 116.0 17.0 27.0
obstacle
0.0190665312111
47.0 233.0 18.0 26.0
obstacle
0.0190509017557
395.0 321.0 20.0 19.0
obstacle
0.0190131608397
432.0 291.0 18.0 23.0
obstacle
0.0189450178295
249.0 70.0 76.0 62.0
obstacle
0.0188859384507
96.0 0.0 78.0 41.0
obstacle
0.0188173279166
212.0 0.0 77.0 40.0
obstacle
0.0186952799559
200.0 89.0 19.0 22.0
obstacle
0.0186084490269
240.0 88.0 21.0 26.0
obstacle
0.0184801891446
394.0 88.0 19.0 26.0
obstacle
0.0183364469558
473.0 146.0 18.0 23.0
obstacle
0.0182393305004
0.0 152.0 54.0 65.0
obstacle
0.0182049330324
354.0 60.0 21.0 25.0
obstacle
0.0181553903967
9.0 204.0 15.0 25.0
obstacle
0.0181504730135
318.0 88.0 18.0 25.0
obstacle
0.0181072577834
367.0 38.0 75.0 66.0
obstacle
0.0180354788899
8.0 62.0 13.0 22.0
obstacle
0.0178461056203
363.0 0.0 82.0 40.0
obstacle
0.017630495131
292.0 66.0 71.0 68.0
obstacle
0.0175964906812
328.0 0.0 76.0 39.0
obstacle
0.0175728034228
84.0 206.0 22.0 23.0
obstacle
0.0175174288452
291.0 0.0 75.0 38.0
obstacle
0.0174369756132
64.0 100.0 72.0 51.0
obstacle
0.0173497665673
406.0 12.0 71.0 62.0
obstacle
0.0172993913293
251.0 0.0 76.0 39.0
obstacle
0.0172965917736
121.0 119.0 20.0 23.0
obstacle
0.0170600209385
45.0 122.0 21.0 20.0
obstacle
0.0170550085604
319.0 119.0 16.0 23.0
obstacle
0.0168004110456
319.0 149.0 15.0 20.0
obstacle
0.0167925916612
157.0 0.0 267.0 97.0
obstacle
0.0166884493083
48.0 205.0 18.0 24.0
obstacle
0.0166256856173
241.0 350.0 16.0 22.0
obstacle
0.0164981391281
316.0 233.0 18.0 24.0
obstacle
0.0164815336466
317.0 180.0 17.0 19.0
obstacle
0.016359442845
217.0 16.0 66.0 55.0
obstacle
0.0163287092
434.0 232.0 17.0 24.0
obstacle
0.0162902940065
475.0 30.0 16.0 24.0
obstacle
0.0162738859653
9.0 233.0 15.0 25.0
obstacle
0.0162144582719
394.0 147.0 17.0 22.0
obstacle
0.0161678176373
123.0 231.0 22.0 27.0
