obstacle
0.955693125725
135.0 154.0 304.0 88.0
obstacle
0.15499125421
47.0 159.0 344.0 116.0
obstacle
0.147709801793
361.0 176.0 76.0 44.0
obstacle
0.0916831046343
299.0 136.0 46.0 28.0
obstacle
0.088157646358
398.0 169.0 69.0 49.0
obstacle
0.064805239439
112.0 166.0 52.0 61.0
obstacle
0.0619475804269
163.0 132.0 337.0 90.0
obstacle
0.0601906999946
183.0 173.0 317.0 87.0
obstacle
0.0598224215209
156.0 176.0 112.0 42.0
obstacle
0.0554794184864
126.0 180.0 97.0 38.0
obstacle
0.0534717291594
258.0 173.0 126.0 52.0
obstacle
0.0530823990703
258.0 0.0 60.0 29.0
obstacle
0.0524541027844
293.0 134.0 207.0 124.0
obstacle
0.0523291938007
232.0 166.0 109.0 61.0
obstacle
0.0512395128608
138.0 0.0 70.0 33.0
obstacle
0.0507550239563
317.0 139.0 16.0 16.0
obstacle
0.050715405494
176.0 0.0 74.0 31.0
obstacle
0.0506527423859
217.0 48.0 67.0 33.0
obstacle
0.0488179884851
301.0 179.0 115.0 37.0
obstacle
0.0478406026959
218.0 0.0 64.0 30.0
obstacle
0.0475958064198
23.0 0.0 70.0 30.0
obstacle
0.0470293462276
369.0 22.0 74.0 33.0
obstacle
0.0465398728848
139.0 201.0 74.0 38.0
obstacle
0.0462702438235
0.0 114.0 456.0 130.0
obstacle
0.0450078807771
286.0 149.0 67.0 39.0
obstacle
0.0441255569458
127.0 187.0 324.0 115.0
obstacle
0.0440229736269
227.0 194.0 134.0 47.0
obstacle
0.0422647222877
99.0 0.0 74.0 32.0
obstacle
0.0422575175762
331.0 0.0 70.0 30.0
obstacle
0.0405865013599
371.0 0.0 67.0 31.0
obstacle
0.0387719832361
458.0 43.0 42.0 43.0
obstacle
0.0371778979897
293.0 0.0 69.0 29.0
obstacle
0.0369603037834
113.0 185.0 56.0 72.0
obstacle
0.0367691591382
63.0 0.0 67.0 32.0
obstacle
0.0361636690795
180.0 46.0 64.0 38.0
obstacle
0.0356637910008
0.0 0.0 41.0 32.0
obstacle
0.0354542769492
251.0 20.0 74.0 38.0
obstacle
0.0351837314665
108.0 222.0 53.0 51.0
obstacle
0.0350626967847
335.0 131.0 54.0 32.0
obstacle
0.0349796488881
403.0 0.0 77.0 33.0
obstacle
0.0345858000219
139.0 21.0 70.0 37.0
obstacle
0.0341998450458
255.0 47.0 67.0 36.0
obstacle
0.033950291574
139.0 45.0 67.0 39.0
obstacle
0.033333722502
408.0 18.0 69.0 39.0
obstacle
0.0327856205404
98.0 21.0 73.0 37.0
obstacle
0.0325901322067
172.0 20.0 81.0 38.0
obstacle
0.0324588380754
392.0 28.0 23.0 18.0
obstacle
0.0323431640863
337.0 48.0 54.0 35.0
obstacle
0.0322765260935
0.0 201.0 46.0 46.0
obstacle
0.0319707170129
37.0 0.0 272.0 74.0
obstacle
0.0311042312533
20.0 69.0 76.0 44.0
obstacle
0.0309851448983
393.0 191.0 20.0 13.0
obstacle
0.0305903479457
199.0 30.0 24.0 19.0
obstacle
0.0303964149207
207.0 252.0 83.0 42.0
obstacle
0.0301692187786
296.0 46.0 61.0 37.0
obstacle
0.0300954692066
113.0 215.0 274.0 118.0
obstacle
0.0299556441605
355.0 135.0 17.0 19.0
obstacle
0.0297119002789
453.0 0.0 47.0 34.0
obstacle
0.0294180717319
213.0 21.0 75.0 36.0
obstacle
0.0287153590471
457.0 17.0 43.0 42.0
obstacle
0.0286643672734
376.0 46.0 55.0 39.0
obstacle
0.0284796394408
26.0 45.0 65.0 38.0
obstacle
0.0283003728837
17.0 21.0 83.0 35.0
obstacle
0.0282333008945
61.0 203.0 69.0 40.0
obstacle
0.0282000489533
331.0 23.0 71.0 31.0
obstacle
0.0281024426222
100.0 46.0 70.0 37.0
obstacle
0.0280773211271
267.0 131.0 54.0 34.0
obstacle
0.0280157681555
15.0 200.0 85.0 49.0
obstacle
0.0278635006398
323.0 253.0 84.0 39.0
obstacle
0.027808541432
192.0 225.0 272.0 99.0
obstacle
0.0277718529105
248.0 255.0 81.0 34.0
obstacle
0.0276770368218
278.0 30.0 21.0 20.0
obstacle
0.0273276288062
171.0 247.0 83.0 52.0
obstacle
0.0270544588566
290.0 21.0 73.0 34.0
obstacle
0.0269557312131
361.0 230.0 85.0 35.0
obstacle
0.0268905460835
413.0 43.0 63.0 45.0
obstacle
0.0268198382109
396.0 303.0 95.0 38.0
obstacle
0.0267661493272
123.0 31.0 22.0 18.0
obstacle
0.0267048906535
285.0 137.0 16.0 16.0
obstacle
0.0265513546765
0.0 146.0 43.0 49.0
obstacle
0.0265184901655
57.0 23.0 77.0 33.0
obstacle
0.0265072509646
0.0 170.0 46.0 51.0
obstacle
0.026403144002
65.0 47.0 61.0 35.0
obstacle
0.0261992160231
100.0 276.0 70.0 47.0
obstacle
0.0261800140142
202.0 4.0 19.0 19.0
obstacle
0.025946168229
411.0 231.0 59.0 34.0
obstacle
0.025881074369
163.0 3.0 19.0 20.0
obstacle
0.0258796289563
433.0 189.0 17.0 16.0
obstacle
0.0257004238665
279.0 78.0 18.0 26.0
obstacle
0.0256369709969
57.0 230.0 78.0 37.0
obstacle
0.0256128199399
253.0 72.0 68.0 40.0
obstacle
0.0254297982901
276.0 222.0 101.0 51.0
obstacle
0.0254019126296
453.0 171.0 47.0 48.0
obstacle
0.0252679120749
284.0 253.0 87.0 38.0
obstacle
0.0252164807171
126.0 241.0 15.0 18.0
obstacle
0.0252107046545
162.0 30.0 22.0 19.0
obstacle
0.0249889306724
142.0 99.0 291.0 103.0
obstacle
0.0248738490045
123.0 290.0 20.0 21.0
obstacle
0.0248659159988
239.0 31.0 22.0 18.0
obstacle
0.0247860904783
144.0 249.0 63.0 50.0
obstacle
0.0245170667768
105.0 249.0 59.0 49.0
obstacle
0.0245071686804
0.0 68.0 38.0 47.0
obstacle
0.024434318766
211.0 74.0 78.0 37.0
obstacle
0.0243773348629
0.0 20.0 38.0 36.0
obstacle
0.0242827180773
209.0 158.0 85.0 32.0
obstacle
0.0241661574692
356.0 106.0 16.0 23.0
obstacle
0.0241125393659
18.0 224.0 80.0 47.0
obstacle
0.0240986347198
284.0 303.0 87.0 38.0
obstacle
0.0240708906204
317.0 230.0 99.0 37.0
obstacle
0.0239731576294
21.0 94.0 74.0 46.0
obstacle
0.0239126980305
319.0 164.0 15.0 12.0
obstacle
0.0238604359329
240.0 54.0 19.0 22.0
obstacle
0.0236456766725
0.0 42.0 36.0 47.0
obstacle
0.0232901312411
142.0 0.0 293.0 68.0
obstacle
0.0231692772359
295.0 266.0 205.0 75.0
obstacle
0.0231165215373
249.0 149.0 78.0 43.0
obstacle
0.0230739098042
177.0 72.0 67.0 41.0
obstacle
0.0229711513966
123.0 3.0 19.0 21.0
obstacle
0.0229223761708
0.0 305.0 42.0 36.0
obstacle
0.0228586271405
356.0 3.0 18.0 21.0
obstacle
0.0228023398668
178.0 157.0 69.0 33.0
obstacle
0.0226468630135
125.0 191.0 19.0 15.0
obstacle
0.0224726460874
277.0 5.0 18.0 17.0
obstacle
0.0223057232797
46.0 4.0 17.0 18.0
obstacle
0.0221861507744
332.0 71.0 66.0 44.0
obstacle
0.0221455618739
0.0 161.0 204.0 125.0
obstacle
0.0221228059381
249.0 303.0 81.0 38.0
obstacle
0.0220580548048
47.0 31.0 17.0 18.0
obstacle
0.0220531243831
279.0 53.0 18.0 23.0
obstacle
0.0220335703343
171.0 303.0 83.0 38.0
obstacle
0.0219763629138
458.0 67.0 42.0 49.0
obstacle
0.0217860899866
355.0 31.0 18.0 15.0
obstacle
0.0217744540423
239.0 5.0 19.0 18.0
obstacle
0.0217229072005
0.0 24.0 196.0 133.0
obstacle
0.0216952655464
206.0 135.0 15.0 18.0
obstacle
0.0214724466205
202.0 192.0 18.0 8.0
obstacle
0.021448072046
19.0 2.0 309.0 127.0
obstacle
0.0214427467436
209.0 0.0 291.0 98.0
obstacle
0.0213902052492
368.0 94.0 72.0 48.0
obstacle
0.0212840698659
0.0 0.0 207.0 94.0
obstacle
0.021147986874
214.0 278.0 71.0 45.0
obstacle
0.021123290062
240.0 79.0 19.0 25.0
obstacle
0.0211028233171
62.0 73.0 68.0 39.0
obstacle
0.0208869539201
239.0 105.0 19.0 26.0
obstacle
0.0208605024964
248.0 277.0 81.0 45.0
obstacle
0.020808853209
0.0 216.0 225.0 122.0
obstacle
0.0208022315055
407.0 69.0 72.0 47.0
obstacle
0.0206918027252
0.0 117.0 40.0 53.0
obstacle
0.020633848384
459.0 116.0 41.0 54.0
obstacle
0.0201644077897
177.0 275.0 70.0 48.0
obstacle
0.0200410075486
316.0 4.0 18.0 18.0
obstacle
0.0199782196432
316.0 31.0 20.0 16.0
obstacle
0.0199630483985
27.0 268.0 292.0 73.0
obstacle
0.0198831874877
97.0 73.0 75.0 38.0
obstacle
0.0198673363775
365.0 252.0 75.0 44.0
obstacle
0.0198449958116
165.0 135.0 17.0 19.0
obstacle
0.0197935849428
0.0 224.0 44.0 48.0
obstacle
0.0196044370532
136.0 71.0 73.0 42.0
obstacle
0.0195243451744
13.0 305.0 93.0 36.0
obstacle
0.0195078123361
85.0 30.0 19.0 20.0
obstacle
0.0194732863456
10.0 4.0 14.0 19.0
obstacle
0.0194634981453
450.0 304.0 50.0 37.0
obstacle
0.0194022171199
200.0 264.0 19.0 20.0
obstacle
0.0193550810218
280.0 108.0 16.0 21.0
obstacle
0.0193194560707
136.0 222.0 76.0 51.0
obstacle
0.0192841477692
0.0 92.0 38.0 51.0
obstacle
0.019234681502
296.0 72.0 61.0 41.0
obstacle
0.0191596727818
458.0 91.0 42.0 53.0
obstacle
0.0191277489066
0.0 275.0 41.0 53.0
obstacle
0.0190776735544
477.0 55.0 15.0 20.0
obstacle
0.0190770477057
85.0 79.0 19.0 24.0
obstacle
0.0190611854196
85.0 3.0 17.0 19.0
obstacle
0.0188074652106
376.0 123.0 54.0 42.0
obstacle
0.0187587328255
86.0 53.0 18.0 22.0
obstacle
0.0187188256532
409.0 91.0 67.0 52.0
obstacle
0.0186169929802
394.0 105.0 17.0 24.0
obstacle
0.0185481328517
0.0 196.0 294.0 107.0
obstacle
0.0185387749225
246.0 225.0 87.0 40.0
obstacle
0.0185330733657
129.0 302.0 90.0 39.0
obstacle
0.0184951983392
124.0 265.0 18.0 19.0
obstacle
0.0184236317873
394.0 4.0 17.0 20.0
obstacle
0.018409371376
363.0 302.0 83.0 39.0
obstacle
0.0183409322053
0.0 251.0 40.0 46.0
obstacle
0.0182765088975
95.0 306.0 81.0 35.0
obstacle
0.0181220043451
287.0 276.0 83.0 47.0
obstacle
0.0181137770414
202.0 79.0 16.0 24.0
obstacle
0.0180167891085
125.0 133.0 17.0 23.0
obstacle
0.0179846938699
105.0 123.0 61.0 42.0
obstacle
0.0178409926593
23.0 250.0 72.0 48.0
obstacle
0.0177968777716
456.0 221.0 44.0 54.0
obstacle
0.0177687220275
203.0 53.0 17.0 23.0
obstacle
0.0176962576807
325.0 302.0 82.0 39.0
obstacle
0.0176758058369
358.0 0.0 142.0 74.0
obstacle
0.0176289714873
218.0 97.0 67.0 43.0
obstacle
0.0175792332739
316.0 79.0 18.0 24.0
obstacle
0.0175001434982
317.0 54.0 18.0 21.0
obstacle
0.0174668766558
372.0 69.0 64.0 48.0
obstacle
0.017446687445
355.0 79.0 18.0 24.0
obstacle
0.017414720729
142.0 96.0 62.0 45.0
obstacle
0.0173965413123
20.0 120.0 79.0 47.0
obstacle
0.0172008406371
355.0 55.0 18.0 19.0
obstacle
0.0171548966318
19.0 172.0 80.0 48.0
obstacle
0.0171041283756
116.0 29.0 269.0 125.0
obstacle
0.0170751903206
332.0 154.0 52.0 38.0
obstacle
0.0170411709696
131.0 264.0 315.0 77.0
obstacle
0.0170321464539
457.0 272.0 43.0 57.0
obstacle
0.017024230212
458.0 141.0 42.0 56.0
obstacle
0.0169817600399
316.0 315.0 21.0 26.0
obstacle
0.0169022772461
175.0 199.0 81.0 37.0
obstacle
0.016822706908
393.0 135.0 17.0 19.0
obstacle
0.0167850609869
145.0 149.0 63.0 48.0
obstacle
0.0167588889599
278.0 289.0 21.0 22.0
obstacle
0.0167543925345
209.0 302.0 83.0 39.0
obstacle
0.0166138205677
63.0 254.0 65.0 39.0
obstacle
0.0166123602539
434.0 30.0 17.0 18.0
obstacle
0.0165924988687
163.0 54.0 18.0 21.0
obstacle
0.0165867544711
265.0 98.0 50.0 42.0
obstacle
0.0165092349052
95.0 97.0 78.0 44.0
obstacle
0.0164882987738
456.0 190.0 44.0 64.0
obstacle
0.0163919087499
48.0 53.0 15.0 22.0
obstacle
0.0163792893291
48.0 214.0 17.0 20.0
obstacle
0.0163217559457
474.0 3.0 15.0 21.0
obstacle
0.0163059458137
165.0 106.0 16.0 24.0
obstacle
0.0162775702775
239.0 315.0 20.0 24.0
obstacle
0.0162293203175
204.0 105.0 15.0 24.0
obstacle
0.0162255000323
112.0 141.0 50.0 64.0
obstacle
0.0162126794457
336.0 99.0 58.0 39.0
obstacle
0.0162084698677
277.0 316.0 22.0 23.0
obstacle
0.0161430481821
323.0 276.0 87.0 49.0
obstacle
0.0161181930453
126.0 106.0 18.0 24.0
obstacle
0.0160951800644
432.0 1.0 19.0 22.0
obstacle
0.0160568505526
52.0 307.0 87.0 34.0
obstacle
0.0160413086414
161.0 316.0 20.0 24.0
obstacle
0.0159891918302
200.0 315.0 21.0 26.0
obstacle
0.015986835584
47.0 79.0 17.0 23.0
obstacle
0.0159431472421
182.0 97.0 61.0 43.0
obstacle
0.0159395989031
87.0 105.0 17.0 25.0
obstacle
0.015918020159
394.0 55.0 17.0 19.0
obstacle
0.0158643443137
368.0 274.0 76.0 51.0
obstacle
0.0158428363502
393.0 79.0 17.0 25.0
obstacle
0.0157094150782
150.0 123.0 50.0 42.0
obstacle
0.0156410578638
165.0 165.0 18.0 15.0
obstacle
0.0154705420136
0.0 76.0 297.0 139.0
obstacle
0.0154443914071
201.0 289.0 20.0 22.0
obstacle
0.0154146691784
239.0 265.0 20.0 20.0
obstacle
0.0153828877956
239.0 288.0 21.0 24.0
obstacle
0.0153235364705
126.0 54.0 16.0 22.0
obstacle
0.0152558069676
125.0 80.0 17.0 22.0
obstacle
0.0152082629502
244.0 136.0 16.0 15.0
obstacle
0.0151404924691
163.0 80.0 17.0 22.0
obstacle
0.0151193076745
477.0 30.0 13.0 18.0
obstacle
0.0150991836563
126.0 164.0 16.0 18.0
obstacle
0.0150891337544
203.0 225.0 95.0 40.0
obstacle
0.0149552831426
8.0 81.0 11.0 20.0
obstacle
0.0149523308501
394.0 316.0 18.0 24.0
obstacle
0.0148771675304
123.0 317.0 19.0 22.0
obstacle
0.0148725453764
354.0 315.0 20.0 25.0
obstacle
0.0148698119447
8.0 31.0 12.0 18.0
obstacle
0.0148606188595
138.0 277.0 70.0 45.0
obstacle
0.0147263631225
180.0 198.0 145.0 37.0
obstacle
0.0146090732887
163.0 289.0 20.0 22.0
obstacle
0.01450629998
21.0 146.0 76.0 49.0
obstacle
0.014318224974
295.0 190.0 205.0 120.0
obstacle
0.0142970047891
436.0 54.0 14.0 21.0
obstacle
0.0142175098881
238.0 32.0 257.0 121.0
obstacle
0.0142078790814
317.0 192.0 17.0 10.0
obstacle
0.0142041156068
432.0 317.0 20.0 24.0
obstacle
0.0140094291419
187.0 127.0 53.0 33.0
obstacle
0.0139762796462
297.0 102.0 56.0 37.0
obstacle
0.013951677829
356.0 263.0 19.0 22.0
obstacle
0.0138904489577
319.0 109.0 16.0 20.0
obstacle
0.0138897756115
58.0 96.0 77.0 45.0
obstacle
0.0138750318438
409.0 116.0 66.0 54.0
obstacle
0.013791824691
407.0 141.0 63.0 64.0
obstacle
0.0137507040054
89.0 262.0 16.0 24.0
obstacle
0.0137498565018
318.0 265.0 17.0 20.0
obstacle
0.0137349497527
10.0 240.0 12.0 18.0
obstacle
0.0136797046289
20.0 279.0 80.0 45.0
obstacle
0.0136137614027
125.0 217.0 15.0 16.0
obstacle
0.0135739287362
410.0 248.0 65.0 55.0
obstacle
0.013571659103
393.0 288.0 21.0 22.0
obstacle
0.0134703870863
225.0 127.0 54.0 35.0
obstacle
0.0133445588872
176.0 222.0 76.0 50.0
obstacle
0.013311162591
285.0 165.0 12.0 9.0
obstacle
0.0133054843172
316.0 290.0 23.0 22.0
obstacle
0.0131962262094
205.0 166.0 13.0 12.0
obstacle
0.0131913479418
279.0 265.0 18.0 17.0
obstacle
0.0131591651589
347.0 13.0 153.0 107.0
obstacle
0.0130889751017
8.0 55.0 11.0 20.0
obstacle
0.0130612887442
394.0 240.0 16.0 17.0
obstacle
0.0130058126524
410.0 275.0 67.0 50.0
obstacle
0.0130037693307
393.0 263.0 19.0 21.0
obstacle
0.0129371471703
9.0 107.0 11.0 21.0
obstacle
0.0128741012886
475.0 185.0 14.0 20.0
obstacle
0.012819012627
58.0 121.0 77.0 48.0
obstacle
0.0127279786393
478.0 81.0 13.0 21.0
obstacle
0.0126289995387
8.0 318.0 13.0 19.0
obstacle
0.0125735588372
458.0 246.0 42.0 59.0
obstacle
0.012565728277
88.0 289.0 18.0 23.0
obstacle
0.0125575009733
8.0 133.0 12.0 22.0
