obstacle
0.75401198864
218.0 94.0 76.0 12.0
obstacle
0.701232910156
52.0 127.0 323.0 93.0
obstacle
0.474664837122
25.0 79.0 54.0 20.0
obstacle
0.447582840919
238.0 91.0 72.0 13.0
obstacle
0.4088511765
226.0 101.0 55.0 13.0
obstacle
0.21765050292
43.0 82.0 17.0 16.0
obstacle
0.187854424119
0.0 144.0 278.0 90.0
obstacle
0.176640704274
0.0 77.0 57.0 25.0
obstacle
0.158912092447
187.0 86.0 69.0 18.0
obstacle
0.154660731554
223.0 129.0 63.0 21.0
obstacle
0.149183094501
176.0 124.0 286.0 86.0
obstacle
0.133158713579
245.0 127.0 68.0 31.0
obstacle
0.123272977769
54.0 79.0 70.0 23.0
obstacle
0.108651265502
248.0 101.0 58.0 16.0
obstacle
0.0986937582493
241.0 89.0 18.0 10.0
obstacle
0.0937662348151
123.0 133.0 17.0 16.0
obstacle
0.0927526205778
84.0 83.0 22.0 16.0
obstacle
0.0922385379672
108.0 123.0 48.0 35.0
obstacle
0.0867298617959
131.0 101.0 235.0 92.0
obstacle
0.0865541025996
123.0 81.0 24.0 19.0
obstacle
0.0865204781294
44.0 166.0 103.0 46.0
obstacle
0.0861552432179
313.0 140.0 94.0 48.0
obstacle
0.0842559412122
288.0 81.0 65.0 22.0
obstacle
0.0808399915695
142.0 170.0 142.0 39.0
obstacle
0.0797587558627
191.0 103.0 61.0 14.0
obstacle
0.0787615478039
69.0 124.0 56.0 31.0
obstacle
0.0783903002739
232.0 53.0 41.0 29.0
obstacle
0.0774098038673
21.0 153.0 381.0 119.0
obstacle
0.0769414678216
202.0 195.0 89.0 41.0
obstacle
0.0763059258461
203.0 87.0 18.0 12.0
obstacle
0.0750710442662
163.0 84.0 22.0 14.0
obstacle
0.070923499763
228.0 143.0 116.0 48.0
obstacle
0.0706464201212
76.0 165.0 123.0 45.0
obstacle
0.0703756958246
269.0 150.0 106.0 36.0
obstacle
0.0676795393229
146.0 102.0 63.0 25.0
obstacle
0.0667859613895
198.0 147.0 105.0 40.0
obstacle
0.0667196959257
276.0 90.0 19.0 9.0
obstacle
0.0651174932718
25.0 94.0 62.0 36.0
obstacle
0.064982354641
294.0 102.0 56.0 25.0
obstacle
0.063461445272
97.0 79.0 73.0 22.0
obstacle
0.0604381598532
0.0 46.0 160.0 89.0
obstacle
0.0604044832289
65.0 100.0 57.0 29.0
obstacle
0.0583762638271
179.0 127.0 66.0 23.0
obstacle
0.0581905804574
84.0 139.0 102.0 57.0
obstacle
0.0566989742219
141.0 123.0 59.0 32.0
obstacle
0.0555399730802
142.0 80.0 65.0 22.0
obstacle
0.0537948161364
262.0 51.0 49.0 28.0
obstacle
0.0535187758505
316.0 83.0 22.0 15.0
obstacle
0.0531944185495
371.0 141.0 55.0 43.0
obstacle
0.0519717931747
294.0 50.0 61.0 30.0
obstacle
0.0508472174406
193.0 164.0 108.0 50.0
obstacle
0.0491931252182
330.0 75.0 70.0 31.0
obstacle
0.0491274856031
241.0 133.0 22.0 13.0
obstacle
0.0458058007061
336.0 99.0 58.0 32.0
obstacle
0.0448296517134
274.0 132.0 26.0 17.0
obstacle
0.0439158082008
0.0 40.0 46.0 52.0
obstacle
0.0432798489928
23.0 53.0 64.0 30.0
obstacle
0.0432535596192
12.0 81.0 13.0 17.0
obstacle
0.0430370345712
0.0 97.0 48.0 33.0
obstacle
0.0428683124483
31.0 166.0 67.0 54.0
obstacle
0.042771179229
109.0 103.0 50.0 26.0
obstacle
0.0426726341248
62.0 49.0 67.0 34.0
obstacle
0.0414979085326
246.0 199.0 84.0 35.0
obstacle
0.0410614013672
328.0 46.0 73.0 38.0
obstacle
0.0407746583223
63.0 143.0 72.0 51.0
obstacle
0.0394722111523
279.0 118.0 89.0 45.0
obstacle
0.0391575396061
130.0 146.0 89.0 46.0
obstacle
0.0384338200092
202.0 133.0 19.0 12.0
obstacle
0.0378776490688
186.0 18.0 53.0 43.0
obstacle
0.0370724536479
239.0 104.0 20.0 9.0
obstacle
0.0370216444135
362.0 70.0 84.0 38.0
obstacle
0.036995049566
147.0 18.0 54.0 43.0
obstacle
0.0366923324764
31.0 179.0 284.0 127.0
obstacle
0.0364561378956
181.0 0.0 64.0 32.0
obstacle
0.036450818181
276.0 102.0 22.0 15.0
obstacle
0.0363386981189
143.0 46.0 61.0 38.0
obstacle
0.0359348207712
356.0 81.0 20.0 17.0
obstacle
0.0357668437064
124.0 57.0 20.0 18.0
obstacle
0.0355791859329
149.0 150.0 125.0 40.0
obstacle
0.035258077085
70.0 44.0 290.0 95.0
obstacle
0.0348282046616
159.0 57.0 24.0 18.0
obstacle
0.0343959331512
240.0 171.0 99.0 35.0
obstacle
0.0341322980821
406.0 72.0 73.0 37.0
obstacle
0.0333656109869
166.0 194.0 91.0 40.0
obstacle
0.0332788079977
227.0 22.0 48.0 37.0
obstacle
0.0331694856286
32.0 186.0 53.0 56.0
obstacle
0.0331526622176
164.0 183.0 17.0 16.0
obstacle
0.032852858305
368.0 94.0 70.0 37.0
obstacle
0.032755240798
409.0 148.0 62.0 36.0
obstacle
0.0324575081468
408.0 121.0 69.0 40.0
obstacle
0.0321298018098
368.0 195.0 69.0 42.0
obstacle
0.0321178287268
27.0 19.0 60.0 42.0
obstacle
0.0319536887109
126.0 106.0 18.0 17.0
obstacle
0.0319512225688
263.0 23.0 53.0 35.0
obstacle
0.0312482547015
164.0 105.0 19.0 17.0
obstacle
0.0311972405761
316.0 104.0 21.0 17.0
obstacle
0.030855325982
30.0 120.0 60.0 38.0
obstacle
0.0308485608548
454.0 0.0 46.0 35.0
obstacle
0.0308446958661
457.0 173.0 43.0 38.0
obstacle
0.0306263882667
104.0 47.0 62.0 37.0
obstacle
0.0305902212858
192.0 52.0 44.0 27.0
obstacle
0.0304996669292
0.0 118.0 48.0 46.0
obstacle
0.0301193259656
0.0 190.0 51.0 53.0
obstacle
0.0300541296601
453.0 144.0 47.0 47.0
obstacle
0.0299686975777
202.0 58.0 17.0 16.0
obstacle
0.029803879559
221.0 7.0 279.0 114.0
obstacle
0.0294610057026
332.0 168.0 68.0 43.0
obstacle
0.0293693002313
66.0 16.0 59.0 45.0
obstacle
0.0292840972543
250.0 218.0 77.0 46.0
obstacle
0.0292416475713
136.0 243.0 75.0 50.0
obstacle
0.0292004775256
320.0 117.0 85.0 53.0
obstacle
0.0291901025921
300.0 17.0 55.0 45.0
obstacle
0.0291170123965
238.0 208.0 17.0 17.0
obstacle
0.0290541965514
318.0 298.0 94.0 35.0
obstacle
0.0289876218885
104.0 17.0 61.0 46.0
obstacle
0.0288154147565
87.0 105.0 16.0 16.0
obstacle
0.0286422502249
125.0 186.0 15.0 14.0
obstacle
0.0285552665591
333.0 220.0 66.0 45.0
obstacle
0.028466841206
369.0 0.0 71.0 32.0
obstacle
0.0284427832812
0.0 84.0 311.0 121.0
obstacle
0.028387721628
141.0 78.0 220.0 76.0
obstacle
0.0283776298165
318.0 56.0 18.0 18.0
obstacle
0.0282670389861
0.0 12.0 45.0 54.0
obstacle
0.0282176099718
0.0 246.0 47.0 44.0
obstacle
0.028215970844
141.0 0.0 69.0 34.0
obstacle
0.0281796324998
405.0 198.0 74.0 38.0
obstacle
0.0280962735415
165.0 132.0 18.0 14.0
obstacle
0.0280614998192
356.0 54.0 20.0 22.0
obstacle
0.0279884915799
88.0 300.0 96.0 33.0
obstacle
0.027914358303
156.0 61.0 194.0 62.0
obstacle
0.0278021227568
206.0 105.0 16.0 11.0
obstacle
0.0276262331754
454.0 220.0 46.0 46.0
obstacle
0.0273968260735
283.0 199.0 85.0 33.0
obstacle
0.0272905547172
390.0 301.0 104.0 32.0
obstacle
0.0267737340182
125.0 299.0 95.0 34.0
obstacle
0.0267691090703
332.0 0.0 70.0 34.0
obstacle
0.0266736801714
235.0 100.0 265.0 133.0
obstacle
0.026330890134
393.0 156.0 20.0 21.0
obstacle
0.0262005310506
374.0 221.0 64.0 44.0
obstacle
0.0260500945151
172.0 241.0 79.0 53.0
obstacle
0.0259562153369
20.0 2.0 304.0 127.0
obstacle
0.0259303431958
86.0 58.0 21.0 16.0
obstacle
0.0258715115488
172.0 221.0 78.0 44.0
obstacle
0.0258441716433
0.0 208.0 220.0 124.0
obstacle
0.025693597272
215.0 0.0 72.0 32.0
obstacle
0.0256523806602
442.0 299.0 58.0 34.0
obstacle
0.025482326746
205.0 184.0 295.0 119.0
obstacle
0.025282394141
90.0 132.0 15.0 17.0
obstacle
0.0252759326249
0.0 261.0 295.0 72.0
obstacle
0.0251024104655
90.0 191.0 89.0 48.0
obstacle
0.0250283740461
336.0 16.0 60.0 47.0
obstacle
0.0250031873584
132.0 215.0 81.0 54.0
obstacle
0.0247580632567
454.0 115.0 46.0 51.0
obstacle
0.0246027857065
0.0 296.0 46.0 37.0
obstacle
0.0244692545384
458.0 199.0 42.0 36.0
obstacle
0.0244145356119
46.0 103.0 17.0 18.0
obstacle
0.0243203304708
201.0 29.0 21.0 21.0
obstacle
0.0241551138461
405.0 249.0 76.0 39.0
obstacle
0.0241216607392
0.0 221.0 44.0 43.0
obstacle
0.0237022917718
239.0 29.0 22.0 20.0
obstacle
0.0236180089414
355.0 105.0 19.0 18.0
obstacle
0.0234570503235
409.0 0.0 68.0 32.0
obstacle
0.0234259553254
98.0 241.0 74.0 55.0
obstacle
0.0233943611383
406.0 92.0 71.0 42.0
obstacle
0.0233038570732
372.0 248.0 67.0 39.0
obstacle
0.0231857821345
34.0 143.0 59.0 50.0
obstacle
0.023010943085
376.0 163.0 54.0 57.0
obstacle
0.0228716861457
124.0 192.0 96.0 44.0
obstacle
0.0228708032519
112.0 207.0 275.0 125.0
obstacle
0.0227756798267
92.0 0.0 241.0 83.0
obstacle
0.0227640084922
161.0 28.0 23.0 21.0
obstacle
0.0227197669446
239.0 1.0 20.0 23.0
obstacle
0.0226519759744
208.0 217.0 80.0 49.0
obstacle
0.0225671660155
243.0 57.0 17.0 18.0
obstacle
0.0224485695362
330.0 198.0 72.0 36.0
obstacle
0.0224092192948
409.0 173.0 69.0 40.0
obstacle
0.0220694486052
272.0 270.0 228.0 63.0
obstacle
0.02204987593
295.0 0.0 67.0 35.0
obstacle
0.0220271516591
374.0 123.0 56.0 40.0
obstacle
0.0220088046044
394.0 78.0 18.0 21.0
obstacle
0.021536834538
394.0 105.0 18.0 19.0
obstacle
0.021486338228
345.0 298.0 118.0 35.0
obstacle
0.0214079320431
290.0 222.0 73.0 40.0
obstacle
0.0213184636086
275.0 160.0 21.0 15.0
obstacle
0.0212237853557
201.0 2.0 21.0 22.0
obstacle
0.0212073586881
47.0 208.0 16.0 18.0
obstacle
0.0210751611739
252.0 244.0 75.0 47.0
obstacle
0.0210547316819
49.0 57.0 16.0 19.0
obstacle
0.0208755414933
364.0 48.0 79.0 33.0
obstacle
0.0207466352731
96.0 215.0 78.0 54.0
obstacle
0.0207057688385
124.0 29.0 22.0 20.0
obstacle
0.0206716991961
453.0 41.0 47.0 44.0
obstacle
0.0205659419298
201.0 185.0 18.0 13.0
obstacle
0.0205646082759
49.0 131.0 18.0 19.0
obstacle
0.0205443669111
104.0 0.0 66.0 32.0
obstacle
0.0205318462104
51.0 299.0 94.0 34.0
obstacle
0.0204905569553
354.0 158.0 23.0 19.0
obstacle
0.0204111300409
317.0 159.0 18.0 16.0
obstacle
0.0203696358949
166.0 48.0 320.0 86.0
obstacle
0.0198378991336
0.0 85.0 154.0 114.0
obstacle
0.0198012311012
407.0 224.0 69.0 40.0
obstacle
0.0197862703353
455.0 7.0 45.0 62.0
obstacle
0.0196428019553
456.0 91.0 44.0 47.0
obstacle
0.019574586302
292.0 245.0 70.0 46.0
obstacle
0.0195551589131
329.0 244.0 72.0 47.0
obstacle
0.0195384249091
373.0 17.0 64.0 44.0
obstacle
0.0195330344141
210.0 242.0 79.0 51.0
obstacle
0.0194965656847
0.0 168.0 43.0 48.0
obstacle
0.0194244533777
353.0 233.0 21.0 21.0
obstacle
0.0193237550557
51.0 242.0 91.0 51.0
obstacle
0.0192780252546
162.0 256.0 22.0 24.0
obstacle
0.0192443244159
9.0 27.0 17.0 21.0
obstacle
0.01909433119
455.0 268.0 45.0 53.0
obstacle
0.0190012939274
460.0 72.0 40.0 37.0
obstacle
0.0188955608755
400.0 45.0 87.0 39.0
obstacle
0.0187969300896
279.0 57.0 17.0 16.0
obstacle
0.0187759082764
14.0 268.0 90.0 53.0
obstacle
0.0187667496502
87.0 28.0 18.0 20.0
obstacle
0.0186748038977
0.0 269.0 42.0 51.0
obstacle
0.0186708327383
86.0 186.0 17.0 14.0
obstacle
0.018665060401
174.0 267.0 76.0 52.0
obstacle
0.018621230498
123.0 159.0 19.0 15.0
obstacle
0.0185922849923
25.0 0.0 68.0 33.0
obstacle
0.0184900369495
9.0 132.0 15.0 19.0
obstacle
0.0183773301542
409.0 271.0 66.0 48.0
obstacle
0.0183585453779
280.0 208.0 17.0 16.0
obstacle
0.0183554105461
169.0 299.0 89.0 34.0
obstacle
0.0182872582227
277.0 29.0 23.0 20.0
obstacle
0.0182048734277
48.0 3.0 17.0 19.0
obstacle
0.0180733725429
162.0 1.0 20.0 23.0
obstacle
0.0180495288223
456.0 246.0 44.0 44.0
obstacle
0.0179166551679
355.0 2.0 18.0 21.0
obstacle
0.0177016798407
255.0 0.0 72.0 33.0
obstacle
0.0176835712045
355.0 308.0 22.0 24.0
obstacle
0.0176330432296
394.0 55.0 18.0 21.0
obstacle
0.0176100414246
124.0 2.0 19.0 21.0
obstacle
0.0175400283188
317.0 1.0 19.0 22.0
obstacle
0.0175365507603
22.0 213.0 73.0 56.0
obstacle
0.0174765642732
409.0 14.0 70.0 51.0
obstacle
0.0174546521157
0.0 0.0 51.0 36.0
obstacle
0.01740430668
123.0 232.0 21.0 21.0
obstacle
0.0173175130039
51.0 194.0 89.0 43.0
obstacle
0.0172763802111
0.0 137.0 39.0 59.0
obstacle
0.0172570422292
124.0 256.0 20.0 25.0
obstacle
0.0172211304307
211.0 232.0 289.0 101.0
obstacle
0.0172121282667
240.0 158.0 19.0 13.0
obstacle
0.0171820539981
202.0 160.0 17.0 11.0
obstacle
0.017126576975
393.0 257.0 21.0 22.0
obstacle
0.0171107165515
279.0 1.0 18.0 22.0
obstacle
0.0170141998678
251.0 55.0 249.0 122.0
obstacle
0.0169259496033
203.0 207.0 15.0 19.0
obstacle
0.0168990045786
199.0 256.0 24.0 23.0
obstacle
0.0168860554695
161.0 232.0 20.0 23.0
obstacle
0.0168187208474
98.0 265.0 74.0 57.0
obstacle
0.0167913585901
316.0 257.0 20.0 23.0
obstacle
0.0164828523993
0.0 0.0 155.0 101.0
obstacle
0.0164665319026
213.0 301.0 75.0 32.0
obstacle
0.0164173711091
393.0 207.0 18.0 20.0
obstacle
0.0163870975375
393.0 233.0 20.0 21.0
obstacle
0.0163577031344
64.0 0.0 68.0 32.0
obstacle
0.0163519475609
59.0 217.0 75.0 51.0
obstacle
0.0162757504731
10.0 311.0 17.0 20.0
obstacle
0.0162417776883
53.0 264.0 86.0 58.0
obstacle
0.0162134021521
332.0 268.0 68.0 53.0
obstacle
0.0160529352725
315.0 132.0 23.0 17.0
obstacle
0.0160268470645
435.0 79.0 17.0 20.0
obstacle
0.0159607119858
90.0 158.0 16.0 16.0
obstacle
0.0159386191517
19.0 242.0 81.0 52.0
obstacle
0.01590558514
86.0 257.0 20.0 23.0
obstacle
0.015893490985
0.0 161.0 178.0 112.0
obstacle
0.0157659184188
355.0 28.0 20.0 21.0
obstacle
0.0157351735979
48.0 29.0 18.0 20.0
obstacle
0.0157341752201
344.0 0.0 156.0 72.0
obstacle
0.0157003700733
434.0 131.0 17.0 21.0
obstacle
0.0156648624688
15.0 300.0 91.0 33.0
obstacle
0.0156473778188
239.0 231.0 21.0 21.0
obstacle
0.0155674824491
87.0 234.0 20.0 19.0
obstacle
0.0155142368749
138.0 268.0 70.0 49.0
obstacle
0.0154586313292
8.0 3.0 17.0 21.0
obstacle
0.0153982518241
239.0 256.0 23.0 23.0
obstacle
0.0152194099501
86.0 2.0 18.0 21.0
obstacle
0.0152138918638
239.0 184.0 18.0 15.0
obstacle
0.0152099309489
275.0 169.0 102.0 39.0
obstacle
0.0151277733967
276.0 231.0 22.0 21.0
obstacle
0.0151092996821
317.0 28.0 20.0 22.0
obstacle
0.0149866640568
316.0 232.0 20.0 20.0
obstacle
0.0149838225916
49.0 183.0 18.0 19.0
obstacle
0.0148664359003
202.0 232.0 19.0 22.0
obstacle
0.0148635469377
354.0 256.0 21.0 23.0
obstacle
0.0148302605376
161.0 160.0 20.0 14.0
obstacle
0.0148089779541
282.0 297.0 92.0 36.0
obstacle
0.0147837977856
357.0 208.0 17.0 18.0
obstacle
0.0147145520896
123.0 283.0 20.0 23.0
obstacle
0.0146974176168
395.0 0.0 16.0 23.0
obstacle
0.0146204773337
434.0 105.0 17.0 20.0
obstacle
0.0146157788113
124.0 309.0 20.0 23.0
obstacle
0.0145233320072
45.0 283.0 23.0 23.0
obstacle
0.0143946819007
125.0 208.0 15.0 18.0
obstacle
0.0141832986847
344.0 192.0 156.0 103.0
obstacle
0.0141778960824
315.0 283.0 22.0 22.0
