obstacle
0.732151806355
306.0 172.0 28.0 23.0
obstacle
0.729293942451
408.0 172.0 84.0 28.0
obstacle
0.695560336113
346.0 232.0 123.0 36.0
obstacle
0.681253433228
45.0 187.0 105.0 27.0
obstacle
0.500195741653
18.0 222.0 83.0 28.0
obstacle
0.462866336107
84.0 182.0 77.0 34.0
obstacle
0.451840311289
439.0 176.0 60.0 23.0
obstacle
0.443657308817
0.0 179.0 199.0 76.0
obstacle
0.356118112803
89.0 193.0 76.0 42.0
obstacle
0.320166677237
21.0 221.0 137.0 33.0
obstacle
0.275686442852
220.0 164.0 77.0 23.0
obstacle
0.266811430454
178.0 203.0 52.0 29.0
obstacle
0.21334438026
253.0 163.0 64.0 28.0
obstacle
0.207030281425
226.0 171.0 71.0 28.0
obstacle
0.203495457768
271.0 171.0 53.0 25.0
obstacle
0.184977039695
1.0 190.0 261.0 98.0
obstacle
0.169035196304
405.0 157.0 81.0 36.0
obstacle
0.162491351366
334.0 246.0 80.0 28.0
obstacle
0.158379539847
25.0 160.0 211.0 76.0
obstacle
0.150719627738
41.0 181.0 56.0 32.0
obstacle
0.145527765155
137.0 198.0 63.0 36.0
obstacle
0.135290563107
433.0 181.0 17.0 14.0
obstacle
0.127506136894
472.0 181.0 17.0 17.0
obstacle
0.115687772632
354.0 156.0 146.0 73.0
obstacle
0.110988639295
320.0 175.0 74.0 30.0
obstacle
0.103691026568
315.0 163.0 19.0 18.0
obstacle
0.0999495461583
310.0 216.0 190.0 55.0
obstacle
0.0980621874332
450.0 150.0 50.0 43.0
obstacle
0.0934061184525
51.0 188.0 13.0 15.0
obstacle
0.0914172977209
376.0 178.0 68.0 24.0
obstacle
0.0889205038548
0.0 225.0 60.0 29.0
obstacle
0.0879056081176
446.0 224.0 54.0 38.0
obstacle
0.0816972851753
129.0 176.0 79.0 39.0
obstacle
0.07980273664
44.0 234.0 17.0 14.0
obstacle
0.0793114602566
199.0 207.0 20.0 17.0
obstacle
0.0781011879444
330.0 222.0 85.0 48.0
obstacle
0.0759073719382
123.0 231.0 21.0 19.0
obstacle
0.0732965022326
326.0 45.0 79.0 39.0
obstacle
0.0731413885951
23.0 197.0 97.0 38.0
obstacle
0.0719932839274
365.0 45.0 73.0 37.0
obstacle
0.0716436952353
299.0 194.0 57.0 40.0
obstacle
0.0714658945799
406.0 194.0 72.0 42.0
obstacle
0.0711766779423
337.0 150.0 52.0 39.0
obstacle
0.071030318737
48.0 131.0 329.0 125.0
obstacle
0.0694186463952
124.0 191.0 16.0 12.0
obstacle
0.0688236877322
176.0 169.0 230.0 91.0
obstacle
0.0663965642452
187.0 158.0 205.0 59.0
obstacle
0.0652039647102
88.0 188.0 14.0 13.0
obstacle
0.0650565177202
393.0 236.0 20.0 19.0
obstacle
0.064701423049
391.0 246.0 89.0 30.0
obstacle
0.0639796704054
206.0 197.0 86.0 33.0
obstacle
0.063156530261
168.0 207.0 14.0 14.0
obstacle
0.0629945322871
370.0 202.0 68.0 33.0
obstacle
0.0602011829615
86.0 234.0 18.0 16.0
obstacle
0.0592108219862
178.0 149.0 75.0 43.0
obstacle
0.0559980347753
377.0 150.0 55.0 42.0
obstacle
0.0558403991163
405.0 0.0 69.0 30.0
obstacle
0.0544017739594
123.0 224.0 91.0 30.0
obstacle
0.0527865514159
435.0 239.0 15.0 16.0
obstacle
0.0511514805257
140.0 196.0 299.0 94.0
obstacle
0.0504573322833
356.0 256.0 15.0 20.0
obstacle
0.0494814366102
142.0 152.0 59.0 34.0
obstacle
0.0469804443419
335.0 196.0 64.0 42.0
obstacle
0.0462461188436
260.0 192.0 65.0 43.0
obstacle
0.0459605008364
0.0 175.0 41.0 36.0
obstacle
0.0449871085584
403.0 44.0 79.0 39.0
obstacle
0.0445364713669
372.0 0.0 70.0 29.0
obstacle
0.0424911119044
316.0 122.0 184.0 95.0
obstacle
0.0394336767495
124.0 207.0 19.0 16.0
obstacle
0.0392618365586
0.0 43.0 41.0 40.0
obstacle
0.0390834100544
24.0 116.0 67.0 49.0
obstacle
0.038702853024
180.0 179.0 71.0 30.0
obstacle
0.0386188142002
24.0 69.0 69.0 37.0
obstacle
0.0379437282681
354.0 54.0 21.0 21.0
obstacle
0.0377110652626
226.0 216.0 274.0 100.0
obstacle
0.0374432764947
443.0 193.0 57.0 45.0
obstacle
0.0374264195561
61.0 70.0 67.0 37.0
obstacle
0.0373336002231
340.0 184.0 160.0 115.0
obstacle
0.0365543216467
330.0 0.0 73.0 36.0
obstacle
0.0363363213837
391.0 54.0 22.0 20.0
obstacle
0.0362842269242
292.0 247.0 78.0 34.0
obstacle
0.0359502136707
284.0 42.0 85.0 44.0
obstacle
0.0359392277896
217.0 10.0 283.0 108.0
obstacle
0.0358788780868
109.0 149.0 50.0 38.0
obstacle
0.0358102619648
24.0 0.0 67.0 36.0
obstacle
0.0356274694204
206.0 252.0 88.0 32.0
obstacle
0.0351061411202
295.0 70.0 66.0 38.0
obstacle
0.0349343903363
0.0 112.0 39.0 58.0
obstacle
0.0348220951855
459.0 118.0 41.0 45.0
obstacle
0.0347853675485
150.0 132.0 205.0 78.0
obstacle
0.0342591069639
223.0 125.0 60.0 32.0
obstacle
0.0342448577285
79.0 246.0 106.0 40.0
obstacle
0.034054864198
241.0 165.0 12.0 12.0
obstacle
0.0338205546141
48.0 80.0 17.0 18.0
obstacle
0.0336993671954
85.0 129.0 18.0 25.0
obstacle
0.033495362848
241.0 184.0 18.0 9.0
obstacle
0.0334443077445
250.0 41.0 75.0 44.0
obstacle
0.0333517864347
395.0 184.0 16.0 14.0
obstacle
0.0331389978528
103.0 69.0 61.0 39.0
obstacle
0.0331152565777
261.0 74.0 239.0 137.0
obstacle
0.0330598428845
475.0 234.0 17.0 16.0
obstacle
0.0326958857477
457.0 94.0 43.0 44.0
obstacle
0.0326358377934
253.0 183.0 228.0 67.0
obstacle
0.0325956754386
0.0 67.0 39.0 42.0
obstacle
0.0324189327657
316.0 132.0 14.0 18.0
obstacle
0.0322564467788
259.0 100.0 58.0 31.0
obstacle
0.0321926437318
412.0 127.0 62.0 33.0
obstacle
0.0321336351335
165.0 220.0 84.0 42.0
obstacle
0.031924393028
370.0 69.0 66.0 37.0
obstacle
0.0319034121931
331.0 70.0 70.0 38.0
obstacle
0.0318691767752
25.0 92.0 67.0 44.0
obstacle
0.0312677249312
178.0 95.0 67.0 40.0
obstacle
0.0311828106642
216.0 98.0 67.0 35.0
obstacle
0.0310166925192
144.0 118.0 61.0 46.0
obstacle
0.0309748090804
184.0 119.0 62.0 42.0
obstacle
0.0306821484119
390.0 131.0 20.0 19.0
obstacle
0.0305562503636
33.0 142.0 47.0 49.0
obstacle
0.0304770823568
279.0 132.0 14.0 17.0
obstacle
0.0304153617471
58.0 0.0 77.0 33.0
obstacle
0.0304075405002
85.0 79.0 19.0 20.0
obstacle
0.0302759110928
98.0 0.0 74.0 33.0
obstacle
0.0302401818335
219.0 69.0 60.0 40.0
obstacle
0.0302166678011
450.0 0.0 50.0 34.0
obstacle
0.0302028283477
205.0 161.0 15.0 14.0
obstacle
0.0301437266171
391.0 159.0 21.0 17.0
obstacle
0.0297090318054
0.0 0.0 42.0 33.0
obstacle
0.0294861998409
288.0 274.0 78.0 40.0
obstacle
0.0294770672917
407.0 68.0 71.0 40.0
obstacle
0.0294761974365
111.0 207.0 278.0 124.0
obstacle
0.0291840471327
138.0 69.0 68.0 38.0
obstacle
0.0290110372007
320.0 270.0 94.0 43.0
obstacle
0.0290067587048
166.0 185.0 17.0 14.0
obstacle
0.0289479121566
140.0 0.0 67.0 32.0
obstacle
0.0287586655468
11.0 234.0 13.0 14.0
obstacle
0.02873426117
240.0 80.0 20.0 19.0
obstacle
0.0286770220846
257.0 72.0 64.0 34.0
obstacle
0.028623688966
47.0 129.0 18.0 23.0
obstacle
0.0286044590175
102.0 93.0 64.0 43.0
obstacle
0.028509568423
395.0 296.0 96.0 37.0
obstacle
0.0284938253462
316.0 54.0 20.0 22.0
obstacle
0.028377218172
277.0 105.0 18.0 20.0
obstacle
0.0281685944647
394.0 79.0 17.0 19.0
obstacle
0.0281653851271
18.0 46.0 78.0 36.0
obstacle
0.0281099118292
334.0 126.0 58.0 35.0
obstacle
0.0278763119131
161.0 131.0 21.0 22.0
obstacle
0.027787970379
432.0 53.0 18.0 22.0
obstacle
0.0277734100819
125.0 160.0 18.0 17.0
obstacle
0.0277142673731
394.0 256.0 15.0 18.0
obstacle
0.0277061760426
462.0 68.0 38.0 41.0
obstacle
0.0274925660342
437.0 161.0 15.0 16.0
obstacle
0.0274153742939
0.0 90.0 37.0 48.0
obstacle
0.0274111647159
182.0 69.0 61.0 40.0
obstacle
0.027368908748
124.0 130.0 18.0 22.0
obstacle
0.027348106727
206.0 185.0 15.0 10.0
obstacle
0.0272962041199
301.0 126.0 46.0 37.0
obstacle
0.0271962620318
66.0 118.0 61.0 46.0
obstacle
0.0270113497972
369.0 125.0 66.0 36.0
obstacle
0.0268102772534
269.0 125.0 44.0 33.0
obstacle
0.0266307462007
280.0 207.0 18.0 17.0
obstacle
0.0265521351248
74.0 150.0 48.0 36.0
obstacle
0.0263309571892
106.0 118.0 56.0 45.0
obstacle
0.0263288207352
0.0 243.0 41.0 47.0
obstacle
0.0262882616371
0.0 138.0 38.0 57.0
obstacle
0.0259863324463
248.0 160.0 236.0 62.0
obstacle
0.0259497370571
47.0 243.0 96.0 45.0
obstacle
0.0256559681147
275.0 55.0 23.0 19.0
obstacle
0.0255090501159
298.0 96.0 57.0 42.0
obstacle
0.0254035498947
281.0 298.0 92.0 35.0
obstacle
0.025286372751
163.0 231.0 17.0 18.0
obstacle
0.0251762866974
289.0 0.0 77.0 33.0
obstacle
0.0251578595489
355.0 79.0 17.0 19.0
obstacle
0.0250680800527
129.0 246.0 81.0 41.0
obstacle
0.0250527337193
241.0 257.0 18.0 21.0
obstacle
0.0250486247241
441.0 294.0 59.0 39.0
obstacle
0.0250049680471
391.0 1.0 21.0 19.0
obstacle
0.0249874182045
202.0 80.0 18.0 19.0
obstacle
0.0249843858182
284.0 182.0 14.0 14.0
obstacle
0.0249562803656
411.0 95.0 64.0 41.0
obstacle
0.0248449016362
455.0 39.0 45.0 48.0
obstacle
0.0248445030302
85.0 212.0 19.0 9.0
obstacle
0.0248415526003
240.0 103.0 19.0 24.0
obstacle
0.0247543267906
402.0 269.0 78.0 45.0
obstacle
0.0246999170631
48.0 55.0 19.0 20.0
obstacle
0.0242461524904
2.0 299.0 117.0 34.0
obstacle
0.0242110192776
143.0 255.0 290.0 78.0
obstacle
0.0241543482989
163.0 160.0 20.0 16.0
obstacle
0.024057853967
125.0 104.0 18.0 22.0
obstacle
0.0239307023585
456.0 7.0 44.0 62.0
obstacle
0.023883851245
0.0 293.0 47.0 40.0
obstacle
0.0237933583558
278.0 81.0 19.0 18.0
obstacle
0.0236582942307
19.0 240.0 82.0 48.0
obstacle
0.0236465577036
202.0 104.0 18.0 21.0
obstacle
0.0235185269266
202.0 131.0 18.0 19.0
obstacle
0.0234487690032
71.0 75.0 283.0 135.0
obstacle
0.0234019663185
337.0 94.0 58.0 44.0
obstacle
0.0233537405729
316.0 0.0 184.0 74.0
obstacle
0.0233046449721
314.0 104.0 18.0 21.0
obstacle
0.0232823844999
358.0 298.0 98.0 35.0
obstacle
0.0232351291925
295.0 229.0 66.0 27.0
obstacle
0.0230920333415
316.0 80.0 19.0 19.0
obstacle
0.0230547580868
249.0 225.0 80.0 33.0
obstacle
0.0230449121445
8.0 80.0 12.0 19.0
obstacle
0.0230377316475
261.0 264.0 239.0 69.0
obstacle
0.0228687021881
213.0 42.0 74.0 43.0
obstacle
0.0228448603302
86.0 103.0 18.0 22.0
obstacle
0.0227359291166
66.0 93.0 59.0 43.0
obstacle
0.0225276257843
374.0 94.0 60.0 42.0
obstacle
0.0225076563656
251.0 0.0 76.0 35.0
obstacle
0.0224516913295
92.0 272.0 86.0 45.0
obstacle
0.0224386248738
0.0 25.0 201.0 128.0
obstacle
0.0223485417664
8.0 54.0 14.0 21.0
obstacle
0.0222414154559
177.0 0.0 71.0 33.0
obstacle
0.0221871975809
166.0 247.0 88.0 42.0
obstacle
0.0220827441663
164.0 104.0 18.0 22.0
obstacle
0.0220672916621
57.0 45.0 78.0 39.0
obstacle
0.0217820424587
8.0 130.0 13.0 22.0
obstacle
0.0217659045011
316.0 298.0 101.0 35.0
obstacle
0.0216765981168
141.0 94.0 64.0 42.0
obstacle
0.0216205492616
241.0 296.0 96.0 37.0
obstacle
0.0215309783816
355.0 183.0 16.0 16.0
obstacle
0.0214615166187
354.0 105.0 19.0 20.0
obstacle
0.0214265696704
213.0 0.0 76.0 36.0
obstacle
0.0212335120887
89.0 300.0 94.0 33.0
obstacle
0.0212193876505
58.0 272.0 79.0 43.0
obstacle
0.0212107580155
125.0 79.0 18.0 21.0
obstacle
0.0211633536965
241.0 250.0 96.0 33.0
obstacle
0.0211188830435
430.0 2.0 19.0 20.0
obstacle
0.0210704393685
42.0 298.0 112.0 35.0
obstacle
0.020994098857
95.0 43.0 76.0 41.0
obstacle
0.0207996033132
354.0 133.0 17.0 15.0
obstacle
0.020513927564
315.0 206.0 18.0 18.0
obstacle
0.020445914939
436.0 207.0 16.0 18.0
obstacle
0.020338691771
100.0 22.0 297.0 134.0
obstacle
0.0203057974577
0.0 14.0 39.0 47.0
obstacle
0.0202817525715
370.0 271.0 70.0 41.0
obstacle
0.0201618615538
277.0 309.0 21.0 23.0
obstacle
0.0200398322195
242.0 132.0 16.0 18.0
obstacle
0.0199992153794
393.0 105.0 18.0 21.0
obstacle
0.0199756231159
218.0 13.0 65.0 51.0
obstacle
0.0198953934014
473.0 160.0 17.0 16.0
obstacle
0.0198666192591
133.0 44.0 78.0 40.0
obstacle
0.0197609383613
164.0 299.0 95.0 34.0
obstacle
0.0197570472956
175.0 41.0 71.0 44.0
obstacle
0.0197382960469
432.0 132.0 19.0 18.0
obstacle
0.0196567848325
0.0 265.0 239.0 68.0
obstacle
0.0194907654077
164.0 80.0 18.0 19.0
obstacle
0.0193839687854
0.0 63.0 223.0 158.0
obstacle
0.0192244853824
356.0 238.0 15.0 16.0
obstacle
0.0191767308861
397.0 208.0 13.0 18.0
obstacle
0.0191588066518
212.0 221.0 77.0 42.0
obstacle
0.0191181395203
88.0 161.0 16.0 16.0
obstacle
0.0188258178532
11.0 186.0 12.0 15.0
obstacle
0.0188046563417
0.0 270.0 46.0 47.0
obstacle
0.0187635105103
19.0 274.0 82.0 38.0
obstacle
0.0186460595578
0.0 206.0 189.0 119.0
obstacle
0.0185523573309
316.0 307.0 20.0 25.0
obstacle
0.0185208246112
7.0 105.0 13.0 20.0
obstacle
0.0185187328607
232.0 113.0 197.0 106.0
obstacle
0.0184921827167
316.0 284.0 18.0 19.0
obstacle
0.0184338241816
48.0 105.0 17.0 19.0
obstacle
0.0184299908578
0.0 196.0 43.0 43.0
obstacle
0.0183790512383
84.0 283.0 20.0 22.0
obstacle
0.0181784015149
474.0 132.0 15.0 18.0
obstacle
0.0180862378329
0.0 0.0 184.0 77.0
obstacle
0.0180613473058
49.0 159.0 14.0 17.0
obstacle
0.0180260520428
434.0 80.0 17.0 19.0
obstacle
0.0179729051888
173.0 85.0 233.0 119.0
obstacle
0.0179288256913
206.0 295.0 90.0 38.0
obstacle
0.0179148837924
202.0 55.0 18.0 20.0
obstacle
0.0178748369217
392.0 306.0 23.0 27.0
obstacle
0.0178281143308
85.0 1.0 20.0 23.0
obstacle
0.0178150366992
313.0 30.0 187.0 118.0
obstacle
0.0175900664181
240.0 54.0 20.0 21.0
obstacle
0.0175656545907
354.0 2.0 20.0 20.0
obstacle
0.017560204491
211.0 275.0 77.0 38.0
obstacle
0.017537061125
183.0 15.0 58.0 45.0
obstacle
0.0174971800297
279.0 256.0 18.0 25.0
obstacle
0.0174112226814
9.0 2.0 14.0 22.0
obstacle
0.0173643361777
321.0 260.0 13.0 15.0
obstacle
0.0172628071159
476.0 106.0 16.0 18.0
obstacle
0.0172162503004
240.0 208.0 18.0 14.0
obstacle
0.0171883478761
33.0 0.0 281.0 75.0
obstacle
0.0171511732042
199.0 257.0 21.0 22.0
obstacle
0.017039027065
476.0 54.0 15.0 20.0
obstacle
0.0169016290456
162.0 2.0 20.0 21.0
obstacle
0.0168799292296
194.0 42.0 266.0 148.0
obstacle
0.0168342981488
0.0 12.0 294.0 104.0
obstacle
0.0168117620051
328.0 15.0 76.0 46.0
obstacle
0.016638269648
46.0 1.0 19.0 22.0
obstacle
0.0166088491678
238.0 27.0 21.0 22.0
obstacle
0.0164917707443
8.0 309.0 15.0 21.0
obstacle
0.0163725540042
434.0 255.0 15.0 21.0
obstacle
0.0163403879851
8.0 30.0 15.0 19.0
obstacle
0.0162301454693
127.0 297.0 94.0 36.0
obstacle
0.0162143651396
280.0 166.0 15.0 14.0
obstacle
0.0161342602223
354.0 307.0 21.0 25.0
obstacle
0.0161323435605
253.0 15.0 70.0 47.0
obstacle
0.0159900486469
123.0 2.0 21.0 22.0
obstacle
0.0159255173057
452.0 263.0 48.0 59.0
obstacle
0.0159178487957
358.0 209.0 15.0 14.0
