obstacle
0.925872683525
175.0 205.0 135.0 32.0
obstacle
0.828523635864
338.0 204.0 113.0 33.0
obstacle
0.813980937004
185.0 205.0 136.0 34.0
obstacle
0.721267282963
338.0 200.0 115.0 33.0
obstacle
0.707536041737
175.0 197.0 131.0 38.0
obstacle
0.628788769245
2.0 161.0 126.0 49.0
obstacle
0.593011140823
353.0 210.0 86.0 22.0
obstacle
0.468262553215
162.0 205.0 132.0 31.0
obstacle
0.465272456408
0.0 162.0 117.0 48.0
obstacle
0.446889638901
357.0 200.0 100.0 41.0
obstacle
0.381359308958
0.0 152.0 138.0 46.0
obstacle
0.351867616177
165.0 200.0 152.0 45.0
obstacle
0.32795882225
163.0 199.0 127.0 34.0
obstacle
0.325661867857
186.0 199.0 137.0 34.0
obstacle
0.281228721142
316.0 205.0 132.0 33.0
obstacle
0.259312093258
18.0 165.0 127.0 41.0
obstacle
0.256954103708
0.0 155.0 170.0 61.0
obstacle
0.251358896494
189.0 209.0 102.0 26.0
obstacle
0.240879043937
345.0 199.0 125.0 34.0
obstacle
0.205557107925
0.0 150.0 118.0 51.0
obstacle
0.204363152385
209.0 210.0 95.0 26.0
obstacle
0.202284365892
339.0 204.0 111.0 23.0
obstacle
0.198119476438
370.0 209.0 74.0 25.0
obstacle
0.189434885979
0.0 178.0 137.0 34.0
obstacle
0.176377743483
9.0 153.0 146.0 44.0
obstacle
0.169985219836
0.0 154.0 163.0 62.0
obstacle
0.162713631988
45.0 183.0 81.0 25.0
obstacle
0.159772083163
229.0 213.0 23.0 22.0
obstacle
0.158768758178
181.0 200.0 155.0 45.0
obstacle
0.149278998375
13.0 180.0 140.0 30.0
obstacle
0.146512940526
313.0 197.0 136.0 36.0
obstacle
0.146006256342
44.0 155.0 46.0 59.0
obstacle
0.143026158214
41.0 170.0 85.0 31.0
obstacle
0.13895894587
178.0 210.0 91.0 23.0
obstacle
0.134221032262
52.0 148.0 31.0 52.0
obstacle
0.131819486618
65.0 185.0 76.0 21.0
obstacle
0.131509885192
205.0 206.0 133.0 33.0
obstacle
0.124588146806
0.0 176.0 131.0 38.0
obstacle
0.123226173222
153.0 186.0 171.0 76.0
obstacle
0.121547743678
26.0 153.0 47.0 65.0
obstacle
0.121093995869
0.0 135.0 144.0 102.0
obstacle
0.110242463648
236.0 212.0 78.0 22.0
obstacle
0.108516514301
89.0 243.0 39.0 12.0
obstacle
0.106925576925
34.0 144.0 32.0 60.0
obstacle
0.105455316603
299.0 193.0 191.0 56.0
obstacle
0.105197198689
88.0 157.0 33.0 10.0
obstacle
0.104560904205
58.0 168.0 21.0 35.0
obstacle
0.101279877126
55.0 183.0 25.0 29.0
obstacle
0.0997951850295
0.0 135.0 26.0 76.0
obstacle
0.0961460471153
18.0 181.0 98.0 30.0
obstacle
0.0949556604028
338.0 211.0 86.0 21.0
obstacle
0.0920289456844
367.0 203.0 84.0 25.0
obstacle
0.0912824422121
19.0 169.0 97.0 32.0
obstacle
0.0884863510728
318.0 184.0 150.0 80.0
obstacle
0.0882254093885
125.0 195.0 195.0 53.0
obstacle
0.0864264592528
48.0 160.0 72.0 29.0
obstacle
0.0856474637985
0.0 137.0 127.0 98.0
obstacle
0.0843452066183
59.0 159.0 17.0 28.0
obstacle
0.0813965648413
0.0 154.0 210.0 63.0
obstacle
0.0808963179588
62.0 173.0 79.0 28.0
obstacle
0.080727994442
66.0 143.0 38.0 61.0
obstacle
0.0782625153661
33.0 130.0 33.0 65.0
obstacle
0.0776895880699
0.0 142.0 181.0 66.0
obstacle
0.0774611160159
247.0 213.0 25.0 21.0
obstacle
0.0764433816075
316.0 217.0 44.0 13.0
obstacle
0.0761888697743
18.0 141.0 134.0 43.0
obstacle
0.0754053145647
102.0 243.0 42.0 12.0
obstacle
0.0746304616332
106.0 167.0 35.0 12.0
obstacle
0.0719419643283
136.0 190.0 206.0 47.0
obstacle
0.0714494884014
73.0 178.0 27.0 37.0
obstacle
0.0706751272082
0.0 165.0 114.0 42.0
obstacle
0.0703533440828
271.0 189.0 229.0 49.0
obstacle
0.0699329972267
162.0 212.0 158.0 40.0
obstacle
0.0696820318699
106.0 156.0 36.0 10.0
obstacle
0.0684468895197
0.0 141.0 207.0 66.0
obstacle
0.0683122873306
0.0 169.0 175.0 54.0
obstacle
0.0682436004281
365.0 215.0 61.0 14.0
obstacle
0.0679343119264
264.0 213.0 57.0 21.0
obstacle
0.0677688419819
47.0 150.0 77.0 24.0
obstacle
0.0665794983506
382.0 212.0 25.0 22.0
obstacle
0.0665200725198
66.0 156.0 40.0 11.0
obstacle
0.0655296966434
171.0 203.0 101.0 24.0
obstacle
0.0649480745196
0.0 150.0 28.0 71.0
obstacle
0.0638307705522
0.0 122.0 138.0 104.0
obstacle
0.0625820830464
420.0 196.0 20.0 32.0
obstacle
0.0605047345161
64.0 150.0 80.0 23.0
obstacle
0.0596128702164
421.0 208.0 18.0 28.0
obstacle
0.0592339746654
0.0 157.0 146.0 56.0
obstacle
0.0591572523117
65.0 157.0 39.0 56.0
obstacle
0.058428004384
311.0 168.0 168.0 88.0
obstacle
0.0559985674918
53.0 133.0 27.0 57.0
obstacle
0.0555629730225
0.0 169.0 170.0 54.0
obstacle
0.055402778089
57.0 152.0 14.0 21.0
obstacle
0.0550393946469
58.0 189.0 59.0 17.0
obstacle
0.0545956753194
340.0 217.0 37.0 11.0
obstacle
0.0536937527359
88.0 167.0 32.0 13.0
obstacle
0.0535531379282
275.0 219.0 42.0 12.0
obstacle
0.0531493648887
210.0 216.0 63.0 13.0
obstacle
0.0528711825609
0.0 143.0 164.0 62.0
obstacle
0.0516534410417
62.0 166.0 46.0 60.0
obstacle
0.051630102098
116.0 159.0 15.0 28.0
obstacle
0.0510896928608
0.0 127.0 128.0 94.0
obstacle
0.0505433045328
44.0 148.0 13.0 28.0
obstacle
0.0503786839545
86.0 179.0 38.0 15.0
