obstacle
0.737448990345
74.0 147.0 408.0 110.0
obstacle
0.725212991238
70.0 148.0 379.0 107.0
obstacle
0.679834008217
44.0 154.0 394.0 95.0
obstacle
0.631390690804
85.0 131.0 347.0 122.0
obstacle
0.5863519907
93.0 130.0 369.0 124.0
obstacle
0.577538609505
70.0 138.0 342.0 108.0
obstacle
0.521068751812
119.0 150.0 355.0 107.0
obstacle
0.485803335905
146.0 174.0 302.0 57.0
obstacle
0.416053950787
54.0 157.0 337.0 92.0
obstacle
0.374507457018
143.0 174.0 271.0 57.0
obstacle
0.351353287697
67.0 156.0 385.0 115.0
obstacle
0.349891811609
181.0 176.0 269.0 54.0
obstacle
0.334493160248
36.0 158.0 409.0 111.0
obstacle
0.3118917346
210.0 178.0 250.0 50.0
obstacle
0.279585361481
50.0 136.0 346.0 112.0
obstacle
0.275419384241
99.0 149.0 358.0 127.0
obstacle
0.274633705616
55.0 124.0 374.0 112.0
obstacle
0.242479354143
244.0 179.0 220.0 49.0
obstacle
0.238088384271
133.0 150.0 365.0 107.0
obstacle
0.225302398205
76.0 114.0 367.0 133.0
obstacle
0.214294627309
93.0 137.0 407.0 112.0
obstacle
0.205492928624
293.0 140.0 52.0 24.0
obstacle
0.199781686068
51.0 149.0 342.0 131.0
obstacle
0.184083893895
297.0 144.0 37.0 15.0
obstacle
0.176690325141
152.0 159.0 254.0 64.0
obstacle
0.160193741322
157.0 153.0 343.0 101.0
obstacle
0.152919173241
121.0 149.0 353.0 129.0
obstacle
0.141772210598
56.0 119.0 334.0 122.0
obstacle
0.134899035096
132.0 155.0 256.0 71.0
obstacle
0.132596150041
112.0 175.0 258.0 54.0
obstacle
0.124755330384
105.0 173.0 234.0 60.0
obstacle
0.123895846307
134.0 173.0 250.0 57.0
obstacle
0.114506863058
302.0 137.0 25.0 29.0
obstacle
0.107087396085
103.0 157.0 239.0 69.0
obstacle
0.102629244328
113.0 154.0 257.0 74.0
obstacle
0.0976085588336
320.0 169.0 145.0 44.0
obstacle
0.0948218181729
257.0 176.0 234.0 53.0
obstacle
0.0925908684731
244.0 163.0 223.0 56.0
obstacle
0.0924722552299
200.0 143.0 193.0 120.0
obstacle
0.0918523743749
129.0 163.0 335.0 58.0
obstacle
0.0909897461534
182.0 152.0 318.0 104.0
obstacle
0.0901423469186
141.0 188.0 276.0 51.0
obstacle
0.0885437056422
267.0 184.0 209.0 38.0
obstacle
0.0879935696721
81.0 186.0 282.0 57.0
obstacle
0.0847924128175
178.0 143.0 199.0 119.0
obstacle
0.084604203701
21.0 156.0 366.0 95.0
obstacle
0.0836398303509
178.0 159.0 277.0 66.0
obstacle
0.0817653164268
115.0 146.0 211.0 112.0
obstacle
0.0802296623588
78.0 102.0 401.0 157.0
obstacle
0.0791757628322
260.0 186.0 185.0 34.0
obstacle
0.0786978006363
216.0 161.0 239.0 62.0
obstacle
0.0783109143376
301.0 132.0 34.0 63.0
obstacle
0.0760406479239
162.0 187.0 271.0 53.0
obstacle
0.0754277408123
103.0 190.0 274.0 48.0
obstacle
0.0732978433371
306.0 183.0 170.0 39.0
obstacle
0.0723880901933
132.0 156.0 368.0 115.0
obstacle
0.0723427832127
254.0 160.0 240.0 63.0
obstacle
0.0703369751573
298.0 126.0 37.0 50.0
obstacle
0.0682836845517
45.0 157.0 316.0 115.0
obstacle
0.0666877180338
317.0 136.0 37.0 55.0
obstacle
0.0653991252184
155.0 155.0 345.0 118.0
obstacle
0.063880123198
296.0 169.0 155.0 44.0
obstacle
0.0634314790368
341.0 170.0 138.0 43.0
obstacle
0.0624595806003
261.0 158.0 239.0 65.0
obstacle
0.0624164938927
125.0 139.0 228.0 126.0
obstacle
0.0584269836545
126.0 190.0 268.0 48.0
obstacle
0.0583925321698
287.0 176.0 213.0 52.0
obstacle
0.0561694391072
337.0 138.0 33.0 53.0
obstacle
0.0555711500347
114.0 135.0 213.0 111.0
obstacle
0.0551941916347
143.0 143.0 346.0 100.0
obstacle
0.0541841983795
126.0 159.0 187.0 113.0
obstacle
0.0517265610397
219.0 145.0 281.0 116.0
obstacle
0.0512792691588
339.0 149.0 31.0 58.0
obstacle
0.050219103694
113.0 150.0 178.0 105.0
