obstacle
0.958394348621
28.0 123.0 35.0 29.0
obstacle
0.908822774887
157.0 188.0 120.0 51.0
obstacle
0.888061642647
149.0 187.0 115.0 53.0
obstacle
0.79109442234
193.0 110.0 59.0 20.0
obstacle
0.760946214199
273.0 148.0 59.0 27.0
obstacle
0.598395168781
161.0 196.0 113.0 46.0
obstacle
0.581744372845
236.0 158.0 20.0 24.0
obstacle
0.531370699406
280.0 148.0 62.0 26.0
obstacle
0.523775815964
19.0 130.0 52.0 23.0
obstacle
0.499909549952
244.0 158.0 20.0 25.0
obstacle
0.4967636168
199.0 113.0 46.0 14.0
obstacle
0.49376899004
144.0 196.0 124.0 48.0
obstacle
0.47243309021
140.0 185.0 160.0 54.0
obstacle
0.44080093503
154.0 122.0 14.0 20.0
obstacle
0.425466358662
13.0 124.0 49.0 26.0
obstacle
0.423599898815
112.0 183.0 179.0 58.0
obstacle
0.402235865593
152.0 126.0 21.0 12.0
obstacle
0.358056634665
129.0 176.0 149.0 71.0
obstacle
0.322154670954
274.0 153.0 50.0 16.0
obstacle
0.320591121912
172.0 110.0 69.0 22.0
obstacle
0.314359426498
22.0 112.0 48.0 29.0
obstacle
0.307539701462
155.0 113.0 15.0 24.0
obstacle
0.299973458052
244.0 147.0 110.0 28.0
obstacle
0.286661624908
187.0 116.0 36.0 11.0
obstacle
0.276467055082
31.0 121.0 54.0 28.0
obstacle
0.270872324705
238.0 165.0 40.0 11.0
obstacle
0.269494771957
227.0 165.0 36.0 12.0
obstacle
0.260936915874
142.0 122.0 39.0 22.0
obstacle
0.259678483009
172.0 187.0 122.0 50.0
obstacle
0.258184999228
201.0 111.0 66.0 20.0
obstacle
0.241732999682
6.0 112.0 57.0 28.0
obstacle
0.224799156189
234.0 151.0 20.0 26.0
obstacle
0.215958476067
136.0 179.0 136.0 48.0
obstacle
0.203474581242
268.0 146.0 92.0 28.0
obstacle
0.200205862522
148.0 177.0 144.0 70.0
obstacle
0.174689218402
150.0 119.0 25.0 11.0
obstacle
0.171645030379
228.0 147.0 31.0 47.0
obstacle
0.17109438777
228.0 158.0 59.0 22.0
obstacle
0.168676316738
172.0 196.0 92.0 33.0
obstacle
0.160207211971
214.0 160.0 57.0 19.0
obstacle
0.160200342536
170.0 106.0 101.0 31.0
obstacle
0.157009035349
216.0 116.0 41.0 11.0
obstacle
0.154749065638
284.0 152.0 26.0 19.0
obstacle
0.151368662715
242.0 149.0 84.0 25.0
obstacle
0.141680493951
23.0 117.0 13.0 16.0
obstacle
0.141533821821
190.0 181.0 59.0 62.0
obstacle
0.141208678484
32.0 129.0 28.0 14.0
obstacle
0.138438925147
245.0 153.0 22.0 22.0
obstacle
0.136952966452
209.0 143.0 143.0 35.0
obstacle
0.136220023036
10.0 120.0 74.0 31.0
obstacle
0.135012120008
129.0 127.0 36.0 13.0
obstacle
0.127766638994
123.0 194.0 46.0 14.0
obstacle
0.122326284647
292.0 153.0 46.0 16.0
obstacle
0.122002549469
26.0 122.0 39.0 23.0
obstacle
0.11941216886
39.0 119.0 20.0 15.0
obstacle
0.116836279631
195.0 114.0 16.0 15.0
obstacle
0.114721447229
57.0 118.0 13.0 15.0
obstacle
0.112728692591
274.0 154.0 16.0 17.0
obstacle
0.112254440784
238.0 151.0 40.0 41.0
obstacle
0.111226201057
8.0 131.0 57.0 22.0
obstacle
0.110535435379
153.0 207.0 99.0 29.0
obstacle
0.109266757965
121.0 185.0 137.0 53.0
obstacle
0.107215434313
227.0 156.0 31.0 12.0
obstacle
0.106754012406
137.0 190.0 168.0 61.0
obstacle
0.106661096215
209.0 112.0 23.0 16.0
obstacle
0.106325566769
161.0 199.0 87.0 28.0
obstacle
0.104194588959
261.0 153.0 73.0 31.0
obstacle
0.104042857885
133.0 105.0 140.0 34.0
obstacle
0.10288759321
31.0 130.0 32.0 14.0
obstacle
0.102520741522
172.0 203.0 90.0 36.0
obstacle
0.100793942809
262.0 156.0 40.0 11.0
obstacle
0.0982387065887
159.0 177.0 122.0 52.0
obstacle
0.0961276516318
12.0 72.0 35.0 78.0
obstacle
0.0940705165267
190.0 192.0 57.0 57.0
obstacle
0.0926868543029
117.0 123.0 60.0 20.0
obstacle
0.0921628400683
127.0 181.0 120.0 41.0
obstacle
0.0906585156918
164.0 183.0 79.0 59.0
obstacle
0.0906378105283
120.0 189.0 58.0 24.0
obstacle
0.0899379998446
108.0 192.0 190.0 57.0
obstacle
0.0894904211164
184.0 99.0 75.0 28.0
obstacle
0.0884389132261
127.0 188.0 74.0 24.0
obstacle
0.0879342183471
140.0 184.0 125.0 78.0
obstacle
0.0869344323874
16.0 113.0 451.0 118.0
obstacle
0.086040623486
95.0 139.0 291.0 66.0
obstacle
0.0859113261104
224.0 137.0 37.0 50.0
obstacle
0.0858536437154
7.0 119.0 108.0 31.0
obstacle
0.0843224227428
42.0 115.0 434.0 116.0
obstacle
0.0819819793105
13.0 95.0 38.0 57.0
obstacle
0.0804420486093
17.0 119.0 29.0 9.0
obstacle
0.0780287533998
145.0 121.0 69.0 25.0
obstacle
0.0757559910417
483.0 312.0 16.0 21.0
obstacle
0.0755914673209
140.0 122.0 14.0 23.0
obstacle
0.0725755318999
279.0 138.0 38.0 43.0
obstacle
0.0702500268817
181.0 106.0 113.0 31.0
obstacle
0.0695270001888
87.0 179.0 195.0 64.0
obstacle
0.0694128349423
155.0 188.0 166.0 47.0
obstacle
0.0686594769359
137.0 113.0 52.0 24.0
obstacle
0.0672753676772
121.0 162.0 163.0 76.0
obstacle
0.0662060976028
22.0 100.0 15.0 24.0
obstacle
0.0660355240107
0.0 104.0 86.0 44.0
obstacle
0.0648978054523
460.0 310.0 22.0 23.0
obstacle
0.0646438673139
159.0 127.0 43.0 12.0
obstacle
0.0639097318053
128.0 117.0 35.0 13.0
obstacle
0.0636294335127
139.0 193.0 48.0 14.0
obstacle
0.0635366290808
24.0 128.0 19.0 19.0
obstacle
0.0633461847901
26.0 100.0 43.0 50.0
obstacle
0.0632172301412
274.0 154.0 79.0 28.0
obstacle
0.0628994330764
272.0 144.0 122.0 31.0
obstacle
0.0596051476896
15.0 106.0 30.0 11.0
obstacle
0.0592099018395
239.0 151.0 118.0 37.0
obstacle
0.0585247837007
106.0 154.0 156.0 90.0
obstacle
0.0583950728178
170.0 193.0 65.0 56.0
obstacle
0.0575261190534
14.0 129.0 39.0 14.0
obstacle
0.0567983426154
201.0 98.0 39.0 47.0
obstacle
0.056588999927
0.0 60.0 364.0 125.0
obstacle
0.0559860467911
164.0 119.0 186.0 106.0
obstacle
0.0555753968656
222.0 151.0 76.0 25.0
obstacle
0.0555589832366
165.0 117.0 36.0 11.0
obstacle
0.0554807297885
237.0 167.0 9.0 10.0
obstacle
0.0553157553077
191.0 142.0 141.0 40.0
obstacle
0.0547112412751
277.0 163.0 43.0 14.0
obstacle
0.0544896796346
8.0 49.0 40.0 95.0
obstacle
0.0539445318282
161.0 201.0 145.0 39.0
obstacle
0.0537213534117
0.0 66.0 356.0 136.0
obstacle
0.0527512542903
35.0 121.0 25.0 9.0
obstacle
0.0526003912091
160.0 183.0 119.0 80.0
obstacle
0.051936596632
315.0 154.0 37.0 15.0
obstacle
0.0517834499478
34.0 115.0 55.0 22.0
obstacle
0.0516481995583
242.0 157.0 35.0 11.0
obstacle
0.0515098050237
143.0 109.0 41.0 73.0
obstacle
0.0514748506248
201.0 105.0 40.0 14.0
obstacle
0.0506677925587
140.0 93.0 45.0 61.0
obstacle
0.0503676198423
467.0 318.0 33.0 15.0
obstacle
0.0501863248646
197.0 154.0 125.0 32.0
obstacle
0.0501245670021
299.0 150.0 63.0 23.0
obstacle
0.050037689507
103.0 127.0 46.0 14.0
