obstacle
0.908360421658
94.0 203.0 105.0 33.0
obstacle
0.766891181469
304.0 197.0 17.0 20.0
obstacle
0.704260289669
241.0 178.0 74.0 16.0
obstacle
0.697230160236
157.0 169.0 44.0 12.0
obstacle
0.610948979855
330.0 181.0 53.0 15.0
obstacle
0.5499573946
190.0 313.0 20.0 20.0
obstacle
0.534756958485
345.0 190.0 49.0 23.0
obstacle
0.5008289814
340.0 183.0 32.0 10.0
obstacle
0.470270246267
279.0 181.0 34.0 9.0
obstacle
0.456486999989
48.0 166.0 41.0 11.0
obstacle
0.450041174889
42.0 161.0 55.0 20.0
obstacle
0.405317217112
355.0 200.0 39.0 14.0
obstacle
0.400142043829
256.0 181.0 46.0 11.0
obstacle
0.387023836374
302.0 203.0 29.0 10.0
obstacle
0.367996662855
65.0 167.0 39.0 11.0
obstacle
0.337568730116
293.0 196.0 18.0 21.0
obstacle
0.334607571363
235.0 182.0 52.0 12.0
obstacle
0.27297309041
352.0 194.0 39.0 14.0
obstacle
0.272150307894
176.0 313.0 18.0 20.0
obstacle
0.253672033548
305.0 196.0 25.0 9.0
obstacle
0.234885722399
323.0 182.0 33.0 11.0
obstacle
0.229480728507
184.0 319.0 37.0 13.0
obstacle
0.219105646014
322.0 196.0 71.0 22.0
obstacle
0.209739923477
302.0 177.0 78.0 19.0
obstacle
0.207091465592
174.0 313.0 54.0 20.0
obstacle
0.18680895865
338.0 201.0 41.0 14.0
obstacle
0.1804818362
283.0 203.0 38.0 11.0
obstacle
0.15530911088
289.0 198.0 55.0 19.0
