obstacle
0.447851479053
107.0 116.0 39.0 11.0
obstacle
0.410055190325
105.0 113.0 74.0 17.0
obstacle
0.36910572648
80.0 140.0 360.0 119.0
obstacle
0.291770547628
355.0 90.0 145.0 42.0
obstacle
0.258705317974
244.0 124.0 66.0 25.0
obstacle
0.25725504756
21.0 119.0 11.0 12.0
obstacle
0.250895947218
14.0 119.0 28.0 10.0
obstacle
0.178384304047
211.0 120.0 171.0 108.0
obstacle
0.168502375484
259.0 130.0 39.0 12.0
obstacle
0.1683152318
269.0 124.0 18.0 22.0
obstacle
0.155356407166
12.0 127.0 32.0 9.0
obstacle
0.152117088437
0.0 116.0 56.0 17.0
obstacle
0.150560855865
138.0 116.0 49.0 13.0
