obstacle
0.944892406464
82.0 170.0 121.0 47.0
obstacle
0.727384567261
426.0 99.0 51.0 17.0
obstacle
0.657967865467
224.0 151.0 144.0 44.0
obstacle
0.625277578831
379.0 112.0 29.0 13.0
obstacle
0.4246121943
368.0 110.0 49.0 17.0
obstacle
0.356320142746
449.0 102.0 36.0 13.0
obstacle
0.32124131918
361.0 114.0 33.0 11.0
obstacle
0.308451205492
262.0 144.0 148.0 36.0
obstacle
0.289818644524
421.0 104.0 31.0 10.0
obstacle
0.28151768446
336.0 114.0 11.0 14.0
obstacle
0.266282647848
325.0 116.0 28.0 10.0
obstacle
0.224972039461
338.0 116.0 33.0 10.0
obstacle
0.221199691296
378.0 106.0 32.0 10.0
obstacle
0.217309460044
335.0 151.0 73.0 22.0
obstacle
0.178771212697
395.0 115.0 34.0 8.0
obstacle
0.170316845179
279.0 155.0 147.0 31.0
obstacle
0.16185554862
208.0 130.0 255.0 62.0
