obstacle
0.981773793697
95.1799926758 202.31942749 116.119018555 33.4089050293
obstacle
0.946860909462
339.41583252 185.966293335 51.2272338867 25.8699645996
obstacle
0.941040456295
224.065322876 177.712966919 89.1951141357 21.1570129395
obstacle
0.889417409897
48.8624839783 163.154800415 49.5297279358 16.3217163086
obstacle
0.861925303936
149.807174683 165.378326416 43.1613769531 18.1747131348
obstacle
0.84711176157
150.578277588 172.267486572 44.3114624023 17.2571105957
obstacle
0.773628652096
299.983642578 195.807647705 21.1268920898 17.7749023438
obstacle
0.673484385014
299.290466309 199.704391479 26.4490966797 19.7098999023
obstacle
0.640274822712
54.9828262329 167.006347656 55.6537017822 15.3050231934
obstacle
0.556080818176
344.216156006 194.688446045 38.6503295898 22.6792297363
obstacle
0.483776986599
260.066589355 176.342575073 68.470703125 19.9481506348
obstacle
0.478454828262
95.1632385254 213.602920532 77.0353393555 23.6434020996
obstacle
0.466200977564
242.814544678 172.427978516 72.4539794922 16.6008300781
obstacle
0.435044795275
60.8885421753 173.360427856 60.0399169922 15.8858032227
obstacle
0.432749837637
121.55770874 198.003295898 74.9097900391 30.7827453613
obstacle
0.330252170563
292.954071045 204.407943726 28.1812744141 19.9537963867
obstacle
0.258515268564
170.008911133 317.824523926 26.9956054688 15.1754760742
obstacle
0.198125764728
310.879211426 192.836532593 22.1804199219 18.0927429199
obstacle
0.194676429033
290.54107666 193.90814209 37.2470703125 22.8843994141
obstacle
0.156823769212
97.9519958496 203.368499756 72.0630493164 25.308013916
obstacle
0.137605592608
231.697570801 183.487136841 57.6801147461 16.5893249512
obstacle
0.110157705843
357.837402344 194.527984619 33.2352905273 20.4422912598
