obstacle
0.991072714329
200.374328613 218.27734375 91.9596557617 27.5107116699
obstacle
0.973039984703
148.572677612 166.51385498 55.1368103027 17.428527832
obstacle
0.94941431284
82.3824310303 184.726638794 62.8085784912 23.2320251465
obstacle
0.914937973022
77.3537597656 175.992385864 72.1036071777 26.0889282227
obstacle
0.858833312988
292.32711792 178.42124939 72.6506958008 27.0283813477
obstacle
0.834282100201
301.98550415 173.550949097 67.9594116211 22.433807373
obstacle
0.793396949768
332.462280273 205.424819946 27.7702636719 22.5552368164
obstacle
0.584322810173
140.029754639 172.923324585 61.3753051758 17.5574951172
obstacle
0.450769901276
338.944091797 211.669021606 21.6121826172 21.7868347168
obstacle
0.384250700474
341.085357666 207.845489502 26.160949707 20.9706115723
obstacle
0.355919361115
434.492370605 189.480026245 17.3145751953 18.9162597656
obstacle
0.344722241163
425.353912354 181.149353027 28.3944091797 24.0818481445
obstacle
0.236624449492
290.556030273 167.784454346 70.6651000977 21.8844604492
obstacle
0.231208860874
218.477340698 224.865631104 67.7313995361 28.6676330566
obstacle
0.168531447649
322.473999023 208.422286987 28.4966430664 23.5911254883
obstacle
0.146613836288
286.951019287 160.160675049 65.4451293945 19.8064575195
obstacle
0.1316434443
70.3090667725 183.372497559 118.105987549 22.8230285645
obstacle
0.113620921969
342.416534424 200.481781006 17.0247802734 22.196472168
