obstacle
0.986439347267
30.2215423584 93.5852508545 305.387023926 98.0746459961
obstacle
0.97040861845
217.668487549 119.184501648 110.683532715 28.4003677368
obstacle
0.915977776051
386.860626221 58.585357666 80.9672241211 34.8811645508
obstacle
0.914215683937
186.14201355 117.032417297 152.736160278 44.7077713013
obstacle
0.907946228981
188.337615967 176.385894775 179.783935547 80.3638305664
obstacle
0.862119734287
11.3464660645 195.606048584 244.858428955 80.3489685059
obstacle
0.797158539295
349.55758667 64.6183700562 132.944702148 33.7750549316
obstacle
0.691788494587
30.1504821777 162.606658936 391.19519043 112.698913574
obstacle
0.647536754608
348.076477051 41.6399154663 37.3502807617 40.0304107666
obstacle
0.561264932156
43.9785614014 75.4910125732 327.533752441 224.565200806
obstacle
0.540312469006
28.3904418945 205.362731934 147.731750488 60.8124084473
obstacle
0.495677679777
337.514434814 44.598236084 64.0386352539 50.4005584717
obstacle
0.481628745794
178.941009521 110.259376526 183.710998535 182.626190186
obstacle
0.474639832973
382.689239502 66.7221069336 68.8224487305 34.8141174316
obstacle
0.466584771872
248.221130371 123.669212341 72.3634033203 33.7561416626
obstacle
0.458535313606
62.3168487549 102.839553833 171.09362793 48.6517181396
obstacle
0.436430603266
309.601959229 54.6342697144 164.983032227 53.5586853027
obstacle
0.395056754351
343.181518555 57.6718139648 38.6656494141 28.1725769043
obstacle
0.372679740191
190.3409729 95.1481933594 156.686767578 94.1567993164
obstacle
0.346710413694
258.709564209 122.260871887 62.5425415039 19.05103302
obstacle
0.33410936594
87.9714508057 110.15133667 270.071655273 59.7239379883
obstacle
0.225846990943
116.968292236 201.666381836 94.0917358398 51.8211669922
obstacle
0.171072423458
75.6207504272 109.402572632 116.971839905 31.1012573242
obstacle
0.127744659781
336.35848999 64.0352706909 103.586669922 26.8656158447
obstacle
0.109250530601
356.195404053 54.068977356 34.9197998047 40.3843688965
obstacle
0.102149456739
344.358978271 67.0850982666 29.4191894531 20.9001922607
