obstacle
0.995981693268
28.6645507812 117.829925537 331.167358398 93.3217773438
obstacle
0.989146947861
241.932174683 75.7815475464 64.5799713135 19.3140106201
obstacle
0.921166956425
235.366943359 71.8983917236 83.943359375 16.8154144287
obstacle
0.920788526535
171.541366577 76.0700683594 49.8415222168 17.1302337646
obstacle
0.838818848133
289.047943115 78.3047790527 76.4921264648 16.6460571289
obstacle
0.596532762051
176.5519104 83.0658874512 41.6764221191 17.4859161377
obstacle
0.493743091822
175.920303345 69.6764678955 38.7341003418 17.5956268311
obstacle
0.395362913609
234.1121521 83.4325714111 110.792053223 16.3362731934
obstacle
0.351290643215
298.311584473 71.9406280518 33.5540771484 17.78855896
obstacle
0.177612558007
303.504211426 73.1336975098 51.2502441406 17.6119689941
obstacle
0.14860714972
288.437774658 76.4571380615 45.1002197266 16.570022583
obstacle
0.1352276057
271.395782471 71.1705780029 37.9794921875 20.4316101074
obstacle
0.122388020158
246.692428589 86.9493484497 51.6345672607 12.9739532471
obstacle
0.102714754641
136.074493408 136.513122559 142.977020264 58.5542602539
