obstacle
0.992527842522
305.131835938 40.4933242798 74.1846923828 17.2623901367
obstacle
0.987895727158
104.026229858 23.9434242249 79.6758422852 24.4338912964
obstacle
0.987746834755
0.0 97.1274337769 379.662750244 110.906257629
obstacle
0.984210133553
306.577880859 35.1780090332 71.5688476562 16.2262039185
obstacle
0.915056765079
314.093688965 32.2556762695 40.5257568359 17.7572402954
obstacle
0.907302796841
134.023971558 29.2653007507 43.4688720703 20.946937561
obstacle
0.699961781502
315.733612061 29.4424552917 61.8133544922 16.7043228149
obstacle
0.552769780159
51.5469741821 104.569458008 200.65637207 87.5107421875
obstacle
0.379268020391
0.0 110.905059814 156.904876709 79.5079040527
obstacle
0.264293044806
116.207778931 33.1532058716 56.863067627 22.1533966064
obstacle
0.23027639091
242.713989258 110.547851562 118.019348145 73.4266357422
