obstacle
0.978780984879
292.095153809 244.856369019 84.8427124023 31.7289581299
obstacle
0.784987926483
290.373687744 188.138137817 79.4431152344 22.1985473633
obstacle
0.483802735806
278.39151001 180.783905029 84.48828125 25.1820068359
obstacle
0.398360639811
308.011688232 185.931243896 52.1594238281 19.6651916504
obstacle
0.395178556442
195.324737549 250.32711792 29.8564453125 20.2471923828
obstacle
0.376528859138
201.385101318 251.832611084 36.8088378906 23.173034668
obstacle
0.207865610719
198.15385437 258.888549805 34.9113464355 22.7166137695
obstacle
0.167383432388
181.908157349 243.547943115 117.811080933 25.4321289062
obstacle
0.159572347999
292.304962158 184.147689819 48.0498046875 22.5190734863
obstacle
0.150986194611
315.616577148 185.950088501 30.3930053711 16.0620117188
