obstacle
0.486162334681
102.0 132.0 295.0 119.0
obstacle
0.284773975611
49.0 146.0 254.0 96.0
obstacle
0.18710924685
109.0 161.0 131.0 67.0
obstacle
0.173448815942
246.0 118.0 78.0 49.0
obstacle
0.163502156734
173.0 162.0 149.0 60.0
obstacle
0.163140803576
240.0 139.0 98.0 56.0
obstacle
0.143980592489
115.0 108.0 33.0 19.0
obstacle
0.141350612044
207.0 119.0 92.0 50.0
obstacle
0.139025881886
275.0 151.0 97.0 42.0
obstacle
0.137062609196
151.0 170.0 115.0 88.0
obstacle
0.130436822772
112.0 98.0 126.0 43.0
obstacle
0.124644763768
158.0 109.0 29.0 19.0
obstacle
0.120303221047
277.0 156.0 86.0 69.0
obstacle
0.116968341172
267.0 134.0 30.0 15.0
obstacle
0.0996331870556
200.0 90.0 99.0 56.0
obstacle
0.0978081077337
273.0 159.0 29.0 16.0
obstacle
0.096535243094
193.0 176.0 99.0 73.0
obstacle
0.0935627892613
113.0 212.0 119.0 64.0
obstacle
0.0931764766574
198.0 142.0 105.0 48.0
obstacle
0.0909643024206
90.0 95.0 97.0 47.0
obstacle
0.0848634243011
99.0 166.0 83.0 53.0
obstacle
0.083997502923
311.0 162.0 28.0 16.0
obstacle
0.0817522034049
311.0 81.0 26.0 20.0
obstacle
0.0802669972181
235.0 136.0 31.0 15.0
obstacle
0.075838342309
84.0 87.0 332.0 116.0
obstacle
0.0726112350821
193.0 108.0 27.0 19.0
obstacle
0.0720540806651
280.0 90.0 81.0 49.0
obstacle
0.0698111578822
399.0 87.0 91.0 55.0
obstacle
0.0679074898362
189.0 111.0 271.0 120.0
obstacle
0.0672826990485
468.0 103.0 22.0 25.0
obstacle
0.0672295466065
353.0 106.0 28.0 22.0
obstacle
0.065501332283
271.0 267.0 100.0 62.0
obstacle
0.0646286159754
430.0 77.0 70.0 77.0
obstacle
0.0637978464365
31.0 190.0 363.0 103.0
obstacle
0.0633047968149
112.0 184.0 38.0 17.0
obstacle
0.0617069415748
160.0 116.0 98.0 51.0
obstacle
0.060783624649
158.0 214.0 105.0 54.0
obstacle
0.0604287311435
469.0 76.0 19.0 27.0
obstacle
0.0600047409534
341.0 159.0 37.0 20.0
obstacle
0.0596170239151
355.0 90.0 101.0 51.0
obstacle
0.0590752027929
284.0 63.0 77.0 61.0
obstacle
0.0579762719572
408.0 59.0 69.0 67.0
obstacle
0.0577772855759
236.0 111.0 24.0 17.0
obstacle
0.0571882911026
442.0 54.0 58.0 77.0
obstacle
0.0558548420668
298.0 215.0 130.0 56.0
obstacle
0.0551694370806
307.0 89.0 113.0 52.0
obstacle
0.0535574927926
354.0 132.0 22.0 16.0
obstacle
0.0535233616829
311.0 106.0 26.0 21.0
obstacle
0.0534319020808
196.0 309.0 30.0 24.0
obstacle
0.0532811693847
392.0 105.0 26.0 21.0
obstacle
0.0530854202807
306.0 145.0 101.0 50.0
obstacle
0.0529263690114
235.0 187.0 30.0 14.0
obstacle
0.0523809455335
467.0 129.0 26.0 20.0
obstacle
0.0520286522806
238.0 52.0 22.0 23.0
obstacle
0.0513967089355
250.0 94.0 71.0 51.0
obstacle
0.0511099658906
351.0 176.0 25.0 24.0
obstacle
0.0500991418958
195.0 134.0 25.0 16.0
obstacle
0.0496826730669
430.0 129.0 26.0 22.0
obstacle
0.0492078587413
277.0 257.0 22.0 22.0
obstacle
0.0491228364408
124.0 111.0 102.0 59.0
obstacle
0.0490717515349
166.0 144.0 95.0 52.0
obstacle
0.0489169992507
437.0 77.0 21.0 28.0
obstacle
0.0481648892164
422.0 101.0 78.0 79.0
obstacle
0.047674074769
274.0 107.0 21.0 23.0
obstacle
0.047292727977
381.0 216.0 119.0 60.0
obstacle
0.0472485795617
186.0 288.0 129.0 46.0
obstacle
0.0459560789168
198.0 159.0 23.0 17.0
obstacle
0.0456658862531
246.0 61.0 85.0 63.0
obstacle
0.0451882109046
274.0 184.0 28.0 16.0
obstacle
0.0447196401656
281.0 117.0 76.0 52.0
obstacle
0.0436515696347
147.0 285.0 127.0 49.0
obstacle
0.0433078929782
86.0 114.0 101.0 49.0
obstacle
0.0430843904614
124.0 131.0 22.0 15.0
obstacle
0.0425470136106
395.0 130.0 21.0 18.0
obstacle
0.0422884002328
153.0 233.0 33.0 20.0
obstacle
0.0420256629586
162.0 132.0 24.0 16.0
obstacle
0.041140653193
264.0 292.0 122.0 42.0
obstacle
0.0410367660224
291.0 72.0 209.0 90.0
obstacle
0.041002266109
316.0 0.0 99.0 55.0
obstacle
0.0407735742629
235.0 205.0 37.0 17.0
obstacle
0.0402089543641
342.0 212.0 121.0 64.0
obstacle
0.0401697456837
158.0 184.0 24.0 18.0
obstacle
0.0401227660477
190.0 207.0 117.0 68.0
obstacle
0.040071297437
435.0 103.0 20.0 27.0
obstacle
0.0397435575724
282.0 80.0 19.0 20.0
obstacle
0.0397081077099
364.0 59.0 80.0 65.0
obstacle
0.0397064462304
122.0 230.0 24.0 25.0
obstacle
0.0395573452115
469.0 3.0 23.0 18.0
obstacle
0.0391452722251
239.0 157.0 23.0 17.0
obstacle
0.0390976630151
114.0 263.0 118.0 66.0
obstacle
0.0386058650911
88.0 268.0 94.0 52.0
obstacle
0.0384484231472
430.0 179.0 25.0 23.0
obstacle
0.0381433106959
428.0 154.0 30.0 24.0
obstacle
0.0375629998744
469.0 232.0 23.0 26.0
obstacle
0.0375046990812
199.0 81.0 26.0 21.0
obstacle
0.0374462679029
397.0 0.0 91.0 54.0
obstacle
0.0372421443462
199.0 187.0 24.0 18.0
obstacle
0.0372151844203
8.0 108.0 15.0 20.0
obstacle
0.0367657504976
276.0 309.0 20.0 25.0
obstacle
0.0363635979593
316.0 26.0 23.0 25.0
obstacle
0.0359597690403
347.0 237.0 107.0 62.0
obstacle
0.0352190285921
210.0 76.0 290.0 126.0
obstacle
0.0346646979451
93.0 182.0 15.0 19.0
obstacle
0.034259930253
319.0 161.0 77.0 51.0
obstacle
0.0334355682135
351.0 310.0 24.0 18.0
obstacle
0.033422909677
426.0 234.0 30.0 24.0
obstacle
0.0334077440202
27.0 237.0 366.0 97.0
obstacle
0.0333696343005
309.0 135.0 26.0 16.0
obstacle
0.0331888832152
348.0 284.0 27.0 24.0
obstacle
0.0328522697091
393.0 80.0 24.0 22.0
obstacle
0.0327992737293
349.0 2.0 29.0 23.0
obstacle
0.0322490222752
85.0 233.0 19.0 21.0
obstacle
0.0321496203542
238.0 308.0 27.0 25.0
obstacle
0.0320847444236
425.0 1.0 33.0 21.0
obstacle
0.0319754220545
7.0 72.0 332.0 93.0
obstacle
0.0317461341619
173.0 194.0 327.0 96.0
obstacle
0.0315592065454
278.0 282.0 25.0 26.0
obstacle
0.0315394327044
279.0 232.0 25.0 22.0
obstacle
0.0312739051878
469.0 179.0 24.0 21.0
obstacle
0.031051453203
357.0 112.0 95.0 54.0
obstacle
0.0306989364326
196.0 205.0 34.0 21.0
obstacle
0.0305768270046
381.0 133.0 118.0 67.0
obstacle
0.0304916203022
127.0 211.0 319.0 116.0
obstacle
0.0301821213216
192.0 232.0 37.0 22.0
obstacle
0.0301329884678
277.0 3.0 101.0 72.0
obstacle
0.0300288908184
154.0 285.0 34.0 21.0
obstacle
0.0300241671503
300.0 238.0 125.0 65.0
obstacle
0.0300143584609
310.0 176.0 33.0 28.0
obstacle
0.0297921095043
314.0 3.0 27.0 21.0
obstacle
0.0295613408089
241.0 81.0 19.0 17.0
obstacle
0.0294058974832
83.0 237.0 99.0 69.0
obstacle
0.0293240137398
202.0 28.0 97.0 73.0
obstacle
0.0292883738875
270.0 245.0 113.0 53.0
obstacle
0.0291776657104
302.0 297.0 123.0 37.0
obstacle
0.0291444454342
163.0 159.0 23.0 17.0
obstacle
0.0290079787374
165.0 310.0 21.0 22.0
obstacle
0.0285975318402
236.0 2.0 29.0 20.0
obstacle
0.0285757891834
274.0 206.0 30.0 17.0
obstacle
0.0281140320003
317.0 63.0 93.0 58.0
obstacle
0.0276571512222
195.0 236.0 108.0 63.0
obstacle
0.0275514274836
79.0 277.0 342.0 57.0
obstacle
0.0273987427354
115.0 283.0 35.0 22.0
obstacle
0.0273395124823
122.0 207.0 24.0 20.0
obstacle
0.0271097719669
122.0 53.0 21.0 22.0
obstacle
0.0270614344627
279.0 52.0 22.0 23.0
obstacle
0.0270267687738
199.0 256.0 27.0 23.0
obstacle
0.026995619759
313.0 112.0 98.0 55.0
obstacle
0.0269058793783
86.0 134.0 17.0 15.0
obstacle
0.0268019810319
428.0 26.0 26.0 24.0
obstacle
0.0267547052354
157.0 233.0 105.0 70.0
obstacle
0.0266693085432
353.0 26.0 23.0 24.0
obstacle
0.0266277641058
470.0 28.0 25.0 18.0
obstacle
0.0263841114938
239.0 186.0 86.0 57.0
obstacle
0.026259591803
354.0 81.0 20.0 18.0
obstacle
0.0262581799179
271.0 189.0 104.0 62.0
obstacle
0.026240369305
236.0 257.0 30.0 22.0
obstacle
0.0262274090201
162.0 81.0 22.0 21.0
obstacle
0.0262106973678
116.0 150.0 122.0 43.0
obstacle
0.0259434841573
91.0 283.0 19.0 23.0
obstacle
0.0259273350239
471.0 56.0 22.0 16.0
obstacle
0.0257767997682
383.0 157.0 115.0 68.0
obstacle
0.0255273226649
276.0 2.0 25.0 20.0
obstacle
0.0253614261746
392.0 2.0 25.0 19.0
obstacle
0.0253153499216
468.0 156.0 25.0 21.0
obstacle
0.0251776687801
84.0 54.0 22.0 20.0
obstacle
0.0248656328768
431.0 311.0 24.0 21.0
obstacle
0.0248281285167
158.0 37.0 340.0 107.0
obstacle
0.0248102918267
45.0 130.0 16.0 17.0
obstacle
0.0247305165976
209.0 57.0 82.0 64.0
obstacle
0.0245599392802
122.0 309.0 23.0 22.0
obstacle
0.0245307218283
386.0 232.0 30.0 26.0
obstacle
0.0245268847793
312.0 259.0 27.0 20.0
obstacle
0.0244054496288
309.0 264.0 99.0 61.0
obstacle
0.0242002699524
384.0 236.0 115.0 66.0
obstacle
0.024098040536
202.0 55.0 21.0 19.0
obstacle
0.0240861903876
314.0 54.0 23.0 22.0
obstacle
0.0239654239267
239.0 240.0 97.0 58.0
obstacle
0.0238839369267
54.0 2.0 393.0 124.0
obstacle
0.0238613337278
393.0 156.0 22.0 20.0
obstacle
0.023615045473
0.0 93.0 114.0 49.0
obstacle
0.0235802307725
349.0 3.0 108.0 69.0
obstacle
0.0235103275627
87.0 157.0 20.0 20.0
obstacle
0.0233887471259
102.0 241.0 141.0 57.0
obstacle
0.0233457535505
310.0 282.0 33.0 26.0
obstacle
0.0232966449112
273.0 28.0 102.0 76.0
obstacle
0.0232290867716
95.0 215.0 84.0 60.0
obstacle
0.0231601949781
351.0 256.0 24.0 24.0
obstacle
0.023106135428
9.0 128.0 13.0 20.0
obstacle
0.0230050608516
41.0 0.0 109.0 82.0
obstacle
0.0227156244218
395.0 53.0 21.0 19.0
obstacle
0.0226813349873
160.0 54.0 25.0 20.0
obstacle
0.0224578157067
0.0 19.0 500.0 244.0
obstacle
0.0224226322025
121.0 81.0 25.0 22.0
obstacle
0.0223675873131
196.0 283.0 32.0 25.0
obstacle
0.0222138427198
170.0 54.0 84.0 75.0
obstacle
0.022138427943
233.0 283.0 32.0 21.0
obstacle
0.0220228135586
392.0 179.0 22.0 24.0
obstacle
0.0219594556838
439.0 0.0 61.0 80.0
obstacle
0.0217367038131
278.0 29.0 22.0 20.0
obstacle
0.0216817185283
433.0 55.0 24.0 19.0
obstacle
0.0216538608074
7.0 80.0 14.0 20.0
obstacle
0.0215401854366
312.0 309.0 28.0 22.0
obstacle
0.021512247622
239.0 0.0 99.0 55.0
obstacle
0.0214889086783
84.0 0.0 25.0 22.0
obstacle
0.0214193481952
6.0 205.0 16.0 24.0
obstacle
0.0212873648852
158.0 207.0 31.0 20.0
obstacle
0.0210388246924
83.0 56.0 100.0 70.0
obstacle
0.0209371633828
432.0 148.0 68.0 84.0
obstacle
0.020817451179
350.0 232.0 27.0 20.0
obstacle
0.0207312777638
6.0 0.0 105.0 80.0
obstacle
0.0206462647766
8.0 311.0 17.0 20.0
obstacle
0.0206315796822
42.0 110.0 21.0 17.0
obstacle
0.020540587604
203.0 262.0 91.0 68.0
obstacle
0.0204353239387
0.0 88.0 59.0 55.0
obstacle
0.0203150752932
118.0 0.0 109.0 83.0
obstacle
0.0201673619449
236.0 30.0 26.0 19.0
obstacle
0.0201294478029
197.0 0.0 107.0 55.0
obstacle
0.0200823079795
160.0 0.0 102.0 80.0
obstacle
0.0200156737119
389.0 311.0 27.0 21.0
obstacle
0.0199348013848
472.0 284.0 19.0 21.0
obstacle
0.0199341773987
121.0 159.0 25.0 17.0
obstacle
0.01987779513
474.0 310.0 14.0 19.0
obstacle
0.019862614572
390.0 27.0 26.0 22.0
obstacle
0.0198583453894
403.0 25.0 79.0 80.0
obstacle
0.0198186188936
44.0 112.0 106.0 59.0
obstacle
0.0197702720761
361.0 25.0 88.0 80.0
obstacle
0.0196896120906
156.0 257.0 29.0 23.0
obstacle
0.0196564551443
87.0 109.0 21.0 17.0
obstacle
0.0195772890002
472.0 257.0 17.0 20.0
obstacle
0.0195543579757
197.0 1.0 28.0 20.0
obstacle
0.0195322465152
82.0 0.0 103.0 82.0
obstacle
0.0194994322956
249.0 0.0 251.0 101.0
obstacle
0.0192633718252
46.0 55.0 22.0 20.0
obstacle
0.0191100165248
427.0 205.0 29.0 23.0
obstacle
0.0188268888742
7.0 283.0 17.0 23.0
obstacle
0.0187854487449
120.0 2.0 27.0 20.0
obstacle
0.0186497941613
428.0 281.0 30.0 26.0
obstacle
0.0186450742185
115.0 260.0 32.0 22.0
obstacle
0.0184885691851
64.0 284.0 140.0 50.0
obstacle
0.0184618644416
44.0 1.0 25.0 20.0
obstacle
0.0182349886745
0.0 158.0 486.0 176.0
obstacle
0.0182127859443
392.0 203.0 24.0 27.0
obstacle
0.0181690510362
272.0 216.0 103.0 56.0
obstacle
0.0179976634681
389.0 255.0 30.0 26.0
obstacle
0.017977502197
199.0 29.0 25.0 21.0
obstacle
0.0179322473705
429.0 256.0 24.0 24.0
obstacle
0.0179016590118
0.0 112.0 117.0 56.0
obstacle
0.0178912077099
87.0 255.0 20.0 27.0
obstacle
0.0178209599108
346.0 159.0 110.0 66.0
obstacle
0.0177511069924
126.0 50.0 95.0 81.0
obstacle
0.017725829035
8.0 1.0 18.0 21.0
obstacle
0.0176526494324
307.0 186.0 113.0 63.0
obstacle
0.0175727326423
337.0 260.0 130.0 69.0
obstacle
0.0175282247365
245.0 26.0 88.0 76.0
obstacle
0.0174135509878
472.0 206.0 23.0 21.0
obstacle
0.0173810441047
159.0 1.0 26.0 22.0
obstacle
0.0173499789089
351.0 203.0 27.0 27.0
obstacle
0.0173402391374
377.0 291.0 123.0 43.0
obstacle
0.0172745063901
0.0 0.0 270.0 100.0
obstacle
0.0171462651342
43.0 90.0 111.0 54.0
obstacle
0.0171411838382
316.0 32.0 100.0 65.0
obstacle
0.016927478835
160.0 26.0 27.0 25.0
obstacle
0.016867145896
83.0 26.0 25.0 25.0
obstacle
0.0168488454074
46.0 310.0 21.0 24.0
obstacle
0.016655633226
121.0 25.0 27.0 26.0
obstacle
0.0162523053586
45.0 203.0 23.0 29.0
obstacle
0.016197828576
44.0 0.0 335.0 74.0
obstacle
0.0161565318704
49.0 265.0 96.0 58.0
obstacle
0.01608604379
167.0 24.0 90.0 81.0
obstacle
0.0160472951829
86.0 310.0 20.0 20.0
obstacle
0.0159878917038
364.0 0.0 136.0 283.0
obstacle
0.0158763490617
0.0 56.0 63.0 69.0
obstacle
0.0158394649625
231.0 231.0 40.0 24.0
obstacle
0.0157182682306
0.0 226.0 65.0 86.0
obstacle
0.0157144926488
96.0 185.0 84.0 64.0
obstacle
0.0155219426379
357.0 53.0 18.0 19.0
obstacle
0.0153962243348
6.0 230.0 16.0 25.0
obstacle
0.0152280246839
0.0 177.0 64.0 81.0
obstacle
0.0152103751898
0.0 0.0 66.0 56.0
obstacle
0.015123446472
0.0 129.0 72.0 76.0
obstacle
0.0150063326582
0.0 108.0 62.0 63.0
obstacle
0.0150055270642
88.0 78.0 17.0 21.0
obstacle
0.0149425482377
49.0 79.0 19.0 21.0
obstacle
0.0148762045428
254.0 1.0 246.0 230.0
obstacle
0.0148499943316
50.0 56.0 93.0 66.0
obstacle
0.0146322250366
312.0 180.0 188.0 128.0
obstacle
0.01463210769
239.0 217.0 93.0 52.0
obstacle
0.0146076558158
5.0 180.0 18.0 24.0
obstacle
0.0145316086709
8.0 27.0 14.0 22.0
obstacle
0.0144993104041
5.0 52.0 103.0 75.0
obstacle
0.01448379457
46.0 155.0 20.0 21.0
obstacle
0.0144632318988
50.0 233.0 96.0 72.0
obstacle
0.0143729476258
383.0 179.0 113.0 80.0
obstacle
0.0141140883788
47.0 254.0 18.0 29.0
obstacle
0.0141121735796
0.0 103.0 277.0 131.0
obstacle
0.0141013776883
342.0 180.0 116.0 76.0
obstacle
0.0140505535528
45.0 179.0 20.0 25.0
obstacle
0.0140151977539
7.0 55.0 13.0 20.0
obstacle
0.0139758847654
0.0 284.0 128.0 50.0
obstacle
0.0139277782291
206.0 244.0 294.0 90.0
