obstacle
0.75953567028
31.0 170.0 52.0 51.0
obstacle
0.73234462738
279.0 139.0 169.0 40.0
obstacle
0.619998991489
82.0 148.0 194.0 50.0
obstacle
0.598486423492
87.0 163.0 165.0 48.0
obstacle
0.353015035391
259.0 127.0 210.0 66.0
obstacle
0.34523922205
117.0 191.0 112.0 42.0
obstacle
0.287050038576
289.0 131.0 98.0 34.0
obstacle
0.256346911192
0.0 133.0 271.0 80.0
obstacle
0.247933641076
329.0 133.0 138.0 35.0
obstacle
0.219658881426
6.0 185.0 95.0 49.0
obstacle
0.174768581986
280.0 143.0 115.0 28.0
obstacle
0.144556313753
173.0 105.0 315.0 84.0
obstacle
0.132494285703
0.0 169.0 66.0 49.0
obstacle
0.119481168687
46.0 157.0 24.0 29.0
obstacle
0.109772905707
376.0 146.0 105.0 35.0
obstacle
0.100197710097
38.0 197.0 35.0 30.0
obstacle
0.100065022707
186.0 209.0 33.0 17.0
obstacle
0.0936492159963
5.0 199.0 23.0 31.0
obstacle
0.0851466804743
22.0 144.0 70.0 56.0
obstacle
0.0797016248107
0.0 142.0 419.0 90.0
obstacle
0.079114228487
9.0 179.0 23.0 26.0
obstacle
0.0706147104502
22.0 84.0 301.0 125.0
obstacle
0.0617903806269
290.0 166.0 150.0 40.0
obstacle
0.0613258518279
37.0 163.0 106.0 54.0
obstacle
0.0601867437363
150.0 203.0 54.0 20.0
obstacle
0.0598719716072
390.0 109.0 24.0 18.0
obstacle
0.0577681399882
424.0 153.0 32.0 20.0
obstacle
0.055608253926
388.0 0.0 104.0 50.0
obstacle
0.0548768937588
307.0 135.0 30.0 19.0
obstacle
0.0548235885799
75.0 191.0 119.0 45.0
obstacle
0.0520843826234
340.0 155.0 44.0 18.0
obstacle
0.0510636121035
150.0 179.0 40.0 22.0
obstacle
0.0487483330071
192.0 158.0 37.0 22.0
obstacle
0.0485533960164
387.0 151.0 38.0 20.0
obstacle
0.0477296821773
46.0 153.0 107.0 40.0
obstacle
0.047392282635
388.0 124.0 89.0 46.0
obstacle
0.0459025688469
0.0 137.0 68.0 62.0
obstacle
0.0456081591547
151.0 158.0 39.0 23.0
obstacle
0.0450077392161
260.0 122.0 73.0 45.0
obstacle
0.0445449352264
349.0 135.0 25.0 19.0
obstacle
0.0438602603972
17.0 166.0 311.0 93.0
obstacle
0.0428095236421
121.0 215.0 101.0 50.0
obstacle
0.0408461652696
315.0 154.0 32.0 15.0
obstacle
0.0393410027027
352.0 82.0 26.0 16.0
obstacle
0.0392040424049
429.0 107.0 23.0 17.0
obstacle
0.0388195887208
311.0 257.0 28.0 21.0
obstacle
0.0386355109513
43.0 104.0 28.0 22.0
obstacle
0.0382709503174
198.0 106.0 25.0 19.0
obstacle
0.0377029851079
47.0 132.0 25.0 20.0
obstacle
0.0373869203031
356.0 110.0 21.0 19.0
obstacle
0.0373735316098
191.0 181.0 33.0 19.0
obstacle
0.0367368534207
282.0 132.0 17.0 20.0
obstacle
0.0359185822308
83.0 106.0 25.0 18.0
obstacle
0.0357555896044
313.0 82.0 27.0 18.0
obstacle
0.0356632135808
467.0 178.0 22.0 19.0
obstacle
0.035661753267
159.0 106.0 25.0 18.0
obstacle
0.0353043563664
356.0 58.0 20.0 14.0
obstacle
0.0349554158747
131.0 122.0 94.0 50.0
obstacle
0.0345179773867
422.0 132.0 29.0 24.0
obstacle
0.0345144458115
390.0 82.0 25.0 18.0
obstacle
0.0343826189637
5.0 157.0 24.0 21.0
obstacle
0.0342497080564
164.0 124.0 94.0 48.0
obstacle
0.0341032482684
348.0 257.0 27.0 20.0
obstacle
0.0340472012758
86.0 156.0 20.0 24.0
obstacle
0.0340117178857
179.0 146.0 122.0 45.0
obstacle
0.0337494798005
465.0 156.0 22.0 23.0
obstacle
0.0336610339582
275.0 238.0 103.0 63.0
obstacle
0.0334341228008
472.0 310.0 19.0 20.0
obstacle
0.0331162884831
85.0 178.0 21.0 26.0
obstacle
0.032945856452
121.0 107.0 25.0 18.0
obstacle
0.0322794690728
393.0 56.0 21.0 16.0
obstacle
0.0321599803865
311.0 235.0 105.0 65.0
obstacle
0.0318097919226
473.0 3.0 21.0 19.0
obstacle
0.0317311920226
233.0 143.0 267.0 87.0
obstacle
0.0316088311374
291.0 94.0 81.0 53.0
obstacle
0.0315857455134
0.0 165.0 180.0 107.0
obstacle
0.0310950968415
154.0 257.0 33.0 22.0
obstacle
0.0310746822506
362.0 0.0 84.0 45.0
obstacle
0.030996888876
316.0 58.0 21.0 15.0
obstacle
0.0309305340052
119.0 255.0 30.0 25.0
obstacle
0.0306573696434
41.0 229.0 26.0 22.0
obstacle
0.0303641725332
387.0 134.0 28.0 23.0
obstacle
0.0300054103136
59.0 216.0 145.0 48.0
obstacle
0.0299448408186
394.0 2.0 22.0 19.0
obstacle
0.0299287438393
5.0 105.0 22.0 20.0
obstacle
0.0298658143729
5.0 131.0 22.0 19.0
obstacle
0.0297819338739
353.0 3.0 23.0 19.0
obstacle
0.0297707486898
80.0 256.0 31.0 21.0
obstacle
0.0297623369843
386.0 165.0 100.0 44.0
obstacle
0.0296784993261
100.0 119.0 75.0 56.0
obstacle
0.0291668791324
314.0 3.0 26.0 20.0
obstacle
0.0291323363781
388.0 34.0 109.0 62.0
obstacle
0.028386797756
473.0 105.0 20.0 18.0
obstacle
0.028188822791
472.0 27.0 21.0 21.0
obstacle
0.0278576351702
304.0 189.0 119.0 51.0
obstacle
0.0274078398943
435.0 161.0 65.0 55.0
obstacle
0.0272027123719
313.0 107.0 24.0 23.0
obstacle
0.0270864702761
117.0 160.0 30.0 21.0
obstacle
0.0270227566361
111.0 236.0 121.0 64.0
obstacle
0.0270016714931
276.0 4.0 26.0 19.0
obstacle
0.0269965156913
8.0 1.0 21.0 22.0
obstacle
0.0269785355777
429.0 80.0 26.0 19.0
obstacle
0.0269684512168
276.0 81.0 24.0 19.0
obstacle
0.0269035268575
201.0 3.0 23.0 20.0
obstacle
0.0268489196897
278.0 57.0 19.0 17.0
obstacle
0.0268207397312
433.0 55.0 21.0 17.0
obstacle
0.0267949290574
35.0 235.0 114.0 64.0
obstacle
0.0266949497163
15.0 118.0 87.0 52.0
obstacle
0.0265863966197
315.0 0.0 100.0 55.0
obstacle
0.0262767449021
269.0 51.0 231.0 135.0
obstacle
0.0262572169304
276.0 0.0 101.0 57.0
obstacle
0.0262192692608
427.0 1.0 29.0 20.0
obstacle
0.0260866098106
114.0 176.0 37.0 22.0
obstacle
0.0259836316109
238.0 3.0 26.0 20.0
obstacle
0.0256977397949
161.0 3.0 25.0 19.0
obstacle
0.0254861041903
44.0 3.0 28.0 19.0
obstacle
0.0253503248096
433.0 0.0 67.0 56.0
obstacle
0.0251503270119
160.0 1.0 102.0 75.0
obstacle
0.0250175669789
429.0 256.0 24.0 23.0
obstacle
0.0248618423939
3.0 230.0 24.0 23.0
obstacle
0.0248593240976
0.0 0.0 116.0 53.0
obstacle
0.0248167552054
122.0 3.0 26.0 20.0
obstacle
0.0247399546206
45.0 0.0 101.0 54.0
obstacle
0.0247141737491
80.0 229.0 26.0 18.0
obstacle
0.0246085021645
386.0 55.0 106.0 72.0
obstacle
0.024558218196
195.0 133.0 31.0 20.0
obstacle
0.0243836957961
344.0 34.0 118.0 62.0
obstacle
0.0242211259902
417.0 141.0 83.0 52.0
obstacle
0.0241833552718
148.0 212.0 117.0 57.0
obstacle
0.0241744462401
159.0 32.0 103.0 64.0
obstacle
0.0240434408188
429.0 309.0 24.0 21.0
obstacle
0.0239711049944
199.0 27.0 21.0 23.0
obstacle
0.023854970932
200.0 122.0 97.0 43.0
obstacle
0.0238524377346
276.0 257.0 23.0 22.0
obstacle
0.0238516964018
309.0 211.0 110.0 64.0
obstacle
0.0237703006715
315.0 26.0 22.0 22.0
obstacle
0.0236969813704
118.0 228.0 30.0 22.0
obstacle
0.0236368924379
2.0 257.0 21.0 24.0
obstacle
0.0236146524549
84.0 134.0 22.0 20.0
obstacle
0.0236066002399
43.0 258.0 24.0 21.0
obstacle
0.0235604289919
353.0 26.0 24.0 22.0
obstacle
0.0235580261797
392.0 309.0 24.0 22.0
obstacle
0.0235377531499
161.0 80.0 22.0 18.0
obstacle
0.0234949868172
85.0 3.0 24.0 20.0
obstacle
0.0233927853405
234.0 256.0 29.0 25.0
obstacle
0.0233615338802
84.0 0.0 101.0 57.0
obstacle
0.0232419073582
121.0 136.0 23.0 19.0
obstacle
0.023240821436
398.0 84.0 83.0 66.0
obstacle
0.0231483113021
277.0 26.0 22.0 22.0
obstacle
0.023052835837
389.0 258.0 27.0 20.0
obstacle
0.0229806229472
163.0 82.0 92.0 70.0
obstacle
0.0228837244213
195.0 256.0 30.0 23.0
obstacle
0.0228159446269
253.0 4.0 247.0 120.0
obstacle
0.0227494481951
340.0 195.0 123.0 40.0
obstacle
0.0227249749005
315.0 308.0 22.0 22.0
obstacle
0.0227000173181
72.0 233.0 118.0 70.0
obstacle
0.0226629078388
123.0 26.0 24.0 23.0
obstacle
0.0226453039795
197.0 0.0 104.0 58.0
obstacle
0.0226373206824
473.0 257.0 21.0 21.0
obstacle
0.0226194486022
349.0 232.0 29.0 22.0
obstacle
0.0225890297443
201.0 57.0 16.0 15.0
obstacle
0.0224542282522
0.0 0.0 255.0 86.0
obstacle
0.022421438247
122.0 80.0 23.0 18.0
obstacle
0.0224111061543
233.0 180.0 26.0 18.0
obstacle
0.0223785564303
277.0 308.0 24.0 22.0
obstacle
0.0222454387695
237.0 0.0 102.0 56.0
obstacle
0.0222049504519
160.0 309.0 23.0 22.0
obstacle
0.0221880134195
346.0 56.0 111.0 69.0
obstacle
0.0221307240427
198.0 80.0 24.0 20.0
obstacle
0.0221151076257
197.0 165.0 84.0 43.0
obstacle
0.0221097189933
309.0 204.0 31.0 22.0
obstacle
0.0221044998616
85.0 81.0 21.0 17.0
obstacle
0.0221014712006
238.0 57.0 20.0 17.0
obstacle
0.0220569167286
475.0 54.0 17.0 18.0
obstacle
0.0218926221132
7.0 311.0 16.0 20.0
obstacle
0.0215435940772
47.0 310.0 19.0 21.0
obstacle
0.0215342771262
125.0 58.0 19.0 14.0
obstacle
0.0213999245316
339.0 285.0 134.0 48.0
obstacle
0.0213906317949
345.0 230.0 114.0 76.0
obstacle
0.0213439725339
122.0 0.0 102.0 56.0
obstacle
0.0213310997933
275.0 0.0 225.0 66.0
obstacle
0.0212997570634
14.0 53.0 395.0 129.0
obstacle
0.0211944263428
387.0 232.0 31.0 21.0
obstacle
0.0211081448942
106.0 0.0 364.0 80.0
obstacle
0.0210431087762
193.0 230.0 31.0 21.0
obstacle
0.0209636259824
277.0 106.0 21.0 23.0
obstacle
0.0208384748548
0.0 212.0 323.0 112.0
obstacle
0.0207169111818
239.0 25.0 21.0 25.0
obstacle
0.020667206496
237.0 132.0 22.0 19.0
obstacle
0.0206670947373
154.0 226.0 33.0 29.0
obstacle
0.0206434726715
6.0 79.0 14.0 19.0
obstacle
0.0206208806485
163.0 27.0 20.0 21.0
obstacle
0.0206083413213
86.0 58.0 20.0 14.0
obstacle
0.020462192595
347.0 203.0 35.0 23.0
obstacle
0.0202574115247
5.0 284.0 19.0 20.0
obstacle
0.0202452205122
320.0 96.0 93.0 48.0
obstacle
0.0202323514968
86.0 27.0 21.0 21.0
obstacle
0.020231531933
239.0 107.0 18.0 18.0
obstacle
0.0202123261988
475.0 284.0 20.0 18.0
obstacle
0.0201001986861
475.0 79.0 20.0 18.0
obstacle
0.0199030637741
275.0 28.0 104.0 72.0
obstacle
0.0197950657457
123.0 310.0 22.0 20.0
obstacle
0.0197659190744
359.0 93.0 87.0 53.0
obstacle
0.0197005774826
469.0 206.0 26.0 21.0
obstacle
0.0196734350175
0.0 230.0 62.0 76.0
obstacle
0.0196375753731
309.0 57.0 108.0 67.0
obstacle
0.0195399429649
45.0 80.0 21.0 18.0
obstacle
0.0191888529807
311.0 29.0 107.0 71.0
obstacle
0.0190127193928
439.0 75.0 61.0 78.0
obstacle
0.0189971942455
163.0 57.0 20.0 16.0
obstacle
0.0189824588597
121.0 282.0 26.0 24.0
obstacle
0.0189376249909
340.0 213.0 122.0 61.0
obstacle
0.0188525896519
124.0 31.0 99.0 66.0
obstacle
0.018794497475
83.0 283.0 25.0 21.0
obstacle
0.0187151581049
8.0 27.0 16.0 22.0
obstacle
0.0185520797968
473.0 231.0 20.0 21.0
obstacle
0.0185160394758
426.0 231.0 28.0 23.0
obstacle
0.0183504670858
0.0 44.0 349.0 243.0
obstacle
0.0182221867144
0.0 209.0 66.0 65.0
obstacle
0.0179803743958
314.0 232.0 26.0 22.0
obstacle
0.0179739780724
240.0 309.0 22.0 22.0
obstacle
0.0179077349603
189.0 231.0 117.0 76.0
obstacle
0.0178471971303
159.0 134.0 26.0 20.0
obstacle
0.0178283564746
282.0 56.0 88.0 69.0
obstacle
0.0177468601614
349.0 178.0 32.0 19.0
obstacle
0.0177276134491
425.0 204.0 34.0 22.0
obstacle
0.0176512114704
86.0 309.0 20.0 21.0
obstacle
0.0176428351551
199.0 309.0 22.0 21.0
obstacle
0.0175665766001
384.0 210.0 109.0 66.0
obstacle
0.0175540372729
239.0 78.0 19.0 22.0
obstacle
0.0175082366914
6.0 57.0 13.0 16.0
obstacle
0.0174662377685
0.0 74.0 64.0 82.0
obstacle
0.0174357257783
32.0 261.0 126.0 65.0
obstacle
0.0173789039254
4.0 235.0 103.0 63.0
obstacle
0.0173354931176
234.0 234.0 109.0 69.0
obstacle
0.0172935724258
47.0 57.0 20.0 15.0
obstacle
0.0170789584517
114.0 202.0 35.0 22.0
obstacle
0.0170461125672
149.0 211.0 351.0 116.0
obstacle
0.0169346183538
391.0 26.0 20.0 22.0
obstacle
0.0168477538973
145.0 26.0 355.0 129.0
obstacle
0.0168284904212
391.0 281.0 25.0 23.0
obstacle
0.0168073456734
389.0 227.0 103.0 83.0
obstacle
0.0167868360877
473.0 131.0 20.0 21.0
obstacle
0.0167608596385
53.0 81.0 85.0 68.0
obstacle
0.016691621393
156.0 51.0 106.0 78.0
obstacle
0.0166912805289
316.0 283.0 21.0 23.0
obstacle
0.0165431946516
127.0 79.0 91.0 75.0
obstacle
0.0165077503771
388.0 191.0 100.0 52.0
obstacle
0.0165055319667
198.0 283.0 26.0 22.0
obstacle
0.016496328637
0.0 54.0 206.0 124.0
obstacle
0.0164924524724
233.0 229.0 34.0 23.0
obstacle
0.0164345502853
17.0 0.0 309.0 128.0
obstacle
0.016430074349
234.0 28.0 109.0 73.0
obstacle
0.0163032542914
308.0 256.0 112.0 75.0
obstacle
0.0162707772106
353.0 282.0 25.0 24.0
obstacle
0.0162461120635
86.0 80.0 96.0 71.0
obstacle
0.0161876864731
277.0 231.0 26.0 22.0
obstacle
0.016107223928
231.0 159.0 25.0 21.0
obstacle
0.0160647630692
0.0 102.0 67.0 81.0
obstacle
0.0159911885858
160.0 284.0 24.0 20.0
obstacle
0.0159740224481
12.0 136.0 488.0 197.0
obstacle
0.0159384869039
271.0 210.0 110.0 66.0
obstacle
0.0159333590418
436.0 107.0 64.0 68.0
obstacle
0.015927804634
36.0 54.0 117.0 72.0
obstacle
0.0159237198532
425.0 178.0 75.0 77.0
obstacle
0.0156615003943
0.0 50.0 63.0 76.0
obstacle
0.0156610552222
229.0 210.0 113.0 65.0
obstacle
0.015646263957
270.0 183.0 109.0 66.0
obstacle
0.0156300067902
192.0 27.0 115.0 74.0
obstacle
0.0156039390713
0.0 0.0 62.0 75.0
obstacle
0.0155679415911
7.0 82.0 103.0 67.0
obstacle
0.015459976159
79.0 27.0 108.0 73.0
obstacle
0.0154260005802
31.0 194.0 116.0 40.0
obstacle
0.015397275798
353.0 309.0 22.0 20.0
obstacle
0.0150638408959
38.0 27.0 114.0 74.0
obstacle
0.0150398109108
119.0 51.0 106.0 78.0
obstacle
0.0150373056531
69.0 258.0 126.0 73.0
obstacle
0.0149551462382
0.0 285.0 73.0 48.0
obstacle
0.0149382865056
390.0 207.0 29.0 19.0
obstacle
0.0147994346917
240.0 55.0 94.0 74.0
obstacle
0.0146849155426
255.0 86.0 70.0 66.0
obstacle
0.0146734789014
231.0 143.0 125.0 37.0
obstacle
0.0145493280143
46.0 27.0 24.0 20.0
obstacle
0.0145229594782
77.0 201.0 27.0 24.0
obstacle
0.0143822422251
432.0 27.0 18.0 23.0
obstacle
0.0143551882356
0.0 0.0 500.0 239.0
obstacle
0.01426385995
209.0 81.0 81.0 71.0
obstacle
0.0141517240554
274.0 207.0 27.0 17.0
obstacle
0.0140816941857
427.0 178.0 33.0 22.0
obstacle
0.0138552812859
199.0 53.0 101.0 75.0
obstacle
0.0136782294139
356.0 8.0 98.0 59.0
obstacle
0.0136698866263
428.0 202.0 72.0 80.0
obstacle
0.0134836444631
230.0 284.0 116.0 49.0
obstacle
0.0134356664494
45.0 283.0 22.0 21.0
obstacle
0.013387770392
277.0 282.0 24.0 23.0
obstacle
0.0133782047778
235.0 282.0 26.0 24.0
obstacle
0.0133476220071
430.0 284.0 70.0 49.0
obstacle
0.0129522541538
429.0 282.0 25.0 22.0
obstacle
0.0129136191681
233.0 209.0 29.0 17.0
obstacle
0.0128866275772
271.0 253.0 108.0 80.0
