obstacle
0.454575002193
128.0 121.0 66.0 40.0
obstacle
0.349943757057
129.0 127.0 26.0 30.0
obstacle
0.302278846502
147.0 128.0 34.0 25.0
obstacle
0.218510210514
99.0 3.0 67.0 59.0
obstacle
0.215516656637
103.0 135.0 74.0 42.0
obstacle
0.167095184326
127.0 130.0 77.0 53.0
obstacle
0.166312217712
65.0 3.0 63.0 57.0
obstacle
0.112995199859
152.0 147.0 32.0 22.0
obstacle
0.112940594554
125.0 145.0 27.0 23.0
obstacle
0.111404627562
3.0 109.0 259.0 67.0
obstacle
0.109677173197
121.0 19.0 26.0 27.0
obstacle
0.0962518528104
24.0 4.0 72.0 57.0
obstacle
0.0908693149686
83.0 23.0 102.0 58.0
obstacle
0.0879145935178
131.0 4.0 80.0 58.0
obstacle
0.0853558629751
128.0 103.0 75.0 40.0
obstacle
0.0732077583671
149.0 120.0 106.0 40.0
obstacle
0.0698866099119
69.0 47.0 127.0 57.0
obstacle
0.0681524425745
119.0 64.0 28.0 18.0
obstacle
0.0627054199576
355.0 44.0 21.0 17.0
obstacle
0.0605174787343
0.0 0.0 56.0 47.0
obstacle
0.0600938275456
45.0 29.0 107.0 47.0
obstacle
0.0584715493023
120.0 41.0 29.0 22.0
obstacle
0.0579998716712
203.0 44.0 21.0 18.0
obstacle
0.0573093891144
129.0 113.0 21.0 17.0
obstacle
0.0565405078232
391.0 45.0 23.0 16.0
obstacle
0.0559571385384
154.0 111.0 27.0 22.0
obstacle
0.0549762919545
82.0 65.0 27.0 18.0
obstacle
0.0547949932516
122.0 89.0 26.0 16.0
obstacle
0.0543353669345
160.0 67.0 24.0 14.0
obstacle
0.0518233478069
277.0 45.0 22.0 17.0
obstacle
0.0517574511468
200.0 67.0 19.0 14.0
obstacle
0.0507801398635
112.0 25.0 120.0 56.0
obstacle
0.0507413186133
97.0 102.0 83.0 43.0
obstacle
0.0487505458295
316.0 43.0 21.0 19.0
obstacle
0.0473552793264
167.0 4.0 90.0 56.0
obstacle
0.0472111552954
162.0 88.0 20.0 17.0
obstacle
0.0463381446898
58.0 117.0 95.0 48.0
obstacle
0.0454187206924
0.0 15.0 324.0 79.0
obstacle
0.044727422297
284.0 0.0 84.0 44.0
obstacle
0.04448749125
8.0 0.0 18.0 21.0
obstacle
0.0439899787307
42.0 44.0 25.0 18.0
obstacle
0.0439127385616
391.0 66.0 24.0 18.0
obstacle
0.0423740409315
85.0 87.0 24.0 19.0
obstacle
0.042367503047
297.0 28.0 133.0 49.0
obstacle
0.0423268824816
237.0 87.0 22.0 19.0
obstacle
0.0419940166175
123.0 1.0 19.0 21.0
obstacle
0.0419123098254
239.0 45.0 21.0 16.0
obstacle
0.0418347492814
354.0 65.0 25.0 19.0
obstacle
0.0418249294162
81.0 71.0 103.0 55.0
obstacle
0.0415797233582
201.0 0.0 97.0 49.0
obstacle
0.040971595794
275.0 85.0 25.0 23.0
obstacle
0.0408599674702
160.0 43.0 24.0 18.0
obstacle
0.0408338904381
153.0 134.0 103.0 49.0
obstacle
0.0405010618269
0.0 0.0 477.0 154.0
obstacle
0.0401444844902
473.0 43.0 19.0 18.0
obstacle
0.0401047728956
0.0 176.0 331.0 101.0
obstacle
0.0399934090674
84.0 42.0 25.0 21.0
obstacle
0.0398869216442
120.0 46.0 101.0 58.0
obstacle
0.0398046523333
316.0 65.0 22.0 18.0
obstacle
0.0397783629596
249.0 0.0 80.0 52.0
obstacle
0.039758823812
429.0 44.0 27.0 17.0
obstacle
0.0396998673677
318.0 0.0 95.0 48.0
obstacle
0.0396690256894
5.0 28.0 106.0 49.0
obstacle
0.0396209172904
45.0 66.0 21.0 17.0
obstacle
0.0395398810506
212.0 5.0 288.0 97.0
obstacle
0.0387213304639
430.0 65.0 23.0 18.0
obstacle
0.0387191139162
83.0 21.0 25.0 24.0
obstacle
0.0384832397103
315.0 86.0 22.0 21.0
obstacle
0.0374108143151
353.0 87.0 24.0 20.0
obstacle
0.0374081842601
153.0 24.0 113.0 59.0
obstacle
0.0372984595597
46.0 87.0 22.0 19.0
obstacle
0.0372130796313
196.0 128.0 25.0 21.0
obstacle
0.0370867028832
232.0 60.0 113.0 74.0
obstacle
0.0367874987423
0.0 66.0 325.0 111.0
obstacle
0.0366486497223
385.0 4.0 109.0 55.0
obstacle
0.0366321466863
80.0 191.0 32.0 24.0
obstacle
0.0360180847347
44.0 21.0 23.0 23.0
obstacle
0.0359837263823
87.0 0.0 18.0 22.0
obstacle
0.0358807630837
199.0 89.0 20.0 15.0
obstacle
0.0356633327901
236.0 0.0 23.0 20.0
obstacle
0.0355033539236
154.0 46.0 109.0 59.0
obstacle
0.0353944301605
474.0 0.0 19.0 18.0
obstacle
0.0352181717753
117.0 215.0 30.0 21.0
obstacle
0.0350355021656
8.0 262.0 16.0 16.0
obstacle
0.0348914824426
155.0 215.0 32.0 22.0
obstacle
0.0347527079284
277.0 107.0 25.0 20.0
obstacle
0.0343856289983
197.0 43.0 103.0 64.0
obstacle
0.0343516394496
238.0 66.0 19.0 17.0
obstacle
0.034054197371
278.0 66.0 20.0 18.0
obstacle
0.0336853042245
154.0 194.0 31.0 20.0
obstacle
0.0335517637432
351.0 0.0 23.0 21.0
obstacle
0.0334571860731
472.0 150.0 21.0 20.0
obstacle
0.0334529839456
5.0 40.0 105.0 68.0
obstacle
0.0332134999335
197.0 108.0 21.0 20.0
obstacle
0.0331362299621
473.0 129.0 19.0 19.0
obstacle
0.0331279598176
86.0 133.0 24.0 18.0
obstacle
0.0330986119807
237.0 109.0 24.0 18.0
obstacle
0.0327703393996
195.0 216.0 29.0 20.0
obstacle
0.0327274464071
185.0 23.0 128.0 60.0
obstacle
0.0326970480382
472.0 172.0 21.0 19.0
obstacle
0.0325857363641
353.0 108.0 24.0 20.0
obstacle
0.0322636440396
358.0 27.0 16.0 15.0
obstacle
0.0322406813502
314.0 108.0 26.0 20.0
obstacle
0.0321797654033
159.0 21.0 21.0 23.0
obstacle
0.0320841595531
0.0 30.0 249.0 90.0
obstacle
0.0320099964738
274.0 24.0 22.0 18.0
obstacle
0.0316417776048
313.0 0.0 23.0 20.0
obstacle
0.0315817333758
474.0 64.0 19.0 18.0
obstacle
0.0314564183354
90.0 150.0 19.0 19.0
obstacle
0.0314034745097
126.0 73.0 90.0 52.0
obstacle
0.0313357301056
314.0 195.0 23.0 18.0
obstacle
0.0312573574483
55.0 92.0 91.0 53.0
obstacle
0.0311660449952
88.0 109.0 22.0 19.0
obstacle
0.0311102177948
353.0 0.0 101.0 46.0
obstacle
0.0310302935541
266.0 64.0 124.0 66.0
obstacle
0.0309860557318
471.0 195.0 22.0 17.0
obstacle
0.0306182280183
85.0 171.0 27.0 19.0
obstacle
0.0303975306451
351.0 173.0 104.0 64.0
obstacle
0.0301906242967
150.0 94.0 117.0 51.0
obstacle
0.0300141945481
124.0 192.0 95.0 68.0
obstacle
0.0298124495894
314.0 129.0 24.0 20.0
obstacle
0.0295517686754
353.0 129.0 23.0 21.0
obstacle
0.0295379087329
298.0 45.0 134.0 61.0
obstacle
0.0293593406677
5.0 108.0 20.0 22.0
obstacle
0.0292632058263
199.0 23.0 22.0 19.0
obstacle
0.029211467132
470.0 216.0 22.0 19.0
obstacle
0.0292091146111
46.0 108.0 22.0 21.0
obstacle
0.029193053022
234.0 130.0 29.0 17.0
obstacle
0.0287007633597
473.0 261.0 18.0 18.0
obstacle
0.0286712925881
114.0 44.0 349.0 105.0
obstacle
0.0286348387599
0.0 201.0 223.0 80.0
obstacle
0.028573025018
390.0 24.0 22.0 17.0
obstacle
0.0285545326769
50.0 175.0 96.0 57.0
obstacle
0.0285387597978
7.0 21.0 19.0 22.0
obstacle
0.028452899307
473.0 108.0 18.0 18.0
obstacle
0.0282634291798
193.0 194.0 32.0 21.0
obstacle
0.0280448831618
475.0 87.0 17.0 17.0
obstacle
0.0280218441039
277.0 0.0 22.0 20.0
obstacle
0.0280173644423
317.0 171.0 104.0 68.0
obstacle
0.0278677213937
313.0 217.0 25.0 19.0
obstacle
0.0278000384569
45.0 0.0 23.0 23.0
obstacle
0.0277474448085
120.0 192.0 27.0 21.0
obstacle
0.027564233169
232.0 194.0 31.0 21.0
obstacle
0.027554595843
193.0 66.0 113.0 63.0
obstacle
0.0275231860578
119.0 152.0 107.0 57.0
obstacle
0.0274776928127
198.0 0.0 22.0 20.0
obstacle
0.0274508800358
0.0 65.0 60.0 66.0
obstacle
0.0274101980031
315.0 24.0 21.0 17.0
obstacle
0.0273874774575
314.0 198.0 106.0 56.0
obstacle
0.0273689050227
233.0 216.0 31.0 20.0
obstacle
0.0272332690656
274.0 194.0 27.0 22.0
obstacle
0.027190329507
343.0 227.0 119.0 43.0
obstacle
0.0271532926708
318.0 260.0 22.0 20.0
obstacle
0.0270644538105
274.0 131.0 28.0 17.0
obstacle
0.0270457416773
87.0 189.0 94.0 73.0
obstacle
0.0268875192851
119.0 171.0 30.0 17.0
obstacle
0.0267214439809
233.0 150.0 31.0 18.0
obstacle
0.0266685448587
353.0 152.0 24.0 19.0
obstacle
0.0266183130443
201.0 260.0 20.0 21.0
obstacle
0.0264027938247
126.0 260.0 20.0 21.0
obstacle
0.0263618119061
45.0 129.0 24.0 20.0
obstacle
0.0263502392918
87.0 260.0 21.0 20.0
obstacle
0.0262312423438
8.0 65.0 100.0 64.0
obstacle
0.0262104608119
38.0 69.0 116.0 56.0
obstacle
0.0261914692819
436.0 0.0 64.0 47.0
obstacle
0.02617495507
54.0 139.0 99.0 44.0
obstacle
0.0261745899916
192.0 173.0 36.0 17.0
obstacle
0.0261377207935
311.0 85.0 110.0 67.0
obstacle
0.0259572956711
121.0 169.0 103.0 71.0
obstacle
0.0259142145514
352.0 194.0 28.0 20.0
obstacle
0.0259088557214
2.0 174.0 111.0 61.0
obstacle
0.0258940178901
150.0 158.0 118.0 50.0
obstacle
0.0258578751236
313.0 173.0 23.0 18.0
obstacle
0.0258024539798
313.0 150.0 25.0 20.0
obstacle
0.0255905557424
281.0 171.0 94.0 68.0
obstacle
0.0254732072353
121.0 200.0 334.0 81.0
obstacle
0.0252829119563
6.0 66.0 19.0 16.0
obstacle
0.0252315904945
427.0 88.0 25.0 17.0
obstacle
0.0251890290529
0.0 102.0 500.0 179.0
obstacle
0.0251772850752
239.0 23.0 19.0 20.0
obstacle
0.0251234415919
313.0 127.0 109.0 70.0
obstacle
0.0251127369702
239.0 262.0 20.0 18.0
obstacle
0.0250793825835
380.0 25.0 116.0 55.0
obstacle
0.0250777415931
6.0 87.0 19.0 19.0
obstacle
0.0250607710332
48.0 261.0 21.0 19.0
obstacle
0.0250333473086
153.0 248.0 119.0 33.0
obstacle
0.0249651316553
156.0 171.0 30.0 19.0
obstacle
0.0248041879386
390.0 0.0 25.0 18.0
obstacle
0.024788023904
203.0 174.0 91.0 62.0
obstacle
0.024616394192
277.0 235.0 27.0 24.0
obstacle
0.0245047286153
274.0 215.0 28.0 22.0
obstacle
0.0243310406804
279.0 261.0 19.0 20.0
obstacle
0.0243157185614
193.0 150.0 29.0 18.0
obstacle
0.024277055636
49.0 195.0 95.0 62.0
obstacle
0.0241407491267
81.0 215.0 28.0 22.0
obstacle
0.0241145547479
162.0 0.0 253.0 221.0
obstacle
0.0241027195007
354.0 260.0 25.0 19.0
obstacle
0.0240635965019
16.0 14.0 238.0 254.0
obstacle
0.0239114686847
315.0 106.0 103.0 68.0
obstacle
0.023834887892
235.0 173.0 26.0 18.0
obstacle
0.023831570521
156.0 174.0 108.0 61.0
obstacle
0.023737533018
273.0 172.0 29.0 21.0
obstacle
0.0235773697495
427.0 109.0 24.0 19.0
obstacle
0.0234562680125
117.0 245.0 115.0 36.0
obstacle
0.0234534349293
0.0 241.0 77.0 40.0
obstacle
0.0234498213977
345.0 153.0 117.0 62.0
obstacle
0.0233285482973
435.0 185.0 65.0 83.0
obstacle
0.0231433846056
163.0 259.0 21.0 22.0
obstacle
0.0230850316584
237.0 237.0 27.0 21.0
obstacle
0.0230694562197
199.0 218.0 101.0 59.0
obstacle
0.0230014566332
5.0 85.0 109.0 68.0
obstacle
0.022916527465
428.0 1.0 24.0 17.0
obstacle
0.0228833369911
191.0 89.0 115.0 59.0
obstacle
0.0228472892195
473.0 239.0 19.0 16.0
obstacle
0.0227551497519
426.0 195.0 25.0 19.0
obstacle
0.0225853770971
317.0 237.0 26.0 21.0
obstacle
0.022513339296
427.0 174.0 25.0 17.0
obstacle
0.0223937314004
306.0 224.0 120.0 49.0
obstacle
0.0223855990916
44.0 215.0 26.0 22.0
obstacle
0.0222352333367
273.0 151.0 30.0 19.0
obstacle
0.0221667774022
9.0 44.0 15.0 18.0
obstacle
0.022072987631
390.0 87.0 24.0 19.0
obstacle
0.0220331437886
240.0 174.0 99.0 61.0
obstacle
0.0220289397985
476.0 23.0 16.0 17.0
obstacle
0.0218932908028
41.0 24.0 344.0 103.0
obstacle
0.0215978194028
41.0 193.0 29.0 21.0
obstacle
0.0215230025351
354.0 173.0 24.0 20.0
obstacle
0.0214728098363
384.0 194.0 33.0 22.0
obstacle
0.0214631855488
430.0 259.0 22.0 22.0
obstacle
0.0214374680072
190.0 135.0 114.0 53.0
obstacle
0.0213176924735
157.0 194.0 106.0 65.0
obstacle
0.0213141106069
300.0 248.0 133.0 33.0
obstacle
0.0212870966643
276.0 194.0 101.0 64.0
obstacle
0.0212834384292
0.0 88.0 59.0 64.0
obstacle
0.0212688520551
424.0 13.0 76.0 80.0
obstacle
0.0212577916682
160.0 0.0 19.0 22.0
obstacle
0.0211706496775
201.0 194.0 99.0 65.0
obstacle
0.0211567915976
80.0 245.0 113.0 36.0
obstacle
0.0211047567427
439.0 101.0 61.0 78.0
obstacle
0.0210477560759
384.0 237.0 32.0 22.0
obstacle
0.0209816507995
6.0 239.0 20.0 18.0
obstacle
0.0207025669515
6.0 129.0 16.0 22.0
obstacle
0.020560760051
352.0 132.0 102.0 60.0
obstacle
0.0205172076821
355.0 239.0 27.0 19.0
obstacle
0.0204247962683
7.0 197.0 100.0 59.0
obstacle
0.0203833077103
168.0 70.0 86.0 55.0
obstacle
0.02033139579
0.0 0.0 196.0 61.0
obstacle
0.020225616172
82.0 236.0 30.0 22.0
obstacle
0.0201471596956
386.0 174.0 31.0 20.0
obstacle
0.0199897047132
431.0 24.0 20.0 15.0
obstacle
0.0199011247605
271.0 107.0 111.0 66.0
obstacle
0.0198769979179
349.0 64.0 108.0 66.0
obstacle
0.0198094435036
437.0 144.0 63.0 79.0
obstacle
0.019762776792
159.0 237.0 27.0 19.0
obstacle
0.0196801107377
273.0 242.0 111.0 39.0
obstacle
0.0194627568126
389.0 153.0 28.0 18.0
obstacle
0.0194136295468
43.0 172.0 27.0 19.0
obstacle
0.0193622410297
384.0 46.0 115.0 58.0
obstacle
0.0191631168127
389.0 64.0 104.0 67.0
obstacle
0.0191422961652
389.0 109.0 28.0 20.0
obstacle
0.0191184841096
427.0 152.0 24.0 18.0
obstacle
0.0191080253571
429.0 242.0 71.0 39.0
obstacle
0.0190834477544
30.0 227.0 361.0 54.0
obstacle
0.0190667919815
53.0 98.0 241.0 183.0
obstacle
0.0190460141748
6.0 171.0 15.0 22.0
obstacle
0.0190337020904
0.0 46.0 62.0 58.0
obstacle
0.0190254822373
5.0 217.0 20.0 18.0
obstacle
0.0189856216311
93.0 158.0 81.0 45.0
obstacle
0.0189854763448
227.0 245.0 123.0 36.0
obstacle
0.0189753212035
121.0 237.0 26.0 20.0
obstacle
0.0189627967775
198.0 156.0 100.0 53.0
obstacle
0.0189353860915
427.0 130.0 24.0 18.0
obstacle
0.0188899654895
46.0 235.0 26.0 23.0
obstacle
0.0187949482352
427.0 217.0 26.0 18.0
obstacle
0.0187565479428
6.0 194.0 17.0 20.0
obstacle
0.0187499411404
190.0 114.0 114.0 53.0
obstacle
0.0187329389155
237.0 150.0 104.0 65.0
obstacle
0.0187303349376
73.0 0.0 356.0 80.0
obstacle
0.0186971984804
44.0 218.0 105.0 60.0
obstacle
0.0186234395951
66.0 88.0 366.0 104.0
obstacle
0.0185536332428
236.0 219.0 108.0 58.0
obstacle
0.0185455512255
274.0 129.0 107.0 65.0
obstacle
0.0182695351541
237.0 196.0 106.0 60.0
obstacle
0.0182193890214
92.0 0.0 238.0 169.0
obstacle
0.0181547477841
218.0 221.0 282.0 60.0
obstacle
0.0181375723332
351.0 216.0 28.0 21.0
obstacle
0.0180278625339
3.0 221.0 110.0 55.0
obstacle
0.0177353583276
0.0 140.0 238.0 88.0
obstacle
0.0177189018577
89.0 171.0 88.0 64.0
obstacle
0.0177165921777
389.0 197.0 103.0 61.0
obstacle
0.0175744500011
201.0 237.0 24.0 19.0
obstacle
0.0175193287432
391.0 172.0 97.0 67.0
obstacle
0.017462445423
53.0 152.0 92.0 60.0
obstacle
0.0174231026322
427.0 239.0 28.0 18.0
obstacle
0.0171054489911
234.0 110.0 109.0 60.0
obstacle
0.0170024167746
393.0 260.0 20.0 18.0
obstacle
0.0169482901692
312.0 90.0 188.0 102.0
obstacle
0.0169131942093
351.0 89.0 103.0 60.0
obstacle
0.0168730635196
357.0 112.0 93.0 57.0
obstacle
0.016752589494
307.0 125.0 193.0 118.0
