obstacle
0.555097997189
30.0 165.0 282.0 98.0
obstacle
0.301403671503
384.0 137.0 33.0 12.0
obstacle
0.292409837246
0.0 139.0 116.0 60.0
obstacle
0.258931607008
99.0 178.0 141.0 73.0
obstacle
0.254915744066
3.0 162.0 105.0 56.0
obstacle
0.220665901899
28.0 183.0 146.0 59.0
obstacle
0.211902230978
193.0 108.0 25.0 15.0
obstacle
0.164219066501
361.0 122.0 86.0 41.0
obstacle
0.157226353884
0.0 131.0 233.0 123.0
obstacle
0.140666037798
117.0 154.0 30.0 17.0
obstacle
0.133737728
172.0 95.0 76.0 43.0
obstacle
0.125030189753
2.0 155.0 37.0 23.0
obstacle
0.113532811403
89.0 145.0 81.0 41.0
obstacle
0.10873940587
151.0 165.0 111.0 66.0
obstacle
0.107277005911
418.0 135.0 39.0 13.0
obstacle
0.103730022907
78.0 157.0 28.0 20.0
obstacle
0.102203831077
40.0 157.0 32.0 20.0
obstacle
0.0871337354183
122.0 138.0 21.0 14.0
obstacle
0.0845666974783
348.0 134.0 110.0 58.0
obstacle
0.0820713043213
3.0 179.0 32.0 25.0
obstacle
0.0798349007964
117.0 210.0 107.0 56.0
obstacle
0.0760109722614
46.0 126.0 99.0 41.0
obstacle
0.0756839364767
0.0 120.0 170.0 94.0
obstacle
0.0727349892259
48.0 158.0 89.0 72.0
obstacle
0.0667760148644
35.0 179.0 38.0 23.0
obstacle
0.0662286505103
383.0 152.0 38.0 21.0
obstacle
0.0611400231719
6.0 193.0 113.0 42.0
obstacle
0.0609761364758
0.0 187.0 360.0 103.0
obstacle
0.0603194124997
4.0 117.0 110.0 58.0
obstacle
0.0575024187565
68.0 155.0 128.0 78.0
obstacle
0.0540470294654
381.0 139.0 113.0 52.0
obstacle
0.053163100034
93.0 126.0 73.0 39.0
obstacle
0.052446026355
157.0 157.0 28.0 19.0
obstacle
0.050235055387
389.0 110.0 25.0 15.0
obstacle
0.0489363707602
133.0 96.0 87.0 43.0
obstacle
0.0485931299627
84.0 138.0 23.0 12.0
obstacle
0.0485607162118
471.0 131.0 23.0 16.0
obstacle
0.0481707043946
234.0 108.0 24.0 14.0
obstacle
0.0468814894557
118.0 164.0 106.0 65.0
obstacle
0.0457024388015
356.0 134.0 26.0 12.0
obstacle
0.0450069457293
41.0 137.0 23.0 12.0
obstacle
0.0446620881557
318.0 118.0 99.0 47.0
obstacle
0.0433251336217
132.0 119.0 79.0 47.0
obstacle
0.0432107560337
200.0 131.0 22.0 14.0
obstacle
0.042955480516
194.0 180.0 31.0 26.0
obstacle
0.0425880663097
315.0 109.0 21.0 15.0
obstacle
0.0424541644752
164.0 114.0 86.0 53.0
obstacle
0.0412767864764
71.0 213.0 126.0 50.0
obstacle
0.0401834994555
425.0 154.0 34.0 19.0
obstacle
0.0396788865328
46.0 109.0 22.0 14.0
obstacle
0.0394999682903
73.0 205.0 45.0 21.0
obstacle
0.0389517843723
276.0 109.0 24.0 14.0
obstacle
0.0387058481574
200.0 89.0 96.0 54.0
obstacle
0.0385122485459
317.0 136.0 99.0 54.0
obstacle
0.0381621047854
0.0 189.0 68.0 46.0
obstacle
0.0380378328264
434.0 15.0 66.0 96.0
obstacle
0.0377701893449
471.0 52.0 22.0 23.0
obstacle
0.0375559404492
250.0 92.0 250.0 94.0
obstacle
0.0367059744895
159.0 213.0 95.0 56.0
obstacle
0.0364757589996
88.0 109.0 18.0 14.0
obstacle
0.0364073738456
155.0 204.0 39.0 28.0
obstacle
0.0362775176764
164.0 110.0 20.0 13.0
obstacle
0.0351942926645
431.0 110.0 21.0 14.0
obstacle
0.0349742993712
474.0 26.0 19.0 21.0
obstacle
0.0347782596946
472.0 3.0 20.0 18.0
obstacle
0.0347093604505
119.0 146.0 97.0 41.0
obstacle
0.0345047153533
474.0 106.0 18.0 16.0
obstacle
0.0341518595815
157.0 134.0 26.0 14.0
obstacle
0.0337151885033
166.0 180.0 22.0 24.0
obstacle
0.0335354059935
430.0 52.0 24.0 24.0
obstacle
0.0330610200763
197.0 157.0 28.0 19.0
obstacle
0.0329628027976
190.0 108.0 113.0 64.0
obstacle
0.0327845662832
196.0 203.0 31.0 28.0
obstacle
0.0325527712703
469.0 204.0 25.0 23.0
obstacle
0.0325391069055
124.0 112.0 20.0 13.0
obstacle
0.0319221802056
398.0 22.0 90.0 85.0
obstacle
0.0318134613335
47.0 308.0 22.0 22.0
obstacle
0.0316689163446
428.0 2.0 29.0 20.0
obstacle
0.0314601249993
352.0 108.0 25.0 15.0
obstacle
0.031432621181
310.0 204.0 28.0 22.0
obstacle
0.0312100518495
8.0 108.0 16.0 17.0
obstacle
0.0311773121357
352.0 153.0 26.0 19.0
obstacle
0.0310531631112
190.0 234.0 39.0 22.0
obstacle
0.0306146163493
39.0 205.0 35.0 21.0
obstacle
0.0305638629943
235.0 179.0 23.0 29.0
obstacle
0.030496917665
391.0 86.0 97.0 62.0
obstacle
0.0304953157902
471.0 153.0 25.0 20.0
obstacle
0.0303988102823
137.0 59.0 363.0 115.0
obstacle
0.030364299193
430.0 107.0 70.0 66.0
obstacle
0.0302969049662
354.0 93.0 100.0 48.0
obstacle
0.0302848555148
424.0 283.0 76.0 50.0
obstacle
0.030037920922
275.0 131.0 27.0 16.0
obstacle
0.0298816300929
231.0 110.0 110.0 62.0
obstacle
0.0295717120171
236.0 130.0 23.0 15.0
obstacle
0.029554689303
277.0 53.0 21.0 20.0
obstacle
0.0292769279331
237.0 204.0 20.0 23.0
obstacle
0.0292746461928
0.0 57.0 363.0 120.0
obstacle
0.0292162112892
0.0 112.0 62.0 66.0
obstacle
0.0292084403336
119.0 205.0 32.0 22.0
obstacle
0.0291221234947
342.0 159.0 123.0 63.0
obstacle
0.0287831388414
471.0 308.0 22.0 24.0
obstacle
0.0284062363207
18.0 115.0 306.0 110.0
obstacle
0.028048645705
62.0 139.0 371.0 112.0
obstacle
0.0278686098754
311.0 230.0 28.0 24.0
obstacle
0.0277989376336
474.0 80.0 19.0 18.0
obstacle
0.0276222396642
238.0 156.0 20.0 20.0
obstacle
0.0276007428765
83.0 54.0 23.0 20.0
obstacle
0.0275157410651
313.0 155.0 26.0 21.0
obstacle
0.0273923594505
270.0 136.0 114.0 62.0
obstacle
0.027266509831
168.0 62.0 82.0 61.0
obstacle
0.0272276178002
277.0 89.0 101.0 56.0
obstacle
0.0271957647055
0.0 91.0 236.0 106.0
obstacle
0.0269780270755
233.0 86.0 109.0 61.0
obstacle
0.0267842058092
238.0 2.0 23.0 20.0
obstacle
0.0264213830233
122.0 55.0 23.0 20.0
obstacle
0.0261689797044
151.0 231.0 37.0 20.0
obstacle
0.026133665815
316.0 133.0 24.0 14.0
obstacle
0.026015534997
1.0 202.0 28.0 22.0
obstacle
0.0256541371346
200.0 3.0 24.0 19.0
obstacle
0.0252243950963
161.0 2.0 25.0 20.0
obstacle
0.0251802280545
125.0 81.0 19.0 20.0
obstacle
0.0250428859144
78.0 180.0 28.0 22.0
obstacle
0.0248980466276
0.0 167.0 167.0 96.0
obstacle
0.0247951187193
429.0 27.0 30.0 23.0
obstacle
0.0244820080698
0.0 54.0 389.0 226.0
obstacle
0.024233141914
277.0 1.0 24.0 21.0
obstacle
0.0242092814296
351.0 2.0 28.0 21.0
obstacle
0.0241928566247
272.0 112.0 111.0 58.0
obstacle
0.0240692570806
305.0 0.0 122.0 84.0
obstacle
0.0238411892205
394.0 80.0 20.0 21.0
obstacle
0.0237722396851
7.0 1.0 17.0 22.0
obstacle
0.0234188083559
384.0 156.0 114.0 70.0
obstacle
0.0234068389982
310.0 155.0 111.0 72.0
obstacle
0.0232969280332
13.0 0.0 92.0 78.0
obstacle
0.0232696123421
396.0 0.0 94.0 59.0
obstacle
0.0231304895133
241.0 132.0 92.0 68.0
obstacle
0.0230081267655
125.0 181.0 22.0 20.0
obstacle
0.0229976139963
202.0 0.0 97.0 79.0
obstacle
0.0229317378253
431.0 124.0 69.0 81.0
obstacle
0.0229048002511
393.0 54.0 23.0 21.0
obstacle
0.0228377636522
45.0 53.0 23.0 22.0
obstacle
0.0228019114584
77.0 230.0 32.0 21.0
obstacle
0.0227152071893
425.0 205.0 32.0 24.0
obstacle
0.0226993542165
176.0 114.0 324.0 104.0
obstacle
0.022573178634
6.0 134.0 22.0 19.0
obstacle
0.022363781929
433.0 83.0 67.0 66.0
obstacle
0.0222730543464
352.0 54.0 26.0 20.0
obstacle
0.0222686678171
46.0 80.0 22.0 20.0
obstacle
0.0221390239894
427.0 228.0 28.0 28.0
obstacle
0.0221091266721
199.0 54.0 25.0 20.0
obstacle
0.0220926795155
201.0 174.0 83.0 79.0
obstacle
0.0220266394317
351.0 0.0 105.0 81.0
obstacle
0.0219545494765
131.0 24.0 83.0 81.0
obstacle
0.0219402126968
162.0 54.0 22.0 20.0
obstacle
0.0219084378332
89.0 23.0 87.0 83.0
obstacle
0.0218720082194
312.0 254.0 27.0 25.0
obstacle
0.0218510422856
381.0 256.0 119.0 77.0
obstacle
0.021841391921
424.0 177.0 76.0 80.0
obstacle
0.0218251552433
275.0 155.0 23.0 22.0
obstacle
0.0218191258609
471.0 178.0 25.0 23.0
obstacle
0.0215473677963
311.0 181.0 28.0 21.0
obstacle
0.0212811268866
191.0 209.0 111.0 66.0
obstacle
0.0212724041194
263.0 158.0 123.0 66.0
obstacle
0.0211323201656
200.0 82.0 22.0 20.0
obstacle
0.0210768431425
6.0 79.0 18.0 22.0
obstacle
0.0210586618632
433.0 307.0 22.0 26.0
obstacle
0.0210395362228
268.0 208.0 112.0 70.0
obstacle
0.0209231153131
44.0 283.0 24.0 24.0
obstacle
0.0208249818534
427.0 256.0 28.0 23.0
obstacle
0.0208008289337
4.0 26.0 19.0 24.0
obstacle
0.0207871235907
183.0 0.0 317.0 127.0
obstacle
0.0206510256976
391.0 2.0 26.0 21.0
obstacle
0.0206367317587
470.0 229.0 24.0 24.0
obstacle
0.0205943677574
163.0 0.0 99.0 80.0
obstacle
0.0205833464861
311.0 93.0 112.0 48.0
obstacle
0.0203174930066
426.0 281.0 33.0 25.0
obstacle
0.0202317629009
126.0 0.0 95.0 54.0
obstacle
0.0202098991722
387.0 180.0 32.0 22.0
obstacle
0.0201510973275
8.0 308.0 18.0 23.0
obstacle
0.0201103594154
352.0 26.0 27.0 22.0
obstacle
0.020073607564
471.0 256.0 24.0 22.0
obstacle
0.0198989063501
377.0 232.0 123.0 73.0
obstacle
0.0198604725301
389.0 205.0 27.0 22.0
obstacle
0.0197090152651
352.0 178.0 25.0 23.0
obstacle
0.01964972727
350.0 205.0 27.0 23.0
obstacle
0.0195523593575
43.0 230.0 22.0 21.0
obstacle
0.0195229705423
10.0 24.0 97.0 80.0
obstacle
0.0194959975779
440.0 0.0 60.0 54.0
obstacle
0.0194572471082
0.0 0.0 345.0 76.0
obstacle
0.019379414618
269.0 0.0 118.0 79.0
obstacle
0.019320288673
380.0 205.0 120.0 76.0
obstacle
0.0192366875708
167.0 24.0 88.0 80.0
obstacle
0.0192221924663
314.0 1.0 24.0 22.0
obstacle
0.0191866308451
350.0 230.0 27.0 25.0
obstacle
0.0191342849284
149.0 234.0 119.0 62.0
obstacle
0.0190011058003
359.0 23.0 92.0 83.0
obstacle
0.0189714357257
86.0 81.0 21.0 19.0
obstacle
0.0189503524452
233.0 21.0 109.0 88.0
obstacle
0.018872987479
351.0 255.0 27.0 24.0
obstacle
0.018840784207
238.0 55.0 22.0 18.0
obstacle
0.0187711566687
316.0 310.0 22.0 19.0
obstacle
0.0186297614127
0.0 282.0 78.0 51.0
obstacle
0.0186080262065
122.0 1.0 24.0 21.0
obstacle
0.0185002684593
139.0 187.0 361.0 112.0
obstacle
0.0184671971947
195.0 254.0 30.0 23.0
obstacle
0.018326189369
120.0 281.0 28.0 24.0
obstacle
0.0183108504862
314.0 52.0 22.0 23.0
obstacle
0.0183003544807
5.0 52.0 18.0 24.0
obstacle
0.0182461570948
154.0 281.0 34.0 23.0
obstacle
0.0182458665222
109.0 258.0 125.0 70.0
obstacle
0.0182273890823
354.0 81.0 25.0 19.0
obstacle
0.0181472133845
53.0 212.0 394.0 112.0
obstacle
0.0181470084935
123.0 28.0 23.0 20.0
obstacle
0.0180391333997
237.0 27.0 25.0 21.0
obstacle
0.0180377289653
278.0 309.0 20.0 20.0
obstacle
0.0179830081761
201.0 309.0 21.0 22.0
obstacle
0.0179828554392
190.0 231.0 115.0 72.0
obstacle
0.0179485883564
4.0 254.0 22.0 25.0
obstacle
0.017884042114
195.0 282.0 31.0 22.0
obstacle
0.0176479984075
45.0 28.0 26.0 20.0
obstacle
0.0176348444074
5.0 230.0 22.0 22.0
obstacle
0.0175773967057
42.0 2.0 29.0 19.0
obstacle
0.0175696872175
243.0 0.0 90.0 52.0
obstacle
0.0175339765847
277.0 26.0 22.0 23.0
obstacle
0.0174863245338
433.0 81.0 21.0 19.0
obstacle
0.0174799710512
316.0 26.0 25.0 21.0
obstacle
0.0174701306969
427.0 179.0 28.0 22.0
obstacle
0.0174474660307
118.0 240.0 110.0 51.0
obstacle
0.0174059998244
389.0 256.0 28.0 23.0
obstacle
0.0171843543649
85.0 3.0 21.0 19.0
obstacle
0.0171287618577
362.0 56.0 86.0 70.0
obstacle
0.0170806739479
267.0 185.0 115.0 63.0
obstacle
0.0170420911163
276.0 179.0 20.0 27.0
obstacle
0.0170271620154
162.0 142.0 91.0 51.0
obstacle
0.016989633441
93.0 88.0 82.0 57.0
obstacle
0.0169441401958
306.0 178.0 115.0 78.0
obstacle
0.0168484020978
51.0 22.0 91.0 84.0
obstacle
0.0167399961501
156.0 253.0 34.0 26.0
obstacle
0.0167007278651
116.0 229.0 36.0 21.0
obstacle
0.0166865121573
9.0 84.0 98.0 64.0
obstacle
0.0166508965194
388.0 230.0 28.0 24.0
obstacle
0.0166138149798
122.0 58.0 98.0 67.0
obstacle
0.0165934208781
0.0 0.0 58.0 77.0
obstacle
0.0165447350591
390.0 26.0 26.0 24.0
obstacle
0.0164855122566
307.0 206.0 112.0 74.0
obstacle
0.0164468530566
81.0 254.0 26.0 26.0
obstacle
0.0164391677827
108.0 0.0 359.0 78.0
obstacle
0.0164312310517
89.0 5.0 91.0 69.0
obstacle
0.0163975898176
119.0 255.0 31.0 24.0
obstacle
0.0163276810199
161.0 308.0 23.0 22.0
obstacle
0.0163136087358
232.0 256.0 30.0 22.0
obstacle
0.0162856020033
122.0 309.0 24.0 21.0
obstacle
0.0162709895521
0.0 48.0 64.0 82.0
obstacle
0.0162356402725
472.0 282.0 22.0 22.0
obstacle
0.0160333048552
272.0 229.0 106.0 76.0
obstacle
0.0160140581429
200.0 27.0 22.0 21.0
obstacle
0.0160016138107
240.0 308.0 20.0 23.0
obstacle
0.015960296616
3.0 261.0 107.0 66.0
obstacle
0.0159559063613
230.0 232.0 31.0 20.0
obstacle
0.0159436576068
163.0 26.0 21.0 22.0
obstacle
0.0156876351684
44.0 254.0 22.0 26.0
obstacle
0.0155703341588
391.0 282.0 25.0 22.0
obstacle
0.0155197456479
0.0 229.0 74.0 78.0
obstacle
0.0155121749267
355.0 310.0 20.0 19.0
obstacle
0.0154108963907
84.0 310.0 20.0 17.0
obstacle
0.0153785170987
314.0 152.0 186.0 131.0
obstacle
0.015243508853
72.0 86.0 356.0 108.0
obstacle
0.0149290729314
344.0 208.0 116.0 71.0
obstacle
0.0148021867499
233.0 282.0 29.0 24.0
obstacle
0.014506585896
274.0 255.0 26.0 25.0
obstacle
0.0143793551251
316.0 81.0 22.0 17.0
obstacle
0.0143692316487
277.0 204.0 23.0 22.0
obstacle
0.0142891798168
64.0 28.0 370.0 126.0
obstacle
0.0142199900001
273.0 283.0 27.0 22.0
obstacle
0.0141071109101
370.0 0.0 130.0 198.0
obstacle
0.0141000123695
313.0 51.0 105.0 79.0
obstacle
0.0140417730436
240.0 80.0 20.0 21.0
obstacle
0.013999636285
200.0 50.0 95.0 83.0
obstacle
0.0139237511903
66.0 286.0 138.0 47.0
obstacle
0.0138596110046
236.0 155.0 98.0 76.0
obstacle
0.0138298375532
303.0 25.0 197.0 128.0
obstacle
0.0138133764267
342.0 183.0 122.0 69.0
obstacle
0.0137815680355
394.0 308.0 21.0 24.0
obstacle
0.0136306993663
5.0 282.0 21.0 26.0
obstacle
0.0135412188247
32.0 238.0 126.0 61.0
obstacle
0.0134888663888
350.0 283.0 29.0 21.0
obstacle
0.0134396441281
155.0 80.0 345.0 253.0
obstacle
0.0134015791118
77.0 240.0 115.0 56.0
obstacle
0.0133520402014
355.0 83.0 145.0 250.0
obstacle
0.013329573907
0.0 60.0 181.0 114.0
obstacle
0.0131731778383
313.0 281.0 25.0 27.0
obstacle
0.013103665784
0.0 214.0 199.0 109.0
obstacle
0.013034584932
45.0 0.0 102.0 79.0
obstacle
0.0129013331607
294.0 232.0 206.0 101.0
obstacle
0.0128489406779
0.0 83.0 56.0 65.0
obstacle
0.0128305545077
164.0 81.0 19.0 19.0
obstacle
0.0125046120957
86.0 28.0 19.0 20.0
obstacle
0.0124994264916
1.0 217.0 110.0 49.0
obstacle
0.0124766277149
187.0 286.0 127.0 47.0
obstacle
0.0124622955918
31.0 263.0 126.0 62.0
