obstacle
0.598844587803
357.0 129.0 73.0 27.0
obstacle
0.501366436481
128.0 154.0 244.0 62.0
obstacle
0.458974301815
158.0 163.0 188.0 40.0
obstacle
0.344626158476
377.0 138.0 49.0 15.0
obstacle
0.341968238354
208.0 146.0 165.0 56.0
obstacle
0.260754078627
345.0 136.0 36.0 15.0
obstacle
0.180846840143
186.0 136.0 270.0 69.0
obstacle
0.165801927447
164.0 153.0 109.0 40.0
obstacle
0.129252210259
265.0 150.0 114.0 43.0
obstacle
0.0858377888799
382.0 128.0 91.0 33.0
obstacle
0.0838514938951
258.0 169.0 113.0 27.0
obstacle
0.0824908316135
198.0 134.0 23.0 21.0
obstacle
0.0789466872811
0.0 169.0 119.0 46.0
obstacle
0.074727781117
235.0 179.0 39.0 18.0
obstacle
0.0739075094461
6.0 180.0 20.0 22.0
obstacle
0.0734101384878
0.0 160.0 72.0 62.0
obstacle
0.0716441348195
201.0 109.0 17.0 13.0
obstacle
0.0708551034331
275.0 180.0 33.0 16.0
obstacle
0.0691048875451
38.0 179.0 32.0 22.0
obstacle
0.0667746663094
422.0 137.0 25.0 16.0
obstacle
0.0632173195481
426.0 153.0 28.0 15.0
obstacle
0.0605136752129
313.0 178.0 27.0 17.0
obstacle
0.0578496269882
278.0 110.0 20.0 13.0
obstacle
0.0562316402793
239.0 108.0 21.0 15.0
obstacle
0.0560018531978
402.0 91.0 74.0 49.0
obstacle
0.0552109144628
280.0 133.0 18.0 18.0
obstacle
0.0536618903279
434.0 107.0 18.0 16.0
obstacle
0.0533388443291
238.0 132.0 21.0 21.0
obstacle
0.053272549063
369.0 97.0 72.0 42.0
obstacle
0.0524841882288
199.0 154.0 23.0 24.0
obstacle
0.0507177561522
472.0 151.0 22.0 23.0
obstacle
0.0495981387794
328.0 92.0 83.0 53.0
obstacle
0.0491487048566
317.0 133.0 24.0 16.0
obstacle
0.0488802529871
434.0 79.0 19.0 23.0
obstacle
0.0468601360917
40.0 165.0 108.0 54.0
obstacle
0.0465520769358
311.0 144.0 97.0 41.0
obstacle
0.0455761365592
347.0 134.0 100.0 50.0
obstacle
0.0439348034561
77.0 182.0 29.0 20.0
obstacle
0.0434730127454
244.0 108.0 256.0 66.0
obstacle
0.0420545637608
139.0 153.0 82.0 37.0
obstacle
0.0414506606758
354.0 80.0 22.0 20.0
obstacle
0.0398861840367
136.0 170.0 91.0 32.0
obstacle
0.039816185832
472.0 3.0 22.0 19.0
obstacle
0.039530839771
290.0 127.0 82.0 33.0
obstacle
0.0391641184688
280.0 156.0 20.0 26.0
obstacle
0.0384796708822
392.0 81.0 23.0 19.0
obstacle
0.0383377745748
387.0 141.0 97.0 47.0
obstacle
0.0382016226649
474.0 133.0 18.0 17.0
obstacle
0.0379507802427
353.0 111.0 22.0 15.0
obstacle
0.0374121889472
200.0 85.0 19.0 16.0
obstacle
0.0373130068183
347.0 154.0 27.0 23.0
obstacle
0.0370883829892
474.0 53.0 21.0 22.0
obstacle
0.0349627733231
392.0 152.0 26.0 16.0
obstacle
0.0347088351846
319.0 109.0 16.0 15.0
obstacle
0.0345805063844
175.0 116.0 72.0 57.0
obstacle
0.0340447165072
357.0 56.0 92.0 69.0
obstacle
0.0340041257441
355.0 53.0 22.0 23.0
obstacle
0.0338120125234
314.0 82.0 23.0 17.0
obstacle
0.0335629098117
310.0 156.0 27.0 25.0
obstacle
0.0332918763161
316.0 0.0 96.0 83.0
obstacle
0.0330150425434
317.0 58.0 99.0 66.0
obstacle
0.032985419035
279.0 81.0 19.0 18.0
obstacle
0.0318230763078
192.0 177.0 43.0 19.0
obstacle
0.0317784808576
160.0 130.0 25.0 20.0
obstacle
0.0317251458764
439.0 19.0 61.0 91.0
obstacle
0.0317005701363
8.0 0.0 100.0 81.0
obstacle
0.0314008146524
0.0 126.0 63.0 83.0
obstacle
0.0311843007803
123.0 82.0 20.0 19.0
obstacle
0.0310709942132
472.0 204.0 24.0 22.0
obstacle
0.0310532003641
395.0 107.0 21.0 17.0
obstacle
0.0305078588426
124.0 107.0 17.0 15.0
obstacle
0.0304826572537
169.0 87.0 84.0 57.0
obstacle
0.0303700976074
432.0 53.0 19.0 21.0
obstacle
0.030361533165
426.0 179.0 31.0 23.0
obstacle
0.030153343454
475.0 311.0 16.0 19.0
obstacle
0.0301016271114
269.0 230.0 37.0 22.0
obstacle
0.0298593882471
391.0 26.0 23.0 23.0
obstacle
0.0296969227493
316.0 53.0 22.0 23.0
obstacle
0.0295655261725
162.0 176.0 26.0 23.0
obstacle
0.0295536573976
394.0 53.0 20.0 22.0
obstacle
0.0294842422009
362.0 22.0 82.0 85.0
obstacle
0.0291804354638
89.0 90.0 322.0 111.0
obstacle
0.0291724465787
7.0 232.0 20.0 20.0
obstacle
0.0291680116206
275.0 0.0 100.0 84.0
obstacle
0.0290337204933
42.0 230.0 25.0 21.0
obstacle
0.0288925804198
161.0 107.0 21.0 14.0
obstacle
0.0284712966532
352.0 25.0 24.0 25.0
obstacle
0.0284467805177
429.0 2.0 29.0 20.0
obstacle
0.0284125097096
163.0 62.0 97.0 58.0
obstacle
0.0283966697752
354.0 0.0 97.0 81.0
obstacle
0.0281883794814
353.0 2.0 25.0 20.0
obstacle
0.0279966946691
353.0 257.0 24.0 23.0
obstacle
0.0278772544116
399.0 57.0 84.0 68.0
obstacle
0.0278383810073
241.0 53.0 20.0 23.0
obstacle
0.0274261534214
473.0 179.0 21.0 22.0
obstacle
0.0274103693664
391.0 2.0 27.0 20.0
obstacle
0.0271302573383
200.0 85.0 97.0 61.0
obstacle
0.027022941038
4.0 154.0 23.0 26.0
obstacle
0.0270220357925
122.0 131.0 23.0 17.0
obstacle
0.0270136147738
237.0 0.0 101.0 82.0
obstacle
0.0269897021353
429.0 25.0 24.0 24.0
obstacle
0.026923885569
385.0 161.0 108.0 60.0
obstacle
0.0269178822637
278.0 53.0 22.0 24.0
obstacle
0.026868192479
6.0 1.0 21.0 21.0
obstacle
0.026829790324
470.0 106.0 19.0 16.0
obstacle
0.0266270600259
470.0 82.0 23.0 18.0
obstacle
0.0265577323735
314.0 2.0 26.0 20.0
obstacle
0.0265390817076
0.0 210.0 67.0 64.0
obstacle
0.0265317559242
106.0 171.0 290.0 82.0
obstacle
0.0264912899584
159.0 2.0 28.0 20.0
obstacle
0.0264824181795
120.0 2.0 28.0 20.0
obstacle
0.0263939462602
198.0 2.0 27.0 20.0
obstacle
0.0262878648937
429.0 133.0 71.0 64.0
obstacle
0.0262664984912
394.0 0.0 95.0 80.0
obstacle
0.0261420402676
123.0 87.0 98.0 57.0
obstacle
0.0261242892593
79.0 58.0 111.0 67.0
obstacle
0.0260779112577
44.0 0.0 102.0 80.0
obstacle
0.0259231999516
275.0 3.0 27.0 19.0
obstacle
0.0258300714195
14.0 145.0 321.0 91.0
obstacle
0.0257915984839
429.0 282.0 27.0 23.0
obstacle
0.0255819316953
237.0 2.0 26.0 20.0
obstacle
0.025453010574
392.0 309.0 23.0 22.0
obstacle
0.0254142358899
2.0 137.0 112.0 64.0
obstacle
0.0253232549876
191.0 209.0 115.0 65.0
obstacle
0.0251535978168
82.0 130.0 25.0 19.0
obstacle
0.0250564925373
314.0 311.0 23.0 19.0
obstacle
0.0249823741615
231.0 229.0 35.0 23.0
obstacle
0.0249657612294
244.0 156.0 17.0 26.0
obstacle
0.0249188877642
472.0 27.0 22.0 20.0
obstacle
0.0248477589339
82.0 2.0 27.0 20.0
obstacle
0.024845642969
238.0 88.0 101.0 55.0
obstacle
0.0246823113412
44.0 2.0 27.0 20.0
obstacle
0.0245577171445
428.0 107.0 72.0 67.0
obstacle
0.0245195496827
84.0 0.0 99.0 82.0
obstacle
0.024516183883
162.0 0.0 338.0 103.0
obstacle
0.0244418587536
426.0 204.0 28.0 23.0
obstacle
0.024363592267
236.0 257.0 27.0 23.0
obstacle
0.0241703353822
389.0 231.0 26.0 23.0
obstacle
0.0241643153131
350.0 178.0 26.0 18.0
obstacle
0.0241500791162
436.0 0.0 64.0 57.0
obstacle
0.0240809749812
203.0 55.0 18.0 21.0
obstacle
0.0239858757704
274.0 257.0 27.0 23.0
obstacle
0.0239825472236
437.0 82.0 63.0 65.0
obstacle
0.0239631216973
5.0 130.0 16.0 20.0
obstacle
0.0239208433777
389.0 256.0 26.0 24.0
obstacle
0.0238965619355
274.0 54.0 105.0 72.0
obstacle
0.0238926615566
276.0 26.0 23.0 24.0
obstacle
0.0238052345812
313.0 256.0 26.0 23.0
obstacle
0.0237565599382
134.0 115.0 82.0 56.0
obstacle
0.0237225089222
314.0 26.0 24.0 24.0
obstacle
0.0236400775611
428.0 230.0 25.0 23.0
obstacle
0.0235584620386
6.0 283.0 20.0 23.0
obstacle
0.0235524121672
126.0 181.0 19.0 19.0
obstacle
0.0235365983099
428.0 311.0 26.0 22.0
obstacle
0.0234614945948
280.0 92.0 94.0 50.0
obstacle
0.0234486255795
85.0 107.0 18.0 14.0
obstacle
0.0233865771443
0.0 255.0 66.0 78.0
obstacle
0.0232856720686
239.0 82.0 20.0 18.0
obstacle
0.02317642048
427.0 256.0 27.0 24.0
obstacle
0.0231405682862
121.0 0.0 103.0 83.0
obstacle
0.0230203587562
195.0 0.0 108.0 83.0
obstacle
0.0230102706701
39.0 106.0 114.0 72.0
obstacle
0.0230019818991
207.0 116.0 84.0 58.0
obstacle
0.0229054074734
390.0 284.0 25.0 20.0
obstacle
0.0228943489492
385.0 256.0 113.0 75.0
obstacle
0.022873705253
158.0 0.0 105.0 83.0
obstacle
0.0225890185684
159.0 254.0 26.0 26.0
obstacle
0.022318167612
121.0 25.0 24.0 26.0
obstacle
0.0221254751086
277.0 311.0 20.0 20.0
obstacle
0.0220576710999
232.0 212.0 109.0 59.0
obstacle
0.0219233352691
238.0 25.0 22.0 25.0
obstacle
0.021835045889
108.0 59.0 360.0 116.0
obstacle
0.0217073410749
44.0 130.0 24.0 20.0
obstacle
0.0216619446874
122.0 204.0 24.0 22.0
obstacle
0.0216173250228
89.0 170.0 99.0 43.0
obstacle
0.0215571820736
0.0 0.0 256.0 98.0
obstacle
0.0215217731893
472.0 257.0 22.0 22.0
obstacle
0.0214275643229
160.0 25.0 24.0 25.0
obstacle
0.0214238222688
164.0 154.0 24.0 25.0
obstacle
0.021291859448
82.0 81.0 103.0 68.0
obstacle
0.0211455579847
381.0 181.0 116.0 71.0
obstacle
0.0211075823754
308.0 229.0 112.0 80.0
obstacle
0.0211063139141
41.0 0.0 342.0 79.0
obstacle
0.020958095789
0.0 140.0 183.0 104.0
obstacle
0.020914753899
474.0 230.0 20.0 22.0
obstacle
0.0209004208446
354.0 310.0 23.0 20.0
obstacle
0.0208292137831
350.0 231.0 27.0 24.0
obstacle
0.020772697404
199.0 25.0 23.0 26.0
obstacle
0.0207007434219
196.0 228.0 26.0 25.0
obstacle
0.0206158924848
127.0 155.0 17.0 20.0
obstacle
0.0202853046358
159.0 229.0 24.0 24.0
obstacle
0.0201810058206
236.0 52.0 106.0 74.0
obstacle
0.020113248378
391.0 205.0 25.0 20.0
obstacle
0.0201123580337
123.0 255.0 24.0 25.0
obstacle
0.0200969036669
161.0 309.0 20.0 22.0
obstacle
0.0200601834804
83.0 26.0 23.0 24.0
obstacle
0.0197923853993
239.0 312.0 20.0 20.0
obstacle
0.0197812430561
471.0 284.0 22.0 20.0
obstacle
0.0197624489665
310.0 232.0 30.0 21.0
obstacle
0.0196408908814
8.0 205.0 17.0 22.0
obstacle
0.0196344219148
116.0 178.0 346.0 127.0
obstacle
0.01954815723
200.0 309.0 20.0 22.0
obstacle
0.0194555670023
6.0 256.0 20.0 23.0
obstacle
0.0194059517235
274.0 227.0 103.0 83.0
obstacle
0.0192227885127
76.0 110.0 117.0 63.0
obstacle
0.0192122142762
166.0 53.0 17.0 22.0
obstacle
0.0192109979689
162.0 283.0 22.0 23.0
obstacle
0.0191687904298
124.0 53.0 21.0 23.0
obstacle
0.0191279221326
385.0 203.0 111.0 81.0
obstacle
0.0190698429942
124.0 309.0 20.0 22.0
obstacle
0.0190508216619
197.0 256.0 25.0 23.0
obstacle
0.018995186314
387.0 177.0 34.0 26.0
obstacle
0.0189830176532
45.0 27.0 24.0 22.0
obstacle
0.0188878607005
6.0 105.0 12.0 20.0
obstacle
0.0186995081604
164.0 83.0 19.0 19.0
obstacle
0.0186890847981
121.0 229.0 25.0 25.0
obstacle
0.0185834933072
0.0 51.0 500.0 232.0
obstacle
0.0185718331486
47.0 106.0 18.0 17.0
obstacle
0.0185399577022
0.0 102.0 64.0 78.0
obstacle
0.0185225773603
0.0 43.0 436.0 98.0
obstacle
0.0184139348567
310.0 204.0 104.0 77.0
obstacle
0.0182547327131
0.0 0.0 62.0 78.0
obstacle
0.0182480327785
196.0 58.0 106.0 65.0
obstacle
0.0182318221778
247.0 25.0 253.0 132.0
obstacle
0.0182177778333
46.0 60.0 102.0 62.0
obstacle
0.0182086676359
82.0 204.0 25.0 22.0
obstacle
0.0181717406958
301.0 163.0 115.0 46.0
obstacle
0.0181252602488
122.0 283.0 24.0 22.0
obstacle
0.0180419757962
122.0 60.0 102.0 63.0
obstacle
0.0180286858231
300.0 283.0 132.0 50.0
obstacle
0.0180104691535
45.0 83.0 101.0 65.0
obstacle
0.0179265476763
46.0 81.0 19.0 19.0
obstacle
0.0178492330015
252.0 120.0 73.0 45.0
obstacle
0.0178160406649
199.0 282.0 23.0 22.0
obstacle
0.0177938621491
166.0 190.0 167.0 47.0
obstacle
0.0177895855159
304.0 0.0 196.0 73.0
obstacle
0.0177748519927
85.0 282.0 24.0 23.0
obstacle
0.0176080316305
49.0 310.0 18.0 20.0
obstacle
0.0175846796483
7.0 27.0 17.0 22.0
obstacle
0.0175322629511
316.0 283.0 25.0 23.0
obstacle
0.0174616705626
47.0 53.0 22.0 23.0
obstacle
0.0173668190837
84.0 82.0 19.0 18.0
obstacle
0.017221853137
75.0 208.0 117.0 71.0
obstacle
0.0171343758702
115.0 230.0 116.0 76.0
obstacle
0.0171177871525
88.0 53.0 17.0 22.0
obstacle
0.0169664677233
229.0 227.0 114.0 84.0
obstacle
0.0168488267809
8.0 310.0 17.0 19.0
obstacle
0.0168442074209
83.0 256.0 25.0 23.0
obstacle
0.0167937297374
6.0 53.0 17.0 23.0
obstacle
0.0167796928436
87.0 308.0 20.0 23.0
obstacle
0.0167027749121
296.0 114.0 204.0 106.0
obstacle
0.0166977569461
353.0 282.0 25.0 23.0
obstacle
0.0165743045509
38.0 137.0 118.0 62.0
obstacle
0.0164823643863
0.0 180.0 65.0 73.0
obstacle
0.0164363328367
86.0 144.0 102.0 46.0
obstacle
0.016374533996
35.0 185.0 119.0 62.0
obstacle
0.0163579564542
1.0 59.0 115.0 62.0
obstacle
0.0163306742907
0.0 28.0 62.0 72.0
obstacle
0.0160408299416
348.0 226.0 112.0 86.0
obstacle
0.0156143475324
264.0 214.0 120.0 57.0
obstacle
0.0155136380345
277.0 283.0 24.0 22.0
obstacle
0.0155023904517
110.0 210.0 122.0 65.0
obstacle
0.0153634632006
228.0 204.0 272.0 129.0
obstacle
0.0153271481395
239.0 282.0 24.0 23.0
obstacle
0.0153078418225
83.0 154.0 25.0 22.0
obstacle
0.0151249440387
82.0 231.0 25.0 22.0
obstacle
0.0150262098759
30.0 0.0 470.0 190.0
obstacle
0.0149615248665
2.0 81.0 110.0 69.0
obstacle
0.0148309580982
74.0 227.0 120.0 84.0
obstacle
0.0147813567892
71.0 286.0 126.0 47.0
obstacle
0.0145916612819
184.0 286.0 134.0 47.0
obstacle
0.0142344590276
148.0 212.0 125.0 60.0
obstacle
0.0141595387831
0.0 71.0 299.0 139.0
obstacle
0.0140976253897
216.0 0.0 224.0 196.0
obstacle
0.014072121121
350.0 260.0 105.0 70.0
obstacle
0.0139789255336
0.0 189.0 118.0 54.0
obstacle
0.0138743501157
0.0 209.0 357.0 119.0
obstacle
0.0138255618513
270.0 260.0 114.0 67.0
obstacle
0.0136687159538
7.0 80.0 12.0 21.0
obstacle
0.0135757606477
43.0 282.0 24.0 25.0
obstacle
0.0135432295501
425.0 289.0 75.0 44.0
obstacle
0.0134984152392
440.0 257.0 60.0 75.0
obstacle
0.0134492088109
334.0 0.0 166.0 243.0
obstacle
0.0134488176554
318.0 70.0 182.0 93.0
obstacle
0.0133322719485
144.0 259.0 356.0 74.0
obstacle
0.0131411906332
46.0 205.0 19.0 22.0
obstacle
0.0131387738511
114.0 259.0 116.0 71.0
obstacle
0.0130504528061
45.0 256.0 23.0 24.0
obstacle
0.0128381252289
155.0 231.0 112.0 75.0
obstacle
0.0126938521862
294.0 151.0 206.0 133.0
obstacle
0.0126157719642
340.0 165.0 123.0 50.0
obstacle
0.0125486198813
434.0 228.0 66.0 83.0
obstacle
0.012362414971
0.0 227.0 70.0 83.0
obstacle
0.0122184790671
0.0 185.0 260.0 117.0
obstacle
0.0121733536944
351.0 206.0 25.0 19.0
obstacle
0.0121194086969
347.0 185.0 110.0 64.0
obstacle
0.0121069289744
0.0 82.0 62.0 64.0
obstacle
0.0118627576157
42.0 255.0 108.0 77.0
obstacle
0.0117933200672
85.0 0.0 257.0 173.0
obstacle
0.0115101160482
196.0 205.0 27.0 21.0
