obstacle
0.772053599358
44.0 129.0 334.0 74.0
obstacle
0.472777366638
225.0 68.0 117.0 25.0
obstacle
0.373865246773
234.0 75.0 43.0 16.0
obstacle
0.359296679497
269.0 66.0 98.0 32.0
obstacle
0.353302419186
184.0 78.0 41.0 14.0
obstacle
0.343786299229
308.0 74.0 36.0 16.0
obstacle
0.269508779049
260.0 75.0 41.0 15.0
obstacle
0.24384790659
173.0 71.0 80.0 28.0
obstacle
0.220419287682
38.0 141.0 125.0 51.0
obstacle
0.215331599116
167.0 79.0 30.0 15.0
obstacle
0.184787258506
194.0 56.0 114.0 32.0
obstacle
0.148000970483
20.0 82.0 307.0 131.0
obstacle
0.147872716188
190.0 114.0 116.0 63.0
obstacle
0.135455384851
102.0 133.0 150.0 64.0
obstacle
0.133800089359
297.0 64.0 114.0 40.0
obstacle
0.124580524862
343.0 78.0 28.0 12.0
obstacle
0.117090255022
148.0 124.0 127.0 83.0
obstacle
0.111355632544
176.0 48.0 81.0 43.0
obstacle
0.10568844527
212.0 136.0 142.0 59.0
obstacle
0.101834960282
230.0 130.0 32.0 25.0
obstacle
0.10088519007
115.0 165.0 113.0 43.0
obstacle
0.100275553763
144.0 69.0 71.0 36.0
obstacle
0.0999041348696
198.0 61.0 28.0 15.0
obstacle
0.0958134606481
88.0 107.0 23.0 25.0
obstacle
0.093321159482
150.0 163.0 114.0 51.0
obstacle
0.0919296592474
275.0 57.0 96.0 30.0
obstacle
0.0883841812611
0.0 141.0 323.0 91.0
obstacle
0.0816976055503
268.0 62.0 33.0 18.0
obstacle
0.0788526311517
193.0 182.0 36.0 18.0
obstacle
0.0766368582845
42.0 125.0 411.0 123.0
obstacle
0.0741714835167
75.0 165.0 114.0 46.0
obstacle
0.0722009912133
203.0 131.0 26.0 24.0
obstacle
0.0695761293173
124.0 81.0 20.0 16.0
obstacle
0.0676045492291
90.0 123.0 20.0 29.0
obstacle
0.0629452392459
175.0 120.0 86.0 48.0
obstacle
0.0625270530581
218.0 116.0 135.0 53.0
obstacle
0.0611113011837
235.0 60.0 32.0 16.0
obstacle
0.0607557296753
160.0 100.0 25.0 24.0
obstacle
0.0600888691843
311.0 60.0 28.0 18.0
obstacle
0.056918527931
39.0 255.0 29.0 23.0
obstacle
0.0552022568882
116.0 105.0 29.0 22.0
obstacle
0.0537050999701
278.0 132.0 82.0 65.0
obstacle
0.0515530817211
345.0 60.0 31.0 14.0
obstacle
0.0515051037073
199.0 82.0 98.0 64.0
obstacle
0.0509547367692
112.0 90.0 347.0 109.0
obstacle
0.0506276935339
204.0 156.0 23.0 23.0
obstacle
0.0487310476601
233.0 100.0 28.0 23.0
obstacle
0.048371784389
305.0 49.0 109.0 40.0
obstacle
0.0477989390492
163.0 62.0 26.0 12.0
obstacle
0.0470889769495
40.0 154.0 113.0 63.0
obstacle
0.0450120158494
8.0 238.0 99.0 60.0
obstacle
0.0444681495428
23.0 138.0 86.0 53.0
obstacle
0.0432516261935
92.0 51.0 311.0 74.0
obstacle
0.042764339596
354.0 104.0 22.0 18.0
obstacle
0.0415477491915
66.0 117.0 67.0 51.0
obstacle
0.0408819504082
473.0 2.0 20.0 19.0
obstacle
0.0403059013188
87.0 80.0 21.0 15.0
obstacle
0.0399828366935
162.0 155.0 29.0 23.0
obstacle
0.0381174013019
309.0 152.0 28.0 25.0
obstacle
0.0380506701767
131.0 52.0 93.0 35.0
obstacle
0.037286452949
3.0 41.0 340.0 98.0
obstacle
0.0371613539755
235.0 5.0 28.0 18.0
obstacle
0.0363040193915
471.0 230.0 22.0 21.0
obstacle
0.0362977571785
88.0 62.0 97.0 54.0
obstacle
0.036250166595
475.0 309.0 18.0 22.0
obstacle
0.0358728803694
86.0 85.0 90.0 63.0
obstacle
0.0356213115156
312.0 84.0 98.0 61.0
obstacle
0.0355908423662
197.0 104.0 31.0 19.0
obstacle
0.0354662910104
0.0 229.0 60.0 77.0
obstacle
0.0348536074162
80.0 256.0 27.0 23.0
obstacle
0.0345093235373
67.0 187.0 130.0 56.0
obstacle
0.0342582166195
308.0 203.0 34.0 24.0
obstacle
0.0337335951626
0.0 209.0 73.0 69.0
obstacle
0.0335457846522
170.0 11.0 88.0 59.0
obstacle
0.0331445299089
200.0 30.0 22.0 20.0
obstacle
0.0322076156735
250.0 12.0 78.0 57.0
obstacle
0.0319619476795
184.0 164.0 119.0 46.0
obstacle
0.0317776054144
201.0 0.0 95.0 59.0
obstacle
0.0312042459846
87.0 113.0 91.0 56.0
obstacle
0.0309928748757
312.0 5.0 28.0 16.0
obstacle
0.0305643156171
123.0 57.0 21.0 16.0
obstacle
0.0304690599442
274.0 4.0 28.0 18.0
obstacle
0.0303164552897
120.0 2.0 27.0 22.0
obstacle
0.030077945441
390.0 154.0 26.0 20.0
obstacle
0.0300692021847
238.0 308.0 22.0 22.0
obstacle
0.0299710594118
165.0 129.0 23.0 24.0
obstacle
0.0299372654408
472.0 282.0 23.0 23.0
obstacle
0.029781896621
0.0 169.0 375.0 92.0
obstacle
0.0296905227005
46.0 126.0 15.0 32.0
obstacle
0.0294396635145
120.0 124.0 24.0 30.0
obstacle
0.0293789803982
337.0 55.0 123.0 63.0
obstacle
0.0293391644955
22.0 115.0 79.0 58.0
obstacle
0.0290932524949
7.0 309.0 18.0 22.0
obstacle
0.0288540907204
273.0 257.0 27.0 23.0
obstacle
0.0284308549017
280.0 0.0 92.0 57.0
obstacle
0.0284218806773
82.0 2.0 27.0 21.0
obstacle
0.0283173620701
40.0 238.0 108.0 61.0
obstacle
0.0282629579306
429.0 230.0 28.0 21.0
obstacle
0.0282030440867
199.0 309.0 23.0 21.0
obstacle
0.0280315279961
430.0 254.0 23.0 24.0
obstacle
0.027943784371
473.0 103.0 21.0 22.0
obstacle
0.027922032401
197.0 4.0 26.0 19.0
obstacle
0.0279155243188
48.0 0.0 94.0 62.0
obstacle
0.0274520236999
117.0 120.0 117.0 43.0
obstacle
0.0274225361645
8.0 256.0 20.0 23.0
obstacle
0.0272134579718
153.0 182.0 42.0 18.0
obstacle
0.0271988678724
472.0 128.0 22.0 22.0
obstacle
0.0271480344236
269.0 178.0 110.0 75.0
obstacle
0.0270936023444
350.0 3.0 28.0 18.0
obstacle
0.0270630661398
158.0 26.0 335.0 83.0
obstacle
0.0269866939634
390.0 79.0 23.0 14.0
obstacle
0.0269349422306
269.0 155.0 37.0 22.0
obstacle
0.0269165877253
432.0 79.0 23.0 16.0
obstacle
0.0269067008048
0.0 29.0 486.0 224.0
obstacle
0.0268228165805
317.0 0.0 94.0 58.0
obstacle
0.0265798009932
226.0 188.0 120.0 55.0
obstacle
0.0264557823539
234.0 84.0 102.0 56.0
obstacle
0.0263961423188
45.0 1.0 25.0 22.0
obstacle
0.0263809133321
4.0 1.0 23.0 21.0
obstacle
0.0262595769018
108.0 191.0 127.0 49.0
obstacle
0.0261148698628
273.0 126.0 33.0 26.0
obstacle
0.0260202474892
428.0 102.0 27.0 23.0
obstacle
0.0258947927505
277.0 309.0 22.0 22.0
obstacle
0.0258499141783
427.0 279.0 30.0 26.0
obstacle
0.0256722979248
436.0 0.0 64.0 60.0
obstacle
0.0255887433887
162.0 311.0 22.0 19.0
obstacle
0.0254908483475
393.0 58.0 20.0 14.0
obstacle
0.0254711173475
267.0 205.0 39.0 20.0
obstacle
0.025385312736
387.0 55.0 103.0 70.0
obstacle
0.0252192784101
127.0 0.0 91.0 62.0
obstacle
0.0252191498876
85.0 57.0 20.0 15.0
obstacle
0.0251655820757
159.0 2.0 26.0 21.0
obstacle
0.0249655432999
44.0 79.0 22.0 17.0
obstacle
0.0248928070068
119.0 158.0 28.0 20.0
obstacle
0.024844262749
268.0 113.0 107.0 60.0
obstacle
0.0248371753842
355.0 0.0 97.0 56.0
obstacle
0.0248047914356
477.0 55.0 17.0 17.0
obstacle
0.0248017068952
430.0 211.0 70.0 63.0
obstacle
0.0247835069895
71.0 157.0 40.0 20.0
obstacle
0.0247601997107
88.0 0.0 92.0 61.0
obstacle
0.0247247852385
350.0 257.0 26.0 23.0
obstacle
0.0246907509863
45.0 105.0 21.0 22.0
obstacle
0.0246513802558
352.0 152.0 24.0 23.0
obstacle
0.0246451105922
116.0 203.0 33.0 24.0
obstacle
0.0246210880578
473.0 154.0 21.0 21.0
obstacle
0.0246161837131
218.0 164.0 130.0 51.0
obstacle
0.0241035688668
395.0 38.0 96.0 54.0
obstacle
0.0240600965917
0.0 62.0 273.0 109.0
obstacle
0.0239950604737
472.0 256.0 20.0 21.0
obstacle
0.0238271020353
6.0 104.0 19.0 20.0
obstacle
0.0235550198704
473.0 179.0 21.0 22.0
obstacle
0.0235367640853
392.0 185.0 99.0 66.0
obstacle
0.0233642291278
429.0 309.0 26.0 22.0
obstacle
0.0232876911759
390.0 105.0 26.0 18.0
obstacle
0.0232860893011
154.0 203.0 39.0 23.0
obstacle
0.023273402825
432.0 57.0 20.0 14.0
obstacle
0.0232463218272
237.0 257.0 26.0 24.0
obstacle
0.0231547150761
131.0 85.0 85.0 58.0
obstacle
0.0231115296483
395.0 0.0 91.0 61.0
obstacle
0.0231041517109
476.0 78.0 17.0 19.0
obstacle
0.0230037216097
154.0 231.0 32.0 22.0
obstacle
0.0229325350374
392.0 3.0 24.0 20.0
obstacle
0.0228297784925
235.0 154.0 28.0 26.0
obstacle
0.0227802917361
0.0 282.0 79.0 51.0
obstacle
0.0227614417672
314.0 257.0 25.0 22.0
obstacle
0.0227185878903
273.0 32.0 26.0 14.0
obstacle
0.0226355884224
6.0 78.0 18.0 20.0
obstacle
0.0226335003972
0.0 216.0 235.0 107.0
obstacle
0.0225233435631
75.0 180.0 35.0 22.0
obstacle
0.0224540513009
61.0 90.0 66.0 56.0
obstacle
0.0224227830768
85.0 309.0 21.0 21.0
obstacle
0.0223421677947
428.0 207.0 27.0 22.0
obstacle
0.0223255585879
355.0 311.0 21.0 20.0
obstacle
0.0223114714026
7.0 0.0 101.0 55.0
obstacle
0.0222164895386
427.0 129.0 28.0 21.0
obstacle
0.0221831463277
46.0 56.0 21.0 18.0
obstacle
0.0218502916396
183.0 208.0 130.0 72.0
obstacle
0.0214737001806
386.0 254.0 111.0 77.0
obstacle
0.0214573983103
51.0 0.0 396.0 80.0
obstacle
0.0213324520737
430.0 2.0 25.0 20.0
obstacle
0.021319469437
154.0 185.0 106.0 56.0
obstacle
0.0212621465325
5.0 55.0 18.0 20.0
obstacle
0.0210429020226
49.0 59.0 92.0 60.0
obstacle
0.0210423842072
237.0 183.0 28.0 16.0
obstacle
0.0210323464125
391.0 130.0 24.0 21.0
obstacle
0.0208176169544
386.0 77.0 108.0 77.0
obstacle
0.0205282960087
232.0 229.0 111.0 79.0
obstacle
0.0205172821879
341.0 79.0 116.0 74.0
obstacle
0.0204549282789
316.0 311.0 20.0 18.0
obstacle
0.0203820392489
475.0 29.0 18.0 17.0
obstacle
0.0202226620167
344.0 37.0 116.0 58.0
obstacle
0.0201653447002
39.0 180.0 26.0 17.0
obstacle
0.0201425235718
0.0 117.0 193.0 100.0
obstacle
0.0201412141323
382.0 103.0 116.0 75.0
obstacle
0.0197886954993
33.0 215.0 120.0 60.0
obstacle
0.0196976177394
109.0 208.0 123.0 70.0
obstacle
0.0196818523109
78.0 186.0 344.0 114.0
obstacle
0.0196545999497
313.0 125.0 24.0 30.0
obstacle
0.0195717066526
48.0 153.0 21.0 24.0
obstacle
0.0195446275175
183.0 57.0 317.0 116.0
obstacle
0.0195036437362
427.0 154.0 25.0 21.0
obstacle
0.0194655749947
428.0 179.0 26.0 22.0
obstacle
0.0194284301251
289.0 0.0 211.0 78.0
obstacle
0.0191776677966
236.0 31.0 23.0 18.0
obstacle
0.019082641229
141.0 288.0 140.0 45.0
obstacle
0.0189269334078
355.0 124.0 20.0 32.0
obstacle
0.0189237836748
354.0 208.0 102.0 70.0
obstacle
0.0188155248761
272.0 156.0 100.0 66.0
obstacle
0.0187818482518
194.0 231.0 31.0 21.0
obstacle
0.0187650434673
231.0 231.0 34.0 23.0
obstacle
0.0187621079385
309.0 231.0 112.0 73.0
obstacle
0.018627114594
314.0 31.0 21.0 15.0
obstacle
0.0186204854399
163.0 86.0 99.0 56.0
obstacle
0.0185947231948
116.0 257.0 27.0 22.0
obstacle
0.0185930617154
74.0 213.0 115.0 61.0
obstacle
0.0184245985001
14.0 84.0 87.0 65.0
obstacle
0.0184213891625
310.0 180.0 30.0 21.0
obstacle
0.018377777189
278.0 213.0 222.0 113.0
obstacle
0.0183590836823
121.0 283.0 26.0 22.0
obstacle
0.0183378271759
439.0 252.0 61.0 81.0
obstacle
0.0183245781809
89.0 34.0 95.0 63.0
obstacle
0.0182978641242
390.0 229.0 25.0 25.0
obstacle
0.0182402171195
468.0 207.0 24.0 20.0
obstacle
0.0181808583438
311.0 230.0 28.0 24.0
obstacle
0.0181610099971
353.0 233.0 103.0 69.0
obstacle
0.0181593820453
158.0 256.0 28.0 24.0
obstacle
0.0181529577821
79.0 234.0 107.0 69.0
obstacle
0.0181440468878
124.0 310.0 21.0 20.0
obstacle
0.0180432870984
43.0 37.0 110.0 57.0
obstacle
0.0178792923689
271.0 182.0 33.0 20.0
obstacle
0.0178758539259
393.0 308.0 23.0 23.0
obstacle
0.017852043733
269.0 230.0 113.0 76.0
obstacle
0.0177959594876
0.0 0.0 236.0 78.0
obstacle
0.0175539571792
390.0 255.0 28.0 24.0
obstacle
0.0175276566297
273.0 100.0 30.0 24.0
obstacle
0.0172308068722
12.0 156.0 94.0 63.0
obstacle
0.0171863939613
0.0 52.0 68.0 75.0
obstacle
0.0171424727887
8.0 181.0 16.0 21.0
obstacle
0.0171064883471
83.0 281.0 26.0 23.0
obstacle
0.0170019771904
4.0 204.0 22.0 25.0
obstacle
0.0168632343411
0.0 139.0 391.0 194.0
obstacle
0.0166577808559
5.0 231.0 22.0 25.0
obstacle
0.0166367720813
160.0 31.0 22.0 18.0
obstacle
0.0166294816881
276.0 85.0 88.0 58.0
obstacle
0.0166052617133
349.0 103.0 105.0 74.0
obstacle
0.0164225623012
277.0 282.0 21.0 25.0
obstacle
0.0164145026356
43.0 309.0 26.0 22.0
obstacle
0.0164036974311
39.0 234.0 29.0 23.0
obstacle
0.0163793228567
192.0 234.0 112.0 69.0
obstacle
0.0163353793323
122.0 29.0 23.0 19.0
obstacle
0.016300342977
232.0 204.0 34.0 21.0
obstacle
0.0162771940231
315.0 101.0 19.0 22.0
obstacle
0.0162529628724
309.0 129.0 106.0 71.0
obstacle
0.0161775276065
237.0 281.0 25.0 25.0
obstacle
0.0161589477211
159.0 153.0 337.0 128.0
obstacle
0.0158701911569
199.0 256.0 25.0 24.0
obstacle
0.0157787799835
32.0 285.0 131.0 48.0
obstacle
0.0157558973879
0.0 32.0 116.0 68.0
obstacle
0.015696272254
432.0 47.0 68.0 84.0
obstacle
0.0156588759273
8.0 282.0 16.0 24.0
obstacle
0.0154083184898
349.0 204.0 27.0 23.0
obstacle
0.0153524298221
432.0 126.0 68.0 80.0
obstacle
0.015337956138
355.0 31.0 19.0 15.0
obstacle
0.0153368106112
270.0 231.0 32.0 22.0
obstacle
0.0153167303652
0.0 31.0 60.0 67.0
obstacle
0.0153034226969
438.0 33.0 62.0 62.0
obstacle
0.0152894956991
76.0 255.0 347.0 78.0
obstacle
0.0151468394324
390.0 178.0 25.0 25.0
obstacle
0.0151211582124
271.0 267.0 229.0 66.0
obstacle
0.0149837164208
302.0 179.0 122.0 75.0
obstacle
0.014978392981
388.0 153.0 104.0 78.0
obstacle
0.0149730034173
296.0 291.0 139.0 42.0
obstacle
0.0146979447454
192.0 204.0 36.0 19.0
obstacle
0.014619903639
47.0 28.0 22.0 20.0
obstacle
0.0145671311766
7.0 27.0 15.0 22.0
obstacle
0.0145190395415
388.0 206.0 28.0 22.0
obstacle
0.014476262033
351.0 231.0 27.0 23.0
obstacle
0.0144633091986
354.0 283.0 22.0 21.0
obstacle
0.014460821636
158.0 282.0 30.0 23.0
obstacle
0.0144280195236
86.0 204.0 22.0 23.0
obstacle
0.0143981138244
0.0 114.0 67.0 53.0
obstacle
0.0143164424226
8.0 128.0 16.0 22.0
obstacle
0.0141277117655
299.0 78.0 201.0 125.0
obstacle
0.0141260363162
44.0 281.0 25.0 24.0
obstacle
0.0139818089083
316.0 281.0 22.0 24.0
obstacle
0.013912377879
0.0 264.0 201.0 69.0
obstacle
0.0138889551163
433.0 29.0 22.0 19.0
obstacle
0.0138544254005
342.0 135.0 119.0 61.0
obstacle
0.0137908495963
120.0 180.0 28.0 19.0
obstacle
0.0137093886733
314.0 104.0 93.0 74.0
obstacle
0.0136958034709
12.0 154.0 14.0 23.0
obstacle
0.0136183509603
224.0 287.0 127.0 46.0
obstacle
0.0135910054669
392.0 282.0 25.0 23.0
obstacle
0.0134888635948
0.0 178.0 71.0 78.0
obstacle
0.0134486583993
115.0 227.0 113.0 83.0
obstacle
0.0133134080097
83.0 30.0 23.0 19.0
obstacle
0.0131784519181
339.0 156.0 125.0 71.0
obstacle
0.0131663326174
1.0 259.0 112.0 68.0
obstacle
0.0130871431902
344.0 180.0 116.0 75.0
obstacle
0.0130823375657
202.0 108.0 298.0 116.0
