obstacle
0.319155037403
1.0 64.0 19.0 16.0
obstacle
0.274704426527
174.0 56.0 139.0 64.0
obstacle
0.252207458019
4.0 73.0 15.0 17.0
obstacle
0.22273747623
102.0 58.0 140.0 62.0
obstacle
0.201567038894
80.0 149.0 340.0 90.0
obstacle
0.179677277803
316.0 146.0 28.0 36.0
obstacle
0.17918048799
0.0 53.0 46.0 32.0
obstacle
0.178846731782
191.0 38.0 121.0 60.0
obstacle
0.150560379028
69.0 38.0 285.0 104.0
obstacle
0.136376038194
248.0 149.0 252.0 90.0
obstacle
0.129972919822
119.0 43.0 113.0 51.0
obstacle
0.128326117992
103.0 139.0 142.0 55.0
obstacle
0.127355650067
0.0 68.0 46.0 34.0
obstacle
0.118626058102
388.0 164.0 110.0 54.0
obstacle
0.110916800797
292.0 139.0 74.0 53.0
obstacle
0.108058065176
347.0 157.0 119.0 68.0
obstacle
0.10193824023
160.0 189.0 97.0 57.0
obstacle
0.101652532816
224.0 46.0 120.0 45.0
obstacle
0.0976283848286
150.0 222.0 124.0 41.0
obstacle
0.0906021371484
0.0 125.0 358.0 136.0
obstacle
0.0865802466869
158.0 137.0 104.0 64.0
obstacle
0.0839571356773
187.0 79.0 117.0 65.0
obstacle
0.0809481441975
162.0 166.0 329.0 100.0
obstacle
0.0722929388285
266.0 154.0 120.0 72.0
obstacle
0.0722845122218
40.0 59.0 19.0 14.0
obstacle
0.0700622648001
75.0 204.0 37.0 23.0
obstacle
0.0696282014251
195.0 157.0 29.0 24.0
obstacle
0.0690433606505
238.0 54.0 25.0 24.0
obstacle
0.0687513872981
242.0 140.0 94.0 49.0
obstacle
0.0686003416777
162.0 113.0 325.0 110.0
obstacle
0.0683675259352
428.0 178.0 27.0 23.0
obstacle
0.0682526156306
47.0 186.0 103.0 58.0
obstacle
0.0668570175767
239.0 154.0 26.0 25.0
obstacle
0.0665412172675
71.0 166.0 127.0 58.0
obstacle
0.0655530542135
169.0 161.0 155.0 61.0
obstacle
0.0654571205378
268.0 243.0 119.0 52.0
obstacle
0.0620234832168
188.0 229.0 41.0 27.0
obstacle
0.0614846274257
305.0 218.0 115.0 52.0
obstacle
0.0613760128617
1.0 73.0 99.0 27.0
obstacle
0.0601373240352
198.0 55.0 25.0 23.0
obstacle
0.0592387653887
238.0 130.0 26.0 20.0
obstacle
0.0578355044127
310.0 57.0 22.0 21.0
obstacle
0.0569319017231
204.0 75.0 22.0 27.0
obstacle
0.0569138973951
391.0 180.0 27.0 27.0
obstacle
0.0565034784377
201.0 130.0 22.0 23.0
obstacle
0.0564958974719
191.0 204.0 30.0 26.0
obstacle
0.0562659949064
2.0 45.0 95.0 40.0
obstacle
0.0554350502789
438.0 152.0 62.0 74.0
obstacle
0.0550759918988
268.0 56.0 33.0 21.0
obstacle
0.0535446666181
156.0 56.0 28.0 19.0
obstacle
0.0531934462488
43.0 79.0 22.0 14.0
obstacle
0.0516744554043
123.0 10.0 328.0 112.0
obstacle
0.0515385083854
110.0 87.0 127.0 54.0
obstacle
0.0512398593128
154.0 131.0 30.0 19.0
obstacle
0.0501348301768
151.0 156.0 39.0 22.0
obstacle
0.0496488250792
274.0 35.0 95.0 64.0
obstacle
0.0494187697768
424.0 233.0 34.0 21.0
obstacle
0.0491684898734
387.0 217.0 108.0 55.0
obstacle
0.0489133447409
100.0 60.0 73.0 55.0
obstacle
0.0486471429467
241.0 28.0 20.0 23.0
obstacle
0.0473140478134
317.0 131.0 22.0 22.0
obstacle
0.0472228713334
475.0 177.0 19.0 25.0
obstacle
0.0466354675591
326.0 137.0 70.0 65.0
obstacle
0.0462562777102
173.0 186.0 146.0 62.0
obstacle
0.0462296567857
235.0 105.0 27.0 19.0
obstacle
0.0460526682436
201.0 138.0 97.0 59.0
obstacle
0.046018730849
317.0 156.0 93.0 68.0
obstacle
0.0460015386343
271.0 222.0 112.0 45.0
obstacle
0.0453498922288
350.0 213.0 110.0 61.0
obstacle
0.0453170612454
195.0 107.0 106.0 67.0
obstacle
0.0447064936161
154.0 105.0 33.0 22.0
obstacle
0.0443807691336
121.0 54.0 27.0 20.0
obstacle
0.0437213145196
236.0 79.0 27.0 24.0
obstacle
0.0432935766876
164.0 106.0 94.0 72.0
obstacle
0.0430925861001
50.0 60.0 395.0 106.0
obstacle
0.0430387817323
474.0 158.0 23.0 25.0
obstacle
0.0428040698171
0.0 85.0 65.0 57.0
obstacle
0.0426900647581
386.0 138.0 113.0 63.0
obstacle
0.041631385684
118.0 156.0 36.0 21.0
obstacle
0.0413645617664
59.0 86.0 305.0 114.0
obstacle
0.0411520935595
42.0 197.0 334.0 89.0
obstacle
0.0407128296793
104.0 49.0 73.0 38.0
obstacle
0.0406704172492
425.0 254.0 30.0 23.0
obstacle
0.0405854582787
377.0 239.0 123.0 57.0
obstacle
0.0401326492429
198.0 104.0 29.0 22.0
obstacle
0.0397881641984
311.0 256.0 36.0 25.0
obstacle
0.0384602621198
117.0 113.0 114.0 60.0
obstacle
0.0382824987173
258.0 191.0 242.0 107.0
obstacle
0.0378791168332
196.0 180.0 24.0 25.0
obstacle
0.0375351421535
349.0 151.0 23.0 34.0
obstacle
0.037129573524
112.0 262.0 121.0 62.0
obstacle
0.0369638949633
73.0 240.0 124.0 57.0
obstacle
0.0368598327041
11.0 2.0 17.0 20.0
obstacle
0.0368349775672
467.0 257.0 30.0 21.0
obstacle
0.0365465134382
226.0 217.0 123.0 50.0
obstacle
0.0362069830298
389.0 232.0 29.0 21.0
obstacle
0.0360418595374
162.0 214.0 338.0 111.0
obstacle
0.0356804504991
465.0 209.0 32.0 21.0
obstacle
0.0345555581152
241.0 106.0 86.0 72.0
obstacle
0.0343147851527
6.0 1.0 101.0 75.0
obstacle
0.0340565219522
0.0 27.0 500.0 278.0
obstacle
0.0337636061013
84.0 101.0 21.0 21.0
obstacle
0.0334209017456
338.0 140.0 126.0 58.0
obstacle
0.0333778336644
42.0 102.0 27.0 21.0
obstacle
0.0331365279853
344.0 232.0 34.0 22.0
obstacle
0.0328523665667
354.0 180.0 21.0 25.0
obstacle
0.0326869264245
202.0 2.0 21.0 21.0
obstacle
0.032601442188
5.0 103.0 18.0 22.0
obstacle
0.0325912460685
60.0 219.0 151.0 48.0
obstacle
0.03250143677
311.0 236.0 35.0 21.0
obstacle
0.0323208719492
273.0 101.0 31.0 24.0
obstacle
0.0321452543139
433.0 207.0 67.0 72.0
obstacle
0.0318503975868
44.0 129.0 24.0 21.0
obstacle
0.0317729301751
318.0 74.0 14.0 24.0
obstacle
0.0315600261092
271.0 130.0 30.0 22.0
obstacle
0.0313456431031
275.0 150.0 23.0 26.0
obstacle
0.0310563184321
86.0 56.0 15.0 14.0
obstacle
0.0309236776084
210.0 0.0 82.0 84.0
obstacle
0.0307164341211
176.0 262.0 146.0 62.0
obstacle
0.0301953218877
10.0 28.0 12.0 23.0
obstacle
0.0301204491407
473.0 285.0 21.0 19.0
obstacle
0.0292341765016
154.0 78.0 29.0 23.0
obstacle
0.0291407741606
347.0 258.0 29.0 23.0
obstacle
0.0288607403636
276.0 2.0 25.0 21.0
obstacle
0.0286475326866
401.0 189.0 84.0 58.0
obstacle
0.0283997934312
0.0 3.0 50.0 72.0
obstacle
0.0283765941858
159.0 29.0 25.0 21.0
obstacle
0.0279864408076
163.0 3.0 22.0 19.0
obstacle
0.0278156679124
389.0 105.0 23.0 21.0
obstacle
0.0276720076799
45.0 2.0 25.0 20.0
obstacle
0.0275365822017
156.0 181.0 30.0 21.0
obstacle
0.0275211110711
355.0 104.0 21.0 24.0
obstacle
0.0272881761193
120.0 78.0 25.0 18.0
obstacle
0.0270505845547
6.0 309.0 18.0 22.0
obstacle
0.0269919801503
122.0 2.0 25.0 21.0
obstacle
0.0268520265818
295.0 263.0 136.0 61.0
obstacle
0.0267309416085
139.0 240.0 143.0 55.0
obstacle
0.0267110131681
273.0 256.0 33.0 23.0
obstacle
0.0266561415046
429.0 55.0 24.0 16.0
obstacle
0.0265194363892
241.0 1.0 94.0 79.0
obstacle
0.026424344629
157.0 282.0 28.0 22.0
obstacle
0.0264130495489
121.0 184.0 29.0 18.0
obstacle
0.0262657608837
275.0 28.0 24.0 20.0
obstacle
0.0262122135609
474.0 2.0 18.0 19.0
obstacle
0.0261921193451
346.0 2.0 117.0 74.0
obstacle
0.0260064899921
60.0 67.0 69.0 44.0
obstacle
0.0259269420058
87.0 80.0 15.0 15.0
obstacle
0.0258754361421
167.0 0.0 92.0 83.0
obstacle
0.0258170701563
474.0 310.0 16.0 19.0
obstacle
0.025800537318
0.0 25.0 172.0 80.0
obstacle
0.025794679299
426.0 156.0 29.0 25.0
obstacle
0.0257840752602
82.0 130.0 24.0 19.0
obstacle
0.0257508959621
241.0 3.0 21.0 18.0
obstacle
0.0257444530725
275.0 76.0 27.0 24.0
obstacle
0.0255884118378
211.0 11.0 230.0 311.0
obstacle
0.0254724789411
471.0 230.0 24.0 26.0
obstacle
0.0254207104445
434.0 186.0 66.0 63.0
obstacle
0.0253624096513
281.0 47.0 75.0 79.0
obstacle
0.0252449885011
0.0 104.0 119.0 72.0
obstacle
0.0252406336367
44.0 255.0 23.0 25.0
obstacle
0.0251151435077
222.0 190.0 124.0 51.0
obstacle
0.024596247822
315.0 180.0 27.0 22.0
obstacle
0.0244796052575
231.0 81.0 99.0 67.0
obstacle
0.0244595371187
476.0 130.0 17.0 19.0
obstacle
0.0243615750223
99.0 5.0 75.0 69.0
obstacle
0.0242806635797
235.0 309.0 26.0 21.0
obstacle
0.0242126118392
0.0 281.0 81.0 52.0
obstacle
0.0241816975176
274.0 208.0 25.0 20.0
obstacle
0.0240285042673
47.0 0.0 96.0 55.0
obstacle
0.0239140801132
39.0 236.0 344.0 97.0
obstacle
0.0237443875521
34.0 235.0 123.0 67.0
obstacle
0.0236787609756
385.0 28.0 110.0 74.0
obstacle
0.0236635953188
161.0 311.0 24.0 20.0
obstacle
0.0236210878938
115.0 257.0 36.0 23.0
obstacle
0.0235241819173
393.0 128.0 20.0 21.0
obstacle
0.0234466958791
122.0 310.0 23.0 21.0
obstacle
0.0234045255929
430.0 210.0 24.0 19.0
obstacle
0.0233847852796
388.0 155.0 26.0 25.0
obstacle
0.0233643148094
199.0 30.0 23.0 20.0
obstacle
0.023058142513
354.0 129.0 18.0 22.0
obstacle
0.0228087455034
392.0 55.0 22.0 16.0
obstacle
0.0226962883025
182.0 290.0 134.0 43.0
obstacle
0.0226428750902
50.0 208.0 20.0 21.0
obstacle
0.0225934721529
472.0 28.0 21.0 19.0
obstacle
0.0225427076221
122.0 27.0 25.0 24.0
obstacle
0.02253613621
473.0 54.0 20.0 17.0
obstacle
0.0223914012313
106.0 290.0 135.0 43.0
obstacle
0.0222773421556
202.0 283.0 23.0 21.0
obstacle
0.0220951065421
474.0 104.0 17.0 20.0
obstacle
0.0220155715942
315.0 1.0 24.0 22.0
obstacle
0.0219496302307
390.0 6.0 101.0 65.0
obstacle
0.021722253412
389.0 47.0 101.0 86.0
obstacle
0.0216843802482
391.0 28.0 21.0 23.0
obstacle
0.0216284971684
278.0 180.0 22.0 24.0
obstacle
0.0215665325522
351.0 80.0 103.0 73.0
obstacle
0.02148091048
82.0 4.0 25.0 17.0
obstacle
0.0214239433408
233.0 284.0 32.0 20.0
obstacle
0.021330056712
5.0 206.0 18.0 23.0
obstacle
0.0212908275425
0.0 0.0 353.0 104.0
obstacle
0.0212358422577
84.0 29.0 20.0 17.0
obstacle
0.021117720753
39.0 213.0 112.0 63.0
obstacle
0.0210779737681
119.0 204.0 26.0 23.0
obstacle
0.0208757333457
348.0 206.0 27.0 23.0
obstacle
0.0208080299199
234.0 205.0 28.0 26.0
obstacle
0.0207352302969
261.0 193.0 129.0 50.0
obstacle
0.0207088943571
287.0 110.0 74.0 66.0
obstacle
0.0206977948546
83.0 156.0 27.0 20.0
obstacle
0.0206582564861
41.0 135.0 110.0 61.0
obstacle
0.0205602105707
350.0 282.0 29.0 21.0
obstacle
0.0204580947757
474.0 77.0 18.0 20.0
obstacle
0.0204389709979
135.0 0.0 76.0 81.0
obstacle
0.0202724710107
431.0 27.0 22.0 24.0
obstacle
0.0201325193048
197.0 310.0 27.0 20.0
obstacle
0.0201082862914
0.0 177.0 67.0 79.0
obstacle
0.0200161840767
388.0 206.0 28.0 23.0
obstacle
0.01996528171
161.0 232.0 26.0 20.0
obstacle
0.0198961123824
72.0 264.0 123.0 61.0
obstacle
0.0198728069663
83.0 309.0 25.0 21.0
obstacle
0.0196732617915
123.0 283.0 27.0 18.0
obstacle
0.019558923319
429.0 78.0 26.0 21.0
obstacle
0.0194063931704
284.0 1.0 81.0 75.0
obstacle
0.0193583201617
0.0 191.0 238.0 104.0
obstacle
0.0193541105837
430.0 103.0 23.0 22.0
obstacle
0.0193242635578
6.0 282.0 17.0 24.0
obstacle
0.0192053318024
193.0 256.0 36.0 21.0
obstacle
0.0191967952996
159.0 204.0 22.0 23.0
obstacle
0.0191317982972
80.0 283.0 30.0 21.0
obstacle
0.0190720837563
347.0 31.0 114.0 65.0
obstacle
0.018983758986
429.0 309.0 24.0 21.0
obstacle
0.018912486732
353.0 1.0 25.0 22.0
obstacle
0.0188414212316
300.0 187.0 125.0 59.0
obstacle
0.0185923799872
61.0 38.0 70.0 50.0
obstacle
0.0185849443078
433.0 3.0 67.0 71.0
obstacle
0.0184973161668
45.0 309.0 24.0 23.0
obstacle
0.0183824095875
431.0 129.0 21.0 19.0
obstacle
0.0183491427451
392.0 81.0 22.0 16.0
obstacle
0.0183232277632
81.0 257.0 28.0 22.0
obstacle
0.0182373896241
431.0 1.0 25.0 21.0
obstacle
0.0181852728128
314.0 0.0 102.0 61.0
obstacle
0.0181671567261
47.0 30.0 18.0 18.0
obstacle
0.0181611236185
5.0 128.0 19.0 22.0
obstacle
0.0181525908411
234.0 230.0 32.0 23.0
obstacle
0.0181398950517
0.0 80.0 239.0 124.0
obstacle
0.0181291736662
34.0 285.0 124.0 48.0
obstacle
0.0179824810475
1.0 232.0 113.0 74.0
obstacle
0.017930675298
124.0 131.0 23.0 20.0
obstacle
0.017893018201
381.0 288.0 119.0 45.0
obstacle
0.0177889205515
253.0 0.0 247.0 80.0
obstacle
0.0177884213626
269.0 232.0 33.0 21.0
obstacle
0.0176632236689
315.0 282.0 28.0 23.0
obstacle
0.0176166519523
315.0 309.0 25.0 23.0
obstacle
0.0175883304328
389.0 255.0 31.0 26.0
obstacle
0.0175866950303
357.0 104.0 92.0 72.0
obstacle
0.0175732281059
235.0 180.0 25.0 22.0
obstacle
0.0174598023295
354.0 78.0 21.0 17.0
obstacle
0.0172919332981
354.0 185.0 97.0 64.0
obstacle
0.0171089693904
256.0 293.0 140.0 40.0
obstacle
0.017087187618
315.0 30.0 21.0 19.0
obstacle
0.0170687083155
121.0 101.0 26.0 19.0
obstacle
0.0167645979673
351.0 309.0 23.0 21.0
obstacle
0.016703164205
334.0 258.0 139.0 73.0
obstacle
0.0165835730731
319.0 75.0 93.0 80.0
obstacle
0.0165051985532
307.0 210.0 34.0 21.0
obstacle
0.0163545422256
437.0 22.0 63.0 83.0
obstacle
0.0162659436464
89.0 19.0 244.0 292.0
obstacle
0.0162073932588
0.0 258.0 279.0 75.0
obstacle
0.0161560550332
313.0 106.0 23.0 18.0
obstacle
0.0161496344954
391.0 311.0 24.0 20.0
obstacle
0.0160440113395
277.0 310.0 22.0 20.0
obstacle
0.0158778112382
393.0 2.0 24.0 21.0
obstacle
0.0158574860543
0.0 0.0 484.0 174.0
obstacle
0.0157632045448
389.0 81.0 103.0 70.0
obstacle
0.0155329722911
0.0 155.0 76.0 76.0
obstacle
0.0153798535466
78.0 184.0 30.0 23.0
obstacle
0.0153530919924
275.0 281.0 28.0 24.0
obstacle
0.0152736464515
14.0 187.0 92.0 61.0
obstacle
0.0151988007128
431.0 258.0 69.0 73.0
obstacle
0.0150010902435
161.0 257.0 26.0 22.0
obstacle
0.0144949201494
432.0 284.0 21.0 18.0
obstacle
0.0144781731069
6.0 231.0 17.0 23.0
obstacle
0.0144490329549
81.0 237.0 25.0 17.0
obstacle
0.0143397916108
43.0 154.0 26.0 22.0
obstacle
0.0141427470371
305.0 29.0 118.0 70.0
obstacle
0.0140207596123
323.0 108.0 81.0 69.0
obstacle
0.0136413816363
124.0 132.0 376.0 201.0
obstacle
0.0136066703126
351.0 57.0 22.0 16.0
obstacle
0.0135338064283
440.0 100.0 60.0 79.0
obstacle
0.0135165760294
281.0 72.0 84.0 87.0
obstacle
0.0134172243997
0.0 126.0 71.0 78.0
obstacle
0.0133896656334
0.0 62.0 175.0 106.0
obstacle
0.0133724296466
6.0 180.0 17.0 23.0
obstacle
0.0132612222806
116.0 234.0 29.0 19.0
obstacle
0.0132262259722
240.0 42.0 260.0 146.0
obstacle
0.0131834410131
6.0 256.0 18.0 23.0
obstacle
0.0130139291286
134.0 0.0 235.0 196.0
obstacle
0.0128308869898
305.0 54.0 118.0 69.0
obstacle
0.0127632766962
5.0 154.0 19.0 23.0
obstacle
0.0124288490042
346.0 127.0 154.0 206.0
obstacle
0.0123546039686
91.0 119.0 93.0 48.0
obstacle
0.0122633222491
46.0 230.0 23.0 28.0
