obstacle
0.808786809444
215.0 198.0 157.0 46.0
obstacle
0.300598919392
214.0 201.0 96.0 28.0
obstacle
0.207781881094
0.0 205.0 31.0 22.0
obstacle
0.164838716388
0.0 184.0 60.0 65.0
obstacle
0.123903535306
0.0 191.0 109.0 50.0
obstacle
0.122129105031
214.0 210.0 142.0 52.0
obstacle
0.116503231227
227.0 207.0 39.0 20.0
obstacle
0.106593765318
35.0 207.0 37.0 20.0
obstacle
0.102283582091
159.0 188.0 255.0 61.0
obstacle
0.0973759293556
305.0 213.0 37.0 18.0
obstacle
0.0904832035303
296.0 201.0 109.0 36.0
obstacle
0.0808619037271
0.0 158.0 113.0 71.0
obstacle
0.07951464504
266.0 210.0 35.0 21.0
obstacle
0.0723318308592
246.0 171.0 91.0 54.0
obstacle
0.0712913647294
82.0 183.0 24.0 17.0
obstacle
0.0671616718173
42.0 184.0 27.0 18.0
obstacle
0.0657480880618
345.0 213.0 23.0 18.0
obstacle
0.0648890286684
2.0 182.0 25.0 22.0
obstacle
0.0646798983216
76.0 207.0 36.0 20.0
obstacle
0.0577198155224
31.0 187.0 125.0 60.0
obstacle
0.0551483407617
275.0 185.0 26.0 20.0
obstacle
0.0542300269008
316.0 187.0 21.0 17.0
obstacle
0.0494938194752
472.0 50.0 21.0 25.0
obstacle
0.0471670441329
324.0 0.0 84.0 79.0
obstacle
0.0465321876109
471.0 3.0 23.0 19.0
obstacle
0.045483905822
47.0 162.0 95.0 61.0
obstacle
0.0453566163778
357.0 0.0 95.0 78.0
obstacle
0.0451791882515
352.0 26.0 25.0 22.0
obstacle
0.0449045151472
40.0 230.0 32.0 23.0
obstacle
0.0441406331956
113.0 189.0 350.0 99.0
obstacle
0.0435425117612
158.0 205.0 24.0 21.0
obstacle
0.0434899963439
238.0 185.0 24.0 20.0
obstacle
0.0428981892765
5.0 157.0 19.0 20.0
obstacle
0.0406057722867
207.0 206.0 19.0 19.0
obstacle
0.0400831401348
213.0 174.0 87.0 45.0
obstacle
0.0390323512256
42.0 158.0 25.0 19.0
obstacle
0.038169208914
35.0 206.0 116.0 73.0
obstacle
0.0379329957068
277.0 159.0 25.0 19.0
obstacle
0.0378711819649
438.0 22.0 62.0 84.0
obstacle
0.0375668182969
470.0 207.0 25.0 22.0
obstacle
0.0372272655368
314.0 159.0 24.0 18.0
obstacle
0.0372167490423
126.0 188.0 97.0 56.0
obstacle
0.0368140563369
354.0 53.0 21.0 22.0
obstacle
0.0359355546534
428.0 27.0 27.0 21.0
obstacle
0.0357206016779
471.0 155.0 21.0 20.0
obstacle
0.0350995622575
275.0 128.0 25.0 24.0
obstacle
0.0349097251892
426.0 207.0 31.0 22.0
obstacle
0.0348824597895
82.0 158.0 24.0 18.0
obstacle
0.0344058871269
78.0 230.0 33.0 22.0
obstacle
0.0341432914138
200.0 2.0 100.0 73.0
obstacle
0.0336075089872
275.0 173.0 95.0 46.0
obstacle
0.0334588438272
97.0 109.0 386.0 119.0
obstacle
0.0333786308765
267.0 232.0 114.0 71.0
obstacle
0.0332708619535
430.0 178.0 70.0 78.0
obstacle
0.0328341200948
202.0 182.0 20.0 19.0
obstacle
0.032815515995
0.0 231.0 115.0 74.0
obstacle
0.0328020602465
120.0 208.0 29.0 18.0
obstacle
0.0327877216041
471.0 78.0 22.0 20.0
obstacle
0.0325458198786
388.0 52.0 30.0 24.0
obstacle
0.0324916094542
471.0 256.0 24.0 25.0
obstacle
0.0322244390845
471.0 230.0 24.0 25.0
obstacle
0.0320148654282
233.0 281.0 30.0 28.0
obstacle
0.0317952260375
393.0 27.0 22.0 23.0
obstacle
0.0314812920988
351.0 156.0 24.0 21.0
obstacle
0.0314467102289
119.0 231.0 29.0 22.0
obstacle
0.0312667116523
5.0 131.0 17.0 22.0
obstacle
0.0311290007085
428.0 230.0 28.0 24.0
obstacle
0.0303978770971
388.0 78.0 26.0 20.0
obstacle
0.0302010830492
271.0 227.0 35.0 19.0
obstacle
0.0300787128508
315.0 104.0 22.0 21.0
obstacle
0.0300599765033
428.0 53.0 27.0 20.0
obstacle
0.0299888905138
179.0 199.0 81.0 34.0
obstacle
0.0299595352262
11.0 101.0 93.0 81.0
obstacle
0.0299459956586
235.0 129.0 28.0 22.0
obstacle
0.0299025792629
71.0 262.0 124.0 66.0
obstacle
0.02988926135
352.0 230.0 19.0 18.0
obstacle
0.0297240652144
392.0 7.0 101.0 64.0
obstacle
0.0296893529594
122.0 183.0 24.0 17.0
obstacle
0.0296601504087
22.0 161.0 383.0 116.0
obstacle
0.0294866189361
9.0 135.0 96.0 63.0
obstacle
0.0293121635914
475.0 27.0 19.0 18.0
obstacle
0.0293039660901
122.0 78.0 23.0 21.0
obstacle
0.02925237827
40.0 254.0 31.0 28.0
obstacle
0.0290201809257
393.0 31.0 97.0 65.0
obstacle
0.0287772808224
87.0 159.0 95.0 67.0
obstacle
0.0286804046482
226.0 235.0 122.0 66.0
obstacle
0.0286683198065
268.0 0.0 232.0 91.0
obstacle
0.0286197066307
316.0 227.0 25.0 22.0
obstacle
0.0285051632673
5.0 1.0 22.0 21.0
obstacle
0.0283781569451
0.0 132.0 228.0 120.0
obstacle
0.0283460691571
351.0 130.0 27.0 22.0
obstacle
0.0283385086805
43.0 130.0 26.0 25.0
obstacle
0.0283083692193
472.0 103.0 22.0 22.0
obstacle
0.0283036734909
352.0 77.0 24.0 23.0
obstacle
0.0280528664589
314.0 78.0 22.0 21.0
obstacle
0.0279059838504
127.0 308.0 19.0 22.0
obstacle
0.027863452211
386.0 205.0 113.0 74.0
obstacle
0.0278518050909
161.0 78.0 23.0 22.0
obstacle
0.0278384611011
78.0 185.0 114.0 64.0
obstacle
0.0276918634772
81.0 254.0 30.0 27.0
obstacle
0.0276750400662
272.0 257.0 31.0 22.0
obstacle
0.0274952854961
193.0 257.0 112.0 74.0
obstacle
0.0274383574724
233.0 256.0 29.0 23.0
obstacle
0.0272300690413
276.0 103.0 25.0 22.0
obstacle
0.027190271765
402.0 0.0 83.0 48.0
obstacle
0.0271380282938
6.0 307.0 18.0 24.0
obstacle
0.0270701386034
6.0 256.0 19.0 23.0
obstacle
0.0270217955112
199.0 308.0 23.0 22.0
obstacle
0.026932137087
314.0 129.0 23.0 22.0
obstacle
0.0268760584295
242.0 0.0 93.0 80.0
obstacle
0.026806274429
161.0 156.0 22.0 21.0
obstacle
0.0267864093184
275.0 3.0 27.0 21.0
obstacle
0.0267136879265
425.0 4.0 31.0 17.0
obstacle
0.0265825688839
196.0 103.0 106.0 79.0
obstacle
0.0264011137187
316.0 25.0 22.0 23.0
obstacle
0.0263568181545
351.0 187.0 22.0 16.0
obstacle
0.0262133833021
6.0 229.0 19.0 24.0
obstacle
0.0261269267648
5.0 104.0 15.0 22.0
obstacle
0.0261230841279
428.0 156.0 25.0 20.0
obstacle
0.026028342545
0.0 131.0 58.0 71.0
obstacle
0.0260255914181
356.0 161.0 92.0 61.0
obstacle
0.0259450599551
383.0 229.0 117.0 78.0
obstacle
0.025903487578
119.0 284.0 30.0 23.0
obstacle
0.025753095746
160.0 180.0 21.0 22.0
obstacle
0.0255454685539
388.0 158.0 108.0 69.0
obstacle
0.0254272464663
121.0 129.0 26.0 23.0
obstacle
0.0254244916141
98.0 204.0 304.0 127.0
obstacle
0.0254159793258
47.0 103.0 20.0 23.0
obstacle
0.0253739822656
239.0 101.0 98.0 81.0
obstacle
0.0252716690302
119.0 161.0 110.0 62.0
obstacle
0.0252709910274
122.0 0.0 103.0 78.0
obstacle
0.0252515282482
159.0 25.0 25.0 25.0
obstacle
0.0251427870244
288.0 1.0 78.0 71.0
obstacle
0.0251427292824
352.0 310.0 25.0 22.0
obstacle
0.0251261163503
351.0 257.0 26.0 22.0
obstacle
0.025113131851
473.0 182.0 21.0 18.0
obstacle
0.0250555165112
430.0 181.0 24.0 19.0
obstacle
0.0249891150743
38.0 227.0 115.0 84.0
obstacle
0.0249373074621
393.0 54.0 95.0 70.0
obstacle
0.0249361917377
388.0 4.0 27.0 15.0
obstacle
0.024933539331
1.0 258.0 113.0 73.0
obstacle
0.0247079208493
428.0 128.0 28.0 23.0
obstacle
0.0246908646077
389.0 228.0 26.0 25.0
obstacle
0.0246865097433
278.0 24.0 21.0 27.0
obstacle
0.0246303416789
81.0 281.0 29.0 28.0
obstacle
0.0243545547128
276.0 76.0 23.0 24.0
obstacle
0.0243427697569
0.0 211.0 59.0 62.0
obstacle
0.0243424288929
119.0 3.0 30.0 20.0
obstacle
0.0243011023849
46.0 309.0 21.0 23.0
obstacle
0.024262053892
158.0 3.0 28.0 20.0
obstacle
0.0241759307683
236.0 4.0 28.0 19.0
obstacle
0.0241401847452
194.0 256.0 32.0 23.0
obstacle
0.0241384766996
45.0 281.0 26.0 27.0
obstacle
0.02408240363
0.0 180.0 229.0 129.0
obstacle
0.024061890319
202.0 25.0 93.0 79.0
obstacle
0.0240125693381
238.0 158.0 23.0 19.0
obstacle
0.0239916127175
390.0 156.0 24.0 20.0
obstacle
0.0239683389664
317.0 162.0 83.0 62.0
obstacle
0.0239176210016
85.0 103.0 99.0 77.0
obstacle
0.0239041596651
318.0 50.0 93.0 78.0
obstacle
0.0238469988108
199.0 157.0 23.0 20.0
obstacle
0.0238289516419
163.0 0.0 98.0 76.0
obstacle
0.0238204263151
428.0 256.0 27.0 23.0
obstacle
0.0237975586206
196.0 3.0 30.0 20.0
obstacle
0.0237580686808
474.0 309.0 19.0 22.0
obstacle
0.0236970745027
278.0 52.0 97.0 73.0
obstacle
0.0236786156893
83.0 129.0 25.0 24.0
obstacle
0.0236413553357
352.0 104.0 25.0 20.0
obstacle
0.0236224327236
44.0 1.0 26.0 22.0
obstacle
0.0234807487577
0.0 233.0 236.0 100.0
obstacle
0.0234610717744
122.0 25.0 24.0 24.0
obstacle
0.023457756266
431.0 127.0 69.0 79.0
obstacle
0.0233851801604
314.0 106.0 101.0 73.0
obstacle
0.0233741812408
198.0 130.0 25.0 22.0
obstacle
0.0233365297318
159.0 129.0 25.0 24.0
obstacle
0.0233345404267
160.0 103.0 24.0 22.0
obstacle
0.0233311988413
275.0 52.0 23.0 24.0
obstacle
0.0232954304665
48.0 140.0 95.0 55.0
obstacle
0.0232053864747
127.0 26.0 91.0 77.0
obstacle
0.0232044905424
0.0 104.0 354.0 229.0
obstacle
0.023194309324
122.0 156.0 22.0 20.0
obstacle
0.0231864787638
47.0 25.0 97.0 78.0
obstacle
0.0231735482812
277.0 104.0 101.0 77.0
obstacle
0.0231021102518
156.0 284.0 31.0 23.0
obstacle
0.0230493545532
237.0 52.0 22.0 24.0
obstacle
0.0230322182178
198.0 78.0 24.0 24.0
obstacle
0.023021472618
84.0 79.0 22.0 20.0
obstacle
0.0229213535786
472.0 129.0 23.0 22.0
obstacle
0.0228576753289
199.0 103.0 23.0 24.0
obstacle
0.0228550024331
0.0 0.0 354.0 72.0
obstacle
0.0228261332959
239.0 308.0 23.0 23.0
obstacle
0.0228069275618
5.0 26.0 104.0 76.0
obstacle
0.0227540973574
77.0 227.0 114.0 83.0
obstacle
0.022625407204
240.0 54.0 96.0 71.0
obstacle
0.0226098354906
167.0 22.0 87.0 85.0
obstacle
0.0225858055055
309.0 255.0 31.0 24.0
obstacle
0.0225701928139
275.0 137.0 99.0 64.0
obstacle
0.0225614532828
84.0 52.0 100.0 75.0
obstacle
0.0225406587124
265.0 261.0 120.0 65.0
obstacle
0.0225088465959
85.0 52.0 22.0 22.0
obstacle
0.0224537756294
123.0 53.0 23.0 23.0
obstacle
0.0224143899977
361.0 29.0 81.0 69.0
obstacle
0.0223956033587
435.0 0.0 65.0 57.0
obstacle
0.0223558098078
427.0 104.0 28.0 21.0
obstacle
0.0223381984979
0.0 101.0 59.0 80.0
obstacle
0.0223107207566
164.0 309.0 19.0 22.0
obstacle
0.0222938861698
163.0 51.0 95.0 78.0
obstacle
0.022274563089
161.0 54.0 21.0 22.0
obstacle
0.0222581569105
392.0 184.0 20.0 16.0
obstacle
0.0222516022623
46.0 53.0 22.0 21.0
obstacle
0.0221708528697
158.0 105.0 106.0 76.0
obstacle
0.0221568476409
355.0 56.0 96.0 66.0
obstacle
0.0219551250339
80.0 208.0 108.0 71.0
obstacle
0.0219294279814
392.0 308.0 23.0 24.0
obstacle
0.0218503922224
122.0 102.0 100.0 80.0
obstacle
0.0217619165778
8.0 3.0 99.0 71.0
obstacle
0.0217612124979
43.0 105.0 105.0 74.0
obstacle
0.0217602513731
114.0 229.0 115.0 79.0
obstacle
0.021644545719
311.0 135.0 107.0 66.0
obstacle
0.0215381085873
168.0 168.0 93.0 50.0
obstacle
0.0215215589851
207.0 169.0 293.0 98.0
obstacle
0.0215000398457
122.0 104.0 24.0 22.0
obstacle
0.0214561317116
159.0 231.0 23.0 23.0
obstacle
0.0212313085794
86.0 308.0 19.0 23.0
obstacle
0.0211670361459
426.0 79.0 27.0 19.0
obstacle
0.0211409609765
84.0 1.0 101.0 75.0
obstacle
0.0211282931268
237.0 26.0 24.0 24.0
obstacle
0.0210808105767
471.0 282.0 24.0 24.0
obstacle
0.021056573838
83.0 3.0 25.0 19.0
obstacle
0.0210202168673
199.0 26.0 22.0 23.0
obstacle
0.0210037082434
152.0 231.0 119.0 77.0
obstacle
0.0209488179535
351.0 4.0 26.0 17.0
obstacle
0.0208240170032
127.0 54.0 92.0 70.0
obstacle
0.0207553096116
281.0 73.0 91.0 85.0
obstacle
0.0207340996712
316.0 311.0 23.0 20.0
obstacle
0.0207176227123
315.0 52.0 21.0 24.0
obstacle
0.0207091905177
312.0 281.0 33.0 24.0
obstacle
0.0206788461655
238.0 229.0 22.0 21.0
obstacle
0.0205712467432
307.0 233.0 114.0 70.0
obstacle
0.0205641537905
332.0 184.0 133.0 63.0
obstacle
0.0205582398921
82.0 26.0 23.0 24.0
obstacle
0.0205415636301
199.0 52.0 21.0 25.0
obstacle
0.0204508770257
199.0 228.0 19.0 25.0
obstacle
0.020440151915
292.0 290.0 147.0 43.0
obstacle
0.0203078184277
6.0 52.0 15.0 24.0
obstacle
0.0202785190195
7.0 283.0 17.0 23.0
obstacle
0.0202583000064
125.0 77.0 94.0 78.0
obstacle
0.0201296433806
315.0 5.0 26.0 17.0
obstacle
0.0199303198606
238.0 137.0 101.0 64.0
obstacle
0.019914329052
391.0 282.0 26.0 24.0
obstacle
0.0198751948774
315.0 76.0 101.0 79.0
obstacle
0.0198440123349
235.0 103.0 26.0 22.0
obstacle
0.0197544395924
307.0 215.0 100.0 50.0
obstacle
0.0197471436113
84.0 104.0 22.0 21.0
obstacle
0.0196892563254
276.0 310.0 24.0 21.0
obstacle
0.0196048859507
392.0 258.0 23.0 22.0
obstacle
0.0195356104523
121.0 256.0 26.0 26.0
obstacle
0.0195206794888
241.0 78.0 95.0 75.0
obstacle
0.0194119121879
159.0 77.0 105.0 77.0
obstacle
0.0192987788469
382.0 256.0 118.0 77.0
obstacle
0.0192702431232
143.0 286.0 137.0 47.0
obstacle
0.0191376935691
239.0 77.0 21.0 23.0
obstacle
0.0190634857863
427.0 281.0 30.0 25.0
obstacle
0.018955450505
430.0 283.0 70.0 50.0
obstacle
0.0188720077276
303.0 176.0 197.0 135.0
obstacle
0.0188692305237
0.0 0.0 63.0 51.0
obstacle
0.0188518557698
5.0 78.0 15.0 23.0
obstacle
0.0187781043351
394.0 104.0 98.0 74.0
obstacle
0.0187444575131
281.0 26.0 90.0 76.0
obstacle
0.0186452362686
205.0 54.0 89.0 71.0
obstacle
0.0186017453671
170.0 233.0 317.0 100.0
obstacle
0.0185903888196
197.0 282.0 27.0 25.0
obstacle
0.0185547973961
390.0 129.0 26.0 24.0
obstacle
0.0183011926711
284.0 104.0 216.0 126.0
obstacle
0.0181768499315
391.0 105.0 24.0 20.0
obstacle
0.0179938413203
63.0 0.0 437.0 182.0
obstacle
0.0179729610682
349.0 137.0 107.0 61.0
obstacle
0.0179517362267
428.0 309.0 26.0 24.0
obstacle
0.0179255474359
334.0 214.0 135.0 56.0
obstacle
0.0178771968931
87.0 27.0 94.0 76.0
obstacle
0.0177473518997
46.0 54.0 98.0 72.0
obstacle
0.0177428703755
0.0 284.0 76.0 49.0
obstacle
0.0177068375051
390.0 205.0 22.0 26.0
obstacle
0.017654331401
351.0 282.0 28.0 23.0
obstacle
0.0174232311547
78.0 77.0 113.0 78.0
obstacle
0.017393860966
354.0 73.0 99.0 85.0
obstacle
0.01723642461
349.0 105.0 107.0 74.0
obstacle
0.0172218736261
84.0 134.0 100.0 65.0
obstacle
0.0171651020646
46.0 27.0 22.0 23.0
obstacle
0.0169853828847
0.0 55.0 179.0 276.0
obstacle
0.0168223176152
437.0 75.0 63.0 81.0
obstacle
0.0165648125112
344.0 253.0 118.0 80.0
obstacle
0.0165541414171
47.0 80.0 20.0 20.0
obstacle
0.0164559483528
0.0 111.0 315.0 111.0
obstacle
0.016408007592
220.0 291.0 135.0 42.0
obstacle
0.0163346286863
0.0 3.0 259.0 122.0
obstacle
0.0162460766733
136.0 115.0 364.0 218.0
obstacle
0.0162096694112
199.0 139.0 104.0 59.0
obstacle
0.0161621235311
45.0 0.0 100.0 56.0
obstacle
0.0160786230117
20.0 265.0 381.0 68.0
