obstacle
0.836889266968
24.0 135.0 307.0 105.0
obstacle
0.157651901245
194.0 132.0 27.0 25.0
obstacle
0.144603818655
92.0 156.0 162.0 67.0
obstacle
0.0820514932275
89.0 125.0 23.0 27.0
obstacle
0.0660701915622
37.0 157.0 125.0 62.0
obstacle
0.0659629404545
165.0 135.0 91.0 66.0
obstacle
0.0623916387558
57.0 142.0 81.0 57.0
obstacle
0.0560395158827
89.0 109.0 21.0 20.0
obstacle
0.0543425194919
174.0 118.0 68.0 55.0
obstacle
0.0535572245717
108.0 131.0 139.0 76.0
obstacle
0.0533286444843
108.0 186.0 127.0 53.0
obstacle
0.0520223155618
47.0 154.0 403.0 121.0
obstacle
0.0517063401639
200.0 104.0 23.0 23.0
obstacle
0.0516381263733
117.0 128.0 24.0 23.0
obstacle
0.0508017502725
11.0 89.0 326.0 116.0
obstacle
0.0494596324861
191.0 139.0 110.0 58.0
obstacle
0.0461464896798
274.0 154.0 22.0 24.0
obstacle
0.0444567687809
161.0 105.0 23.0 17.0
obstacle
0.044005651027
20.0 109.0 83.0 67.0
obstacle
0.0424965210259
471.0 2.0 23.0 20.0
obstacle
0.0412246435881
150.0 191.0 115.0 46.0
obstacle
0.0406296886504
70.0 120.0 60.0 44.0
obstacle
0.0400934480131
189.0 217.0 118.0 45.0
obstacle
0.039652980864
233.0 130.0 29.0 20.0
obstacle
0.0395128019154
230.0 230.0 37.0 19.0
obstacle
0.0392117165029
163.0 180.0 28.0 22.0
obstacle
0.0379699096084
161.0 80.0 21.0 18.0
obstacle
0.037336114794
124.0 81.0 20.0 17.0
obstacle
0.0369628667831
133.0 117.0 86.0 51.0
obstacle
0.036812722683
162.0 131.0 27.0 21.0
obstacle
0.0363302640617
394.0 0.0 98.0 81.0
obstacle
0.0361826084554
236.0 178.0 28.0 24.0
obstacle
0.0355465374887
74.0 191.0 122.0 46.0
obstacle
0.0355231724679
387.0 32.0 110.0 65.0
obstacle
0.0351297967136
199.0 80.0 21.0 17.0
obstacle
0.0347444973886
86.0 81.0 20.0 16.0
obstacle
0.0335283502936
469.0 204.0 25.0 26.0
obstacle
0.0335081368685
190.0 191.0 112.0 52.0
obstacle
0.0325109623373
362.0 2.0 84.0 74.0
obstacle
0.0324996672571
229.0 210.0 114.0 60.0
obstacle
0.031816534698
95.0 114.0 72.0 54.0
obstacle
0.0316691733897
474.0 27.0 21.0 20.0
obstacle
0.0313369743526
197.0 182.0 32.0 21.0
obstacle
0.0305701289326
427.0 55.0 25.0 20.0
obstacle
0.0304103903472
118.0 108.0 29.0 18.0
obstacle
0.0301430672407
475.0 102.0 18.0 22.0
obstacle
0.0301098134369
270.0 230.0 30.0 22.0
obstacle
0.029776468873
236.0 105.0 24.0 20.0
obstacle
0.0296914521605
49.0 178.0 19.0 27.0
obstacle
0.0290819648653
49.0 126.0 20.0 32.0
obstacle
0.0288500022143
441.0 0.0 59.0 78.0
obstacle
0.0288231857121
237.0 80.0 21.0 17.0
obstacle
0.0284804999828
275.0 130.0 22.0 20.0
obstacle
0.028368582949
233.0 155.0 30.0 21.0
obstacle
0.0283553097397
427.0 177.0 73.0 81.0
obstacle
0.0282731279731
159.0 206.0 30.0 18.0
obstacle
0.0280485488474
475.0 54.0 17.0 19.0
obstacle
0.0277177579701
474.0 127.0 20.0 23.0
obstacle
0.0276773963124
276.0 177.0 21.0 25.0
obstacle
0.0275158639997
118.0 107.0 335.0 123.0
obstacle
0.0272508542985
191.0 230.0 40.0 19.0
obstacle
0.0270762629807
6.0 78.0 13.0 22.0
obstacle
0.0269176028669
45.0 204.0 22.0 24.0
obstacle
0.0266982130706
84.0 56.0 23.0 19.0
obstacle
0.0265118218958
275.0 104.0 25.0 21.0
obstacle
0.026463156566
33.0 259.0 120.0 70.0
obstacle
0.0263889301568
353.0 80.0 23.0 18.0
obstacle
0.0261186733842
122.0 56.0 22.0 18.0
obstacle
0.0260747615248
196.0 61.0 104.0 58.0
obstacle
0.0260401666164
201.0 151.0 19.0 31.0
obstacle
0.0260260347277
42.0 229.0 24.0 25.0
obstacle
0.0259885918349
345.0 204.0 115.0 79.0
obstacle
0.0259263627231
161.0 55.0 22.0 20.0
obstacle
0.0257271435112
344.0 129.0 116.0 75.0
obstacle
0.0252581592649
16.0 161.0 92.0 60.0
obstacle
0.0251696314663
167.0 154.0 16.0 27.0
obstacle
0.0251223314553
75.0 140.0 121.0 59.0
obstacle
0.0250394903123
391.0 2.0 27.0 21.0
obstacle
0.0246322099119
81.0 155.0 22.0 24.0
obstacle
0.0241281446069
388.0 254.0 28.0 26.0
obstacle
0.0240768902004
392.0 27.0 22.0 21.0
obstacle
0.0238554738462
6.0 0.0 18.0 22.0
obstacle
0.0238506216556
275.0 2.0 28.0 22.0
obstacle
0.0237891320139
429.0 127.0 26.0 25.0
obstacle
0.0237839855254
82.0 91.0 96.0 54.0
obstacle
0.0237804353237
129.0 0.0 88.0 80.0
obstacle
0.0237448401749
7.0 307.0 19.0 23.0
obstacle
0.0234104190022
6.0 231.0 19.0 22.0
obstacle
0.0233908500522
158.0 2.0 30.0 21.0
obstacle
0.023390814662
429.0 79.0 25.0 19.0
obstacle
0.0233162604272
171.0 89.0 81.0 53.0
obstacle
0.0231702122837
240.0 128.0 84.0 81.0
obstacle
0.0230401325971
238.0 55.0 23.0 19.0
obstacle
0.0229828506708
48.0 306.0 20.0 25.0
obstacle
0.0228184368461
78.0 28.0 113.0 73.0
obstacle
0.0228164549917
160.0 26.0 27.0 23.0
obstacle
0.0224757865071
119.0 178.0 29.0 22.0
obstacle
0.0223650448024
386.0 231.0 32.0 25.0
obstacle
0.022274389863
470.0 178.0 25.0 26.0
obstacle
0.0222510509193
39.0 232.0 109.0 73.0
obstacle
0.0221883933991
390.0 177.0 21.0 24.0
obstacle
0.0221419613808
79.0 281.0 30.0 27.0
obstacle
0.0220124330372
353.0 2.0 24.0 21.0
obstacle
0.02199533768
389.0 155.0 25.0 22.0
obstacle
0.0219404939562
157.0 59.0 107.0 61.0
obstacle
0.0219145976007
354.0 307.0 21.0 26.0
obstacle
0.0219128131866
349.0 63.0 107.0 53.0
obstacle
0.0218905545771
427.0 1.0 31.0 21.0
obstacle
0.0218496415764
19.0 139.0 87.0 54.0
obstacle
0.021849444136
86.0 56.0 94.0 66.0
obstacle
0.0218088813126
80.0 255.0 29.0 26.0
obstacle
0.0218062475324
350.0 257.0 27.0 23.0
obstacle
0.0217660032213
200.0 55.0 21.0 20.0
obstacle
0.0217468850315
163.0 0.0 98.0 78.0
obstacle
0.0216629970819
348.0 230.0 109.0 76.0
obstacle
0.0214802920818
193.0 116.0 101.0 53.0
obstacle
0.0214667096734
239.0 309.0 20.0 23.0
obstacle
0.0213806070387
390.0 79.0 24.0 19.0
obstacle
0.0213606953621
255.0 0.0 245.0 103.0
obstacle
0.0213202536106
0.0 17.0 500.0 245.0
obstacle
0.0213076993823
276.0 80.0 21.0 17.0
obstacle
0.0212586708367
475.0 78.0 18.0 19.0
obstacle
0.0211638379842
264.0 260.0 122.0 69.0
obstacle
0.0210496578366
314.0 0.0 103.0 80.0
obstacle
0.02103228122
37.0 30.0 120.0 70.0
obstacle
0.0209476631135
238.0 0.0 101.0 62.0
obstacle
0.0208499878645
236.0 2.0 27.0 21.0
obstacle
0.0208454001695
116.0 205.0 31.0 18.0
obstacle
0.0207289960235
429.0 26.0 28.0 24.0
obstacle
0.0206937752664
5.0 56.0 13.0 19.0
obstacle
0.0206800103188
315.0 80.0 22.0 18.0
obstacle
0.0206214878708
155.0 229.0 34.0 22.0
obstacle
0.0205943733454
470.0 254.0 24.0 26.0
obstacle
0.0205416046083
6.0 205.0 20.0 23.0
obstacle
0.0205056387931
222.0 200.0 278.0 133.0
obstacle
0.0204983614385
0.0 106.0 67.0 69.0
obstacle
0.0204618405551
352.0 57.0 23.0 15.0
obstacle
0.0203859042376
390.0 57.0 23.0 17.0
obstacle
0.0203844960779
44.0 186.0 101.0 56.0
obstacle
0.0203665159643
313.0 2.0 27.0 22.0
obstacle
0.0202807467431
353.0 25.0 25.0 24.0
obstacle
0.0202766712755
0.0 176.0 69.0 81.0
obstacle
0.020272353664
0.0 182.0 233.0 121.0
obstacle
0.0202712435275
316.0 307.0 22.0 25.0
obstacle
0.0202581416816
310.0 230.0 28.0 23.0
obstacle
0.0201170444489
388.0 104.0 107.0 73.0
obstacle
0.0200602672994
350.0 231.0 28.0 23.0
obstacle
0.0200197193772
162.0 308.0 21.0 23.0
obstacle
0.0199675578624
305.0 206.0 119.0 74.0
obstacle
0.0199490636587
314.0 56.0 22.0 18.0
obstacle
0.0199448131025
427.0 255.0 30.0 23.0
obstacle
0.0198946986347
428.0 104.0 25.0 19.0
obstacle
0.0198759287596
473.0 308.0 19.0 22.0
obstacle
0.0197799857706
0.0 0.0 333.0 128.0
obstacle
0.0197604801506
41.0 256.0 28.0 24.0
obstacle
0.0197452250868
426.0 231.0 29.0 23.0
obstacle
0.0197422336787
52.0 150.0 19.0 28.0
obstacle
0.0197365861386
5.0 102.0 16.0 24.0
obstacle
0.0196836553514
349.0 178.0 28.0 24.0
obstacle
0.0196399781853
274.0 0.0 105.0 61.0
obstacle
0.0196158159524
122.0 2.0 25.0 20.0
obstacle
0.0195883680135
5.0 127.0 17.0 25.0
obstacle
0.0195716656744
154.0 34.0 115.0 62.0
obstacle
0.0195594783872
6.0 255.0 21.0 25.0
obstacle
0.0195216313004
429.0 178.0 26.0 23.0
obstacle
0.0195060130209
119.0 255.0 29.0 24.0
obstacle
0.0194288529456
300.0 228.0 128.0 82.0
obstacle
0.0193338096142
0.0 206.0 120.0 76.0
obstacle
0.0192846041173
0.0 152.0 67.0 77.0
obstacle
0.0192531459033
384.0 231.0 113.0 76.0
obstacle
0.0192196872085
42.0 280.0 27.0 28.0
obstacle
0.019181355834
199.0 0.0 101.0 62.0
obstacle
0.0191293749958
188.0 208.0 43.0 18.0
obstacle
0.0191270150244
311.0 58.0 108.0 62.0
obstacle
0.019035268575
314.0 103.0 23.0 23.0
obstacle
0.0189954675734
0.0 135.0 73.0 61.0
obstacle
0.0189060065895
471.0 281.0 25.0 26.0
obstacle
0.0188788883388
318.0 163.0 182.0 111.0
obstacle
0.018738143146
236.0 61.0 102.0 57.0
obstacle
0.0187378972769
232.0 80.0 107.0 71.0
obstacle
0.0186582319438
120.0 60.0 102.0 59.0
obstacle
0.0186416767538
85.0 40.0 252.0 199.0
obstacle
0.0183727126569
119.0 30.0 108.0 69.0
obstacle
0.0183431841433
310.0 280.0 31.0 27.0
obstacle
0.0183255355805
381.0 151.0 117.0 81.0
obstacle
0.0183138865978
313.0 25.0 27.0 24.0
obstacle
0.0181481707841
278.0 308.0 20.0 22.0
obstacle
0.0181433260441
124.0 308.0 21.0 23.0
obstacle
0.0181357339025
473.0 153.0 20.0 22.0
obstacle
0.0181287564337
85.0 25.0 21.0 24.0
obstacle
0.0180972833186
274.0 281.0 28.0 26.0
obstacle
0.0180743541569
433.0 307.0 22.0 25.0
obstacle
0.0180713646114
3.0 257.0 106.0 73.0
obstacle
0.0180683545768
207.0 84.0 81.0 62.0
obstacle
0.0180656835437
347.0 151.0 109.0 80.0
obstacle
0.0180400945246
47.0 54.0 95.0 70.0
obstacle
0.018010770902
430.0 206.0 70.0 73.0
obstacle
0.01799207367
472.0 230.0 22.0 23.0
obstacle
0.0179258901626
156.0 257.0 31.0 21.0
obstacle
0.0179230161011
33.0 215.0 122.0 57.0
obstacle
0.0178815275431
45.0 56.0 21.0 19.0
obstacle
0.0177955459803
46.0 105.0 19.0 19.0
obstacle
0.0177911967039
27.0 208.0 368.0 120.0
obstacle
0.0177819970995
345.0 107.0 114.0 68.0
obstacle
0.0177156813443
196.0 2.0 29.0 21.0
obstacle
0.017705405131
69.0 256.0 127.0 75.0
obstacle
0.0176575798541
428.0 206.0 25.0 22.0
obstacle
0.0176561269909
298.0 157.0 128.0 68.0
obstacle
0.0176488123834
193.0 256.0 34.0 23.0
obstacle
0.0175547953695
119.0 281.0 28.0 27.0
obstacle
0.0175369922072
193.0 282.0 32.0 26.0
obstacle
0.0174837615341
391.0 204.0 25.0 24.0
obstacle
0.0173738989979
196.0 25.0 30.0 24.0
obstacle
0.0173428300768
46.0 0.0 98.0 77.0
obstacle
0.0172668993473
85.0 308.0 23.0 23.0
obstacle
0.0172213762999
78.0 205.0 28.0 21.0
obstacle
0.0172063391656
0.0 282.0 73.0 51.0
obstacle
0.0171887725592
0.0 227.0 63.0 82.0
obstacle
0.017184086144
390.0 129.0 26.0 21.0
obstacle
0.0171624626964
312.0 34.0 109.0 61.0
obstacle
0.0171352680773
388.0 58.0 105.0 64.0
obstacle
0.0171223767102
5.0 282.0 21.0 24.0
obstacle
0.0170398876071
276.0 55.0 22.0 19.0
obstacle
0.016971513629
57.0 94.0 75.0 48.0
obstacle
0.0169002301991
313.0 155.0 21.0 23.0
obstacle
0.0168943684548
311.0 256.0 28.0 24.0
obstacle
0.016603499651
78.0 181.0 31.0 20.0
obstacle
0.0165163911879
349.0 32.0 110.0 67.0
obstacle
0.0165083352476
234.0 182.0 104.0 69.0
obstacle
0.0164587013423
234.0 283.0 28.0 24.0
obstacle
0.0164462141693
154.0 259.0 111.0 70.0
obstacle
0.0164433456957
8.0 153.0 15.0 23.0
obstacle
0.016423445195
382.0 128.0 118.0 75.0
obstacle
0.016399949789
84.0 2.0 25.0 19.0
obstacle
0.0163947232068
389.0 281.0 27.0 26.0
obstacle
0.0163445919752
237.0 25.0 25.0 24.0
obstacle
0.0163001939654
121.0 229.0 25.0 23.0
obstacle
0.0162929259241
265.0 208.0 120.0 68.0
obstacle
0.0162853617221
394.0 308.0 21.0 23.0
obstacle
0.0162158496678
351.0 281.0 25.0 26.0
obstacle
0.0162098258734
158.0 280.0 29.0 28.0
obstacle
0.0161453597248
111.0 216.0 123.0 50.0
obstacle
0.0161450263113
313.0 129.0 22.0 21.0
obstacle
0.0159937404096
352.0 204.0 24.0 23.0
obstacle
0.0158984512091
87.0 0.0 93.0 63.0
obstacle
0.0158790107816
188.0 286.0 123.0 47.0
obstacle
0.0158656574786
0.0 229.0 262.0 104.0
obstacle
0.0158502366394
43.0 1.0 28.0 20.0
obstacle
0.0157830473036
352.0 129.0 26.0 22.0
obstacle
0.0157682616264
391.0 103.0 22.0 21.0
obstacle
0.0157309826463
276.0 80.0 101.0 71.0
obstacle
0.0157167091966
8.0 0.0 98.0 55.0
obstacle
0.0156737174839
230.0 210.0 35.0 17.0
obstacle
0.0156716443598
234.0 255.0 29.0 23.0
obstacle
0.015649208799
121.0 27.0 25.0 21.0
obstacle
0.015631346032
146.0 235.0 125.0 68.0
obstacle
0.0156064219773
0.0 0.0 60.0 53.0
obstacle
0.0155487237498
202.0 308.0 21.0 22.0
obstacle
0.0155271841213
274.0 59.0 105.0 60.0
obstacle
0.0154915973544
314.0 178.0 23.0 22.0
obstacle
0.0153971584514
379.0 264.0 121.0 62.0
obstacle
0.0153401000425
276.0 27.0 25.0 20.0
obstacle
0.0153197040781
114.0 285.0 117.0 48.0
obstacle
0.0152974417433
426.0 152.0 29.0 23.0
obstacle
0.0152180800214
46.0 79.0 18.0 17.0
obstacle
0.0151882926002
341.0 179.0 124.0 78.0
obstacle
0.0151429092512
266.0 236.0 117.0 67.0
obstacle
0.0150763085112
353.0 103.0 22.0 22.0
obstacle
0.01484435983
183.0 229.0 126.0 78.0
obstacle
0.014817642048
275.0 254.0 26.0 26.0
obstacle
0.0147932609543
7.0 27.0 14.0 24.0
obstacle
0.0147922337055
108.0 49.0 361.0 133.0
obstacle
0.0147564597428
126.0 157.0 18.0 20.0
obstacle
0.0146667491645
342.0 256.0 120.0 75.0
obstacle
0.0146356150508
77.0 211.0 113.0 60.0
obstacle
0.0146348662674
260.0 182.0 131.0 71.0
obstacle
0.0146328788251
68.0 256.0 364.0 77.0
obstacle
0.014608329162
425.0 288.0 75.0 45.0
obstacle
0.0144169675186
230.0 31.0 116.0 67.0
obstacle
0.0144163444638
232.0 256.0 109.0 76.0
obstacle
0.0142642455176
276.0 108.0 99.0 65.0
obstacle
0.0141541818157
309.0 106.0 111.0 70.0
obstacle
0.0140301706269
427.0 282.0 30.0 25.0
obstacle
0.0139984665439
0.0 62.0 249.0 110.0
obstacle
0.0139918448403
83.0 230.0 23.0 22.0
obstacle
0.0139654269442
270.0 206.0 29.0 21.0
obstacle
0.0137987323105
108.0 0.0 359.0 77.0
obstacle
0.0137236341834
301.0 285.0 128.0 48.0
obstacle
0.0136897359043
142.0 75.0 358.0 258.0
obstacle
0.0136609291658
312.0 204.0 26.0 24.0
obstacle
0.0135197974741
0.0 108.0 218.0 120.0
obstacle
0.0134975044057
270.0 33.0 114.0 64.0
obstacle
0.0133281573653
17.0 87.0 81.0 60.0
obstacle
0.0132730454206
346.0 82.0 115.0 66.0
obstacle
0.0130353942513
151.0 0.0 349.0 156.0
obstacle
0.0130009129643
0.0 55.0 57.0 67.0
obstacle
0.012968971394
121.0 86.0 102.0 57.0
obstacle
0.0129268513992
5.0 37.0 109.0 57.0
obstacle
0.0128951948136
441.0 74.0 59.0 82.0
obstacle
0.0128223262727
242.0 111.0 86.0 59.0
