obstacle
0.611242473125
209.0 86.0 92.0 22.0
obstacle
0.598151028156
78.0 129.0 343.0 87.0
obstacle
0.445030063391
33.0 82.0 33.0 17.0
obstacle
0.415516644716
215.0 92.0 75.0 13.0
obstacle
0.381870180368
255.0 90.0 47.0 14.0
obstacle
0.377465456724
13.0 146.0 321.0 83.0
obstacle
0.362798690796
235.0 81.0 78.0 31.0
obstacle
0.22844953835
14.0 69.0 79.0 45.0
obstacle
0.218617171049
217.0 90.0 72.0 33.0
obstacle
0.193734839559
54.0 157.0 157.0 57.0
obstacle
0.182258173823
233.0 90.0 91.0 39.0
obstacle
0.181458190084
222.0 101.0 54.0 14.0
obstacle
0.173915490508
232.0 129.0 111.0 72.0
obstacle
0.172479391098
146.0 159.0 126.0 53.0
obstacle
0.159598052502
199.0 89.0 34.0 13.0
obstacle
0.144286707044
189.0 154.0 113.0 63.0
obstacle
0.138858541846
266.0 134.0 117.0 64.0
obstacle
0.135153502226
170.0 78.0 98.0 33.0
obstacle
0.127096116543
262.0 102.0 40.0 16.0
obstacle
0.126227304339
115.0 128.0 25.0 24.0
obstacle
0.114537216723
233.0 181.0 35.0 19.0
obstacle
0.111178539693
8.0 81.0 26.0 17.0
obstacle
0.110761396587
41.0 148.0 113.0 46.0
obstacle
0.107144095004
88.0 115.0 80.0 58.0
obstacle
0.101900048554
270.0 131.0 30.0 23.0
obstacle
0.100538134575
78.0 83.0 28.0 15.0
obstacle
0.0996814966202
234.0 110.0 100.0 68.0
obstacle
0.0856112763286
237.0 132.0 33.0 21.0
obstacle
0.0819294601679
72.0 139.0 121.0 59.0
obstacle
0.0771666392684
55.0 116.0 84.0 52.0
obstacle
0.0720808729529
213.0 118.0 83.0 51.0
obstacle
0.0718763768673
0.0 167.0 420.0 93.0
obstacle
0.0708319470286
158.0 178.0 32.0 21.0
obstacle
0.0707879066467
191.0 185.0 109.0 57.0
obstacle
0.0702148899436
41.0 65.0 99.0 51.0
obstacle
0.0675013437867
130.0 83.0 315.0 124.0
obstacle
0.0663141608238
199.0 104.0 28.0 14.0
obstacle
0.0659658536315
234.0 155.0 101.0 64.0
obstacle
0.0649403035641
302.0 137.0 112.0 56.0
obstacle
0.0639758482575
196.0 179.0 33.0 21.0
obstacle
0.0601060986519
155.0 126.0 340.0 122.0
obstacle
0.0599752254784
84.0 130.0 26.0 25.0
obstacle
0.058586396277
163.0 83.0 22.0 13.0
obstacle
0.0583945699036
238.0 153.0 25.0 26.0
obstacle
0.0564996898174
121.0 83.0 25.0 16.0
obstacle
0.0535520836711
277.0 153.0 24.0 27.0
obstacle
0.0513459630311
227.0 205.0 40.0 20.0
obstacle
0.0498361177742
137.0 61.0 224.0 61.0
obstacle
0.0497119277716
22.0 160.0 81.0 61.0
obstacle
0.0493466369808
0.0 28.0 353.0 126.0
obstacle
0.0483823604882
128.0 116.0 86.0 53.0
obstacle
0.0481916181743
311.0 153.0 30.0 26.0
obstacle
0.0475920625031
310.0 84.0 24.0 15.0
obstacle
0.0462874919176
112.0 135.0 124.0 70.0
obstacle
0.0450257100165
159.0 129.0 29.0 25.0
obstacle
0.0448214933276
276.0 182.0 29.0 18.0
obstacle
0.0447236336768
208.0 0.0 84.0 81.0
obstacle
0.0446317791939
267.0 69.0 102.0 42.0
obstacle
0.0444791279733
126.0 65.0 97.0 51.0
obstacle
0.043007787317
175.0 93.0 84.0 37.0
obstacle
0.0426307097077
46.0 176.0 21.0 30.0
obstacle
0.0416715070605
0.0 47.0 188.0 85.0
obstacle
0.0409496426582
38.0 103.0 33.0 18.0
obstacle
0.0399587862194
316.0 130.0 23.0 23.0
obstacle
0.0394042134285
0.0 90.0 290.0 105.0
obstacle
0.0389405228198
10.0 81.0 92.0 61.0
obstacle
0.0389093980193
44.0 131.0 26.0 21.0
obstacle
0.0368887037039
40.0 203.0 26.0 23.0
obstacle
0.0366490483284
164.0 0.0 93.0 82.0
obstacle
0.0366402082145
81.0 64.0 105.0 54.0
obstacle
0.0365453995764
349.0 153.0 32.0 25.0
obstacle
0.036182526499
307.0 104.0 32.0 20.0
obstacle
0.0357875190675
12.0 115.0 96.0 53.0
obstacle
0.0356547348201
40.0 258.0 109.0 71.0
obstacle
0.0355191119015
352.0 82.0 26.0 16.0
obstacle
0.0346886664629
128.0 0.0 89.0 79.0
obstacle
0.0335541442037
43.0 229.0 25.0 24.0
obstacle
0.0334904566407
471.0 2.0 22.0 20.0
obstacle
0.0332003720105
242.0 6.0 92.0 67.0
obstacle
0.0324920229614
197.0 128.0 31.0 23.0
obstacle
0.0322510264814
122.0 105.0 20.0 21.0
obstacle
0.0322173349559
10.0 145.0 102.0 48.0
obstacle
0.0321905650198
233.0 2.0 30.0 20.0
obstacle
0.032172255218
269.0 91.0 102.0 50.0
obstacle
0.0321656242013
353.0 129.0 24.0 22.0
obstacle
0.0321026183665
202.0 157.0 21.0 22.0
obstacle
0.0314606502652
53.0 6.0 83.0 66.0
obstacle
0.0314214453101
14.0 180.0 84.0 70.0
obstacle
0.030951268971
46.0 79.0 97.0 70.0
obstacle
0.0306622497737
83.0 103.0 25.0 18.0
obstacle
0.0304261706769
351.0 104.0 27.0 20.0
obstacle
0.0302535630763
309.0 115.0 109.0 59.0
obstacle
0.0302497521043
0.0 15.0 500.0 250.0
obstacle
0.03019795008
158.0 105.0 25.0 18.0
obstacle
0.0301481876522
48.0 153.0 21.0 27.0
obstacle
0.0301475618035
239.0 57.0 24.0 17.0
obstacle
0.030080974102
314.0 0.0 101.0 59.0
obstacle
0.0298943780363
271.0 108.0 107.0 68.0
obstacle
0.0298774782568
308.0 58.0 110.0 65.0
obstacle
0.0298073273152
390.0 150.0 22.0 26.0
obstacle
0.0296176690608
313.0 2.0 25.0 19.0
obstacle
0.0293954834342
82.0 158.0 26.0 19.0
obstacle
0.0290245655924
248.0 42.0 78.0 51.0
obstacle
0.028917806223
10.0 4.0 93.0 72.0
obstacle
0.0285326465964
283.0 0.0 88.0 59.0
obstacle
0.0285322740674
117.0 180.0 30.0 18.0
obstacle
0.02817886509
189.0 205.0 43.0 19.0
obstacle
0.0280747059733
197.0 3.0 27.0 18.0
obstacle
0.0280650667846
474.0 180.0 22.0 23.0
obstacle
0.0279466491193
0.0 262.0 115.0 66.0
obstacle
0.0278505496681
42.0 59.0 24.0 18.0
obstacle
0.027821443975
194.0 231.0 105.0 76.0
obstacle
0.0277830567211
101.0 187.0 138.0 57.0
obstacle
0.0277322977781
276.0 58.0 20.0 15.0
obstacle
0.0276916194707
271.0 258.0 33.0 22.0
obstacle
0.027647761628
7.0 102.0 18.0 20.0
obstacle
0.0275398790836
4.0 130.0 24.0 20.0
obstacle
0.027286330238
228.0 232.0 115.0 74.0
obstacle
0.027230001986
351.0 0.0 105.0 59.0
obstacle
0.0271752197295
215.0 45.0 74.0 47.0
obstacle
0.0267979353666
274.0 2.0 26.0 18.0
obstacle
0.0267565418035
2.0 208.0 106.0 69.0
obstacle
0.0267426408827
198.0 56.0 28.0 19.0
obstacle
0.0266385432333
160.0 155.0 23.0 24.0
obstacle
0.0264650322497
91.0 0.0 85.0 80.0
obstacle
0.0264420453459
73.0 179.0 35.0 22.0
obstacle
0.0262914542109
171.0 115.0 80.0 52.0
obstacle
0.0262797828764
162.0 55.0 21.0 17.0
obstacle
0.0262346807867
359.0 127.0 80.0 73.0
obstacle
0.0260875951499
5.0 1.0 21.0 20.0
obstacle
0.0260469466448
392.0 79.0 22.0 18.0
obstacle
0.0257761385292
234.0 30.0 29.0 18.0
obstacle
0.0256971810013
118.0 155.0 27.0 23.0
obstacle
0.0256586391479
115.0 232.0 113.0 74.0
obstacle
0.0256445407867
126.0 307.0 21.0 25.0
obstacle
0.0255243424326
350.0 1.0 28.0 22.0
obstacle
0.0254088547081
389.0 1.0 27.0 22.0
obstacle
0.0252480600029
471.0 154.0 24.0 21.0
obstacle
0.0252323821187
154.0 233.0 109.0 73.0
obstacle
0.0252258721739
107.0 209.0 128.0 68.0
obstacle
0.0249259080738
280.0 36.0 90.0 58.0
obstacle
0.0247045382857
475.0 204.0 19.0 24.0
obstacle
0.0246931295842
474.0 53.0 19.0 19.0
obstacle
0.0246719196439
0.0 181.0 223.0 125.0
obstacle
0.0245567914099
195.0 255.0 30.0 25.0
obstacle
0.0245148185641
0.0 160.0 65.0 61.0
obstacle
0.0243403241038
346.0 54.0 113.0 71.0
obstacle
0.024185732007
79.0 282.0 29.0 25.0
obstacle
0.0235565118492
72.0 228.0 121.0 84.0
obstacle
0.0233858339489
17.0 39.0 81.0 56.0
obstacle
0.0233803782612
386.0 48.0 109.0 82.0
obstacle
0.0232798755169
34.0 179.0 119.0 72.0
obstacle
0.0230728518218
7.0 308.0 20.0 20.0
obstacle
0.0229798816144
474.0 79.0 19.0 18.0
obstacle
0.0228697098792
428.0 55.0 28.0 19.0
obstacle
0.0228135008365
227.0 191.0 111.0 50.0
obstacle
0.0227602142841
472.0 128.0 23.0 23.0
obstacle
0.0226915348321
198.0 28.0 26.0 20.0
obstacle
0.022582732141
233.0 257.0 31.0 21.0
obstacle
0.0225471872836
392.0 103.0 21.0 23.0
obstacle
0.0225263442844
159.0 2.0 26.0 19.0
obstacle
0.0224312637001
154.0 204.0 35.0 21.0
obstacle
0.0224250424653
158.0 256.0 29.0 24.0
obstacle
0.0224156826735
81.0 2.0 26.0 20.0
obstacle
0.0223985947669
121.0 255.0 26.0 26.0
obstacle
0.0223912224174
310.0 180.0 29.0 17.0
obstacle
0.0223179254681
0.0 225.0 250.0 108.0
obstacle
0.0221449173987
123.0 55.0 21.0 17.0
obstacle
0.022075721994
352.0 54.0 27.0 19.0
obstacle
0.021958515048
474.0 309.0 19.0 22.0
obstacle
0.021958341822
159.0 27.0 27.0 22.0
obstacle
0.0218984577805
121.0 2.0 26.0 21.0
obstacle
0.02188055031
313.0 34.0 106.0 64.0
obstacle
0.0218455884606
8.0 154.0 17.0 22.0
obstacle
0.021816894412
43.0 255.0 28.0 27.0
obstacle
0.021773872897
0.0 231.0 72.0 76.0
obstacle
0.0216983947903
0.0 134.0 73.0 64.0
obstacle
0.0216744169593
80.0 260.0 105.0 69.0
obstacle
0.0216592308134
472.0 230.0 22.0 24.0
obstacle
0.0216520428658
237.0 308.0 22.0 25.0
obstacle
0.0215810704976
390.0 256.0 26.0 23.0
obstacle
0.0214520338923
429.0 79.0 24.0 18.0
obstacle
0.0213418658823
43.0 2.0 26.0 19.0
obstacle
0.0212795268744
82.0 28.0 25.0 18.0
obstacle
0.0210319440812
167.0 32.0 90.0 67.0
obstacle
0.020980797708
355.0 308.0 22.0 23.0
obstacle
0.0209562145174
347.0 28.0 113.0 72.0
obstacle
0.0209366902709
346.0 206.0 112.0 74.0
obstacle
0.0209116600454
314.0 27.0 23.0 19.0
obstacle
0.0208949353546
348.0 232.0 109.0 73.0
obstacle
0.0207702051848
428.0 2.0 27.0 20.0
obstacle
0.0207331217825
122.0 26.0 23.0 22.0
obstacle
0.0206460468471
0.0 0.0 63.0 53.0
obstacle
0.020645365119
93.0 166.0 392.0 153.0
obstacle
0.020593252033
306.0 203.0 113.0 78.0
obstacle
0.0205729324371
438.0 0.0 62.0 57.0
obstacle
0.020504815504
351.0 228.0 26.0 26.0
obstacle
0.02041461505
396.0 0.0 92.0 57.0
obstacle
0.0203764513135
128.0 89.0 91.0 56.0
obstacle
0.0202557686716
42.0 282.0 28.0 26.0
obstacle
0.0201774854213
9.0 178.0 18.0 23.0
obstacle
0.0200383663177
158.0 228.0 30.0 26.0
obstacle
0.0199427343905
351.0 26.0 27.0 22.0
obstacle
0.0198298878968
54.0 30.0 81.0 70.0
obstacle
0.0198234189302
310.0 257.0 28.0 23.0
obstacle
0.0198102146387
6.0 230.0 25.0 23.0
obstacle
0.0197567418218
120.0 280.0 27.0 27.0
obstacle
0.0197050552815
389.0 230.0 26.0 24.0
obstacle
0.0196933224797
33.0 233.0 122.0 73.0
obstacle
0.0195988453925
180.0 26.0 320.0 128.0
obstacle
0.0195569321513
471.0 28.0 24.0 18.0
obstacle
0.0195537507534
199.0 258.0 100.0 72.0
obstacle
0.0195347201079
275.0 232.0 28.0 20.0
obstacle
0.0195293333381
473.0 103.0 21.0 21.0
obstacle
0.0195150077343
351.0 255.0 24.0 25.0
obstacle
0.0195095483214
80.0 254.0 29.0 26.0
obstacle
0.0194632392377
48.0 307.0 22.0 25.0
obstacle
0.0194270778447
390.0 54.0 25.0 19.0
obstacle
0.0194179993123
14.0 0.0 397.0 104.0
obstacle
0.0193465743214
267.0 230.0 115.0 78.0
obstacle
0.0192517098039
261.0 191.0 123.0 50.0
obstacle
0.0191604215652
198.0 228.0 31.0 24.0
obstacle
0.0191125422716
234.0 282.0 29.0 24.0
obstacle
0.0191118959337
24.0 210.0 373.0 118.0
obstacle
0.0190717130899
66.0 205.0 130.0 76.0
obstacle
0.0190146882087
7.0 205.0 22.0 25.0
obstacle
0.0189342666417
312.0 153.0 96.0 71.0
obstacle
0.0188378170133
311.0 230.0 28.0 23.0
obstacle
0.0184373538941
384.0 206.0 111.0 73.0
obstacle
0.0184119809419
390.0 129.0 21.0 26.0
obstacle
0.0183968227357
8.0 29.0 16.0 20.0
obstacle
0.0183831881732
389.0 27.0 26.0 23.0
obstacle
0.0183330252767
0.0 105.0 73.0 72.0
obstacle
0.0182530730963
0.0 37.0 62.0 58.0
obstacle
0.0182080175728
428.0 103.0 25.0 23.0
obstacle
0.0180708114058
391.0 82.0 97.0 66.0
obstacle
0.017958406359
314.0 57.0 23.0 15.0
obstacle
0.0179379638284
265.0 203.0 115.0 79.0
obstacle
0.0178565904498
351.0 81.0 99.0 68.0
obstacle
0.0178433805704
305.0 86.0 113.0 61.0
obstacle
0.0177310872823
431.0 284.0 69.0 49.0
obstacle
0.0177090726793
431.0 152.0 19.0 25.0
obstacle
0.0177055057138
85.0 307.0 21.0 25.0
obstacle
0.0177035667002
6.0 282.0 19.0 25.0
obstacle
0.0176864173263
162.0 307.0 21.0 24.0
obstacle
0.01762169227
119.0 229.0 29.0 25.0
obstacle
0.0176122039557
0.0 280.0 69.0 53.0
obstacle
0.0175960734487
45.0 28.0 25.0 20.0
obstacle
0.017581006512
0.0 138.0 195.0 107.0
obstacle
0.0175725650042
104.0 285.0 135.0 48.0
obstacle
0.0174475349486
156.0 212.0 108.0 63.0
obstacle
0.0173906516284
318.0 309.0 18.0 22.0
obstacle
0.017311077565
194.0 208.0 107.0 67.0
obstacle
0.0172738675028
84.0 57.0 19.0 16.0
obstacle
0.0172549039125
90.0 88.0 82.0 58.0
obstacle
0.0171058755368
217.0 0.0 283.0 73.0
obstacle
0.0170846246183
305.0 207.0 36.0 18.0
obstacle
0.0169724524021
427.0 125.0 73.0 80.0
obstacle
0.0167145971209
347.0 205.0 34.0 22.0
obstacle
0.0166988763958
429.0 152.0 71.0 81.0
obstacle
0.0166222900152
6.0 256.0 20.0 25.0
obstacle
0.016517650336
277.0 29.0 23.0 17.0
obstacle
0.016501493752
147.0 262.0 125.0 64.0
obstacle
0.0163808595389
352.0 180.0 24.0 20.0
obstacle
0.0163551848382
344.0 184.0 116.0 66.0
obstacle
0.016315581277
439.0 47.0 61.0 84.0
obstacle
0.0163052435964
306.0 230.0 116.0 77.0
obstacle
0.0163029041141
471.0 256.0 23.0 24.0
obstacle
0.016203969717
265.0 209.0 43.0 16.0
obstacle
0.0161435157061
299.0 186.0 128.0 61.0
obstacle
0.0161025393754
115.0 204.0 36.0 22.0
obstacle
0.0159246046096
7.0 56.0 19.0 19.0
obstacle
0.0158870592713
275.0 280.0 24.0 27.0
obstacle
0.0158148314804
428.0 127.0 23.0 26.0
obstacle
0.0157112348825
429.0 255.0 25.0 24.0
obstacle
0.0157043207437
233.0 229.0 35.0 23.0
obstacle
0.0156219443306
239.0 259.0 95.0 68.0
obstacle
0.0153641495854
386.0 180.0 108.0 73.0
obstacle
0.0152938626707
426.0 205.0 26.0 23.0
obstacle
0.0152082424611
473.0 283.0 19.0 23.0
obstacle
0.0151897296309
389.0 206.0 26.0 19.0
obstacle
0.0151045564562
428.0 180.0 24.0 22.0
obstacle
0.0149938529357
433.0 28.0 67.0 73.0
obstacle
0.0149923888966
89.0 73.0 318.0 84.0
obstacle
0.0148599380627
430.0 311.0 24.0 20.0
obstacle
0.0148578556255
93.0 28.0 85.0 74.0
obstacle
0.014816282317
387.0 230.0 109.0 78.0
obstacle
0.0147670451552
392.0 309.0 22.0 22.0
obstacle
0.0145840700716
388.0 180.0 28.0 19.0
obstacle
0.0145527152345
429.0 27.0 26.0 21.0
obstacle
0.014317613095
202.0 307.0 20.0 23.0
obstacle
0.0142660820857
81.0 229.0 29.0 25.0
obstacle
0.0142579330131
303.0 282.0 126.0 51.0
obstacle
0.0142164612189
276.0 308.0 22.0 22.0
obstacle
0.0141195505857
0.0 0.0 286.0 240.0
obstacle
0.0140977492556
0.0 101.0 433.0 232.0
obstacle
0.0140318926424
316.0 132.0 184.0 120.0
obstacle
0.0139396274462
432.0 72.0 68.0 86.0
obstacle
0.0139144510031
216.0 207.0 284.0 124.0
obstacle
0.013793068938
0.0 0.0 226.0 76.0
