obstacle
0.754093945026
152.0 164.0 46.0 20.0
obstacle
0.74187040329
205.0 219.0 88.0 28.0
obstacle
0.716530144215
77.0 177.0 56.0 21.0
obstacle
0.662341833115
294.0 160.0 49.0 20.0
obstacle
0.531324326992
92.0 175.0 63.0 22.0
obstacle
0.484503507614
293.0 174.0 65.0 30.0
obstacle
0.470711529255
420.0 180.0 45.0 26.0
obstacle
0.419081360102
160.0 160.0 81.0 24.0
obstacle
0.407913178205
216.0 162.0 74.0 21.0
obstacle
0.398649007082
429.0 183.0 26.0 17.0
obstacle
0.372287034988
334.0 198.0 40.0 33.0
obstacle
0.36483708024
307.0 160.0 33.0 12.0
obstacle
0.36127230525
305.0 200.0 46.0 29.0
obstacle
0.326073497534
139.0 173.0 60.0 22.0
obstacle
0.318083435297
262.0 162.0 69.0 19.0
obstacle
0.261030375957
198.0 208.0 108.0 55.0
obstacle
0.258121401072
156.0 164.0 30.0 13.0
obstacle
0.254631668329
239.0 163.0 30.0 12.0
obstacle
0.246971607208
182.0 198.0 138.0 48.0
obstacle
0.24030020833
81.0 181.0 29.0 17.0
obstacle
0.23546667397
220.0 174.0 62.0 29.0
obstacle
0.224454715848
260.0 172.0 69.0 32.0
obstacle
0.215360999107
111.0 160.0 61.0 26.0
obstacle
0.199856668711
322.0 204.0 26.0 18.0
obstacle
0.199474737048
247.0 207.0 66.0 31.0
obstacle
0.191664800048
183.0 224.0 82.0 23.0
obstacle
0.182042255998
242.0 221.0 67.0 30.0
obstacle
0.17933370173
327.0 177.0 51.0 35.0
obstacle
0.172087565064
180.0 209.0 86.0 26.0
obstacle
0.163501307368
75.0 161.0 55.0 24.0
obstacle
0.163161531091
194.0 163.0 27.0 12.0
obstacle
0.16301253438
373.0 178.0 64.0 28.0
obstacle
0.156633004546
236.0 226.0 25.0 18.0
obstacle
0.14909029007
182.0 176.0 54.0 19.0
obstacle
0.141338512301
311.0 179.0 29.0 17.0
obstacle
0.137164399028
40.0 164.0 124.0 54.0
obstacle
0.132741868496
297.0 135.0 56.0 25.0
obstacle
0.128866672516
437.0 179.0 63.0 28.0
obstacle
0.124683775008
119.0 178.0 20.0 15.0
obstacle
0.121918752789
276.0 165.0 23.0 9.0
obstacle
0.117021858692
64.0 170.0 138.0 38.0
obstacle
0.115473501384
321.0 158.0 67.0 24.0
obstacle
0.108935721219
409.0 198.0 62.0 28.0
obstacle
0.104486495256
259.0 162.0 131.0 58.0
obstacle
0.104261189699
434.0 174.0 19.0 33.0
obstacle
0.103847756982
26.0 175.0 81.0 33.0
obstacle
0.103112921119
161.0 178.0 20.0 14.0
obstacle
0.10032941401
373.0 150.0 127.0 86.0
obstacle
0.0967723950744
261.0 138.0 129.0 64.0
obstacle
0.0930271819234
63.0 200.0 73.0 27.0
obstacle
0.0925693511963
238.0 180.0 25.0 15.0
obstacle
0.091119967401
130.0 152.0 162.0 35.0
obstacle
0.078708678484
136.0 132.0 70.0 26.0
obstacle
0.0771854221821
121.0 148.0 108.0 44.0
obstacle
0.075944788754
242.0 138.0 23.0 9.0
obstacle
0.075268894434
350.0 161.0 24.0 12.0
obstacle
0.0750113800168
212.0 131.0 73.0 26.0
obstacle
0.0712029337883
108.0 157.0 129.0 60.0
obstacle
0.0703351944685
104.0 128.0 61.0 27.0
obstacle
0.0702974572778
317.0 139.0 21.0 10.0
obstacle
0.0698248893023
65.0 128.0 67.0 25.0
obstacle
0.0694329291582
96.0 201.0 77.0 29.0
obstacle
0.0689677149057
264.0 134.0 52.0 22.0
obstacle
0.0685602799058
168.0 102.0 88.0 30.0
obstacle
0.0683705359697
347.0 191.0 33.0 52.0
obstacle
0.0648489668965
92.0 102.0 84.0 27.0
obstacle
0.0647201091051
201.0 230.0 21.0 14.0
obstacle
0.0644295141101
374.0 200.0 49.0 29.0
obstacle
0.0644130706787
180.0 159.0 139.0 69.0
obstacle
0.0629560798407
442.0 197.0 58.0 36.0
obstacle
0.0627910122275
370.0 155.0 69.0 27.0
obstacle
0.0627726837993
277.0 181.0 20.0 12.0
obstacle
0.0627666339278
132.0 228.0 90.0 25.0
obstacle
0.0623664818704
349.0 183.0 22.0 14.0
obstacle
0.0620526820421
20.0 201.0 81.0 29.0
obstacle
0.0600476376712
133.0 102.0 81.0 29.0
obstacle
0.0596206821501
394.0 161.0 25.0 11.0
obstacle
0.0593354441226
315.0 199.0 22.0 39.0
obstacle
0.0590479150414
213.0 102.0 76.0 30.0
obstacle
0.0589899607003
138.0 204.0 77.0 27.0
obstacle
0.0583797618747
416.0 157.0 53.0 30.0
obstacle
0.0576359890401
466.0 184.0 27.0 15.0
obstacle
0.0571316219866
370.0 132.0 68.0 22.0
obstacle
0.056449431926
20.0 127.0 79.0 25.0
obstacle
0.0555005446076
328.0 101.0 74.0 30.0
obstacle
0.0554366782308
55.0 102.0 85.0 28.0
obstacle
0.0542904622853
203.0 137.0 21.0 9.0
obstacle
0.0532905608416
0.0 102.0 61.0 29.0
obstacle
0.0531172677875
183.0 145.0 135.0 47.0
obstacle
0.0520483702421
329.0 221.0 61.0 37.0
obstacle
0.0518702492118
282.0 139.0 18.0 10.0
obstacle
0.0494497679174
367.0 102.0 75.0 28.0
obstacle
0.0493794158101
391.0 183.0 26.0 14.0
obstacle
0.0490716360509
294.0 102.0 69.0 30.0
obstacle
0.0490266866982
253.0 102.0 71.0 28.0
obstacle
0.0485032834113
13.0 102.0 92.0 28.0
obstacle
0.0482579953969
332.0 130.0 61.0 29.0
obstacle
0.0480454452336
233.0 214.0 28.0 15.0
obstacle
0.0479652956128
9.0 225.0 103.0 33.0
obstacle
0.0477710850537
0.0 174.0 57.0 36.0
obstacle
0.0471081100404
0.0 125.0 57.0 31.0
obstacle
0.0465174615383
443.0 127.0 57.0 28.0
obstacle
0.0457676388323
166.0 144.0 15.0 41.0
obstacle
0.0453825071454
447.0 154.0 53.0 29.0
obstacle
0.0447968393564
428.0 203.0 29.0 16.0
obstacle
0.0444091781974
164.0 138.0 22.0 9.0
obstacle
0.0440809428692
217.0 75.0 66.0 30.0
obstacle
0.0438503958285
211.0 253.0 83.0 29.0
obstacle
0.0435802936554
0.0 200.0 59.0 36.0
obstacle
0.0435576736927
35.0 153.0 53.0 25.0
obstacle
0.0427972450852
355.0 137.0 23.0 10.0
obstacle
0.0426453799009
397.0 137.0 21.0 11.0
obstacle
0.0419526733458
444.0 102.0 56.0 28.0
obstacle
0.0417230129242
198.0 182.0 17.0 12.0
obstacle
0.0415027812123
275.0 231.0 23.0 15.0
obstacle
0.041430734098
127.0 162.0 18.0 12.0
obstacle
0.0411759987473
366.0 225.0 71.0 33.0
obstacle
0.0408251322806
400.0 99.0 86.0 33.0
obstacle
0.0407028757036
60.0 49.0 304.0 135.0
obstacle
0.0404170975089
318.0 149.0 15.0 35.0
obstacle
0.040299244225
411.0 129.0 67.0 27.0
obstacle
0.0394601821899
231.0 69.0 37.0 93.0
obstacle
0.0385878160596
433.0 163.0 22.0 12.0
obstacle
0.0385832563043
87.0 135.0 23.0 11.0
obstacle
0.0384653173387
43.0 182.0 29.0 17.0
obstacle
0.0384485162795
292.0 224.0 70.0 31.0
obstacle
0.0377302207053
200.0 141.0 17.0 49.0
obstacle
0.0376280769706
268.0 184.0 110.0 63.0
obstacle
0.0373720340431
399.0 225.0 81.0 35.0
obstacle
0.0373421423137
465.0 207.0 31.0 17.0
obstacle
0.0371749065816
180.0 129.0 61.0 28.0
obstacle
0.0367700643837
428.0 186.0 27.0 61.0
obstacle
0.0363082028925
83.0 225.0 104.0 33.0
obstacle
0.0362763255835
174.0 253.0 83.0 29.0
obstacle
0.0361236184835
316.0 171.0 18.0 40.0
obstacle
0.0355974137783
195.0 104.0 26.0 76.0
obstacle
0.0350398831069
0.0 150.0 56.0 32.0
obstacle
0.0348237529397
50.0 224.0 92.0 35.0
obstacle
0.0348058231175
242.0 144.0 16.0 41.0
obstacle
0.0347545705736
0.0 227.0 62.0 31.0
obstacle
0.0345635265112
441.0 0.0 59.0 30.0
obstacle
0.0342316292226
90.0 172.0 16.0 37.0
obstacle
0.0336602889001
161.0 166.0 21.0 49.0
obstacle
0.0336502790451
127.0 167.0 14.0 45.0
obstacle
0.0334297120571
86.0 160.0 24.0 13.0
obstacle
0.0333069972694
233.0 109.0 27.0 64.0
obstacle
0.0332868099213
440.0 254.0 60.0 29.0
obstacle
0.0331843495369
303.0 176.0 118.0 81.0
obstacle
0.0327046811581
276.0 174.0 23.0 36.0
obstacle
0.0323793776333
235.0 196.0 23.0 41.0
obstacle
0.0322171747684
121.0 110.0 29.0 14.0
obstacle
0.0321192517877
117.0 205.0 34.0 16.0
obstacle
0.031941909343
82.0 109.0 28.0 15.0
obstacle
0.0318037047982
196.0 109.0 32.0 14.0
obstacle
0.031729362905
69.0 211.0 213.0 61.0
obstacle
0.0309332236648
158.0 109.0 30.0 16.0
obstacle
0.0308675393462
163.0 207.0 23.0 17.0
obstacle
0.0308126527816
349.0 229.0 30.0 19.0
obstacle
0.0305721312761
434.0 225.0 66.0 35.0
obstacle
0.0305185820907
320.0 228.0 22.0 18.0
obstacle
0.0303767584264
281.0 0.0 91.0 29.0
obstacle
0.0303527917713
121.0 136.0 25.0 10.0
obstacle
0.0301665384322
156.0 232.0 32.0 17.0
obstacle
0.0299223735929
241.0 222.0 20.0 37.0
obstacle
0.0295328851789
25.0 179.0 151.0 71.0
obstacle
0.0295009482652
463.0 181.0 33.0 73.0
obstacle
0.0293901171535
322.0 250.0 84.0 36.0
obstacle
0.0291790049523
0.0 307.0 59.0 26.0
obstacle
0.0291705206037
129.0 252.0 90.0 33.0
obstacle
0.0290846582502
432.0 134.0 23.0 13.0
obstacle
0.0290634650737
348.0 101.0 28.0 82.0
obstacle
0.0290375836194
191.0 75.0 41.0 83.0
obstacle
0.028810646385
57.0 74.0 79.0 32.0
obstacle
0.0285815186799
157.0 75.0 186.0 81.0
obstacle
0.0283601544797
471.0 160.0 26.0 13.0
obstacle
0.0281962957233
366.0 20.0 75.0 36.0
obstacle
0.0281755514443
325.0 21.0 84.0 32.0
obstacle
0.0281510744244
0.0 0.0 63.0 30.0
obstacle
0.0279649998993
84.0 249.0 103.0 38.0
obstacle
0.0277036875486
162.0 99.0 21.0 87.0
obstacle
0.0276661328971
390.0 232.0 32.0 19.0
obstacle
0.0275338925421
239.0 170.0 20.0 44.0
obstacle
0.0274779573083
437.0 306.0 63.0 27.0
obstacle
0.0274574849755
435.0 21.0 65.0 33.0
obstacle
0.0273111611605
440.0 74.0 60.0 32.0
obstacle
0.0272636841983
47.0 133.0 22.0 12.0
obstacle
0.0272025261074
237.0 109.0 26.0 14.0
obstacle
0.0270401202142
176.0 75.0 75.0 30.0
obstacle
0.0268293898553
277.0 305.0 104.0 28.0
obstacle
0.0265997033566
354.0 251.0 96.0 33.0
obstacle
0.0265785902739
316.0 304.0 101.0 29.0
obstacle
0.0265718493611
8.0 139.0 184.0 59.0
obstacle
0.0265531297773
392.0 205.0 25.0 16.0
obstacle
0.0264430250973
13.0 304.0 96.0 29.0
obstacle
0.02640331164
12.0 254.0 95.0 31.0
obstacle
0.0263790693134
274.0 112.0 24.0 56.0
obstacle
0.0262604653835
168.0 49.0 88.0 32.0
obstacle
0.0261240694672
85.0 140.0 24.0 52.0
obstacle
0.025776386261
350.0 108.0 31.0 15.0
obstacle
0.0257485639304
425.0 199.0 32.0 88.0
obstacle
0.025681938976
43.0 107.0 29.0 18.0
obstacle
0.025600258261
154.0 73.0 37.0 86.0
obstacle
0.0255967695266
0.0 49.0 58.0 30.0
obstacle
0.0255889017135
441.0 47.0 59.0 33.0
obstacle
0.0255201347172
0.0 19.0 65.0 37.0
obstacle
0.0255193915218
316.0 106.0 19.0 69.0
obstacle
0.0254656318575
87.0 51.0 95.0 32.0
obstacle
0.0254361983389
0.0 74.0 61.0 32.0
obstacle
0.0253708604723
124.0 48.0 98.0 35.0
obstacle
0.0253387950361
285.0 137.0 215.0 112.0
obstacle
0.0251874551177
50.0 0.0 91.0 28.0
obstacle
0.0251865480095
126.0 305.0 98.0 28.0
obstacle
0.0251650586724
392.0 141.0 23.0 51.0
obstacle
0.0251179486513
355.0 0.0 98.0 29.0
obstacle
0.025103578344
321.0 73.0 89.0 34.0
obstacle
0.0249599907547
289.0 21.0 78.0 33.0
obstacle
0.0249531790614
157.0 305.0 113.0 28.0
obstacle
0.0249227285385
262.0 101.0 204.0 84.0
obstacle
0.0249127857387
464.0 130.0 33.0 76.0
obstacle
0.0248821023852
403.0 74.0 82.0 34.0
obstacle
0.0246012993157
206.0 51.0 89.0 30.0
obstacle
0.0245319344103
403.0 19.0 81.0 38.0
obstacle
0.0245183687657
54.0 251.0 89.0 37.0
obstacle
0.0243927706033
465.0 161.0 29.0 63.0
obstacle
0.0243189819157
94.0 24.0 82.0 26.0
obstacle
0.0242770388722
290.0 75.0 77.0 29.0
obstacle
0.0241876076907
171.0 22.0 82.0 32.0
obstacle
0.0240624658763
274.0 210.0 25.0 66.0
obstacle
0.0239989832044
237.0 185.0 263.0 118.0
obstacle
0.0239738002419
319.0 0.0 96.0 28.0
obstacle
0.0239474214613
80.0 74.0 34.0 81.0
obstacle
0.0238900650293
348.0 208.0 31.0 71.0
obstacle
0.0238896384835
0.0 145.0 111.0 95.0
obstacle
0.0238344371319
86.0 0.0 97.0 30.0
obstacle
0.0238095447421
442.0 279.0 58.0 30.0
obstacle
0.0237031336874
349.0 259.0 33.0 17.0
obstacle
0.0236312951893
0.0 74.0 111.0 85.0
obstacle
0.0236048549414
278.0 110.0 24.0 14.0
obstacle
0.023568790406
251.0 25.0 79.0 26.0
obstacle
0.0234104227275
53.0 51.0 84.0 28.0
obstacle
0.0233792476356
357.0 305.0 96.0 28.0
obstacle
0.0233090557158
257.0 74.0 66.0 31.0
obstacle
0.0232037864625
113.0 21.0 41.0 88.0
obstacle
0.0231781601906
116.0 230.0 36.0 21.0
obstacle
0.0230674445629
118.0 181.0 30.0 70.0
obstacle
0.0227300878614
236.0 73.0 182.0 85.0
obstacle
0.0227238815278
239.0 0.0 98.0 29.0
obstacle
0.0225281044841
42.0 207.0 29.0 17.0
obstacle
0.0224828924984
133.0 76.0 83.0 30.0
obstacle
0.0224645789713
2.0 184.0 26.0 14.0
obstacle
0.0224265512079
0.0 25.0 305.0 130.0
obstacle
0.0223177280277
0.0 278.0 57.0 32.0
obstacle
0.0222445894033
155.0 15.0 36.0 99.0
obstacle
0.0220724996179
324.0 185.0 155.0 60.0
obstacle
0.0220485627651
81.0 203.0 31.0 20.0
obstacle
0.0219329968095
466.0 233.0 33.0 18.0
obstacle
0.0219219271094
0.0 254.0 62.0 30.0
obstacle
0.0219213012606
165.0 0.0 95.0 30.0
obstacle
0.0218822378665
118.0 74.0 36.0 82.0
obstacle
0.0218606609851
94.0 75.0 77.0 33.0
obstacle
0.0218501593918
44.0 161.0 28.0 63.0
obstacle
0.0218256320804
132.0 22.0 84.0 32.0
obstacle
0.0217537228018
20.0 276.0 82.0 37.0
obstacle
0.0217456053942
1.0 134.0 31.0 67.0
obstacle
0.0217424966395
365.0 74.0 79.0 34.0
obstacle
0.0217225141823
346.0 225.0 37.0 86.0
obstacle
0.0216773487628
81.0 184.0 33.0 65.0
obstacle
0.0214435104281
474.0 134.0 21.0 13.0
obstacle
0.0214133672416
2.0 208.0 25.0 17.0
obstacle
0.0213892497122
202.0 277.0 100.0 33.0
obstacle
0.021271860227
39.0 232.0 36.0 20.0
obstacle
0.0212310459465
239.0 306.0 104.0 27.0
obstacle
0.0212297495455
232.0 226.0 189.0 83.0
obstacle
0.0212170779705
39.0 223.0 194.0 92.0
obstacle
0.0210660509765
79.0 231.0 34.0 21.0
obstacle
0.0208732653409
172.0 41.0 310.0 152.0
obstacle
0.0208332892507
347.0 69.0 153.0 92.0
obstacle
0.0207982864231
387.0 209.0 32.0 71.0
obstacle
0.0207486655563
324.0 130.0 160.0 73.0
obstacle
0.0207460131496
390.0 109.0 27.0 14.0
obstacle
0.0206783153117
36.0 78.0 200.0 75.0
obstacle
0.0206510666758
14.0 197.0 169.0 91.0
obstacle
0.0205745454878
176.0 164.0 324.0 102.0
obstacle
0.0204964615405
161.0 230.0 335.0 103.0
obstacle
0.0203406456858
393.0 171.0 18.0 42.0
obstacle
0.020314225927
51.0 277.0 92.0 33.0
obstacle
0.0202806554735
358.0 48.0 94.0 34.0
obstacle
0.0202513393015
14.0 72.0 90.0 36.0
obstacle
0.0202013291419
0.0 158.0 34.0 68.0
obstacle
0.0201898142695
424.0 233.0 38.0 17.0
obstacle
0.0201392900199
279.0 249.0 93.0 41.0
obstacle
0.0201364513487
460.0 0.0 39.0 88.0
obstacle
0.0201228968799
394.0 250.0 95.0 36.0
obstacle
0.0200801547617
121.0 106.0 27.0 71.0
obstacle
0.0200334955007
244.0 206.0 161.0 70.0
obstacle
0.0200021136552
281.0 277.0 93.0 35.0
obstacle
0.0199332144111
345.0 73.0 38.0 86.0
obstacle
0.0198536273092
212.0 21.0 77.0 32.0
obstacle
0.0198140349239
199.0 305.0 106.0 28.0
obstacle
0.0197696313262
4.0 134.0 22.0 12.0
