obstacle
0.731921553612
70.0 147.0 208.0 51.0
obstacle
0.647819161415
278.0 129.0 179.0 61.0
obstacle
0.588007628918
21.0 172.0 73.0 45.0
obstacle
0.265444397926
252.0 120.0 164.0 53.0
obstacle
0.237786710262
157.0 150.0 102.0 39.0
obstacle
0.219898819923
53.0 157.0 177.0 60.0
obstacle
0.202250495553
132.0 199.0 89.0 27.0
obstacle
0.199143990874
1.0 155.0 114.0 75.0
obstacle
0.182167842984
316.0 128.0 96.0 39.0
obstacle
0.181994333863
332.0 142.0 136.0 40.0
obstacle
0.17476709187
0.0 116.0 299.0 108.0
obstacle
0.1688131392
234.0 106.0 260.0 85.0
obstacle
0.166751548648
15.0 190.0 79.0 45.0
obstacle
0.1626778543
108.0 172.0 131.0 39.0
obstacle
0.152607992291
40.0 161.0 33.0 62.0
obstacle
0.150633633137
111.0 153.0 186.0 72.0
obstacle
0.138774394989
43.0 182.0 28.0 24.0
obstacle
0.130575373769
290.0 130.0 83.0 32.0
obstacle
0.117422215641
0.0 177.0 70.0 33.0
obstacle
0.11491471529
86.0 170.0 107.0 35.0
obstacle
0.110035307705
105.0 173.0 135.0 78.0
obstacle
0.102209046483
438.0 49.0 62.0 26.0
obstacle
0.0979192778468
361.0 132.0 74.0 31.0
obstacle
0.0956008061767
89.0 154.0 102.0 34.0
obstacle
0.0908168032765
119.0 184.0 32.0 14.0
obstacle
0.089436583221
165.0 201.0 79.0 27.0
obstacle
0.0883809551597
357.0 49.0 97.0 27.0
obstacle
0.0876653939486
291.0 149.0 91.0 30.0
obstacle
0.0839079469442
86.0 122.0 411.0 85.0
obstacle
0.0837831795216
385.0 152.0 94.0 23.0
obstacle
0.0767155513167
196.0 157.0 28.0 19.0
obstacle
0.0763355791569
168.0 49.0 87.0 29.0
obstacle
0.0723381564021
212.0 138.0 288.0 97.0
obstacle
0.0711545497179
163.0 172.0 89.0 35.0
obstacle
0.0696386471391
38.0 142.0 352.0 97.0
obstacle
0.0684890002012
235.0 161.0 24.0 13.0
obstacle
0.0675810426474
321.0 49.0 93.0 28.0
obstacle
0.0674147233367
140.0 131.0 70.0 28.0
obstacle
0.0666739121079
159.0 158.0 30.0 20.0
obstacle
0.0663715600967
0.0 159.0 301.0 113.0
obstacle
0.0630312338471
157.0 206.0 28.0 18.0
obstacle
0.0621687918901
284.0 253.0 84.0 29.0
obstacle
0.0620462484658
208.0 155.0 67.0 26.0
obstacle
0.061810400337
119.0 160.0 29.0 15.0
obstacle
0.0600672550499
156.0 186.0 32.0 16.0
obstacle
0.0592197775841
389.0 155.0 28.0 17.0
obstacle
0.0587529577315
156.0 132.0 31.0 67.0
obstacle
0.0568759329617
352.0 159.0 22.0 15.0
obstacle
0.0558535568416
66.0 152.0 69.0 34.0
obstacle
0.0551033131778
128.0 50.0 93.0 26.0
obstacle
0.0549336597323
116.0 134.0 30.0 64.0
obstacle
0.0548941902816
315.0 250.0 96.0 33.0
obstacle
0.0544835627079
286.0 49.0 85.0 29.0
obstacle
0.0535008199513
301.0 153.0 197.0 66.0
obstacle
0.0532387755811
171.0 131.0 78.0 29.0
obstacle
0.0526371635497
398.0 0.0 90.0 28.0
obstacle
0.0522368885577
444.0 254.0 56.0 29.0
obstacle
0.0516789518297
0.0 200.0 65.0 32.0
obstacle
0.0515156127512
208.0 47.0 85.0 34.0
obstacle
0.0509646981955
24.0 131.0 153.0 77.0
obstacle
0.0503029190004
153.0 104.0 36.0 75.0
obstacle
0.049878526479
25.0 154.0 67.0 34.0
obstacle
0.0497509427369
246.0 48.0 87.0 31.0
obstacle
0.0494634099305
156.0 163.0 34.0 56.0
obstacle
0.0493557304144
316.0 160.0 20.0 12.0
obstacle
0.0489200167358
107.0 130.0 60.0 27.0
obstacle
0.0489074550569
441.0 155.0 59.0 27.0
obstacle
0.0481990426779
117.0 106.0 30.0 71.0
obstacle
0.0481208227575
357.0 138.0 143.0 58.0
obstacle
0.048076659441
52.0 171.0 84.0 40.0
obstacle
0.0479152016342
469.0 55.0 26.0 16.0
obstacle
0.0478863529861
361.0 75.0 87.0 27.0
obstacle
0.0471813902259
6.0 226.0 105.0 32.0
obstacle
0.0465934984386
88.0 110.0 173.0 71.0
obstacle
0.0461693443358
95.0 49.0 83.0 30.0
obstacle
0.0459713898599
395.0 175.0 98.0 25.0
obstacle
0.0454399846494
56.0 49.0 83.0 30.0
obstacle
0.0454322323203
193.0 135.0 34.0 60.0
obstacle
0.045039601624
403.0 76.0 80.0 29.0
obstacle
0.0448183603585
444.0 25.0 56.0 29.0
obstacle
0.0446726083755
446.0 73.0 54.0 31.0
obstacle
0.043359477073
436.0 0.0 64.0 30.0
obstacle
0.0426406301558
440.0 176.0 60.0 25.0
obstacle
0.0425094813108
88.0 200.0 96.0 29.0
obstacle
0.0416988395154
81.0 137.0 31.0 59.0
obstacle
0.0415229536593
333.0 104.0 67.0 26.0
obstacle
0.0413992442191
84.0 159.0 25.0 15.0
obstacle
0.0413643941283
429.0 55.0 27.0 15.0
obstacle
0.0413361527026
38.0 204.0 35.0 22.0
obstacle
0.0410211756825
0.0 48.0 62.0 32.0
obstacle
0.0408372096717
397.0 252.0 90.0 35.0
obstacle
0.0404506623745
356.0 133.0 21.0 17.0
obstacle
0.0399184785783
325.0 78.0 84.0 23.0
obstacle
0.0398690477014
198.0 55.0 26.0 16.0
obstacle
0.039732132107
346.0 111.0 32.0 60.0
obstacle
0.0397269129753
282.0 21.0 89.0 34.0
obstacle
0.0392379499972
403.0 25.0 80.0 32.0
obstacle
0.0389177128673
354.0 23.0 146.0 80.0
obstacle
0.0386063791811
127.0 73.0 96.0 31.0
obstacle
0.0380829572678
138.0 101.0 73.0 28.0
obstacle
0.0379977747798
270.0 130.0 55.0 24.0
obstacle
0.0379304662347
9.0 181.0 24.0 22.0
obstacle
0.0377774909139
442.0 97.0 58.0 36.0
obstacle
0.037744242698
309.0 108.0 27.0 66.0
obstacle
0.0376485511661
95.0 73.0 83.0 30.0
obstacle
0.037536803633
286.0 76.0 86.0 27.0
obstacle
0.0372306369245
325.0 22.0 81.0 32.0
obstacle
0.0370425097644
390.0 55.0 29.0 17.0
obstacle
0.0368352234364
193.0 209.0 26.0 17.0
obstacle
0.0362838581204
41.0 176.0 31.0 81.0
obstacle
0.0362209752202
242.0 77.0 94.0 25.0
obstacle
0.0361793786287
193.0 105.0 35.0 73.0
obstacle
0.0361608676612
83.0 0.0 334.0 133.0
obstacle
0.035429161042
64.0 128.0 65.0 28.0
obstacle
0.0353117026389
22.0 182.0 151.0 65.0
obstacle
0.0352850742638
395.0 199.0 95.0 36.0
obstacle
0.035151347518
276.0 114.0 25.0 54.0
obstacle
0.0351174734533
400.0 308.0 89.0 25.0
obstacle
0.0349452756345
16.0 49.0 88.0 30.0
obstacle
0.0349252596498
56.0 73.0 84.0 32.0
obstacle
0.034481536597
133.0 228.0 85.0 29.0
obstacle
0.0344371348619
97.0 102.0 75.0 26.0
obstacle
0.0342664532363
351.0 139.0 30.0 53.0
obstacle
0.0341949388385
0.0 127.0 54.0 27.0
obstacle
0.0341148562729
215.0 126.0 66.0 32.0
obstacle
0.0340550355613
163.0 12.0 175.0 103.0
obstacle
0.0338966697454
0.0 152.0 56.0 28.0
obstacle
0.0338135547936
347.0 252.0 112.0 32.0
obstacle
0.0337658524513
166.0 74.0 95.0 29.0
obstacle
0.0333731174469
242.0 252.0 93.0 32.0
obstacle
0.0332764275372
231.0 106.0 125.0 73.0
obstacle
0.03265401721
364.0 25.0 80.0 28.0
obstacle
0.0326313823462
0.0 101.0 57.0 29.0
obstacle
0.0326118692756
0.0 75.0 59.0 30.0
obstacle
0.0326101705432
157.0 134.0 30.0 17.0
obstacle
0.0326097384095
0.0 176.0 93.0 82.0
obstacle
0.0325166918337
0.0 18.0 61.0 39.0
obstacle
0.0324805676937
195.0 135.0 29.0 15.0
obstacle
0.0324737653136
439.0 310.0 61.0 23.0
obstacle
0.0323838926852
274.0 218.0 184.0 102.0
obstacle
0.0322958044708
241.0 20.0 95.0 35.0
obstacle
0.0322364680469
157.0 107.0 33.0 15.0
obstacle
0.0320946201682
426.0 158.0 26.0 13.0
obstacle
0.0320488512516
0.0 305.0 66.0 28.0
obstacle
0.0319117195904
359.0 0.0 95.0 27.0
obstacle
0.0316131040454
171.0 100.0 83.0 31.0
obstacle
0.0314556472003
132.0 23.0 84.0 32.0
obstacle
0.0313952304423
310.0 136.0 30.0 15.0
obstacle
0.0313883945346
211.0 75.0 83.0 28.0
obstacle
0.0313127748668
173.0 135.0 143.0 66.0
obstacle
0.0312787555158
399.0 97.0 87.0 36.0
obstacle
0.0311878360808
15.0 21.0 88.0 33.0
obstacle
0.0311728194356
52.0 20.0 89.0 34.0
obstacle
0.0310503002256
202.0 192.0 298.0 141.0
obstacle
0.0310159102082
56.0 102.0 79.0 26.0
obstacle
0.0309275388718
342.0 75.0 41.0 84.0
obstacle
0.0307246334851
236.0 56.0 27.0 15.0
obstacle
0.0306766387075
18.0 102.0 82.0 26.0
obstacle
0.0306050460786
258.0 153.0 147.0 70.0
obstacle
0.030517494306
170.0 22.0 82.0 34.0
obstacle
0.0303005445749
402.0 129.0 65.0 36.0
obstacle
0.0302771870047
118.0 164.0 29.0 56.0
obstacle
0.029773324728
202.0 20.0 95.0 36.0
obstacle
0.0297722090036
70.0 202.0 208.0 77.0
obstacle
0.0296469479799
120.0 136.0 26.0 16.0
obstacle
0.0296073611826
91.0 22.0 87.0 32.0
obstacle
0.0295503046364
161.0 304.0 105.0 29.0
obstacle
0.0295392442495
443.0 226.0 57.0 32.0
obstacle
0.0292163453996
164.0 277.0 95.0 34.0
obstacle
0.0291433092207
442.0 281.0 58.0 26.0
obstacle
0.0290510151535
81.0 185.0 28.0 15.0
obstacle
0.0290479958057
1.0 151.0 33.0 80.0
obstacle
0.0289805829525
275.0 135.0 27.0 13.0
obstacle
0.0289149656892
235.0 104.0 30.0 77.0
obstacle
0.0288091897964
120.0 107.0 29.0 15.0
obstacle
0.0286443736404
353.0 56.0 27.0 16.0
obstacle
0.0284526534379
392.0 225.0 102.0 37.0
obstacle
0.0284412261099
42.0 158.0 28.0 20.0
obstacle
0.0283830072731
467.0 108.0 29.0 15.0
obstacle
0.0283817555755
311.0 258.0 30.0 16.0
obstacle
0.0283600632101
0.0 0.0 265.0 134.0
obstacle
0.0283442940563
8.0 304.0 105.0 29.0
obstacle
0.0281889028847
81.0 107.0 29.0 69.0
obstacle
0.0281862430274
0.0 87.0 181.0 162.0
obstacle
0.0281293131411
381.0 77.0 42.0 80.0
obstacle
0.0281152017415
361.0 173.0 87.0 28.0
obstacle
0.0281049665064
0.0 254.0 61.0 32.0
obstacle
0.0279069505632
426.0 107.0 31.0 14.0
obstacle
0.0278970375657
226.0 5.0 274.0 120.0
obstacle
0.0278457794338
160.0 56.0 26.0 15.0
obstacle
0.027762375772
115.0 187.0 37.0 62.0
obstacle
0.0277420841157
283.0 16.0 166.0 96.0
obstacle
0.0276158172637
384.0 27.0 37.0 74.0
obstacle
0.0275913402438
20.0 75.0 81.0 27.0
obstacle
0.0274712704122
390.0 81.0 32.0 13.0
obstacle
0.0273983739316
441.0 127.0 59.0 29.0
obstacle
0.0269941873848
122.0 56.0 24.0 15.0
obstacle
0.0268562696874
276.0 57.0 26.0 15.0
obstacle
0.0266898181289
116.0 205.0 38.0 19.0
obstacle
0.0265712812543
84.0 56.0 24.0 16.0
obstacle
0.0265333410352
463.0 24.0 34.0 78.0
obstacle
0.0265083424747
232.0 69.0 33.0 93.0
obstacle
0.0264912191778
234.0 130.0 26.0 70.0
obstacle
0.0264667514712
313.0 81.0 29.0 13.0
obstacle
0.0263804122806
194.0 25.0 34.0 77.0
obstacle
0.0263472273946
437.0 202.0 63.0 29.0
obstacle
0.0262769069523
20.0 129.0 78.0 24.0
obstacle
0.0262175668031
471.0 261.0 26.0 15.0
obstacle
0.0260979626328
310.0 67.0 28.0 99.0
obstacle
0.0259559284896
315.0 57.0 25.0 15.0
obstacle
0.0259458459914
323.0 175.0 92.0 26.0
obstacle
0.0258930772543
466.0 29.0 30.0 18.0
obstacle
0.025847479701
351.0 81.0 29.0 14.0
obstacle
0.0257249474525
424.0 223.0 35.0 93.0
obstacle
0.02555331029
196.0 160.0 30.0 63.0
obstacle
0.025553163141
422.0 68.0 40.0 97.0
obstacle
0.0255217533559
39.0 131.0 33.0 73.0
obstacle
0.0254180319607
0.0 0.0 60.0 29.0
obstacle
0.025276472792
192.0 72.0 39.0 87.0
obstacle
0.0250670462847
425.0 27.0 33.0 74.0
obstacle
0.0249981675297
350.0 112.0 150.0 69.0
obstacle
0.0249848272651
426.0 260.0 32.0 17.0
obstacle
0.024946378544
206.0 278.0 90.0 31.0
obstacle
0.0249252654612
347.0 258.0 34.0 18.0
obstacle
0.0249235015363
296.0 105.0 58.0 24.0
obstacle
0.0247825682163
465.0 160.0 26.0 13.0
obstacle
0.0246867220849
350.0 201.0 108.0 31.0
obstacle
0.0246812980622
421.0 105.0 36.0 75.0
obstacle
0.0246605519205
347.0 23.0 36.0 83.0
obstacle
0.0246225055307
46.0 304.0 104.0 29.0
obstacle
0.0245601534843
0.0 202.0 132.0 77.0
obstacle
0.0244524944574
47.0 198.0 92.0 32.0
obstacle
0.0242382828146
129.0 53.0 371.0 131.0
obstacle
0.0240822285414
126.0 253.0 94.0 30.0
obstacle
0.0238664802164
230.0 24.0 40.0 79.0
obstacle
0.0238582212478
202.0 205.0 92.0 23.0
obstacle
0.023849664256
0.0 12.0 106.0 103.0
obstacle
0.02381330356
214.0 99.0 69.0 33.0
obstacle
0.0237728413194
208.0 176.0 76.0 25.0
obstacle
0.0237455256283
373.0 100.0 60.0 34.0
obstacle
0.0236704740673
0.0 279.0 54.0 30.0
obstacle
0.0236534029245
0.0 103.0 35.0 77.0
obstacle
0.0234425552189
260.0 104.0 59.0 27.0
obstacle
0.0234404727817
82.0 18.0 183.0 92.0
obstacle
0.0234285835177
384.0 224.0 38.0 91.0
obstacle
0.0231967847794
469.0 81.0 28.0 17.0
obstacle
0.0231483820826
271.0 74.0 33.0 83.0
obstacle
0.0229581780732
151.0 70.0 40.0 91.0
obstacle
0.0228847730905
277.0 159.0 223.0 117.0
obstacle
0.0228325277567
126.0 278.0 95.0 31.0
obstacle
0.0228317566216
320.0 228.0 91.0 32.0
obstacle
0.022814873606
355.0 306.0 102.0 27.0
obstacle
0.0227146018296
286.0 279.0 83.0 31.0
obstacle
0.0226616896689
168.0 227.0 85.0 28.0
obstacle
0.0226530749351
41.0 95.0 34.0 93.0
obstacle
0.0225915834308
467.0 134.0 30.0 14.0
obstacle
0.0225523840636
40.0 200.0 35.0 85.0
obstacle
0.0225093364716
290.0 84.0 153.0 70.0
obstacle
0.0224896688014
0.0 181.0 37.0 72.0
obstacle
0.0224618520588
48.0 277.0 97.0 32.0
obstacle
0.0223804544657
4.0 254.0 107.0 29.0
obstacle
0.0223088376224
75.0 165.0 35.0 54.0
obstacle
0.0222007986158
344.0 227.0 41.0 85.0
obstacle
0.0221827328205
430.0 83.0 27.0 13.0
obstacle
0.0221319999546
6.0 206.0 22.0 20.0
obstacle
0.0221299268305
308.0 22.0 37.0 84.0
obstacle
0.0220683272928
232.0 135.0 31.0 14.0
obstacle
0.0220653116703
361.0 0.0 139.0 56.0
obstacle
0.022008119151
165.0 0.0 96.0 30.0
obstacle
0.0219236742705
245.0 280.0 90.0 29.0
obstacle
0.0218854621053
354.0 227.0 98.0 31.0
obstacle
0.0218193419278
166.0 253.0 93.0 30.0
obstacle
0.0218118727207
0.0 196.0 355.0 137.0
obstacle
0.0218054838479
53.0 79.0 319.0 133.0
obstacle
0.0217203292996
156.0 191.0 35.0 50.0
obstacle
0.0215830542147
391.0 135.0 23.0 14.0
obstacle
0.0215423740447
0.0 228.0 34.0 82.0
obstacle
0.0213928502053
120.0 305.0 110.0 28.0
obstacle
0.0213285759091
87.0 0.0 97.0 30.0
obstacle
0.0212283059955
127.0 0.0 94.0 29.0
obstacle
0.0211938302964
309.0 228.0 35.0 82.0
obstacle
0.021170783788
194.0 305.0 114.0 28.0
obstacle
0.0211221426725
269.0 22.0 38.0 83.0
obstacle
0.0210843700916
82.0 106.0 27.0 16.0
obstacle
0.0210421811789
89.0 278.0 94.0 32.0
obstacle
0.0210247728974
467.0 183.0 27.0 13.0
obstacle
0.0209287721664
464.0 231.0 34.0 75.0
obstacle
0.0209134034812
43.0 231.0 28.0 19.0
obstacle
0.0208956599236
276.0 80.0 25.0 14.0
obstacle
0.0208612140268
195.0 107.0 33.0 15.0
obstacle
0.0208459887654
201.0 252.0 100.0 33.0
obstacle
0.0207904931158
459.0 0.0 41.0 60.0
obstacle
0.0207811780274
90.0 74.0 170.0 85.0
obstacle
0.020711639896
196.0 183.0 31.0 16.0
obstacle
0.0206924322993
45.0 226.0 103.0 32.0
obstacle
0.0205853898078
423.0 0.0 38.0 83.0
obstacle
0.0204650983214
216.0 129.0 156.0 70.0
obstacle
0.0204530246556
51.0 0.0 91.0 30.0
obstacle
0.0204447004944
83.0 305.0 106.0 28.0
obstacle
0.0204434245825
354.0 277.0 101.0 32.0
