obstacle
0.703886389732
305.0 134.0 41.0 40.0
obstacle
0.564778327942
76.0 159.0 351.0 118.0
obstacle
0.450520426035
181.0 182.0 286.0 127.0
obstacle
0.314225912094
314.0 138.0 20.0 26.0
obstacle
0.277757823467
176.0 94.0 76.0 34.0
obstacle
0.200068384409
8.0 170.0 337.0 145.0
obstacle
0.188770145178
298.0 157.0 47.0 33.0
obstacle
0.176813066006
200.0 99.0 90.0 27.0
obstacle
0.17641210556
312.0 108.0 30.0 79.0
obstacle
0.164078846574
273.0 94.0 98.0 109.0
obstacle
0.162278071046
202.0 103.0 25.0 18.0
obstacle
0.154860541224
269.0 134.0 53.0 34.0
obstacle
0.154330089688
87.0 200.0 99.0 32.0
obstacle
0.15161113441
272.0 75.0 23.0 17.0
obstacle
0.143512114882
119.0 96.0 108.0 36.0
obstacle
0.141464903951
256.0 209.0 209.0 76.0
obstacle
0.141029641032
50.0 198.0 99.0 40.0
obstacle
0.136094048619
255.0 67.0 59.0 35.0
obstacle
0.134300678968
94.0 96.0 82.0 33.0
obstacle
0.111361242831
123.0 198.0 104.0 36.0
obstacle
0.109318777919
62.0 174.0 231.0 85.0
obstacle
0.108194157481
225.0 229.0 204.0 92.0
obstacle
0.105846568942
97.0 193.0 310.0 160.0
obstacle
0.0985653176904
124.0 68.0 177.0 92.0
obstacle
0.0976627916098
185.0 173.0 209.0 88.0
obstacle
0.0961376354098
20.0 330.0 78.0 33.0
obstacle
0.0897839218378
330.0 129.0 54.0 43.0
obstacle
0.078984066844
34.0 324.0 120.0 44.0
obstacle
0.0727954059839
120.0 103.0 27.0 20.0
obstacle
0.0717639774084
216.0 74.0 75.0 29.0
obstacle
0.0699417591095
49.0 96.0 98.0 35.0
obstacle
0.0641464665532
118.0 204.0 27.0 22.0
obstacle
0.0632916018367
270.0 183.0 180.0 72.0
obstacle
0.0589264817536
358.0 224.0 83.0 47.0
obstacle
0.0582875534892
310.0 165.0 23.0 23.0
obstacle
0.0571386292577
208.0 195.0 169.0 100.0
obstacle
0.0569479987025
158.0 203.0 24.0 21.0
obstacle
0.0567906275392
286.0 70.0 78.0 33.0
obstacle
0.0552685707808
233.0 104.0 23.0 15.0
obstacle
0.0529881492257
126.0 185.0 175.0 121.0
obstacle
0.0525267794728
9.0 179.0 179.0 76.0
obstacle
0.0524508655071
274.0 45.0 25.0 78.0
obstacle
0.0516605712473
356.0 95.0 91.0 44.0
obstacle
0.0506182201207
312.0 140.0 24.0 84.0
obstacle
0.0503616854548
392.0 97.0 102.0 38.0
obstacle
0.0499980673194
170.0 74.0 84.0 27.0
obstacle
0.0487939715385
286.0 98.0 74.0 44.0
obstacle
0.04850108549
48.0 196.0 177.0 99.0
obstacle
0.0481253750622
444.0 129.0 56.0 36.0
obstacle
0.0480603463948
256.0 101.0 61.0 28.0
obstacle
0.0479772537947
170.0 125.0 91.0 39.0
obstacle
0.047613222152
158.0 106.0 26.0 17.0
obstacle
0.0468673631549
89.0 129.0 92.0 33.0
obstacle
0.0459559932351
48.0 293.0 98.0 39.0
obstacle
0.0458070784807
436.0 261.0 64.0 37.0
obstacle
0.0456791482866
202.0 25.0 169.0 121.0
obstacle
0.0450546406209
168.0 197.0 90.0 37.0
obstacle
0.0450034663081
231.0 360.0 115.0 35.0
obstacle
0.0447001568973
397.0 127.0 88.0 41.0
obstacle
0.0442613251507
41.0 61.0 191.0 107.0
obstacle
0.0435731932521
282.0 133.0 20.0 26.0
obstacle
0.0431275293231
80.0 294.0 107.0 34.0
obstacle
0.0429431423545
243.0 138.0 23.0 19.0
obstacle
0.042760219425
441.0 97.0 59.0 34.0
obstacle
0.0425717756152
232.0 197.0 268.0 161.0
obstacle
0.0424679294229
314.0 109.0 23.0 21.0
obstacle
0.041593272239
203.0 133.0 103.0 32.0
obstacle
0.0413925722241
0.0 95.0 60.0 40.0
obstacle
0.0413448140025
357.0 197.0 85.0 45.0
obstacle
0.0406179353595
273.0 82.0 27.0 73.0
obstacle
0.0404990054667
30.0 198.0 70.0 36.0
obstacle
0.0404753871262
295.0 61.0 205.0 111.0
obstacle
0.0404611453414
352.0 132.0 93.0 33.0
obstacle
0.040307674557
7.0 94.0 105.0 41.0
obstacle
0.0401370003819
328.0 31.0 76.0 35.0
obstacle
0.0395206362009
446.0 228.0 54.0 39.0
obstacle
0.0391263216734
443.0 293.0 57.0 38.0
obstacle
0.0385774895549
275.0 102.0 21.0 21.0
obstacle
0.0385760068893
354.0 322.0 99.0 46.0
obstacle
0.038028433919
81.0 324.0 105.0 42.0
obstacle
0.0380176641047
87.0 69.0 96.0 31.0
obstacle
0.0374115146697
9.0 298.0 174.0 95.0
obstacle
0.0371782444417
0.0 391.0 72.0 37.0
obstacle
0.0371186099946
50.0 129.0 95.0 36.0
obstacle
0.0368797928095
132.0 32.0 84.0 34.0
obstacle
0.0366532877088
236.0 102.0 107.0 87.0
obstacle
0.0365528389812
275.0 324.0 105.0 43.0
obstacle
0.0360109694302
235.0 73.0 26.0 84.0
obstacle
0.0352819412947
166.0 33.0 91.0 33.0
obstacle
0.0350741036236
440.0 326.0 60.0 36.0
obstacle
0.0349982865155
439.0 196.0 61.0 36.0
obstacle
0.034998215735
269.0 123.0 113.0 114.0
obstacle
0.0346895195544
117.0 168.0 36.0 93.0
obstacle
0.0346560105681
19.0 32.0 312.0 170.0
obstacle
0.0345158688724
18.0 300.0 86.0 28.0
obstacle
0.0344855412841
82.0 204.0 23.0 22.0
obstacle
0.0344148539007
363.0 30.0 82.0 37.0
obstacle
0.0338566303253
444.0 162.0 56.0 38.0
obstacle
0.0337497107685
154.0 174.0 36.0 81.0
obstacle
0.0336237959564
38.0 259.0 121.0 41.0
obstacle
0.033584985882
310.0 223.0 104.0 49.0
obstacle
0.0334204249084
364.0 66.0 81.0 38.0
obstacle
0.0334035046399
115.0 5.0 346.0 159.0
obstacle
0.0333092734218
269.0 358.0 114.0 40.0
obstacle
0.0331164784729
79.0 171.0 33.0 85.0
obstacle
0.03308204934
386.0 74.0 31.0 83.0
obstacle
0.033032938838
393.0 104.0 25.0 23.0
obstacle
0.0329686440527
196.0 203.0 23.0 22.0
obstacle
0.0328733883798
270.0 162.0 47.0 38.0
obstacle
0.0328092724085
21.0 359.0 78.0 35.0
obstacle
0.0327797420323
433.0 393.0 67.0 35.0
obstacle
0.0327025875449
57.0 30.0 79.0 36.0
obstacle
0.0325400047004
119.0 292.0 106.0 39.0
obstacle
0.0324780270457
228.0 138.0 124.0 94.0
obstacle
0.0323040410876
435.0 0.0 65.0 36.0
obstacle
0.0322665944695
128.0 130.0 91.0 32.0
obstacle
0.0322476513684
0.0 130.0 57.0 37.0
obstacle
0.031906530261
290.0 199.0 75.0 36.0
obstacle
0.0316428057849
91.0 31.0 88.0 35.0
obstacle
0.0313247554004
200.0 0.0 99.0 33.0
obstacle
0.0312523581088
77.0 224.0 115.0 42.0
obstacle
0.031203655526
134.0 72.0 81.0 29.0
obstacle
0.0310725048184
241.0 0.0 96.0 36.0
obstacle
0.0310260709375
396.0 227.0 83.0 42.0
obstacle
0.0309293139726
15.0 129.0 89.0 36.0
obstacle
0.030822282657
0.0 0.0 69.0 39.0
obstacle
0.0307305250317
122.0 101.0 183.0 89.0
obstacle
0.0305636506528
356.0 257.0 93.0 43.0
obstacle
0.0305051021278
324.0 200.0 76.0 39.0
obstacle
0.0303957872093
121.0 0.0 103.0 33.0
obstacle
0.0303725432605
310.0 73.0 28.0 85.0
obstacle
0.0302535835654
199.0 80.0 27.0 71.0
obstacle
0.0302243027836
385.0 90.0 32.0 116.0
obstacle
0.0301603637636
329.0 157.0 55.0 41.0
obstacle
0.0301386918873
29.0 222.0 66.0 45.0
obstacle
0.0299647450447
234.0 161.0 48.0 34.0
obstacle
0.0298393983394
319.0 67.0 89.0 34.0
obstacle
0.0298049412668
191.0 164.0 37.0 102.0
obstacle
0.0297333654016
118.0 71.0 33.0 89.0
obstacle
0.0297225285321
323.0 97.0 72.0 39.0
obstacle
0.0296072084457
440.0 357.0 60.0 40.0
obstacle
0.0294042341411
392.0 138.0 25.0 16.0
obstacle
0.0292928162962
115.0 261.0 115.0 38.0
obstacle
0.0292280241847
42.0 0.0 108.0 37.0
obstacle
0.0291880965233
307.0 324.0 115.0 41.0
obstacle
0.0290677826852
439.0 30.0 61.0 37.0
obstacle
0.0289179421961
278.0 0.0 97.0 36.0
obstacle
0.0286931805313
356.0 294.0 94.0 36.0
obstacle
0.0284260734916
234.0 111.0 31.0 71.0
obstacle
0.0282085835934
155.0 66.0 32.0 101.0
obstacle
0.0281972400844
243.0 289.0 166.0 111.0
obstacle
0.02817395702
234.0 43.0 27.0 82.0
obstacle
0.0281307417899
309.0 36.0 31.0 95.0
obstacle
0.0280784200877
267.0 256.0 120.0 45.0
obstacle
0.027849946171
139.0 168.0 73.0 32.0
obstacle
0.0277149416506
398.0 322.0 89.0 44.0
obstacle
0.0275055710226
81.0 261.0 107.0 36.0
obstacle
0.0274686031044
83.0 0.0 104.0 34.0
obstacle
0.0273245964199
468.0 266.0 28.0 24.0
obstacle
0.0272854082286
403.0 27.0 82.0 43.0
obstacle
0.0270810909569
165.0 0.0 94.0 32.0
obstacle
0.0270082727075
118.0 223.0 110.0 46.0
obstacle
0.0268492791802
356.0 110.0 19.0 14.0
obstacle
0.0267734713852
351.0 139.0 20.0 18.0
obstacle
0.0266963467002
192.0 256.0 308.0 172.0
obstacle
0.0266819447279
250.0 35.0 78.0 35.0
obstacle
0.0264371801168
0.0 327.0 66.0 39.0
obstacle
0.0263515580446
164.0 225.0 177.0 103.0
obstacle
0.0261164270341
342.0 94.0 158.0 108.0
obstacle
0.0261136461049
386.0 138.0 31.0 89.0
obstacle
0.0260227359831
210.0 35.0 81.0 32.0
obstacle
0.0260081049055
245.0 169.0 17.0 16.0
obstacle
0.0258365981281
423.0 235.0 30.0 22.0
obstacle
0.0257632434368
194.0 236.0 33.0 20.0
obstacle
0.0257289428264
179.0 166.0 73.0 36.0
obstacle
0.025640765205
445.0 64.0 55.0 36.0
obstacle
0.025609832257
199.0 359.0 106.0 37.0
obstacle
0.0254524834454
255.0 49.0 245.0 200.0
obstacle
0.0253560449928
316.0 76.0 23.0 17.0
obstacle
0.0252930633724
0.0 27.0 57.0 43.0
obstacle
0.0252727698535
349.0 75.0 26.0 85.0
obstacle
0.0250563323498
385.0 165.0 36.0 99.0
obstacle
0.0248602665961
242.0 328.0 93.0 36.0
obstacle
0.0247801523656
469.0 236.0 27.0 21.0
obstacle
0.024607213214
82.0 105.0 29.0 19.0
obstacle
0.0245388243347
232.0 146.0 31.0 74.0
obstacle
0.0244899503887
84.0 228.0 180.0 98.0
obstacle
0.0244252700359
199.0 135.0 26.0 16.0
obstacle
0.0244247000664
228.0 156.0 41.0 118.0
obstacle
0.0243860092014
0.0 62.0 58.0 42.0
obstacle
0.0243727117777
284.0 223.0 87.0 47.0
obstacle
0.0242584496737
383.0 234.0 41.0 91.0
obstacle
0.0242318697274
125.0 325.0 96.0 40.0
obstacle
0.0242203492671
0.0 51.0 111.0 127.0
obstacle
0.0242196470499
310.0 220.0 182.0 111.0
obstacle
0.0242099836469
394.0 162.0 98.0 41.0
obstacle
0.02410226129
119.0 138.0 191.0 94.0
obstacle
0.0241022370756
157.0 321.0 109.0 48.0
obstacle
0.0240489393473
314.0 0.0 103.0 37.0
obstacle
0.0239292439073
238.0 291.0 104.0 39.0
obstacle
0.0237169675529
353.0 0.0 102.0 37.0
obstacle
0.0235602091998
21.0 262.0 82.0 35.0
obstacle
0.0235161669552
18.0 30.0 84.0 38.0
obstacle
0.0234957803041
84.0 360.0 104.0 35.0
obstacle
0.023471262306
48.0 226.0 104.0 41.0
obstacle
0.0233612302691
365.0 159.0 71.0 43.0
obstacle
0.0231095664203
350.0 359.0 108.0 39.0
obstacle
0.0229863785207
193.0 141.0 31.0 85.0
obstacle
0.0229465141892
276.0 102.0 25.0 90.0
obstacle
0.0229125265032
0.0 226.0 360.0 173.0
obstacle
0.0228096581995
242.0 253.0 172.0 110.0
obstacle
0.0227033495903
233.0 393.0 112.0 35.0
obstacle
0.0226318314672
393.0 195.0 94.0 41.0
obstacle
0.0225929301232
429.0 137.0 26.0 17.0
obstacle
0.0225834771991
45.0 358.0 103.0 37.0
obstacle
0.0225821267813
228.0 0.0 39.0 103.0
obstacle
0.0224930848926
239.0 206.0 20.0 18.0
obstacle
0.0224658269435
307.0 147.0 37.0 126.0
obstacle
0.0224519334733
270.0 367.0 34.0 21.0
obstacle
0.0224014185369
401.0 63.0 85.0 41.0
obstacle
0.0223166178912
311.0 355.0 109.0 42.0
obstacle
0.0221248473972
3.0 113.0 345.0 142.0
obstacle
0.0221071876585
306.0 237.0 42.0 84.0
obstacle
0.0220381040126
193.0 291.0 117.0 39.0
obstacle
0.0218598153442
194.0 104.0 33.0 89.0
obstacle
0.0218597110361
314.0 238.0 24.0 19.0
obstacle
0.0217925589532
231.0 68.0 188.0 99.0
obstacle
0.0217485260218
474.0 104.0 20.0 21.0
obstacle
0.0217300988734
117.0 391.0 114.0 37.0
obstacle
0.0217115357518
200.0 326.0 102.0 39.0
obstacle
0.0215093269944
188.0 0.0 43.0 105.0
obstacle
0.021375592798
291.0 31.0 75.0 39.0
obstacle
0.0213634129614
197.0 313.0 184.0 115.0
obstacle
0.0213591437787
20.0 224.0 156.0 109.0
obstacle
0.0212781559676
347.0 106.0 27.0 83.0
obstacle
0.021171592176
40.0 326.0 347.0 102.0
obstacle
0.0211125016212
384.0 290.0 37.0 113.0
obstacle
0.0210989378393
194.0 391.0 113.0 37.0
obstacle
0.0210587847978
422.0 126.0 39.0 114.0
obstacle
0.0210543107241
308.0 289.0 36.0 115.0
obstacle
0.0210149697959
268.0 240.0 38.0 80.0
obstacle
0.0210137926042
159.0 137.0 26.0 15.0
obstacle
0.0209914203733
51.0 67.0 92.0 34.0
obstacle
0.0209846515208
315.0 136.0 185.0 156.0
obstacle
0.0209123007953
151.0 197.0 42.0 102.0
obstacle
0.0208690743893
459.0 158.0 41.0 112.0
obstacle
0.0208664909005
192.0 203.0 35.0 89.0
obstacle
0.0207932572812
316.0 290.0 176.0 110.0
obstacle
0.0206960979849
464.0 203.0 35.0 21.0
obstacle
0.0206783153117
430.0 105.0 26.0 19.0
obstacle
0.0206250939518
388.0 333.0 34.0 22.0
obstacle
0.0206030961126
267.0 392.0 121.0 36.0
obstacle
0.0205524116755
241.0 78.0 23.0 15.0
obstacle
0.0205479767174
346.0 165.0 36.0 95.0
obstacle
0.0204694122076
78.0 292.0 33.0 106.0
obstacle
0.0204452369362
0.0 361.0 59.0 35.0
obstacle
0.0204164534807
365.0 200.0 135.0 93.0
obstacle
0.020411901176
271.0 0.0 33.0 102.0
obstacle
0.0203958973289
277.0 205.0 22.0 20.0
obstacle
0.0203933753073
0.0 130.0 231.0 169.0
obstacle
0.0203500296921
312.0 261.0 102.0 39.0
obstacle
0.0203153602779
44.0 262.0 181.0 100.0
obstacle
0.0202246233821
118.0 301.0 31.0 19.0
obstacle
0.0200873948634
349.0 34.0 30.0 98.0
obstacle
0.0200840253383
216.0 194.0 74.0 42.0
obstacle
0.0199651867151
39.0 292.0 36.0 106.0
obstacle
0.0199207440019
276.0 294.0 103.0 35.0
obstacle
0.0199151206762
155.0 390.0 113.0 38.0
obstacle
0.019860919565
0.0 196.0 57.0 37.0
obstacle
0.0197570994496
272.0 320.0 34.0 108.0
obstacle
0.0197277888656
388.0 195.0 31.0 103.0
obstacle
0.0195780545473
319.0 292.0 90.0 37.0
obstacle
0.0195717234164
114.0 198.0 38.0 99.0
obstacle
0.0195328705013
263.0 158.0 45.0 114.0
obstacle
0.0195013936609
163.0 0.0 176.0 76.0
obstacle
0.019460985437
395.0 358.0 96.0 41.0
obstacle
0.0194106195122
121.0 135.0 26.0 16.0
obstacle
0.0193628445268
154.0 0.0 36.0 102.0
obstacle
0.0193490833044
345.0 0.0 39.0 107.0
obstacle
0.0193440783769
472.0 138.0 23.0 18.0
obstacle
0.0193304643035
2.0 0.0 191.0 82.0
obstacle
0.0192610081285
123.0 357.0 102.0 40.0
obstacle
0.0192210562527
79.0 0.0 35.0 70.0
obstacle
0.0191459320486
155.0 251.0 194.0 118.0
obstacle
0.019125379622
0.0 359.0 35.0 69.0
obstacle
0.0190887022763
92.0 49.0 317.0 198.0
obstacle
0.0190397948027
385.0 35.0 32.0 97.0
obstacle
0.0189336445183
0.0 349.0 111.0 79.0
obstacle
0.0187576264143
425.0 96.0 34.0 106.0
obstacle
0.0186178460717
426.0 62.0 31.0 108.0
obstacle
0.0185598768294
41.0 334.0 30.0 22.0
obstacle
0.0185324177146
198.0 174.0 23.0 17.0
obstacle
0.0184135157615
463.0 125.0 35.0 113.0
obstacle
0.0183208398521
258.0 193.0 70.0 46.0
obstacle
0.0183092169464
76.0 61.0 38.0 110.0
obstacle
0.018284868449
309.0 333.0 34.0 20.0
obstacle
0.018206845969
463.0 0.0 34.0 110.0
obstacle
0.0181924048811
386.0 268.0 34.0 20.0
obstacle
0.0180328842252
350.0 233.0 33.0 95.0
obstacle
0.0179907362908
232.0 261.0 34.0 103.0
