obstacle
0.75495070219
106.0 165.0 368.0 109.0
obstacle
0.655784547329
407.0 81.0 76.0 22.0
obstacle
0.596733868122
155.0 123.0 38.0 25.0
obstacle
0.436349570751
156.0 112.0 39.0 23.0
obstacle
0.356393784285
247.0 104.0 77.0 22.0
obstacle
0.35334995389
409.0 70.0 82.0 23.0
obstacle
0.347818672657
383.0 72.0 117.0 41.0
obstacle
0.294318765402
214.0 110.0 72.0 18.0
obstacle
0.263445198536
432.0 83.0 68.0 23.0
obstacle
0.263170599937
164.0 129.0 20.0 16.0
obstacle
0.260760307312
436.0 63.0 64.0 28.0
obstacle
0.255334824324
361.0 60.0 139.0 37.0
obstacle
0.25404432416
166.0 116.0 16.0 14.0
obstacle
0.252686977386
273.0 109.0 27.0 12.0
obstacle
0.248188957572
257.0 89.0 68.0 26.0
obstacle
0.228132069111
429.0 88.0 20.0 12.0
obstacle
0.173214763403
233.0 113.0 32.0 11.0
obstacle
0.145692527294
445.0 189.0 55.0 25.0
obstacle
0.138126850128
120.0 106.0 108.0 67.0
obstacle
0.138028591871
182.0 110.0 51.0 23.0
obstacle
0.137354329228
447.0 171.0 53.0 28.0
obstacle
0.133931607008
472.0 69.0 21.0 13.0
obstacle
0.131198331714
205.0 91.0 168.0 53.0
obstacle
0.127800345421
375.0 86.0 84.0 18.0
obstacle
0.120896741748
260.0 151.0 240.0 108.0
obstacle
0.120544373989
284.0 148.0 85.0 22.0
obstacle
0.118938483298
239.0 124.0 95.0 29.0
obstacle
0.118062101305
135.0 122.0 309.0 122.0
obstacle
0.109613545239
159.0 96.0 25.0 44.0
obstacle
0.109054580331
469.0 52.0 24.0 47.0
obstacle
0.107303269207
141.0 147.0 64.0 21.0
obstacle
0.10318376869
173.0 125.0 62.0 25.0
obstacle
0.0963479876518
213.0 90.0 81.0 23.0
obstacle
0.0962937027216
407.0 172.0 74.0 20.0
obstacle
0.0944296866655
237.0 149.0 98.0 22.0
obstacle
0.094362013042
432.0 54.0 19.0 44.0
obstacle
0.0878533050418
110.0 125.0 62.0 27.0
obstacle
0.0870634615421
474.0 89.0 17.0 12.0
obstacle
0.0840096846223
431.0 73.0 20.0 10.0
obstacle
0.083917543292
433.0 75.0 22.0 40.0
obstacle
0.0831401273608
274.0 93.0 27.0 13.0
obstacle
0.0828259438276
52.0 107.0 96.0 23.0
obstacle
0.0809459015727
272.0 102.0 100.0 28.0
obstacle
0.0800102055073
108.0 108.0 60.0 22.0
obstacle
0.0797160118818
288.0 85.0 71.0 29.0
obstacle
0.0745354369283
404.0 102.0 82.0 24.0
obstacle
0.0737912878394
317.0 150.0 96.0 20.0
obstacle
0.0714935362339
468.0 194.0 31.0 17.0
obstacle
0.0705816447735
178.0 150.0 52.0 23.0
obstacle
0.0697599425912
209.0 126.0 81.0 26.0
obstacle
0.069127202034
411.0 191.0 67.0 22.0
obstacle
0.0690116137266
270.0 258.0 109.0 21.0
obstacle
0.068900488317
130.0 168.0 87.0 30.0
obstacle
0.067216143012
465.0 23.0 32.0 64.0
obstacle
0.0667083263397
468.0 177.0 26.0 13.0
obstacle
0.0650903731585
424.0 14.0 35.0 83.0
obstacle
0.0639397054911
213.0 72.0 148.0 54.0
obstacle
0.0632309541106
372.0 67.0 80.0 23.0
obstacle
0.0625992417336
395.0 88.0 25.0 14.0
obstacle
0.0616479329765
156.0 143.0 31.0 79.0
obstacle
0.0604179985821
205.0 150.0 81.0 24.0
obstacle
0.0590776875615
201.0 115.0 15.0 10.0
obstacle
0.0582984238863
388.0 19.0 33.0 71.0
obstacle
0.0571567006409
58.0 126.0 81.0 25.0
obstacle
0.0541956014931
466.0 74.0 27.0 41.0
obstacle
0.0538017451763
136.0 88.0 74.0 25.0
obstacle
0.0536714047194
444.0 104.0 56.0 24.0
obstacle
0.0530816875398
152.0 114.0 108.0 53.0
obstacle
0.0529598034918
363.0 167.0 82.0 29.0
obstacle
0.0522583313286
411.0 169.0 89.0 66.0
obstacle
0.0515877641737
371.0 151.0 65.0 22.0
obstacle
0.0515242703259
206.0 112.0 160.0 55.0
obstacle
0.0513826832175
278.0 124.0 90.0 30.0
obstacle
0.0507946684957
128.0 110.0 16.0 15.0
obstacle
0.0506971292198
324.0 167.0 78.0 26.0
obstacle
0.0502772070467
98.0 120.0 150.0 83.0
obstacle
0.0486919917166
363.0 103.0 91.0 23.0
obstacle
0.048239659518
275.0 96.0 26.0 42.0
obstacle
0.0480958968401
237.0 93.0 25.0 13.0
obstacle
0.0478569120169
160.0 129.0 177.0 67.0
obstacle
0.0471881255507
45.0 85.0 104.0 24.0
obstacle
0.0462637767196
8.0 126.0 102.0 25.0
obstacle
0.0461628250778
310.0 92.0 29.0 12.0
obstacle
0.0459725745022
289.0 168.0 70.0 25.0
obstacle
0.0454602763057
329.0 106.0 73.0 22.0
obstacle
0.0447909533978
181.0 90.0 58.0 20.0
obstacle
0.0444888398051
403.0 19.0 79.0 26.0
obstacle
0.0439894013107
107.0 147.0 63.0 26.0
obstacle
0.0432840995491
362.0 149.0 138.0 67.0
obstacle
0.0430781953037
465.0 152.0 30.0 60.0
obstacle
0.0429897010326
202.0 155.0 15.0 10.0
obstacle
0.0428689904511
7.0 84.0 182.0 69.0
obstacle
0.0428313650191
355.0 216.0 25.0 63.0
obstacle
0.0426328890026
247.0 168.0 78.0 28.0
obstacle
0.0425450392067
454.0 45.0 46.0 23.0
obstacle
0.0424710251391
46.0 139.0 339.0 89.0
obstacle
0.0416716262698
43.0 40.0 108.0 28.0
obstacle
0.0414900183678
81.0 111.0 29.0 15.0
obstacle
0.0414632260799
176.0 165.0 65.0 32.0
obstacle
0.0412378497422
57.0 63.0 80.0 25.0
obstacle
0.0410954728723
98.0 171.0 81.0 24.0
obstacle
0.0405833087862
58.0 148.0 86.0 24.0
obstacle
0.0405248180032
394.0 50.0 23.0 51.0
obstacle
0.0403344333172
405.0 44.0 80.0 27.0
obstacle
0.0399626865983
356.0 28.0 144.0 56.0
obstacle
0.0398695059121
163.0 92.0 20.0 14.0
obstacle
0.0398047417402
274.0 154.0 30.0 11.0
obstacle
0.0396115742624
200.0 132.0 16.0 11.0
obstacle
0.0393964014947
327.0 84.0 85.0 28.0
obstacle
0.0392167344689
117.0 146.0 184.0 75.0
obstacle
0.0390641652048
386.0 171.0 32.0 67.0
obstacle
0.0385853052139
270.0 197.0 34.0 12.0
obstacle
0.0385673269629
425.0 177.0 33.0 55.0
obstacle
0.038342654705
126.0 192.0 95.0 26.0
obstacle
0.0381945893168
0.0 0.0 60.0 24.0
obstacle
0.0381931699812
54.0 169.0 87.0 24.0
obstacle
0.038137678057
127.0 212.0 90.0 23.0
obstacle
0.0379234701395
445.0 211.0 55.0 26.0
obstacle
0.0378209501505
5.0 253.0 108.0 26.0
obstacle
0.0374153219163
388.0 152.0 31.0 64.0
obstacle
0.0370284728706
116.0 193.0 36.0 67.0
obstacle
0.0366868078709
358.0 190.0 82.0 28.0
obstacle
0.0366709902883
314.0 112.0 24.0 10.0
obstacle
0.0364081151783
464.0 178.0 32.0 49.0
obstacle
0.0361053533852
91.0 210.0 96.0 29.0
obstacle
0.0360704101622
427.0 196.0 34.0 12.0
obstacle
0.0355059057474
96.0 86.0 80.0 23.0
obstacle
0.0354648679495
83.0 130.0 28.0 16.0
obstacle
0.035332672298
365.0 41.0 78.0 30.0
obstacle
0.0347984135151
289.0 190.0 211.0 89.0
obstacle
0.0347183644772
351.0 47.0 28.0 58.0
obstacle
0.034591268748
276.0 71.0 23.0 51.0
obstacle
0.0344241373241
5.0 105.0 111.0 27.0
obstacle
0.0343028791249
135.0 18.0 77.0 27.0
obstacle
0.034198846668
310.0 259.0 111.0 20.0
obstacle
0.0341979749501
246.0 130.0 160.0 63.0
obstacle
0.0338422395289
418.0 0.0 46.0 69.0
obstacle
0.0335979647934
0.0 60.0 266.0 117.0
obstacle
0.0333928503096
271.0 130.0 34.0 13.0
obstacle
0.0333486758173
349.0 13.0 34.0 83.0
obstacle
0.0330057442188
274.0 174.0 30.0 10.0
obstacle
0.0329183489084
374.0 84.0 126.0 60.0
obstacle
0.0327626653016
439.0 20.0 61.0 25.0
obstacle
0.0327108092606
252.0 212.0 146.0 67.0
obstacle
0.0322946645319
387.0 192.0 36.0 70.0
obstacle
0.0321635305882
162.0 150.0 19.0 16.0
obstacle
0.0321475528181
309.0 65.0 29.0 64.0
obstacle
0.0321174561977
265.0 197.0 192.0 57.0
obstacle
0.0319977328181
432.0 127.0 68.0 24.0
obstacle
0.0319530442357
319.0 190.0 85.0 30.0
obstacle
0.0318312868476
76.0 254.0 121.0 25.0
obstacle
0.0317459926009
431.0 256.0 69.0 23.0
obstacle
0.0316229052842
156.0 70.0 29.0 55.0
obstacle
0.0314817205071
442.0 0.0 58.0 25.0
obstacle
0.0313812345266
277.0 174.0 176.0 60.0
obstacle
0.0313070081174
195.0 199.0 27.0 10.0
obstacle
0.031250551343
401.0 210.0 82.0 27.0
obstacle
0.0311729479581
390.0 217.0 28.0 61.0
obstacle
0.0309473667294
245.0 26.0 255.0 102.0
obstacle
0.0308183468878
254.0 106.0 246.0 112.0
obstacle
0.0307322423905
152.0 178.0 38.0 97.0
obstacle
0.030515935272
280.0 230.0 167.0 49.0
obstacle
0.0304169077426
156.0 136.0 28.0 51.0
obstacle
0.0303158536553
0.0 127.0 65.0 25.0
obstacle
0.0303054396063
161.0 174.0 29.0 13.0
obstacle
0.0302971657366
13.0 41.0 92.0 27.0
obstacle
0.0300425123423
88.0 61.0 96.0 29.0
obstacle
0.0299339182675
190.0 176.0 193.0 60.0
obstacle
0.0297822505236
0.0 160.0 328.0 119.0
obstacle
0.0296467021108
87.0 61.0 174.0 77.0
obstacle
0.0296265464276
199.0 176.0 22.0 10.0
obstacle
0.029618004337
402.0 150.0 80.0 25.0
obstacle
0.0293701756746
472.0 48.0 24.0 12.0
obstacle
0.0293143633753
384.0 124.0 36.0 75.0
obstacle
0.0293053351343
198.0 150.0 26.0 64.0
obstacle
0.0291693750769
0.0 82.0 64.0 30.0
obstacle
0.029156031087
234.0 154.0 29.0 12.0
obstacle
0.0291281919926
422.0 151.0 36.0 64.0
obstacle
0.0290663745254
236.0 134.0 27.0 9.0
obstacle
0.0290495958179
0.0 147.0 67.0 28.0
obstacle
0.0290447007865
245.0 19.0 87.0 27.0
obstacle
0.0289313681424
127.0 130.0 18.0 15.0
obstacle
0.0288649369031
381.0 0.0 45.0 75.0
obstacle
0.0288535654545
84.0 89.0 26.0 14.0
obstacle
0.0286858938634
214.0 169.0 62.0 28.0
obstacle
0.0286019649357
77.0 209.0 37.0 70.0
obstacle
0.0284124817699
272.0 212.0 35.0 67.0
obstacle
0.0283587574959
168.0 63.0 84.0 26.0
obstacle
0.0283539202064
311.0 238.0 30.0 41.0
obstacle
0.0283465832472
51.0 231.0 95.0 31.0
obstacle
0.0283269602805
144.0 216.0 356.0 63.0
obstacle
0.0282606352121
321.0 40.0 90.0 27.0
obstacle
0.0282056182623
236.0 72.0 24.0 49.0
obstacle
0.0281258616596
231.0 198.0 34.0 11.0
obstacle
0.0280172098428
0.0 189.0 66.0 30.0
obstacle
0.0279796309769
0.0 210.0 67.0 30.0
obstacle
0.0277329850942
4.0 170.0 113.0 25.0
obstacle
0.027647824958
348.0 193.0 36.0 68.0
obstacle
0.027602840215
113.0 149.0 41.0 69.0
obstacle
0.0275889523327
389.0 155.0 30.0 13.0
obstacle
0.0275465603918
0.0 102.0 157.0 76.0
obstacle
0.0275419540703
201.0 0.0 96.0 24.0
obstacle
0.0274833347648
174.0 18.0 75.0 28.0
obstacle
0.0273592285812
431.0 176.0 24.0 13.0
obstacle
0.0272230338305
365.0 19.0 76.0 27.0
obstacle
0.0271363314241
152.0 39.0 39.0 74.0
obstacle
0.026897681877
209.0 191.0 157.0 66.0
obstacle
0.0267690811306
348.0 91.0 35.0 14.0
obstacle
0.0267453733832
184.0 151.0 208.0 64.0
obstacle
0.0267117079347
235.0 175.0 26.0 10.0
obstacle
0.0266664270312
289.0 62.0 74.0 28.0
obstacle
0.0264048241079
359.0 213.0 82.0 24.0
obstacle
0.0263584777713
228.0 131.0 35.0 63.0
obstacle
0.0262926016003
75.0 62.0 38.0 68.0
obstacle
0.0262650623918
312.0 173.0 32.0 11.0
obstacle
0.0262324344367
0.0 168.0 64.0 29.0
obstacle
0.026222974062
441.0 150.0 59.0 23.0
obstacle
0.0261581968516
284.0 61.0 166.0 74.0
obstacle
0.0261466111988
119.0 120.0 32.0 39.0
obstacle
0.0259585473686
312.0 154.0 29.0 10.0
obstacle
0.0259575042874
279.0 151.0 174.0 62.0
obstacle
0.0257185939699
228.0 157.0 40.0 94.0
obstacle
0.0256494618952
438.0 231.0 62.0 31.0
obstacle
0.0256095323712
94.0 194.0 93.0 22.0
obstacle
0.0255743637681
169.0 41.0 86.0 26.0
obstacle
0.0255542118102
0.0 62.0 69.0 26.0
obstacle
0.0254709068686
118.0 68.0 30.0 59.0
obstacle
0.0252629797906
384.0 196.0 42.0 12.0
obstacle
0.0252553261817
236.0 92.0 21.0 52.0
obstacle
0.0252332873642
391.0 48.0 28.0 12.0
obstacle
0.0251591410488
48.0 253.0 97.0 26.0
obstacle
0.0249227676541
428.0 107.0 27.0 14.0
obstacle
0.0248255543411
168.0 0.0 88.0 23.0
obstacle
0.0247107055038
212.0 19.0 76.0 27.0
obstacle
0.0246532857418
196.0 137.0 25.0 48.0
obstacle
0.024620404467
425.0 190.0 33.0 74.0
obstacle
0.0246011931449
394.0 71.0 27.0 11.0
obstacle
0.0245984308422
327.0 65.0 81.0 24.0
obstacle
0.0244328323752
347.0 172.0 36.0 66.0
obstacle
0.0243235975504
271.0 129.0 31.0 68.0
obstacle
0.0242619905621
12.0 149.0 96.0 25.0
obstacle
0.0242210496217
351.0 217.0 26.0 12.0
obstacle
0.02418339625
89.0 19.0 92.0 25.0
obstacle
0.024178115651
132.0 65.0 82.0 21.0
obstacle
0.0241558495909
347.0 67.0 35.0 59.0
obstacle
0.024155234918
391.0 174.0 30.0 14.0
obstacle
0.0240932758898
211.0 61.0 84.0 29.0
obstacle
0.0240929275751
39.0 235.0 36.0 44.0
obstacle
0.0240627210587
281.0 0.0 92.0 23.0
obstacle
0.0240046363324
117.0 38.0 34.0 76.0
obstacle
0.0239407643676
196.0 164.0 30.0 79.0
obstacle
0.0239024590701
460.0 101.0 40.0 77.0
obstacle
0.0239008460194
76.0 91.0 37.0 53.0
obstacle
0.0238635074347
272.0 218.0 27.0 12.0
obstacle
0.0237762406468
0.0 231.0 64.0 30.0
obstacle
0.0237550344318
429.0 26.0 29.0 13.0
obstacle
0.0237539634109
193.0 41.0 34.0 69.0
obstacle
0.0237049721181
161.0 216.0 26.0 15.0
obstacle
0.023685304448
39.0 227.0 193.0 52.0
obstacle
0.023669315502
307.0 196.0 37.0 13.0
obstacle
0.0236429478973
467.0 239.0 31.0 14.0
obstacle
0.0236141160131
208.0 231.0 163.0 48.0
obstacle
0.0235902350396
86.0 42.0 100.0 24.0
obstacle
0.023532608524
17.0 20.0 85.0 25.0
obstacle
0.0234938599169
349.0 174.0 36.0 12.0
obstacle
0.0234584938735
59.0 192.0 81.0 25.0
obstacle
0.0232833474874
389.0 239.0 25.0 13.0
obstacle
0.0232710484415
196.0 117.0 23.0 47.0
obstacle
0.0232503376901
109.0 171.0 133.0 64.0
obstacle
0.0231625828892
234.0 211.0 34.0 68.0
obstacle
0.0231500137597
98.0 186.0 154.0 77.0
obstacle
0.023136742413
424.0 216.0 36.0 16.0
obstacle
0.0230866596103
199.0 69.0 29.0 12.0
obstacle
0.0230757016689
268.0 187.0 43.0 76.0
obstacle
0.0230613052845
394.0 210.0 106.0 69.0
obstacle
0.0230257641524
471.0 109.0 23.0 14.0
obstacle
0.0230193603784
393.0 74.0 26.0 44.0
obstacle
0.0230095162988
43.0 140.0 184.0 82.0
obstacle
0.022988082841
128.0 0.0 93.0 22.0
obstacle
0.0229629147798
6.0 0.0 105.0 25.0
obstacle
0.0229185037315
0.0 40.0 66.0 28.0
obstacle
0.0228036679327
239.0 0.0 98.0 24.0
obstacle
0.0227591078728
81.0 172.0 29.0 15.0
obstacle
0.0226806476712
138.0 71.0 304.0 94.0
obstacle
0.0226703025401
394.0 230.0 97.0 32.0
obstacle
0.0225847866386
84.0 0.0 101.0 23.0
obstacle
0.0224934536964
253.0 64.0 72.0 27.0
obstacle
0.0224684663117
271.0 107.0 33.0 65.0
obstacle
0.0224627498537
266.0 0.0 42.0 74.0
obstacle
0.0224014762789
151.0 95.0 117.0 49.0
obstacle
0.0223396085203
154.0 228.0 37.0 51.0
obstacle
0.0221306439489
164.0 39.0 172.0 74.0
obstacle
0.0221000872552
50.0 0.0 93.0 25.0
obstacle
0.0220662504435
285.0 18.0 85.0 28.0
obstacle
0.0219600107521
307.0 0.0 38.0 72.0
obstacle
0.0218732673675
116.0 229.0 37.0 50.0
obstacle
0.021872388199
191.0 189.0 36.0 73.0
obstacle
0.0218492560089
284.0 15.0 165.0 77.0
obstacle
0.0217524841428
422.0 214.0 42.0 65.0
obstacle
0.0217013433576
0.0 14.0 198.0 80.0
