obstacle
0.818299114704
176.0 207.0 144.0 30.0
obstacle
0.804662227631
353.0 202.0 92.0 31.0
obstacle
0.664550840855
0.0 165.0 124.0 48.0
obstacle
0.502877056599
338.0 208.0 70.0 24.0
obstacle
0.429791331291
392.0 204.0 75.0 25.0
obstacle
0.401600182056
230.0 212.0 92.0 23.0
obstacle
0.317234396935
41.0 178.0 91.0 26.0
obstacle
0.294560581446
138.0 195.0 161.0 44.0
obstacle
0.220594123006
0.0 179.0 75.0 27.0
obstacle
0.201431006193
34.0 155.0 56.0 34.0
obstacle
0.20103225112
386.0 208.0 25.0 17.0
obstacle
0.200415119529
348.0 212.0 30.0 16.0
obstacle
0.195243492723
280.0 211.0 86.0 22.0
obstacle
0.154882594943
210.0 199.0 141.0 42.0
obstacle
0.154152885079
228.0 213.0 37.0 16.0
obstacle
0.152748063207
297.0 194.0 147.0 47.0
obstacle
0.144626036286
47.0 165.0 24.0 49.0
obstacle
0.142797082663
426.0 207.0 23.0 15.0
obstacle
0.142319098115
49.0 145.0 20.0 45.0
obstacle
0.142073616385
355.0 190.0 145.0 57.0
obstacle
0.133763477206
272.0 214.0 24.0 13.0
obstacle
0.12796343863
359.0 224.0 88.0 24.0
obstacle
0.118218503892
431.0 203.0 69.0 31.0
obstacle
0.116346016526
411.0 183.0 53.0 28.0
obstacle
0.108455352485
235.0 222.0 101.0 28.0
obstacle
0.107604853809
194.0 211.0 29.0 16.0
obstacle
0.100408531725
209.0 222.0 79.0 26.0
obstacle
0.0981404557824
330.0 224.0 75.0 26.0
obstacle
0.0977846980095
52.0 154.0 71.0 37.0
obstacle
0.0860043987632
1.0 184.0 27.0 16.0
obstacle
0.0839132666588
428.0 166.0 24.0 56.0
obstacle
0.0819175466895
44.0 181.0 26.0 20.0
obstacle
0.0816924124956
378.0 182.0 53.0 33.0
obstacle
0.0814777463675
143.0 205.0 78.0 26.0
obstacle
0.0761442258954
78.0 138.0 28.0 60.0
obstacle
0.0748606771231
175.0 154.0 75.0 27.0
obstacle
0.0744350552559
441.0 254.0 59.0 26.0
obstacle
0.0734919831157
0.0 143.0 190.0 98.0
obstacle
0.0725686922669
441.0 228.0 59.0 28.0
obstacle
0.0715348795056
94.0 181.0 60.0 24.0
obstacle
0.0710504427552
394.0 226.0 92.0 26.0
obstacle
0.0703473165631
431.0 195.0 18.0 43.0
obstacle
0.0697988718748
80.0 184.0 27.0 16.0
obstacle
0.0696346387267
7.0 164.0 27.0 54.0
obstacle
0.0685105919838
399.0 126.0 85.0 30.0
obstacle
0.0685084238648
406.0 152.0 74.0 29.0
obstacle
0.0683525428176
48.0 160.0 25.0 12.0
obstacle
0.0670222491026
212.0 181.0 70.0 31.0
obstacle
0.0661594867706
0.0 155.0 55.0 31.0
obstacle
0.065887466073
440.0 129.0 60.0 25.0
obstacle
0.0645090118051
372.0 152.0 66.0 28.0
obstacle
0.0642511472106
447.0 178.0 53.0 32.0
obstacle
0.063329398632
168.0 225.0 93.0 26.0
obstacle
0.0626313239336
339.0 179.0 52.0 35.0
obstacle
0.0621133744717
444.0 153.0 56.0 28.0
obstacle
0.0617655701935
361.0 127.0 87.0 30.0
obstacle
0.0617563389242
390.0 162.0 23.0 63.0
obstacle
0.0616029836237
395.0 200.0 16.0 32.0
obstacle
0.0591409094632
327.0 153.0 81.0 26.0
obstacle
0.0589081197977
6.0 136.0 25.0 64.0
obstacle
0.0557081997395
313.0 212.0 21.0 15.0
obstacle
0.0546307973564
209.0 154.0 85.0 26.0
obstacle
0.0544947274029
236.0 190.0 25.0 51.0
obstacle
0.0541835352778
84.0 169.0 21.0 42.0
obstacle
0.0536186620593
357.0 196.0 21.0 40.0
obstacle
0.0524594336748
137.0 151.0 74.0 32.0
obstacle
0.0524341799319
180.0 179.0 65.0 31.0
obstacle
0.0520295277238
0.0 202.0 71.0 26.0
obstacle
0.050581805408
199.0 198.0 178.0 80.0
obstacle
0.0492025613785
289.0 152.0 77.0 29.0
obstacle
0.0470439195633
269.0 202.0 198.0 73.0
obstacle
0.0462955310941
245.0 153.0 89.0 28.0
obstacle
0.0452648289502
286.0 225.0 77.0 26.0
obstacle
0.0451785251498
44.0 227.0 106.0 28.0
obstacle
0.0444394499063
296.0 24.0 65.0 29.0
obstacle
0.0442541763186
280.0 125.0 96.0 33.0
obstacle
0.0439296066761
0.0 124.0 65.0 37.0
obstacle
0.0434368513525
321.0 126.0 90.0 31.0
obstacle
0.0432220213115
109.0 178.0 285.0 82.0
obstacle
0.0425862185657
430.0 187.0 19.0 11.0
obstacle
0.0422108769417
0.0 135.0 115.0 69.0
obstacle
0.0420105867088
152.0 160.0 194.0 74.0
obstacle
0.0418820232153
9.0 201.0 101.0 22.0
obstacle
0.0418380796909
88.0 186.0 175.0 62.0
obstacle
0.0416645035148
444.0 0.0 56.0 28.0
obstacle
0.0411615520716
310.0 162.0 31.0 63.0
obstacle
0.0411007329822
469.0 210.0 26.0 16.0
obstacle
0.0410096272826
393.0 252.0 98.0 29.0
obstacle
0.0402979329228
360.0 0.0 87.0 30.0
obstacle
0.0402253381908
117.0 185.0 27.0 12.0
obstacle
0.0399627126753
329.0 22.0 73.0 32.0
obstacle
0.0391478873789
0.0 89.0 34.0 103.0
obstacle
0.0391270034015
88.0 227.0 90.0 29.0
obstacle
0.038153346628
159.0 208.0 30.0 18.0
obstacle
0.037613581866
244.0 179.0 82.0 30.0
obstacle
0.0375685356557
128.0 47.0 90.0 34.0
obstacle
0.0374560207129
27.0 130.0 63.0 29.0
obstacle
0.0373248010874
244.0 127.0 89.0 30.0
obstacle
0.0369485467672
117.0 131.0 33.0 72.0
obstacle
0.0364649705589
439.0 24.0 61.0 30.0
obstacle
0.0358623564243
0.0 99.0 63.0 33.0
obstacle
0.0357118882239
273.0 158.0 28.0 71.0
obstacle
0.0355314537883
0.0 181.0 133.0 60.0
obstacle
0.0353638939559
127.0 124.0 89.0 37.0
obstacle
0.0351830944419
213.0 22.0 74.0 32.0
obstacle
0.03510575369
250.0 21.0 78.0 34.0
obstacle
0.0347800590098
352.0 165.0 24.0 57.0
obstacle
0.0344770029187
342.0 207.0 158.0 63.0
obstacle
0.0344445109367
46.0 202.0 98.0 23.0
obstacle
0.0344210229814
96.0 154.0 70.0 28.0
obstacle
0.0343429706991
238.0 250.0 100.0 36.0
obstacle
0.0341144688427
39.0 102.0 37.0 80.0
obstacle
0.033734574914
116.0 157.0 30.0 71.0
obstacle
0.0336162000895
317.0 164.0 173.0 66.0
obstacle
0.0335405804217
46.0 159.0 165.0 69.0
obstacle
0.0329836048186
469.0 133.0 25.0 16.0
obstacle
0.0327883064747
159.0 158.0 28.0 15.0
obstacle
0.0327394939959
276.0 229.0 26.0 18.0
obstacle
0.0327239334583
349.0 208.0 32.0 66.0
obstacle
0.032595757395
442.0 277.0 58.0 32.0
obstacle
0.0324832834303
406.0 0.0 75.0 29.0
obstacle
0.0322096571326
244.0 46.0 91.0 36.0
obstacle
0.032114379108
466.0 163.0 29.0 58.0
obstacle
0.0320527777076
57.0 98.0 81.0 35.0
obstacle
0.031999129802
310.0 127.0 34.0 81.0
obstacle
0.0318636633456
295.0 180.0 63.0 25.0
obstacle
0.0317681953311
321.0 0.0 89.0 32.0
obstacle
0.0317363254726
283.0 46.0 91.0 35.0
obstacle
0.0316820703447
0.0 71.0 59.0 36.0
obstacle
0.0312236193568
0.0 0.0 60.0 31.0
obstacle
0.0310943778604
77.0 99.0 36.0 87.0
obstacle
0.0309493690729
197.0 159.0 32.0 14.0
obstacle
0.0309466999024
49.0 0.0 96.0 30.0
obstacle
0.0309432148933
464.0 187.0 34.0 58.0
obstacle
0.0308758467436
0.0 129.0 330.0 126.0
obstacle
0.0308412220329
355.0 255.0 96.0 25.0
obstacle
0.0306940060109
121.0 160.0 23.0 11.0
obstacle
0.0306312926114
135.0 201.0 160.0 75.0
obstacle
0.0306030791253
472.0 183.0 21.0 16.0
obstacle
0.0305149350315
232.0 156.0 30.0 76.0
obstacle
0.030413068831
175.0 23.0 73.0 30.0
obstacle
0.0304045900702
201.0 45.0 97.0 38.0
obstacle
0.030360231176
471.0 234.0 25.0 17.0
obstacle
0.0303536467254
81.0 162.0 25.0 10.0
obstacle
0.0303295236081
428.0 130.0 29.0 74.0
obstacle
0.0303224567324
94.0 127.0 82.0 33.0
obstacle
0.0302810948342
319.0 46.0 95.0 37.0
obstacle
0.0301907360554
132.0 23.0 84.0 30.0
obstacle
0.0301512237638
392.0 158.0 25.0 13.0
obstacle
0.0301499236375
388.0 129.0 32.0 76.0
obstacle
0.0300519391894
473.0 158.0 23.0 15.0
obstacle
0.0300505980849
313.0 252.0 111.0 31.0
obstacle
0.0300485529006
163.0 45.0 99.0 37.0
obstacle
0.0300327111036
342.0 102.0 158.0 78.0
obstacle
0.0299994125962
353.0 228.0 26.0 18.0
obstacle
0.029942760244
353.0 159.0 28.0 14.0
obstacle
0.0299320183694
315.0 158.0 26.0 13.0
obstacle
0.0297879502177
58.0 21.0 78.0 34.0
obstacle
0.0296984408051
386.0 134.0 34.0 15.0
obstacle
0.0296309683472
193.0 126.0 36.0 82.0
obstacle
0.0294132195413
85.0 0.0 98.0 32.0
obstacle
0.0293690767139
93.0 97.0 85.0 38.0
obstacle
0.029319697991
135.0 228.0 79.0 28.0
obstacle
0.0292993914336
204.0 127.0 93.0 30.0
obstacle
0.0290793441236
162.0 0.0 101.0 32.0
obstacle
0.0290686376393
128.0 251.0 91.0 35.0
obstacle
0.0290464442223
126.0 0.0 95.0 32.0
obstacle
0.0288986973464
345.0 124.0 39.0 86.0
obstacle
0.0288579519838
154.0 128.0 35.0 77.0
obstacle
0.0288277715445
402.0 23.0 86.0 31.0
obstacle
0.0287896990776
171.0 124.0 81.0 35.0
obstacle
0.0286791119725
201.0 191.0 22.0 50.0
obstacle
0.0285076275468
195.0 306.0 111.0 27.0
obstacle
0.028456190601
15.0 22.0 88.0 33.0
obstacle
0.0284217894077
439.0 46.0 61.0 37.0
obstacle
0.0282572936267
358.0 99.0 91.0 35.0
obstacle
0.0282470416278
54.0 45.0 85.0 37.0
obstacle
0.0282261241227
0.0 95.0 112.0 92.0
obstacle
0.0282010044903
89.0 45.0 91.0 38.0
obstacle
0.0280927270651
46.0 74.0 101.0 32.0
obstacle
0.0280597656965
314.0 192.0 24.0 51.0
obstacle
0.0279236864299
0.0 107.0 31.0 16.0
obstacle
0.0278507806361
0.0 49.0 59.0 31.0
obstacle
0.0278304126114
276.0 189.0 22.0 54.0
obstacle
0.0277553275228
465.0 134.0 32.0 66.0
obstacle
0.0276395473629
431.0 160.0 23.0 13.0
obstacle
0.0275901500136
116.0 98.0 37.0 86.0
obstacle
0.027587339282
425.0 134.0 32.0 15.0
obstacle
0.027513993904
0.0 21.0 60.0 34.0
obstacle
0.0273213237524
161.0 131.0 330.0 124.0
obstacle
0.0272528529167
203.0 252.0 98.0 31.0
obstacle
0.0272424351424
470.0 259.0 27.0 17.0
obstacle
0.0272197518498
13.0 73.0 90.0 34.0
obstacle
0.0271433759481
144.0 181.0 58.0 26.0
obstacle
0.0267267487943
230.0 123.0 39.0 89.0
obstacle
0.0264909621328
66.0 129.0 60.0 32.0
obstacle
0.026153948158
356.0 24.0 95.0 29.0
obstacle
0.0261335168034
88.0 72.0 96.0 35.0
obstacle
0.0260820090771
127.0 98.0 92.0 34.0
obstacle
0.0258882790804
167.0 251.0 94.0 35.0
obstacle
0.0257301796228
444.0 100.0 56.0 31.0
obstacle
0.0257002729923
391.0 229.0 26.0 17.0
obstacle
0.02567923069
403.0 45.0 80.0 38.0
obstacle
0.0255221948028
0.0 179.0 37.0 78.0
obstacle
0.0255044642836
349.0 306.0 113.0 27.0
obstacle
0.0254726652056
237.0 159.0 27.0 13.0
obstacle
0.0253713745624
13.0 0.0 92.0 31.0
obstacle
0.025271223858
3.0 304.0 113.0 29.0
obstacle
0.0252338834107
398.0 71.0 91.0 37.0
obstacle
0.0249706953764
439.0 74.0 61.0 31.0
obstacle
0.0249094441533
431.0 233.0 23.0 15.0
obstacle
0.0248510539532
6.0 161.0 20.0 12.0
obstacle
0.0248502530158
199.0 154.0 25.0 76.0
obstacle
0.0247121863067
437.0 307.0 63.0 26.0
obstacle
0.0246763788164
240.0 214.0 171.0 54.0
obstacle
0.0245971940458
198.0 0.0 104.0 32.0
obstacle
0.02459192276
1.0 134.0 30.0 16.0
obstacle
0.024423096329
277.0 159.0 25.0 13.0
obstacle
0.0242495238781
361.0 47.0 86.0 35.0
obstacle
0.0240615196526
95.0 22.0 80.0 32.0
obstacle
0.0240028407425
14.0 47.0 92.0 35.0
obstacle
0.0239658225328
20.0 100.0 75.0 31.0
obstacle
0.0238967947662
16.0 76.0 316.0 130.0
obstacle
0.0238771624863
158.0 305.0 112.0 28.0
obstacle
0.023857999593
314.0 185.0 25.0 13.0
obstacle
0.0235482249409
347.0 134.0 36.0 15.0
obstacle
0.0233984831721
287.0 93.0 213.0 147.0
obstacle
0.023379644379
0.0 256.0 62.0 26.0
obstacle
0.0233627967536
270.0 121.0 37.0 92.0
obstacle
0.023303437978
119.0 134.0 32.0 14.0
obstacle
0.0233021210879
403.0 99.0 82.0 35.0
obstacle
0.0232264660299
273.0 250.0 106.0 33.0
obstacle
0.0228286124766
463.0 97.0 34.0 87.0
obstacle
0.0224914159626
232.0 306.0 112.0 27.0
obstacle
0.0224729031324
354.0 281.0 102.0 26.0
obstacle
0.0224591940641
112.0 125.0 200.0 84.0
obstacle
0.0224163457751
362.0 72.0 86.0 34.0
obstacle
0.0224120132625
95.0 202.0 78.0 26.0
obstacle
0.0223525296897
404.0 279.0 81.0 28.0
obstacle
0.0223220214248
154.0 230.0 34.0 79.0
obstacle
0.0221161954105
155.0 133.0 35.0 16.0
obstacle
0.0219143405557
45.0 137.0 26.0 12.0
obstacle
0.0218988917768
88.0 92.0 325.0 152.0
obstacle
0.0218693166971
237.0 0.0 104.0 32.0
obstacle
0.0218305662274
204.0 72.0 94.0 35.0
obstacle
0.0216685272753
395.0 188.0 19.0 12.0
obstacle
0.0215871613473
391.0 221.0 109.0 94.0
obstacle
0.0215389691293
234.0 0.0 266.0 134.0
obstacle
0.0214740596712
42.0 0.0 340.0 81.0
obstacle
0.0214469693601
275.0 97.0 103.0 38.0
obstacle
0.0212859753519
275.0 95.0 182.0 92.0
obstacle
0.0212717652321
268.0 208.0 35.0 68.0
obstacle
0.0212635342032
82.0 251.0 105.0 31.0
obstacle
0.0212169326842
0.0 281.0 60.0 27.0
obstacle
0.0211088489741
309.0 134.0 35.0 16.0
obstacle
0.021104414016
286.0 74.0 85.0 32.0
obstacle
0.0210001803935
5.0 208.0 25.0 14.0
obstacle
0.0209924709052
177.0 80.0 303.0 124.0
obstacle
0.0209907144308
117.0 306.0 116.0 27.0
obstacle
0.0207886658609
47.0 253.0 99.0 27.0
obstacle
0.0206841398031
470.0 285.0 28.0 17.0
obstacle
0.0205594189465
0.0 228.0 70.0 27.0
obstacle
0.0204679183662
76.0 305.0 117.0 28.0
obstacle
0.0204131938517
242.0 71.0 97.0 35.0
obstacle
0.0203038454056
269.0 0.0 39.0 83.0
obstacle
0.0202661789954
266.0 304.0 125.0 29.0
obstacle
0.0202413480729
318.0 0.0 173.0 64.0
obstacle
0.0202127490193
124.0 0.0 176.0 61.0
obstacle
0.0202121920884
131.0 72.0 86.0 34.0
obstacle
0.0201772116125
355.0 186.0 22.0 13.0
obstacle
0.0200801808387
309.0 306.0 115.0 27.0
obstacle
0.0199130997062
280.0 0.0 97.0 31.0
obstacle
0.0198610015213
311.0 98.0 109.0 36.0
obstacle
0.0197458062321
74.0 100.0 197.0 82.0
obstacle
0.0196457058191
221.0 174.0 279.0 91.0
obstacle
0.019612479955
158.0 184.0 26.0 13.0
obstacle
0.0195740181953
464.0 229.0 35.0 80.0
obstacle
0.0193617623299
396.0 122.0 104.0 88.0
obstacle
0.0191842392087
171.0 74.0 85.0 31.0
obstacle
0.0191713180393
0.0 0.0 157.0 62.0
obstacle
0.0191541239619
26.0 173.0 376.0 136.0
obstacle
0.0191069878638
34.0 133.0 197.0 71.0
obstacle
0.01897065714
31.0 202.0 131.0 81.0
obstacle
0.0188880544156
163.0 97.0 99.0 37.0
obstacle
0.0187553856522
195.0 18.0 189.0 92.0
obstacle
0.0186384450644
173.0 258.0 313.0 75.0
obstacle
0.0185946952552
462.0 0.0 33.0 89.0
obstacle
0.0185144692659
9.0 251.0 101.0 33.0
obstacle
0.0184531006962
279.0 187.0 21.0 13.0
obstacle
0.0180747434497
316.0 278.0 100.0 31.0
obstacle
0.0179407671094
347.0 70.0 35.0 92.0
obstacle
0.0178533438593
158.0 154.0 28.0 78.0
obstacle
0.0178509857506
466.0 256.0 32.0 77.0
obstacle
0.0178262870759
0.0 0.0 37.0 52.0
obstacle
0.0178194921464
323.0 72.0 87.0 35.0
obstacle
0.0177982244641
403.0 154.0 97.0 78.0
obstacle
0.0177295468748
195.0 0.0 189.0 60.0
obstacle
0.0176654681563
152.0 0.0 40.0 61.0
obstacle
0.0176154077053
345.0 0.0 37.0 81.0
obstacle
0.0176035314798
352.0 30.0 26.0 18.0
