obstacle
0.760282278061
232.0 135.0 111.0 72.0
obstacle
0.541480243206
201.0 140.0 114.0 59.0
obstacle
0.486916989088
261.0 157.0 116.0 62.0
obstacle
0.312458693981
219.0 147.0 78.0 42.0
obstacle
0.188195630908
0.0 76.0 52.0 28.0
obstacle
0.127059593797
6.0 64.0 27.0 51.0
obstacle
0.126391962171
19.0 79.0 65.0 26.0
obstacle
0.108533978462
118.0 126.0 270.0 87.0
obstacle
0.102831974626
0.0 50.0 132.0 79.0
obstacle
0.10095359385
10.0 82.0 17.0 16.0
obstacle
0.0991025790572
236.0 159.0 29.0 17.0
obstacle
0.0907594785094
2.0 31.0 32.0 69.0
obstacle
0.089982368052
292.0 154.0 59.0 35.0
obstacle
0.0874148532748
43.0 60.0 27.0 57.0
obstacle
0.0778759792447
187.0 152.0 73.0 30.0
obstacle
0.0777749940753
318.0 139.0 18.0 12.0
obstacle
0.0752884149551
249.0 194.0 91.0 35.0
obstacle
0.0701418220997
244.0 176.0 159.0 70.0
obstacle
0.0698232129216
216.0 110.0 144.0 76.0
obstacle
0.069718144834
179.0 150.0 299.0 80.0
obstacle
0.0637480095029
12.0 99.0 87.0 27.0
obstacle
0.0630842745304
0.0 102.0 61.0 22.0
obstacle
0.0617807097733
310.0 112.0 29.0 62.0
obstacle
0.0610027462244
44.0 84.0 22.0 15.0
obstacle
0.0602878965437
42.0 21.0 30.0 88.0
obstacle
0.0601508431137
275.0 142.0 23.0 47.0
obstacle
0.0585827603936
313.0 182.0 28.0 20.0
obstacle
0.0571623705328
281.0 196.0 75.0 29.0
obstacle
0.0527641661465
310.0 169.0 32.0 42.0
obstacle
0.0523836389184
237.0 136.0 26.0 61.0
obstacle
0.0517867729068
213.0 168.0 93.0 33.0
obstacle
0.0491946078837
197.0 161.0 28.0 15.0
obstacle
0.0489970780909
303.0 129.0 50.0 35.0
obstacle
0.0478996001184
327.0 104.0 79.0 26.0
obstacle
0.0478650555015
207.0 101.0 87.0 29.0
obstacle
0.0463311262429
0.0 50.0 52.0 37.0
obstacle
0.045144546777
13.0 124.0 89.0 28.0
obstacle
0.0443028919399
55.0 125.0 84.0 29.0
obstacle
0.0435135029256
264.0 129.0 54.0 36.0
obstacle
0.043189868331
311.0 146.0 28.0 40.0
obstacle
0.041794270277
54.0 78.0 74.0 27.0
obstacle
0.0415907427669
12.0 304.0 99.0 29.0
obstacle
0.0412478074431
0.0 0.0 36.0 82.0
obstacle
0.0406777523458
0.0 126.0 57.0 25.0
obstacle
0.0404980666935
58.0 104.0 71.0 25.0
obstacle
0.0397823788226
0.0 13.0 94.0 106.0
obstacle
0.0395279452205
278.0 157.0 20.0 18.0
obstacle
0.039445348084
437.0 100.0 63.0 29.0
obstacle
0.0385915338993
96.0 126.0 77.0 30.0
obstacle
0.0385391786695
250.0 104.0 81.0 26.0
obstacle
0.0383019894361
329.0 129.0 66.0 33.0
obstacle
0.038125090301
272.0 169.0 36.0 41.0
obstacle
0.0380413047969
319.0 175.0 68.0 27.0
obstacle
0.0371623635292
129.0 99.0 86.0 32.0
obstacle
0.0371000729501
166.0 100.0 89.0 30.0
obstacle
0.0365155041218
271.0 111.0 30.0 67.0
obstacle
0.0351192355156
0.0 24.0 191.0 134.0
obstacle
0.0347823873162
0.0 68.0 97.0 89.0
obstacle
0.0346423014998
210.0 75.0 84.0 31.0
obstacle
0.0345316976309
82.0 83.0 27.0 16.0
obstacle
0.0344453603029
433.0 0.0 67.0 30.0
obstacle
0.0343642421067
2.0 87.0 33.0 56.0
obstacle
0.0342053323984
8.0 106.0 17.0 14.0
obstacle
0.0336906760931
441.0 123.0 59.0 35.0
obstacle
0.0330593213439
280.0 180.0 22.0 23.0
obstacle
0.0329740643501
361.0 102.0 86.0 29.0
obstacle
0.0329413488507
437.0 23.0 63.0 30.0
obstacle
0.0326664224267
314.0 206.0 24.0 17.0
obstacle
0.0325930528343
227.0 128.0 52.0 33.0
obstacle
0.032501552254
56.0 150.0 83.0 32.0
obstacle
0.0322480499744
289.0 104.0 77.0 29.0
obstacle
0.0317357741296
45.0 307.0 103.0 26.0
obstacle
0.0312611535192
314.0 110.0 25.0 13.0
obstacle
0.0309369377792
347.0 99.0 34.0 86.0
obstacle
0.0305778309703
171.0 75.0 84.0 31.0
obstacle
0.0302698351443
285.0 75.0 85.0 32.0
obstacle
0.030164455995
92.0 150.0 87.0 31.0
obstacle
0.030130604282
438.0 149.0 62.0 33.0
obstacle
0.0300400443375
83.0 307.0 107.0 26.0
obstacle
0.0300083309412
248.0 76.0 84.0 30.0
obstacle
0.0299318563193
134.0 74.0 81.0 33.0
obstacle
0.0298028327525
425.0 306.0 75.0 27.0
obstacle
0.0296927597374
438.0 201.0 62.0 31.0
obstacle
0.0296832863241
79.0 14.0 31.0 101.0
obstacle
0.0295959096402
435.0 175.0 65.0 34.0
obstacle
0.0291463751346
94.0 101.0 77.0 29.0
obstacle
0.0290861260146
273.0 130.0 167.0 79.0
obstacle
0.028926923871
0.0 305.0 64.0 28.0
obstacle
0.0289024449885
6.0 58.0 19.0 13.0
obstacle
0.028816729784
0.0 227.0 58.0 32.0
obstacle
0.0284725967795
370.0 125.0 70.0 33.0
obstacle
0.0284410305321
440.0 253.0 60.0 30.0
obstacle
0.0282206721604
131.0 21.0 84.0 34.0
obstacle
0.0281572826207
439.0 228.0 61.0 29.0
obstacle
0.0281186439097
211.0 123.0 289.0 140.0
obstacle
0.0279541965574
29.0 52.0 56.0 34.0
obstacle
0.0277532376349
169.0 21.0 85.0 33.0
obstacle
0.0276956185699
0.0 202.0 59.0 31.0
obstacle
0.0276484508067
0.0 0.0 55.0 30.0
obstacle
0.0275177899748
208.0 21.0 83.0 33.0
obstacle
0.0274086780846
0.0 0.0 254.0 110.0
obstacle
0.027040945366
94.0 76.0 78.0 30.0
obstacle
0.0269083492458
149.0 72.0 203.0 90.0
obstacle
0.0267448741943
0.0 279.0 58.0 31.0
obstacle
0.0267314128578
237.0 108.0 28.0 14.0
obstacle
0.0265874993056
0.0 151.0 57.0 30.0
obstacle
0.0265193171799
92.0 21.0 84.0 35.0
obstacle
0.0264827124774
405.0 123.0 78.0 36.0
obstacle
0.0264717582613
245.0 21.0 86.0 33.0
obstacle
0.0263649597764
388.0 133.0 33.0 14.0
obstacle
0.0262675359845
200.0 139.0 25.0 55.0
obstacle
0.0262421555817
323.0 75.0 86.0 32.0
obstacle
0.0260718744248
441.0 74.0 59.0 30.0
obstacle
0.0257828272879
19.0 132.0 393.0 112.0
obstacle
0.0257616955787
0.0 178.0 57.0 29.0
obstacle
0.0257512032986
130.0 203.0 90.0 31.0
obstacle
0.0257268883288
0.0 253.0 60.0 32.0
obstacle
0.0256227180362
0.0 22.0 54.0 32.0
obstacle
0.0251144953072
285.0 21.0 83.0 33.0
obstacle
0.0250644888729
348.0 144.0 25.0 47.0
obstacle
0.0250361897051
165.0 229.0 94.0 27.0
obstacle
0.0247500985861
353.0 307.0 106.0 26.0
obstacle
0.0246658865362
54.0 0.0 85.0 28.0
obstacle
0.0245294477791
56.0 20.0 75.0 39.0
obstacle
0.0243479516357
133.0 124.0 78.0 32.0
obstacle
0.0242944173515
333.0 156.0 41.0 28.0
obstacle
0.024095878005
138.0 72.0 362.0 144.0
obstacle
0.0239965934306
307.0 73.0 36.0 85.0
obstacle
0.0239934362471
88.0 201.0 95.0 35.0
obstacle
0.0239412337542
192.0 305.0 121.0 28.0
obstacle
0.0238828826696
351.0 109.0 29.0 13.0
obstacle
0.0238709822297
381.0 105.0 44.0 73.0
obstacle
0.0238573923707
17.0 0.0 84.0 31.0
obstacle
0.0236564427614
355.0 174.0 90.0 36.0
obstacle
0.023621302098
15.0 149.0 88.0 32.0
obstacle
0.0233967043459
204.0 201.0 102.0 29.0
obstacle
0.0233366582543
21.0 23.0 71.0 33.0
obstacle
0.0232484824955
323.0 202.0 73.0 26.0
obstacle
0.0232071708888
277.0 109.0 25.0 13.0
obstacle
0.0231633652002
90.0 0.0 91.0 29.0
obstacle
0.0231022406369
404.0 149.0 77.0 34.0
obstacle
0.0230904370546
361.0 74.0 86.0 32.0
obstacle
0.0229775346816
351.0 134.0 26.0 13.0
obstacle
0.0229749809951
353.0 182.0 21.0 14.0
obstacle
0.0228359755129
5.0 32.0 23.0 13.0
obstacle
0.02282208018
231.0 74.0 191.0 87.0
obstacle
0.022778050974
239.0 279.0 100.0 31.0
obstacle
0.0226671118289
323.0 21.0 84.0 32.0
obstacle
0.0225849132985
12.0 226.0 94.0 33.0
obstacle
0.022574974224
278.0 204.0 28.0 21.0
obstacle
0.0222009643912
128.0 305.0 94.0 28.0
obstacle
0.0220383387059
54.0 202.0 87.0 32.0
obstacle
0.0219630915672
125.0 0.0 97.0 29.0
obstacle
0.0218937639147
164.0 306.0 98.0 27.0
obstacle
0.0218541361392
224.0 45.0 206.0 90.0
obstacle
0.0218370426446
319.0 158.0 14.0 16.0
obstacle
0.0217064041644
198.0 107.0 27.0 13.0
obstacle
0.0216755717993
399.0 99.0 91.0 31.0
obstacle
0.0216679573059
80.0 174.0 110.0 34.0
obstacle
0.0216124951839
42.0 88.0 32.0 53.0
obstacle
0.021580144763
258.0 42.0 242.0 149.0
obstacle
0.021501712501
52.0 176.0 90.0 31.0
obstacle
0.0213993862271
200.0 278.0 101.0 32.0
obstacle
0.0213532280177
165.0 0.0 94.0 29.0
obstacle
0.0213358160108
180.0 127.0 64.0 27.0
obstacle
0.0212976001203
440.0 47.0 60.0 32.0
obstacle
0.0211900286376
44.0 107.0 24.0 15.0
obstacle
0.0211044419557
391.0 158.0 29.0 14.0
obstacle
0.0210857205093
201.0 0.0 98.0 28.0
obstacle
0.0210723690689
240.0 0.0 97.0 29.0
obstacle
0.0210367757827
132.0 148.0 86.0 33.0
obstacle
0.0209378935397
3.0 132.0 23.0 14.0
obstacle
0.0209318511188
383.0 136.0 39.0 62.0
obstacle
0.0208245906979
132.0 228.0 82.0 26.0
obstacle
0.02080819197
235.0 112.0 28.0 63.0
obstacle
0.020748488605
292.0 96.0 141.0 96.0
obstacle
0.020629785955
319.0 0.0 94.0 29.0
obstacle
0.0206105578691
0.0 96.0 156.0 87.0
obstacle
0.0204986203462
398.0 224.0 90.0 38.0
obstacle
0.0204438231885
12.0 174.0 96.0 34.0
obstacle
0.0203589871526
87.0 226.0 97.0 33.0
obstacle
0.0203349068761
13.0 201.0 94.0 33.0
obstacle
0.020289581269
280.0 0.0 95.0 29.0
obstacle
0.0202026739717
54.0 252.0 87.0 32.0
obstacle
0.0201023928821
396.0 254.0 95.0 28.0
obstacle
0.0200704354793
228.0 68.0 41.0 96.0
obstacle
0.020070258528
9.0 117.0 175.0 98.0
obstacle
0.0199907831848
158.0 106.0 28.0 14.0
obstacle
0.0198987666517
400.0 173.0 84.0 39.0
obstacle
0.0198910757899
53.0 227.0 89.0 30.0
obstacle
0.0198891572654
112.0 0.0 43.0 82.0
obstacle
0.0198178328574
233.0 304.0 115.0 29.0
obstacle
0.0196566078812
93.0 0.0 313.0 108.0
obstacle
0.0195616018027
359.0 0.0 91.0 28.0
obstacle
0.0195328369737
276.0 135.0 26.0 13.0
obstacle
0.019441422075
266.0 71.0 45.0 90.0
obstacle
0.019409853965
400.0 200.0 86.0 34.0
obstacle
0.0192995388061
353.0 254.0 99.0 30.0
obstacle
0.0192779432982
48.0 60.0 21.0 14.0
obstacle
0.0191914048046
389.0 182.0 32.0 17.0
obstacle
0.0191518142819
355.0 227.0 95.0 32.0
obstacle
0.0191462635994
39.0 100.0 35.0 83.0
obstacle
0.0191040094942
201.0 176.0 299.0 131.0
obstacle
0.0190226510167
184.0 174.0 68.0 27.0
obstacle
0.0189892407507
81.0 131.0 32.0 18.0
obstacle
0.0189258847386
40.0 131.0 34.0 18.0
obstacle
0.0188584793359
180.0 177.0 152.0 74.0
obstacle
0.0188058912754
163.0 278.0 99.0 33.0
obstacle
0.0187677554786
402.0 73.0 85.0 35.0
obstacle
0.018723487854
116.0 98.0 36.0 87.0
obstacle
0.018700344488
361.0 21.0 84.0 32.0
obstacle
0.0185944028199
229.0 0.0 41.0 84.0
obstacle
0.0185802076012
38.0 273.0 39.0 60.0
obstacle
0.0185379330069
190.0 0.0 41.0 86.0
obstacle
0.018532609567
12.0 252.0 96.0 33.0
obstacle
0.0185306388885
116.0 132.0 37.0 17.0
obstacle
0.0185199510306
118.0 83.0 31.0 14.0
obstacle
0.0185095425695
130.0 46.0 88.0 37.0
obstacle
0.0184891503304
0.0 273.0 145.0 60.0
obstacle
0.0184485763311
469.0 313.0 27.0 16.0
obstacle
0.0183779802173
12.0 67.0 14.0 44.0
obstacle
0.018364617601
390.0 107.0 29.0 16.0
obstacle
0.0183138363063
352.0 161.0 16.0 11.0
obstacle
0.018295513466
1.0 257.0 32.0 76.0
obstacle
0.0182385705411
153.0 0.0 39.0 82.0
obstacle
0.0182171668857
370.0 152.0 63.0 31.0
obstacle
0.0182161442935
38.0 0.0 37.0 59.0
obstacle
0.0182138774544
268.0 0.0 40.0 85.0
obstacle
0.0180898867548
1.0 102.0 32.0 80.0
obstacle
0.017969686538
73.0 67.0 200.0 96.0
obstacle
0.0179213900119
129.0 252.0 91.0 32.0
obstacle
0.0178952664137
404.0 19.0 80.0 37.0
obstacle
0.0178945995867
52.0 47.0 85.0 39.0
obstacle
0.0178370401263
276.0 305.0 105.0 28.0
obstacle
0.0178134534508
317.0 305.0 101.0 28.0
obstacle
0.0176486615092
78.0 101.0 36.0 81.0
obstacle
0.0175613686442
280.0 46.0 94.0 37.0
obstacle
0.0174687430263
165.0 252.0 96.0 33.0
obstacle
0.0174635536969
316.0 226.0 91.0 32.0
obstacle
0.0174383614212
311.0 81.0 29.0 18.0
obstacle
0.0174156837165
159.0 210.0 31.0 18.0
obstacle
0.0173945054412
42.0 310.0 30.0 21.0
obstacle
0.0173788666725
313.0 178.0 26.0 73.0
obstacle
0.0173414237797
94.0 47.0 80.0 37.0
obstacle
0.0173305068165
131.0 110.0 164.0 66.0
obstacle
0.0173300597817
1.0 205.0 34.0 77.0
obstacle
0.0172936860472
154.0 177.0 34.0 82.0
obstacle
0.0172115266323
148.0 245.0 205.0 88.0
obstacle
0.0171717256308
306.0 0.0 40.0 85.0
obstacle
0.0171088762581
82.0 58.0 28.0 15.0
obstacle
0.0170803461224
156.0 132.0 33.0 15.0
obstacle
0.017070658505
85.0 171.0 182.0 92.0
obstacle
0.0170430000871
468.0 184.0 30.0 17.0
obstacle
0.0170128066093
349.0 165.0 24.0 52.0
obstacle
0.0169990248978
156.0 124.0 29.0 86.0
obstacle
0.0169913824648
42.0 32.0 28.0 14.0
obstacle
0.016902429983
359.0 278.0 93.0 32.0
obstacle
0.0168787632138
0.0 151.0 34.0 83.0
obstacle
0.016861975193
441.0 278.0 59.0 32.0
obstacle
0.0168190598488
249.0 228.0 86.0 29.0
obstacle
0.0168188232929
276.0 278.0 103.0 32.0
obstacle
0.0167783815414
0.0 0.0 145.0 65.0
obstacle
0.0165815260261
425.0 271.0 35.0 62.0
obstacle
0.0165591035038
0.0 251.0 289.0 82.0
obstacle
0.0165479313582
472.0 107.0 22.0 15.0
obstacle
0.0165340248495
125.0 173.0 99.0 34.0
obstacle
0.0165207404643
359.0 270.0 141.0 63.0
obstacle
0.0164709184319
244.0 46.0 89.0 37.0
obstacle
0.0164001006633
206.0 0.0 294.0 110.0
obstacle
0.0163074284792
364.0 203.0 74.0 28.0
obstacle
0.0162913184613
89.0 253.0 93.0 31.0
obstacle
0.0162730924785
164.0 203.0 98.0 28.0
obstacle
0.01626701653
2.0 126.0 29.0 83.0
obstacle
0.0162498429418
156.0 82.0 31.0 16.0
obstacle
0.0162358302623
281.0 227.0 87.0 30.0
obstacle
0.016203397885
87.0 107.0 25.0 14.0
obstacle
0.0161700807512
57.0 83.0 311.0 119.0
obstacle
0.0161186158657
117.0 157.0 34.0 16.0
obstacle
0.0160354077816
242.0 252.0 93.0 34.0
obstacle
0.0160295199603
427.0 157.0 32.0 16.0
obstacle
0.0160084981471
468.0 208.0 28.0 18.0
obstacle
0.016000142321
161.0 200.0 185.0 82.0
obstacle
0.015999827534
115.0 173.0 38.0 90.0
obstacle
0.0159994270653
78.0 273.0 35.0 60.0
obstacle
0.0159685816616
80.0 157.0 32.0 18.0
obstacle
0.015963844955
315.0 100.0 185.0 132.0
obstacle
0.0158921871334
116.0 44.0 193.0 91.0
obstacle
0.0158905908465
240.0 135.0 25.0 13.0
obstacle
0.0158780328929
154.0 158.0 33.0 14.0
obstacle
0.0158623885363
460.0 144.0 40.0 98.0
obstacle
0.0157848652452
0.0 182.0 33.0 72.0
obstacle
0.0157421734184
169.0 47.0 88.0 35.0
obstacle
0.0156633239239
387.0 76.0 32.0 78.0
obstacle
0.0156374387443
423.0 148.0 39.0 90.0
obstacle
0.015629241243
261.0 195.0 203.0 93.0
obstacle
0.0156015874818
198.0 107.0 24.0 71.0
obstacle
0.0154743716121
207.0 46.0 87.0 37.0
obstacle
0.0154345249757
461.0 271.0 37.0 62.0
obstacle
0.0154191823676
234.0 82.0 31.0 17.0
obstacle
0.0153887225315
462.0 95.0 38.0 94.0
