obstacle
0.80429059267
113.0 143.0 270.0 92.0
obstacle
0.687797963619
9.0 36.0 98.0 22.0
obstacle
0.397735804319
0.0 28.0 62.0 22.0
obstacle
0.317431479692
1.0 21.0 116.0 41.0
obstacle
0.266561865807
16.0 119.0 324.0 103.0
obstacle
0.248880490661
483.0 61.0 11.0 14.0
obstacle
0.21797324717
7.0 32.0 24.0 14.0
obstacle
0.198061943054
62.0 46.0 53.0 16.0
obstacle
0.187853828073
27.0 43.0 71.0 21.0
obstacle
0.167673930526
205.0 180.0 167.0 63.0
obstacle
0.125978574157
469.0 57.0 28.0 21.0
obstacle
0.122133210301
420.0 52.0 58.0 26.0
obstacle
0.12108477205
149.0 170.0 278.0 82.0
obstacle
0.105006136
41.0 38.0 28.0 13.0
obstacle
0.0950829610229
476.0 47.0 13.0 31.0
obstacle
0.0934722945094
477.0 77.0 17.0 15.0
obstacle
0.0916301086545
149.0 132.0 201.0 78.0
obstacle
0.0906463041902
415.0 28.0 62.0 24.0
obstacle
0.0884920805693
178.0 130.0 57.0 33.0
obstacle
0.0822959467769
450.0 25.0 50.0 33.0
obstacle
0.0786437764764
458.0 71.0 40.0 27.0
obstacle
0.0778850018978
93.0 149.0 175.0 83.0
obstacle
0.075590223074
81.0 40.0 21.0 12.0
obstacle
0.0744209587574
0.0 44.0 65.0 31.0
obstacle
0.0678642317653
87.0 31.0 77.0 24.0
obstacle
0.06699205935
290.0 153.0 71.0 35.0
obstacle
0.0658475086093
368.0 23.0 74.0 30.0
obstacle
0.0646824017167
415.0 76.0 63.0 26.0
obstacle
0.062296513468
0.0 33.0 130.0 47.0
obstacle
0.0597860850394
468.0 6.0 23.0 68.0
obstacle
0.0595933794975
291.0 176.0 64.0 34.0
obstacle
0.0591667257249
0.0 1.0 47.0 30.0
obstacle
0.0583271123469
98.0 47.0 62.0 25.0
obstacle
0.0576343499124
88.0 153.0 98.0 31.0
obstacle
0.0569517761469
10.0 160.0 333.0 101.0
obstacle
0.0561186745763
429.0 15.0 27.0 48.0
obstacle
0.0556014552712
60.0 0.0 68.0 29.0
obstacle
0.0555934756994
157.0 116.0 333.0 112.0
obstacle
0.0550474859774
28.0 2.0 60.0 28.0
obstacle
0.0523412190378
143.0 105.0 134.0 83.0
obstacle
0.0520176179707
84.0 49.0 19.0 14.0
obstacle
0.0519293136895
118.0 180.0 196.0 64.0
obstacle
0.0502964481711
5.0 0.0 25.0 44.0
obstacle
0.0496905744076
386.0 28.0 35.0 18.0
obstacle
0.0495450571179
440.0 0.0 60.0 31.0
obstacle
0.0494543835521
433.0 45.0 17.0 40.0
obstacle
0.048792693764
475.0 34.0 19.0 16.0
obstacle
0.0485697835684
431.0 34.0 22.0 14.0
obstacle
0.0478305891156
471.0 62.0 21.0 51.0
obstacle
0.0473834127188
247.0 164.0 148.0 60.0
obstacle
0.0473636724055
190.0 105.0 36.0 72.0
obstacle
0.0472797714174
279.0 199.0 88.0 29.0
obstacle
0.046219393611
323.0 22.0 89.0 32.0
obstacle
0.0461913235486
119.0 130.0 28.0 75.0
obstacle
0.0456003956497
56.0 176.0 84.0 29.0
obstacle
0.045177064836
170.0 0.0 84.0 27.0
obstacle
0.0451611094177
210.0 0.0 79.0 28.0
obstacle
0.0451607108116
55.0 133.0 167.0 70.0
obstacle
0.0449316464365
467.0 75.0 30.0 80.0
obstacle
0.0442508868873
193.0 136.0 28.0 16.0
obstacle
0.0441882424057
125.0 0.0 96.0 29.0
obstacle
0.0440765731037
151.0 131.0 49.0 24.0
obstacle
0.0440077073872
430.0 59.0 27.0 60.0
obstacle
0.0437975339592
410.0 101.0 73.0 30.0
obstacle
0.0435727089643
385.0 4.0 33.0 71.0
obstacle
0.0426524989307
373.0 31.0 127.0 66.0
obstacle
0.0415053069592
403.0 128.0 82.0 29.0
obstacle
0.0413884036243
10.0 16.0 18.0 45.0
obstacle
0.0413817800581
352.0 50.0 148.0 72.0
obstacle
0.040651537478
437.0 57.0 15.0 15.0
obstacle
0.0400810949504
167.0 25.0 90.0 27.0
obstacle
0.040076173842
81.0 179.0 114.0 28.0
obstacle
0.0396102666855
372.0 127.0 67.0 28.0
obstacle
0.0392680801451
205.0 22.0 92.0 33.0
obstacle
0.0386427752674
426.0 72.0 33.0 88.0
obstacle
0.0382287092507
279.0 21.0 95.0 33.0
obstacle
0.0380488522351
14.0 145.0 170.0 94.0
obstacle
0.0380364581943
158.0 135.0 26.0 14.0
obstacle
0.0372564345598
0.0 125.0 62.0 31.0
obstacle
0.0371714048088
0.0 305.0 69.0 28.0
obstacle
0.0366772823036
155.0 136.0 31.0 66.0
obstacle
0.036492947489
287.0 98.0 79.0 33.0
obstacle
0.0364117696881
91.0 0.0 83.0 30.0
obstacle
0.0360222309828
394.0 54.0 25.0 16.0
obstacle
0.0357526838779
0.0 201.0 65.0 32.0
obstacle
0.0357167050242
327.0 151.0 63.0 37.0
obstacle
0.0356360301375
54.0 74.0 85.0 28.0
obstacle
0.0356260500848
0.0 102.0 63.0 28.0
obstacle
0.0355095155537
372.0 50.0 70.0 26.0
obstacle
0.0351725183427
78.0 0.0 31.0 52.0
obstacle
0.0349285677075
136.0 49.0 76.0 30.0
obstacle
0.0346121229231
253.0 0.0 247.0 106.0
obstacle
0.0346036031842
17.0 75.0 85.0 25.0
obstacle
0.0344836451113
0.0 72.0 63.0 32.0
obstacle
0.0342460162938
405.0 0.0 80.0 28.0
obstacle
0.0342286117375
366.0 153.0 75.0 30.0
obstacle
0.0336438603699
130.0 24.0 82.0 30.0
obstacle
0.0335356704891
323.0 176.0 69.0 32.0
obstacle
0.0332270599902
0.0 176.0 62.0 34.0
obstacle
0.0330072902143
242.0 0.0 94.0 27.0
obstacle
0.0329963043332
278.0 47.0 100.0 33.0
obstacle
0.0329375080764
471.0 105.0 27.0 18.0
obstacle
0.032712738961
60.0 154.0 84.0 29.0
obstacle
0.0325478874147
368.0 73.0 79.0 30.0
obstacle
0.0323421172798
157.0 111.0 32.0 62.0
obstacle
0.0323380790651
0.0 227.0 68.0 32.0
obstacle
0.0322936102748
14.0 178.0 93.0 29.0
obstacle
0.0320910364389
0.0 0.0 168.0 56.0
obstacle
0.0318018719554
280.0 72.0 95.0 34.0
obstacle
0.0317584350705
5.0 24.0 26.0 78.0
obstacle
0.0316501893103
5.0 8.0 22.0 13.0
obstacle
0.0315459519625
434.0 79.0 18.0 16.0
obstacle
0.0312522910535
44.0 51.0 23.0 11.0
obstacle
0.0312456246465
191.0 138.0 38.0 62.0
obstacle
0.0310783497989
118.0 152.0 35.0 79.0
obstacle
0.030985629186
243.0 47.0 94.0 33.0
obstacle
0.0309828128666
320.0 50.0 96.0 27.0
obstacle
0.030921747908
252.0 100.0 72.0 31.0
obstacle
0.0308086778969
172.0 48.0 80.0 31.0
obstacle
0.0306597966701
250.0 140.0 144.0 63.0
obstacle
0.0306523144245
348.0 184.0 29.0 15.0
obstacle
0.0304552465677
248.0 72.0 80.0 34.0
obstacle
0.0303763467818
0.0 278.0 57.0 32.0
obstacle
0.0303091462702
93.0 74.0 312.0 143.0
obstacle
0.0302085131407
227.0 98.0 42.0 87.0
obstacle
0.0301253404468
45.0 30.0 168.0 66.0
obstacle
0.0300825685263
113.0 0.0 38.0 50.0
obstacle
0.0300507508218
81.0 127.0 34.0 81.0
obstacle
0.0293032508343
52.0 100.0 87.0 28.0
obstacle
0.0292198564857
210.0 73.0 80.0 32.0
obstacle
0.0289989877492
7.0 54.0 19.0 13.0
obstacle
0.0288797300309
444.0 99.0 56.0 30.0
obstacle
0.0288226641715
179.0 149.0 66.0 33.0
obstacle
0.0287412144244
362.0 0.0 86.0 25.0
obstacle
0.0285889804363
12.0 125.0 93.0 29.0
obstacle
0.0285627301782
279.0 0.0 96.0 27.0
obstacle
0.0285557210445
178.0 100.0 65.0 31.0
obstacle
0.0284622721374
0.0 253.0 61.0 32.0
obstacle
0.0284217502922
242.0 251.0 91.0 34.0
obstacle
0.0284099411219
248.0 22.0 83.0 32.0
obstacle
0.0282286927104
216.0 100.0 66.0 31.0
obstacle
0.0281376559287
366.0 100.0 82.0 29.0
obstacle
0.0281253457069
345.0 157.0 34.0 71.0
obstacle
0.0277651697397
38.0 0.0 33.0 55.0
obstacle
0.0276644900441
244.0 176.0 83.0 35.0
obstacle
0.027595281601
82.0 155.0 30.0 75.0
obstacle
0.0274130217731
11.0 101.0 96.0 27.0
obstacle
0.0273913443089
436.0 177.0 64.0 28.0
obstacle
0.0273658446968
51.0 226.0 91.0 33.0
obstacle
0.0271004159003
297.0 29.0 203.0 170.0
obstacle
0.0270450431854
194.0 166.0 32.0 54.0
obstacle
0.0270438976586
349.0 55.0 30.0 15.0
obstacle
0.0270213149488
306.0 64.0 41.0 103.0
obstacle
0.0268816426396
196.0 158.0 30.0 13.0
obstacle
0.0267396289855
208.0 47.0 85.0 33.0
obstacle
0.0266143009067
157.0 162.0 33.0 61.0
obstacle
0.0265594609082
122.0 35.0 21.0 12.0
obstacle
0.0262075532228
328.0 0.0 153.0 81.0
obstacle
0.0255884453654
10.0 201.0 100.0 32.0
obstacle
0.0255825724453
130.0 73.0 86.0 33.0
obstacle
0.0253620296717
316.0 302.0 103.0 31.0
obstacle
0.0252790283412
242.0 200.0 87.0 27.0
obstacle
0.0251499358565
318.0 70.0 96.0 37.0
obstacle
0.025148017332
433.0 307.0 67.0 26.0
obstacle
0.02512954548
39.0 177.0 347.0 128.0
obstacle
0.0250998027623
14.0 280.0 91.0 30.0
obstacle
0.0250912178308
313.0 161.0 28.0 14.0
obstacle
0.0250131897628
279.0 276.0 98.0 35.0
obstacle
0.0250087808818
185.0 99.0 131.0 92.0
obstacle
0.0249050874263
121.0 54.0 23.0 12.0
obstacle
0.0248519238085
12.0 224.0 95.0 36.0
obstacle
0.0246943812817
326.0 204.0 66.0 23.0
obstacle
0.0246868357062
216.0 134.0 61.0 24.0
obstacle
0.0246032308787
173.0 73.0 76.0 31.0
obstacle
0.0244562868029
321.0 0.0 92.0 26.0
obstacle
0.0244305450469
274.0 302.0 110.0 31.0
obstacle
0.0242696534842
48.0 278.0 98.0 34.0
obstacle
0.0242001991719
462.0 93.0 37.0 95.0
obstacle
0.0241911951452
347.0 29.0 33.0 17.0
obstacle
0.0239357165992
139.0 102.0 69.0 28.0
obstacle
0.0238191559911
80.0 17.0 22.0 42.0
obstacle
0.0237565580755
342.0 67.0 158.0 92.0
obstacle
0.0236414205283
104.0 129.0 63.0 25.0
obstacle
0.0234487466514
382.0 96.0 43.0 89.0
obstacle
0.0233581904322
157.0 186.0 27.0 13.0
obstacle
0.0233386103064
440.0 228.0 60.0 29.0
obstacle
0.0232342034578
264.0 92.0 45.0 100.0
obstacle
0.0230916775763
324.0 95.0 86.0 38.0
obstacle
0.0230883751065
433.0 151.0 67.0 30.0
obstacle
0.022898837924
119.0 160.0 31.0 13.0
obstacle
0.0228652693331
77.0 159.0 34.0 17.0
obstacle
0.0228419005871
468.0 131.0 30.0 19.0
obstacle
0.0227122027427
126.0 277.0 97.0 34.0
obstacle
0.0226831454784
243.0 69.0 171.0 93.0
obstacle
0.0224305130541
344.0 5.0 38.0 70.0
obstacle
0.0223709493876
79.0 185.0 32.0 14.0
obstacle
0.0222854427993
443.0 204.0 57.0 28.0
obstacle
0.0222546476871
146.0 152.0 64.0 25.0
obstacle
0.0221721678972
420.0 0.0 80.0 79.0
obstacle
0.0221054833382
316.0 185.0 24.0 13.0
obstacle
0.021980240941
154.0 0.0 36.0 54.0
obstacle
0.0219776816666
60.0 127.0 74.0 26.0
obstacle
0.0219457820058
344.0 127.0 37.0 82.0
obstacle
0.0219256002456
49.0 203.0 96.0 24.0
obstacle
0.0218994505703
386.0 130.0 34.0 18.0
obstacle
0.0217069201171
307.0 128.0 38.0 79.0
obstacle
0.0216172933578
91.0 101.0 85.0 28.0
obstacle
0.0215725451708
202.0 251.0 100.0 32.0
obstacle
0.021544566378
390.0 32.0 26.0 63.0
obstacle
0.0214958712459
362.0 224.0 85.0 36.0
obstacle
0.0214471165091
226.0 138.0 42.0 61.0
obstacle
0.021379750222
207.0 279.0 90.0 28.0
obstacle
0.0213395264
293.0 129.0 67.0 28.0
obstacle
0.0213334858418
328.0 97.0 153.0 90.0
obstacle
0.0213260389864
278.0 253.0 98.0 30.0
obstacle
0.0213020499796
253.0 0.0 148.0 86.0
obstacle
0.0211515277624
155.0 4.0 35.0 16.0
obstacle
0.0211483370513
425.0 130.0 35.0 20.0
obstacle
0.0210895445198
16.0 151.0 87.0 30.0
obstacle
0.020952757448
81.0 227.0 110.0 31.0
obstacle
0.0209490060806
395.0 76.0 24.0 19.0
obstacle
0.020907541737
426.0 6.0 34.0 13.0
obstacle
0.0208966322243
94.0 278.0 82.0 31.0
obstacle
0.0208943206817
10.0 253.0 98.0 31.0
obstacle
0.0207630936056
470.0 5.0 26.0 16.0
obstacle
0.0207607317716
349.0 160.0 26.0 15.0
obstacle
0.0207376182079
125.0 253.0 96.0 30.0
obstacle
0.0207221321762
315.0 276.0 103.0 35.0
obstacle
0.0206991694868
196.0 153.0 304.0 125.0
obstacle
0.0205711517483
361.0 201.0 84.0 33.0
obstacle
0.0205212533474
308.0 106.0 36.0 18.0
obstacle
0.0205079168081
61.0 174.0 152.0 81.0
obstacle
0.0204519685358
357.0 305.0 96.0 28.0
obstacle
0.020391209051
45.0 18.0 21.0 39.0
obstacle
0.0203895121813
118.0 186.0 32.0 14.0
obstacle
0.0203228387982
51.0 228.0 323.0 105.0
obstacle
0.0202809479088
166.0 0.0 168.0 90.0
obstacle
0.0202135629952
384.0 59.0 36.0 60.0
obstacle
0.0200967490673
249.0 155.0 74.0 30.0
obstacle
0.0200736392289
308.0 80.0 36.0 18.0
obstacle
0.020002361387
114.0 100.0 39.0 83.0
obstacle
0.0199497956783
172.0 255.0 313.0 78.0
obstacle
0.0199236478657
0.0 149.0 64.0 34.0
obstacle
0.0197978038341
1.0 256.0 32.0 77.0
obstacle
0.019651202485
0.0 274.0 104.0 59.0
obstacle
0.0196091756225
384.0 68.0 36.0 95.0
obstacle
0.0195547752082
98.0 75.0 71.0 27.0
obstacle
0.0195041522384
345.0 50.0 39.0 81.0
obstacle
0.0194882098585
196.0 304.0 110.0 29.0
obstacle
0.0194315835834
364.0 175.0 76.0 33.0
obstacle
0.0194093808532
117.0 0.0 189.0 61.0
obstacle
0.0193512085825
121.0 202.0 186.0 74.0
obstacle
0.0193451289088
0.0 0.0 247.0 84.0
obstacle
0.0192332174629
438.0 253.0 62.0 31.0
obstacle
0.0191356651485
438.0 277.0 62.0 33.0
obstacle
0.0190616026521
81.0 0.0 339.0 104.0
obstacle
0.0190189089626
404.0 227.0 78.0 32.0
obstacle
0.0189498998225
0.0 172.0 159.0 91.0
obstacle
0.018929310143
159.0 276.0 107.0 37.0
obstacle
0.0188660398126
8.0 75.0 176.0 81.0
obstacle
0.0188225321472
307.0 1.0 38.0 77.0
obstacle
0.018728826195
194.0 3.0 35.0 17.0
obstacle
0.0186264514923
0.0 91.0 115.0 98.0
obstacle
0.0186263807118
310.0 30.0 30.0 17.0
obstacle
0.018565505743
356.0 251.0 95.0 36.0
obstacle
0.0185643676668
268.0 47.0 39.0 86.0
obstacle
0.0184828434139
81.0 251.0 108.0 35.0
obstacle
0.0184351950884
330.0 126.0 67.0 33.0
obstacle
0.0184281021357
408.0 201.0 72.0 33.0
obstacle
0.0184096209705
310.0 56.0 32.0 16.0
obstacle
0.0183853618801
155.0 304.0 115.0 29.0
obstacle
0.0183299500495
429.0 105.0 27.0 19.0
obstacle
0.0181794930249
46.0 307.0 103.0 26.0
obstacle
0.0181001350284
275.0 183.0 28.0 17.0
obstacle
0.0180658586323
1.0 231.0 31.0 76.0
obstacle
0.018054433167
129.0 178.0 95.0 30.0
obstacle
0.0180337782949
194.0 0.0 33.0 55.0
obstacle
0.0179421212524
128.0 305.0 93.0 28.0
obstacle
0.017932202667
246.0 279.0 88.0 29.0
obstacle
0.017876110971
198.0 186.0 24.0 14.0
obstacle
0.0178683307022
272.0 107.0 31.0 16.0
obstacle
0.0178406126797
39.0 156.0 36.0 74.0
obstacle
0.0177922714502
161.0 53.0 26.0 16.0
obstacle
0.0177037399262
163.0 252.0 98.0 33.0
obstacle
0.0176182258874
0.0 75.0 32.0 80.0
obstacle
0.0175570752472
266.0 135.0 40.0 68.0
obstacle
0.0175567194819
347.0 79.0 36.0 18.0
obstacle
0.0175300370902
83.0 7.0 26.0 13.0
obstacle
0.017525440082
117.0 8.0 28.0 62.0
obstacle
0.0174844432622
160.0 158.0 28.0 14.0
obstacle
0.0174457132816
48.0 252.0 99.0 34.0
obstacle
0.0172667186707
208.0 40.0 164.0 100.0
obstacle
0.0172407589853
117.0 227.0 114.0 30.0
obstacle
0.017222577706
2.0 79.0 26.0 18.0
obstacle
0.0172026213259
286.0 154.0 153.0 77.0
obstacle
0.0171764194965
2.0 312.0 26.0 16.0
obstacle
0.0171622149646
2.0 261.0 26.0 15.0
obstacle
0.0171532966197
0.0 157.0 34.0 71.0
obstacle
0.0170712769032
421.0 115.0 40.0 104.0
obstacle
0.0169750340283
270.0 80.0 35.0 19.0
