obstacle
0.835588693619
351.0 51.0 109.0 23.0
obstacle
0.809214890003
232.0 52.0 23.0 18.0
obstacle
0.719561934471
25.0 25.0 89.0 27.0
obstacle
0.614236950874
59.0 84.0 380.0 124.0
obstacle
0.268161058426
331.0 42.0 152.0 41.0
obstacle
0.237904965878
56.0 257.0 67.0 30.0
obstacle
0.213934764266
24.0 10.0 132.0 55.0
obstacle
0.202387556434
345.0 50.0 66.0 25.0
obstacle
0.190834164619
25.0 258.0 74.0 29.0
obstacle
0.18385848403
168.0 125.0 164.0 75.0
obstacle
0.182664036751
425.0 58.0 28.0 14.0
obstacle
0.176220089197
80.0 33.0 27.0 14.0
obstacle
0.170592799783
384.0 58.0 31.0 14.0
obstacle
0.155515477061
92.0 128.0 89.0 28.0
obstacle
0.138959303498
85.0 129.0 177.0 73.0
obstacle
0.135635912418
241.0 45.0 21.0 38.0
obstacle
0.129507258534
0.0 117.0 327.0 98.0
obstacle
0.122941657901
362.0 58.0 17.0 11.0
obstacle
0.118206381798
67.0 101.0 64.0 33.0
obstacle
0.112907141447
439.0 52.0 61.0 26.0
obstacle
0.104346759617
44.0 31.0 26.0 19.0
obstacle
0.102949902415
278.0 125.0 90.0 36.0
obstacle
0.102872982621
63.0 109.0 143.0 67.0
obstacle
0.0933902412653
273.0 54.0 24.0 16.0
obstacle
0.0928836390376
192.0 105.0 184.0 76.0
obstacle
0.0904391184449
198.0 49.0 42.0 26.0
obstacle
0.0902536064386
271.0 251.0 106.0 32.0
obstacle
0.0887476056814
83.0 29.0 85.0 25.0
obstacle
0.0883841365576
76.0 122.0 58.0 38.0
obstacle
0.0882274806499
80.0 262.0 27.0 18.0
obstacle
0.0871746689081
238.0 37.0 17.0 16.0
obstacle
0.0834642797709
19.0 47.0 82.0 25.0
obstacle
0.078697912395
245.0 250.0 91.0 30.0
obstacle
0.0781118571758
53.0 45.0 81.0 25.0
obstacle
0.0759475380182
251.0 49.0 54.0 27.0
obstacle
0.0751777365804
367.0 32.0 71.0 26.0
obstacle
0.0745172649622
0.0 233.0 135.0 72.0
obstacle
0.0717599615455
85.0 152.0 111.0 28.0
obstacle
0.0711766779423
446.0 254.0 54.0 28.0
obstacle
0.0705748051405
236.0 74.0 24.0 18.0
obstacle
0.0698686391115
0.0 23.0 63.0 31.0
obstacle
0.069638505578
52.0 276.0 81.0 25.0
obstacle
0.0675937086344
276.0 78.0 28.0 16.0
obstacle
0.067583732307
286.0 50.0 77.0 26.0
obstacle
0.0675017312169
314.0 31.0 26.0 17.0
obstacle
0.0661490559578
315.0 56.0 24.0 12.0
obstacle
0.0656652897596
59.0 154.0 82.0 29.0
obstacle
0.0656094923615
361.0 0.0 90.0 28.0
obstacle
0.064343161881
282.0 23.0 89.0 32.0
obstacle
0.0639037117362
190.0 21.0 112.0 85.0
obstacle
0.0617112629116
29.0 6.0 65.0 25.0
obstacle
0.0613434948027
372.0 72.0 67.0 26.0
obstacle
0.0604373663664
362.0 177.0 86.0 29.0
obstacle
0.0603565014899
115.0 149.0 120.0 35.0
obstacle
0.0602044537663
229.0 32.0 41.0 27.0
obstacle
0.059413343668
219.0 70.0 54.0 28.0
obstacle
0.0588457994163
397.0 0.0 93.0 29.0
obstacle
0.0579706244171
94.0 106.0 73.0 27.0
obstacle
0.0575701035559
47.0 177.0 98.0 28.0
obstacle
0.0575360767543
161.0 149.0 105.0 35.0
obstacle
0.0572896078229
201.0 148.0 99.0 33.0
obstacle
0.0568770356476
207.0 252.0 87.0 29.0
obstacle
0.0559698864818
322.0 0.0 87.0 28.0
obstacle
0.0555937252939
0.0 256.0 60.0 29.0
obstacle
0.0555589981377
212.0 52.0 14.0 17.0
obstacle
0.0555232428014
397.0 254.0 91.0 33.0
obstacle
0.0543307699263
176.0 0.0 305.0 106.0
obstacle
0.0541896745563
133.0 48.0 81.0 29.0
obstacle
0.0541827231646
82.0 106.0 27.0 19.0
obstacle
0.0537141002715
316.0 174.0 99.0 30.0
obstacle
0.0536818243563
169.0 0.0 86.0 27.0
obstacle
0.0530671551824
80.0 175.0 109.0 31.0
obstacle
0.0522547401488
467.0 55.0 25.0 17.0
obstacle
0.0518995784223
400.0 72.0 77.0 28.0
obstacle
0.0518470443785
83.0 113.0 28.0 55.0
obstacle
0.0510711185634
238.0 156.0 26.0 18.0
obstacle
0.0510554350913
329.0 69.0 79.0 34.0
obstacle
0.0509974844754
18.0 280.0 83.0 25.0
obstacle
0.0509335398674
85.0 130.0 23.0 72.0
obstacle
0.0502792149782
25.0 92.0 150.0 99.0
obstacle
0.0496337339282
85.0 256.0 91.0 29.0
obstacle
0.0495390221477
0.0 279.0 63.0 27.0
obstacle
0.0495007447898
405.0 26.0 68.0 33.0
obstacle
0.0494877770543
107.0 104.0 212.0 81.0
obstacle
0.0487141050398
118.0 34.0 24.0 15.0
obstacle
0.0468405596912
11.0 128.0 180.0 78.0
obstacle
0.0467729270458
247.0 0.0 80.0 31.0
obstacle
0.0463631823659
197.0 159.0 26.0 16.0
obstacle
0.0461295507848
85.0 86.0 25.0 61.0
obstacle
0.0461291223764
306.0 251.0 116.0 35.0
obstacle
0.0458488464355
84.0 18.0 22.0 40.0
obstacle
0.0452955961227
127.0 130.0 84.0 27.0
obstacle
0.0452301949263
438.0 0.0 62.0 31.0
obstacle
0.0450967811048
206.0 0.0 88.0 29.0
obstacle
0.0448228828609
90.0 135.0 322.0 103.0
obstacle
0.0447509400547
133.0 25.0 83.0 31.0
obstacle
0.0436903908849
280.0 0.0 95.0 31.0
obstacle
0.0432727858424
255.0 71.0 56.0 29.0
obstacle
0.0431875288486
445.0 281.0 55.0 28.0
obstacle
0.042658302933
401.0 24.0 99.0 79.0
obstacle
0.0422617867589
239.0 148.0 96.0 30.0
obstacle
0.0422202199697
306.0 101.0 39.0 80.0
obstacle
0.0419316925108
13.0 179.0 92.0 26.0
obstacle
0.0418946295977
310.0 0.0 32.0 78.0
obstacle
0.04166797176
0.0 0.0 97.0 78.0
obstacle
0.0412791483104
119.0 110.0 29.0 61.0
obstacle
0.0412575565279
79.0 240.0 28.0 57.0
obstacle
0.0405046865344
192.0 132.0 38.0 65.0
obstacle
0.0403127148747
0.0 176.0 60.0 30.0
obstacle
0.040144354105
281.0 151.0 85.0 28.0
obstacle
0.0396943613887
237.0 230.0 109.0 30.0
obstacle
0.0396500304341
249.0 124.0 148.0 79.0
obstacle
0.039574034512
352.0 251.0 102.0 35.0
obstacle
0.0391280800104
444.0 75.0 56.0 26.0
obstacle
0.0387770980597
402.0 177.0 81.0 29.0
obstacle
0.0381886512041
357.0 98.0 94.0 33.0
obstacle
0.0381555445492
430.0 37.0 22.0 53.0
obstacle
0.038141861558
183.0 26.0 61.0 33.0
obstacle
0.038006901741
250.0 129.0 85.0 32.0
obstacle
0.0379913337529
179.0 72.0 68.0 33.0
obstacle
0.0378741435707
282.0 176.0 92.0 27.0
obstacle
0.0376443192363
0.0 201.0 63.0 33.0
obstacle
0.0374343693256
218.0 27.0 135.0 75.0
obstacle
0.0374062545598
186.0 69.0 198.0 93.0
obstacle
0.0373704917729
42.0 259.0 30.0 21.0
obstacle
0.0372763685882
279.0 72.0 85.0 29.0
obstacle
0.0371882393956
336.0 29.0 64.0 24.0
obstacle
0.0371164418757
0.0 55.0 384.0 126.0
obstacle
0.0370566211641
16.0 153.0 93.0 29.0
obstacle
0.0369467884302
288.0 97.0 69.0 39.0
obstacle
0.0368771851063
0.0 227.0 65.0 33.0
obstacle
0.0366944000125
190.0 74.0 38.0 84.0
obstacle
0.0366524457932
365.0 125.0 78.0 32.0
obstacle
0.0366379730403
54.0 200.0 87.0 31.0
obstacle
0.0362795107067
326.0 98.0 80.0 34.0
obstacle
0.0362363047898
435.0 308.0 65.0 25.0
obstacle
0.0360145047307
154.0 105.0 32.0 73.0
obstacle
0.0358228869736
235.0 57.0 26.0 65.0
obstacle
0.035529255867
126.0 0.0 94.0 28.0
obstacle
0.0355107858777
0.0 306.0 69.0 27.0
obstacle
0.0354522168636
0.0 70.0 65.0 38.0
obstacle
0.0353171154857
323.0 126.0 76.0 31.0
obstacle
0.0353056304157
69.0 146.0 136.0 85.0
obstacle
0.0350930467248
313.0 158.0 31.0 15.0
obstacle
0.0350857041776
245.0 0.0 164.0 83.0
obstacle
0.0346226356924
48.0 17.0 23.0 41.0
obstacle
0.034457013011
361.0 202.0 89.0 30.0
obstacle
0.0344161130488
426.0 0.0 30.0 78.0
obstacle
0.0343842022121
0.0 48.0 65.0 29.0
obstacle
0.0343439728022
235.0 230.0 186.0 75.0
obstacle
0.0339500010014
447.0 25.0 53.0 28.0
obstacle
0.0339450389147
312.0 29.0 27.0 69.0
obstacle
0.0338724888861
262.0 102.0 52.0 79.0
obstacle
0.0338056944311
439.0 98.0 61.0 33.0
obstacle
0.0334883444011
160.0 78.0 30.0 21.0
obstacle
0.0332976132631
20.0 16.0 149.0 86.0
obstacle
0.0332719869912
128.0 74.0 97.0 31.0
obstacle
0.0332603938878
64.0 1.0 58.0 35.0
obstacle
0.033160943538
154.0 130.0 36.0 69.0
obstacle
0.0331390462816
118.0 132.0 34.0 66.0
obstacle
0.0331235155463
15.0 99.0 94.0 33.0
obstacle
0.0330973751843
10.0 0.0 325.0 130.0
obstacle
0.0330383256078
202.0 33.0 20.0 17.0
obstacle
0.0329909771681
394.0 40.0 21.0 47.0
obstacle
0.0328011997044
312.0 132.0 30.0 18.0
obstacle
0.0327619463205
273.0 227.0 106.0 38.0
obstacle
0.0326301641762
272.0 154.0 36.0 19.0
obstacle
0.0321482084692
0.0 150.0 62.0 35.0
obstacle
0.0320470631123
388.0 184.0 31.0 16.0
obstacle
0.0319720059633
97.0 155.0 155.0 66.0
obstacle
0.0317842513323
57.0 73.0 81.0 34.0
obstacle
0.0317661128938
392.0 96.0 99.0 37.0
obstacle
0.0316863544285
227.0 49.0 194.0 80.0
obstacle
0.0315419435501
20.0 202.0 78.0 34.0
obstacle
0.031311314553
163.0 55.0 329.0 128.0
obstacle
0.031015701592
122.0 174.0 107.0 32.0
obstacle
0.0309875421226
444.0 153.0 56.0 27.0
obstacle
0.0304774791002
160.0 54.0 30.0 15.0
obstacle
0.0304289553314
177.0 98.0 72.0 36.0
obstacle
0.0303928684443
17.0 227.0 82.0 33.0
obstacle
0.0303127430379
470.0 260.0 26.0 16.0
obstacle
0.0301502346992
81.0 282.0 24.0 18.0
obstacle
0.0299551412463
85.0 130.0 25.0 18.0
obstacle
0.029828844592
228.0 131.0 43.0 67.0
obstacle
0.0297490227968
153.0 45.0 34.0 88.0
obstacle
0.0297454334795
0.0 97.0 62.0 37.0
obstacle
0.0294135436416
441.0 178.0 59.0 27.0
obstacle
0.0293785631657
98.0 49.0 73.0 25.0
obstacle
0.0293393973261
229.0 69.0 37.0 91.0
obstacle
0.0292673837394
6.0 262.0 19.0 14.0
obstacle
0.0291638188064
401.0 277.0 85.0 34.0
obstacle
0.0291310325265
235.0 201.0 114.0 33.0
obstacle
0.0291281212121
310.0 79.0 30.0 14.0
obstacle
0.029042577371
126.0 253.0 91.0 33.0
obstacle
0.0288319289684
3.0 253.0 186.0 80.0
obstacle
0.0287974029779
200.0 104.0 23.0 16.0
obstacle
0.0287601128221
338.0 0.0 162.0 83.0
obstacle
0.0286822803319
311.0 129.0 34.0 73.0
obstacle
0.028624964878
124.0 156.0 24.0 18.0
obstacle
0.0285535380244
252.0 23.0 61.0 34.0
obstacle
0.0282467715442
325.0 155.0 158.0 73.0
obstacle
0.0280528254807
83.0 157.0 28.0 17.0
obstacle
0.0278036724776
463.0 0.0 33.0 79.0
obstacle
0.0276710074395
159.0 32.0 29.0 14.0
obstacle
0.0272790361196
92.0 0.0 83.0 25.0
obstacle
0.0271154679358
58.0 228.0 74.0 30.0
obstacle
0.0270838420838
42.0 223.0 183.0 93.0
obstacle
0.0270404983312
89.0 201.0 92.0 31.0
obstacle
0.02697452344
275.0 55.0 27.0 69.0
obstacle
0.0267880614847
443.0 230.0 57.0 27.0
obstacle
0.0264605078846
312.0 4.0 29.0 15.0
obstacle
0.0262658316642
354.0 305.0 103.0 28.0
obstacle
0.0259212944657
347.0 97.0 34.0 90.0
obstacle
0.0258183013648
121.0 133.0 25.0 14.0
obstacle
0.0258140154183
307.0 259.0 36.0 18.0
obstacle
0.0255140289664
198.0 229.0 110.0 30.0
obstacle
0.0254994817078
40.0 234.0 35.0 68.0
obstacle
0.025246379897
406.0 153.0 76.0 31.0
obstacle
0.0252276528627
358.0 278.0 94.0 30.0
obstacle
0.0251908898354
0.0 0.0 57.0 29.0
obstacle
0.0250544883311
386.0 4.0 38.0 17.0
obstacle
0.0250354744494
426.0 4.0 34.0 15.0
obstacle
0.0250233244151
472.0 31.0 22.0 14.0
obstacle
0.0249838344753
408.0 203.0 72.0 28.0
obstacle
0.0249321293086
166.0 253.0 92.0 31.0
obstacle
0.0249303784221
314.0 305.0 107.0 28.0
obstacle
0.0249125994742
430.0 35.0 25.0 12.0
obstacle
0.0248902458698
439.0 202.0 61.0 29.0
obstacle
0.0248455721885
154.0 4.0 33.0 69.0
obstacle
0.0248420406133
91.0 278.0 83.0 27.0
obstacle
0.0248362757266
404.0 123.0 77.0 35.0
obstacle
0.0248345900327
470.0 286.0 24.0 17.0
obstacle
0.0248010512441
236.0 12.0 26.0 52.0
obstacle
0.0247622150928
347.0 131.0 29.0 15.0
obstacle
0.024707140401
0.0 149.0 155.0 84.0
obstacle
0.0246636401862
161.0 159.0 24.0 17.0
obstacle
0.0245771165937
306.0 79.0 37.0 74.0
obstacle
0.0245757047087
347.0 259.0 36.0 19.0
obstacle
0.0245330724865
46.0 308.0 100.0 25.0
obstacle
0.0245115049183
350.0 4.0 30.0 16.0
obstacle
0.0244734883308
345.0 222.0 38.0 93.0
obstacle
0.0243705343455
286.0 101.0 154.0 81.0
obstacle
0.0243171490729
442.0 124.0 58.0 32.0
obstacle
0.024309694767
258.0 74.0 57.0 84.0
obstacle
0.0242708437145
0.0 124.0 64.0 34.0
obstacle
0.0242107063532
399.0 228.0 83.0 30.0
obstacle
0.0241918303072
98.0 50.0 157.0 79.0
obstacle
0.0238564256579
70.0 21.0 206.0 84.0
obstacle
0.0237938072532
275.0 34.0 23.0 13.0
obstacle
0.0237300340086
153.0 222.0 195.0 93.0
obstacle
0.0236698016524
279.0 134.0 24.0 18.0
obstacle
0.0234672054648
346.0 0.0 38.0 63.0
obstacle
0.0234642773867
142.0 38.0 296.0 106.0
obstacle
0.0233954396099
273.0 258.0 30.0 15.0
obstacle
0.0232007335871
464.0 28.0 31.0 72.0
obstacle
0.0231888964772
140.0 101.0 63.0 32.0
obstacle
0.0231762491167
194.0 198.0 306.0 135.0
obstacle
0.0230924654752
194.0 6.0 32.0 68.0
obstacle
0.0230171028525
427.0 260.0 29.0 19.0
obstacle
0.0229204669595
369.0 37.0 131.0 98.0
obstacle
0.0227155834436
6.0 176.0 182.0 83.0
obstacle
0.0227100253105
120.0 152.0 29.0 79.0
obstacle
0.0226570181549
155.0 4.0 33.0 15.0
obstacle
0.0226153563708
313.0 106.0 28.0 17.0
obstacle
0.0226126667112
306.0 225.0 119.0 37.0
obstacle
0.0225946288556
155.0 31.0 36.0 65.0
obstacle
0.0225140657276
360.0 152.0 86.0 31.0
obstacle
0.0223918017
131.0 154.0 318.0 126.0
obstacle
0.0223875306547
165.0 227.0 98.0 34.0
obstacle
0.0223730802536
272.0 198.0 114.0 38.0
obstacle
0.022371198982
272.0 7.0 26.0 65.0
obstacle
0.0223149750382
130.0 77.0 168.0 77.0
obstacle
0.0222858265042
271.0 306.0 114.0 27.0
obstacle
0.0222431607544
0.0 0.0 245.0 86.0
obstacle
0.0222186725587
2.0 238.0 30.0 63.0
obstacle
0.0221073050052
228.0 304.0 123.0 29.0
obstacle
0.0220930557698
81.0 184.0 29.0 15.0
obstacle
0.0219824723899
309.0 56.0 29.0 68.0
obstacle
0.0218184385449
9.0 34.0 16.0 13.0
obstacle
0.0218026265502
77.0 51.0 39.0 80.0
obstacle
0.0217279270291
347.0 61.0 35.0 57.0
obstacle
0.0217029936612
346.0 84.0 36.0 63.0
obstacle
0.0216934941709
106.0 0.0 214.0 61.0
obstacle
0.0216264333576
387.0 259.0 33.0 19.0
obstacle
0.0215354990214
356.0 35.0 18.0 11.0
obstacle
0.021418556571
336.0 54.0 137.0 62.0
obstacle
0.0213668458164
119.0 207.0 31.0 75.0
obstacle
0.02133057639
0.0 202.0 111.0 83.0
obstacle
0.0212441626936
5.0 285.0 22.0 15.0
obstacle
0.0212089270353
273.0 34.0 25.0 58.0
obstacle
0.021165009588
196.0 4.0 29.0 16.0
obstacle
0.021138349548
6.0 13.0 28.0 52.0
obstacle
0.0211319904774
386.0 0.0 36.0 57.0
obstacle
0.0211148373783
127.0 199.0 94.0 34.0
obstacle
0.0210344810039
155.0 260.0 35.0 17.0
obstacle
0.0210044551641
196.0 48.0 28.0 83.0
obstacle
0.0207233149558
358.0 41.0 22.0 44.0
obstacle
0.0206737667322
237.0 132.0 263.0 120.0
obstacle
0.0205343011767
119.0 261.0 31.0 16.0
obstacle
0.0204922035336
128.0 36.0 167.0 56.0
