obstacle
0.847427964211
134.0 154.0 306.0 91.0
obstacle
0.172394171357
272.0 160.0 170.0 80.0
obstacle
0.135856315494
34.0 152.0 362.0 131.0
obstacle
0.112023994327
244.0 181.0 162.0 72.0
obstacle
0.0915410667658
357.0 182.0 85.0 30.0
obstacle
0.0888087227941
403.0 26.0 83.0 24.0
obstacle
0.0814111456275
133.0 166.0 168.0 64.0
obstacle
0.078058347106
269.0 138.0 40.0 69.0
obstacle
0.0722808986902
209.0 132.0 166.0 87.0
obstacle
0.0707948133349
306.0 106.0 38.0 80.0
obstacle
0.0690938532352
309.0 139.0 30.0 65.0
obstacle
0.0639370977879
47.0 0.0 99.0 31.0
obstacle
0.0630949363112
445.0 27.0 55.0 24.0
obstacle
0.0627048239112
444.0 51.0 56.0 27.0
obstacle
0.0580562725663
98.0 179.0 81.0 38.0
obstacle
0.0548426806927
391.0 182.0 87.0 31.0
obstacle
0.0534962154925
442.0 0.0 58.0 30.0
obstacle
0.052584413439
405.0 52.0 77.0 25.0
obstacle
0.0523308627307
302.0 130.0 46.0 36.0
obstacle
0.0502897612751
138.0 186.0 362.0 115.0
obstacle
0.0496258512139
356.0 26.0 97.0 24.0
obstacle
0.0491000153124
15.0 121.0 394.0 112.0
obstacle
0.0476226955652
84.0 231.0 100.0 35.0
obstacle
0.0469789132476
230.0 132.0 37.0 82.0
obstacle
0.0464651808143
128.0 183.0 104.0 30.0
obstacle
0.0458227582276
267.0 108.0 43.0 75.0
obstacle
0.0446737594903
306.0 158.0 42.0 81.0
obstacle
0.0431753396988
78.0 0.0 113.0 32.0
obstacle
0.0425052605569
352.0 0.0 103.0 29.0
obstacle
0.0419767983258
314.0 0.0 104.0 29.0
obstacle
0.0418763272464
312.0 140.0 25.0 14.0
obstacle
0.0411112867296
234.0 262.0 110.0 23.0
obstacle
0.0404772162437
87.0 259.0 95.0 33.0
obstacle
0.04020890221
349.0 0.0 151.0 83.0
obstacle
0.0397270657122
53.0 147.0 171.0 101.0
obstacle
0.039512231946
49.0 234.0 99.0 28.0
obstacle
0.0389062948525
0.0 23.0 60.0 33.0
obstacle
0.0383482649922
362.0 53.0 85.0 25.0
obstacle
0.0383061915636
312.0 258.0 107.0 29.0
obstacle
0.037693656981
161.0 0.0 102.0 31.0
obstacle
0.0375875718892
360.0 78.0 87.0 27.0
obstacle
0.0370369143784
399.0 0.0 88.0 30.0
obstacle
0.0370050147176
0.0 0.0 66.0 30.0
obstacle
0.0367873683572
162.0 260.0 100.0 31.0
obstacle
0.0361980125308
200.0 0.0 100.0 31.0
obstacle
0.0359102711082
443.0 77.0 57.0 26.0
obstacle
0.0357943028212
118.0 189.0 34.0 70.0
obstacle
0.0357328094542
342.0 158.0 43.0 79.0
obstacle
0.0353360697627
120.0 0.0 105.0 31.0
obstacle
0.0352540276945
280.0 0.0 94.0 29.0
obstacle
0.0349851921201
429.0 32.0 23.0 15.0
obstacle
0.0345414578915
17.0 234.0 86.0 32.0
obstacle
0.0344581529498
15.0 0.0 89.0 29.0
obstacle
0.0342358797789
286.0 141.0 150.0 72.0
obstacle
0.0339356027544
267.0 258.0 119.0 29.0
obstacle
0.0339211374521
241.0 0.0 93.0 30.0
obstacle
0.0337818190455
269.0 156.0 39.0 86.0
obstacle
0.0337680764496
359.0 103.0 91.0 31.0
obstacle
0.0334252417088
356.0 260.0 93.0 28.0
obstacle
0.0333060212433
89.0 284.0 89.0 35.0
obstacle
0.0330427698791
55.0 50.0 83.0 30.0
obstacle
0.0329976789653
53.0 26.0 90.0 27.0
obstacle
0.0329942405224
246.0 25.0 85.0 26.0
obstacle
0.0329343378544
118.0 205.0 117.0 33.0
obstacle
0.0326155535877
88.0 49.0 95.0 33.0
obstacle
0.0323317088187
44.0 261.0 103.0 28.0
obstacle
0.0323016606271
321.0 26.0 88.0 25.0
obstacle
0.0322974324226
253.0 133.0 247.0 128.0
obstacle
0.0321705713868
445.0 183.0 55.0 27.0
obstacle
0.0320635065436
100.0 204.0 71.0 39.0
obstacle
0.0319764688611
338.0 96.0 50.0 97.0
obstacle
0.0318246036768
347.0 135.0 32.0 77.0
obstacle
0.0317870266736
118.0 159.0 32.0 78.0
obstacle
0.031698372215
0.0 50.0 58.0 30.0
obstacle
0.0315955467522
437.0 103.0 63.0 27.0
obstacle
0.0315920300782
159.0 188.0 188.0 59.0
obstacle
0.0312541052699
10.0 258.0 97.0 33.0
obstacle
0.0311793982983
324.0 50.0 84.0 31.0
obstacle
0.0309407431632
113.0 183.0 128.0 76.0
obstacle
0.0309360809624
267.0 135.0 52.0 26.0
obstacle
0.0309074576944
310.0 186.0 106.0 25.0
obstacle
0.0307919755578
164.0 184.0 103.0 28.0
obstacle
0.0304992124438
356.0 237.0 93.0 24.0
obstacle
0.0304190553725
284.0 25.0 85.0 26.0
obstacle
0.0294407922775
0.0 207.0 63.0 32.0
obstacle
0.0293741598725
111.0 233.0 127.0 31.0
obstacle
0.0289821829647
470.0 56.0 26.0 17.0
obstacle
0.0289779119194
118.0 209.0 33.0 82.0
obstacle
0.0288711860776
11.0 208.0 97.0 31.0
obstacle
0.0285886973143
193.0 261.0 115.0 27.0
obstacle
0.0284802690148
0.0 234.0 61.0 31.0
obstacle
0.0282423086464
0.0 259.0 59.0 32.0
obstacle
0.0282162874937
63.0 209.0 377.0 131.0
obstacle
0.0280397664756
167.0 23.0 90.0 32.0
obstacle
0.0279476307333
424.0 188.0 32.0 16.0
obstacle
0.0279256477952
208.0 24.0 86.0 29.0
obstacle
0.0278524179012
320.0 77.0 92.0 30.0
obstacle
0.0277439765632
79.0 4.0 35.0 16.0
obstacle
0.0276780463755
0.0 74.0 62.0 35.0
obstacle
0.027576405555
286.0 51.0 83.0 31.0
obstacle
0.0273870788515
472.0 31.0 20.0 16.0
obstacle
0.0273450929672
423.0 0.0 37.0 84.0
obstacle
0.0272259861231
301.0 156.0 53.0 31.0
obstacle
0.0269721206278
194.0 161.0 32.0 73.0
obstacle
0.0269714575261
50.0 129.0 93.0 29.0
obstacle
0.0267491023988
392.0 31.0 24.0 13.0
obstacle
0.0267037414014
241.0 283.0 96.0 34.0
obstacle
0.0266966484487
200.0 76.0 100.0 31.0
obstacle
0.0266195237637
130.0 50.0 89.0 32.0
obstacle
0.0265285652131
270.0 105.0 114.0 81.0
obstacle
0.0265201181173
400.0 77.0 86.0 30.0
obstacle
0.0263140276074
434.0 313.0 66.0 28.0
obstacle
0.0261761192232
443.0 158.0 57.0 26.0
obstacle
0.0259751789272
127.0 76.0 94.0 32.0
obstacle
0.0258216876537
166.0 285.0 93.0 32.0
obstacle
0.0258179549128
438.0 232.0 62.0 31.0
obstacle
0.0257163569331
11.0 101.0 96.0 33.0
obstacle
0.0257142111659
162.0 75.0 100.0 33.0
obstacle
0.0256729517132
121.0 187.0 27.0 18.0
obstacle
0.025642760098
246.0 51.0 86.0 30.0
obstacle
0.0255154315382
165.0 50.0 95.0 33.0
obstacle
0.0254818182439
210.0 103.0 81.0 29.0
obstacle
0.0253589823842
51.0 102.0 91.0 30.0
obstacle
0.0252243801951
257.0 207.0 135.0 75.0
obstacle
0.0251387711614
431.0 260.0 69.0 29.0
obstacle
0.0250816177577
443.0 131.0 57.0 26.0
obstacle
0.0250346232206
0.0 155.0 59.0 32.0
obstacle
0.0250177327543
238.0 76.0 100.0 31.0
obstacle
0.0249325092882
124.0 25.0 98.0 30.0
obstacle
0.0249132551253
0.0 176.0 299.0 146.0
obstacle
0.024307012558
90.0 24.0 89.0 30.0
obstacle
0.0242950785905
352.0 138.0 24.0 13.0
obstacle
0.0242835320532
280.0 139.0 23.0 14.0
obstacle
0.0241897869855
11.0 23.0 96.0 30.0
obstacle
0.0241376105696
467.0 0.0 26.0 80.0
obstacle
0.0240693278611
2.0 0.0 192.0 57.0
obstacle
0.0240316055715
0.0 128.0 60.0 33.0
obstacle
0.0240244939923
124.0 231.0 175.0 90.0
obstacle
0.0240150094032
49.0 76.0 95.0 32.0
obstacle
0.023963753134
438.0 286.0 62.0 30.0
obstacle
0.0238410290331
17.0 286.0 88.0 31.0
obstacle
0.0238017402589
125.0 260.0 97.0 32.0
obstacle
0.0237760487944
199.0 284.0 103.0 35.0
obstacle
0.0237369053066
128.0 285.0 92.0 31.0
obstacle
0.0237217154354
120.0 238.0 30.0 20.0
obstacle
0.0236850753427
217.0 162.0 75.0 26.0
obstacle
0.0236103236675
62.0 199.0 149.0 98.0
obstacle
0.0235515013337
357.0 154.0 143.0 88.0
obstacle
0.023390173912
387.0 6.0 34.0 13.0
obstacle
0.0233018863946
0.0 101.0 58.0 33.0
obstacle
0.0232190303504
48.0 182.0 101.0 30.0
obstacle
0.0230461861938
0.0 313.0 63.0 28.0
obstacle
0.0230256263167
0.0 0.0 295.0 84.0
obstacle
0.0229565054178
282.0 284.0 93.0 34.0
obstacle
0.0229222718626
275.0 77.0 104.0 30.0
obstacle
0.0229182690382
84.0 130.0 100.0 28.0
obstacle
0.0228726863861
466.0 27.0 32.0 77.0
obstacle
0.022858010605
168.0 103.0 88.0 29.0
obstacle
0.0228115636855
133.0 214.0 162.0 67.0
obstacle
0.0228081084788
45.0 207.0 107.0 31.0
obstacle
0.0226603690535
348.0 6.0 36.0 14.0
obstacle
0.0226462259889
82.0 75.0 106.0 33.0
obstacle
0.022562738508
85.0 101.0 99.0 33.0
obstacle
0.0224775150418
125.0 102.0 97.0 31.0
obstacle
0.022476548329
389.0 188.0 27.0 15.0
obstacle
0.0224629156291
335.0 158.0 51.0 29.0
obstacle
0.022442618385
426.0 153.0 30.0 87.0
obstacle
0.0223665330559
273.0 0.0 187.0 55.0
obstacle
0.0223276615143
206.0 51.0 90.0 30.0
obstacle
0.0222607366741
13.0 179.0 94.0 34.0
obstacle
0.0220298673958
196.0 0.0 304.0 77.0
obstacle
0.0220286417753
388.0 160.0 32.0 76.0
obstacle
0.0219595357776
253.0 104.0 72.0 26.0
obstacle
0.0218409430236
116.0 4.0 37.0 17.0
obstacle
0.0217706058174
0.0 182.0 56.0 29.0
obstacle
0.0217476226389
240.0 230.0 171.0 86.0
obstacle
0.021727707237
54.0 287.0 86.0 30.0
obstacle
0.0217126756907
318.0 285.0 97.0 32.0
obstacle
0.0215767789632
194.0 5.0 36.0 15.0
obstacle
0.0215511564165
12.0 154.0 93.0 32.0
obstacle
0.0214300639927
259.0 158.0 69.0 30.0
obstacle
0.0214165002108
225.0 102.0 48.0 87.0
obstacle
0.0213636644185
331.0 103.0 73.0 29.0
obstacle
0.0212953202426
275.0 164.0 28.0 15.0
obstacle
0.0212289821357
386.0 0.0 33.0 58.0
obstacle
0.0212105438113
77.0 0.0 36.0 58.0
obstacle
0.0211341902614
0.0 286.0 56.0 30.0
obstacle
0.0211123693734
16.0 47.0 86.0 34.0
obstacle
0.0210717301816
127.0 72.0 324.0 155.0
obstacle
0.0208953507245
293.0 106.0 71.0 24.0
obstacle
0.0205889195204
168.0 233.0 89.0 34.0
obstacle
0.0205538235605
358.0 286.0 91.0 30.0
obstacle
0.0205472372472
123.0 135.0 180.0 79.0
obstacle
0.0203100349754
156.0 159.0 33.0 77.0
obstacle
0.020285975188
130.0 130.0 90.0 26.0
obstacle
0.020254522562
274.0 312.0 109.0 29.0
obstacle
0.0201241243631
232.0 5.0 36.0 15.0
obstacle
0.0201062299311
191.0 135.0 38.0 77.0
obstacle
0.0199147313833
14.0 73.0 90.0 37.0
obstacle
0.0196420513093
396.0 234.0 95.0 30.0
obstacle
0.0195907466114
191.0 231.0 39.0 89.0
obstacle
0.0194713994861
446.0 208.0 54.0 30.0
obstacle
0.0194322075695
0.0 117.0 255.0 160.0
obstacle
0.0193455088884
274.0 265.0 30.0 16.0
obstacle
0.0193086471409
228.0 229.0 40.0 95.0
obstacle
0.0192331951112
110.0 0.0 204.0 59.0
obstacle
0.0189773682505
276.0 190.0 25.0 15.0
obstacle
0.0189751312137
156.0 5.0 34.0 15.0
obstacle
0.0189627390355
239.0 311.0 102.0 30.0
obstacle
0.0189273655415
273.0 188.0 32.0 70.0
obstacle
0.0189034305513
386.0 18.0 114.0 93.0
obstacle
0.0188553985208
182.0 163.0 65.0 22.0
obstacle
0.0187736507505
309.0 5.0 35.0 14.0
obstacle
0.018722942099
49.0 156.0 95.0 28.0
obstacle
0.0186930019408
117.0 254.0 32.0 87.0
obstacle
0.018686549738
352.0 312.0 105.0 29.0
obstacle
0.018634526059
311.0 265.0 32.0 16.0
obstacle
0.0185368582606
296.0 99.0 142.0 95.0
obstacle
0.0184187795967
339.0 130.0 55.0 33.0
obstacle
0.0184098556638
346.0 0.0 36.0 60.0
obstacle
0.018360901624
13.0 128.0 93.0 31.0
obstacle
0.0183480586857
121.0 311.0 108.0 30.0
obstacle
0.0183395575732
96.0 159.0 84.0 27.0
obstacle
0.0183093287051
427.0 55.0 28.0 17.0
obstacle
0.0182653144002
202.0 234.0 298.0 107.0
obstacle
0.0182424690574
8.0 312.0 105.0 29.0
obstacle
0.0181292667985
269.0 229.0 36.0 93.0
obstacle
0.018096299842
160.0 311.0 105.0 30.0
obstacle
0.0180321596563
194.0 264.0 34.0 18.0
obstacle
0.0180204361677
4.0 6.0 25.0 15.0
obstacle
0.01801071316
81.0 310.0 108.0 31.0
obstacle
0.0179989933968
371.0 161.0 63.0 29.0
obstacle
0.0177489742637
352.0 32.0 26.0 12.0
obstacle
0.0177038945258
345.0 46.0 39.0 93.0
obstacle
0.0176831763238
42.0 4.0 32.0 16.0
obstacle
0.0176171250641
349.0 265.0 30.0 17.0
obstacle
0.0176151711494
115.0 0.0 37.0 61.0
obstacle
0.0176015105098
265.0 66.0 43.0 104.0
obstacle
0.017586665228
0.0 257.0 298.0 84.0
obstacle
0.0175195205957
272.0 5.0 32.0 14.0
obstacle
0.0174099672586
235.0 165.0 26.0 17.0
obstacle
0.0173907522112
394.0 129.0 98.0 33.0
obstacle
0.0172062572092
258.0 236.0 134.0 21.0
obstacle
0.0171999465674
463.0 50.0 36.0 85.0
obstacle
0.0171145889908
152.0 185.0 40.0 78.0
obstacle
0.0170123390853
122.0 264.0 25.0 21.0
obstacle
0.0169293340296
153.0 224.0 36.0 104.0
obstacle
0.0168856848031
273.0 42.0 185.0 100.0
obstacle
0.0168554726988
179.0 131.0 65.0 25.0
obstacle
0.0168059915304
402.0 102.0 84.0 33.0
obstacle
0.0167764648795
383.0 68.0 39.0 101.0
obstacle
0.0167477801442
314.0 163.0 25.0 16.0
obstacle
0.0167054608464
192.0 0.0 37.0 63.0
obstacle
0.0166854336858
469.0 319.0 28.0 18.0
obstacle
0.0166632644832
312.0 109.0 29.0 16.0
obstacle
0.0166479032487
199.0 310.0 105.0 31.0
obstacle
0.016631744802
364.0 129.0 82.0 32.0
obstacle
0.016540588811
5.0 191.0 181.0 62.0
obstacle
0.0164771806449
469.0 84.0 28.0 15.0
obstacle
0.016348246485
312.0 312.0 108.0 29.0
obstacle
0.0163348373026
275.0 31.0 26.0 13.0
obstacle
0.0162881631404
78.0 234.0 34.0 84.0
obstacle
0.016239233315
318.0 62.0 173.0 112.0
obstacle
0.0162280742079
377.0 89.0 49.0 111.0
obstacle
0.0161965992302
313.0 32.0 25.0 12.0
obstacle
0.0161898452789
33.0 226.0 204.0 100.0
obstacle
0.0161722768098
469.0 5.0 26.0 16.0
obstacle
0.0161250606179
387.0 82.0 33.0 18.0
obstacle
0.0160987023264
120.0 292.0 31.0 17.0
obstacle
0.0160928964615
382.0 134.0 41.0 73.0
obstacle
0.0160884596407
187.0 0.0 205.0 58.0
obstacle
0.0160275548697
2.0 0.0 33.0 55.0
obstacle
0.0160269942135
0.0 208.0 146.0 82.0
obstacle
0.0160085018724
47.0 311.0 100.0 30.0
obstacle
0.015915594995
234.0 0.0 32.0 63.0
obstacle
0.0158079192042
304.0 238.0 123.0 22.0
obstacle
0.0157975405455
309.0 292.0 36.0 19.0
obstacle
0.0157319940627
462.0 99.0 37.0 91.0
obstacle
0.0156842265278
469.0 108.0 28.0 18.0
obstacle
0.0156825389713
463.0 278.0 36.0 63.0
obstacle
0.0156325176358
1.0 292.0 33.0 49.0
obstacle
0.0156298261136
154.0 40.0 37.0 105.0
obstacle
0.0155951138586
469.0 266.0 27.0 16.0
obstacle
0.0154323726892
154.0 0.0 36.0 60.0
obstacle
0.0154199795797
307.0 209.0 110.0 22.0
obstacle
0.0154175972566
189.0 41.0 41.0 103.0
obstacle
0.0154173737392
235.0 107.0 30.0 18.0
obstacle
0.0154079319909
315.0 189.0 28.0 20.0
obstacle
0.015401577577
352.0 38.0 148.0 108.0
obstacle
0.0153572484851
309.0 251.0 34.0 90.0
obstacle
0.0152941606939
86.0 11.0 330.0 162.0
obstacle
0.0152600165457
387.0 108.0 37.0 17.0
obstacle
0.0152429770678
273.0 215.0 31.0 15.0
obstacle
0.0152019849047
386.0 224.0 114.0 103.0
obstacle
0.0151891354471
390.0 56.0 28.0 14.0
obstacle
0.0151364021003
227.0 37.0 43.0 111.0
obstacle
0.0151238972321
310.0 215.0 32.0 65.0
obstacle
0.0151207884774
119.0 57.0 31.0 16.0
obstacle
0.0150992777199
193.0 81.0 37.0 19.0
obstacle
0.0150900632143
305.0 41.0 40.0 102.0
