obstacle
0.291513234377
109.0 72.0 128.0 33.0
obstacle
0.28286960721
157.0 54.0 178.0 70.0
obstacle
0.237302780151
95.0 62.0 160.0 54.0
obstacle
0.229764789343
208.0 50.0 87.0 34.0
obstacle
0.228711098433
96.0 74.0 87.0 30.0
obstacle
0.196991473436
185.0 70.0 124.0 40.0
obstacle
0.180910393596
301.0 150.0 54.0 33.0
obstacle
0.18009288609
153.0 80.0 190.0 62.0
obstacle
0.171802923083
400.0 177.0 88.0 27.0
obstacle
0.167596369982
166.0 162.0 169.0 60.0
obstacle
0.161461517215
171.0 35.0 153.0 66.0
obstacle
0.160440132022
203.0 96.0 89.0 33.0
obstacle
0.155794560909
402.0 230.0 81.0 27.0
obstacle
0.145842209458
151.0 75.0 120.0 32.0
obstacle
0.140978768468
403.0 206.0 86.0 29.0
obstacle
0.139961138368
297.0 161.0 203.0 63.0
obstacle
0.13838596642
210.0 153.0 81.0 35.0
obstacle
0.138349324465
313.0 156.0 29.0 19.0
obstacle
0.130216211081
229.0 74.0 103.0 33.0
obstacle
0.128131628036
166.0 53.0 94.0 29.0
obstacle
0.127816677094
239.0 52.0 89.0 33.0
obstacle
0.117918431759
275.0 178.0 103.0 29.0
obstacle
0.115280099213
172.0 134.0 158.0 69.0
obstacle
0.113395161927
315.0 141.0 27.0 53.0
obstacle
0.1091555655
247.0 154.0 83.0 32.0
obstacle
0.108277991414
180.0 148.0 320.0 89.0
obstacle
0.108051016927
203.0 174.0 93.0 34.0
obstacle
0.10763155669
154.0 231.0 112.0 24.0
obstacle
0.104805149138
136.0 52.0 77.0 29.0
obstacle
0.103983655572
351.0 176.0 112.0 32.0
obstacle
0.103038147092
69.0 133.0 366.0 120.0
obstacle
0.0985499247909
234.0 50.0 28.0 77.0
obstacle
0.0985172092915
87.0 37.0 176.0 62.0
obstacle
0.0984866395593
120.0 43.0 260.0 96.0
obstacle
0.0973754301667
168.0 156.0 87.0 30.0
obstacle
0.095751658082
393.0 253.0 100.0 25.0
obstacle
0.0951277911663
94.0 200.0 84.0 31.0
obstacle
0.0917651727796
325.0 152.0 66.0 32.0
obstacle
0.0908639878035
443.0 174.0 57.0 32.0
obstacle
0.0902390703559
62.0 202.0 71.0 26.0
obstacle
0.0895822793245
229.0 98.0 108.0 29.0
obstacle
0.089010566473
443.0 230.0 57.0 26.0
obstacle
0.0877909585834
32.0 55.0 287.0 114.0
obstacle
0.0873192325234
403.0 154.0 81.0 34.0
obstacle
0.0864468216896
262.0 133.0 127.0 72.0
obstacle
0.0854473114014
193.0 33.0 33.0 63.0
obstacle
0.0849266946316
290.0 231.0 76.0 25.0
obstacle
0.0832488164306
167.0 177.0 91.0 31.0
obstacle
0.0815722793341
111.0 81.0 128.0 61.0
obstacle
0.0814104229212
121.0 155.0 107.0 27.0
obstacle
0.0800047442317
235.0 39.0 29.0 50.0
obstacle
0.0796180441976
0.0 54.0 49.0 25.0
obstacle
0.0791123658419
104.0 55.0 76.0 25.0
obstacle
0.0786363333464
229.0 177.0 117.0 31.0
obstacle
0.0780978649855
195.0 58.0 30.0 61.0
obstacle
0.0746059566736
117.0 81.0 35.0 15.0
obstacle
0.0739540606737
108.0 103.0 211.0 73.0
obstacle
0.0733989626169
170.0 202.0 79.0 27.0
obstacle
0.0733199268579
276.0 252.0 105.0 29.0
obstacle
0.0727956965566
130.0 200.0 85.0 30.0
obstacle
0.0724912360311
433.0 252.0 67.0 30.0
obstacle
0.0723388791084
235.0 132.0 29.0 70.0
obstacle
0.0720848292112
93.0 99.0 93.0 24.0
obstacle
0.0717165023088
54.0 53.0 169.0 72.0
obstacle
0.0713294148445
133.0 180.0 89.0 28.0
obstacle
0.0707571730018
357.0 232.0 101.0 24.0
obstacle
0.0702667310834
321.0 175.0 86.0 33.0
obstacle
0.070185303688
369.0 157.0 72.0 28.0
obstacle
0.0699716508389
127.0 100.0 95.0 27.0
obstacle
0.0672894045711
192.0 0.0 35.0 80.0
obstacle
0.0660566985607
241.0 160.0 170.0 64.0
obstacle
0.0653161555529
441.0 154.0 59.0 29.0
obstacle
0.0641820728779
199.0 184.0 22.0 15.0
obstacle
0.0631608739495
157.0 83.0 31.0 14.0
obstacle
0.0624470151961
423.0 182.0 36.0 16.0
obstacle
0.0623258538544
318.0 231.0 87.0 26.0
obstacle
0.0609172545373
369.0 203.0 76.0 30.0
obstacle
0.0603799894452
434.0 203.0 66.0 30.0
obstacle
0.060150090605
132.0 233.0 90.0 21.0
obstacle
0.0600981973112
238.0 159.0 26.0 15.0
obstacle
0.0600560195744
313.0 183.0 26.0 17.0
obstacle
0.0595930181444
239.0 201.0 101.0 31.0
obstacle
0.0593282133341
310.0 146.0 34.0 89.0
obstacle
0.0589462257922
157.0 36.0 29.0 57.0
obstacle
0.0582140423357
347.0 136.0 30.0 64.0
obstacle
0.058044206351
83.0 126.0 181.0 83.0
obstacle
0.0576794445515
44.0 182.0 187.0 70.0
obstacle
0.0573120601475
345.0 210.0 155.0 67.0
obstacle
0.0568901449442
194.0 131.0 32.0 74.0
obstacle
0.0563213266432
124.0 176.0 175.0 82.0
obstacle
0.0562496073544
157.0 3.0 32.0 74.0
obstacle
0.0562420301139
339.0 176.0 161.0 84.0
obstacle
0.0560516789556
385.0 183.0 33.0 19.0
obstacle
0.0559443533421
230.0 2.0 36.0 77.0
obstacle
0.054323554039
0.0 74.0 53.0 24.0
obstacle
0.0542937777936
231.0 106.0 33.0 18.0
obstacle
0.0525696799159
161.0 53.0 25.0 70.0
obstacle
0.0523536019027
467.0 181.0 32.0 17.0
obstacle
0.0516752414405
96.0 156.0 83.0 22.0
obstacle
0.0500340647995
203.0 203.0 93.0 29.0
obstacle
0.049932859838
272.0 128.0 32.0 78.0
obstacle
0.0497427694499
197.0 207.0 25.0 16.0
obstacle
0.0495556108654
426.0 212.0 30.0 15.0
obstacle
0.0490385405719
237.0 78.0 28.0 73.0
obstacle
0.0490301065147
113.0 204.0 195.0 77.0
obstacle
0.0489695854485
29.0 85.0 365.0 109.0
obstacle
0.04888208583
285.0 51.0 75.0 30.0
obstacle
0.0483639463782
238.0 58.0 23.0 15.0
obstacle
0.0482379049063
348.0 130.0 152.0 77.0
obstacle
0.0481670200825
200.0 82.0 27.0 15.0
obstacle
0.0477422177792
88.0 161.0 172.0 65.0
obstacle
0.0476323962212
204.0 228.0 95.0 27.0
obstacle
0.0476314611733
397.0 143.0 103.0 102.0
obstacle
0.0475462265313
235.0 78.0 32.0 20.0
obstacle
0.0468647815287
195.0 154.0 30.0 77.0
obstacle
0.0462511405349
88.0 179.0 100.0 30.0
obstacle
0.0455502867699
346.0 152.0 36.0 80.0
obstacle
0.0453596115112
157.0 124.0 111.0 32.0
obstacle
0.0450129248202
349.0 183.0 29.0 15.0
obstacle
0.0448639281094
353.0 254.0 106.0 25.0
obstacle
0.0448532477021
195.0 160.0 29.0 14.0
obstacle
0.0444509908557
49.0 12.0 251.0 109.0
obstacle
0.0440714433789
230.0 158.0 34.0 68.0
obstacle
0.0440035276115
270.0 204.0 118.0 29.0
obstacle
0.043049287051
210.0 26.0 79.0 33.0
obstacle
0.0427434518933
238.0 180.0 26.0 19.0
obstacle
0.0426829829812
153.0 105.0 38.0 16.0
obstacle
0.0425587147474
195.0 232.0 27.0 19.0
obstacle
0.0420151986182
194.0 183.0 32.0 69.0
obstacle
0.0419623926282
246.0 229.0 87.0 28.0
obstacle
0.0407609380782
274.0 185.0 28.0 13.0
obstacle
0.0404470935464
141.0 26.0 68.0 31.0
obstacle
0.0403934568167
198.0 58.0 25.0 15.0
obstacle
0.0403342545033
203.0 128.0 92.0 29.0
obstacle
0.040013756603
121.0 206.0 27.0 18.0
obstacle
0.039836242795
120.0 53.0 29.0 75.0
obstacle
0.0397292524576
93.0 229.0 88.0 30.0
obstacle
0.0397199243307
131.0 125.0 86.0 29.0
obstacle
0.0397081710398
242.0 254.0 96.0 29.0
obstacle
0.0393416583538
197.0 103.0 32.0 78.0
obstacle
0.0392205268145
163.0 254.0 100.0 27.0
obstacle
0.0391683764756
0.0 150.0 320.0 132.0
obstacle
0.0391311459243
116.0 182.0 34.0 72.0
obstacle
0.0389461070299
317.0 255.0 93.0 25.0
obstacle
0.0386263653636
58.0 76.0 81.0 26.0
obstacle
0.0385972261429
234.0 102.0 33.0 78.0
obstacle
0.0381848625839
385.0 131.0 35.0 71.0
obstacle
0.0381664186716
426.0 130.0 32.0 74.0
obstacle
0.0381133556366
469.0 158.0 30.0 18.0
obstacle
0.0379531718791
150.0 129.0 41.0 77.0
obstacle
0.0373307354748
244.0 129.0 90.0 25.0
obstacle
0.0372277833521
329.0 101.0 78.0 31.0
obstacle
0.0371948033571
322.0 202.0 87.0 30.0
obstacle
0.0367015339434
356.0 50.0 94.0 26.0
obstacle
0.0365495085716
445.0 50.0 55.0 25.0
obstacle
0.0364781580865
121.0 256.0 104.0 24.0
obstacle
0.0364026464522
396.0 226.0 104.0 84.0
obstacle
0.0362996421754
187.0 173.0 203.0 87.0
obstacle
0.0360314399004
308.0 102.0 33.0 82.0
obstacle
0.0359768383205
270.0 54.0 33.0 70.0
obstacle
0.0359104052186
14.0 51.0 87.0 28.0
obstacle
0.0358819663525
314.0 59.0 22.0 12.0
obstacle
0.0356508716941
436.0 23.0 64.0 29.0
obstacle
0.0356299094856
316.0 237.0 176.0 61.0
obstacle
0.0354697518051
270.0 29.0 33.0 69.0
obstacle
0.0353716649115
274.0 159.0 30.0 14.0
obstacle
0.0352237857878
14.0 74.0 84.0 29.0
obstacle
0.0351863093674
196.0 206.0 30.0 76.0
obstacle
0.0346196219325
156.0 57.0 27.0 15.0
obstacle
0.0343510918319
84.0 254.0 100.0 31.0
obstacle
0.0341418944299
353.0 23.0 101.0 30.0
obstacle
0.0341110751033
279.0 77.0 83.0 25.0
obstacle
0.0341030061245
369.0 129.0 70.0 26.0
obstacle
0.0340618044138
430.0 304.0 70.0 29.0
obstacle
0.0340445674956
247.0 235.0 159.0 66.0
obstacle
0.0337385162711
238.0 203.0 262.0 130.0
obstacle
0.0336676687002
467.0 131.0 30.0 71.0
obstacle
0.0335263907909
443.0 0.0 57.0 29.0
obstacle
0.0335057638586
97.0 128.0 84.0 28.0
obstacle
0.033350430429
249.0 209.0 154.0 68.0
obstacle
0.0333376415074
185.0 2.0 128.0 77.0
obstacle
0.0332982093096
47.0 181.0 106.0 29.0
obstacle
0.0331502258778
462.0 161.0 38.0 61.0
obstacle
0.032937657088
359.0 105.0 88.0 26.0
obstacle
0.0329164899886
426.0 260.0 31.0 16.0
obstacle
0.0327733643353
426.0 229.0 33.0 82.0
obstacle
0.032601159066
467.0 260.0 29.0 17.0
obstacle
0.0325992628932
154.0 102.0 35.0 78.0
obstacle
0.0325675681233
274.0 59.0 23.0 14.0
obstacle
0.0325350128114
158.0 149.0 29.0 86.0
obstacle
0.032152634114
167.0 24.0 89.0 34.0
obstacle
0.0320417806506
236.0 33.0 25.0 15.0
obstacle
0.0319440513849
50.0 128.0 92.0 25.0
obstacle
0.0318826511502
62.0 181.0 300.0 125.0
obstacle
0.0318438485265
428.0 235.0 26.0 14.0
obstacle
0.0316804051399
195.0 277.0 108.0 32.0
obstacle
0.0316787622869
401.0 22.0 87.0 32.0
obstacle
0.0310384165496
287.0 100.0 73.0 28.0
obstacle
0.030927753076
388.0 157.0 33.0 72.0
obstacle
0.0309148281813
60.0 233.0 78.0 23.0
obstacle
0.0308543182909
428.0 161.0 27.0 14.0
obstacle
0.0307636670768
236.0 132.0 27.0 17.0
obstacle
0.0307551212609
311.0 303.0 111.0 30.0
obstacle
0.0306226722896
330.0 131.0 68.0 27.0
obstacle
0.0306120421737
396.0 47.0 97.0 31.0
obstacle
0.0304709728807
157.0 155.0 31.0 20.0
obstacle
0.0304626524448
466.0 210.0 31.0 17.0
obstacle
0.0303404089063
280.0 21.0 94.0 37.0
obstacle
0.030081640929
200.0 305.0 102.0 28.0
obstacle
0.0298744887114
267.0 73.0 40.0 85.0
obstacle
0.0297303702682
84.0 278.0 102.0 29.0
obstacle
0.029690509662
269.0 305.0 119.0 28.0
obstacle
0.029579591006
316.0 22.0 102.0 33.0
obstacle
0.0295502431691
159.0 187.0 27.0 63.0
obstacle
0.0294669289142
0.0 0.0 59.0 30.0
obstacle
0.029318023473
425.0 184.0 36.0 67.0
obstacle
0.0293141137809
464.0 224.0 33.0 91.0
obstacle
0.0292871780694
124.0 34.0 25.0 60.0
obstacle
0.0292221978307
427.0 206.0 29.0 74.0
obstacle
0.0291835349053
198.0 33.0 27.0 15.0
obstacle
0.0290504265577
0.0 125.0 63.0 32.0
obstacle
0.0289410129189
156.0 305.0 112.0 28.0
obstacle
0.0289110448211
46.0 254.0 103.0 27.0
obstacle
0.0288427565247
272.0 107.0 30.0 17.0
obstacle
0.0287752337754
197.0 132.0 29.0 17.0
obstacle
0.0284845679998
196.0 79.0 32.0 69.0
obstacle
0.0284514948726
158.0 33.0 28.0 16.0
obstacle
0.0283013693988
197.0 106.0 31.0 17.0
obstacle
0.0282526668161
391.0 211.0 27.0 14.0
obstacle
0.028081972152
119.0 58.0 29.0 15.0
obstacle
0.027877451852
0.0 21.0 55.0 35.0
obstacle
0.0278660710901
308.0 223.0 36.0 92.0
obstacle
0.0277970787138
5.0 59.0 17.0 13.0
obstacle
0.0277132410556
428.0 154.0 33.0 76.0
obstacle
0.027685476467
234.0 304.0 111.0 29.0
obstacle
0.0275710616261
54.0 0.0 83.0 27.0
obstacle
0.0274611115456
451.0 127.0 49.0 27.0
obstacle
0.0273491926491
55.0 51.0 86.0 27.0
obstacle
0.0271917954087
155.0 80.0 36.0 71.0
obstacle
0.0270291604102
298.0 131.0 58.0 29.0
obstacle
0.0268898550421
11.0 126.0 93.0 30.0
obstacle
0.0268568824977
163.0 279.0 100.0 29.0
obstacle
0.0268352795392
113.0 148.0 40.0 90.0
obstacle
0.0267029684037
273.0 83.0 25.0 14.0
obstacle
0.0266943573952
0.0 304.0 67.0 29.0
obstacle
0.026620561257
54.0 154.0 87.0 25.0
obstacle
0.0266136173159
440.0 102.0 60.0 26.0
obstacle
0.0264670588076
53.0 76.0 170.0 76.0
obstacle
0.026416381821
314.0 209.0 25.0 17.0
obstacle
0.0260418094695
275.0 208.0 26.0 17.0
obstacle
0.0260068923235
311.0 33.0 29.0 63.0
obstacle
0.025977505371
441.0 281.0 59.0 27.0
obstacle
0.0259385928512
14.0 202.0 92.0 29.0
obstacle
0.0258211772889
442.0 74.0 58.0 29.0
obstacle
0.0257166344672
327.0 75.0 79.0 30.0
obstacle
0.0256159715354
50.0 200.0 174.0 85.0
obstacle
0.0255255550146
350.0 158.0 24.0 15.0
obstacle
0.0253592357039
81.0 208.0 28.0 17.0
obstacle
0.0253206826746
312.0 235.0 28.0 17.0
obstacle
0.025309048593
276.0 0.0 102.0 30.0
obstacle
0.0252712666988
161.0 185.0 25.0 16.0
obstacle
0.0249991025776
53.0 230.0 398.0 103.0
obstacle
0.024770539254
0.0 227.0 67.0 34.0
obstacle
0.0247218739241
35.0 222.0 201.0 92.0
obstacle
0.0246256627142
54.0 21.0 86.0 32.0
obstacle
0.0245670452714
247.0 23.0 80.0 37.0
obstacle
0.0245585627854
238.0 208.0 23.0 16.0
obstacle
0.0243916735053
403.0 128.0 82.0 27.0
obstacle
0.0243825819343
19.0 23.0 81.0 31.0
obstacle
0.024346107617
122.0 157.0 27.0 16.0
obstacle
0.0243388656527
204.0 105.0 169.0 70.0
obstacle
0.0240205544978
389.0 160.0 29.0 14.0
obstacle
0.0239279549569
272.0 201.0 35.0 84.0
obstacle
0.0237461943179
395.0 105.0 97.0 24.0
obstacle
0.0236043725163
311.0 260.0 31.0 15.0
obstacle
0.0236030630767
271.0 280.0 113.0 30.0
obstacle
0.0235742293298
95.0 0.0 155.0 80.0
obstacle
0.0235542058945
14.0 151.0 91.0 31.0
obstacle
0.0234581939876
164.0 4.0 325.0 122.0
obstacle
0.0234158672392
245.0 0.0 89.0 29.0
obstacle
0.0233664084226
319.0 51.0 94.0 28.0
obstacle
0.0233452860266
190.0 255.0 120.0 28.0
obstacle
0.0232445839792
470.0 234.0 23.0 16.0
obstacle
0.0232009887695
358.0 76.0 91.0 27.0
obstacle
0.0231911502779
347.0 98.0 30.0 89.0
obstacle
0.0230829752982
0.0 150.0 62.0 33.0
obstacle
0.0230775084347
82.0 172.0 30.0 93.0
obstacle
0.0229763053358
310.0 207.0 33.0 71.0
obstacle
0.022839827463
350.0 0.0 107.0 27.0
obstacle
0.0227517094463
0.0 278.0 64.0 33.0
obstacle
0.0227230843157
14.0 0.0 90.0 29.0
obstacle
0.0226996745914
118.0 229.0 188.0 78.0
obstacle
0.0226777698845
126.0 281.0 95.0 25.0
obstacle
0.0226528272033
349.0 208.0 30.0 71.0
obstacle
0.0224990192801
149.0 250.0 202.0 83.0
obstacle
0.022476810962
0.0 201.0 62.0 34.0
obstacle
0.0224304143339
230.0 172.0 37.0 91.0
obstacle
0.0224241986871
117.0 105.0 36.0 19.0
obstacle
0.022396016866
393.0 279.0 101.0 32.0
obstacle
0.0222896896303
93.0 0.0 83.0 28.0
