obstacle
0.881735026836
55.0 77.0 384.0 131.0
obstacle
0.211954966187
92.0 102.0 94.0 29.0
obstacle
0.155538335443
168.0 100.0 166.0 82.0
obstacle
0.114366419613
73.0 77.0 129.0 80.0
obstacle
0.0999556407332
132.0 102.0 69.0 31.0
obstacle
0.0973802432418
66.0 75.0 70.0 29.0
obstacle
0.084631614387
0.0 57.0 327.0 123.0
obstacle
0.0840062126517
96.0 78.0 71.0 31.0
obstacle
0.0835328251123
278.0 200.0 98.0 29.0
obstacle
0.0783975273371
386.0 185.0 36.0 17.0
obstacle
0.0767593458295
104.0 95.0 141.0 91.0
obstacle
0.0737201794982
121.0 76.0 27.0 78.0
obstacle
0.0690447762609
286.0 124.0 69.0 35.0
obstacle
0.0664286389947
64.0 98.0 80.0 34.0
obstacle
0.0663054510951
362.0 179.0 84.0 32.0
obstacle
0.0645860135555
119.0 108.0 29.0 14.0
obstacle
0.0639364421368
0.0 98.0 316.0 130.0
obstacle
0.0583361648023
86.0 87.0 24.0 56.0
obstacle
0.0579309277236
139.0 122.0 301.0 131.0
obstacle
0.0561618991196
69.0 125.0 65.0 31.0
obstacle
0.0538471974432
157.0 108.0 28.0 15.0
obstacle
0.0535646341741
116.0 53.0 31.0 77.0
obstacle
0.0507951974869
156.0 76.0 28.0 80.0
obstacle
0.0502794161439
151.0 46.0 36.0 90.0
obstacle
0.0500351265073
85.0 64.0 25.0 54.0
obstacle
0.0498865656555
320.0 148.0 165.0 88.0
obstacle
0.0484544225037
311.0 180.0 109.0 24.0
obstacle
0.0448487810791
69.0 58.0 131.0 69.0
obstacle
0.0440149381757
235.0 201.0 110.0 26.0
obstacle
0.0430549494922
433.0 176.0 67.0 30.0
obstacle
0.0425694137812
93.0 128.0 92.0 24.0
obstacle
0.0417259410024
245.0 128.0 93.0 31.0
obstacle
0.0417137145996
255.0 99.0 132.0 89.0
obstacle
0.041679866612
86.0 81.0 23.0 17.0
obstacle
0.041480332613
282.0 180.0 91.0 29.0
obstacle
0.0410738922656
98.0 22.0 304.0 141.0
obstacle
0.0410714969039
84.0 132.0 28.0 13.0
obstacle
0.0406992547214
403.0 22.0 80.0 30.0
obstacle
0.0402376018465
247.0 175.0 161.0 80.0
obstacle
0.0398080796003
435.0 202.0 65.0 31.0
obstacle
0.039105348289
253.0 129.0 247.0 124.0
obstacle
0.0390945374966
124.0 126.0 102.0 29.0
obstacle
0.038776177913
0.0 0.0 64.0 29.0
obstacle
0.038219217211
85.0 49.0 175.0 87.0
obstacle
0.0381664671004
0.0 306.0 68.0 27.0
obstacle
0.0381469503045
385.0 149.0 39.0 86.0
obstacle
0.0378403551877
358.0 200.0 92.0 32.0
obstacle
0.0371616706252
440.0 23.0 60.0 30.0
obstacle
0.0371093340218
357.0 23.0 94.0 30.0
obstacle
0.0369412116706
439.0 47.0 61.0 30.0
obstacle
0.0367074124515
85.0 106.0 24.0 72.0
obstacle
0.0365071967244
190.0 43.0 37.0 95.0
obstacle
0.0361918732524
21.0 96.0 160.0 88.0
obstacle
0.0360144749284
225.0 39.0 46.0 103.0
obstacle
0.0352152585983
55.0 149.0 85.0 30.0
obstacle
0.0348783023655
162.0 132.0 23.0 16.0
obstacle
0.0343833267689
0.0 151.0 59.0 29.0
obstacle
0.0342809669673
318.0 0.0 93.0 26.0
obstacle
0.0341922827065
432.0 304.0 68.0 29.0
obstacle
0.0341624319553
355.0 0.0 98.0 27.0
obstacle
0.0341241769493
208.0 122.0 157.0 79.0
obstacle
0.0340512134135
359.0 48.0 89.0 31.0
obstacle
0.0338709466159
434.0 73.0 66.0 32.0
obstacle
0.0337576158345
439.0 0.0 61.0 28.0
obstacle
0.0328694023192
435.0 279.0 65.0 31.0
obstacle
0.0328008830547
13.0 0.0 94.0 29.0
obstacle
0.0327750854194
40.0 71.0 33.0 89.0
obstacle
0.0324057787657
135.0 79.0 70.0 29.0
obstacle
0.0322566069663
240.0 0.0 99.0 27.0
obstacle
0.0320278331637
400.0 0.0 88.0 28.0
obstacle
0.0319388248026
0.0 126.0 61.0 31.0
obstacle
0.0318925455213
12.0 73.0 97.0 35.0
obstacle
0.0318044349551
284.0 74.0 86.0 31.0
obstacle
0.0317441672087
52.0 0.0 90.0 28.0
obstacle
0.0314472131431
432.0 98.0 68.0 32.0
obstacle
0.0313046909869
245.0 48.0 86.0 32.0
obstacle
0.0312873572111
10.0 125.0 103.0 31.0
obstacle
0.0312546230853
0.0 176.0 62.0 32.0
obstacle
0.0312018226832
399.0 46.0 87.0 33.0
obstacle
0.0311739258468
392.0 202.0 99.0 29.0
obstacle
0.0311543699354
440.0 150.0 60.0 32.0
obstacle
0.03112263605
281.0 0.0 93.0 26.0
obstacle
0.0310748815536
209.0 75.0 81.0 31.0
obstacle
0.031070465222
10.0 227.0 97.0 31.0
obstacle
0.0310645122081
0.0 72.0 61.0 33.0
obstacle
0.0305340886116
313.0 134.0 28.0 14.0
obstacle
0.0305093377829
268.0 40.0 37.0 101.0
obstacle
0.0300175733864
16.0 152.0 88.0 29.0
obstacle
0.0298419836909
239.0 133.0 26.0 18.0
obstacle
0.0297644734383
246.0 75.0 83.0 30.0
obstacle
0.029745426029
276.0 133.0 28.0 17.0
obstacle
0.0297094453126
283.0 47.0 90.0 34.0
obstacle
0.0296855047345
170.0 50.0 162.0 81.0
obstacle
0.0293474234641
88.0 105.0 22.0 16.0
obstacle
0.0292297936976
266.0 108.0 42.0 66.0
obstacle
0.0290914941579
117.0 98.0 34.0 86.0
obstacle
0.0290257483721
235.0 81.0 31.0 18.0
obstacle
0.0288429260254
159.0 48.0 333.0 144.0
obstacle
0.0287776067853
306.0 108.0 35.0 67.0
obstacle
0.0286532472819
232.0 19.0 32.0 93.0
obstacle
0.0285253915936
132.0 75.0 162.0 87.0
obstacle
0.0284720528871
442.0 252.0 58.0 32.0
obstacle
0.0281744152308
312.0 205.0 29.0 20.0
obstacle
0.0281592458487
15.0 176.0 89.0 30.0
obstacle
0.0280150678009
321.0 23.0 89.0 29.0
obstacle
0.0279805958271
435.0 125.0 65.0 30.0
obstacle
0.0279671736062
132.0 22.0 83.0 33.0
obstacle
0.0279525090009
0.0 202.0 59.0 32.0
obstacle
0.0277681071311
171.0 76.0 81.0 29.0
obstacle
0.0277620237321
401.0 178.0 81.0 31.0
obstacle
0.0277610644698
273.0 82.0 31.0 17.0
obstacle
0.0274596642703
45.0 176.0 103.0 30.0
obstacle
0.0264349337667
307.0 43.0 37.0 95.0
obstacle
0.0264110583812
467.0 182.0 31.0 19.0
obstacle
0.0263595599681
323.0 48.0 84.0 31.0
obstacle
0.0263031870127
0.0 99.0 62.0 33.0
obstacle
0.0260914508253
196.0 15.0 186.0 99.0
obstacle
0.0260865222663
169.0 49.0 85.0 31.0
obstacle
0.0259811561555
284.0 23.0 88.0 28.0
obstacle
0.0259369723499
0.0 228.0 63.0 30.0
obstacle
0.0251135975122
436.0 226.0 64.0 32.0
obstacle
0.0250021070242
307.0 155.0 36.0 70.0
obstacle
0.0249990709126
325.0 74.0 84.0 31.0
obstacle
0.0249525904655
311.0 201.0 107.0 30.0
obstacle
0.0248480569571
120.0 84.0 21.0 15.0
obstacle
0.0247369017452
129.0 0.0 89.0 28.0
obstacle
0.0247305482626
205.0 129.0 98.0 29.0
obstacle
0.0247059687972
154.0 104.0 32.0 73.0
obstacle
0.0246634390205
325.0 129.0 71.0 24.0
obstacle
0.0246448926628
90.0 0.0 89.0 25.0
obstacle
0.024530986324
310.0 174.0 31.0 87.0
obstacle
0.0245248321444
61.0 52.0 71.0 26.0
obstacle
0.0243980810046
166.0 0.0 93.0 29.0
obstacle
0.024236522615
363.0 127.0 84.0 29.0
obstacle
0.0240780990571
96.0 23.0 79.0 28.0
obstacle
0.0238616038114
359.0 76.0 92.0 28.0
obstacle
0.0237999930978
294.0 102.0 59.0 33.0
obstacle
0.0237281788141
209.0 48.0 82.0 32.0
obstacle
0.0236269496381
65.0 120.0 143.0 88.0
obstacle
0.0236108992249
240.0 21.0 97.0 33.0
obstacle
0.023584196344
10.0 250.0 99.0 35.0
obstacle
0.0235216394067
164.0 23.0 96.0 29.0
obstacle
0.0235115811229
0.0 253.0 60.0 32.0
obstacle
0.0234589762986
196.0 201.0 109.0 28.0
obstacle
0.0232819598168
19.0 98.0 83.0 34.0
obstacle
0.0232491735369
158.0 83.0 27.0 16.0
obstacle
0.0232182573527
0.0 279.0 63.0 32.0
obstacle
0.0231757052243
47.0 22.0 99.0 29.0
obstacle
0.0231342464685
0.0 50.0 60.0 29.0
obstacle
0.023117467761
0.0 40.0 152.0 99.0
obstacle
0.0230970215052
205.0 0.0 91.0 27.0
obstacle
0.0229473076761
124.0 18.0 176.0 92.0
obstacle
0.022646645084
43.0 305.0 110.0 28.0
obstacle
0.0222867894918
90.0 150.0 95.0 31.0
obstacle
0.0221808049828
349.0 277.0 110.0 34.0
obstacle
0.0219973362982
83.0 157.0 27.0 14.0
obstacle
0.0218284167349
361.0 100.0 90.0 32.0
obstacle
0.0217915736139
77.0 27.0 34.0 76.0
obstacle
0.0217225719243
272.0 55.0 33.0 18.0
obstacle
0.0216081477702
197.0 82.0 28.0 16.0
obstacle
0.0215986892581
147.0 124.0 133.0 76.0
obstacle
0.0215758103877
312.0 82.0 30.0 16.0
obstacle
0.0215050410479
281.0 228.0 93.0 29.0
obstacle
0.0214991159737
186.0 71.0 45.0 92.0
obstacle
0.0214899405837
96.0 52.0 73.0 28.0
obstacle
0.0214392561466
226.0 108.0 43.0 66.0
obstacle
0.0213804338127
399.0 150.0 88.0 35.0
obstacle
0.0212181862444
167.0 278.0 87.0 31.0
obstacle
0.0211597736925
198.0 23.0 105.0 30.0
obstacle
0.0211552679539
83.0 253.0 106.0 33.0
obstacle
0.0210841782391
158.0 305.0 110.0 28.0
obstacle
0.0207850299776
354.0 227.0 103.0 31.0
obstacle
0.0207758247852
156.0 19.0 33.0 93.0
obstacle
0.0207299049944
81.0 306.0 108.0 27.0
obstacle
0.0207094457
198.0 305.0 105.0 28.0
obstacle
0.0206814259291
468.0 55.0 27.0 17.0
obstacle
0.0205471422523
313.0 0.0 183.0 87.0
obstacle
0.0205370206386
174.0 0.0 308.0 131.0
obstacle
0.0205202754587
245.0 251.0 87.0 35.0
obstacle
0.0205089785159
0.0 23.0 61.0 31.0
obstacle
0.0204572454095
136.0 50.0 75.0 28.0
obstacle
0.0203871075064
387.0 207.0 31.0 17.0
obstacle
0.0202397424728
49.0 202.0 95.0 32.0
obstacle
0.0201891008765
167.0 227.0 91.0 32.0
obstacle
0.0201061014086
351.0 305.0 108.0 28.0
obstacle
0.020087858662
386.0 28.0 33.0 19.0
obstacle
0.0200802944601
267.0 81.0 233.0 122.0
obstacle
0.0200779121369
144.0 228.0 292.0 105.0
obstacle
0.0199727900326
467.0 209.0 27.0 17.0
obstacle
0.0199230704457
11.0 23.0 97.0 30.0
obstacle
0.0198949575424
353.0 170.0 147.0 93.0
obstacle
0.0198416467756
241.0 43.0 172.0 95.0
obstacle
0.0198322664946
86.0 226.0 99.0 34.0
obstacle
0.0197503101081
382.0 182.0 43.0 71.0
obstacle
0.0196856372058
277.0 252.0 100.0 31.0
obstacle
0.0196276213974
275.0 306.0 106.0 27.0
obstacle
0.0196275692433
91.0 277.0 90.0 32.0
obstacle
0.0196097977459
235.0 304.0 109.0 29.0
obstacle
0.0195676516742
154.0 176.0 195.0 79.0
obstacle
0.019528619945
200.0 134.0 22.0 15.0
obstacle
0.0194299593568
0.0 126.0 144.0 82.0
obstacle
0.0192730501294
85.0 200.0 101.0 35.0
obstacle
0.0192598048598
206.0 251.0 91.0 35.0
obstacle
0.0192170273513
0.0 81.0 34.0 68.0
obstacle
0.0191318970174
393.0 251.0 101.0 35.0
obstacle
0.0191279612482
0.0 68.0 110.0 94.0
obstacle
0.0191145651042
310.0 54.0 34.0 18.0
obstacle
0.019060684368
178.0 104.0 62.0 28.0
obstacle
0.019050842151
192.0 0.0 34.0 91.0
obstacle
0.0190494116396
0.0 103.0 33.0 75.0
obstacle
0.0189955811948
386.0 53.0 34.0 20.0
obstacle
0.0189604945481
201.0 153.0 173.0 74.0
obstacle
0.0188680160791
0.0 56.0 34.0 68.0
obstacle
0.0188660342246
350.0 253.0 106.0 31.0
obstacle
0.0188181959093
169.0 253.0 87.0 31.0
obstacle
0.0187455825508
348.0 20.0 33.0 90.0
obstacle
0.0187277924269
201.0 77.0 173.0 81.0
obstacle
0.0186747107655
0.0 61.0 180.0 159.0
obstacle
0.0185243953019
308.0 197.0 35.0 93.0
obstacle
0.0184911061078
41.0 106.0 32.0 15.0
obstacle
0.0184110216796
129.0 226.0 91.0 34.0
obstacle
0.0183548890054
80.0 130.0 34.0 73.0
obstacle
0.0183263216168
161.0 202.0 101.0 30.0
obstacle
0.0183214005083
0.0 174.0 301.0 139.0
obstacle
0.0183202791959
233.0 55.0 33.0 18.0
obstacle
0.0182318370789
52.0 253.0 88.0 32.0
obstacle
0.0182010158896
272.0 175.0 33.0 85.0
obstacle
0.0181906148791
468.0 106.0 29.0 18.0
obstacle
0.0181202162057
124.0 132.0 23.0 13.0
obstacle
0.0180873256177
242.0 276.0 96.0 36.0
obstacle
0.0180528257042
255.0 104.0 65.0 28.0
obstacle
0.0180229060352
48.0 228.0 95.0 31.0
obstacle
0.0179101806134
61.0 0.0 303.0 110.0
obstacle
0.0177503712475
192.0 0.0 193.0 66.0
obstacle
0.0177249833941
398.0 278.0 89.0 33.0
obstacle
0.0176158994436
157.0 286.0 31.0 16.0
obstacle
0.0175988487899
0.0 0.0 150.0 64.0
obstacle
0.0175204072148
195.0 55.0 33.0 17.0
obstacle
0.0174953863025
268.0 3.0 39.0 15.0
obstacle
0.0173297822475
468.0 30.0 25.0 17.0
obstacle
0.0173031315207
464.0 20.0 33.0 89.0
obstacle
0.0172114875168
345.0 102.0 34.0 80.0
obstacle
0.0171932242811
129.0 253.0 91.0 33.0
obstacle
0.017059372738
113.0 306.0 123.0 27.0
obstacle
0.0170536246151
234.0 177.0 266.0 131.0
obstacle
0.0170294251293
128.0 275.0 90.0 36.0
obstacle
0.017026565969
466.0 312.0 31.0 16.0
obstacle
0.0169997867197
348.0 181.0 31.0 20.0
obstacle
0.0169267840683
1.0 132.0 29.0 16.0
obstacle
0.0168739724904
310.0 185.0 33.0 16.0
obstacle
0.0168663989753
347.0 133.0 27.0 13.0
obstacle
0.016857476905
462.0 150.0 37.0 85.0
obstacle
0.0168109536171
469.0 158.0 27.0 16.0
obstacle
0.0167315527797
344.0 44.0 40.0 94.0
obstacle
0.0167098976672
202.0 278.0 96.0 31.0
obstacle
0.016671910882
272.0 207.0 32.0 19.0
obstacle
0.0166649445891
230.0 179.0 37.0 79.0
obstacle
0.0166295487434
0.0 275.0 106.0 58.0
obstacle
0.0165416318923
268.0 0.0 38.0 63.0
obstacle
0.016534762457
391.0 37.0 109.0 105.0
obstacle
0.0165293123573
4.0 106.0 26.0 16.0
obstacle
0.016509000212
40.0 81.0 33.0 17.0
obstacle
0.0164905972779
17.0 203.0 86.0 30.0
obstacle
0.0164470896125
1.0 81.0 29.0 16.0
obstacle
0.0164243485779
16.0 48.0 89.0 32.0
obstacle
0.0164192635566
311.0 247.0 186.0 86.0
obstacle
0.0163949504495
461.0 248.0 37.0 85.0
obstacle
0.0163701884449
385.0 0.0 36.0 88.0
obstacle
0.0163473840803
40.0 3.0 34.0 16.0
obstacle
0.0161963086575
191.0 108.0 34.0 66.0
obstacle
0.0161700882018
469.0 81.0 28.0 17.0
obstacle
0.0160671751946
321.0 19.0 179.0 141.0
obstacle
0.0160667821765
314.0 305.0 104.0 28.0
obstacle
0.0160376615822
279.0 36.0 19.0 57.0
obstacle
0.0160319060087
193.0 29.0 36.0 18.0
obstacle
0.0160198304802
284.0 279.0 88.0 30.0
obstacle
0.0159825887531
86.0 0.0 174.0 94.0
obstacle
0.0159143768251
12.0 279.0 98.0 32.0
obstacle
0.0158384814858
386.0 4.0 34.0 13.0
obstacle
0.015834890306
462.0 197.0 37.0 93.0
obstacle
0.0158210583031
393.0 164.0 20.0 57.0
obstacle
0.0157993640751
426.0 277.0 34.0 56.0
obstacle
0.0157789736986
0.0 0.0 34.0 52.0
obstacle
0.0157770831138
461.0 45.0 39.0 90.0
obstacle
0.0157613102347
314.0 252.0 103.0 33.0
obstacle
0.0157256498933
425.0 23.0 34.0 84.0
obstacle
0.0157122276723
426.0 30.0 31.0 17.0
obstacle
0.0157103408128
3.0 158.0 23.0 15.0
obstacle
0.0156844574958
191.0 150.0 39.0 82.0
obstacle
0.0156622510403
396.0 184.0 17.0 15.0
obstacle
0.0155853023753
220.0 182.0 143.0 22.0
obstacle
0.0155377108604
392.0 194.0 108.0 98.0
obstacle
0.0155132114887
469.0 133.0 27.0 15.0
obstacle
0.0155001273379
77.0 150.0 36.0 87.0
obstacle
0.0154935820028
321.0 101.0 89.0 31.0
obstacle
0.0154634714127
315.0 200.0 177.0 86.0
obstacle
0.0154581721872
347.0 3.0 36.0 14.0
obstacle
0.0154371950775
468.0 5.0 28.0 14.0
obstacle
0.0154163120314
156.0 254.0 34.0 79.0
obstacle
0.0153885446489
321.0 278.0 89.0 31.0
