obstacle
0.842831611633
143.0 188.0 140.0 47.0
obstacle
0.726410627365
183.0 107.0 69.0 26.0
obstacle
0.648555099964
25.0 128.0 47.0 18.0
obstacle
0.598590314388
265.0 143.0 54.0 34.0
obstacle
0.568517327309
281.0 147.0 62.0 30.0
obstacle
0.507960498333
238.0 157.0 23.0 17.0
obstacle
0.457822144032
232.0 150.0 41.0 33.0
obstacle
0.440489798784
35.0 113.0 43.0 21.0
obstacle
0.377462893724
199.0 109.0 75.0 20.0
obstacle
0.369146943092
42.0 129.0 22.0 16.0
obstacle
0.35259270668
9.0 130.0 48.0 20.0
obstacle
0.339957594872
308.0 157.0 28.0 12.0
obstacle
0.313538104296
131.0 179.0 97.0 36.0
obstacle
0.311745852232
199.0 111.0 28.0 15.0
obstacle
0.28915065527
95.0 168.0 169.0 58.0
obstacle
0.285690635443
174.0 178.0 70.0 44.0
obstacle
0.257265031338
166.0 89.0 95.0 57.0
obstacle
0.255776256323
135.0 197.0 102.0 35.0
obstacle
0.219164118171
271.0 155.0 32.0 16.0
obstacle
0.209381967783
147.0 121.0 58.0 22.0
obstacle
0.190515518188
154.0 109.0 60.0 23.0
obstacle
0.187504708767
0.0 108.0 56.0 22.0
obstacle
0.163137719035
47.0 113.0 17.0 14.0
obstacle
0.163081869483
247.0 137.0 86.0 52.0
obstacle
0.158076241612
262.0 143.0 121.0 45.0
obstacle
0.154855459929
177.0 118.0 68.0 28.0
obstacle
0.141622841358
161.0 113.0 24.0 13.0
obstacle
0.129527896643
235.0 110.0 21.0 13.0
obstacle
0.121096618474
221.0 126.0 48.0 30.0
obstacle
0.120472021401
0.0 112.0 126.0 55.0
obstacle
0.117239803076
11.0 132.0 20.0 16.0
obstacle
0.108958929777
20.0 148.0 70.0 24.0
obstacle
0.103146567941
56.0 129.0 59.0 19.0
obstacle
0.102843366563
194.0 207.0 28.0 18.0
obstacle
0.0976922884583
161.0 124.0 19.0 16.0
obstacle
0.0940099060535
256.0 132.0 60.0 29.0
obstacle
0.0876525565982
290.0 134.0 58.0 27.0
obstacle
0.0856913551688
129.0 112.0 168.0 44.0
obstacle
0.0831063985825
173.0 225.0 78.0 26.0
obstacle
0.0818981155753
103.0 181.0 83.0 26.0
obstacle
0.078933224082
137.0 151.0 76.0 32.0
obstacle
0.0739673823118
106.0 126.0 63.0 21.0
obstacle
0.0738869681954
185.0 153.0 59.0 29.0
obstacle
0.0726295858622
316.0 154.0 78.0 24.0
obstacle
0.07156214118
10.0 112.0 18.0 11.0
obstacle
0.0690803602338
172.0 79.0 78.0 33.0
obstacle
0.066143900156
0.0 151.0 55.0 23.0
obstacle
0.0644100755453
84.0 131.0 20.0 11.0
obstacle
0.0637683272362
203.0 128.0 18.0 12.0
obstacle
0.0636030808091
182.0 132.0 135.0 68.0
obstacle
0.0618047267199
126.0 110.0 21.0 12.0
obstacle
0.0574023239315
0.0 77.0 56.0 31.0
obstacle
0.0571514070034
284.0 174.0 76.0 30.0
obstacle
0.0543398633599
197.0 194.0 29.0 45.0
obstacle
0.0539548024535
248.0 105.0 69.0 24.0
obstacle
0.0529846400023
85.0 106.0 182.0 64.0
obstacle
0.0529142841697
319.0 137.0 16.0 13.0
obstacle
0.0527787730098
21.0 78.0 72.0 34.0
obstacle
0.0524896867573
127.0 55.0 171.0 78.0
obstacle
0.0524603165686
49.0 122.0 14.0 34.0
obstacle
0.0523242689669
5.0 168.0 348.0 91.0
obstacle
0.0508004166186
63.0 111.0 47.0 18.0
obstacle
0.0499345771968
84.0 137.0 187.0 57.0
obstacle
0.0494526475668
0.0 227.0 54.0 32.0
obstacle
0.0486659370363
109.0 109.0 60.0 20.0
obstacle
0.0475501716137
47.0 98.0 17.0 36.0
obstacle
0.047145973891
213.0 77.0 66.0 32.0
obstacle
0.0464467406273
160.0 162.0 21.0 59.0
obstacle
0.0463644713163
441.0 126.0 59.0 29.0
obstacle
0.0460622124374
183.0 170.0 126.0 51.0
obstacle
0.0451230555773
203.0 111.0 158.0 63.0
obstacle
0.0446027927101
235.0 207.0 28.0 16.0
obstacle
0.0439610928297
131.0 226.0 93.0 25.0
obstacle
0.043571587652
134.0 203.0 156.0 65.0
obstacle
0.0423693209887
216.0 173.0 51.0 38.0
obstacle
0.0423562675714
246.0 201.0 70.0 27.0
obstacle
0.0422667525709
0.0 76.0 97.0 82.0
obstacle
0.0421947576106
104.0 202.0 80.0 25.0
obstacle
0.0416571088135
364.0 126.0 80.0 32.0
obstacle
0.0415519177914
203.0 102.0 17.0 24.0
obstacle
0.0400644242764
288.0 137.0 143.0 57.0
obstacle
0.0400070250034
253.0 175.0 61.0 25.0
obstacle
0.0395134799182
6.0 228.0 104.0 30.0
obstacle
0.0394364073873
164.0 209.0 20.0 15.0
obstacle
0.039249163121
325.0 102.0 81.0 29.0
obstacle
0.0392254292965
85.0 113.0 17.0 9.0
obstacle
0.0391348190606
364.0 153.0 76.0 28.0
obstacle
0.0386746823788
55.0 175.0 87.0 32.0
obstacle
0.0373218171299
160.0 186.0 27.0 13.0
obstacle
0.0370695069432
352.0 158.0 26.0 12.0
obstacle
0.0370172783732
97.0 150.0 78.0 27.0
obstacle
0.0366673246026
439.0 0.0 61.0 30.0
obstacle
0.0360880419612
144.0 160.0 290.0 112.0
obstacle
0.0359880588949
0.0 178.0 54.0 27.0
obstacle
0.0356190949678
325.0 129.0 72.0 27.0
obstacle
0.0355964638293
172.0 50.0 80.0 32.0
obstacle
0.0355749763548
318.0 175.0 91.0 32.0
obstacle
0.0348729677498
0.0 252.0 61.0 32.0
obstacle
0.0347359552979
436.0 20.0 64.0 34.0
obstacle
0.0346845909953
290.0 104.0 71.0 26.0
obstacle
0.0345829091966
440.0 254.0 60.0 29.0
obstacle
0.0345615595579
390.0 133.0 28.0 14.0
obstacle
0.0344723761082
247.0 105.0 149.0 80.0
obstacle
0.0340435281396
360.0 176.0 87.0 31.0
obstacle
0.03389794752
231.0 52.0 31.0 78.0
obstacle
0.0338735505939
205.0 50.0 90.0 31.0
obstacle
0.0331819020212
437.0 226.0 63.0 33.0
obstacle
0.0331206023693
124.0 127.0 21.0 16.0
obstacle
0.032817453146
133.0 49.0 81.0 32.0
obstacle
0.0327687710524
201.0 87.0 25.0 9.0
obstacle
0.0326818227768
13.0 177.0 95.0 29.0
obstacle
0.0322080515325
0.0 126.0 160.0 72.0
obstacle
0.0320068150759
283.0 203.0 82.0 28.0
obstacle
0.0318238884211
235.0 94.0 21.0 42.0
obstacle
0.0317954607308
441.0 100.0 59.0 31.0
obstacle
0.0317713245749
320.0 201.0 88.0 31.0
obstacle
0.0316877625883
283.0 136.0 17.0 11.0
obstacle
0.0316115841269
400.0 122.0 87.0 36.0
obstacle
0.0315412916243
435.0 306.0 65.0 27.0
obstacle
0.0314990691841
161.0 119.0 18.0 42.0
obstacle
0.0314708314836
208.0 20.0 83.0 36.0
obstacle
0.0313741452992
439.0 150.0 61.0 33.0
obstacle
0.0310172773898
158.0 130.0 27.0 73.0
obstacle
0.0308845322579
157.0 196.0 34.0 39.0
obstacle
0.0308699253947
248.0 19.0 81.0 38.0
obstacle
0.0307701602578
364.0 101.0 80.0 31.0
obstacle
0.0307413600385
243.0 46.0 88.0 36.0
obstacle
0.0306644327939
241.0 73.0 88.0 36.0
obstacle
0.0306320823729
194.0 59.0 28.0 65.0
obstacle
0.0304126776755
317.0 150.0 15.0 33.0
obstacle
0.0303308460861
46.0 206.0 336.0 124.0
obstacle
0.0303260870278
160.0 154.0 30.0 16.0
obstacle
0.0302607081831
80.0 52.0 27.0 78.0
obstacle
0.0300060193986
355.0 135.0 24.0 12.0
obstacle
0.029979756102
442.0 176.0 58.0 31.0
obstacle
0.0299593564123
1.0 58.0 33.0 63.0
obstacle
0.0296682734042
123.0 86.0 22.0 10.0
obstacle
0.0295355021954
172.0 21.0 78.0 34.0
obstacle
0.0289100836962
404.0 175.0 78.0 34.0
obstacle
0.0287596918643
0.0 24.0 282.0 133.0
obstacle
0.0286298654974
54.0 77.0 78.0 32.0
obstacle
0.0286220218986
278.0 109.0 23.0 12.0
obstacle
0.0285049881786
6.0 91.0 23.0 46.0
obstacle
0.028477339074
134.0 20.0 76.0 35.0
obstacle
0.0282599925995
41.0 153.0 28.0 16.0
obstacle
0.0282225254923
17.0 202.0 87.0 33.0
obstacle
0.0281936451793
359.0 202.0 87.0 31.0
obstacle
0.0281289853156
240.0 86.0 23.0 11.0
obstacle
0.028011476621
236.0 168.0 21.0 49.0
obstacle
0.0280012916774
0.0 50.0 146.0 85.0
obstacle
0.0278999488801
441.0 278.0 59.0 31.0
obstacle
0.0278424937278
0.0 306.0 67.0 27.0
obstacle
0.02770928666
0.0 0.0 57.0 30.0
obstacle
0.0276817958802
269.0 15.0 36.0 99.0
obstacle
0.0275992900133
55.0 19.0 80.0 37.0
obstacle
0.0275708977133
45.0 205.0 107.0 26.0
obstacle
0.0273942872882
196.0 163.0 23.0 55.0
obstacle
0.0273490473628
358.0 253.0 93.0 32.0
obstacle
0.0273227933794
21.0 21.0 75.0 34.0
obstacle
0.0272655393928
65.0 153.0 57.0 20.0
obstacle
0.027218028903
145.0 78.0 55.0 29.0
obstacle
0.0271861255169
162.0 95.0 20.0 38.0
obstacle
0.0271643716842
407.0 19.0 75.0 38.0
obstacle
0.0270593296736
437.0 201.0 63.0 32.0
obstacle
0.0269555728883
96.0 50.0 74.0 31.0
obstacle
0.0268192328513
358.0 228.0 92.0 30.0
obstacle
0.0268189962953
272.0 206.0 30.0 16.0
obstacle
0.0266811866313
390.0 158.0 29.0 16.0
obstacle
0.0266280025244
285.0 18.0 84.0 39.0
obstacle
0.0264743957669
323.0 19.0 85.0 38.0
obstacle
0.0262570697814
209.0 179.0 148.0 74.0
obstacle
0.0261492561549
230.0 16.0 37.0 97.0
obstacle
0.0260790474713
398.0 198.0 89.0 38.0
obstacle
0.0259785801172
96.0 20.0 76.0 35.0
obstacle
0.0259162206203
405.0 149.0 77.0 35.0
obstacle
0.0259136240929
471.0 131.0 24.0 17.0
obstacle
0.0259088389575
40.0 53.0 33.0 77.0
obstacle
0.0258074235171
131.0 0.0 316.0 139.0
obstacle
0.0257576536387
48.0 226.0 97.0 35.0
obstacle
0.0256997998804
0.0 48.0 57.0 32.0
obstacle
0.025644145906
275.0 82.0 27.0 15.0
obstacle
0.0256163347512
203.0 0.0 95.0 30.0
obstacle
0.025601759553
197.0 228.0 99.0 23.0
obstacle
0.025568600744
51.0 0.0 90.0 29.0
obstacle
0.0253085270524
165.0 0.0 93.0 29.0
obstacle
0.0252132173628
121.0 185.0 25.0 14.0
obstacle
0.0251895468682
316.0 305.0 101.0 28.0
obstacle
0.025122359395
435.0 47.0 65.0 32.0
obstacle
0.025039061904
0.0 204.0 57.0 29.0
obstacle
0.0249820277095
400.0 251.0 86.0 34.0
obstacle
0.0248005781323
312.0 208.0 35.0 16.0
obstacle
0.0244371909648
362.0 20.0 84.0 35.0
obstacle
0.0243636164814
12.0 120.0 17.0 38.0
obstacle
0.0242095049471
239.0 159.0 168.0 59.0
obstacle
0.024194797501
81.0 180.0 28.0 19.0
obstacle
0.0241653583944
127.0 0.0 92.0 29.0
obstacle
0.0241049882025
94.0 79.0 78.0 26.0
obstacle
0.0240484979004
202.0 120.0 18.0 38.0
obstacle
0.0239106025547
130.0 20.0 166.0 89.0
obstacle
0.0236482657492
88.0 0.0 94.0 29.0
obstacle
0.023609444499
57.0 49.0 74.0 35.0
obstacle
0.0235112309456
240.0 135.0 15.0 13.0
obstacle
0.0233423244208
116.0 55.0 28.0 71.0
obstacle
0.0233317539096
357.0 0.0 94.0 28.0
obstacle
0.0233222693205
200.0 156.0 27.0 15.0
obstacle
0.0233048014343
242.0 0.0 94.0 29.0
obstacle
0.023147881031
98.0 227.0 80.0 27.0
obstacle
0.0231321007013
6.0 85.0 20.0 13.0
obstacle
0.0230829045177
203.0 252.0 94.0 30.0
obstacle
0.0230766925961
160.0 303.0 107.0 30.0
obstacle
0.0230345185846
43.0 129.0 29.0 72.0
obstacle
0.0230044852942
277.0 45.0 97.0 36.0
obstacle
0.0228913836181
306.0 0.0 39.0 85.0
obstacle
0.0228865966201
17.0 252.0 85.0 33.0
obstacle
0.0228524785489
0.0 20.0 55.0 35.0
obstacle
0.0226720366627
433.0 73.0 67.0 32.0
obstacle
0.0226473491639
355.0 306.0 101.0 27.0
obstacle
0.0226377155632
0.0 280.0 59.0 29.0
obstacle
0.0226051006466
282.0 251.0 91.0 35.0
obstacle
0.0225967857987
191.0 0.0 37.0 87.0
obstacle
0.0225073229522
120.0 206.0 28.0 15.0
obstacle
0.0224699024111
153.0 16.0 38.0 98.0
obstacle
0.0222214907408
47.0 250.0 99.0 36.0
obstacle
0.0220198482275
400.0 99.0 88.0 34.0
obstacle
0.0217445101589
166.0 252.0 94.0 30.0
obstacle
0.0217376183718
2.0 235.0 26.0 16.0
obstacle
0.0216921716928
345.0 0.0 39.0 85.0
obstacle
0.0215007793158
191.0 10.0 195.0 109.0
obstacle
0.0215001478791
319.0 253.0 94.0 32.0
obstacle
0.021495020017
236.0 181.0 25.0 14.0
obstacle
0.0214827805758
356.0 45.0 96.0 37.0
obstacle
0.0214694347233
403.0 225.0 82.0 36.0
obstacle
0.021412782371
51.0 120.0 398.0 92.0
obstacle
0.0213931389153
316.0 226.0 98.0 34.0
obstacle
0.0213534105569
22.0 51.0 74.0 30.0
obstacle
0.0213516838849
317.0 44.0 96.0 38.0
obstacle
0.0213422589004
13.0 0.0 91.0 30.0
obstacle
0.021308131516
116.0 18.0 36.0 94.0
obstacle
0.0211406312883
115.0 305.0 119.0 28.0
obstacle
0.0210394728929
277.0 71.0 97.0 38.0
obstacle
0.0210285186768
397.0 0.0 94.0 29.0
obstacle
0.0210197530687
280.0 0.0 96.0 29.0
obstacle
0.0208870060742
461.0 0.0 38.0 89.0
obstacle
0.0206846892834
278.0 303.0 101.0 30.0
obstacle
0.0206646937877
239.0 305.0 102.0 28.0
obstacle
0.0205056071281
247.0 0.0 253.0 113.0
obstacle
0.0204746555537
0.0 22.0 34.0 84.0
obstacle
0.0203134715557
241.0 251.0 95.0 35.0
obstacle
0.0202187299728
75.0 0.0 38.0 86.0
obstacle
0.0202139709145
3.0 58.0 21.0 12.0
obstacle
0.0202128216624
320.0 0.0 93.0 29.0
obstacle
0.0200243573636
158.0 56.0 27.0 72.0
obstacle
0.0199758131057
0.0 0.0 247.0 107.0
obstacle
0.0199543405324
160.0 86.0 25.0 10.0
obstacle
0.019943581894
398.0 44.0 92.0 39.0
obstacle
0.019799830392
86.0 278.0 101.0 31.0
obstacle
0.0197760853916
198.0 304.0 107.0 29.0
obstacle
0.019688880071
0.0 156.0 205.0 69.0
obstacle
0.0196369029582
1.0 207.0 32.0 73.0
obstacle
0.019455133006
124.0 276.0 99.0 35.0
obstacle
0.0194345749915
314.0 70.0 100.0 39.0
obstacle
0.0193638112396
382.0 0.0 41.0 86.0
obstacle
0.0193333141506
121.0 155.0 26.0 14.0
obstacle
0.0193018000573
183.0 83.0 202.0 69.0
obstacle
0.0192232001573
237.0 193.0 23.0 47.0
obstacle
0.0191010124981
427.0 132.0 31.0 14.0
obstacle
0.0190277006477
291.0 97.0 209.0 89.0
obstacle
0.0190210491419
124.0 165.0 23.0 56.0
obstacle
0.0189397968352
44.0 87.0 25.0 13.0
obstacle
0.0188976991922
464.0 29.0 34.0 17.0
obstacle
0.018879937008
54.0 179.0 177.0 73.0
obstacle
0.0187337156385
308.0 173.0 37.0 92.0
obstacle
0.0185696650296
4.0 97.0 342.0 140.0
obstacle
0.0185201056302
83.0 87.0 24.0 9.0
obstacle
0.0184771995991
0.0 14.0 107.0 102.0
obstacle
0.0184447355568
272.0 55.0 32.0 18.0
obstacle
0.0184120498598
283.0 278.0 90.0 32.0
obstacle
0.0183407459408
1.0 282.0 33.0 51.0
obstacle
0.0181856900454
37.0 181.0 40.0 20.0
obstacle
0.0181659981608
161.0 195.0 334.0 138.0
obstacle
0.0181572791189
40.0 306.0 114.0 27.0
obstacle
0.0180742442608
163.0 211.0 172.0 114.0
obstacle
0.0180281549692
313.0 116.0 20.0 53.0
obstacle
0.0179959125817
281.0 152.0 16.0 26.0
obstacle
0.0179640389979
201.0 231.0 26.0 20.0
obstacle
0.0179085601121
0.0 195.0 104.0 96.0
obstacle
0.0178982187063
469.0 311.0 27.0 17.0
obstacle
0.0178522877395
470.0 260.0 25.0 16.0
obstacle
0.0178102515638
471.0 286.0 24.0 16.0
obstacle
0.0178101621568
323.0 278.0 88.0 32.0
obstacle
0.0177662931383
346.0 77.0 38.0 76.0
obstacle
0.0176582094282
235.0 45.0 182.0 92.0
obstacle
0.0174682363868
16.0 278.0 88.0 31.0
obstacle
0.017402164638
405.0 277.0 76.0 32.0
obstacle
0.0173153467476
311.0 180.0 33.0 15.0
obstacle
0.0172818209976
306.0 42.0 39.0 97.0
obstacle
0.0172540489584
128.0 255.0 94.0 25.0
obstacle
0.0171982944012
0.0 189.0 218.0 144.0
obstacle
0.0171910747886
351.0 108.0 26.0 15.0
obstacle
0.0170926880091
349.0 208.0 34.0 17.0
