obstacle
0.799365222454
407.0 174.0 86.0 26.0
obstacle
0.769779741764
52.0 183.0 93.0 31.0
obstacle
0.669837117195
301.0 170.0 31.0 29.0
obstacle
0.544520199299
337.0 232.0 137.0 38.0
obstacle
0.437288969755
15.0 225.0 94.0 25.0
obstacle
0.42368888855
206.0 165.0 107.0 19.0
obstacle
0.417619466782
35.0 192.0 131.0 45.0
obstacle
0.362026333809
394.0 230.0 74.0 37.0
obstacle
0.324621766806
81.0 202.0 94.0 30.0
obstacle
0.31672078371
217.0 172.0 78.0 25.0
obstacle
0.297076493502
424.0 181.0 34.0 15.0
obstacle
0.293896257877
299.0 161.0 44.0 31.0
obstacle
0.283136367798
361.0 247.0 81.0 26.0
obstacle
0.272747248411
465.0 181.0 25.0 15.0
obstacle
0.269097298384
383.0 163.0 117.0 53.0
obstacle
0.261404782534
54.0 184.0 147.0 63.0
obstacle
0.259981215
41.0 225.0 106.0 29.0
obstacle
0.227724894881
261.0 166.0 58.0 34.0
obstacle
0.194281741977
250.0 159.0 64.0 32.0
obstacle
0.190495744348
41.0 185.0 59.0 24.0
obstacle
0.184557706118
314.0 171.0 23.0 44.0
obstacle
0.179470613599
367.0 176.0 88.0 30.0
obstacle
0.178191840649
334.0 245.0 73.0 34.0
obstacle
0.170039489865
410.0 163.0 71.0 23.0
obstacle
0.163645118475
84.0 226.0 91.0 23.0
obstacle
0.158121451735
170.0 202.0 73.0 26.0
obstacle
0.152976945043
28.0 206.0 138.0 65.0
obstacle
0.152308285236
78.0 189.0 26.0 13.0
obstacle
0.151780739427
133.0 204.0 78.0 24.0
obstacle
0.134606525302
38.0 229.0 34.0 21.0
obstacle
0.133400931954
0.0 226.0 69.0 30.0
obstacle
0.130520924926
177.0 155.0 152.0 65.0
obstacle
0.128685340285
280.0 209.0 178.0 67.0
obstacle
0.127172768116
119.0 190.0 23.0 13.0
obstacle
0.123202048242
390.0 183.0 29.0 14.0
obstacle
0.121989481151
425.0 237.0 33.0 15.0
obstacle
0.110236354172
363.0 52.0 78.0 27.0
obstacle
0.11010338366
311.0 166.0 21.0 15.0
obstacle
0.108171731234
325.0 170.0 60.0 37.0
obstacle
0.102619409561
275.0 157.0 95.0 63.0
obstacle
0.101938381791
406.0 200.0 68.0 31.0
obstacle
0.101903833449
80.0 231.0 28.0 16.0
obstacle
0.0987840369344
226.0 165.0 120.0 45.0
obstacle
0.098249912262
398.0 248.0 76.0 29.0
obstacle
0.0979947000742
319.0 49.0 94.0 32.0
obstacle
0.0976153761148
235.0 179.0 27.0 17.0
obstacle
0.093101747334
192.0 205.0 30.0 17.0
obstacle
0.0834777280688
352.0 255.0 26.0 16.0
obstacle
0.0826033875346
446.0 161.0 54.0 23.0
obstacle
0.0825034976006
34.0 206.0 66.0 26.0
obstacle
0.0767849832773
49.0 190.0 25.0 14.0
obstacle
0.0751635730267
4.0 232.0 29.0 18.0
obstacle
0.0734967067838
176.0 156.0 85.0 25.0
obstacle
0.0724859163165
127.0 184.0 80.0 24.0
obstacle
0.0711670666933
364.0 74.0 81.0 28.0
obstacle
0.071140833199
230.0 163.0 35.0 16.0
obstacle
0.0692898184061
407.0 127.0 74.0 28.0
obstacle
0.0684784203768
386.0 57.0 31.0 15.0
obstacle
0.0658898726106
162.0 208.0 26.0 15.0
obstacle
0.0652345269918
311.0 145.0 21.0 44.0
obstacle
0.0651645883918
56.0 73.0 83.0 30.0
obstacle
0.0634561404586
213.0 198.0 84.0 35.0
obstacle
0.0632556825876
397.0 78.0 92.0 24.0
obstacle
0.0622743964195
122.0 207.0 24.0 15.0
obstacle
0.0619285292923
182.0 177.0 68.0 26.0
obstacle
0.0607214607298
286.0 102.0 82.0 28.0
obstacle
0.0606147311628
231.0 148.0 112.0 45.0
obstacle
0.0604781359434
245.0 100.0 87.0 31.0
obstacle
0.060430072248
240.0 48.0 96.0 33.0
obstacle
0.0592247284949
356.0 230.0 144.0 68.0
obstacle
0.058964792639
321.0 74.0 90.0 30.0
obstacle
0.058734819293
427.0 217.0 26.0 53.0
obstacle
0.0585096254945
89.0 74.0 93.0 30.0
obstacle
0.0570313334465
273.0 162.0 22.0 15.0
obstacle
0.0569579862058
444.0 76.0 56.0 25.0
obstacle
0.0569317340851
119.0 166.0 23.0 52.0
obstacle
0.0566621311009
9.0 71.0 101.0 34.0
obstacle
0.0558394752443
396.0 52.0 91.0 26.0
obstacle
0.0558185465634
249.0 73.0 83.0 31.0
obstacle
0.0558039098978
448.0 127.0 52.0 28.0
obstacle
0.055143609643
444.0 102.0 56.0 26.0
obstacle
0.05464329198
0.0 164.0 147.0 62.0
obstacle
0.0545700341463
290.0 198.0 73.0 30.0
obstacle
0.0542478002608
398.0 0.0 86.0 26.0
obstacle
0.0537624545395
280.0 49.0 94.0 33.0
obstacle
0.0531015880406
326.0 102.0 78.0 28.0
obstacle
0.0528908707201
0.0 202.0 108.0 80.0
obstacle
0.0524038933218
362.0 154.0 82.0 29.0
obstacle
0.0521527566016
443.0 53.0 57.0 23.0
obstacle
0.0520550832152
0.0 73.0 59.0 33.0
obstacle
0.0519142262638
284.0 73.0 89.0 32.0
obstacle
0.0514833405614
130.0 227.0 78.0 23.0
obstacle
0.0511357821524
435.0 231.0 65.0 28.0
obstacle
0.0509311780334
199.0 48.0 103.0 32.0
obstacle
0.0504385344684
406.0 101.0 75.0 29.0
obstacle
0.0502063222229
365.0 125.0 78.0 32.0
obstacle
0.049927059561
0.0 48.0 63.0 35.0
obstacle
0.0494209080935
444.0 0.0 56.0 28.0
obstacle
0.0493973940611
349.0 56.0 31.0 16.0
obstacle
0.0493769235909
0.0 178.0 62.0 30.0
obstacle
0.04876094684
390.0 255.0 25.0 16.0
obstacle
0.0486516207457
18.0 123.0 83.0 33.0
obstacle
0.0484619289637
361.0 0.0 90.0 27.0
obstacle
0.0483853928745
120.0 229.0 28.0 19.0
obstacle
0.0483181290329
367.0 102.0 73.0 25.0
obstacle
0.0478207245469
208.0 196.0 292.0 99.0
obstacle
0.0474582724273
67.0 157.0 55.0 26.0
obstacle
0.0474573597312
470.0 169.0 19.0 46.0
obstacle
0.0465357527137
307.0 33.0 193.0 65.0
obstacle
0.0463167987764
330.0 126.0 66.0 32.0
obstacle
0.0462734214962
256.0 130.0 62.0 23.0
obstacle
0.0458456389606
125.0 73.0 98.0 31.0
obstacle
0.0450710505247
129.0 186.0 166.0 63.0
obstacle
0.0447207204998
0.0 0.0 64.0 30.0
obstacle
0.0447139069438
86.0 208.0 21.0 12.0
obstacle
0.0446026585996
97.0 154.0 69.0 29.0
obstacle
0.0441452935338
0.0 125.0 57.0 32.0
obstacle
0.0440871603787
214.0 99.0 76.0 30.0
obstacle
0.0440118089318
164.0 73.0 96.0 32.0
obstacle
0.0438454821706
391.0 159.0 27.0 16.0
obstacle
0.0437650904059
386.0 238.0 30.0 17.0
obstacle
0.0437534563243
94.0 99.0 84.0 31.0
obstacle
0.0430271811783
16.0 252.0 90.0 28.0
obstacle
0.0429763682187
7.0 160.0 408.0 114.0
obstacle
0.0429394431412
126.0 124.0 91.0 34.0
obstacle
0.0426241569221
237.0 252.0 104.0 33.0
obstacle
0.0424892194569
251.0 187.0 228.0 63.0
obstacle
0.0419735647738
160.0 47.0 103.0 35.0
obstacle
0.0415926873684
203.0 74.0 99.0 29.0
obstacle
0.0414831787348
427.0 257.0 30.0 17.0
obstacle
0.041189160198
0.0 135.0 238.0 121.0
obstacle
0.0411312244833
329.0 153.0 55.0 32.0
obstacle
0.0410209484398
173.0 99.0 77.0 29.0
obstacle
0.0409946255386
56.0 98.0 84.0 32.0
obstacle
0.0403136722744
359.0 202.0 86.0 31.0
obstacle
0.0399898998439
351.0 240.0 30.0 55.0
obstacle
0.0397318713367
291.0 163.0 144.0 56.0
obstacle
0.0394339635968
84.0 167.0 21.0 48.0
obstacle
0.0389815382659
199.0 184.0 22.0 12.0
obstacle
0.038952242583
133.0 99.0 82.0 31.0
obstacle
0.0389397218823
0.0 204.0 65.0 27.0
obstacle
0.0388358011842
135.0 139.0 158.0 58.0
obstacle
0.0383406840265
389.0 132.0 30.0 16.0
obstacle
0.0383164100349
92.0 126.0 83.0 29.0
obstacle
0.0382976718247
471.0 56.0 25.0 17.0
obstacle
0.0382456332445
0.0 192.0 262.0 99.0
obstacle
0.0378910526633
52.0 49.0 88.0 33.0
obstacle
0.0375284403563
45.0 218.0 24.0 49.0
obstacle
0.0370639897883
349.0 180.0 26.0 19.0
obstacle
0.0369794666767
23.0 154.0 73.0 26.0
obstacle
0.0366159304976
85.0 194.0 27.0 41.0
obstacle
0.0364313833416
52.0 0.0 91.0 29.0
obstacle
0.0359767861664
285.0 253.0 87.0 27.0
obstacle
0.0358572900295
211.0 129.0 81.0 23.0
obstacle
0.0357656404376
0.0 305.0 63.0 28.0
obstacle
0.0356242135167
320.0 0.0 95.0 29.0
obstacle
0.0355860106647
270.0 55.0 31.0 17.0
obstacle
0.0354337282479
442.0 202.0 58.0 29.0
obstacle
0.0351173058152
136.0 151.0 71.0 31.0
obstacle
0.0349776372313
195.0 253.0 112.0 31.0
obstacle
0.0349611677229
91.0 50.0 88.0 31.0
obstacle
0.0349353402853
196.0 158.0 31.0 15.0
obstacle
0.0347363017499
322.0 198.0 85.0 34.0
obstacle
0.0346818566322
53.0 126.0 87.0 28.0
obstacle
0.0345754772425
184.0 3.0 316.0 124.0
obstacle
0.0344086587429
351.0 80.0 30.0 16.0
obstacle
0.0342563204467
235.0 142.0 28.0 47.0
obstacle
0.0338513553143
390.0 80.0 30.0 14.0
obstacle
0.0338154397905
116.0 129.0 33.0 76.0
obstacle
0.0337639786303
129.0 189.0 323.0 144.0
obstacle
0.0335609018803
0.0 99.0 57.0 32.0
obstacle
0.033427990973
12.0 48.0 92.0 35.0
obstacle
0.0333477631211
46.0 210.0 22.0 11.0
obstacle
0.0333113446832
265.0 46.0 204.0 86.0
obstacle
0.0332562960684
432.0 164.0 22.0 10.0
obstacle
0.0331347770989
152.0 132.0 38.0 70.0
obstacle
0.0329981707036
385.0 100.0 35.0 82.0
obstacle
0.0327326916158
164.0 226.0 95.0 30.0
obstacle
0.0327241383493
435.0 174.0 17.0 34.0
obstacle
0.0326478034258
127.0 49.0 92.0 32.0
obstacle
0.0326392054558
347.0 135.0 153.0 69.0
obstacle
0.0325936973095
316.0 203.0 21.0 21.0
obstacle
0.0321609415114
20.0 98.0 81.0 33.0
obstacle
0.0319194309413
290.0 131.0 75.0 27.0
obstacle
0.0319106690586
170.0 125.0 82.0 27.0
obstacle
0.0319027267396
0.0 152.0 51.0 28.0
obstacle
0.031662043184
351.0 183.0 27.0 69.0
obstacle
0.0316617935896
192.0 25.0 195.0 81.0
obstacle
0.0316452383995
389.0 212.0 111.0 64.0
obstacle
0.0316236913204
282.0 0.0 95.0 30.0
obstacle
0.0316189303994
160.0 188.0 20.0 13.0
obstacle
0.0313688032329
388.0 221.0 27.0 45.0
obstacle
0.0313299931586
89.0 0.0 94.0 28.0
obstacle
0.0311476867646
273.0 140.0 26.0 54.0
obstacle
0.031107801944
12.0 0.0 92.0 30.0
obstacle
0.0310541633517
166.0 0.0 95.0 30.0
obstacle
0.0310478713363
47.0 251.0 99.0 31.0
obstacle
0.0309416167438
242.0 225.0 93.0 38.0
obstacle
0.0306960139424
7.0 185.0 22.0 15.0
obstacle
0.030685024336
471.0 81.0 25.0 16.0
obstacle
0.0306709557772
427.0 58.0 29.0 13.0
obstacle
0.0301077719778
0.0 19.0 62.0 38.0
obstacle
0.0300807673484
182.0 175.0 143.0 82.0
obstacle
0.030015738681
390.0 133.0 22.0 66.0
obstacle
0.02982416749
236.0 204.0 29.0 22.0
obstacle
0.0294889248908
243.0 0.0 95.0 29.0
obstacle
0.0292825195938
188.0 202.0 204.0 80.0
obstacle
0.0292045846581
471.0 108.0 26.0 16.0
obstacle
0.0291234813631
394.0 166.0 19.0 54.0
obstacle
0.0290186014026
118.0 194.0 29.0 42.0
obstacle
0.0289667285979
129.0 0.0 94.0 29.0
obstacle
0.0288012437522
324.0 24.0 85.0 30.0
obstacle
0.0286625176668
312.0 80.0 32.0 16.0
obstacle
0.0286413952708
0.0 45.0 145.0 88.0
obstacle
0.0285985488445
232.0 56.0 34.0 17.0
obstacle
0.0285921730101
313.0 182.0 24.0 66.0
obstacle
0.0284712798893
250.0 198.0 82.0 37.0
obstacle
0.0282369051129
425.0 134.0 32.0 14.0
obstacle
0.0281006395817
93.0 161.0 152.0 67.0
obstacle
0.028032457456
345.0 111.0 34.0 59.0
obstacle
0.0280251000077
234.0 304.0 111.0 29.0
obstacle
0.0280002262443
176.0 226.0 229.0 83.0
obstacle
0.027930168435
351.0 216.0 31.0 53.0
obstacle
0.0279229041189
309.0 105.0 36.0 18.0
obstacle
0.0277772601694
0.0 279.0 62.0 30.0
obstacle
0.0277339145541
281.0 228.0 94.0 33.0
obstacle
0.0276420526206
0.0 253.0 61.0 29.0
obstacle
0.0276226531714
202.0 0.0 100.0 30.0
obstacle
0.0274553522468
444.0 253.0 56.0 28.0
obstacle
0.027432475239
44.0 111.0 339.0 114.0
obstacle
0.0274191144854
432.0 191.0 20.0 52.0
obstacle
0.0274144485593
426.0 98.0 32.0 88.0
obstacle
0.0273055247962
119.0 81.0 30.0 14.0
obstacle
0.0273012388498
80.0 279.0 110.0 29.0
obstacle
0.0272625386715
270.0 110.0 32.0 66.0
obstacle
0.0272433571517
441.0 25.0 59.0 28.0
obstacle
0.0270592719316
195.0 305.0 113.0 28.0
obstacle
0.0270438138396
305.0 68.0 41.0 95.0
obstacle
0.0270051658154
6.0 211.0 27.0 65.0
obstacle
0.0269165933132
81.0 81.0 29.0 14.0
obstacle
0.0269121546298
81.0 213.0 28.0 60.0
obstacle
0.0268852896988
430.0 81.0 27.0 14.0
obstacle
0.026819864288
473.0 164.0 18.0 10.0
obstacle
0.0267765857279
235.0 168.0 27.0 42.0
obstacle
0.0263926517218
231.0 100.0 33.0 86.0
obstacle
0.026340989396
386.0 30.0 35.0 69.0
obstacle
0.0262803137302
354.0 133.0 25.0 13.0
obstacle
0.0261622760445
427.0 208.0 27.0 11.0
obstacle
0.0261567030102
310.0 56.0 31.0 15.0
obstacle
0.0261240135878
4.0 303.0 113.0 30.0
obstacle
0.0259438734502
442.0 279.0 58.0 29.0
obstacle
0.0258627589792
411.0 25.0 66.0 31.0
obstacle
0.0255024693906
269.0 68.0 36.0 93.0
obstacle
0.0254811327904
353.0 238.0 27.0 16.0
obstacle
0.0254622846842
382.0 0.0 40.0 54.0
obstacle
0.0254540778697
388.0 5.0 34.0 14.0
obstacle
0.0253410078585
323.0 278.0 91.0 30.0
obstacle
0.025224564597
122.0 253.0 98.0 29.0
obstacle
0.0250592436641
269.0 303.0 116.0 30.0
obstacle
0.0250442326069
158.0 158.0 28.0 13.0
obstacle
0.0248684566468
343.0 0.0 41.0 59.0
obstacle
0.0247332900763
333.0 191.0 167.0 49.0
obstacle
0.0247142445296
154.0 163.0 28.0 56.0
obstacle
0.0247140396386
91.0 253.0 86.0 27.0
obstacle
0.0246780533344
159.0 80.0 29.0 16.0
obstacle
0.0246571153402
45.0 278.0 103.0 31.0
obstacle
0.024640455842
42.0 80.0 29.0 15.0
obstacle
0.0246174782515
201.0 278.0 99.0 32.0
obstacle
0.0245634876192
195.0 195.0 27.0 47.0
obstacle
0.0245450194925
3.0 161.0 29.0 64.0
obstacle
0.0245217550546
78.0 57.0 35.0 15.0
obstacle
0.0242733173072
46.0 170.0 24.0 43.0
obstacle
0.0241490416229
366.0 26.0 74.0 27.0
obstacle
0.02404172346
166.0 22.0 90.0 33.0
obstacle
0.0240119490772
389.0 105.0 32.0 15.0
obstacle
0.0239767003804
30.0 41.0 211.0 97.0
obstacle
0.0239533558488
348.0 106.0 34.0 16.0
obstacle
0.0239001046866
347.0 25.0 36.0 78.0
obstacle
0.0238656979054
273.0 81.0 31.0 15.0
obstacle
0.0238050241023
193.0 56.0 34.0 16.0
obstacle
0.0236970949918
425.0 23.0 32.0 84.0
obstacle
0.0234573408961
155.0 131.0 34.0 18.0
obstacle
0.0233558211476
433.0 139.0 22.0 56.0
obstacle
0.0233191531152
122.0 25.0 181.0 79.0
obstacle
0.0228384919465
200.0 22.0 97.0 33.0
obstacle
0.0228359512985
160.0 196.0 23.0 42.0
obstacle
0.0228202156723
466.0 235.0 32.0 15.0
obstacle
0.0228170771152
146.0 41.0 211.0 98.0
obstacle
0.0227411929518
0.0 23.0 106.0 84.0
obstacle
0.022735029459
310.0 44.0 34.0 92.0
obstacle
0.0226717330515
307.0 103.0 36.0 78.0
obstacle
0.0226489976048
1.0 123.0 31.0 86.0
obstacle
0.0226083658636
428.0 305.0 72.0 28.0
obstacle
0.0224085524678
132.0 20.0 84.0 35.0
obstacle
0.0222947672009
0.0 227.0 142.0 78.0
obstacle
0.022210130468
384.0 45.0 116.0 88.0
obstacle
0.0221759397537
466.0 19.0 31.0 90.0
obstacle
0.0220991559327
360.0 280.0 95.0 25.0
obstacle
0.021947786212
273.0 260.0 30.0 17.0
obstacle
0.0219387914985
74.0 86.0 43.0 110.0
