obstacle
0.998353600502
46.5452423096 152.734985352 258.196594238 71.7018737793
obstacle
0.97958701849
411.226928711 126.917694092 67.7044067383 16.636138916
obstacle
0.930615484715
410.576660156 117.164413452 72.4301757812 17.5569763184
obstacle
0.803631126881
302.658569336 119.602584839 21.2933349609 17.3011474609
obstacle
0.333703488111
301.389282227 128.08354187 19.397277832 18.1141662598
obstacle
0.0641776546836
147.938781738 156.467697144 114.607757568 48.0521240234
obstacle
0.0290385298431
407.763916016 108.358879089 91.5894165039 54.2979507446
obstacle
0.0223648026586
281.725250244 113.193214417 44.008972168 29.6709060669
obstacle
0.0192007552832
67.0847167969 173.230728149 103.757080078 20.9751281738
obstacle
0.011815039441
116.374679565 158.456817627 71.0834655762 51.6164855957
