obstacle
0.789480805397
159.005615234 133.045928955 283.002563477 84.1224365234
obstacle
0.603269457817
214.782196045 92.8866424561 30.3735351562 24.1959228516
obstacle
0.344778507948
362.464294434 151.64263916 27.2864379883 58.1872253418
obstacle
0.29340800643
393.41619873 145.628845215 17.2374267578 60.2431030273
obstacle
0.271970123053
433.051940918 91.5197677612 19.89453125 25.6469573975
obstacle
0.240914955735
14.6249628067 67.5884399414 28.0604438782 61.4987335205
obstacle
0.183396860957
330.212158203 156.667633057 47.2102661133 63.7159729004
obstacle
0.159274071455
171.954330444 144.935333252 95.4588775635 63.1258544922
obstacle
0.143462091684
40.6013221741 92.6117630005 67.3361663818 36.9094924927
obstacle
0.0991061478853
272.145568848 169.488845825 149.282470703 40.3518981934
obstacle
0.0902647078037
413.216278076 158.422012329 23.6118164062 56.103729248
obstacle
0.0288422573358
0.0 70.2640991211 188.636154175 67.4256286621
obstacle
0.0220362860709
28.0068588257 79.4164276123 27.7304763794 55.8972015381
obstacle
0.0198948569596
317.876434326 106.995056152 78.8318481445 150.52911377
obstacle
0.0189396645874
224.13973999 105.795578003 21.3401794434 24.2966461182
obstacle
0.0106327421963
1.263007164 59.6363258362 24.0008811951 62.0483970642
