obstacle
0.987253129482
337.887542725 193.121932983 69.8062133789 16.5800170898
obstacle
0.985357344151
108.006439209 182.781112671 64.1259460449 17.4791259766
obstacle
0.983277738094
1.96678161621 191.456741333 67.0696868896 16.9512023926
obstacle
0.847006618977
258.397399902 199.232559204 56.1751708984 20.9556274414
obstacle
0.170239418745
116.318023682 191.230926514 73.7309875488 16.8669128418
obstacle
0.0923238396645
43.6709671021 190.736022949 33.5086898804 14.9005126953
obstacle
0.0737796425819
161.160018921 192.679016113 62.149017334 16.0159912109
obstacle
0.0716592147946
10.6540908813 181.458145142 52.2948913574 15.3760681152
obstacle
0.0639588087797
120.063598633 173.27696228 61.9578857422 19.9235839844
obstacle
0.0366999767721
11.2938461304 199.199523926 66.3765258789 18.8317871094
obstacle
0.0364669710398
0.0 178.788635254 85.7331695557 65.89453125
obstacle
0.0273390989751
338.632629395 203.779205322 67.5010986328 15.9228210449
obstacle
0.0271141193807
263.984558105 193.912124634 36.8902587891 15.7961120605
obstacle
0.0199117250741
320.258026123 187.923950195 71.1778564453 14.4965820312
obstacle
0.0141024142504
0.0 194.085372925 254.224151611 45.8858337402
obstacle
0.0114027112722
318.24230957 185.1275177 112.284179688 63.2427062988
