obstacle
0.559508025646
271.096282959 119.001586914 18.3764038086 50.7967224121
obstacle
0.535418987274
157.558013916 187.963302612 258.211669922 67.7041320801
obstacle
0.384233236313
221.237640381 210.537200928 157.421875 31.3799133301
obstacle
0.112673208117
256.17755127 129.292068481 50.614074707 58.0821838379
obstacle
0.0778893977404
215.546844482 160.533584595 155.468688965 29.7906494141
obstacle
0.057580307126
255.226226807 119.785003662 17.4688720703 62.8863830566
obstacle
0.0473951809108
208.057128906 194.871002197 161.774719238 29.141418457
obstacle
0.0428760647774
306.565063477 219.962417603 62.8386230469 25.9695129395
obstacle
0.040104854852
282.440948486 137.582107544 26.0297851562 27.1665649414
obstacle
0.0325478948653
245.344940186 130.929153442 18.8862304688 48.906463623
obstacle
0.0317594110966
265.248413086 110.522270203 30.092590332 30.6301803589
obstacle
0.0299228839576
219.029907227 144.443771362 133.762390137 20.2127990723
obstacle
0.0260527879
210.991439819 113.983360291 142.554031372 117.335456848
obstacle
0.0124635444954
176.37713623 177.606216431 197.674072266 27.9191589355
