obstacle
0.415896773338
163.766021729 117.395996094 28.2582397461 25.9817810059
obstacle
0.268972545862
109.501403809 140.056427002 390.498596191 119.383666992
obstacle
0.132827624679
0.0 263.813751221 228.902618408 15.1862487793
obstacle
0.0857382938266
185.892425537 227.899902344 155.77734375 27.7694396973
obstacle
0.0776572525501
227.508041382 262.830810547 263.527404785 16.1691894531
obstacle
0.0553953237832
138.856323242 116.260139465 57.9920349121 43.3705368042
obstacle
0.0417985506356
48.6509437561 262.982513428 67.2691497803 16.0174865723
obstacle
0.0408290438354
231.887924194 219.031997681 49.6546173096 37.0147399902
obstacle
0.0396352745593
330.891693115 81.2348480225 140.175842285 197.765151978
obstacle
0.0391538515687
210.788879395 162.488250732 56.0848999023 34.8255310059
obstacle
0.0369258895516
428.686767578 183.423324585 40.1433105469 33.7644348145
obstacle
0.0317760258913
394.535461426 153.663696289 105.464538574 50.0411987305
obstacle
0.0293265972286
241.3934021 36.5083618164 145.459350586 242.491638184
obstacle
0.0292779430747
305.493347168 170.590957642 68.9619750977 20.7559814453
obstacle
0.0283609759063
67.9349060059 110.675582886 189.093414307 168.324417114
obstacle
0.0281207449734
396.304077148 51.7959327698 103.695922852 57.8304405212
obstacle
0.0256522446871
252.295394897 127.746704102 58.4159698486 22.4920959473
obstacle
0.0215276684612
176.018875122 154.330047607 206.108078003 38.9725341797
obstacle
0.020215889439
209.991119385 150.115631104 98.8017578125 24.3562316895
obstacle
0.0175586361438
313.655456543 159.676071167 66.4600219727 21.3903808594
obstacle
0.0164025630802
252.698013306 203.614746094 62.3934783936 40.365447998
obstacle
0.0150762246922
150.881332397 258.170135498 106.868362427 20.829864502
obstacle
0.0148104541004
412.298614502 84.1557617188 78.013671875 17.2057037354
obstacle
0.0135670974851
221.131973267 136.311889648 89.5000457764 25.9385986328
obstacle
0.0116390427575
90.9902954102 115.719474792 269.542266846 57.6098098755
obstacle
0.0109364921227
329.188842773 144.581161499 70.9032592773 25.207244873
