obstacle
0.982752263546
269.525634766 157.142456055 74.7111816406 63.2474365234
obstacle
0.960706651211
214.781021118 153.190170288 76.4113006592 36.3844604492
obstacle
0.799136340618
277.296936035 181.293212891 33.8871459961 29.1730651855
obstacle
0.469618231058
318.218170166 137.924911499 20.6683349609 105.598144531
obstacle
0.30539816618
307.17300415 158.448059082 21.4434204102 64.2576904297
obstacle
0.0991320237517
256.892272949 199.557998657 96.1434326172 25.2890319824
obstacle
0.069944858551
221.112915039 144.872375488 146.201904297 108.653564453
obstacle
0.0588961243629
309.701904297 191.192703247 16.4914550781 24.974822998
obstacle
0.0414239577949
303.911743164 150.13067627 28.9778442383 20.8978881836
obstacle
0.0123227173463
248.7605896 188.779495239 144.304992676 23.7366027832
obstacle
0.0114101693034
207.298278809 176.604507446 172.046203613 18.3887939453
