obstacle
0.966893792152
43.0365753174 46.6277618408 72.4431152344 17.9872207642
obstacle
0.966351211071
109.405059814 135.812896729 302.934814453 105.948120117
obstacle
0.964732766151
0.0 30.7276630402 45.6611976624 23.3138790131
obstacle
0.794178068638
81.5069351196 41.7472763062 23.9376373291 17.4885482788
obstacle
0.742091178894
19.5603866577 35.5834693909 101.799987793 17.4346008301
obstacle
0.416861772537
484.57208252 66.0771484375 15.4279174805 19.3338317871
obstacle
0.301183760166
68.6377563477 148.322723389 159.388366699 61.3110656738
obstacle
0.270507514477
42.0993804932 40.6635665894 34.9701156616 18.9052810669
obstacle
0.0230326801538
3.51215744019 21.6092185974 33.0866889954 20.9382743835
obstacle
0.0229008235037
0.97748041153 17.7127666473 15.9147644043 34.7288360596
obstacle
0.017804492265
176.248901367 141.400085449 55.7301330566 63.9647521973
obstacle
0.0167985856533
101.704025269 151.588424683 49.7722167969 51.0717468262
