obstacle
0.981600999832
311.649902344 92.3505554199 62.4819335938 19.3274078369
obstacle
0.969490110874
89.3346481323 180.680084229 238.298980713 56.7009887695
obstacle
0.918886840343
449.974334717 116.232337952 21.821472168 18.0205001831
obstacle
0.828050255775
442.250701904 112.654693604 18.7225341797 18.7916870117
obstacle
0.272978723049
94.7483215332 204.452209473 89.5129699707 20.4552001953
obstacle
0.222382187843
447.703491211 126.323104858 27.8065795898 24.7020263672
obstacle
0.163719207048
161.451309204 184.748687744 95.8362884521 32.7250061035
obstacle
0.0433665290475
298.758575439 85.1454849243 75.3636474609 15.6337585449
obstacle
0.0327292121947
436.195739746 108.883926392 42.0871582031 33.5153503418
obstacle
0.0140400100499
83.4446258545 212.846725464 65.609161377 16.6727600098
obstacle
0.0127535583451
91.8723754883 193.657409668 98.3573608398 17.7076721191
