obstacle
0.984058439732
67.470451355 172.86315918 141.428222656 39.1457824707
obstacle
0.978247821331
431.557830811 101.785354614 56.7096557617 18.3386383057
obstacle
0.818461358547
250.137283325 143.253036499 163.115219116 37.7754516602
obstacle
0.550183594227
371.774383545 111.363571167 41.3698730469 15.6380462646
obstacle
0.444142073393
114.575759888 152.525848389 304.305541992 52.4535522461
obstacle
0.328720450401
462.393585205 109.938407898 23.9407348633 14.5956726074
obstacle
0.174162089825
214.846191406 158.849761963 98.432434082 29.993927002
obstacle
0.0579044744372
292.630187988 144.326950073 47.7117919922 45.4075622559
obstacle
0.0185918938369
331.292053223 144.054824829 50.1030273438 33.4318237305
obstacle
0.0110134249553
94.5813903809 171.469451904 66.6452178955 25.2640991211
obstacle
0.0101825240999
426.721923828 117.583610535 63.5712280273 17.1128921509
