obstacle
0.347694039345
404.903503418 135.2605896 21.9539794922 40.1387329102
obstacle
0.287476241589
364.296051025 143.405883789 53.5934448242 27.9559020996
obstacle
0.275562345982
73.8149719238 137.914047241 40.0218200684 42.0196533203
obstacle
0.184090897441
88.0335464478 130.847869873 18.1925354004 27.2000427246
obstacle
0.0996224656701
80.8086013794 124.485443115 24.1234283447 18.179901123
obstacle
0.0387196689844
167.212280273 88.2493286133 49.1052246094 16.8626556396
obstacle
0.0331304073334
71.1489028931 75.9666061401 62.0399398804 17.7332305908
obstacle
0.0213592033833
372.713165283 135.659057617 34.9595947266 19.6401062012
obstacle
0.0141955288127
77.8763122559 119.963394165 17.598236084 47.7370300293
