obstacle
0.911648869514
279.0 57.0 74.0 22.0
obstacle
0.743736624718
165.0 149.0 147.0 44.0
obstacle
0.653939247131
400.0 49.0 100.0 47.0
obstacle
0.420056581497
409.0 68.0 87.0 25.0
obstacle
0.368637859821
267.0 49.0 72.0 24.0
obstacle
0.270280390978
291.0 63.0 54.0 12.0
obstacle
0.240955024958
123.0 136.0 195.0 75.0
obstacle
0.237058520317
301.0 60.0 28.0 20.0
obstacle
0.20981913805
273.0 41.0 88.0 41.0
obstacle
0.205135911703
280.0 63.0 44.0 11.0
obstacle
0.201280817389
424.0 59.0 76.0 24.0
obstacle
0.196420267224
41.0 128.0 360.0 88.0
obstacle
0.186655804515
403.0 56.0 67.0 31.0
obstacle
0.177993535995
431.0 75.0 44.0 13.0
obstacle
0.177817240357
285.0 60.0 26.0 19.0
obstacle
0.173815816641
184.0 158.0 109.0 29.0
obstacle
0.162002533674
430.0 65.0 44.0 12.0
obstacle
0.159898385406
402.0 36.0 98.0 94.0
obstacle
0.159570276737
471.0 81.0 29.0 55.0
obstacle
0.150251686573
481.0 81.0 18.0 31.0
obstacle
0.1416490376
470.0 101.0 30.0 15.0
obstacle
0.140953809023
470.0 90.0 30.0 12.0
obstacle
0.139205351472
185.0 149.0 107.0 26.0
obstacle
0.136848270893
209.0 160.0 26.0 26.0
obstacle
0.132559642196
282.0 55.0 37.0 10.0
obstacle
0.125185295939
288.0 52.0 20.0 18.0
obstacle
0.120952695608
471.0 64.0 29.0 11.0
obstacle
0.120669946074
162.0 142.0 43.0 12.0
obstacle
0.117182739079
440.0 61.0 23.0 22.0
obstacle
0.107406757772
195.0 166.0 55.0 13.0
obstacle
0.103592477739
413.0 64.0 43.0 13.0
obstacle
0.0962291955948
410.0 75.0 49.0 13.0
obstacle
0.0961483046412
281.0 67.0 72.0 24.0
obstacle
0.0960550680757
457.0 93.0 43.0 30.0
obstacle
0.0955337509513
230.0 160.0 24.0 25.0
obstacle
0.0942504927516
439.0 67.0 24.0 30.0
obstacle
0.0930744931102
297.0 56.0 40.0 9.0
obstacle
0.091354124248
315.0 65.0 40.0 11.0
obstacle
0.0893501415849
175.0 135.0 15.0 26.0
obstacle
0.0890486240387
259.0 35.0 115.0 70.0
obstacle
0.0888602361083
460.0 82.0 40.0 28.0
obstacle
0.0874519348145
220.0 156.0 42.0 11.0
obstacle
0.0867223218083
342.0 51.0 158.0 63.0
obstacle
0.0795050859451
429.0 84.0 71.0 48.0
obstacle
0.0780242905021
294.0 28.0 206.0 135.0
obstacle
0.0739897117019
419.0 58.0 67.0 48.0
obstacle
0.0736007913947
274.0 59.0 52.0 23.0
obstacle
0.0718152150512
452.0 77.0 40.0 11.0
obstacle
0.0710318610072
135.0 137.0 138.0 50.0
obstacle
0.0709643661976
199.0 155.0 46.0 12.0
obstacle
0.0707241818309
213.0 166.0 57.0 13.0
obstacle
0.0689816102386
317.0 191.0 41.0 13.0
obstacle
0.0679905414581
232.0 150.0 19.0 24.0
obstacle
0.0655162110925
212.0 148.0 20.0 26.0
obstacle
0.064365208149
395.0 75.0 105.0 39.0
obstacle
0.0643456652761
451.0 65.0 39.0 11.0
obstacle
0.0627246573567
480.0 58.0 17.0 25.0
obstacle
0.0618738420308
142.0 141.0 44.0 13.0
obstacle
0.0609074868262
198.0 171.0 85.0 23.0
obstacle
0.0568275749683
151.0 166.0 141.0 31.0
obstacle
0.0568136535585
121.0 153.0 46.0 15.0
obstacle
0.0554899796844
365.0 74.0 135.0 70.0
obstacle
0.0553822778165
195.0 178.0 55.0 13.0
obstacle
0.0552511997521
466.0 113.0 34.0 17.0
obstacle
0.0527481995523
461.0 67.0 18.0 32.0
obstacle
0.0518901497126
123.0 154.0 126.0 36.0
obstacle
0.051279027015
420.0 58.0 24.0 28.0
obstacle
0.0499588437378
305.0 53.0 21.0 17.0
obstacle
0.0489932410419
143.0 155.0 43.0 12.0
obstacle
0.0489062778652
398.0 48.0 74.0 23.0
obstacle
0.0472471043468
369.0 36.0 131.0 49.0
obstacle
0.0466629974544
413.0 53.0 42.0 12.0
obstacle
0.0452426709235
451.0 90.0 44.0 13.0
obstacle
0.0446125790477
81.0 138.0 128.0 45.0
obstacle
0.0443781465292
142.0 135.0 45.0 52.0
obstacle
0.0436882935464
265.0 61.0 102.0 36.0
obstacle
0.0434778295457
263.0 64.0 38.0 10.0
obstacle
0.0428957045078
452.0 105.0 48.0 31.0
obstacle
0.0423712916672
463.0 80.0 17.0 32.0
obstacle
0.0420293398201
330.0 186.0 16.0 23.0
obstacle
0.0407952517271
173.0 165.0 61.0 15.0
obstacle
0.0396696925163
461.0 88.0 21.0 39.0
obstacle
0.0396229736507
141.0 160.0 86.0 25.0
obstacle
0.039607938379
481.0 103.0 18.0 35.0
obstacle
0.0395802855492
190.0 157.0 25.0 32.0
obstacle
0.0394879467785
124.0 134.0 81.0 26.0
obstacle
0.0390372090042
122.0 126.0 46.0 68.0
obstacle
0.0385501943529
142.0 165.0 46.0 16.0
obstacle
0.0385130532086
393.0 76.0 45.0 13.0
obstacle
0.038135997951
213.0 170.0 19.0 27.0
obstacle
0.0372683815658
325.0 61.0 19.0 18.0
obstacle
0.037101212889
422.0 67.0 21.0 30.0
obstacle
0.0368462949991
232.0 149.0 89.0 25.0
obstacle
0.0358054228127
204.0 150.0 69.0 44.0
obstacle
0.0355411022902
273.0 58.0 15.0 23.0
obstacle
0.0347107239068
484.0 104.0 14.0 10.0
obstacle
0.0340932793915
7.0 129.0 274.0 63.0
obstacle
0.0340211950243
238.0 155.0 43.0 12.0
obstacle
0.0339183919132
121.0 140.0 46.0 15.0
obstacle
0.0338554307818
135.0 144.0 18.0 33.0
obstacle
0.033839173615
431.0 88.0 45.0 14.0
obstacle
0.0337804444134
108.0 146.0 75.0 28.0
obstacle
0.0335354469717
482.0 91.0 16.0 10.0
obstacle
0.0332891047001
155.0 166.0 58.0 14.0
obstacle
0.0320947617292
162.0 154.0 44.0 13.0
obstacle
0.0320385433733
469.0 51.0 31.0 14.0
obstacle
0.0316495858133
60.0 104.0 169.0 112.0
obstacle
0.0315452255309
202.0 141.0 147.0 41.0
obstacle
0.0314901992679
304.0 185.0 66.0 26.0
obstacle
0.0304415319115
391.0 63.0 48.0 15.0
obstacle
0.0302807092667
289.0 49.0 85.0 24.0
obstacle
0.0300780721009
337.0 66.0 35.0 10.0
obstacle
0.0300721004605
148.0 128.0 146.0 42.0
obstacle
0.029943453148
215.0 178.0 53.0 13.0
obstacle
0.0297822132707
444.0 47.0 52.0 47.0
obstacle
0.0297487974167
179.0 155.0 47.0 12.0
obstacle
0.0289121866226
461.0 61.0 19.0 22.0
obstacle
0.0289091020823
433.0 54.0 39.0 10.0
obstacle
0.0285449493676
470.0 41.0 30.0 59.0
obstacle
0.0282922033221
260.0 53.0 42.0 12.0
obstacle
0.0281936712563
410.0 94.0 88.0 28.0
obstacle
0.0278671085835
162.0 127.0 233.0 68.0
obstacle
0.0271008685231
154.0 141.0 17.0 39.0
obstacle
0.0267361383885
306.0 67.0 19.0 27.0
obstacle
0.0265637729317
191.0 140.0 60.0 42.0
obstacle
0.0265460815281
159.0 139.0 49.0 44.0
obstacle
0.0264660660177
213.0 43.0 138.0 34.0
obstacle
0.0262743532658
164.0 125.0 38.0 45.0
obstacle
0.0259630158544
180.0 142.0 44.0 12.0
obstacle
0.0256960652769
292.0 74.0 54.0 14.0
obstacle
0.0255569908768
175.0 178.0 55.0 14.0
obstacle
0.0248138140887
413.0 63.0 87.0 118.0
obstacle
0.0247328449041
98.0 128.0 133.0 40.0
obstacle
0.0247099995613
158.0 173.0 90.0 21.0
obstacle
0.0246612280607
449.0 89.0 46.0 64.0
obstacle
0.0243098121136
427.0 101.0 54.0 14.0
obstacle
0.0242242608219
428.0 47.0 72.0 25.0
obstacle
0.0239122528583
406.0 61.0 55.0 43.0
obstacle
0.0238204747438
255.0 156.0 46.0 11.0
obstacle
0.0238011088222
235.0 167.0 49.0 12.0
obstacle
0.0234699007124
105.0 119.0 231.0 58.0
obstacle
0.0233985185623
146.0 146.0 75.0 29.0
obstacle
0.0232515931129
153.0 132.0 19.0 32.0
obstacle
0.0232466477901
200.0 141.0 42.0 14.0
obstacle
0.0229157265276
446.0 66.0 12.0 10.0
obstacle
0.0228694770485
470.0 77.0 30.0 11.0
obstacle
0.0223331265152
423.0 45.0 19.0 28.0
obstacle
0.0222350694239
410.0 32.0 49.0 54.0
obstacle
0.0221663154662
370.0 154.0 48.0 12.0
obstacle
0.0217850524932
445.0 78.0 15.0 11.0
obstacle
0.0217490904033
442.0 78.0 19.0 34.0
obstacle
0.0214840974659
248.0 159.0 25.0 28.0
obstacle
0.0213591903448
192.0 144.0 19.0 33.0
obstacle
0.0211491733789
203.0 40.0 227.0 60.0
obstacle
0.0210846588016
453.0 54.0 37.0 10.0
obstacle
0.020246816799
141.0 16.0 354.0 107.0
obstacle
0.0198281053454
233.0 160.0 86.0 25.0
obstacle
0.0194367785007
152.0 154.0 21.0 38.0
obstacle
0.0191098935902
174.0 145.0 17.0 31.0
obstacle
0.0190943479538
172.0 155.0 23.0 35.0
obstacle
0.0184806603938
267.0 74.0 65.0 15.0
obstacle
0.0184462293983
357.0 147.0 73.0 23.0
obstacle
0.0183694567531
232.0 172.0 18.0 24.0
obstacle
0.0181782878935
7.0 90.0 313.0 115.0
obstacle
0.018061414361
470.0 97.0 30.0 74.0
obstacle
0.0179070476443
289.0 63.0 19.0 35.0
obstacle
0.0175904463977
308.0 55.0 49.0 28.0
obstacle
0.0174613893032
281.0 25.0 219.0 67.0
obstacle
0.0170546937734
236.0 178.0 49.0 13.0
obstacle
0.0168908089399
317.0 56.0 36.0 8.0
obstacle
0.0166318621486
391.0 52.0 47.0 13.0
obstacle
0.016586933285
405.0 54.0 18.0 36.0
obstacle
0.0165673494339
405.0 98.0 95.0 45.0
obstacle
0.0165037065744
349.0 153.0 52.0 13.0
obstacle
0.0164682473987
270.0 58.0 59.0 47.0
obstacle
0.016379032284
215.0 167.0 14.0 13.0
obstacle
0.0162010397762
429.0 36.0 47.0 46.0
obstacle
0.0160638801754
138.0 101.0 165.0 93.0
obstacle
0.0160515960306
270.0 180.0 134.0 36.0
obstacle
0.0159630924463
378.0 69.0 76.0 26.0
obstacle
0.0158764254302
442.0 48.0 17.0 22.0
obstacle
0.0158571582288
482.0 117.0 16.0 10.0
obstacle
0.0158406179398
441.0 90.0 21.0 35.0
obstacle
0.0157987885177
99.0 153.0 52.0 14.0
obstacle
0.0154589507729
271.0 47.0 16.0 27.0
obstacle
0.0152649916708
176.0 139.0 53.0 45.0
obstacle
0.0151949515566
195.0 167.0 283.0 63.0
obstacle
0.0151426428929
135.0 155.0 18.0 11.0
obstacle
0.0149639807642
315.0 170.0 42.0 57.0
obstacle
0.0147718880326
201.0 126.0 40.0 45.0
obstacle
0.0145384762436
139.0 177.0 52.0 15.0
obstacle
0.0144355176017
482.0 45.0 16.0 28.0
obstacle
0.0143006024882
195.0 169.0 17.0 30.0
obstacle
0.0141976363957
465.0 127.0 35.0 14.0
obstacle
0.0141193140298
235.0 156.0 12.0 9.0
obstacle
0.0141174634919
451.0 67.0 49.0 32.0
obstacle
0.0139271095395
429.0 114.0 48.0 15.0
obstacle
0.0137661378831
480.0 66.0 19.0 34.0
obstacle
0.0136331310496
249.0 149.0 21.0 25.0
obstacle
0.0136145474389
153.0 177.0 60.0 16.0
obstacle
0.0134005751461
277.0 53.0 152.0 33.0
obstacle
0.0130062429234
138.0 156.0 16.0 35.0
obstacle
0.0129191121086
445.0 167.0 51.0 14.0
obstacle
0.0129071520641
122.0 165.0 47.0 15.0
obstacle
0.0127604920417
312.0 66.0 10.0 9.0
obstacle
0.0126712853089
119.0 178.0 52.0 15.0
obstacle
0.0126594947651
483.0 65.0 15.0 11.0
obstacle
0.0126206036657
134.0 129.0 20.0 38.0
obstacle
0.0126080233604
330.0 194.0 13.0 9.0
obstacle
0.0125982929021
152.0 130.0 348.0 137.0
obstacle
0.0125910146162
255.0 168.0 47.0 11.0
obstacle
0.0121091026813
216.0 155.0 12.0 10.0
obstacle
0.0120296496898
314.0 75.0 47.0 13.0
obstacle
0.0120275756344
251.0 75.0 58.0 14.0
obstacle
0.0120222913101
176.0 143.0 13.0 9.0
obstacle
0.0119698401541
167.0 151.0 69.0 43.0
obstacle
0.0118614453822
393.0 43.0 43.0 56.0
obstacle
0.0118011012673
218.0 142.0 43.0 14.0
obstacle
0.0117249898612
235.0 168.0 12.0 12.0
obstacle
0.0116325933486
175.0 136.0 91.0 25.0
obstacle
0.011578079313
407.0 66.0 15.0 32.0
obstacle
0.0115776145831
102.0 141.0 46.0 14.0
obstacle
0.0115462420508
332.0 143.0 125.0 33.0
obstacle
0.0114585319534
160.0 129.0 46.0 11.0
obstacle
0.0114533677697
460.0 102.0 22.0 37.0
obstacle
0.0111665744334
255.0 147.0 163.0 102.0
obstacle
0.0110451402143
195.0 21.0 170.0 100.0
obstacle
0.0108384611085
426.0 67.0 14.0 8.0
obstacle
0.0107059953734
428.0 85.0 50.0 73.0
obstacle
0.0107009299099
309.0 131.0 132.0 33.0
obstacle
0.0106613570824
142.0 129.0 43.0 12.0
obstacle
0.0106446081772
186.0 125.0 32.0 46.0
obstacle
0.0106377480552
41.0 0.0 129.0 27.0
obstacle
0.0106280902401
233.0 173.0 89.0 22.0
obstacle
0.0105313779786
417.0 113.0 83.0 40.0
obstacle
0.010296298191
257.0 179.0 44.0 12.0
obstacle
0.0102958865464
105.0 120.0 42.0 80.0
obstacle
0.0102881081402
210.0 131.0 19.0 35.0
obstacle
0.0101171536371
319.0 60.0 64.0 20.0
obstacle
0.0100865410641
119.0 113.0 127.0 44.0
obstacle
0.0100387232378
333.0 153.0 47.0 13.0
obstacle
0.0100386543199
451.0 119.0 49.0 29.0
