obstacle
0.866406857967
70.0 178.0 76.0 20.0
obstacle
0.847359061241
204.0 221.0 76.0 27.0
obstacle
0.794213831425
138.0 163.0 58.0 19.0
obstacle
0.645256996155
74.0 184.0 67.0 21.0
obstacle
0.619117498398
290.0 174.0 59.0 23.0
obstacle
0.565057635307
245.0 167.0 33.0 11.0
obstacle
0.540944516659
291.0 155.0 54.0 18.0
obstacle
0.521114885807
289.0 162.0 57.0 21.0
obstacle
0.492937535048
342.0 199.0 20.0 24.0
obstacle
0.46591591835
148.0 167.0 36.0 12.0
obstacle
0.424667149782
192.0 206.0 97.0 44.0
obstacle
0.392476558685
233.0 164.0 59.0 16.0
obstacle
0.391447305679
161.0 168.0 40.0 10.0
obstacle
0.388103991747
434.0 192.0 34.0 11.0
obstacle
0.377431869507
84.0 181.0 45.0 12.0
obstacle
0.374152094126
328.0 200.0 22.0 24.0
obstacle
0.328277260065
282.0 183.0 76.0 27.0
obstacle
0.289181947708
302.0 158.0 31.0 9.0
obstacle
0.28898203373
262.0 169.0 35.0 8.0
obstacle
0.276746153831
217.0 229.0 50.0 13.0
obstacle
0.266823083162
81.0 190.0 52.0 12.0
obstacle
0.263424873352
422.0 185.0 56.0 23.0
obstacle
0.261330157518
419.0 192.0 32.0 10.0
obstacle
0.254626870155
441.0 186.0 15.0 20.0
obstacle
0.25146239996
298.0 180.0 39.0 11.0
obstacle
0.231070443988
337.0 205.0 39.0 14.0
obstacle
0.227358385921
261.0 167.0 112.0 37.0
obstacle
0.217024594545
344.0 206.0 19.0 30.0
obstacle
0.216139480472
284.0 180.0 31.0 10.0
obstacle
0.214405551553
315.0 182.0 43.0 9.0
obstacle
0.208912536502
204.0 230.0 41.0 10.0
obstacle
0.196729391813
214.0 214.0 85.0 28.0
obstacle
0.196413934231
428.0 187.0 13.0 18.0
obstacle
0.191258102655
251.0 163.0 17.0 19.0
obstacle
0.186904236674
70.0 172.0 109.0 28.0
obstacle
0.183737233281
227.0 225.0 25.0 22.0
obstacle
0.183623835444
309.0 200.0 58.0 21.0
obstacle
0.182355940342
340.0 182.0 29.0 9.0
obstacle
0.181867823005
328.0 208.0 20.0 25.0
obstacle
0.180300340056
319.0 205.0 41.0 12.0
obstacle
0.177118316293
292.0 175.0 13.0 22.0
obstacle
0.17494751513
301.0 168.0 33.0 8.0
obstacle
0.173724487424
71.0 181.0 37.0 11.0
obstacle
0.173524692655
329.0 199.0 48.0 25.0
obstacle
0.168574616313
326.0 188.0 18.0 22.0
obstacle
0.168009921908
222.0 166.0 39.0 12.0
obstacle
0.15975356102
104.0 182.0 41.0 10.0
obstacle
0.157724454999
300.0 192.0 36.0 10.0
obstacle
0.152680531144
417.0 181.0 32.0 12.0
obstacle
0.151230216026
287.0 168.0 27.0 7.0
obstacle
0.150706201792
434.0 181.0 34.0 12.0
obstacle
0.150647997856
336.0 208.0 37.0 30.0
obstacle
0.150446951389
124.0 170.0 78.0 25.0
obstacle
0.149461820722
306.0 187.0 19.0 21.0
obstacle
0.147261783481
236.0 231.0 47.0 11.0
obstacle
0.144967958331
94.0 185.0 21.0 22.0
obstacle
0.139357715845
118.0 159.0 91.0 29.0
obstacle
0.138189032674
92.0 179.0 25.0 19.0
obstacle
0.136465728283
394.0 191.0 41.0 13.0
obstacle
0.136138781905
175.0 200.0 129.0 74.0
obstacle
0.135153874755
427.0 180.0 14.0 17.0
obstacle
0.133755713701
307.0 177.0 17.0 19.0
obstacle
0.132205173373
334.0 216.0 45.0 14.0
obstacle
0.131514400244
321.0 193.0 33.0 9.0
obstacle
0.130871653557
184.0 213.0 82.0 27.0
obstacle
0.128378227353
78.0 177.0 18.0 21.0
obstacle
0.124173134565
313.0 186.0 44.0 27.0
obstacle
0.113733001053
321.0 170.0 29.0 7.0
obstacle
0.111856229603
127.0 180.0 36.0 9.0
obstacle
0.111654892564
105.0 191.0 40.0 10.0
obstacle
0.109587162733
219.0 221.0 44.0 11.0
obstacle
0.108331508934
286.0 158.0 29.0 9.0
obstacle
0.107742406428
277.0 204.0 45.0 13.0
obstacle
0.105856284499
200.0 162.0 85.0 20.0
obstacle
0.105513364077
186.0 230.0 36.0 11.0
obstacle
0.102885872126
322.0 175.0 60.0 22.0
obstacle
0.10091753304
403.0 177.0 61.0 21.0
obstacle
0.100844025612
450.0 191.0 39.0 13.0
obstacle
0.100445948541
283.0 191.0 35.0 11.0
obstacle
0.0975400432944
306.0 156.0 17.0 15.0
obstacle
0.0965601056814
269.0 165.0 14.0 16.0
obstacle
0.0928402170539
327.0 178.0 16.0 17.0
obstacle
0.0927496477962
318.0 217.0 43.0 11.0
obstacle
0.0916883349419
66.0 191.0 45.0 11.0
obstacle
0.0915569588542
320.0 158.0 30.0 8.0
obstacle
0.0908796861768
259.0 231.0 38.0 11.0
obstacle
0.0899534374475
240.0 152.0 155.0 94.0
obstacle
0.0897645503283
375.0 186.0 82.0 23.0
obstacle
0.0894853547215
314.0 207.0 47.0 32.0
obstacle
0.0887282118201
200.0 166.0 42.0 13.0
obstacle
0.0885539203882
242.0 178.0 37.0 13.0
obstacle
0.0884964689612
285.0 173.0 100.0 50.0
obstacle
0.0876964703202
128.0 151.0 73.0 26.0
obstacle
0.0871954187751
96.0 155.0 404.0 112.0
obstacle
0.0830419063568
171.0 166.0 17.0 14.0
obstacle
0.0827500596642
203.0 220.0 39.0 11.0
obstacle
0.0815615057945
143.0 177.0 43.0 13.0
obstacle
0.0815208926797
442.0 179.0 13.0 18.0
obstacle
0.0811362490058
82.0 172.0 47.0 28.0
obstacle
0.0803430080414
130.0 169.0 33.0 9.0
obstacle
0.0792875513434
35.0 142.0 142.0 87.0
obstacle
0.0736861079931
308.0 195.0 20.0 31.0
obstacle
0.0732798799872
31.0 174.0 116.0 27.0
obstacle
0.0730490908027
244.0 159.0 108.0 30.0
obstacle
0.0724416896701
210.0 225.0 21.0 21.0
obstacle
0.071615986526
290.0 166.0 14.0 14.0
obstacle
0.0701376199722
198.0 233.0 87.0 27.0
obstacle
0.0685650929809
292.0 156.0 13.0 15.0
obstacle
0.0653275698423
145.0 179.0 306.0 64.0
obstacle
0.0645965486765
69.0 114.0 382.0 118.0
obstacle
0.0640715733171
307.0 166.0 15.0 14.0
obstacle
0.0639367997646
170.0 120.0 179.0 106.0
obstacle
0.0639119148254
393.0 180.0 43.0 13.0
obstacle
0.0636200904846
297.0 204.0 45.0 13.0
obstacle
0.06161583215
228.0 216.0 23.0 22.0
obstacle
0.060815539211
115.0 186.0 16.0 19.0
obstacle
0.0603984110057
137.0 178.0 11.0 14.0
obstacle
0.0591283477843
289.0 193.0 19.0 36.0
obstacle
0.0590493343771
199.0 159.0 124.0 28.0
obstacle
0.0586201362312
241.0 155.0 39.0 12.0
obstacle
0.0582320913672
183.0 168.0 34.0 10.0
obstacle
0.0580075122416
115.0 179.0 16.0 16.0
obstacle
0.0570990815759
248.0 225.0 20.0 21.0
obstacle
0.0569701418281
251.0 196.0 99.0 28.0
obstacle
0.0565665401518
110.0 140.0 299.0 64.0
obstacle
0.0559499040246
263.0 179.0 35.0 12.0
obstacle
0.0546743385494
240.0 224.0 68.0 23.0
obstacle
0.0546284392476
78.0 182.0 19.0 27.0
obstacle
0.0543310046196
264.0 157.0 33.0 10.0
obstacle
0.0540703870356
405.0 186.0 17.0 25.0
obstacle
0.0536723099649
290.0 183.0 18.0 27.0
obstacle
0.0534977763891
347.0 178.0 13.0 17.0
obstacle
0.0530014112592
435.0 184.0 31.0 28.0
obstacle
0.0526220798492
148.0 158.0 34.0 10.0
obstacle
0.0524755939841
146.0 154.0 148.0 37.0
obstacle
0.0520777739584
259.0 205.0 41.0 12.0
obstacle
0.0517179518938
226.0 172.0 71.0 24.0
obstacle
0.0511423461139
453.0 180.0 35.0 13.0
obstacle
0.0506934337318
272.0 147.0 90.0 33.0
obstacle
0.0497537404299
210.0 218.0 133.0 33.0
obstacle
0.0497282966971
373.0 191.0 44.0 14.0
obstacle
0.0495610311627
328.0 168.0 12.0 12.0
obstacle
0.049489416182
124.0 191.0 40.0 12.0
obstacle
0.0490299649537
91.0 129.0 146.0 88.0
obstacle
0.048906520009
154.0 173.0 17.0 19.0
obstacle
0.0486810170114
196.0 224.0 15.0 24.0
obstacle
0.0485299900174
257.0 192.0 46.0 12.0
obstacle
0.0484442338347
232.0 161.0 16.0 23.0
obstacle
0.0484077036381
212.0 214.0 19.0 26.0
obstacle
0.0459252074361
224.0 191.0 149.0 39.0
obstacle
0.0457337386906
242.0 151.0 78.0 24.0
obstacle
0.044779792428
269.0 223.0 17.0 23.0
obstacle
0.0445391349494
325.0 143.0 175.0 111.0
obstacle
0.0444330573082
170.0 224.0 70.0 22.0
obstacle
0.043459109962
234.0 180.0 130.0 34.0
obstacle
0.0431913882494
348.0 181.0 134.0 34.0
obstacle
0.0430330075324
177.0 157.0 244.0 57.0
obstacle
0.0429402329028
293.0 217.0 52.0 13.0
obstacle
0.042715061456
350.0 170.0 129.0 34.0
obstacle
0.0424193181098
164.0 158.0 35.0 10.0
obstacle
0.0422472022474
252.0 169.0 15.0 31.0
obstacle
0.0418339408934
115.0 196.0 249.0 58.0
obstacle
0.0417759083211
236.0 221.0 44.0 10.0
obstacle
0.0410773605108
269.0 180.0 20.0 36.0
obstacle
0.0407758802176
309.0 206.0 18.0 34.0
obstacle
0.0405428335071
254.0 169.0 11.0 8.0
obstacle
0.040259424597
163.0 178.0 40.0 12.0
obstacle
0.0392183512449
129.0 163.0 104.0 40.0
obstacle
0.0384468622506
288.0 188.0 132.0 44.0
obstacle
0.0382724814117
271.0 172.0 15.0 25.0
obstacle
0.0377580113709
160.0 163.0 74.0 20.0
obstacle
0.0377572961152
75.0 184.0 331.0 104.0
obstacle
0.0376169793308
284.0 158.0 99.0 32.0
obstacle
0.0366776287556
139.0 220.0 132.0 31.0
obstacle
0.0365679226816
297.0 190.0 43.0 41.0
obstacle
0.0364143364131
461.0 186.0 15.0 23.0
obstacle
0.0352569557726
138.0 167.0 16.0 16.0
obstacle
0.0347411967814
271.0 150.0 168.0 122.0
obstacle
0.0343889407814
406.0 203.0 55.0 16.0
obstacle
0.0343222692609
429.0 176.0 71.0 22.0
obstacle
0.0341189168394
259.0 219.0 38.0 12.0
obstacle
0.0339093133807
194.0 167.0 133.0 37.0
obstacle
0.0338123179972
345.0 188.0 14.0 22.0
obstacle
0.0335968658328
241.0 154.0 38.0 38.0
obstacle
0.0332514457405
205.0 196.0 295.0 56.0
obstacle
0.03243079409
0.0 147.0 271.0 102.0
obstacle
0.0317791961133
281.0 186.0 36.0 51.0
obstacle
0.0314570479095
341.0 194.0 28.0 9.0
obstacle
0.0311871562153
414.0 181.0 38.0 34.0
obstacle
0.0310210268945
54.0 157.0 143.0 38.0
obstacle
0.0309205446392
198.0 203.0 47.0 44.0
obstacle
0.0308552328497
291.0 169.0 123.0 32.0
obstacle
0.030713269487
92.0 143.0 106.0 40.0
obstacle
0.030603537336
339.0 169.0 30.0 9.0
obstacle
0.0302109513432
395.0 194.0 76.0 32.0
obstacle
0.0301642697304
67.0 172.0 42.0 29.0
obstacle
0.0300833210349
275.0 209.0 90.0 27.0
obstacle
0.0299775544554
136.0 184.0 12.0 24.0
obstacle
0.0299373175949
229.0 120.0 177.0 79.0
obstacle
0.029577402398
423.0 194.0 18.0 32.0
obstacle
0.0295284278691
220.0 178.0 41.0 13.0
obstacle
0.0280355289578
468.0 191.0 32.0 14.0
obstacle
0.0275391209871
212.0 161.0 15.0 24.0
obstacle
0.0274206791073
173.0 171.0 15.0 24.0
obstacle
0.0271744076163
64.0 163.0 85.0 26.0
obstacle
0.0270794350654
59.0 203.0 56.0 16.0
obstacle
0.0268137883395
432.0 164.0 37.0 44.0
obstacle
0.0267230849713
45.0 198.0 86.0 25.0
obstacle
0.0263372175395
210.0 146.0 139.0 35.0
obstacle
0.0261520650238
153.0 154.0 20.0 19.0
obstacle
0.025906553492
256.0 163.0 48.0 71.0
obstacle
0.0256042145193
98.0 185.0 86.0 21.0
obstacle
0.025524450466
334.0 183.0 36.0 32.0
obstacle
0.0252892151475
45.0 179.0 48.0 13.0
obstacle
0.0250620152801
251.0 149.0 17.0 26.0
obstacle
0.0249131806195
249.0 202.0 139.0 40.0
obstacle
0.0248967651278
126.0 156.0 39.0 11.0
obstacle
0.0248298365623
144.0 142.0 41.0 40.0
obstacle
0.0246562212706
365.0 189.0 135.0 41.0
obstacle
0.0244554076344
0.0 170.0 235.0 56.0
obstacle
0.0243473760784
328.0 156.0 12.0 14.0
obstacle
0.0243348125368
279.0 170.0 38.0 30.0
obstacle
0.024308135733
240.0 207.0 39.0 11.0
obstacle
0.02416677773
393.0 172.0 44.0 54.0
obstacle
0.0241458471864
194.0 146.0 170.0 131.0
obstacle
0.0241429824382
88.0 170.0 37.0 10.0
obstacle
0.0241359565407
447.0 194.0 9.0 9.0
obstacle
0.0238081198186
429.0 203.0 47.0 15.0
obstacle
0.0237357784063
403.0 173.0 20.0 28.0
obstacle
0.0233940146863
215.0 241.0 54.0 14.0
obstacle
0.0233476310968
270.0 198.0 19.0 26.0
obstacle
0.0232853163034
107.0 170.0 37.0 9.0
obstacle
0.0228004138917
237.0 164.0 263.0 69.0
obstacle
0.0227115582675
236.0 205.0 45.0 40.0
obstacle
0.0224426798522
220.0 154.0 42.0 13.0
obstacle
0.0223432928324
271.0 153.0 15.0 19.0
obstacle
0.0222055558115
179.0 187.0 124.0 53.0
obstacle
0.0221980009228
236.0 192.0 46.0 13.0
obstacle
0.0220914427191
321.0 186.0 62.0 25.0
obstacle
0.0220683049411
357.0 180.0 34.0 11.0
obstacle
0.021727854386
385.0 182.0 17.0 33.0
obstacle
0.0216538179666
411.0 184.0 45.0 54.0
obstacle
0.0216159932315
65.0 180.0 48.0 36.0
obstacle
0.02144709602
404.0 167.0 96.0 39.0
obstacle
0.021297775209
126.0 141.0 111.0 44.0
obstacle
0.0211440045387
235.0 233.0 11.0 9.0
obstacle
0.0210904125124
337.0 157.0 34.0 9.0
obstacle
0.0208458323032
219.0 207.0 42.0 11.0
obstacle
0.0207198578864
468.0 179.0 32.0 13.0
obstacle
0.0203516557813
448.0 203.0 47.0 15.0
obstacle
0.0201598368585
310.0 162.0 83.0 23.0
obstacle
0.0199479982257
161.0 141.0 41.0 41.0
obstacle
0.0199224520475
10.0 193.0 155.0 34.0
obstacle
0.0196550823748
45.0 192.0 47.0 12.0
obstacle
0.0195985715836
199.0 178.0 44.0 14.0
obstacle
0.0194996222854
429.0 182.0 45.0 57.0
obstacle
0.019175671041
219.0 145.0 43.0 55.0
obstacle
0.018693851307
470.0 158.0 30.0 82.0
obstacle
0.018625382334
442.0 194.0 17.0 30.0
obstacle
0.0184828341007
269.0 214.0 18.0 23.0
obstacle
0.0184406619519
230.0 233.0 19.0 29.0
obstacle
0.0181967243552
328.0 205.0 53.0 62.0
obstacle
0.0181863345206
347.0 215.0 55.0 17.0
obstacle
0.0181216150522
213.0 200.0 92.0 26.0
obstacle
0.0180807821453
371.0 179.0 47.0 13.0
obstacle
0.0178216528147
158.0 228.0 129.0 38.0
obstacle
0.0177105590701
100.0 182.0 11.0 8.0
obstacle
0.0174582451582
239.0 161.0 43.0 50.0
obstacle
0.01743840985
328.0 218.0 18.0 35.0
obstacle
0.0174343660474
67.0 169.0 41.0 11.0
obstacle
0.0174341779202
276.0 218.0 47.0 12.0
obstacle
0.0172071848065
406.0 193.0 15.0 11.0
obstacle
0.0170346330851
298.0 144.0 38.0 10.0
obstacle
0.016777580604
78.0 191.0 18.0 40.0
obstacle
0.0167496856302
172.0 152.0 18.0 22.0
obstacle
0.0166687797755
98.0 180.0 51.0 35.0
obstacle
0.0163071192801
198.0 207.0 48.0 12.0
obstacle
0.0162461213768
217.0 182.0 47.0 61.0
obstacle
0.0162287782878
234.0 168.0 14.0 10.0
obstacle
0.0160144884139
180.0 178.0 44.0 13.0
obstacle
0.0159974750131
357.0 167.0 34.0 12.0
obstacle
0.0159173980355
258.0 159.0 41.0 29.0
obstacle
0.0157376565039
247.0 216.0 23.0 23.0
obstacle
0.0157216135412
210.0 224.0 60.0 48.0
obstacle
0.0156086804345
198.0 154.0 45.0 13.0
obstacle
0.0155784441158
447.0 167.0 46.0 61.0
obstacle
0.0155317829922
141.0 165.0 44.0 39.0
obstacle
0.0154518773779
371.0 162.0 46.0 73.0
obstacle
0.0154259977862
351.0 206.0 9.0 10.0
obstacle
0.0153330648318
370.0 203.0 49.0 16.0
obstacle
0.0152632715181
275.0 230.0 46.0 12.0
obstacle
0.0148735577241
461.0 174.0 16.0 26.0
obstacle
0.0148526020348
309.0 229.0 58.0 15.0
obstacle
0.0147412288934
338.0 170.0 30.0 32.0
obstacle
0.0147261945531
138.0 189.0 51.0 16.0
obstacle
0.0147099103779
429.0 194.0 9.0 8.0
obstacle
0.0144578227773
101.0 193.0 10.0 11.0
obstacle
0.0144046135247
171.0 140.0 139.0 43.0
obstacle
0.0143345622346
183.0 156.0 35.0 11.0
obstacle
0.0143297920004
155.0 165.0 51.0 38.0
