obstacle
0.805813610554
168.0 204.0 145.0 35.0
obstacle
0.62895154953
0.0 157.0 133.0 57.0
obstacle
0.59320384264
350.0 210.0 90.0 25.0
obstacle
0.378659874201
187.0 211.0 107.0 22.0
obstacle
0.355206787586
358.0 203.0 108.0 40.0
obstacle
0.342791348696
235.0 211.0 83.0 23.0
obstacle
0.322489917278
335.0 195.0 118.0 39.0
obstacle
0.280238240957
372.0 217.0 46.0 12.0
obstacle
0.242625564337
32.0 160.0 70.0 27.0
obstacle
0.232645720243
17.0 168.0 101.0 34.0
obstacle
0.193933218718
62.0 185.0 84.0 22.0
obstacle
0.192648351192
0.0 129.0 248.0 113.0
obstacle
0.182692155242
49.0 167.0 37.0 12.0
obstacle
0.178074449301
340.0 218.0 35.0 11.0
obstacle
0.173696547747
31.0 167.0 36.0 12.0
obstacle
0.164124652743
28.0 178.0 43.0 14.0
obstacle
0.162180170417
307.0 183.0 174.0 83.0
obstacle
0.16055957973
37.0 170.0 23.0 32.0
obstacle
0.160173848271
353.0 217.0 46.0 11.0
obstacle
0.15745216608
166.0 212.0 79.0 19.0
obstacle
0.155672967434
24.0 179.0 120.0 33.0
obstacle
0.154018521309
413.0 218.0 39.0 11.0
obstacle
0.147055804729
231.0 215.0 20.0 18.0
obstacle
0.145435646176
217.0 218.0 51.0 10.0
obstacle
0.14339774847
57.0 172.0 22.0 28.0
obstacle
0.142446622252
58.0 163.0 17.0 20.0
obstacle
0.13815587759
392.0 217.0 44.0 12.0
obstacle
0.136033520103
46.0 179.0 45.0 13.0
obstacle
0.134726047516
102.0 243.0 46.0 13.0
obstacle
0.131712287664
199.0 218.0 49.0 10.0
obstacle
0.129584804177
155.0 190.0 168.0 69.0
obstacle
0.126859128475
210.0 213.0 23.0 21.0
obstacle
0.118804037571
65.0 173.0 75.0 28.0
obstacle
0.115695245564
413.0 206.0 37.0 12.0
obstacle
0.115517020226
181.0 217.0 46.0 11.0
obstacle
0.114788211882
383.0 213.0 21.0 23.0
obstacle
0.112545058131
47.0 156.0 39.0 10.0
obstacle
0.112017832696
39.0 161.0 56.0 49.0
obstacle
0.110927835107
399.0 209.0 61.0 27.0
obstacle
0.110669508576
4.0 185.0 90.0 23.0
obstacle
0.110531844199
42.0 164.0 122.0 44.0
obstacle
0.108900889754
236.0 218.0 50.0 10.0
obstacle
0.10880087316
39.0 161.0 17.0 24.0
obstacle
0.107813045382
318.0 218.0 38.0 12.0
obstacle
0.105865269899
19.0 159.0 59.0 54.0
obstacle
0.102266617119
250.0 215.0 21.0 19.0
obstacle
0.0989567190409
49.0 156.0 36.0 35.0
obstacle
0.0981124565005
92.0 238.0 64.0 23.0
obstacle
0.0940944254398
66.0 167.0 41.0 12.0
obstacle
0.0923346281052
9.0 178.0 41.0 14.0
obstacle
0.0921886190772
85.0 243.0 43.0 13.0
obstacle
0.0921583026648
32.0 156.0 32.0 10.0
obstacle
0.0917332097888
335.0 207.0 43.0 12.0
obstacle
0.0914462357759
332.0 203.0 89.0 22.0
obstacle
0.0905040800571
373.0 201.0 78.0 24.0
obstacle
0.0889810547233
276.0 219.0 41.0 11.0
obstacle
0.0866235867143
421.0 209.0 18.0 28.0
obstacle
0.0865050107241
297.0 218.0 39.0 12.0
obstacle
0.0862808302045
161.0 204.0 87.0 20.0
obstacle
0.0859336033463
33.0 149.0 68.0 26.0
obstacle
0.0838362574577
349.0 214.0 14.0 19.0
obstacle
0.0832197070122
372.0 207.0 46.0 11.0
obstacle
0.0830123052001
324.0 212.0 68.0 21.0
obstacle
0.081554800272
423.0 198.0 16.0 27.0
obstacle
0.0814542174339
352.0 222.0 86.0 24.0
obstacle
0.0801714807749
58.0 151.0 14.0 20.0
obstacle
0.079180970788
37.0 182.0 23.0 31.0
obstacle
0.079097174108
19.0 169.0 20.0 33.0
obstacle
0.0780412629247
201.0 203.0 114.0 22.0
obstacle
0.0777587518096
86.0 181.0 39.0 12.0
obstacle
0.0774124115705
0.0 173.0 74.0 26.0
obstacle
0.0767994821072
56.0 183.0 24.0 29.0
obstacle
0.0762233808637
351.0 228.0 49.0 15.0
obstacle
0.0754664391279
63.0 180.0 48.0 12.0
obstacle
0.0740428641438
23.0 191.0 53.0 14.0
obstacle
0.073658451438
66.0 155.0 39.0 11.0
obstacle
0.0714252814651
41.0 191.0 56.0 13.0
obstacle
0.0691224634647
27.0 152.0 43.0 44.0
obstacle
0.0684484019876
27.0 180.0 390.0 112.0
obstacle
0.0674091428518
264.0 209.0 30.0 8.0
obstacle
0.0653172954917
60.0 164.0 51.0 44.0
obstacle
0.0651823952794
212.0 193.0 129.0 42.0
obstacle
0.0645496472716
329.0 215.0 128.0 37.0
obstacle
0.0642121806741
0.0 142.0 215.0 63.0
obstacle
0.0639530792832
256.0 218.0 47.0 11.0
obstacle
0.0633049532771
0.0 167.0 31.0 13.0
obstacle
0.0622350685298
143.0 195.0 124.0 38.0
obstacle
0.0620143152773
2.0 158.0 54.0 56.0
obstacle
0.0617075897753
75.0 192.0 63.0 12.0
obstacle
0.0610035285354
0.0 191.0 60.0 14.0
obstacle
0.0610016472638
395.0 208.0 37.0 9.0
obstacle
0.0602221004665
352.0 207.0 48.0 12.0
obstacle
0.0600536502898
0.0 177.0 32.0 16.0
obstacle
0.0598917677999
402.0 212.0 21.0 24.0
obstacle
0.0598848573864
192.0 210.0 20.0 26.0
obstacle
0.0592286549509
367.0 222.0 18.0 28.0
obstacle
0.0578219927847
65.0 152.0 41.0 42.0
obstacle
0.0574196763337
289.0 208.0 137.0 32.0
obstacle
0.0569483302534
58.0 191.0 59.0 14.0
obstacle
0.0564272403717
2.0 159.0 14.0 28.0
obstacle
0.0560686811805
84.0 155.0 41.0 12.0
obstacle
0.0560481660068
87.0 168.0 35.0 11.0
obstacle
0.0557238087058
242.0 224.0 72.0 20.0
obstacle
0.055699955672
20.0 182.0 20.0 32.0
obstacle
0.0555769652128
231.0 169.0 269.0 110.0
obstacle
0.0536246336997
0.0 143.0 133.0 38.0
obstacle
0.0534849315882
12.0 167.0 37.0 13.0
obstacle
0.0520137622952
300.0 213.0 72.0 21.0
obstacle
0.0514383763075
70.0 208.0 301.0 56.0
obstacle
0.0511661469936
0.0 147.0 148.0 103.0
obstacle
0.0511541180313
386.0 203.0 52.0 41.0
obstacle
0.0500373989344
180.0 207.0 46.0 12.0
obstacle
0.0496537089348
103.0 194.0 43.0 10.0
obstacle
0.0494194440544
76.0 161.0 18.0 26.0
obstacle
0.04937088117
42.0 150.0 14.0 23.0
obstacle
0.04850108549
371.0 229.0 47.0 14.0
obstacle
0.0478585846722
367.0 214.0 16.0 20.0
obstacle
0.0477980300784
76.0 173.0 23.0 26.0
obstacle
0.0477562583983
68.0 162.0 71.0 24.0
obstacle
0.0459409020841
94.0 173.0 23.0 26.0
obstacle
0.0458216778934
165.0 218.0 40.0 10.0
obstacle
0.0453706011176
41.0 181.0 16.0 11.0
obstacle
0.0444929301739
347.0 199.0 16.0 28.0
obstacle
0.0438736788929
164.0 206.0 42.0 13.0
obstacle
0.0438247136772
1.0 168.0 18.0 35.0
obstacle
0.0435646288097
53.0 141.0 27.0 38.0
obstacle
0.042925581336
168.0 216.0 144.0 34.0
obstacle
0.0429224893451
75.0 182.0 23.0 30.0
obstacle
0.0423368439078
199.0 223.0 86.0 22.0
obstacle
0.0421925187111
272.0 206.0 15.0 13.0
obstacle
0.0421294420958
0.0 163.0 68.0 21.0
obstacle
0.0414367243648
113.0 237.0 19.0 25.0
obstacle
0.041343908757
0.0 152.0 32.0 67.0
obstacle
0.0402599647641
97.0 236.0 19.0 27.0
obstacle
0.0397420264781
0.0 167.0 204.0 61.0
obstacle
0.0393631979823
278.0 208.0 37.0 9.0
obstacle
0.0392175279558
85.0 162.0 39.0 48.0
obstacle
0.039082698524
288.0 213.0 19.0 20.0
obstacle
0.0377995409071
413.0 201.0 36.0 45.0
obstacle
0.0376138053834
208.0 193.0 258.0 62.0
obstacle
0.0373018495739
51.0 232.0 147.0 35.0
obstacle
0.036445017904
384.0 201.0 20.0 25.0
obstacle
0.0350241661072
267.0 212.0 22.0 22.0
obstacle
0.0348981358111
66.0 149.0 77.0 24.0
obstacle
0.0348400436342
198.0 208.0 48.0 10.0
obstacle
0.0342857502401
198.0 229.0 49.0 14.0
obstacle
0.0341444127262
333.0 229.0 48.0 14.0
obstacle
0.034067530185
10.0 155.0 39.0 12.0
obstacle
0.0335684232414
390.0 229.0 47.0 14.0
obstacle
0.0326411649585
389.0 220.0 12.0 9.0
obstacle
0.0323616042733
316.0 206.0 42.0 12.0
obstacle
0.0316386185586
217.0 208.0 47.0 10.0
obstacle
0.0309564620256
227.0 206.0 62.0 33.0
obstacle
0.0301737375557
240.0 208.0 40.0 10.0
obstacle
0.0297562833875
31.0 140.0 35.0 42.0
obstacle
0.0289372038096
330.0 213.0 14.0 22.0
obstacle
0.0273515786976
60.0 180.0 15.0 12.0
obstacle
0.0270492900163
297.0 206.0 39.0 12.0
obstacle
0.0268427878618
258.0 202.0 73.0 21.0
obstacle
0.0268196463585
151.0 184.0 254.0 57.0
obstacle
0.0265629347414
370.0 188.0 49.0 49.0
obstacle
0.0259741060436
20.0 158.0 17.0 30.0
obstacle
0.0258976761252
93.0 184.0 23.0 27.0
obstacle
0.0258363932371
232.0 205.0 17.0 18.0
obstacle
0.0255526900291
213.0 222.0 17.0 26.0
obstacle
0.0249460097402
257.0 230.0 45.0 12.0
obstacle
0.024862062186
0.0 100.0 158.0 120.0
obstacle
0.0240709371865
276.0 230.0 44.0 12.0
obstacle
0.0238991919905
174.0 198.0 17.0 31.0
obstacle
0.0238964986056
217.0 229.0 50.0 13.0
obstacle
0.023893719539
307.0 213.0 17.0 22.0
obstacle
0.0235754456371
61.0 168.0 13.0 10.0
obstacle
0.0233432669193
38.0 193.0 174.0 113.0
obstacle
0.0230346489698
0.0 184.0 46.0 26.0
obstacle
0.0227532759309
77.0 150.0 17.0 23.0
obstacle
0.0224841777235
405.0 201.0 18.0 24.0
obstacle
0.0221649911255
42.0 169.0 13.0 9.0
obstacle
0.0221633352339
103.0 223.0 43.0 54.0
obstacle
0.0218851882964
212.0 204.0 18.0 20.0
obstacle
0.0217197947204
0.0 154.0 83.0 39.0
obstacle
0.0216261707246
314.0 230.0 45.0 13.0
obstacle
0.0210657194257
403.0 220.0 18.0 31.0
obstacle
0.0205802731216
21.0 181.0 17.0 11.0
obstacle
0.0205750185996
46.0 174.0 314.0 76.0
obstacle
0.0204972475767
0.0 153.0 31.0 14.0
obstacle
0.0203669816256
84.0 221.0 43.0 57.0
obstacle
0.0202473066747
105.0 167.0 38.0 12.0
obstacle
0.0202008150518
96.0 163.0 16.0 23.0
obstacle
0.0201974920928
349.0 208.0 51.0 55.0
obstacle
0.020109936595
385.0 222.0 18.0 28.0
obstacle
0.0200706198812
411.0 193.0 41.0 13.0
obstacle
0.0199218392372
263.0 195.0 146.0 35.0
obstacle
0.0198519211262
1.0 182.0 17.0 32.0
obstacle
0.0196523219347
120.0 243.0 49.0 13.0
obstacle
0.0195526126772
200.0 177.0 156.0 94.0
obstacle
0.019324760884
191.0 201.0 21.0 26.0
obstacle
0.0192511752248
100.0 230.0 49.0 15.0
obstacle
0.019197313115
117.0 244.0 14.0 11.0
obstacle
0.0189378615469
348.0 220.0 15.0 31.0
obstacle
0.018778283149
366.0 200.0 17.0 27.0
obstacle
0.0187343452126
336.0 186.0 40.0 52.0
obstacle
0.0186540428549
315.0 220.0 84.0 30.0
obstacle
0.0182569231838
429.0 217.0 44.0 14.0
obstacle
0.018143877387
0.0 149.0 74.0 24.0
obstacle
0.0181089639664
116.0 185.0 16.0 24.0
obstacle
0.0180254206061
175.0 210.0 17.0 24.0
obstacle
0.017496291548
237.0 230.0 47.0 11.0
obstacle
0.0172710921615
233.0 224.0 15.0 23.0
obstacle
0.0172488391399
2.0 181.0 16.0 10.0
obstacle
0.0171715170145
169.0 177.0 144.0 49.0
obstacle
0.0169629529119
97.0 149.0 16.0 24.0
obstacle
0.0169401261955
229.0 215.0 135.0 39.0
obstacle
0.0164851956069
0.0 216.0 280.0 67.0
obstacle
0.016407225281
188.0 206.0 66.0 34.0
obstacle
0.0162774790078
85.0 130.0 38.0 61.0
obstacle
0.0162459686399
85.0 226.0 79.0 25.0
obstacle
0.0159754380584
393.0 190.0 39.0 44.0
obstacle
0.0158483218402
11.0 127.0 36.0 67.0
obstacle
0.0158087518066
293.0 201.0 87.0 23.0
obstacle
0.0153923043981
427.0 219.0 12.0 10.0
obstacle
0.0153605556116
276.0 207.0 39.0 32.0
obstacle
0.0149020859972
176.0 229.0 53.0 14.0
obstacle
0.0148519808426
2.0 167.0 14.0 11.0
obstacle
0.014838158153
252.0 206.0 16.0 16.0
obstacle
0.0145225636661
316.0 193.0 41.0 62.0
obstacle
0.0143939070404
409.0 229.0 47.0 13.0
obstacle
0.0143847297877
350.0 220.0 11.0 9.0
obstacle
0.0139718176797
179.0 191.0 47.0 43.0
obstacle
0.0139373438433
99.0 244.0 13.0 11.0
obstacle
0.0135037573054
0.0 121.0 28.0 78.0
obstacle
0.0133010568097
368.0 232.0 14.0 10.0
obstacle
0.0131974630058
408.0 220.0 12.0 9.0
obstacle
0.0131952567026
388.0 207.0 12.0 9.0
obstacle
0.013178142719
41.0 193.0 15.0 12.0
obstacle
0.0130128748715
158.0 223.0 92.0 24.0
obstacle
0.0129847666249
364.0 205.0 59.0 62.0
obstacle
0.0126947602257
79.0 168.0 15.0 10.0
obstacle
0.012565032579
426.0 207.0 13.0 9.0
obstacle
0.0125052547082
348.0 207.0 14.0 9.0
obstacle
0.0124726900831
102.0 155.0 44.0 11.0
obstacle
0.0123510221019
98.0 181.0 16.0 11.0
obstacle
0.0122044784948
252.0 225.0 15.0 20.0
obstacle
0.0120648527518
370.0 220.0 12.0 9.0
obstacle
0.0120568862185
80.0 181.0 15.0 11.0
obstacle
0.0120505234227
414.0 168.0 35.0 61.0
obstacle
0.0120167257264
20.0 147.0 15.0 28.0
obstacle
0.0118273841217
138.0 204.0 51.0 15.0
obstacle
0.0117362709716
60.0 155.0 12.0 9.0
obstacle
0.0116698332131
391.0 220.0 80.0 30.0
obstacle
0.011583163403
289.0 220.0 16.0 30.0
obstacle
0.0114905908704
101.0 157.0 354.0 109.0
obstacle
0.0113758211955
270.0 223.0 16.0 24.0
obstacle
0.0113359801471
329.0 175.0 130.0 51.0
obstacle
0.011330679059
141.0 217.0 46.0 13.0
obstacle
0.0113068372011
423.0 187.0 16.0 26.0
obstacle
0.0110448785126
275.0 212.0 43.0 48.0
obstacle
0.0109008224681
241.0 194.0 36.0 12.0
obstacle
0.0108394045383
121.0 231.0 46.0 13.0
obstacle
0.0108216283843
163.0 188.0 42.0 48.0
obstacle
0.0108034173027
60.0 193.0 16.0 11.0
obstacle
0.0107588889077
221.0 193.0 38.0 13.0
obstacle
0.0107557000592
1.0 148.0 13.0 25.0
obstacle
0.0106778033078
350.0 191.0 50.0 43.0
obstacle
0.0105809392408
22.0 193.0 15.0 12.0
obstacle
0.0105063188821
332.0 207.0 49.0 59.0
obstacle
0.0103258769959
115.0 221.0 19.0 33.0
obstacle
0.010283309035
289.0 204.0 15.0 17.0
obstacle
0.0102597400546
27.0 142.0 41.0 12.0
obstacle
0.0102206300944
0.0 192.0 127.0 34.0
