obstacle
0.785088181496
151.0 148.0 255.0 54.0
obstacle
0.77463310957
347.0 137.0 92.0 18.0
obstacle
0.57021766901
74.0 142.0 371.0 85.0
obstacle
0.373943150043
356.0 141.0 41.0 10.0
obstacle
0.308931857347
220.0 162.0 151.0 40.0
obstacle
0.280347675085
372.0 142.0 45.0 9.0
obstacle
0.218144357204
394.0 143.0 38.0 9.0
obstacle
0.207121685147
98.0 159.0 245.0 52.0
obstacle
0.183925926685
357.0 147.0 74.0 21.0
obstacle
0.171854749322
195.0 148.0 14.0 24.0
obstacle
0.16141435504
365.0 140.0 18.0 16.0
obstacle
0.158973813057
342.0 142.0 34.0 9.0
obstacle
0.149674490094
183.0 154.0 39.0 13.0
obstacle
0.141794383526
354.0 131.0 114.0 30.0
obstacle
0.137726664543
382.0 140.0 21.0 17.0
obstacle
0.119786202908
335.0 128.0 83.0 20.0
obstacle
0.104484215379
236.0 160.0 122.0 27.0
obstacle
0.0992851108313
270.0 160.0 18.0 26.0
obstacle
0.0965628772974
140.0 164.0 166.0 37.0
obstacle
0.0959419831634
251.0 169.0 21.0 31.0
obstacle
0.0933652594686
259.0 168.0 43.0 11.0
obstacle
0.0931923016906
369.0 152.0 51.0 12.0
obstacle
0.0915538668633
236.0 178.0 50.0 14.0
obstacle
0.0881428048015
134.0 115.0 327.0 93.0
obstacle
0.0859305933118
271.0 170.0 20.0 29.0
obstacle
0.0845848172903
402.0 140.0 19.0 15.0
obstacle
0.0824152827263
348.0 137.0 16.0 19.0
obstacle
0.0811416134238
246.0 170.0 102.0 29.0
obstacle
0.0791882425547
252.0 159.0 19.0 29.0
obstacle
0.0761027038097
328.0 136.0 64.0 19.0
obstacle
0.0719037726521
321.0 118.0 111.0 40.0
obstacle
0.0713633522391
307.0 112.0 135.0 71.0
obstacle
0.070360712707
290.0 159.0 18.0 29.0
obstacle
0.0682108774781
241.0 167.0 41.0 13.0
obstacle
0.0681437775493
57.0 106.0 290.0 109.0
obstacle
0.0641482621431
276.0 167.0 46.0 13.0
obstacle
0.0641183629632
195.0 178.0 55.0 15.0
obstacle
0.0635590478778
209.0 175.0 101.0 18.0
obstacle
0.062435798347
337.0 140.0 113.0 34.0
obstacle
0.0583881959319
254.0 179.0 54.0 13.0
obstacle
0.0552950389683
231.0 168.0 21.0 33.0
obstacle
0.0551725775003
216.0 178.0 53.0 14.0
obstacle
0.0541980676353
184.0 142.0 35.0 38.0
obstacle
0.0524724833667
385.0 146.0 17.0 24.0
obstacle
0.0509519986808
212.0 168.0 21.0 33.0
obstacle
0.0484961308539
168.0 149.0 69.0 23.0
obstacle
0.0479522161186
147.0 172.0 74.0 26.0
obstacle
0.0472174733877
279.0 155.0 37.0 14.0
obstacle
0.047141700983
367.0 131.0 51.0 31.0
obstacle
0.046603217721
351.0 129.0 49.0 36.0
obstacle
0.045328438282
288.0 170.0 22.0 30.0
obstacle
0.045105163008
171.0 173.0 100.0 22.0
obstacle
0.0446835793555
358.0 132.0 35.0 10.0
obstacle
0.0445757992566
215.0 137.0 164.0 52.0
obstacle
0.0442835763097
288.0 162.0 96.0 22.0
obstacle
0.04357297346
221.0 166.0 42.0 15.0
obstacle
0.0422771200538
161.0 167.0 46.0 13.0
obstacle
0.0401305742562
140.0 166.0 50.0 15.0
obstacle
0.0400149449706
141.0 179.0 49.0 14.0
obstacle
0.0395407900214
339.0 131.0 37.0 11.0
obstacle
0.037849728018
154.0 167.0 21.0 35.0
obstacle
0.037522751838
159.0 149.0 49.0 51.0
obstacle
0.0371720716357
253.0 153.0 159.0 40.0
obstacle
0.0368942804635
272.0 179.0 54.0 13.0
obstacle
0.035370670259
392.0 153.0 42.0 11.0
obstacle
0.035287771374
259.0 155.0 40.0 14.0
obstacle
0.0350385457277
353.0 153.0 47.0 12.0
obstacle
0.0334507785738
411.0 142.0 41.0 11.0
obstacle
0.0325891897082
149.0 160.0 71.0 29.0
obstacle
0.0305839870125
366.0 147.0 16.0 23.0
obstacle
0.0305373445153
207.0 163.0 107.0 22.0
obstacle
0.0293624214828
197.0 166.0 51.0 16.0
obstacle
0.028907539323
252.0 155.0 52.0 37.0
obstacle
0.028602624312
289.0 149.0 16.0 26.0
obstacle
0.0273542162031
250.0 151.0 94.0 23.0
obstacle
0.0273478459567
173.0 155.0 20.0 37.0
obstacle
0.0271345954388
118.0 148.0 134.0 52.0
obstacle
0.0265327561647
211.0 155.0 20.0 37.0
obstacle
0.0265049431473
296.0 133.0 125.0 28.0
obstacle
0.0263407249004
228.0 119.0 256.0 56.0
obstacle
0.0261769555509
191.0 168.0 23.0 34.0
obstacle
0.0258182249963
142.0 143.0 45.0 60.0
obstacle
0.0257734395564
447.0 102.0 48.0 13.0
obstacle
0.0253760311753
368.0 137.0 51.0 44.0
obstacle
0.0240693986416
294.0 167.0 47.0 13.0
obstacle
0.0235858336091
178.0 152.0 48.0 44.0
obstacle
0.0233522225171
373.0 132.0 42.0 9.0
obstacle
0.0230016037822
79.0 132.0 322.0 59.0
obstacle
0.0227310415357
240.0 154.0 40.0 15.0
obstacle
0.0226088538766
92.0 166.0 146.0 38.0
obstacle
0.0223678164184
315.0 167.0 43.0 13.0
obstacle
0.0218825601041
96.0 119.0 175.0 108.0
obstacle
0.0217159725726
172.0 168.0 23.0 34.0
obstacle
0.0217106174678
270.0 147.0 16.0 29.0
obstacle
0.0216922368854
348.0 126.0 15.0 22.0
obstacle
0.0216475613415
270.0 157.0 53.0 33.0
obstacle
0.0209673903883
30.0 138.0 266.0 70.0
obstacle
0.0202604774386
178.0 167.0 51.0 14.0
obstacle
0.0201191082597
391.0 130.0 39.0 33.0
obstacle
0.0198159199208
341.0 112.0 141.0 50.0
obstacle
0.0196507368237
334.0 166.0 44.0 13.0
obstacle
0.0186116620898
192.0 156.0 19.0 34.0
obstacle
0.018114624545
258.0 185.0 81.0 22.0
obstacle
0.0180434323847
237.0 155.0 45.0 38.0
obstacle
0.0179680753499
198.0 154.0 45.0 13.0
obstacle
0.0178852472454
266.0 163.0 60.0 43.0
obstacle
0.0178225599229
334.0 154.0 45.0 12.0
obstacle
0.0177629590034
275.0 104.0 202.0 112.0
obstacle
0.0175366085023
320.0 142.0 35.0 11.0
obstacle
0.0174358040094
195.0 191.0 55.0 14.0
obstacle
0.017079481855
173.0 160.0 98.0 28.0
obstacle
0.0166487209499
141.0 138.0 125.0 46.0
obstacle
0.0164726208895
363.0 127.0 21.0 21.0
obstacle
0.0163891874254
157.0 154.0 53.0 15.0
obstacle
0.0158562324941
197.0 152.0 47.0 43.0
obstacle
0.015768578276
436.0 97.0 64.0 23.0
obstacle
0.0155970212072
370.0 143.0 10.0 8.0
obstacle
0.0151277501136
403.0 145.0 16.0 25.0
obstacle
0.0148439109325
235.0 191.0 52.0 14.0
obstacle
0.0148027567193
220.0 154.0 42.0 15.0
obstacle
0.0143226999789
196.0 155.0 12.0 9.0
obstacle
0.0137803200632
252.0 146.0 16.0 32.0
obstacle
0.0136606637388
433.0 102.0 39.0 13.0
obstacle
0.0134662967175
309.0 160.0 19.0 27.0
obstacle
0.0134122204036
346.0 134.0 60.0 50.0
obstacle
0.0133880218491
315.0 155.0 45.0 12.0
obstacle
0.0133483959362
217.0 153.0 47.0 41.0
obstacle
0.0132291251794
174.0 191.0 57.0 15.0
obstacle
0.0132176335901
275.0 191.0 49.0 13.0
obstacle
0.013163219206
216.0 190.0 51.0 15.0
obstacle
0.0131356734782
295.0 179.0 47.0 13.0
obstacle
0.0125037748367
389.0 143.0 10.0 9.0
obstacle
0.0124810440466
273.0 168.0 13.0 11.0
obstacle
0.0123306019232
336.0 130.0 42.0 35.0
obstacle
0.0121196499094
239.0 138.0 40.0 45.0
obstacle
0.0119969341904
450.0 68.0 41.0 81.0
obstacle
0.0119967199862
200.0 155.0 272.0 61.0
obstacle
0.0118580646813
396.0 92.0 104.0 33.0
obstacle
0.0118192126974
215.0 185.0 90.0 22.0
obstacle
0.0116466889158
179.0 185.0 85.0 23.0
obstacle
0.0114284073934
299.0 154.0 36.0 15.0
obstacle
0.0108407707885
155.0 181.0 16.0 11.0
obstacle
0.0108146350831
392.0 132.0 40.0 9.0
obstacle
0.0106467427686
275.0 142.0 44.0 37.0
obstacle
0.0104878647253
385.0 129.0 18.0 18.0
obstacle
0.0104123521596
288.0 174.0 93.0 21.0
obstacle
0.0103807095438
217.0 129.0 199.0 113.0
obstacle
0.0103580653667
350.0 165.0 52.0 13.0
obstacle
0.0101809417829
256.0 140.0 44.0 41.0
obstacle
0.0101119400933
460.0 95.0 18.0 27.0
