obstacle
0.806129515171
308.0 89.0 63.0 19.0
obstacle
0.630966901779
446.0 117.0 18.0 15.0
obstacle
0.378940284252
317.0 92.0 41.0 11.0
obstacle
0.355725049973
87.0 211.0 79.0 21.0
obstacle
0.3180770576
150.0 174.0 140.0 48.0
obstacle
0.315190523863
457.0 115.0 18.0 17.0
obstacle
0.280398786068
458.0 120.0 19.0 22.0
obstacle
0.249634489417
90.0 169.0 224.0 60.0
obstacle
0.245308935642
70.0 193.0 150.0 39.0
obstacle
0.242083951831
444.0 120.0 19.0 21.0
obstacle
0.231863632798
335.0 93.0 38.0 9.0
obstacle
0.220683425665
102.0 217.0 48.0 12.0
obstacle
0.211370617151
125.0 189.0 153.0 41.0
obstacle
0.166361883283
301.0 90.0 39.0 13.0
obstacle
0.161891907454
435.0 115.0 40.0 16.0
obstacle
0.160785257816
174.0 164.0 130.0 46.0
obstacle
0.151646524668
60.0 207.0 132.0 30.0
obstacle
0.149554759264
448.0 116.0 39.0 16.0
obstacle
0.149051472545
323.0 90.0 24.0 17.0
obstacle
0.141727536917
3.0 146.0 360.0 105.0
obstacle
0.129678621888
450.0 123.0 38.0 20.0
obstacle
0.129122123122
314.0 100.0 47.0 12.0
obstacle
0.127824991941
120.0 217.0 50.0 11.0
obstacle
0.122570239007
315.0 94.0 73.0 22.0
obstacle
0.115400999784
98.0 202.0 90.0 23.0
obstacle
0.113823369145
84.0 218.0 46.0 11.0
obstacle
0.108354486525
115.0 145.0 174.0 107.0
obstacle
0.102125495672
115.0 211.0 94.0 22.0
obstacle
0.10061468184
298.0 101.0 42.0 11.0
obstacle
0.100520439446
156.0 185.0 92.0 29.0
obstacle
0.0935375988483
179.0 191.0 47.0 15.0
obstacle
0.0921151563525
199.0 179.0 45.0 13.0
obstacle
0.0903348252177
307.0 83.0 94.0 27.0
obstacle
0.0892288312316
114.0 213.0 21.0 20.0
obstacle
0.0875772461295
192.0 171.0 96.0 30.0
obstacle
0.0872921943665
284.0 94.0 73.0 23.0
obstacle
0.0846584960818
159.0 192.0 48.0 14.0
obstacle
0.0835115015507
344.0 89.0 18.0 17.0
obstacle
0.0827910751104
310.0 89.0 17.0 19.0
obstacle
0.0794548392296
336.0 101.0 40.0 11.0
obstacle
0.078787766397
137.0 217.0 53.0 12.0
obstacle
0.0786260962486
431.0 121.0 46.0 19.0
obstacle
0.074517890811
326.0 96.0 18.0 20.0
obstacle
0.0742385834455
437.0 127.0 37.0 10.0
obstacle
0.0699439793825
196.0 170.0 49.0 57.0
obstacle
0.0665241330862
299.0 72.0 75.0 30.0
obstacle
0.0662696883082
217.0 166.0 44.0 64.0
obstacle
0.0649312436581
99.0 206.0 53.0 14.0
obstacle
0.0647319108248
156.0 198.0 90.0 26.0
obstacle
0.0637365505099
176.0 204.0 52.0 14.0
obstacle
0.0618164464831
197.0 184.0 85.0 29.0
obstacle
0.0613326840103
134.0 213.0 20.0 20.0
obstacle
0.0609073638916
12.0 213.0 72.0 23.0
obstacle
0.0597310401499
239.0 180.0 41.0 12.0
obstacle
0.0594284459949
191.0 182.0 23.0 34.0
obstacle
0.0587990880013
277.0 102.0 45.0 12.0
obstacle
0.0585634112358
199.0 191.0 45.0 15.0
obstacle
0.0577102527022
116.0 206.0 57.0 14.0
obstacle
0.0563522055745
174.0 169.0 56.0 59.0
obstacle
0.0551151670516
346.0 96.0 14.0 19.0
obstacle
0.0547914355993
41.0 180.0 168.0 88.0
obstacle
0.0540253557265
215.0 179.0 51.0 14.0
obstacle
0.0507305525243
136.0 205.0 56.0 13.0
obstacle
0.0497444234788
194.0 207.0 129.0 32.0
obstacle
0.0495450496674
419.0 116.0 34.0 11.0
obstacle
0.0490002259612
354.0 102.0 41.0 12.0
obstacle
0.0481807179749
199.0 204.0 44.0 14.0
obstacle
0.0476329475641
310.0 96.0 15.0 21.0
obstacle
0.0470315217972
172.0 183.0 22.0 33.0
obstacle
0.0469588153064
427.0 120.0 15.0 26.0
obstacle
0.0465493351221
317.0 80.0 40.0 10.0
obstacle
0.0463079661131
22.0 218.0 53.0 13.0
obstacle
0.0456215441227
0.0 194.0 253.0 58.0
obstacle
0.044858019799
426.0 111.0 17.0 23.0
obstacle
0.0439953505993
191.0 196.0 23.0 30.0
obstacle
0.0428105853498
237.0 155.0 44.0 63.0
obstacle
0.0426041744649
158.0 172.0 50.0 54.0
obstacle
0.0422508642077
218.0 192.0 46.0 14.0
obstacle
0.042049728334
180.0 179.0 44.0 14.0
obstacle
0.0415042638779
210.0 180.0 22.0 38.0
obstacle
0.0412135981023
97.0 212.0 18.0 22.0
obstacle
0.0408634841442
108.0 203.0 148.0 37.0
obstacle
0.0403008796275
187.0 189.0 141.0 44.0
obstacle
0.040023189038
472.0 116.0 28.0 13.0
obstacle
0.0394486933947
355.0 91.0 36.0 12.0
obstacle
0.0393945835531
171.0 127.0 177.0 117.0
obstacle
0.0384735167027
278.0 90.0 43.0 12.0
obstacle
0.0382482931018
236.0 191.0 47.0 15.0
obstacle
0.0376160629094
155.0 212.0 18.0 22.0
obstacle
0.0374409370124
156.0 204.0 54.0 14.0
obstacle
0.0368970520794
470.0 127.0 30.0 14.0
obstacle
0.0367963723838
335.0 80.0 39.0 11.0
obstacle
0.0367353931069
181.0 217.0 43.0 13.0
obstacle
0.0366893038154
333.0 81.0 40.0 30.0
obstacle
0.0366293340921
196.0 197.0 86.0 27.0
obstacle
0.0365160666406
42.0 218.0 50.0 14.0
obstacle
0.0354872569442
211.0 195.0 20.0 31.0
obstacle
0.035058517009
199.0 216.0 45.0 14.0
obstacle
0.0349404215813
4.0 217.0 52.0 14.0
obstacle
0.0346553362906
300.0 90.0 108.0 32.0
obstacle
0.034647103399
412.0 127.0 48.0 13.0
obstacle
0.0344145968556
210.0 172.0 21.0 29.0
obstacle
0.0342700332403
142.0 193.0 44.0 13.0
obstacle
0.0336498878896
179.0 210.0 84.0 24.0
obstacle
0.0334913916886
158.0 217.0 49.0 13.0
obstacle
0.0334051735699
315.0 61.0 45.0 46.0
obstacle
0.0328219234943
221.0 205.0 40.0 13.0
obstacle
0.0323699302971
62.0 217.0 50.0 14.0
obstacle
0.0322157591581
0.0 208.0 112.0 32.0
obstacle
0.0321417041123
250.0 172.0 21.0 28.0
obstacle
0.0320217609406
417.0 105.0 34.0 9.0
obstacle
0.0313474982977
134.0 200.0 22.0 27.0
obstacle
0.0308940783143
300.0 79.0 39.0 11.0
obstacle
0.0291689150035
281.0 63.0 111.0 47.0
obstacle
0.0276509467512
237.0 175.0 44.0 72.0
obstacle
0.0276136063039
100.0 201.0 50.0 45.0
obstacle
0.0269549582154
259.0 54.0 156.0 83.0
obstacle
0.0265701171011
126.0 45.0 374.0 126.0
obstacle
0.0261328462511
231.0 181.0 21.0 36.0
obstacle
0.0255574118346
429.0 124.0 48.0 43.0
obstacle
0.0255170483142
146.0 152.0 227.0 68.0
obstacle
0.0252010412514
154.0 173.0 98.0 26.0
obstacle
0.0251553654671
164.0 157.0 38.0 58.0
obstacle
0.02502537705
246.0 81.0 254.0 107.0
obstacle
0.02496490255
228.0 170.0 23.0 33.0
obstacle
0.0247319936752
289.0 95.0 17.0 26.0
obstacle
0.0242940094322
195.0 194.0 16.0 10.0
obstacle
0.0242926888168
234.0 216.0 51.0 15.0
obstacle
0.0242920555174
153.0 199.0 23.0 27.0
obstacle
0.0241196192801
46.0 212.0 81.0 22.0
obstacle
0.0240396298468
82.0 206.0 49.0 14.0
obstacle
0.0238473266363
428.0 113.0 72.0 39.0
obstacle
0.0238392539322
236.0 204.0 47.0 13.0
obstacle
0.0237691998482
172.0 197.0 23.0 28.0
obstacle
0.023717071861
225.0 81.0 150.0 31.0
obstacle
0.0236879531294
114.0 200.0 22.0 27.0
obstacle
0.0234829653054
158.0 179.0 49.0 14.0
obstacle
0.0232906192541
442.0 115.0 55.0 60.0
obstacle
0.0232833977789
148.0 193.0 223.0 61.0
obstacle
0.0232088025659
481.0 120.0 15.0 26.0
obstacle
0.0230584125966
253.0 93.0 131.0 26.0
obstacle
0.0230241585523
400.0 110.0 77.0 24.0
obstacle
0.0229043215513
255.0 180.0 46.0 13.0
obstacle
0.0227770134807
366.0 95.0 13.0 25.0
obstacle
0.0222572088242
218.0 216.0 46.0 14.0
obstacle
0.0219780653715
256.0 84.0 91.0 25.0
obstacle
0.0219647642225
333.0 59.0 44.0 50.0
obstacle
0.0217703673989
59.0 167.0 401.0 114.0
obstacle
0.0217451117933
324.0 73.0 23.0 27.0
obstacle
0.0216128304601
397.0 119.0 79.0 26.0
obstacle
0.0215531457216
118.0 219.0 14.0 10.0
obstacle
0.0211054068059
442.0 126.0 21.0 38.0
obstacle
0.0210545640439
445.0 104.0 14.0 17.0
obstacle
0.0208339653909
153.0 80.0 292.0 57.0
obstacle
0.0207064542919
141.0 172.0 45.0 55.0
obstacle
0.0206158328801
193.0 210.0 19.0 26.0
obstacle
0.0204778127372
450.0 88.0 39.0 45.0
obstacle
0.0204739589244
193.0 171.0 18.0 31.0
obstacle
0.0204724557698
212.0 210.0 19.0 26.0
obstacle
0.0204376336187
248.0 208.0 23.0 31.0
obstacle
0.0203601848334
175.0 194.0 16.0 10.0
obstacle
0.0203402582556
454.0 105.0 33.0 10.0
obstacle
0.019624017179
440.0 106.0 28.0 9.0
obstacle
0.0195496641099
107.0 165.0 154.0 44.0
obstacle
0.0192288383842
433.0 101.0 67.0 21.0
obstacle
0.0191428810358
395.0 115.0 41.0 13.0
obstacle
0.0190371349454
481.0 111.0 13.0 22.0
obstacle
0.0190214384347
154.0 184.0 20.0 32.0
obstacle
0.0187433119863
256.0 102.0 47.0 13.0
obstacle
0.0183705426753
373.0 102.0 42.0 13.0
obstacle
0.0182237345725
411.0 112.0 49.0 43.0
obstacle
0.0181981343776
117.0 198.0 53.0 50.0
obstacle
0.0181508008391
424.0 100.0 17.0 23.0
obstacle
0.0178460180759
212.0 167.0 132.0 38.0
obstacle
0.0178279876709
230.0 198.0 20.0 26.0
obstacle
0.0175012871623
404.0 89.0 96.0 91.0
obstacle
0.017370171845
62.0 201.0 91.0 24.0
obstacle
0.0171323828399
0.0 319.0 34.0 14.0
obstacle
0.0170765183866
246.0 173.0 64.0 26.0
obstacle
0.0167418103665
198.0 190.0 45.0 67.0
obstacle
0.0167298037559
466.0 105.0 34.0 57.0
obstacle
0.0166075583547
250.0 183.0 19.0 31.0
obstacle
0.016398396343
118.0 187.0 91.0 26.0
obstacle
0.0162857975811
174.0 210.0 19.0 26.0
obstacle
0.016265746206
178.0 186.0 48.0 75.0
obstacle
0.0161854475737
460.0 102.0 16.0 20.0
obstacle
0.0160895325243
260.0 168.0 36.0 60.0
obstacle
0.0158771313727
0.0 167.0 277.0 115.0
obstacle
0.0158340334892
181.0 170.0 156.0 108.0
obstacle
0.0155161870643
330.0 90.0 47.0 35.0
obstacle
0.0154781239107
0.0 312.0 114.0 21.0
obstacle
0.0154458321631
345.0 74.0 19.0 25.0
obstacle
0.0153792835772
138.0 193.0 49.0 61.0
obstacle
0.0150392446667
435.0 91.0 34.0 39.0
obstacle
0.0147652300075
214.0 194.0 16.0 10.0
obstacle
0.0146070448682
216.0 186.0 47.0 75.0
obstacle
0.0145583674312
194.0 207.0 16.0 10.0
obstacle
0.0144086228684
307.0 73.0 19.0 26.0
obstacle
0.0143835302442
276.0 104.0 224.0 60.0
obstacle
0.0141960196197
81.0 220.0 91.0 31.0
obstacle
0.0140795679763
255.0 191.0 45.0 14.0
obstacle
0.0138925751671
233.0 180.0 16.0 11.0
obstacle
0.0137350708246
394.0 103.0 41.0 12.0
obstacle
0.0137106878683
250.0 195.0 18.0 31.0
obstacle
0.0136677436531
297.0 82.0 43.0 30.0
obstacle
0.0133625753224
470.0 104.0 30.0 12.0
obstacle
0.0133310155943
391.0 127.0 49.0 14.0
obstacle
0.0132022872567
18.0 210.0 21.0 29.0
obstacle
0.0132017619908
45.0 216.0 160.0 39.0
obstacle
0.0132001191378
214.0 181.0 15.0 9.0
obstacle
0.0127199962735
423.0 139.0 61.0 15.0
obstacle
0.0127164134756
99.0 219.0 13.0 11.0
obstacle
0.0126924328506
229.0 208.0 22.0 31.0
obstacle
0.0126457475126
253.0 180.0 14.0 11.0
obstacle
0.0126036247239
56.0 210.0 21.0 29.0
obstacle
0.0125144366175
5.0 193.0 47.0 63.0
obstacle
0.0124677922577
416.0 106.0 37.0 32.0
obstacle
0.0123921111226
36.0 210.0 21.0 28.0
obstacle
0.0123236710206
83.0 198.0 46.0 51.0
obstacle
0.0121336719021
45.0 192.0 43.0 65.0
obstacle
0.0120557481423
397.0 100.0 78.0 22.0
obstacle
0.011919407174
172.0 169.0 19.0 35.0
obstacle
0.0118110310286
290.0 85.0 17.0 25.0
obstacle
0.0117760524154
98.0 228.0 55.0 16.0
obstacle
0.0116326324642
25.0 193.0 45.0 62.0
obstacle
0.0115425521508
138.0 219.0 13.0 11.0
obstacle
0.0114744491875
116.0 228.0 57.0 16.0
obstacle
0.0113219702616
214.0 207.0 16.0 9.0
obstacle
0.0113015761599
154.0 151.0 134.0 47.0
obstacle
0.0112507902086
354.0 81.0 39.0 54.0
obstacle
0.0109735336155
253.0 215.0 53.0 17.0
obstacle
0.01091578044
215.0 167.0 50.0 15.0
obstacle
0.0107624558732
240.0 95.0 80.0 27.0
obstacle
0.0106312856078
254.0 182.0 49.0 83.0
obstacle
0.0106049766764
155.0 190.0 54.0 67.0
obstacle
0.010586835444
96.0 197.0 20.0 33.0
obstacle
0.0105850910768
274.0 77.0 50.0 13.0
obstacle
0.0105560878292
201.0 91.0 158.0 35.0
obstacle
0.0102794775739
282.0 45.0 185.0 127.0
obstacle
0.0101852156222
157.0 219.0 14.0 10.0
obstacle
0.010120219551
0.0 170.0 131.0 108.0
