obstacle
0.901288926601
95.0 27.0 93.0 17.0
obstacle
0.89425855875
304.0 35.0 73.0 14.0
obstacle
0.738601267338
0.0 98.0 334.0 96.0
obstacle
0.658046364784
108.0 31.0 72.0 18.0
obstacle
0.492471158504
315.0 39.0 48.0 10.0
obstacle
0.425179153681
77.0 110.0 367.0 99.0
obstacle
0.423747181892
332.0 40.0 46.0 9.0
obstacle
0.262491255999
109.0 27.0 38.0 11.0
obstacle
0.236627981067
299.0 26.0 78.0 21.0
obstacle
0.212495699525
303.0 39.0 36.0 10.0
obstacle
0.190613344312
326.0 38.0 18.0 12.0
obstacle
0.175250157714
0.0 110.0 210.0 74.0
obstacle
0.159498274326
123.0 29.0 42.0 10.0
obstacle
0.149845823646
345.0 39.0 16.0 11.0
obstacle
0.132890641689
300.0 43.0 77.0 23.0
obstacle
0.132545635104
122.0 37.0 48.0 10.0
obstacle
0.126549303532
312.0 32.0 86.0 23.0
obstacle
0.124254696071
132.0 33.0 20.0 17.0
obstacle
0.102477401495
356.0 40.0 33.0 10.0
obstacle
0.0974440798163
178.0 88.0 201.0 118.0
obstacle
0.0946473181248
310.0 36.0 15.0 16.0
obstacle
0.0884978473186
106.0 128.0 41.0 14.0
obstacle
0.0842885002494
131.0 30.0 21.0 11.0
obstacle
0.0828730538487
115.0 32.0 21.0 20.0
obstacle
0.0806878879666
104.0 37.0 47.0 11.0
obstacle
0.0776319950819
147.0 30.0 28.0 8.0
obstacle
0.0775578692555
323.0 30.0 30.0 8.0
obstacle
0.0767854824662
142.0 37.0 43.0 11.0
obstacle
0.0684472620487
64.0 140.0 48.0 15.0
obstacle
0.0682133287191
78.0 128.0 18.0 39.0
obstacle
0.0667076930404
90.0 11.0 77.0 24.0
obstacle
0.063997425139
111.0 19.0 99.0 27.0
obstacle
0.0636842399836
66.0 128.0 43.0 13.0
obstacle
0.0609281025827
115.0 114.0 20.0 41.0
obstacle
0.0608862638474
49.0 115.0 151.0 38.0
obstacle
0.0576335601509
102.0 22.0 48.0 21.0
obstacle
0.0559954978526
154.0 33.0 13.0 16.0
obstacle
0.0556793473661
116.0 128.0 18.0 39.0
obstacle
0.0551458373666
468.0 140.0 32.0 13.0
obstacle
0.0548450239003
105.0 140.0 43.0 15.0
obstacle
0.0538019612432
125.0 79.0 375.0 112.0
obstacle
0.0534368120134
5.0 128.0 50.0 15.0
obstacle
0.053233679384
312.0 50.0 52.0 11.0
obstacle
0.0527154803276
289.0 18.0 97.0 36.0
obstacle
0.0520538724959
79.0 122.0 94.0 25.0
obstacle
0.0519488565624
98.0 126.0 16.0 43.0
obstacle
0.0514818392694
93.0 27.0 34.0 10.0
obstacle
0.0503043308854
146.0 101.0 264.0 68.0
obstacle
0.0500566735864
212.0 112.0 167.0 46.0
obstacle
0.049524821341
0.0 139.0 136.0 41.0
obstacle
0.0488951466978
28.0 128.0 43.0 13.0
obstacle
0.0479887910187
327.0 43.0 17.0 24.0
obstacle
0.0469719022512
11.0 123.0 152.0 45.0
obstacle
0.045411080122
332.0 50.0 49.0 11.0
obstacle
0.0443617030978
101.0 23.0 13.0 20.0
obstacle
0.0442115925252
25.0 141.0 47.0 13.0
obstacle
0.0437788367271
41.0 151.0 54.0 17.0
obstacle
0.0437722653151
0.0 72.0 251.0 102.0
obstacle
0.0434442646801
0.0 123.0 72.0 25.0
obstacle
0.04300493747
302.0 29.0 35.0 10.0
obstacle
0.0429500676692
58.0 142.0 22.0 36.0
obstacle
0.0425072275102
122.0 139.0 48.0 17.0
obstacle
0.0419110655785
326.0 29.0 19.0 14.0
obstacle
0.0413016118109
337.0 30.0 36.0 9.0
obstacle
0.0405821762979
135.0 126.0 18.0 42.0
obstacle
0.0402538590133
57.0 115.0 59.0 64.0
obstacle
0.0402229465544
142.0 130.0 272.0 61.0
obstacle
0.0397405326366
83.0 140.0 49.0 15.0
obstacle
0.039165917784
85.0 128.0 44.0 14.0
obstacle
0.0390679500997
39.0 131.0 19.0 32.0
obstacle
0.0387592464685
248.0 123.0 133.0 47.0
obstacle
0.0386909618974
55.0 68.0 333.0 110.0
obstacle
0.0385792069137
313.0 34.0 46.0 21.0
obstacle
0.0383429788053
82.0 28.0 92.0 26.0
obstacle
0.0382064729929
85.0 135.0 80.0 25.0
obstacle
0.0373322553933
23.0 146.0 88.0 27.0
obstacle
0.0372086390853
79.0 117.0 16.0 35.0
obstacle
0.0371399074793
144.0 128.0 40.0 14.0
obstacle
0.0371059328318
346.0 44.0 14.0 22.0
obstacle
0.0369540937245
117.0 21.0 52.0 22.0
obstacle
0.036905489862
60.0 152.0 56.0 16.0
obstacle
0.0367935821414
66.0 125.0 153.0 40.0
obstacle
0.0357729531825
0.0 311.0 116.0 22.0
obstacle
0.035548184067
45.0 134.0 84.0 27.0
obstacle
0.0353685133159
281.0 37.0 110.0 35.0
obstacle
0.0353488661349
95.0 2.0 97.0 42.0
obstacle
0.0338344313204
114.0 117.0 58.0 59.0
obstacle
0.0336418226361
77.0 140.0 20.0 39.0
obstacle
0.0335821770132
98.0 112.0 54.0 45.0
obstacle
0.0335081964731
180.0 212.0 81.0 24.0
obstacle
0.0331728160381
60.0 0.0 131.0 67.0
obstacle
0.0331337079406
134.0 206.0 136.0 35.0
obstacle
0.0328517369926
125.0 116.0 38.0 14.0
obstacle
0.0327910222113
267.0 7.0 138.0 76.0
obstacle
0.0326074436307
124.0 128.0 43.0 14.0
obstacle
0.0321738235652
154.0 30.0 13.0 9.0
obstacle
0.0321575440466
86.0 94.0 192.0 132.0
obstacle
0.031959682703
469.0 127.0 31.0 15.0
obstacle
0.0318157598376
76.0 117.0 59.0 60.0
obstacle
0.0308821145445
44.0 140.0 49.0 15.0
obstacle
0.0306685511023
47.0 128.0 42.0 13.0
obstacle
0.0305767171085
86.0 38.0 45.0 10.0
obstacle
0.0305395759642
427.0 140.0 50.0 14.0
obstacle
0.0304842740297
43.0 121.0 90.0 26.0
obstacle
0.0304583348334
33.0 121.0 67.0 78.0
obstacle
0.0303148981184
108.0 116.0 36.0 14.0
obstacle
0.030173689127
18.0 117.0 21.0 36.0
obstacle
0.0301027745008
0.0 74.0 138.0 121.0
obstacle
0.0300660841167
4.0 140.0 52.0 15.0
obstacle
0.0298759900033
80.0 152.0 53.0 16.0
obstacle
0.0297192167491
97.0 141.0 19.0 37.0
obstacle
0.029301667586
23.0 153.0 52.0 14.0
obstacle
0.0291774123907
332.0 192.0 47.0 13.0
obstacle
0.0280197635293
265.0 33.0 112.0 21.0
obstacle
0.0279163438827
141.0 140.0 48.0 15.0
obstacle
0.0277884099633
132.0 192.0 141.0 39.0
obstacle
0.027684558183
164.0 38.0 36.0 11.0
obstacle
0.0271978527308
290.0 116.0 53.0 62.0
obstacle
0.0269564427435
0.0 117.0 118.0 36.0
obstacle
0.0269009936601
111.0 17.0 32.0 9.0
obstacle
0.0268849693239
482.0 133.0 16.0 28.0
obstacle
0.0267454255372
3.0 318.0 51.0 15.0
obstacle
0.0265966784209
162.0 128.0 43.0 14.0
obstacle
0.0264406427741
434.0 135.0 66.0 24.0
obstacle
0.0264205150306
103.0 44.0 82.0 23.0
obstacle
0.0263565611094
332.0 34.0 41.0 20.0
obstacle
0.0263314750046
155.0 115.0 17.0 39.0
obstacle
0.0260737985373
23.0 118.0 51.0 58.0
obstacle
0.0259332805872
240.0 129.0 42.0 13.0
obstacle
0.0259167738259
291.0 50.0 56.0 13.0
obstacle
0.0258425809443
59.0 129.0 18.0 37.0
obstacle
0.0253459978849
101.0 32.0 12.0 21.0
obstacle
0.0253116544336
5.0 102.0 47.0 65.0
obstacle
0.0250979643315
3.0 135.0 91.0 25.0
obstacle
0.0250808522105
0.0 123.0 256.0 98.0
obstacle
0.0247594714165
245.0 124.0 106.0 24.0
obstacle
0.0242946632206
257.0 128.0 44.0 15.0
obstacle
0.0237366724759
239.0 141.0 44.0 14.0
obstacle
0.0232760924846
98.0 152.0 56.0 17.0
obstacle
0.0230398941785
164.0 28.0 33.0 10.0
obstacle
0.0230077747256
309.0 24.0 17.0 22.0
obstacle
0.0229801423848
48.0 139.0 151.0 38.0
obstacle
0.0228305011988
281.0 38.0 39.0 12.0
obstacle
0.0227650441229
278.0 128.0 41.0 14.0
obstacle
0.0227040406317
219.0 129.0 44.0 13.0
obstacle
0.0222486425191
249.0 128.0 18.0 39.0
obstacle
0.022202314809
154.0 126.0 19.0 42.0
obstacle
0.0221014413983
46.0 2.0 123.0 40.0
obstacle
0.0219581183046
96.0 116.0 170.0 37.0
obstacle
0.0219319928437
0.0 166.0 138.0 38.0
obstacle
0.0218960959464
38.0 142.0 21.0 35.0
obstacle
0.0216984003782
200.0 129.0 43.0 13.0
obstacle
0.0216350983828
417.0 127.0 83.0 40.0
obstacle
0.0215813964605
95.0 119.0 58.0 80.0
obstacle
0.0215680096298
18.0 130.0 23.0 35.0
obstacle
0.0214885957539
247.0 118.0 62.0 58.0
obstacle
0.0214639622718
272.0 133.0 89.0 29.0
obstacle
0.0211770106107
40.0 117.0 17.0 34.0
obstacle
0.0209796316922
135.0 115.0 54.0 63.0
obstacle
0.0209223553538
155.0 199.0 94.0 25.0
obstacle
0.0208772085607
87.0 15.0 41.0 11.0
obstacle
0.0208718106151
44.0 109.0 47.0 52.0
obstacle
0.0208426937461
269.0 104.0 57.0 62.0
obstacle
0.0206005368382
468.0 113.0 32.0 68.0
obstacle
0.02048686333
366.0 38.0 11.0 14.0
obstacle
0.0202733911574
354.0 51.0 41.0 11.0
obstacle
0.0201671347022
171.0 204.0 62.0 16.0
obstacle
0.0198618844151
144.0 116.0 38.0 15.0
obstacle
0.0198587700725
113.0 123.0 101.0 23.0
obstacle
0.0196632035077
410.0 140.0 45.0 14.0
obstacle
0.019619807601
174.0 217.0 57.0 15.0
obstacle
0.0196028146893
294.0 120.0 83.0 30.0
obstacle
0.019533989951
63.0 116.0 47.0 15.0
obstacle
0.019293686375
127.0 18.0 34.0 8.0
obstacle
0.0191827397794
301.0 117.0 34.0 12.0
obstacle
0.0191250760108
278.0 141.0 43.0 13.0
obstacle
0.0191237740219
145.0 110.0 189.0 124.0
obstacle
0.0188109241426
373.0 38.0 40.0 13.0
obstacle
0.0187450014055
0.0 123.0 61.0 74.0
obstacle
0.0183489006013
315.0 16.0 44.0 35.0
obstacle
0.0182913914323
234.0 106.0 50.0 58.0
obstacle
0.0182197056711
21.0 174.0 92.0 23.0
obstacle
0.0179169457406
12.0 154.0 380.0 115.0
obstacle
0.0179080553353
227.0 127.0 64.0 65.0
obstacle
0.017719950527
0.0 146.0 191.0 52.0
obstacle
0.0176743064076
295.0 141.0 46.0 15.0
obstacle
0.0175352469087
327.0 38.0 54.0 36.0
obstacle
0.0175132490695
310.0 39.0 15.0 32.0
obstacle
0.017410563305
257.0 141.0 46.0 13.0
obstacle
0.0173869393766
183.0 128.0 40.0 14.0
obstacle
0.0173556413502
219.0 134.0 83.0 28.0
obstacle
0.0172844212502
220.0 141.0 43.0 14.0
obstacle
0.0171358641237
315.0 108.0 40.0 54.0
obstacle
0.0170429013669
182.0 26.0 38.0 12.0
obstacle
0.0170044824481
40.0 20.0 139.0 25.0
obstacle
0.0168158914894
114.0 13.0 19.0 20.0
obstacle
0.0166580863297
216.0 123.0 88.0 26.0
obstacle
0.0166305284947
356.0 29.0 34.0 9.0
obstacle
0.0166245214641
346.0 28.0 16.0 16.0
obstacle
0.0164992008358
102.0 2.0 48.0 37.0
obstacle
0.0164662264287
277.0 27.0 46.0 11.0
obstacle
0.0164497606456
452.0 121.0 48.0 27.0
obstacle
0.016379898414
177.0 121.0 162.0 49.0
obstacle
0.0162259340286
286.0 128.0 22.0 39.0
obstacle
0.0162154771388
0.0 0.0 297.0 98.0
obstacle
0.0159843377769
215.0 104.0 51.0 62.0
obstacle
0.0159764252603
16.0 180.0 140.0 36.0
obstacle
0.0159289240837
160.0 140.0 48.0 15.0
obstacle
0.0158368088305
75.0 182.0 253.0 59.0
obstacle
0.0158263538033
298.0 129.0 41.0 13.0
obstacle
0.0155785949901
277.0 116.0 43.0 14.0
obstacle
0.0155313489959
19.0 311.0 19.0 22.0
obstacle
0.0154378162697
121.0 199.0 86.0 25.0
obstacle
0.0153881134465
0.0 288.0 35.0 45.0
obstacle
0.0153553057462
117.0 139.0 19.0 41.0
obstacle
0.0153439808637
309.0 11.0 127.0 46.0
obstacle
0.0151932835579
159.0 108.0 46.0 53.0
obstacle
0.0151161784306
199.0 138.0 157.0 41.0
obstacle
0.015108987689
243.0 180.0 150.0 37.0
obstacle
0.015099725686
0.0 153.0 117.0 38.0
obstacle
0.0150629850104
483.0 121.0 14.0 28.0
obstacle
0.0149868158624
57.0 114.0 19.0 40.0
obstacle
0.0148668037727
111.0 134.0 105.0 27.0
obstacle
0.0147821288556
363.0 110.0 137.0 74.0
obstacle
0.0147042050958
269.0 127.0 19.0 41.0
obstacle
0.0146272042766
118.0 110.0 14.0 25.0
obstacle
0.014527682215
232.0 130.0 16.0 35.0
obstacle
0.0145142981783
98.0 10.0 16.0 25.0
obstacle
0.0144668286666
85.0 116.0 43.0 15.0
obstacle
0.0144401425496
173.0 114.0 18.0 40.0
obstacle
0.014431733638
275.0 185.0 85.0 28.0
obstacle
0.0143714146689
53.0 178.0 66.0 16.0
obstacle
0.0142893306911
247.0 126.0 64.0 92.0
obstacle
0.0142295556143
3.0 152.0 53.0 16.0
obstacle
0.0141389016062
193.0 150.0 169.0 43.0
obstacle
0.0140821384266
223.0 17.0 153.0 33.0
obstacle
0.0139296334237
323.0 186.0 65.0 23.0
obstacle
0.0138754723594
299.0 81.0 201.0 132.0
obstacle
0.0138300638646
482.0 142.0 17.0 11.0
obstacle
0.0137795479968
0.0 311.0 17.0 22.0
obstacle
0.0137706743553
448.0 109.0 46.0 76.0
obstacle
0.0137590821832
22.0 319.0 52.0 14.0
obstacle
0.0137091781944
79.0 142.0 16.0 11.0
obstacle
0.0136750945821
134.0 204.0 59.0 15.0
obstacle
0.0136092631146
59.0 155.0 18.0 10.0
obstacle
0.013546185568
264.0 121.0 67.0 77.0
obstacle
0.0133597524837
178.0 27.0 280.0 60.0
obstacle
0.0132302194834
69.0 102.0 150.0 41.0
obstacle
0.0132115390152
135.0 108.0 15.0 29.0
obstacle
0.0131263723597
150.0 119.0 63.0 79.0
obstacle
0.01310990192
67.0 26.0 43.0 12.0
obstacle
0.0130920754746
173.0 127.0 19.0 41.0
obstacle
0.0130023742095
196.0 105.0 50.0 60.0
obstacle
0.0128517663106
130.0 0.0 370.0 117.0
obstacle
0.012808104977
117.0 152.0 56.0 16.0
obstacle
0.0127983158454
395.0 134.0 76.0 25.0
obstacle
0.0127677163109
213.0 217.0 54.0 15.0
obstacle
0.0126653248444
21.0 129.0 16.0 11.0
obstacle
0.0126157347113
180.0 141.0 46.0 13.0
obstacle
0.0125333331525
95.0 35.0 135.0 39.0
obstacle
0.0124770980328
255.0 153.0 50.0 14.0
obstacle
0.0124519709498
307.0 121.0 59.0 78.0
obstacle
0.0124363861978
80.0 111.0 92.0 25.0
obstacle
0.0123742036521
119.0 0.0 50.0 42.0
obstacle
0.0123639870435
139.0 134.0 357.0 102.0
obstacle
0.0123256361112
95.0 140.0 172.0 36.0
obstacle
0.012131110765
157.0 152.0 53.0 16.0
obstacle
0.0119391502813
137.0 30.0 47.0 26.0
obstacle
0.0118405753747
256.0 116.0 45.0 15.0
obstacle
0.0117924492806
212.0 204.0 56.0 16.0
obstacle
0.0117674833164
218.0 153.0 49.0 14.0
obstacle
0.011680111289
230.0 115.0 19.0 39.0
obstacle
0.0116795580834
236.0 152.0 49.0 16.0
obstacle
0.0116605404764
178.0 106.0 47.0 57.0
obstacle
0.0116492817178
77.0 49.0 60.0 15.0
obstacle
0.0116315418854
288.0 114.0 19.0 42.0
obstacle
0.0115626696497
237.0 115.0 159.0 115.0
obstacle
0.0114971995354
312.0 110.0 13.0 23.0
obstacle
0.0114966509864
334.0 43.0 77.0 25.0
obstacle
0.0114257214591
0.0 109.0 31.0 77.0
obstacle
0.0111446129158
70.0 192.0 148.0 38.0
obstacle
0.0111401341856
232.0 139.0 19.0 39.0
obstacle
0.0110287107527
145.0 17.0 33.0 9.0
obstacle
0.0110228266567
162.0 116.0 41.0 15.0
obstacle
0.0110186198726
143.0 32.0 70.0 21.0
obstacle
0.0109539162368
175.0 123.0 94.0 24.0
obstacle
0.0108363674954
462.0 134.0 18.0 27.0
obstacle
0.0108261452988
190.0 205.0 62.0 14.0
obstacle
0.0108226360753
296.0 33.0 46.0 23.0
obstacle
0.0108028585091
175.0 192.0 53.0 63.0
obstacle
0.0107541279867
191.0 206.0 22.0 36.0
obstacle
0.0107527859509
194.0 199.0 91.0 26.0
obstacle
0.0107505442575
366.0 43.0 13.0 25.0
obstacle
0.0107383886352
119.0 129.0 13.0 12.0
obstacle
0.0107193738222
115.0 49.0 61.0 15.0
obstacle
0.0106821581721
283.0 197.0 69.0 25.0
obstacle
0.0105343069881
163.0 15.0 36.0 11.0
obstacle
0.0105000948533
18.0 178.0 60.0 16.0
obstacle
0.0104357581586
218.0 144.0 83.0 32.0
obstacle
0.010400146246
125.0 13.0 150.0 39.0
