obstacle
0.745081424713
90.0 153.0 410.0 101.0
obstacle
0.270206063986
157.0 173.0 319.0 63.0
obstacle
0.150864452124
299.0 145.0 36.0 13.0
obstacle
0.140050843358
207.0 134.0 220.0 113.0
obstacle
0.130090549588
86.0 186.0 308.0 59.0
obstacle
0.115368440747
103.0 152.0 198.0 128.0
obstacle
0.112688586116
308.0 185.0 169.0 36.0
obstacle
0.105300456285
73.0 123.0 336.0 111.0
obstacle
0.0998643189669
194.0 202.0 17.0 29.0
obstacle
0.0881274342537
368.0 187.0 89.0 32.0
obstacle
0.0870931074023
178.0 209.0 51.0 14.0
obstacle
0.0858897417784
33.0 166.0 378.0 126.0
obstacle
0.0845418348908
292.0 141.0 53.0 21.0
obstacle
0.0810481533408
250.0 159.0 248.0 64.0
obstacle
0.0801624432206
306.0 139.0 17.0 25.0
obstacle
0.0768672153354
222.0 196.0 39.0 16.0
obstacle
0.0734632909298
335.0 158.0 41.0 14.0
obstacle
0.0697731375694
231.0 184.0 18.0 38.0
obstacle
0.0678852424026
330.0 155.0 49.0 69.0
obstacle
0.0634040683508
272.0 169.0 164.0 42.0
obstacle
0.0624486990273
212.0 184.0 20.0 38.0
obstacle
0.0613733790815
293.0 161.0 48.0 57.0
obstacle
0.0590646862984
0.0 319.0 113.0 22.0
obstacle
0.0580586381257
372.0 12.0 44.0 14.0
obstacle
0.0579207986593
115.0 182.0 138.0 43.0
obstacle
0.0574800297618
330.0 186.0 15.0 34.0
obstacle
0.056989826262
346.0 173.0 19.0 35.0
obstacle
0.0554762147367
0.0 327.0 33.0 14.0
obstacle
0.0548728406429
162.0 184.0 155.0 37.0
obstacle
0.053597047925
197.0 190.0 88.0 28.0
obstacle
0.0533796176314
341.0 168.0 143.0 46.0
obstacle
0.0529691055417
200.0 209.0 46.0 14.0
obstacle
0.0522379204631
369.0 178.0 88.0 26.0
obstacle
0.0512550212443
197.0 222.0 49.0 14.0
obstacle
0.0511505827308
202.0 197.0 41.0 13.0
obstacle
0.0505788885057
174.0 152.0 208.0 129.0
obstacle
0.050143584609
143.0 190.0 81.0 29.0
obstacle
0.049825552851
369.0 196.0 51.0 14.0
obstacle
0.0495729967952
348.0 186.0 18.0 34.0
obstacle
0.0488054640591
388.0 196.0 51.0 15.0
obstacle
0.0487543158233
334.0 196.0 46.0 14.0
obstacle
0.0487078540027
308.0 182.0 19.0 41.0
obstacle
0.0484481602907
128.0 195.0 150.0 37.0
obstacle
0.0484150201082
370.0 184.0 49.0 14.0
obstacle
0.0482681281865
301.0 131.0 31.0 41.0
obstacle
0.0481039397418
213.0 201.0 16.0 30.0
obstacle
0.0472778715193
339.0 152.0 32.0 51.0
obstacle
0.0472359173
193.0 185.0 19.0 38.0
obstacle
0.0467012748122
160.0 196.0 47.0 16.0
obstacle
0.0466930530965
282.0 146.0 35.0 12.0
obstacle
0.046266425401
314.0 149.0 186.0 108.0
obstacle
0.0461737550795
180.0 214.0 81.0 28.0
obstacle
0.0459687300026
302.0 142.0 32.0 45.0
obstacle
0.045907381922
272.0 182.0 15.0 41.0
obstacle
0.0454269200563
165.0 203.0 74.0 25.0
obstacle
0.0454138256609
73.0 174.0 220.0 59.0
obstacle
0.0451354235411
387.0 174.0 52.0 59.0
obstacle
0.0450012497604
391.0 13.0 45.0 13.0
obstacle
0.0447655245662
279.0 196.0 42.0 15.0
obstacle
0.0445293970406
361.0 6.0 66.0 25.0
obstacle
0.0444536730647
312.0 158.0 47.0 63.0
obstacle
0.0443346872926
212.0 213.0 18.0 32.0
obstacle
0.0436354316771
238.0 184.0 194.0 36.0
obstacle
0.0434736870229
265.0 168.0 66.0 70.0
obstacle
0.0428643897176
345.0 150.0 16.0 30.0
obstacle
0.0420887209475
353.0 13.0 45.0 13.0
obstacle
0.0419583357871
298.0 195.0 41.0 16.0
obstacle
0.0419314987957
334.0 183.0 45.0 16.0
obstacle
0.04179193452
316.0 196.0 43.0 14.0
obstacle
0.0414030402899
212.0 172.0 55.0 61.0
obstacle
0.0413868017495
0.0 320.0 50.0 21.0
obstacle
0.0409094206989
309.0 169.0 15.0 43.0
obstacle
0.0408501811326
119.0 183.0 51.0 16.0
obstacle
0.0405911393464
320.0 142.0 32.0 44.0
obstacle
0.0403611585498
291.0 182.0 15.0 41.0
obstacle
0.0383582599461
232.0 201.0 18.0 29.0
obstacle
0.0376002937555
175.0 199.0 17.0 33.0
obstacle
0.0372262895107
337.0 171.0 37.0 13.0
obstacle
0.0372120290995
160.0 209.0 48.0 14.0
obstacle
0.0370167903602
218.0 209.0 47.0 14.0
obstacle
0.0370081439614
235.0 165.0 50.0 50.0
obstacle
0.0369992591441
223.0 184.0 36.0 14.0
obstacle
0.0369175635278
385.0 187.0 22.0 32.0
obstacle
0.0368488915265
259.0 196.0 42.0 15.0
obstacle
0.036831304431
329.0 172.0 15.0 37.0
obstacle
0.0367416441441
180.0 197.0 46.0 14.0
obstacle
0.0365268960595
402.0 185.0 25.0 36.0
obstacle
0.035777259618
169.0 92.0 331.0 145.0
obstacle
0.0356292799115
0.0 319.0 18.0 22.0
obstacle
0.0355908609927
140.0 209.0 49.0 14.0
obstacle
0.035399261862
299.0 183.0 38.0 15.0
obstacle
0.0352412499487
138.0 209.0 165.0 37.0
obstacle
0.0348066315055
252.0 185.0 17.0 36.0
obstacle
0.0347388274968
201.0 185.0 41.0 12.0
obstacle
0.0346244312823
168.0 179.0 68.0 72.0
obstacle
0.0345825627446
242.0 196.0 39.0 15.0
obstacle
0.0344846360385
237.0 209.0 48.0 14.0
obstacle
0.0344410538673
252.0 200.0 18.0 30.0
obstacle
0.0342794656754
319.0 159.0 35.0 12.0
obstacle
0.0341617129743
190.0 176.0 62.0 54.0
obstacle
0.0340030565858
173.0 183.0 19.0 42.0
obstacle
0.0331742651761
254.0 163.0 49.0 54.0
obstacle
0.032680246979
177.0 221.0 51.0 14.0
obstacle
0.0324387438595
353.0 196.0 45.0 15.0
obstacle
0.0323888510466
354.0 185.0 44.0 13.0
obstacle
0.0321850180626
242.0 185.0 37.0 13.0
obstacle
0.0314711891115
366.0 177.0 18.0 29.0
obstacle
0.0314657837152
385.0 178.0 19.0 27.0
obstacle
0.0313964746892
147.0 200.0 301.0 58.0
obstacle
0.031349401921
318.0 175.0 76.0 31.0
obstacle
0.0312615931034
350.0 160.0 48.0 60.0
obstacle
0.0309262908995
0.0 136.0 310.0 109.0
obstacle
0.0305230244994
271.0 199.0 18.0 33.0
obstacle
0.0302009955049
132.0 182.0 65.0 67.0
obstacle
0.0299555491656
257.0 208.0 48.0 15.0
obstacle
0.0298609510064
152.0 175.0 62.0 57.0
obstacle
0.0295697189867
302.0 158.0 32.0 12.0
obstacle
0.0294948369265
389.0 184.0 49.0 14.0
obstacle
0.0292347744107
306.0 191.0 98.0 24.0
obstacle
0.0290936939418
114.0 178.0 65.0 26.0
obstacle
0.0289150197059
310.0 150.0 15.0 26.0
obstacle
0.0281850825995
0.0 313.0 31.0 16.0
obstacle
0.0278961472213
228.0 197.0 176.0 34.0
obstacle
0.0276952777058
344.0 157.0 18.0 39.0
obstacle
0.027641126886
302.0 152.0 68.0 25.0
obstacle
0.0274085216224
19.0 317.0 19.0 24.0
obstacle
0.0273911897093
284.0 143.0 142.0 44.0
obstacle
0.0271231029183
407.0 184.0 50.0 13.0
obstacle
0.0269504431635
195.0 202.0 90.0 25.0
obstacle
0.0266055557877
367.0 174.0 52.0 59.0
obstacle
0.026177354157
260.0 185.0 38.0 12.0
obstacle
0.0259947050363
243.0 188.0 257.0 55.0
obstacle
0.0259229764342
151.0 170.0 141.0 42.0
obstacle
0.0256402976811
124.0 164.0 41.0 53.0
obstacle
0.0254173986614
274.0 189.0 88.0 29.0
obstacle
0.0251412075013
291.0 139.0 16.0 27.0
obstacle
0.0244683418423
4.0 298.0 49.0 43.0
obstacle
0.0241625159979
166.0 198.0 186.0 31.0
obstacle
0.0240999218076
104.0 182.0 45.0 17.0
obstacle
0.0239538196474
128.0 204.0 74.0 23.0
obstacle
0.0237720049918
312.0 146.0 46.0 12.0
obstacle
0.0234788004309
290.0 199.0 18.0 34.0
obstacle
0.0233959201723
0.0 298.0 149.0 43.0
obstacle
0.0232724417001
337.0 1.0 151.0 37.0
obstacle
0.0231810305268
280.0 146.0 39.0 63.0
obstacle
0.0231566447765
276.0 210.0 48.0 14.0
obstacle
0.0231260024011
273.0 214.0 90.0 30.0
obstacle
0.0228534713387
192.0 187.0 56.0 82.0
obstacle
0.0227134395391
118.0 179.0 54.0 51.0
obstacle
0.0226915180683
366.0 188.0 20.0 31.0
obstacle
0.0226880759001
277.0 131.0 118.0 42.0
obstacle
0.0225935224444
229.0 88.0 179.0 125.0
obstacle
0.0224752277136
260.0 234.0 153.0 43.0
obstacle
0.0224170144647
250.0 169.0 17.0 43.0
obstacle
0.0223899520934
318.0 183.0 39.0 16.0
obstacle
0.022377949208
140.0 185.0 49.0 14.0
obstacle
0.0220070052892
291.0 139.0 87.0 26.0
obstacle
0.0219772253186
271.0 169.0 13.0 43.0
obstacle
0.0219497624785
230.0 169.0 18.0 43.0
obstacle
0.0218920521438
303.0 152.0 142.0 53.0
obstacle
0.0215527303517
274.0 178.0 88.0 26.0
obstacle
0.0214572921395
85.0 171.0 121.0 40.0
obstacle
0.0214200671762
312.0 209.0 51.0 14.0
obstacle
0.0212938115001
3.0 329.0 14.0 11.0
obstacle
0.0212289523333
23.0 327.0 50.0 14.0
obstacle
0.0210485085845
312.0 224.0 163.0 37.0
obstacle
0.0209837146103
309.0 199.0 18.0 33.0
obstacle
0.020798843354
282.0 184.0 35.0 14.0
obstacle
0.020668534562
293.0 221.0 49.0 16.0
obstacle
0.0205016061664
153.0 194.0 19.0 42.0
obstacle
0.020487472415
246.0 176.0 64.0 78.0
obstacle
0.0202911254019
212.0 171.0 17.0 40.0
obstacle
0.0202555377036
405.0 8.0 15.0 23.0
obstacle
0.0202245824039
142.0 197.0 47.0 15.0
obstacle
0.0201197322458
214.0 131.0 283.0 67.0
obstacle
0.0200747847557
162.0 185.0 45.0 13.0
obstacle
0.0200628936291
385.0 9.0 18.0 20.0
obstacle
0.0200327578932
194.0 213.0 16.0 29.0
obstacle
0.0199527181685
287.0 148.0 65.0 32.0
obstacle
0.0199520364404
246.0 162.0 217.0 108.0
obstacle
0.0199412126094
285.0 199.0 177.0 30.0
obstacle
0.019850673154
183.0 184.0 40.0 14.0
obstacle
0.0195393785834
133.0 172.0 20.0 38.0
obstacle
0.0194972939789
103.0 196.0 47.0 15.0
obstacle
0.0193963758647
294.0 210.0 49.0 13.0
obstacle
0.019375840202
5.0 314.0 48.0 15.0
obstacle
0.0193190407008
0.0 272.0 221.0 69.0
obstacle
0.0192788708955
279.0 222.0 41.0 15.0
obstacle
0.019101684913
291.0 213.0 17.0 32.0
obstacle
0.0189544800669
236.0 201.0 86.0 28.0
obstacle
0.0189060047269
202.0 177.0 79.0 29.0
obstacle
0.018697746098
367.0 8.0 17.0 21.0
obstacle
0.0186732672155
329.0 201.0 17.0 29.0
obstacle
0.0186409484595
292.0 171.0 13.0 40.0
obstacle
0.0181561913341
285.0 178.0 62.0 73.0
obstacle
0.0180681813508
352.0 171.0 45.0 14.0
obstacle
0.0180207490921
372.0 144.0 44.0 67.0
obstacle
0.0179173089564
0.0 276.0 94.0 65.0
obstacle
0.0178461056203
331.0 210.0 52.0 13.0
obstacle
0.0176019705832
121.0 197.0 49.0 13.0
obstacle
0.0175535026938
274.0 201.0 85.0 30.0
obstacle
0.0174206867814
328.0 149.0 14.0 31.0
obstacle
0.0173742063344
147.0 179.0 74.0 25.0
obstacle
0.017356466502
348.0 229.0 93.0 27.0
obstacle
0.0169753376395
219.0 172.0 42.0 14.0
obstacle
0.0167367719114
409.0 164.0 44.0 54.0
obstacle
0.0161241721362
350.0 210.0 51.0 12.0
obstacle
0.0157767608762
178.0 166.0 48.0 49.0
obstacle
0.0154992295429
408.0 197.0 49.0 13.0
obstacle
0.0154259521514
0.0 310.0 68.0 24.0
obstacle
0.0153954979032
105.0 176.0 42.0 55.0
obstacle
0.0153537718579
311.0 202.0 88.0 26.0
obstacle
0.0151977259666
248.0 154.0 138.0 48.0
obstacle
0.0151803838089
349.0 202.0 89.0 26.0
obstacle
0.0151369189844
136.0 182.0 17.0 42.0
obstacle
0.0150295281783
281.0 125.0 36.0 53.0
obstacle
0.0150106651708
22.0 329.0 14.0 11.0
obstacle
0.0148981045932
137.0 162.0 53.0 58.0
obstacle
0.0148979648948
371.0 171.0 45.0 15.0
obstacle
0.0147167565301
200.0 172.0 42.0 14.0
obstacle
0.0145170595497
232.0 189.0 95.0 30.0
obstacle
0.014313458465
321.0 171.0 33.0 13.0
obstacle
0.0143126156181
312.0 163.0 86.0 29.0
obstacle
0.0143051678315
302.0 171.0 32.0 14.0
obstacle
0.0142559744418
239.0 173.0 41.0 12.0
obstacle
0.0141386976466
367.0 210.0 55.0 13.0
obstacle
0.0140827270225
269.0 140.0 97.0 50.0
obstacle
0.0140321459621
213.0 211.0 170.0 33.0
obstacle
0.0140091711655
0.0 285.0 33.0 56.0
obstacle
0.0138386767358
1.0 307.0 15.0 29.0
obstacle
0.0137896006927
61.0 197.0 243.0 62.0
obstacle
0.0137174520642
290.0 210.0 168.0 36.0
obstacle
0.0134489284828
366.0 235.0 56.0 15.0
obstacle
0.0133329965174
195.0 211.0 15.0 12.0
obstacle
0.0132797537372
118.0 172.0 16.0 38.0
obstacle
0.013269841671
405.0 198.0 17.0 11.0
obstacle
0.0131702097133
347.0 200.0 19.0 32.0
obstacle
0.0128777269274
218.0 147.0 44.0 61.0
obstacle
0.0128497602418
268.0 192.0 59.0 73.0
obstacle
0.0128348618746
240.0 135.0 117.0 35.0
obstacle
0.0127977496013
214.0 223.0 16.0 12.0
obstacle
0.0127636464313
234.0 199.0 15.0 10.0
obstacle
0.0126662226394
217.0 222.0 47.0 14.0
obstacle
0.0123711293563
121.0 190.0 49.0 78.0
obstacle
0.0123358946294
387.0 198.0 16.0 11.0
obstacle
0.0122297508642
309.0 158.0 14.0 38.0
obstacle
0.0121372723952
345.0 234.0 60.0 16.0
obstacle
0.0119941476732
348.0 185.0 16.0 11.0
obstacle
0.0118688289076
116.0 179.0 19.0 48.0
obstacle
0.0118609890342
392.0 0.0 41.0 54.0
obstacle
0.0117797935382
328.0 158.0 15.0 36.0
obstacle
0.0116639221087
118.0 209.0 56.0 14.0
obstacle
0.0115600842983
350.0 0.0 49.0 51.0
obstacle
0.0115595348179
259.0 125.0 41.0 79.0
obstacle
0.0115429610014
198.0 145.0 46.0 66.0
obstacle
0.0114665459841
192.0 171.0 17.0 41.0
obstacle
0.0114015070722
160.0 222.0 47.0 14.0
obstacle
0.011386484839
310.0 146.0 13.0 9.0
obstacle
0.0113205388188
214.0 0.0 286.0 89.0
obstacle
0.0110614597797
276.0 250.0 159.0 36.0
obstacle
0.0110350735486
281.0 172.0 35.0 13.0
obstacle
0.0109949819744
372.0 0.0 43.0 50.0
obstacle
0.0109945302829
369.0 0.0 50.0 13.0
obstacle
0.0109507916495
383.0 236.0 60.0 14.0
obstacle
0.0107434457168
310.0 214.0 16.0 30.0
obstacle
0.0106724221259
387.0 209.0 53.0 15.0
obstacle
0.0105870133266
175.0 187.0 325.0 111.0
obstacle
0.0105375209823
315.0 222.0 44.0 14.0
obstacle
0.0104740643874
38.0 319.0 18.0 22.0
obstacle
0.0104659404606
119.0 220.0 53.0 19.0
obstacle
0.0103949951008
64.0 145.0 163.0 116.0
obstacle
0.0102819893509
366.0 202.0 20.0 28.0
obstacle
0.0102382656187
322.0 13.0 144.0 39.0
obstacle
0.0101311290637
348.0 158.0 15.0 11.0
obstacle
0.0101286480203
328.0 215.0 95.0 29.0
obstacle
0.0101111410186
281.0 159.0 36.0 11.0
