obstacle
0.350117474794
0.0 66.0 26.0 11.0
obstacle
0.338398933411
12.0 38.0 457.0 115.0
obstacle
0.32592600584
95.0 15.0 176.0 110.0
obstacle
0.28646171093
4.0 65.0 12.0 16.0
obstacle
0.271316289902
0.0 76.0 27.0 11.0
obstacle
0.254619300365
172.0 46.0 174.0 101.0
obstacle
0.233160465956
126.0 52.0 38.0 12.0
obstacle
0.203486129642
0.0 70.0 35.0 22.0
obstacle
0.16895519197
118.0 46.0 131.0 50.0
obstacle
0.156718343496
243.0 140.0 110.0 42.0
obstacle
0.155372783542
113.0 47.0 67.0 22.0
obstacle
0.154727146029
11.0 76.0 35.0 11.0
obstacle
0.148450732231
2.0 73.0 13.0 15.0
obstacle
0.147396489978
227.0 54.0 65.0 84.0
obstacle
0.138793334365
183.0 59.0 151.0 50.0
obstacle
0.136463433504
318.0 135.0 36.0 52.0
obstacle
0.135737746954
216.0 130.0 284.0 112.0
obstacle
0.124771989882
278.0 147.0 79.0 28.0
obstacle
0.121928796172
193.0 198.0 18.0 26.0
obstacle
0.120177157223
158.0 41.0 50.0 60.0
obstacle
0.113551102579
56.0 40.0 252.0 63.0
obstacle
0.112498693168
193.0 186.0 18.0 27.0
obstacle
0.108296781778
180.0 204.0 45.0 14.0
obstacle
0.103171877563
388.0 165.0 112.0 42.0
obstacle
0.0996681675315
11.0 67.0 34.0 10.0
obstacle
0.0992858558893
145.0 53.0 37.0 10.0
obstacle
0.0990062206984
163.0 53.0 37.0 11.0
obstacle
0.0985961928964
179.0 42.0 46.0 57.0
obstacle
0.0982720702887
414.0 172.0 77.0 26.0
obstacle
0.0977688506246
250.0 69.0 58.0 79.0
obstacle
0.0945752188563
207.0 70.0 140.0 53.0
obstacle
0.0922435373068
134.0 47.0 18.0 23.0
obstacle
0.0914313197136
19.0 72.0 13.0 17.0
obstacle
0.0905691087246
314.0 154.0 45.0 15.0
obstacle
0.0897039622068
161.0 64.0 43.0 13.0
obstacle
0.0869249328971
213.0 48.0 57.0 70.0
obstacle
0.086663864553
274.0 153.0 226.0 66.0
obstacle
0.0864352732897
241.0 148.0 79.0 23.0
obstacle
0.08464936167
372.0 178.0 45.0 15.0
obstacle
0.0841963365674
351.0 178.0 48.0 15.0
obstacle
0.0835543498397
392.0 178.0 43.0 15.0
obstacle
0.0823592618108
28.0 65.0 37.0 12.0
obstacle
0.0814091339707
412.0 179.0 43.0 13.0
obstacle
0.0806488245726
3.0 65.0 48.0 16.0
obstacle
0.0803325250745
136.0 42.0 57.0 58.0
obstacle
0.0797966942191
352.0 174.0 84.0 24.0
obstacle
0.0791207849979
468.0 166.0 32.0 14.0
obstacle
0.0788173899055
333.0 178.0 46.0 14.0
obstacle
0.0782989561558
429.0 178.0 45.0 15.0
obstacle
0.0775441974401
238.0 43.0 43.0 56.0
obstacle
0.0775067284703
363.0 132.0 137.0 107.0
obstacle
0.0774822458625
0.0 1.0 315.0 114.0
obstacle
0.0771367996931
9.0 132.0 387.0 133.0
obstacle
0.0765698179603
316.0 165.0 157.0 41.0
obstacle
0.0763619914651
178.0 192.0 49.0 15.0
obstacle
0.0762851387262
226.0 149.0 143.0 46.0
obstacle
0.0733200162649
324.0 143.0 22.0 36.0
obstacle
0.0725095644593
184.0 63.0 37.0 14.0
obstacle
0.0723516494036
297.0 154.0 42.0 13.0
obstacle
0.0699650496244
155.0 57.0 94.0 26.0
obstacle
0.0697795972228
145.0 43.0 75.0 30.0
obstacle
0.0694011151791
29.0 76.0 36.0 13.0
obstacle
0.0690681934357
69.0 61.0 304.0 70.0
obstacle
0.0681051313877
161.0 75.0 46.0 15.0
obstacle
0.0659384503961
321.0 171.0 70.0 28.0
obstacle
0.065472856164
119.0 53.0 89.0 34.0
obstacle
0.0649807080626
273.0 136.0 125.0 50.0
obstacle
0.0616869367659
362.0 176.0 138.0 44.0
obstacle
0.0614120475948
142.0 64.0 44.0 13.0
obstacle
0.0602443814278
164.0 195.0 76.0 31.0
obstacle
0.0599509887397
173.0 52.0 17.0 37.0
obstacle
0.0598372370005
0.0 48.0 29.0 45.0
obstacle
0.0593758113682
481.0 158.0 19.0 30.0
obstacle
0.0579071193933
197.0 51.0 50.0 65.0
obstacle
0.0575941205025
170.0 48.0 139.0 48.0
obstacle
0.057340387255
239.0 108.0 157.0 105.0
obstacle
0.0571712218225
64.0 181.0 275.0 60.0
obstacle
0.0564712770283
330.0 152.0 50.0 67.0
obstacle
0.0564355067909
172.0 44.0 17.0 28.0
obstacle
0.0563147775829
253.0 154.0 52.0 13.0
obstacle
0.056066069752
291.0 136.0 52.0 49.0
obstacle
0.0559446439147
154.0 52.0 18.0 36.0
obstacle
0.0557303614914
172.0 66.0 20.0 34.0
obstacle
0.0555020608008
112.0 141.0 180.0 115.0
obstacle
0.0553593710065
179.0 162.0 45.0 73.0
obstacle
0.0548954047263
87.0 41.0 117.0 35.0
obstacle
0.0543839409947
451.0 179.0 40.0 12.0
obstacle
0.0527259670198
469.0 138.0 31.0 70.0
obstacle
0.0525758080184
154.0 56.0 58.0 80.0
obstacle
0.0524763166904
118.0 181.0 129.0 37.0
obstacle
0.0524513348937
117.0 61.0 169.0 43.0
obstacle
0.0511710159481
335.0 167.0 41.0 13.0
obstacle
0.0506806150079
316.0 165.0 41.0 16.0
obstacle
0.0504704900086
156.0 46.0 15.0 24.0
obstacle
0.0502762794495
453.0 159.0 47.0 28.0
obstacle
0.050215203315
95.0 47.0 176.0 124.0
obstacle
0.0497124530375
140.0 68.0 86.0 29.0
obstacle
0.0481157489121
467.0 178.0 33.0 14.0
obstacle
0.0480509102345
10.0 59.0 71.0 25.0
obstacle
0.0478061884642
138.0 38.0 126.0 43.0
obstacle
0.0472253374755
239.0 82.0 42.0 78.0
obstacle
0.046849090606
105.0 51.0 42.0 14.0
obstacle
0.0465033650398
194.0 51.0 16.0 38.0
obstacle
0.0463551096618
75.0 93.0 254.0 56.0
obstacle
0.0460537150502
182.0 75.0 41.0 16.0
obstacle
0.0459312237799
427.0 158.0 50.0 81.0
obstacle
0.0458996295929
253.0 49.0 51.0 70.0
obstacle
0.045783996582
297.0 65.0 40.0 12.0
obstacle
0.0457592830062
352.0 151.0 44.0 69.0
obstacle
0.0453193001449
175.0 114.0 53.0 14.0
obstacle
0.0450551733375
403.0 170.0 19.0 32.0
obstacle
0.0449123978615
178.0 138.0 278.0 70.0
obstacle
0.0448557287455
365.0 167.0 18.0 35.0
obstacle
0.0447038151324
410.0 167.0 45.0 14.0
obstacle
0.0446527265012
215.0 53.0 125.0 39.0
obstacle
0.0445434190333
407.0 157.0 51.0 83.0
obstacle
0.0443757586181
108.0 75.0 149.0 40.0
obstacle
0.044351503253
164.0 185.0 76.0 29.0
obstacle
0.0440937802196
217.0 140.0 162.0 116.0
obstacle
0.0437439568341
353.0 166.0 42.0 15.0
obstacle
0.0435182489455
159.0 205.0 48.0 13.0
obstacle
0.0434864908457
20.0 66.0 11.0 14.0
obstacle
0.0431543514132
293.0 151.0 124.0 43.0
obstacle
0.0430828034878
218.0 102.0 46.0 14.0
obstacle
0.0430661998689
325.0 153.0 23.0 38.0
obstacle
0.0429476611316
119.0 281.0 49.0 13.0
obstacle
0.0428208969533
180.0 137.0 43.0 72.0
obstacle
0.0425047203898
347.0 168.0 18.0 33.0
obstacle
0.0421432591975
159.0 192.0 48.0 14.0
obstacle
0.0419859923422
271.0 70.0 54.0 78.0
obstacle
0.0417104363441
195.0 204.0 51.0 14.0
obstacle
0.0413754992187
311.0 156.0 51.0 84.0
obstacle
0.0413751788437
203.0 88.0 40.0 16.0
obstacle
0.0413522236049
312.0 191.0 50.0 14.0
obstacle
0.0413511358202
177.0 166.0 50.0 15.0
obstacle
0.0411638841033
276.0 154.0 45.0 13.0
obstacle
0.0410726703703
233.0 101.0 54.0 15.0
obstacle
0.0410569831729
218.0 88.0 46.0 17.0
obstacle
0.0410519503057
139.0 127.0 50.0 14.0
obstacle
0.0410369038582
405.0 191.0 55.0 15.0
obstacle
0.0407419241965
122.0 64.0 46.0 13.0
obstacle
0.0407338403165
214.0 82.0 52.0 77.0
obstacle
0.0406785979867
155.0 119.0 17.0 29.0
obstacle
0.0406109131873
238.0 88.0 45.0 16.0
obstacle
0.0405872650445
176.0 79.0 52.0 85.0
obstacle
0.040582228452
163.0 86.0 155.0 43.0
obstacle
0.0397131741047
281.0 58.0 70.0 25.0
obstacle
0.03957830742
157.0 107.0 89.0 28.0
obstacle
0.0394720248878
122.0 38.0 45.0 41.0
obstacle
0.0390760116279
422.0 170.0 19.0 31.0
obstacle
0.0388229191303
127.0 102.0 150.0 40.0
obstacle
0.0388201251626
105.0 64.0 42.0 13.0
obstacle
0.0387804210186
148.0 193.0 144.0 36.0
obstacle
0.0386660657823
272.0 143.0 54.0 85.0
obstacle
0.0381722673774
303.0 175.0 143.0 46.0
obstacle
0.0381308495998
144.0 35.0 38.0 46.0
obstacle
0.0380946621299
152.0 167.0 291.0 63.0
obstacle
0.0380720198154
452.0 171.0 48.0 28.0
obstacle
0.0379993841052
111.0 275.0 67.0 24.0
obstacle
0.0379669331014
238.0 153.0 46.0 13.0
obstacle
0.037911709398
389.0 182.0 88.0 33.0
obstacle
0.0378166288137
369.0 148.0 49.0 75.0
obstacle
0.0377255193889
207.0 101.0 142.0 39.0
obstacle
0.0376413054764
423.0 153.0 77.0 40.0
obstacle
0.0375529415905
202.0 212.0 78.0 25.0
obstacle
0.0375407710671
230.0 70.0 20.0 52.0
obstacle
0.0375392474234
162.0 140.0 41.0 66.0
obstacle
0.0372565053403
384.0 167.0 19.0 38.0
obstacle
0.0372368358076
306.0 146.0 23.0 31.0
obstacle
0.0372158437967
97.0 11.0 326.0 121.0
obstacle
0.0370077267289
116.0 44.0 59.0 54.0
obstacle
0.0364244021475
320.0 158.0 71.0 31.0
obstacle
0.0362610928714
193.0 62.0 16.0 43.0
obstacle
0.0361071228981
427.0 191.0 50.0 15.0
obstacle
0.0359806083143
264.0 178.0 144.0 38.0
obstacle
0.0356924124062
158.0 88.0 52.0 16.0
obstacle
0.0356756895781
442.0 170.0 19.0 30.0
obstacle
0.0356734879315
136.0 153.0 132.0 39.0
obstacle
0.0356565304101
216.0 217.0 48.0 14.0
obstacle
0.0356151387095
387.0 191.0 52.0 15.0
obstacle
0.0355022959411
197.0 175.0 47.0 71.0
obstacle
0.0352781526744
160.0 180.0 46.0 13.0
obstacle
0.0352194085717
217.0 93.0 86.0 31.0
obstacle
0.0351185165346
389.0 154.0 48.0 63.0
obstacle
0.0342468954623
0.0 53.0 155.0 60.0
obstacle
0.0341812595725
194.0 206.0 16.0 10.0
obstacle
0.034127779305
427.0 166.0 49.0 16.0
obstacle
0.033791333437
327.0 180.0 20.0 36.0
obstacle
0.0334912203252
241.0 76.0 38.0 15.0
obstacle
0.0334427803755
201.0 132.0 39.0 82.0
obstacle
0.0333208441734
300.0 55.0 34.0 57.0
obstacle
0.0332882031798
197.0 67.0 50.0 83.0
obstacle
0.0327343195677
231.0 102.0 18.0 39.0
obstacle
0.0326904468238
232.0 89.0 17.0 39.0
obstacle
0.0326603502035
257.0 158.0 86.0 29.0
obstacle
0.032507609576
250.0 87.0 20.0 43.0
obstacle
0.0321678556502
244.0 28.0 30.0 61.0
obstacle
0.0321431234479
11.0 69.0 70.0 26.0
obstacle
0.0320178568363
481.0 167.0 19.0 35.0
obstacle
0.0319158807397
139.0 76.0 52.0 14.0
obstacle
0.0318019650877
55.0 199.0 68.0 25.0
obstacle
0.0317917279899
214.0 114.0 53.0 16.0
obstacle
0.0316606983542
4.0 66.0 9.0 9.0
obstacle
0.0315192081034
168.0 207.0 144.0 34.0
obstacle
0.0314705632627
157.0 114.0 51.0 15.0
obstacle
0.0313025340438
298.0 70.0 39.0 76.0
obstacle
0.0312897711992
349.0 191.0 52.0 15.0
obstacle
0.0312629789114
243.0 106.0 74.0 30.0
obstacle
0.0312031004578
332.0 129.0 46.0 63.0
obstacle
0.031058890745
201.0 65.0 39.0 12.0
obstacle
0.031010126695
140.0 191.0 48.0 16.0
obstacle
0.0308700464666
172.0 77.0 21.0 38.0
obstacle
0.0305689312518
390.0 250.0 86.0 24.0
obstacle
0.0305106211454
126.0 108.0 374.0 105.0
obstacle
0.0305034033954
222.0 23.0 39.0 71.0
obstacle
0.0304814372212
272.0 191.0 53.0 15.0
obstacle
0.0304141324013
450.0 153.0 42.0 65.0
obstacle
0.0303889662027
184.0 52.0 36.0 12.0
obstacle
0.03031042777
88.0 192.0 150.0 38.0
obstacle
0.0303093865514
39.0 71.0 13.0 23.0
obstacle
0.0302353110164
314.0 178.0 46.0 14.0
obstacle
0.0300037059933
217.0 151.0 45.0 94.0
obstacle
0.0299702100456
156.0 101.0 55.0 15.0
obstacle
0.0299077313393
0.0 12.0 86.0 117.0
obstacle
0.0298110898584
345.0 155.0 20.0 35.0
obstacle
0.0297400597483
0.0 72.0 355.0 124.0
obstacle
0.0296501088887
296.0 166.0 44.0 14.0
obstacle
0.0296101067215
327.0 191.0 59.0 15.0
obstacle
0.0295809302479
296.0 183.0 80.0 30.0
obstacle
0.0294422581792
110.0 166.0 146.0 41.0
obstacle
0.0293433312327
421.0 178.0 23.0 41.0
obstacle
0.0293093435466
202.0 107.0 78.0 29.0
obstacle
0.0292863491923
156.0 82.0 53.0 78.0
obstacle
0.0290124155581
482.0 168.0 17.0 10.0
obstacle
0.0288515929133
211.0 195.0 20.0 34.0
obstacle
0.0286482591182
163.0 159.0 78.0 28.0
obstacle
0.0285455416888
202.0 77.0 40.0 13.0
obstacle
0.028531242162
85.0 60.0 122.0 45.0
obstacle
0.0285257361829
250.0 59.0 18.0 48.0
obstacle
0.0284740570933
388.0 160.0 90.0 28.0
obstacle
0.0284657832235
371.0 165.0 46.0 16.0
obstacle
0.0281626433134
211.0 76.0 20.0 40.0
obstacle
0.0280036982149
60.0 204.0 54.0 15.0
obstacle
0.0277931634337
191.0 157.0 20.0 33.0
obstacle
0.0277147702873
229.0 84.0 135.0 49.0
obstacle
0.0273791570216
103.0 75.0 47.0 17.0
obstacle
0.0273791216314
195.0 193.0 15.0 11.0
obstacle
0.0273044034839
202.0 25.0 38.0 66.0
obstacle
0.0272529590875
220.0 57.0 80.0 29.0
obstacle
0.027186293155
192.0 81.0 98.0 30.0
obstacle
0.0271477773786
108.0 69.0 76.0 28.0
obstacle
0.0271089542657
117.0 76.0 57.0 15.0
obstacle
0.0270813666284
116.0 52.0 17.0 36.0
obstacle
0.0270475950092
154.0 65.0 19.0 36.0
obstacle
0.0269281342626
180.0 217.0 44.0 14.0
obstacle
0.0268965028226
291.0 191.0 52.0 14.0
obstacle
0.0268121138215
174.0 185.0 18.0 29.0
obstacle
0.026686148718
125.0 128.0 269.0 64.0
obstacle
0.0265584029257
449.0 167.0 44.0 13.0
obstacle
0.0265470072627
221.0 77.0 40.0 13.0
obstacle
0.0264758784324
368.0 191.0 53.0 15.0
obstacle
0.0264136213809
179.0 179.0 45.0 14.0
obstacle
0.0263523440808
158.0 172.0 50.0 78.0
obstacle
0.0263393837959
196.0 192.0 51.0 14.0
obstacle
0.0260931551456
39.0 60.0 14.0 22.0
obstacle
0.0258815102279
171.0 178.0 138.0 42.0
obstacle
0.0258440021425
277.0 178.0 44.0 15.0
obstacle
0.0258283596486
208.0 128.0 143.0 41.0
obstacle
0.0258111525327
238.0 134.0 44.0 77.0
obstacle
0.02556415461
105.0 89.0 155.0 39.0
obstacle
0.0254209712148
140.0 174.0 46.0 74.0
obstacle
0.0253706052899
0.0 52.0 107.0 38.0
obstacle
0.0253575462848
139.0 114.0 49.0 15.0
obstacle
0.025189679116
248.0 163.0 137.0 44.0
obstacle
0.0251886192709
181.0 88.0 43.0 16.0
obstacle
0.0251230541617
157.0 127.0 51.0 15.0
obstacle
0.0248925555497
134.0 51.0 19.0 39.0
obstacle
0.0248361546546
255.0 217.0 48.0 14.0
obstacle
0.0247636977583
157.0 166.0 51.0 15.0
obstacle
0.0247509758919
335.0 153.0 42.0 15.0
obstacle
0.0247213188559
294.0 154.0 47.0 87.0
obstacle
0.0246779881418
136.0 204.0 55.0 15.0
obstacle
0.0246273912489
199.0 179.0 45.0 14.0
obstacle
0.0246188882738
405.0 255.0 56.0 15.0
obstacle
0.024584626779
442.0 178.0 20.0 40.0
obstacle
0.0245550759137
47.0 154.0 272.0 64.0
obstacle
0.0245482847095
216.0 192.0 49.0 14.0
obstacle
0.0245024636388
334.0 182.0 83.0 32.0
obstacle
0.0243869330734
143.0 101.0 42.0 67.0
obstacle
0.024343630299
262.0 171.0 74.0 30.0
obstacle
0.0242789909244
386.0 180.0 17.0 11.0
obstacle
0.0241626985371
141.0 172.0 85.0 27.0
obstacle
0.0241374261677
298.0 78.0 40.0 11.0
obstacle
0.024126265198
198.0 166.0 46.0 15.0
obstacle
0.0240482855588
252.0 102.0 16.0 38.0
obstacle
0.0237572621554
193.0 105.0 18.0 33.0
obstacle
0.0237255059183
332.0 156.0 163.0 35.0
obstacle
0.0237128492445
254.0 165.0 49.0 15.0
obstacle
0.0235312692821
423.0 161.0 19.0 26.0
obstacle
0.0234754439443
174.0 194.0 20.0 34.0
