obstacle
0.824138402939
184.0 141.0 35.0 13.0
obstacle
0.3713940382
190.0 142.0 18.0 11.0
obstacle
0.362990617752
175.0 143.0 53.0 21.0
obstacle
0.332907438278
154.0 139.0 67.0 16.0
obstacle
0.17565010488
168.0 142.0 36.0 9.0
obstacle
0.172952562571
185.0 139.0 61.0 16.0
obstacle
0.14573200047
183.0 149.0 39.0 11.0
obstacle
0.127753183246
190.0 145.0 19.0 17.0
obstacle
0.123987182975
169.0 129.0 64.0 19.0
obstacle
0.0839521437883
188.0 133.0 29.0 8.0
obstacle
0.0786265656352
201.0 143.0 35.0 8.0
obstacle
0.0779499784112
158.0 134.0 89.0 26.0
obstacle
0.0773769393563
164.0 150.0 42.0 10.0
obstacle
0.0751329660416
176.0 141.0 16.0 13.0
obstacle
0.0696054622531
193.0 130.0 16.0 16.0
obstacle
0.0630045235157
145.0 141.0 41.0 10.0
obstacle
0.0546779222786
203.0 132.0 33.0 9.0
obstacle
0.0497892014682
199.0 150.0 43.0 10.0
obstacle
0.0482140108943
128.0 135.0 79.0 22.0
obstacle
0.0467012114823
142.0 130.0 45.0 11.0
obstacle
0.0448369532824
168.0 132.0 34.0 9.0
obstacle
0.0441752038896
126.0 109.0 151.0 73.0
obstacle
0.0430085845292
100.0 133.0 132.0 27.0
obstacle
0.0410154722631
221.0 141.0 37.0 10.0
obstacle
0.0402422212064
165.0 129.0 146.0 33.0
obstacle
0.0398730821908
176.0 144.0 15.0 21.0
obstacle
0.0372478626668
160.0 137.0 118.0 34.0
obstacle
0.0353292115033
97.0 119.0 137.0 35.0
obstacle
0.0350616052747
183.0 119.0 38.0 35.0
obstacle
0.0337877087295
137.0 150.0 57.0 13.0
obstacle
0.0334660708904
119.0 125.0 94.0 22.0
obstacle
0.0328711159527
211.0 145.0 15.0 20.0
obstacle
0.0272951461375
129.0 144.0 75.0 23.0
obstacle
0.0265529323369
219.0 130.0 41.0 11.0
obstacle
0.0254003647715
154.0 136.0 19.0 21.0
obstacle
0.0240931417793
173.0 128.0 19.0 19.0
obstacle
0.0222310088575
466.0 237.0 34.0 12.0
obstacle
0.022059686482
212.0 129.0 15.0 16.0
obstacle
0.021762849763
0.0 89.0 347.0 93.0
obstacle
0.0212659202516
199.0 135.0 77.0 22.0
obstacle
0.0207614954561
154.0 124.0 19.0 25.0
obstacle
0.0191810782999
211.0 141.0 13.0 11.0
obstacle
0.0191529523581
160.0 119.0 119.0 36.0
obstacle
0.0179451908916
219.0 150.0 43.0 12.0
obstacle
0.0171656906605
183.0 120.0 38.0 9.0
obstacle
0.0171002466232
72.0 103.0 185.0 107.0
obstacle
0.0169476047158
95.0 140.0 141.0 31.0
obstacle
0.0166885368526
18.0 118.0 291.0 55.0
obstacle
0.0161476284266
162.0 117.0 43.0 38.0
obstacle
0.0151526890695
198.0 143.0 6.0 6.0
obstacle
0.0151363387704
193.0 125.0 90.0 22.0
obstacle
0.0146288666874
199.0 120.0 43.0 10.0
obstacle
0.0140220196918
406.0 215.0 94.0 34.0
obstacle
0.0137372370809
464.0 215.0 36.0 12.0
obstacle
0.0137044182047
408.0 0.0 49.0 51.0
obstacle
0.0136724822223
468.0 210.0 32.0 67.0
obstacle
0.0136477053165
154.0 143.0 19.0 27.0
obstacle
0.0134569080546
141.0 110.0 47.0 51.0
obstacle
0.0134313497692
199.0 112.0 41.0 48.0
obstacle
0.0128138549626
194.0 138.0 50.0 35.0
obstacle
0.0126391360536
417.0 203.0 83.0 36.0
obstacle
0.0126135135069
453.0 231.0 47.0 24.0
obstacle
0.0124408956617
428.0 0.0 48.0 50.0
obstacle
0.0122270993888
420.0 225.0 80.0 36.0
obstacle
0.0120565406978
181.0 92.0 41.0 66.0
obstacle
0.0120398327708
448.0 227.0 46.0 11.0
obstacle
0.0117187146097
158.0 141.0 54.0 30.0
obstacle
0.0115154841915
190.0 114.0 21.0 24.0
obstacle
0.0110262595117
161.0 152.0 81.0 27.0
obstacle
0.0109492959455
363.0 0.0 137.0 34.0
obstacle
0.0108523210511
404.0 9.0 96.0 36.0
obstacle
0.0108387740329
147.0 98.0 185.0 95.0
obstacle
0.0108094029129
389.0 0.0 49.0 50.0
obstacle
0.0105315707624
136.0 146.0 130.0 39.0
obstacle
0.0104381227866
230.0 136.0 17.0 20.0
