obstacle
0.446964889765
380.0 101.0 30.0 11.0
obstacle
0.36943796277
388.0 101.0 10.0 13.0
obstacle
0.341664344072
110.0 129.0 390.0 130.0
obstacle
0.285188406706
451.0 88.0 39.0 12.0
obstacle
0.279954195023
105.0 142.0 43.0 48.0
obstacle
0.260971397161
432.0 88.0 40.0 12.0
obstacle
0.205623477697
268.0 153.0 133.0 54.0
obstacle
0.193950816989
434.0 84.0 66.0 20.0
obstacle
0.185695901513
115.0 137.0 20.0 31.0
obstacle
0.183491900563
117.0 134.0 52.0 64.0
obstacle
0.173235148191
251.0 212.0 18.0 23.0
obstacle
0.168008849025
367.0 97.0 55.0 19.0
obstacle
0.164462730289
118.0 98.0 11.0 16.0
obstacle
0.160968005657
110.0 101.0 31.0 11.0
obstacle
0.158125087619
359.0 101.0 35.0 12.0
obstacle
0.157313674688
241.0 217.0 39.0 13.0
obstacle
0.149349272251
120.0 90.0 8.0 13.0
obstacle
0.145710453391
413.0 89.0 40.0 11.0
obstacle
0.143481701612
415.0 100.0 36.0 13.0
obstacle
0.140116229653
222.0 115.0 190.0 131.0
obstacle
0.136536344886
110.0 89.0 30.0 12.0
obstacle
0.129615053535
396.0 101.0 35.0 13.0
obstacle
0.125465542078
378.0 89.0 34.0 12.0
obstacle
0.124405518174
102.0 139.0 51.0 26.0
obstacle
0.121336773038
107.0 144.0 40.0 16.0
obstacle
0.118645884097
113.0 159.0 22.0 41.0
obstacle
0.117527462542
469.0 87.0 31.0 13.0
obstacle
0.114892281592
391.0 84.0 82.0 21.0
obstacle
0.111636258662
393.0 89.0 39.0 12.0
obstacle
0.11057343334
124.0 99.0 39.0 15.0
obstacle
0.110398463905
113.0 144.0 23.0 41.0
obstacle
0.104754187167
433.0 100.0 39.0 14.0
obstacle
0.104256384075
103.0 172.0 46.0 17.0
obstacle
0.102262355387
382.0 75.0 118.0 38.0
obstacle
0.0926850289106
334.0 87.0 42.0 14.0
obstacle
0.0908756405115
188.0 144.0 259.0 74.0
obstacle
0.0886304154992
381.0 94.0 62.0 25.0
obstacle
0.0838308781385
90.0 87.0 34.0 14.0
obstacle
0.0817895382643
342.0 95.0 66.0 23.0
obstacle
0.0810208469629
225.0 208.0 70.0 30.0
obstacle
0.0795348808169
388.0 87.0 12.0 18.0
obstacle
0.078210182488
370.0 99.0 12.0 17.0
obstacle
0.077968493104
90.0 101.0 35.0 11.0
obstacle
0.0777819156647
335.0 99.0 43.0 16.0
obstacle
0.0728912204504
443.0 83.0 17.0 23.0
obstacle
0.0705675259233
141.0 131.0 45.0 14.0
obstacle
0.0704365968704
104.0 158.0 45.0 16.0
obstacle
0.0703506693244
135.0 96.0 15.0 24.0
obstacle
0.0702150091529
93.0 163.0 65.0 32.0
obstacle
0.0701817050576
107.0 92.0 72.0 29.0
obstacle
0.0692747831345
240.0 172.0 153.0 41.0
obstacle
0.0685388073325
425.0 98.0 13.0 19.0
obstacle
0.0675127580762
462.0 82.0 16.0 23.0
obstacle
0.0665022656322
293.0 187.0 51.0 15.0
obstacle
0.0645154416561
414.0 91.0 75.0 31.0
obstacle
0.063906699419
307.0 137.0 58.0 85.0
obstacle
0.0615995563567
355.0 88.0 39.0 12.0
obstacle
0.0604190193117
119.0 136.0 49.0 32.0
obstacle
0.0574443861842
122.0 144.0 46.0 16.0
obstacle
0.0565726161003
131.0 135.0 22.0 34.0
obstacle
0.0554933138192
313.0 172.0 48.0 17.0
obstacle
0.054597157985
266.0 165.0 104.0 32.0
obstacle
0.0542828664184
269.0 180.0 96.0 28.0
obstacle
0.0536490939558
73.0 84.0 67.0 22.0
obstacle
0.0532278828323
125.0 88.0 36.0 14.0
obstacle
0.0528162382543
166.0 158.0 186.0 130.0
obstacle
0.0520302727818
313.0 83.0 85.0 23.0
obstacle
0.0514828078449
120.0 171.0 49.0 18.0
obstacle
0.0504608787596
294.0 171.0 49.0 19.0
obstacle
0.0502081550658
358.0 84.0 72.0 23.0
obstacle
0.0501165352762
12.0 146.0 380.0 126.0
obstacle
0.0499758832157
103.0 88.0 9.0 16.0
obstacle
0.0494414120913
289.0 143.0 56.0 74.0
obstacle
0.0492970980704
154.0 122.0 18.0 30.0
obstacle
0.0491098202765
197.0 202.0 49.0 15.0
obstacle
0.0487718358636
101.0 97.0 12.0 20.0
obstacle
0.0486819334328
235.0 203.0 52.0 13.0
obstacle
0.0479472912848
220.0 215.0 42.0 16.0
obstacle
0.0470200292766
96.0 86.0 56.0 19.0
obstacle
0.046711910516
113.0 187.0 294.0 72.0
obstacle
0.0456161536276
254.0 150.0 50.0 88.0
obstacle
0.0455147475004
317.0 92.0 81.0 29.0
obstacle
0.0454599745572
235.0 183.0 47.0 80.0
obstacle
0.0454457290471
0.0 139.0 277.0 82.0
obstacle
0.0449412576854
297.0 152.0 80.0 30.0
obstacle
0.0448223650455
381.0 87.0 119.0 40.0
obstacle
0.0445352755487
307.0 173.0 20.0 42.0
obstacle
0.0444851778448
132.0 143.0 20.0 44.0
obstacle
0.0432046018541
140.0 104.0 45.0 67.0
obstacle
0.04306281358
482.0 80.0 15.0 26.0
obstacle
0.0430178530514
443.0 94.0 16.0 26.0
obstacle
0.0429816097021
451.0 100.0 40.0 14.0
obstacle
0.0427560843527
406.0 100.0 12.0 16.0
obstacle
0.0427441522479
283.0 143.0 140.0 48.0
obstacle
0.041693508625
256.0 186.0 49.0 17.0
obstacle
0.0416443385184
316.0 160.0 43.0 14.0
obstacle
0.0413109995425
120.0 156.0 48.0 21.0
obstacle
0.0412093773484
307.0 158.0 22.0 45.0
obstacle
0.0411362200975
71.0 94.0 73.0 24.0
obstacle
0.0408814325929
191.0 205.0 137.0 36.0
obstacle
0.0407504029572
314.0 87.0 44.0 14.0
obstacle
0.0405918359756
174.0 201.0 56.0 16.0
obstacle
0.040346916765
274.0 187.0 50.0 16.0
obstacle
0.0394852794707
103.0 82.0 44.0 81.0
obstacle
0.0394458398223
355.0 33.0 145.0 122.0
obstacle
0.0383444614708
138.0 158.0 244.0 72.0
obstacle
0.0382788069546
424.0 83.0 16.0 24.0
obstacle
0.0370131582022
325.0 159.0 23.0 43.0
obstacle
0.0368217974901
130.0 158.0 24.0 42.0
obstacle
0.0366204604506
239.0 154.0 43.0 82.0
obstacle
0.0362778306007
48.0 119.0 155.0 122.0
obstacle
0.0360359624028
242.0 179.0 76.0 29.0
obstacle
0.0355018265545
251.0 192.0 17.0 35.0
obstacle
0.0354588739574
73.0 131.0 106.0 43.0
obstacle
0.0354563072324
242.0 188.0 39.0 13.0
obstacle
0.0347008816898
349.0 95.0 13.0 25.0
obstacle
0.0345444940031
132.0 124.0 61.0 26.0
obstacle
0.0336047299206
64.0 86.0 47.0 16.0
obstacle
0.0334508903325
218.0 203.0 46.0 13.0
obstacle
0.0332495756447
373.0 114.0 43.0 15.0
obstacle
0.0331627093256
269.0 173.0 19.0 42.0
obstacle
0.0324260741472
332.0 138.0 46.0 84.0
obstacle
0.0320011302829
67.0 157.0 117.0 45.0
obstacle
0.0319630540907
253.0 218.0 14.0 10.0
obstacle
0.0318410471082
291.0 76.0 132.0 38.0
obstacle
0.0317781567574
354.0 114.0 44.0 14.0
obstacle
0.0317018181086
251.0 177.0 18.0 35.0
obstacle
0.0315569527447
253.0 73.0 247.0 69.0
obstacle
0.031179593876
123.0 72.0 40.0 71.0
obstacle
0.0311077143997
257.0 216.0 44.0 15.0
obstacle
0.0306919049472
177.0 196.0 90.0 28.0
obstacle
0.0305539369583
107.0 84.0 70.0 23.0
obstacle
0.0304804220796
208.0 28.0 292.0 160.0
obstacle
0.0303856600076
280.0 89.0 154.0 36.0
obstacle
0.0302667301148
55.0 43.0 178.0 129.0
obstacle
0.0300609823316
314.0 186.0 46.0 17.0
obstacle
0.0300155542791
118.0 174.0 14.0 13.0
obstacle
0.0299922674894
79.0 88.0 129.0 37.0
obstacle
0.0296840965748
432.0 61.0 39.0 66.0
obstacle
0.0294546019286
102.0 115.0 47.0 14.0
obstacle
0.0293149836361
331.0 187.0 50.0 16.0
obstacle
0.0292340442538
145.0 189.0 152.0 40.0
obstacle
0.0289522446692
269.0 149.0 57.0 90.0
obstacle
0.0288444962353
375.0 86.0 36.0 43.0
obstacle
0.0287243612111
451.0 63.0 39.0 61.0
obstacle
0.0282210893929
289.0 172.0 18.0 44.0
obstacle
0.0280321352184
220.0 195.0 80.0 29.0
obstacle
0.0279996804893
83.0 127.0 49.0 78.0
obstacle
0.0277482587844
74.0 171.0 256.0 75.0
obstacle
0.0276595279574
445.0 88.0 13.0 11.0
obstacle
0.0274184998125
405.0 85.0 15.0 21.0
obstacle
0.0274149030447
348.0 84.0 14.0 22.0
obstacle
0.027170419693
0.0 34.0 346.0 148.0
obstacle
0.0268110223114
0.0 117.0 264.0 70.0
obstacle
0.0266503840685
119.0 115.0 50.0 15.0
obstacle
0.026423484087
196.0 216.0 50.0 15.0
obstacle
0.0263369753957
238.0 229.0 45.0 16.0
obstacle
0.0263089761138
258.0 172.0 43.0 19.0
obstacle
0.0258671622723
301.0 164.0 106.0 32.0
obstacle
0.0256703905761
465.0 88.0 12.0 12.0
obstacle
0.0256070885807
88.0 138.0 112.0 55.0
obstacle
0.0254857651889
157.0 201.0 52.0 16.0
obstacle
0.0254420172423
108.0 84.0 32.0 48.0
obstacle
0.0250834506005
115.0 106.0 19.0 31.0
obstacle
0.0249915160239
89.0 105.0 75.0 34.0
obstacle
0.0248784031719
118.0 146.0 13.0 11.0
obstacle
0.024726876989
328.0 177.0 18.0 35.0
obstacle
0.0244003236294
216.0 157.0 126.0 47.0
obstacle
0.0241451635957
260.0 160.0 39.0 14.0
obstacle
0.0240077208728
65.0 99.0 45.0 17.0
obstacle
0.0239420700818
238.0 172.0 45.0 17.0
obstacle
0.0236998982728
121.0 107.0 46.0 62.0
obstacle
0.0236865244806
231.0 209.0 20.0 30.0
obstacle
0.0234753061086
310.0 180.0 89.0 28.0
obstacle
0.0230020042509
387.0 108.0 12.0 25.0
obstacle
0.0225538406521
468.0 99.0 32.0 15.0
obstacle
0.0224923156202
74.0 89.0 141.0 124.0
obstacle
0.022464632988
211.0 193.0 19.0 33.0
obstacle
0.0219934023917
335.0 159.0 41.0 14.0
obstacle
0.0219835881144
253.0 202.0 52.0 15.0
obstacle
0.021381624043
141.0 100.0 44.0 15.0
obstacle
0.0208576992154
238.0 221.0 79.0 32.0
obstacle
0.0205327011645
182.0 215.0 153.0 44.0
obstacle
0.02051098831
469.0 57.0 31.0 73.0
obstacle
0.0204863827676
280.0 132.0 37.0 69.0
obstacle
0.0204058308154
216.0 230.0 50.0 14.0
obstacle
0.0199269987643
141.0 195.0 84.0 29.0
obstacle
0.0196408182383
251.0 161.0 18.0 39.0
obstacle
0.0193364936858
291.0 45.0 168.0 126.0
obstacle
0.0192742627114
347.0 180.0 17.0 29.0
obstacle
0.0191368758678
191.0 176.0 251.0 64.0
obstacle
0.0190758202225
258.0 129.0 42.0 76.0
obstacle
0.0190461054444
192.0 174.0 135.0 41.0
obstacle
0.0189842004329
197.0 161.0 49.0 96.0
obstacle
0.018853135407
245.0 164.0 72.0 35.0
obstacle
0.0185969751328
368.0 84.0 14.0 23.0
obstacle
0.0185624547303
0.0 215.0 143.0 46.0
obstacle
0.0185502525419
412.0 58.0 41.0 72.0
obstacle
0.0184691455215
327.0 151.0 20.0 33.0
obstacle
0.0183159597218
253.0 229.0 53.0 16.0
obstacle
0.0180814769119
136.0 85.0 13.0 21.0
obstacle
0.0180754512548
104.0 130.0 44.0 15.0
obstacle
0.0178434941918
192.0 190.0 20.0 39.0
obstacle
0.0177750959992
274.0 173.0 50.0 17.0
obstacle
0.0177005361766
333.0 174.0 47.0 14.0
obstacle
0.0176699850708
179.0 164.0 45.0 91.0
obstacle
0.0176265668124
279.0 159.0 37.0 15.0
obstacle
0.0175919272006
138.0 170.0 166.0 50.0
obstacle
0.0173426792026
117.0 160.0 15.0 11.0
obstacle
0.0172822996974
386.0 112.0 57.0 18.0
obstacle
0.0167629588395
356.0 105.0 75.0 31.0
obstacle
0.0167103726417
100.0 154.0 51.0 80.0
obstacle
0.0167052969337
82.0 158.0 50.0 16.0
obstacle
0.0165333747864
250.0 222.0 19.0 30.0
obstacle
0.0165208131075
275.0 215.0 47.0 17.0
obstacle
0.0163565669209
273.0 229.0 51.0 17.0
obstacle
0.0163226108998
134.0 107.0 19.0 31.0
obstacle
0.0162760633975
175.0 216.0 53.0 15.0
obstacle
0.0162379872054
288.0 158.0 21.0 46.0
obstacle
0.0162344928831
178.0 207.0 88.0 32.0
obstacle
0.0162219107151
269.0 190.0 19.0 37.0
obstacle
0.0161784831434
124.0 201.0 156.0 44.0
obstacle
0.0161716882139
462.0 92.0 16.0 30.0
obstacle
0.0161549951881
96.0 114.0 134.0 46.0
obstacle
0.015913143754
207.0 185.0 142.0 46.0
obstacle
0.0159122347832
483.0 87.0 14.0 13.0
obstacle
0.0158724468201
15.0 72.0 146.0 44.0
obstacle
0.0158588085324
253.0 188.0 164.0 39.0
obstacle
0.0158252920955
368.0 106.0 14.0 31.0
obstacle
0.0158027987927
217.0 187.0 47.0 16.0
obstacle
0.0156276430935
269.0 209.0 18.0 29.0
obstacle
0.0155795030296
232.0 192.0 17.0 35.0
obstacle
0.0154980830848
43.0 80.0 90.0 28.0
obstacle
0.0154688879848
84.0 145.0 47.0 15.0
obstacle
0.015374166891
85.0 76.0 117.0 37.0
obstacle
0.0152496360242
77.0 165.0 404.0 145.0
obstacle
0.0152041343972
5.0 74.0 278.0 68.0
obstacle
0.0150905326009
215.0 161.0 51.0 96.0
obstacle
0.0150889959186
194.0 186.0 53.0 18.0
obstacle
0.0148329576477
159.0 165.0 47.0 88.0
obstacle
0.014706085436
105.0 70.0 37.0 48.0
obstacle
0.0146244512871
427.0 102.0 11.0 11.0
obstacle
0.0146218650043
139.0 123.0 48.0 85.0
obstacle
0.0145417749882
101.0 127.0 122.0 49.0
obstacle
0.0144551219419
230.0 218.0 21.0 39.0
obstacle
0.0144005082548
252.0 197.0 51.0 81.0
obstacle
0.0143097098917
239.0 130.0 42.0 73.0
obstacle
0.0142468297854
315.0 200.0 46.0 17.0
obstacle
0.0141387144104
274.0 146.0 47.0 14.0
obstacle
0.0140564646572
185.0 229.0 149.0 45.0
obstacle
0.0139766223729
136.0 174.0 16.0 11.0
obstacle
0.0139026455581
329.0 174.0 16.0 13.0
obstacle
0.0137122161686
336.0 68.0 40.0 79.0
obstacle
0.0136995604262
291.0 192.0 91.0 33.0
obstacle
0.0136873768643
272.0 194.0 51.0 87.0
obstacle
0.0136836664751
139.0 102.0 10.0 12.0
obstacle
0.0136013133451
156.0 130.0 14.0 12.0
obstacle
0.013556856662
236.0 205.0 47.0 94.0
obstacle
0.0133134797215
294.0 201.0 48.0 16.0
obstacle
0.0132903372869
426.0 88.0 12.0 12.0
obstacle
0.0131139103323
237.0 159.0 46.0 16.0
obstacle
0.0130020268261
140.0 143.0 47.0 16.0
obstacle
0.0129076521844
354.0 76.0 41.0 63.0
obstacle
0.0128771942109
86.0 80.0 41.0 56.0
obstacle
0.0127866147086
197.0 222.0 87.0 30.0
obstacle
0.0127858789638
80.0 80.0 14.0 29.0
obstacle
0.0127165373415
116.0 121.0 18.0 33.0
obstacle
0.0127054881305
445.0 102.0 14.0 11.0
obstacle
0.0126799978316
288.0 207.0 20.0 33.0
obstacle
0.0126549815759
210.0 206.0 21.0 35.0
obstacle
0.0126166455448
331.0 113.0 50.0 18.0
obstacle
0.0125409699976
310.0 189.0 16.0 12.0
obstacle
0.0125129269436
296.0 159.0 44.0 16.0
obstacle
0.0124903293326
213.0 193.0 56.0 90.0
obstacle
0.012489319779
275.0 202.0 47.0 15.0
obstacle
0.0124504268169
94.0 139.0 178.0 141.0
obstacle
0.0123801110312
350.0 102.0 11.0 11.0
obstacle
0.0123392557725
468.0 71.0 32.0 17.0
obstacle
0.0123365195468
253.0 203.0 16.0 13.0
obstacle
0.0123274056241
253.0 206.0 89.0 34.0
obstacle
0.012327214703
0.0 286.0 144.0 48.0
obstacle
0.0122721213847
95.0 143.0 22.0 45.0
obstacle
0.0122650666162
393.0 61.0 40.0 66.0
obstacle
0.012242520228
39.0 229.0 56.0 17.0
obstacle
0.0121980076656
405.0 55.0 95.0 51.0
obstacle
0.0120651861653
0.0 170.0 253.0 135.0
obstacle
0.0120235458016
213.0 203.0 17.0 12.0
obstacle
0.0120153483003
0.0 230.0 125.0 45.0
obstacle
0.0120019521564
268.0 218.0 22.0 38.0
obstacle
0.0119421705604
194.0 203.0 17.0 12.0
obstacle
0.0119386352599
354.0 188.0 43.0 13.0
obstacle
0.0119104934856
154.0 215.0 57.0 17.0
obstacle
0.0118896272033
44.0 192.0 47.0 91.0
obstacle
0.011859764345
408.0 111.0 51.0 19.0
obstacle
0.0118588339537
313.0 99.0 48.0 15.0
obstacle
0.0118361413479
84.0 98.0 120.0 49.0
obstacle
0.0116884931922
83.0 114.0 46.0 17.0
obstacle
0.0116130467504
141.0 86.0 44.0 16.0
obstacle
0.0115270316601
172.0 189.0 21.0 40.0
obstacle
0.011494348757
96.0 122.0 61.0 32.0
