obstacle
0.981773793697
95.1799926758 202.31942749 116.119018555 33.4089050293
obstacle
0.946860909462
339.41583252 185.966293335 51.2272338867 25.8699645996
obstacle
0.941040456295
224.065322876 177.712966919 89.1951141357 21.1570129395
obstacle
0.889417409897
48.8624839783 163.154800415 49.5297279358 16.3217163086
obstacle
0.861925303936
149.807174683 165.378326416 43.1613769531 18.1747131348
obstacle
0.773628652096
303.766693115 198.626571655 21.0568237305 18.4432067871
obstacle
0.435044795275
60.8885421753 173.360427856 60.0399169922 15.8858032227
obstacle
0.258515268564
170.008911133 317.824523926 26.9956054688 15.1754760742
obstacle
0.0814788341522
285.324462891 193.19644165 29.327331543 18.4201660156
obstacle
0.0526292845607
235.152862549 189.065826416 47.8505859375 15.7933959961
