obstacle
0.984102845192
459.695251465 237.261566162 28.9841308594 31.3007202148
obstacle
0.580158650875
247.570480347 140.797439575 23.6710357666 50.8681030273
obstacle
0.524887382984
317.945587158 135.041366577 29.9595336914 64.2621765137
obstacle
0.474744558334
340.577789307 141.199203491 25.7569580078 59.126159668
obstacle
0.454027026892
71.9208374023 122.295471191 396.518005371 120.348144531
obstacle
0.377583056688
355.380950928 151.710388184 24.8354492188 55.7583618164
obstacle
0.367979079485
377.818237305 119.33707428 23.2499389648 54.2623519897
obstacle
0.321183443069
203.109695435 128.378097534 25.0108032227 54.4306640625
obstacle
0.298685699701
89.1345291138 120.203109741 32.0849151611 58.1670227051
obstacle
0.21127769351
262.199645996 151.006561279 130.388977051 43.1676330566
obstacle
0.21025262773
259.871124268 134.193664551 25.4403686523 74.6357421875
obstacle
0.189799100161
184.259521484 137.220184326 26.8344116211 39.626739502
obstacle
0.185269266367
303.88684082 136.3019104 25.7888793945 51.9124145508
obstacle
0.149703115225
221.104675293 140.912155151 101.456054688 39.9831848145
obstacle
0.136874437332
83.5063323975 158.692810059 64.8748931885 38.1935424805
obstacle
0.124960042536
391.396362305 126.72858429 20.8869018555 38.5301132202
obstacle
0.124622017145
221.509536743 139.079376221 24.8273010254 63.9145202637
obstacle
0.108859226108
292.493133545 176.949508667 138.84954834 29.5819702148
obstacle
0.0988193973899
157.614028931 136.460235596 105.84803772 40.1032714844
obstacle
0.0938334837556
114.613571167 128.696060181 29.0099182129 44.1481323242
obstacle
0.0873305723071
363.640838623 134.097442627 24.6014404297 46.4283752441
obstacle
0.0843829065561
163.516601562 145.329421997 28.6587219238 40.0249938965
obstacle
0.0831758975983
46.2171096802 187.198974609 209.880584717 47.7310180664
obstacle
0.0723565593362
475.864929199 232.039138794 24.1350708008 57.0965423584
obstacle
0.0716176554561
147.327545166 168.304168701 174.917022705 33.8417358398
obstacle
0.0622314810753
215.158721924 183.49571228 68.1318054199 46.4326782227
