obstacle
0.972220242023
81.0396575928 172.053009033 274.012756348 61.9603881836
obstacle
0.929358065128
298.189178467 90.7809753418 85.6563720703 19.6095428467
obstacle
0.922222018242
450.773529053 116.393379211 21.2471313477 18.7072525024
obstacle
0.742619216442
465.145782471 119.616271973 18.7483520508 17.0981445312
obstacle
0.228001147509
76.8627166748 202.465026855 152.688720703 27.5110168457
obstacle
0.0937362611294
437.501373291 124.329208374 35.4350585938 24.0122680664
obstacle
0.0801989361644
448.03793335 102.281478882 27.280090332 23.1143493652
