obstacle
0.988986611366
243.143035889 149.951629639 173.395812988 55.8449401855
obstacle
0.785501360893
117.989707947 145.654815674 29.2829360962 31.9507141113
obstacle
0.255709409714
465.541503906 91.2789916992 26.0308837891 14.4376525879
obstacle
0.217766240239
100.325469971 107.185043335 23.2433013916 18.3001556396
obstacle
0.0926756635308
131.278244019 136.957992554 28.7077636719 30.4660339355
obstacle
0.0639611184597
84.8363494873 116.301559448 119.734954834 111.976013184
obstacle
0.061395585537
118.625114441 128.876373291 23.3517990112 22.1883850098
