obstacle
0.122695885599
262.0 239.0 131.0 94.0
obstacle
0.122119925916
339.0 236.0 131.0 97.0
obstacle
0.12160231173
38.0 125.0 39.0 31.0
obstacle
0.120500504971
151.0 153.0 43.0 26.0
obstacle
0.118705227971
0.0 0.0 448.0 192.0
obstacle
0.118646062911
305.0 152.0 43.0 29.0
obstacle
0.117793150246
36.0 152.0 43.0 28.0
obstacle
0.117605768144
111.0 153.0 47.0 27.0
obstacle
0.117099307477
188.0 75.0 46.0 30.0
obstacle
0.116938337684
186.0 55.0 129.0 121.0
obstacle
0.116889849305
0.0 12.0 182.0 309.0
obstacle
0.116833396256
460.0 176.0 40.0 31.0
obstacle
0.11675786227
0.0 237.0 126.0 96.0
obstacle
0.116282038391
344.0 179.0 40.0 27.0
obstacle
0.115794532001
190.0 178.0 44.0 29.0
obstacle
0.115763872862
459.0 126.0 41.0 30.0
obstacle
0.115507364273
191.0 152.0 41.0 28.0
obstacle
0.115217775106
266.0 178.0 42.0 29.0
obstacle
0.115215577185
69.0 134.0 131.0 117.0
obstacle
0.114825382829
39.0 178.0 40.0 29.0
obstacle
0.114726759493
145.0 140.0 355.0 193.0
obstacle
0.114697284997
377.0 56.0 123.0 120.0
obstacle
0.114683046937
107.0 7.0 132.0 114.0
obstacle
0.114488065243
27.0 31.0 138.0 117.0
obstacle
0.114486269653
0.0 127.0 44.0 28.0
obstacle
0.114328809083
221.0 30.0 135.0 120.0
obstacle
0.114321812987
39.0 279.0 38.0 31.0
obstacle
0.114261090755
0.0 204.0 222.0 129.0
obstacle
0.114197507501
75.0 153.0 41.0 27.0
obstacle
0.114146135747
75.0 126.0 41.0 29.0
obstacle
0.114025741816
71.0 232.0 128.0 101.0
obstacle
0.113702818751
0.0 44.0 500.0 244.0
obstacle
0.11362361908
0.0 306.0 42.0 27.0
obstacle
0.113580651581
307.0 306.0 40.0 27.0
obstacle
0.113448366523
142.0 0.0 140.0 74.0
obstacle
0.113353744149
112.0 127.0 45.0 28.0
obstacle
0.113293468952
298.0 0.0 137.0 71.0
obstacle
0.113080173731
0.0 122.0 280.0 139.0
obstacle
0.112978763878
459.0 152.0 41.0 29.0
obstacle
0.112934492528
191.0 102.0 42.0 28.0
obstacle
0.112883195281
0.0 172.0 417.0 161.0
obstacle
0.112821832299
460.0 202.0 40.0 31.0
obstacle
0.112799622118
416.0 232.0 84.0 101.0
obstacle
0.11261638999
303.0 179.0 44.0 26.0
obstacle
0.112522639334
212.0 42.0 230.0 291.0
obstacle
0.112520635128
152.0 101.0 42.0 29.0
obstacle
0.112464115024
230.0 49.0 41.0 30.0
obstacle
0.112462379038
459.0 100.0 41.0 31.0
obstacle
0.112454660237
344.0 153.0 41.0 27.0
obstacle
0.112403817475
222.0 0.0 135.0 73.0
obstacle
0.112229220569
269.0 306.0 39.0 27.0
obstacle
0.112156182528
76.0 101.0 40.0 29.0
obstacle
0.112111009657
460.0 73.0 40.0 33.0
obstacle
0.112084589899
376.0 0.0 124.0 70.0
obstacle
0.112084344029
183.0 232.0 133.0 101.0
obstacle
0.112055979669
229.0 306.0 41.0 27.0
obstacle
0.112037807703
152.0 204.0 42.0 29.0
obstacle
0.111978538334
305.0 263.0 120.0 70.0
obstacle
0.111958064139
382.0 179.0 42.0 27.0
obstacle
0.111850209534
423.0 177.0 41.0 30.0
obstacle
0.111783139408
145.0 32.0 134.0 115.0
obstacle
0.111741043627
0.0 79.0 132.0 125.0
obstacle
0.111736983061
0.0 34.0 85.0 111.0
obstacle
0.111720375717
297.0 37.0 139.0 106.0
obstacle
0.111711800098
0.0 0.0 125.0 97.0
obstacle
0.111616924405
111.0 178.0 47.0 29.0
obstacle
0.11147107929
79.0 20.0 265.0 291.0
obstacle
0.11128886044
268.0 74.0 42.0 31.0
obstacle
0.11120480299
77.0 305.0 40.0 28.0
obstacle
0.111195474863
39.0 254.0 38.0 30.0
obstacle
0.111085250974
268.0 205.0 41.0 27.0
obstacle
0.110990986228
110.0 263.0 125.0 70.0
obstacle
0.110986016691
114.0 49.0 41.0 30.0
obstacle
0.110765516758
143.0 188.0 138.0 111.0
obstacle
0.110755525529
375.0 130.0 125.0 124.0
obstacle
0.110702142119
113.0 58.0 121.0 115.0
obstacle
0.110701173544
229.0 177.0 42.0 30.0
obstacle
0.110525839031
276.0 1.0 224.0 127.0
obstacle
0.110492192209
284.0 182.0 216.0 122.0
obstacle
0.110482953489
65.0 0.0 140.0 70.0
obstacle
0.110344901681
0.0 180.0 128.0 127.0
obstacle
0.11031448096
266.0 153.0 44.0 27.0
obstacle
0.11026712507
298.0 210.0 135.0 118.0
obstacle
0.110252350569
0.0 132.0 126.0 121.0
obstacle
0.110217429698
219.0 187.0 138.0 113.0
obstacle
0.110216602683
64.0 85.0 143.0 112.0
obstacle
0.110154815018
39.0 306.0 38.0 27.0
obstacle
0.110117152333
266.0 126.0 44.0 30.0
obstacle
0.110083207488
418.0 105.0 82.0 123.0
obstacle
0.110080353916
38.0 23.0 39.0 31.0
obstacle
0.110014177859
261.0 57.0 132.0 117.0
obstacle
0.109976924956
227.0 153.0 44.0 28.0
obstacle
0.109955966473
74.0 178.0 44.0 28.0
obstacle
0.109929189086
460.0 305.0 40.0 28.0
obstacle
0.109880141914
0.0 74.0 42.0 31.0
obstacle
0.109815098345
113.0 100.0 43.0 30.0
obstacle
0.109808534384
76.0 254.0 41.0 30.0
obstacle
0.10977421701
153.0 306.0 40.0 27.0
obstacle
0.109728120267
415.0 160.0 85.0 115.0
obstacle
0.109680064023
421.0 100.0 43.0 31.0
obstacle
0.109641343355
384.0 305.0 40.0 28.0
obstacle
0.109625697136
229.0 75.0 42.0 30.0
obstacle
0.109542548656
151.0 74.0 44.0 31.0
obstacle
0.109487615526
184.0 7.0 132.0 115.0
obstacle
0.109461538494
299.0 81.0 134.0 120.0
obstacle
0.109425246716
144.0 84.0 137.0 115.0
obstacle
0.10940349102
75.0 74.0 43.0 31.0
obstacle
0.109277755022
1.0 0.0 343.0 81.0
obstacle
0.109269395471
0.0 204.0 42.0 28.0
obstacle
0.108999043703
420.0 126.0 44.0 30.0
obstacle
0.108921468258
337.0 0.0 135.0 95.0
obstacle
0.108815722167
346.0 306.0 40.0 27.0
obstacle
0.108763664961
184.0 103.0 132.0 127.0
obstacle
0.108747087419
124.0 121.0 329.0 142.0
obstacle
0.108733221889
337.0 102.0 133.0 129.0
obstacle
0.108674958348
223.0 84.0 133.0 114.0
obstacle
0.108637079597
305.0 205.0 43.0 26.0
obstacle
0.10858424753
39.0 101.0 37.0 29.0
obstacle
0.108543507755
422.0 228.0 42.0 31.0
obstacle
0.108532853425
344.0 74.0 43.0 30.0
obstacle
0.108453318477
190.0 306.0 42.0 27.0
obstacle
0.108433499932
161.0 23.0 332.0 134.0
obstacle
0.10829153657
115.0 306.0 40.0 27.0
obstacle
0.108081281185
0.0 178.0 43.0 28.0
obstacle
0.108067817986
315.0 59.0 185.0 266.0
obstacle
0.108065538108
230.0 229.0 40.0 29.0
obstacle
0.10805311799
261.0 0.0 132.0 98.0
obstacle
0.108019337058
306.0 74.0 42.0 31.0
obstacle
0.10793235898
0.0 101.0 41.0 29.0
obstacle
0.107889309525
33.0 261.0 126.0 72.0
obstacle
0.107729770243
76.0 279.0 41.0 31.0
obstacle
0.107695154846
422.0 22.0 40.0 33.0
obstacle
0.107657745481
38.0 203.0 39.0 29.0
obstacle
0.107631310821
268.0 49.0 41.0 30.0
obstacle
0.10762219131
346.0 279.0 40.0 31.0
obstacle
0.107598491013
384.0 74.0 42.0 31.0
obstacle
0.107585422695
113.0 75.0 44.0 29.0
obstacle
0.107443131506
0.0 109.0 83.0 114.0
obstacle
0.107425764203
0.0 280.0 42.0 29.0
obstacle
0.107411116362
0.0 23.0 256.0 133.0
obstacle
0.107361018658
192.0 50.0 40.0 28.0
obstacle
0.107282340527
460.0 254.0 40.0 29.0
obstacle
0.107273049653
227.0 126.0 47.0 30.0
obstacle
0.107261426747
301.0 153.0 128.0 130.0
obstacle
0.107185408473
222.0 260.0 131.0 73.0
obstacle
0.107168331742
306.0 279.0 42.0 31.0
obstacle
0.107164889574
0.0 154.0 42.0 26.0
obstacle
0.107090376318
117.0 0.0 343.0 81.0
obstacle
0.107068784535
37.0 49.0 40.0 30.0
obstacle
0.106997318566
37.0 74.0 42.0 31.0
obstacle
0.106872662902
382.0 100.0 44.0 30.0
obstacle
0.106780469418
422.0 151.0 42.0 30.0
obstacle
0.10677793622
423.0 74.0 41.0 32.0
obstacle
0.106738850474
192.0 23.0 38.0 32.0
obstacle
0.106662839651
459.0 48.0 41.0 32.0
obstacle
0.106657505035
459.0 22.0 41.0 33.0
obstacle
0.106624566019
383.0 152.0 43.0 29.0
obstacle
0.106618314981
421.0 306.0 43.0 27.0
obstacle
0.106523156166
107.0 107.0 132.0 118.0
obstacle
0.106514371932
114.0 205.0 40.0 26.0
obstacle
0.10651152581
38.0 229.0 40.0 29.0
obstacle
0.106495007873
151.0 127.0 44.0 28.0
obstacle
0.106446743011
305.0 100.0 45.0 30.0
obstacle
0.106441445649
76.0 50.0 40.0 28.0
obstacle
0.106363870203
384.0 279.0 40.0 31.0
obstacle
0.106301315129
307.0 229.0 39.0 29.0
obstacle
0.106255881488
75.0 229.0 43.0 29.0
obstacle
0.106138914824
423.0 49.0 41.0 31.0
obstacle
0.106137759984
417.0 33.0 83.0 113.0
obstacle
0.10608881712
153.0 280.0 41.0 29.0
obstacle
0.106027416885
68.0 184.0 133.0 118.0
obstacle
0.105982244015
0.0 230.0 42.0 28.0
obstacle
0.105972200632
153.0 23.0 40.0 31.0
obstacle
0.105931147933
346.0 229.0 39.0 29.0
obstacle
0.105916492641
269.0 229.0 39.0 29.0
obstacle
0.105904988945
191.0 126.0 42.0 29.0
obstacle
0.10582768172
420.0 203.0 43.0 29.0
obstacle
0.105798073113
115.0 23.0 39.0 31.0
obstacle
0.105714678764
114.0 279.0 42.0 31.0
obstacle
0.105579406023
229.0 100.0 42.0 31.0
obstacle
0.105313524604
344.0 204.0 43.0 29.0
obstacle
0.105236999691
0.0 214.0 81.0 109.0
obstacle
0.105190314353
305.0 126.0 43.0 30.0
obstacle
0.105107873678
60.0 256.0 380.0 77.0
obstacle
0.105076834559
0.0 0.0 86.0 68.0
obstacle
0.105048812926
0.0 49.0 42.0 30.0
obstacle
0.105008170009
76.0 0.0 40.0 28.0
obstacle
0.104985810816
0.0 263.0 83.0 70.0
obstacle
0.104922883213
267.0 100.0 43.0 31.0
obstacle
0.104917511344
0.0 23.0 41.0 31.0
obstacle
0.104906782508
460.0 228.0 40.0 31.0
obstacle
0.104900427163
307.0 49.0 41.0 30.0
obstacle
0.104889281094
343.0 101.0 44.0 29.0
obstacle
0.10488165915
0.0 255.0 43.0 29.0
obstacle
0.104742214084
384.0 228.0 41.0 30.0
obstacle
0.104703448713
271.0 121.0 229.0 142.0
obstacle
0.104647412896
232.0 250.0 268.0 83.0
obstacle
0.104575119913
422.0 254.0 42.0 30.0
obstacle
0.104525223374
34.0 106.0 125.0 121.0
obstacle
0.104503326118
382.0 127.0 43.0 28.0
obstacle
0.104487478733
268.0 253.0 42.0 32.0
obstacle
0.104444548488
191.0 0.0 41.0 28.0
obstacle
0.10439132154
115.0 229.0 40.0 30.0
obstacle
0.104129947722
385.0 23.0 38.0 31.0
obstacle
0.104111984372
153.0 50.0 41.0 28.0
obstacle
0.10407512635
112.0 158.0 122.0 120.0
obstacle
0.104040943086
230.0 23.0 40.0 32.0
obstacle
0.104031413794
114.0 0.0 41.0 28.0
obstacle
0.103983722627
422.0 279.0 41.0 31.0
obstacle
0.103918910027
192.0 280.0 40.0 29.0
obstacle
0.103889919817
181.0 161.0 137.0 113.0
obstacle
0.103868938982
191.0 205.0 41.0 27.0
obstacle
0.103863142431
345.0 255.0 41.0 28.0
obstacle
0.103783935308
76.0 0.0 270.0 152.0
obstacle
0.103779800236
345.0 49.0 42.0 30.0
obstacle
0.103739365935
230.0 204.0 41.0 28.0
obstacle
0.103645414114
346.0 23.0 39.0 31.0
obstacle
0.103606641293
153.0 228.0 40.0 32.0
obstacle
0.103594005108
150.0 134.0 125.0 117.0
obstacle
0.103500761092
229.0 253.0 42.0 32.0
obstacle
0.103474587202
344.0 127.0 42.0 28.0
obstacle
0.103439994156
0.0 0.0 42.0 28.0
obstacle
0.103323020041
0.0 64.0 258.0 153.0
obstacle
0.103318825364
151.0 180.0 44.0 26.0
obstacle
0.103290580213
421.0 0.0 43.0 28.0
obstacle
0.103259757161
75.0 204.0 42.0 28.0
obstacle
0.103243142366
263.0 0.0 237.0 254.0
obstacle
0.103195793927
230.0 279.0 41.0 31.0
obstacle
0.103097960353
459.0 0.0 41.0 28.0
obstacle
0.102770984173
80.0 71.0 340.0 140.0
obstacle
0.102711968124
346.0 0.0 40.0 27.0
obstacle
0.102702796459
0.0 162.0 82.0 111.0
obstacle
0.102452129126
191.0 229.0 41.0 29.0
obstacle
0.102324396372
75.0 22.0 41.0 33.0
obstacle
0.102137669921
36.0 0.0 43.0 29.0
obstacle
0.101971708238
34.0 162.0 124.0 111.0
obstacle
0.101781979203
114.0 254.0 42.0 30.0
obstacle
0.101773932576
383.0 254.0 42.0 30.0
obstacle
0.101688116789
460.0 279.0 40.0 31.0
obstacle
0.101576730609
268.0 279.0 41.0 31.0
obstacle
0.101335071027
381.0 204.0 44.0 28.0
obstacle
0.101257033646
383.0 0.0 42.0 27.0
obstacle
0.100930638611
152.0 255.0 42.0 29.0
obstacle
0.100800715387
229.0 0.0 42.0 28.0
obstacle
0.100265793502
306.0 0.0 42.0 28.0
obstacle
0.100244626403
267.0 0.0 43.0 28.0
obstacle
0.100126959383
226.0 72.0 274.0 137.0
obstacle
0.0999227166176
191.0 255.0 42.0 28.0
obstacle
0.0998846143484
227.0 131.0 122.0 123.0
obstacle
0.0998655259609
307.0 23.0 40.0 31.0
obstacle
0.0997140705585
307.0 255.0 40.0 29.0
obstacle
0.099254027009
384.0 49.0 41.0 30.0
obstacle
0.0983492359519
153.0 0.0 40.0 28.0
obstacle
0.0982921719551
264.0 100.0 125.0 133.0
obstacle
0.0979715511203
269.0 23.0 39.0 32.0
