obstacle
0.122061513364
151.0 153.0 42.0 27.0
obstacle
0.121790587902
298.0 237.0 136.0 96.0
obstacle
0.119498096406
37.0 125.0 41.0 31.0
obstacle
0.11939971894
39.0 75.0 38.0 30.0
obstacle
0.117490194738
31.0 234.0 131.0 99.0
obstacle
0.117190666497
142.0 239.0 140.0 94.0
obstacle
0.116673834622
0.0 6.0 83.0 116.0
obstacle
0.116274110973
266.0 126.0 46.0 29.0
obstacle
0.115657955408
36.0 178.0 43.0 29.0
obstacle
0.115646369755
114.0 305.0 42.0 28.0
obstacle
0.115583635867
376.0 34.0 124.0 111.0
obstacle
0.115549392998
113.0 127.0 44.0 29.0
obstacle
0.115402661264
221.0 8.0 135.0 113.0
obstacle
0.115368157625
114.0 74.0 42.0 31.0
obstacle
0.115277431905
374.0 235.0 126.0 98.0
obstacle
0.11510001123
74.0 127.0 44.0 28.0
obstacle
0.114739492536
0.0 306.0 42.0 27.0
obstacle
0.114645861089
6.0 7.0 256.0 319.0
obstacle
0.114609867334
267.0 177.0 42.0 29.0
obstacle
0.114540293813
190.0 153.0 43.0 27.0
obstacle
0.114434733987
304.0 153.0 44.0 27.0
obstacle
0.114407613873
0.0 0.0 500.0 194.0
obstacle
0.114220894873
0.0 93.0 350.0 146.0
obstacle
0.114214062691
304.0 127.0 46.0 28.0
obstacle
0.1142135337
167.0 12.0 245.0 308.0
obstacle
0.114191219211
342.0 261.0 122.0 72.0
obstacle
0.114145211875
148.0 60.0 128.0 112.0
obstacle
0.113802202046
76.0 305.0 42.0 28.0
obstacle
0.113724522293
227.0 152.0 45.0 28.0
obstacle
0.113655261695
219.0 237.0 141.0 96.0
obstacle
0.113498665392
327.0 36.0 173.0 297.0
obstacle
0.113401755691
190.0 178.0 44.0 29.0
obstacle
0.113373085856
459.0 100.0 41.0 31.0
obstacle
0.113144166768
379.0 0.0 121.0 70.0
obstacle
0.113069437444
266.0 151.0 44.0 30.0
obstacle
0.113042607903
229.0 231.0 42.0 26.0
obstacle
0.113033927977
295.0 10.0 142.0 108.0
obstacle
0.112925447524
112.0 262.0 121.0 71.0
obstacle
0.112880893052
458.0 126.0 42.0 30.0
obstacle
0.112777300179
187.0 161.0 124.0 113.0
obstacle
0.112572565675
0.0 0.0 325.0 133.0
obstacle
0.112556599081
150.0 128.0 46.0 27.0
obstacle
0.112550467253
374.0 183.0 126.0 121.0
obstacle
0.112548649311
420.0 177.0 44.0 29.0
obstacle
0.112495981157
460.0 151.0 40.0 31.0
obstacle
0.112472422421
304.0 178.0 43.0 29.0
obstacle
0.112467624247
337.0 105.0 134.0 123.0
obstacle
0.112456426024
458.0 74.0 42.0 32.0
obstacle
0.112333118916
112.0 32.0 123.0 115.0
obstacle
0.112308375537
421.0 100.0 42.0 31.0
obstacle
0.112306542695
383.0 126.0 42.0 29.0
obstacle
0.11223821342
25.0 34.0 141.0 111.0
obstacle
0.112233318388
231.0 203.0 269.0 130.0
obstacle
0.112182401121
0.0 121.0 500.0 212.0
obstacle
0.112137742341
307.0 0.0 193.0 148.0
obstacle
0.112053692341
344.0 126.0 43.0 30.0
obstacle
0.111890591681
336.0 0.0 137.0 93.0
obstacle
0.111606277525
152.0 304.0 43.0 29.0
obstacle
0.111599676311
343.0 152.0 43.0 29.0
obstacle
0.111489295959
343.0 205.0 43.0 26.0
obstacle
0.111472174525
384.0 305.0 41.0 28.0
obstacle
0.111427091062
77.0 57.0 269.0 276.0
obstacle
0.111159875989
107.0 80.0 133.0 122.0
obstacle
0.111122876406
305.0 204.0 42.0 28.0
obstacle
0.111084610224
307.0 23.0 39.0 31.0
obstacle
0.110961124301
303.0 0.0 127.0 67.0
obstacle
0.110944800079
0.0 126.0 44.0 30.0
obstacle
0.110870227218
227.0 126.0 46.0 29.0
obstacle
0.110852181911
107.0 0.0 132.0 69.0
obstacle
0.110778264701
38.0 203.0 40.0 30.0
obstacle
0.110731452703
383.0 177.0 42.0 29.0
obstacle
0.110716767609
30.0 82.0 134.0 118.0
obstacle
0.110685713589
113.0 179.0 43.0 27.0
obstacle
0.110632844269
29.0 0.0 137.0 89.0
obstacle
0.110620625317
264.0 82.0 126.0 119.0
obstacle
0.110573142767
226.0 132.0 126.0 119.0
obstacle
0.110567912459
188.0 263.0 123.0 70.0
obstacle
0.110499255359
296.0 57.0 139.0 117.0
obstacle
0.110470473766
337.0 151.0 134.0 134.0
obstacle
0.110468126833
421.0 126.0 43.0 30.0
obstacle
0.110458761454
73.0 179.0 45.0 27.0
obstacle
0.110440514982
306.0 306.0 42.0 27.0
obstacle
0.1103804335
268.0 74.0 42.0 31.0
obstacle
0.110328964889
382.0 151.0 44.0 30.0
obstacle
0.110305532813
78.0 130.0 114.0 124.0
obstacle
0.110285930336
183.0 0.0 134.0 95.0
obstacle
0.110177613795
263.0 262.0 127.0 71.0
obstacle
0.110159799457
74.0 154.0 44.0 25.0
obstacle
0.10996042937
418.0 58.0 82.0 114.0
obstacle
0.109894432127
191.0 305.0 42.0 28.0
obstacle
0.109787032008
459.0 49.0 41.0 31.0
obstacle
0.109773784876
422.0 305.0 41.0 28.0
obstacle
0.109758481383
180.0 84.0 142.0 114.0
obstacle
0.10965231806
460.0 178.0 40.0 29.0
obstacle
0.109612986445
384.0 279.0 41.0 31.0
obstacle
0.10956697166
422.0 74.0 42.0 32.0
obstacle
0.109520338476
345.0 49.0 41.0 30.0
obstacle
0.109488092363
267.0 101.0 44.0 28.0
obstacle
0.109477609396
0.0 0.0 129.0 66.0
obstacle
0.109463021159
191.0 24.0 40.0 29.0
obstacle
0.10945879668
423.0 49.0 40.0 31.0
obstacle
0.109446711838
44.0 228.0 334.0 105.0
obstacle
0.109417840838
37.0 307.0 41.0 26.0
obstacle
0.109389439225
190.0 74.0 43.0 32.0
obstacle
0.109240122139
74.0 23.0 41.0 30.0
obstacle
0.109195955098
226.0 58.0 127.0 116.0
obstacle
0.109192848206
307.0 49.0 40.0 30.0
obstacle
0.109142847359
0.0 230.0 42.0 27.0
obstacle
0.10909512639
0.0 54.0 126.0 122.0
obstacle
0.109087139368
0.0 255.0 42.0 28.0
obstacle
0.108996488154
0.0 261.0 121.0 72.0
obstacle
0.10896499455
261.0 32.0 132.0 116.0
obstacle
0.108898587525
38.0 23.0 37.0 31.0
obstacle
0.108885496855
38.0 150.0 40.0 33.0
obstacle
0.108754947782
0.0 179.0 42.0 27.0
obstacle
0.108712941408
260.0 0.0 134.0 92.0
obstacle
0.10870244354
0.0 75.0 40.0 30.0
obstacle
0.10863327235
0.0 203.0 42.0 29.0
obstacle
0.108597606421
345.0 280.0 42.0 29.0
obstacle
0.10857090354
29.0 157.0 134.0 122.0
obstacle
0.108545318246
0.0 0.0 200.0 185.0
obstacle
0.108525827527
0.0 0.0 264.0 79.0
obstacle
0.108507834375
383.0 202.0 42.0 31.0
obstacle
0.108445063233
74.0 101.0 43.0 29.0
obstacle
0.108432516456
149.0 87.0 351.0 158.0
obstacle
0.108380571008
113.0 152.0 42.0 29.0
obstacle
0.108349576592
143.0 8.0 137.0 113.0
obstacle
0.108344316483
384.0 229.0 39.0 30.0
obstacle
0.108261458576
460.0 254.0 40.0 30.0
obstacle
0.108242809772
66.0 208.0 137.0 121.0
obstacle
0.108241677284
345.0 306.0 42.0 27.0
obstacle
0.10812485218
256.0 185.0 143.0 119.0
obstacle
0.108114257455
76.0 74.0 41.0 31.0
obstacle
0.108052819967
38.0 254.0 40.0 30.0
obstacle
0.108040116727
268.0 49.0 42.0 30.0
obstacle
0.107862375677
422.0 254.0 42.0 30.0
obstacle
0.107810683548
0.0 152.0 43.0 28.0
obstacle
0.107792422175
38.0 48.0 39.0 32.0
obstacle
0.107757255435
248.0 158.0 252.0 118.0
obstacle
0.10774871707
0.0 257.0 249.0 76.0
obstacle
0.107746116817
459.0 22.0 41.0 33.0
obstacle
0.107744716108
384.0 49.0 41.0 30.0
obstacle
0.107744544744
423.0 279.0 40.0 31.0
obstacle
0.107725769281
306.0 254.0 42.0 29.0
obstacle
0.10762694478
422.0 22.0 41.0 32.0
obstacle
0.107565164566
345.0 23.0 41.0 31.0
obstacle
0.107528328896
0.0 101.0 42.0 29.0
obstacle
0.107467345893
229.0 23.0 41.0 31.0
obstacle
0.107453376055
109.0 0.0 359.0 103.0
obstacle
0.107445761561
189.0 33.0 124.0 114.0
obstacle
0.107348844409
268.0 305.0 43.0 28.0
obstacle
0.107280626893
68.0 7.0 135.0 115.0
obstacle
0.107246227562
182.0 212.0 136.0 115.0
obstacle
0.107235364616
151.0 179.0 45.0 27.0
obstacle
0.107195958495
79.0 148.0 344.0 139.0
obstacle
0.107061557472
153.0 255.0 41.0 29.0
obstacle
0.107041306794
344.0 101.0 42.0 29.0
obstacle
0.107024401426
190.0 280.0 43.0 30.0
obstacle
0.106984905899
460.0 305.0 40.0 28.0
obstacle
0.106972306967
383.0 74.0 43.0 31.0
obstacle
0.106961362064
382.0 101.0 44.0 28.0
obstacle
0.106915533543
344.0 74.0 44.0 31.0
obstacle
0.106912232935
228.0 205.0 42.0 26.0
obstacle
0.106833733618
190.0 49.0 43.0 30.0
obstacle
0.106828674674
150.0 187.0 124.0 112.0
obstacle
0.106784127653
228.0 49.0 43.0 30.0
obstacle
0.106782026589
344.0 179.0 42.0 27.0
obstacle
0.10674149543
0.0 49.0 41.0 30.0
obstacle
0.106699980795
228.0 178.0 44.0 28.0
obstacle
0.106634519994
153.0 280.0 41.0 29.0
obstacle
0.106628529727
268.0 229.0 40.0 30.0
obstacle
0.106575064361
0.0 128.0 157.0 205.0
obstacle
0.106511607766
152.0 49.0 42.0 30.0
obstacle
0.106502823532
305.0 101.0 44.0 29.0
obstacle
0.106476217508
37.0 229.0 41.0 30.0
obstacle
0.106474004686
377.0 77.0 123.0 128.0
obstacle
0.106469385326
0.0 105.0 128.0 123.0
obstacle
0.106460511684
191.0 126.0 43.0 30.0
obstacle
0.106391087174
152.0 74.0 43.0 31.0
obstacle
0.106370449066
0.0 280.0 41.0 29.0
obstacle
0.106292322278
384.0 254.0 40.0 30.0
obstacle
0.106262117624
419.0 158.0 81.0 119.0
obstacle
0.106190800667
230.0 305.0 42.0 28.0
obstacle
0.106174170971
37.0 100.0 40.0 30.0
obstacle
0.106129571795
114.0 280.0 43.0 29.0
obstacle
0.106091335416
152.0 230.0 42.0 28.0
obstacle
0.106001250446
421.0 152.0 44.0 29.0
obstacle
0.105992116034
268.0 24.0 39.0 30.0
obstacle
0.105978883803
417.0 102.0 83.0 130.0
obstacle
0.105884939432
37.0 0.0 41.0 29.0
obstacle
0.105853311718
229.0 280.0 43.0 29.0
obstacle
0.105821847916
146.0 132.0 133.0 121.0
obstacle
0.105633877218
191.0 255.0 41.0 28.0
obstacle
0.105612196028
0.0 185.0 124.0 117.0
obstacle
0.105499707162
74.0 60.0 122.0 111.0
obstacle
0.105404116213
39.0 281.0 37.0 28.0
obstacle
0.105380706489
459.0 0.0 41.0 28.0
obstacle
0.105376288295
76.0 48.0 41.0 31.0
obstacle
0.105358846486
421.0 0.0 42.0 28.0
obstacle
0.105323910713
75.0 204.0 42.0 28.0
obstacle
0.105320096016
419.0 7.0 81.0 114.0
obstacle
0.105184823275
0.0 177.0 267.0 132.0
obstacle
0.105127282441
0.0 24.0 41.0 29.0
obstacle
0.105078920722
228.0 75.0 44.0 29.0
obstacle
0.105049706995
306.0 280.0 42.0 29.0
obstacle
0.10500189662
0.0 0.0 41.0 28.0
obstacle
0.104943521321
421.0 203.0 43.0 30.0
obstacle
0.104889281094
460.0 228.0 40.0 31.0
obstacle
0.104759432375
422.0 228.0 41.0 31.0
obstacle
0.104702793062
108.0 163.0 131.0 110.0
obstacle
0.104659669101
112.0 49.0 45.0 30.0
obstacle
0.104558713734
306.0 0.0 41.0 28.0
obstacle
0.104402892292
384.0 23.0 41.0 30.0
obstacle
0.104345627129
227.0 101.0 46.0 29.0
obstacle
0.10428455472
159.0 25.0 335.0 130.0
obstacle
0.104258514941
335.0 208.0 137.0 122.0
obstacle
0.104101359844
0.0 82.0 83.0 117.0
obstacle
0.104080229998
306.0 74.0 43.0 31.0
obstacle
0.10405985266
379.0 134.0 121.0 116.0
obstacle
0.104040168226
229.0 255.0 42.0 29.0
obstacle
0.103989936411
113.0 24.0 41.0 29.0
obstacle
0.103720575571
267.0 280.0 43.0 30.0
obstacle
0.103639036417
113.0 101.0 44.0 29.0
obstacle
0.103615961969
114.0 254.0 41.0 30.0
obstacle
0.103518530726
188.0 100.0 46.0 30.0
obstacle
0.10349214077
0.0 160.0 82.0 115.0
obstacle
0.103465296328
151.0 204.0 44.0 28.0
obstacle
0.10340449959
345.0 0.0 40.0 28.0
obstacle
0.103387758136
75.0 0.0 42.0 28.0
obstacle
0.103375829756
75.0 229.0 42.0 29.0
obstacle
0.103295743465
113.0 204.0 44.0 28.0
obstacle
0.103250190616
76.0 254.0 41.0 30.0
obstacle
0.103202201426
76.0 279.0 40.0 31.0
obstacle
0.103072576225
383.0 0.0 42.0 28.0
obstacle
0.102895319462
460.0 203.0 40.0 30.0
obstacle
0.102728538215
189.0 205.0 43.0 26.0
obstacle
0.102691210806
229.0 0.0 40.0 28.0
obstacle
0.10267560184
152.0 101.0 43.0 29.0
obstacle
0.102621123195
461.0 279.0 39.0 30.0
obstacle
0.102592557669
343.0 229.0 44.0 29.0
obstacle
0.102484568954
114.0 0.0 41.0 28.0
obstacle
0.102403752506
0.0 125.0 225.0 134.0
obstacle
0.10221182555
152.0 0.0 42.0 28.0
obstacle
0.101982809603
83.0 45.0 334.0 142.0
obstacle
0.101921655238
191.0 230.0 42.0 27.0
obstacle
0.101759955287
267.0 0.0 41.0 28.0
obstacle
0.101756088436
0.0 212.0 85.0 114.0
obstacle
0.10169159621
191.0 0.0 41.0 28.0
obstacle
0.101676881313
267.0 204.0 42.0 28.0
obstacle
0.10167644918
152.0 24.0 41.0 29.0
obstacle
0.101419150829
269.0 255.0 38.0 29.0
obstacle
0.10118611902
344.0 254.0 42.0 30.0
obstacle
0.100479349494
114.0 229.0 41.0 29.0
obstacle
0.100353479385
307.0 230.0 40.0 27.0
obstacle
0.0994669869542
305.0 132.0 120.0 120.0
