obstacle
0.12531837821
0.0 191.0 500.0 183.0
obstacle
0.120957791805
149.0 270.0 126.0 104.0
obstacle
0.118607766926
82.0 171.0 257.0 203.0
obstacle
0.118544742465
339.0 91.0 130.0 135.0
obstacle
0.118479140103
0.0 113.0 208.0 149.0
obstacle
0.118434801698
210.0 161.0 231.0 213.0
obstacle
0.116194210947
28.0 0.0 136.0 145.0
obstacle
0.115756109357
339.0 258.0 129.0 116.0
obstacle
0.115552164614
0.0 67.0 124.0 125.0
obstacle
0.115128390491
0.0 0.0 235.0 323.0
obstacle
0.114490061998
77.0 140.0 37.0 36.0
obstacle
0.114437751472
115.0 0.0 385.0 272.0
obstacle
0.114302866161
220.0 62.0 136.0 136.0
obstacle
0.114041529596
189.0 241.0 121.0 122.0
obstacle
0.113760769367
167.0 264.0 333.0 110.0
obstacle
0.113606311381
380.0 120.0 120.0 134.0
obstacle
0.113516189158
67.0 147.0 135.0 139.0
obstacle
0.113481514156
295.0 235.0 140.0 135.0
obstacle
0.113243110478
315.0 28.0 185.0 318.0
obstacle
0.113118574023
192.0 170.0 38.0 35.0
obstacle
0.112910039723
0.0 183.0 166.0 191.0
obstacle
0.112852431834
224.0 232.0 128.0 139.0
obstacle
0.112764529884
338.0 205.0 132.0 136.0
obstacle
0.112731978297
0.0 315.0 40.0 33.0
obstacle
0.112681239843
107.0 206.0 133.0 135.0
obstacle
0.112499728799
0.0 154.0 88.0 124.0
obstacle
0.112453244627
230.0 111.0 42.0 36.0
obstacle
0.112385608256
34.0 298.0 124.0 76.0
obstacle
0.11205855757
0.0 296.0 84.0 78.0
obstacle
0.112027265131
116.0 169.0 37.0 37.0
obstacle
0.11180010438
376.0 0.0 124.0 80.0
obstacle
0.111765041947
110.0 298.0 127.0 76.0
obstacle
0.111676223576
156.0 170.0 35.0 36.0
obstacle
0.111671037972
67.0 70.0 133.0 119.0
obstacle
0.111227989197
112.0 112.0 45.0 34.0
obstacle
0.11113806814
36.0 57.0 43.0 30.0
obstacle
0.11109379679
460.0 342.0 40.0 32.0
obstacle
0.111090928316
260.0 0.0 240.0 116.0
obstacle
0.110887974501
67.0 265.0 136.0 109.0
obstacle
0.110791690648
223.0 181.0 131.0 128.0
obstacle
0.110785864294
297.0 183.0 137.0 123.0
obstacle
0.110765002668
265.0 122.0 125.0 131.0
obstacle
0.11056651175
0.0 343.0 41.0 31.0
obstacle
0.110565967858
147.0 154.0 127.0 125.0
obstacle
0.110494785011
0.0 85.0 39.0 32.0
obstacle
0.110490679741
0.0 27.0 250.0 148.0
obstacle
0.110389970243
0.0 0.0 122.0 82.0
obstacle
0.110368467867
37.0 141.0 40.0 34.0
obstacle
0.110284082592
375.0 233.0 125.0 138.0
obstacle
0.110173813999
261.0 205.0 131.0 137.0
obstacle
0.11010171473
300.0 0.0 132.0 82.0
obstacle
0.110099986196
113.0 56.0 44.0 32.0
obstacle
0.11006359756
0.0 28.0 41.0 32.0
obstacle
0.109475366771
185.0 0.0 131.0 80.0
obstacle
0.109474383295
76.0 199.0 40.0 34.0
obstacle
0.109461970627
0.0 57.0 40.0 30.0
obstacle
0.109340682626
0.0 257.0 40.0 34.0
obstacle
0.109165757895
424.0 343.0 38.0 31.0
obstacle
0.109146080911
270.0 53.0 230.0 153.0
obstacle
0.109084233642
39.0 342.0 39.0 32.0
obstacle
0.10902351141
108.0 0.0 131.0 80.0
obstacle
0.1088174209
420.0 295.0 80.0 79.0
obstacle
0.108787491918
75.0 85.0 43.0 32.0
obstacle
0.108638189733
78.0 342.0 39.0 32.0
obstacle
0.108564607799
0.0 40.0 87.0 122.0
obstacle
0.108436234295
0.0 0.0 304.0 93.0
obstacle
0.108372531831
231.0 171.0 38.0 33.0
obstacle
0.10834774375
307.0 171.0 41.0 32.0
obstacle
0.10832926631
0.0 200.0 40.0 33.0
obstacle
0.108281418681
115.0 314.0 41.0 34.0
obstacle
0.108191907406
459.0 285.0 41.0 34.0
obstacle
0.108135528862
115.0 140.0 39.0 36.0
obstacle
0.108134657145
266.0 286.0 46.0 32.0
obstacle
0.108090743423
151.0 83.0 45.0 35.0
obstacle
0.107911750674
417.0 207.0 83.0 132.0
obstacle
0.10790566355
76.0 0.0 348.0 146.0
obstacle
0.107863359153
0.0 170.0 39.0 34.0
obstacle
0.107768081129
309.0 346.0 38.0 28.0
obstacle
0.107632637024
458.0 199.0 42.0 34.0
obstacle
0.10761153698
153.0 313.0 41.0 36.0
obstacle
0.107572317123
305.0 256.0 44.0 35.0
obstacle
0.107571825385
36.0 280.0 349.0 94.0
obstacle
0.107564426959
225.0 0.0 127.0 109.0
obstacle
0.107544951141
269.0 106.0 231.0 162.0
obstacle
0.1075149104
343.0 257.0 44.0 33.0
obstacle
0.107508324087
116.0 342.0 40.0 32.0
obstacle
0.107487902045
339.0 8.0 130.0 128.0
obstacle
0.107468493283
0.0 115.0 39.0 30.0
obstacle
0.107446797192
76.0 56.0 41.0 33.0
obstacle
0.107419282198
301.0 62.0 130.0 135.0
obstacle
0.107277072966
261.0 167.0 239.0 155.0
obstacle
0.10720025748
460.0 257.0 40.0 34.0
obstacle
0.107134349644
422.0 112.0 42.0 35.0
obstacle
0.107048973441
0.0 286.0 41.0 34.0
obstacle
0.10701648891
0.0 229.0 40.0 33.0
obstacle
0.107009381056
148.0 6.0 127.0 132.0
obstacle
0.106857836246
39.0 199.0 38.0 35.0
obstacle
0.106851711869
307.0 200.0 40.0 32.0
obstacle
0.106743276119
0.0 0.0 155.0 233.0
obstacle
0.106518402696
75.0 113.0 42.0 33.0
obstacle
0.106509722769
190.0 84.0 44.0 33.0
obstacle
0.106432110071
423.0 313.0 40.0 35.0
obstacle
0.106405958533
460.0 314.0 40.0 34.0
obstacle
0.106359019876
190.0 55.0 44.0 33.0
obstacle
0.10634060204
459.0 111.0 41.0 37.0
obstacle
0.106324896216
308.0 294.0 117.0 80.0
obstacle
0.106281250715
38.0 313.0 40.0 36.0
obstacle
0.106242284179
268.0 113.0 42.0 33.0
obstacle
0.106235869229
263.0 37.0 128.0 128.0
obstacle
0.106159113348
423.0 25.0 39.0 37.0
obstacle
0.106156818569
460.0 25.0 40.0 37.0
obstacle
0.106146782637
230.0 200.0 40.0 32.0
obstacle
0.106100864708
458.0 170.0 42.0 34.0
obstacle
0.106023453176
306.0 228.0 41.0 33.0
obstacle
0.106008954346
383.0 83.0 43.0 35.0
obstacle
0.106008566916
422.0 83.0 42.0 36.0
obstacle
0.105910889804
422.0 95.0 78.0 127.0
obstacle
0.105894654989
40.0 142.0 344.0 146.0
obstacle
0.105778336525
344.0 170.0 43.0 34.0
obstacle
0.105638757348
421.0 34.0 79.0 133.0
obstacle
0.105623729527
0.0 126.0 267.0 248.0
obstacle
0.105575598776
460.0 83.0 40.0 36.0
obstacle
0.105522371829
383.0 112.0 42.0 34.0
obstacle
0.105504371226
266.0 256.0 46.0 35.0
obstacle
0.105482041836
460.0 228.0 40.0 33.0
obstacle
0.105447076261
78.0 169.0 36.0 37.0
obstacle
0.105371281505
0.0 0.0 42.0 30.0
obstacle
0.105357319117
192.0 200.0 37.0 32.0
obstacle
0.105319067836
38.0 229.0 38.0 33.0
obstacle
0.105311609805
422.0 199.0 42.0 34.0
obstacle
0.105304114521
151.0 56.0 45.0 32.0
obstacle
0.105285011232
266.0 265.0 123.0 109.0
obstacle
0.105160653591
37.0 112.0 41.0 35.0
obstacle
0.105115562677
267.0 142.0 42.0 34.0
obstacle
0.105102546513
460.0 54.0 40.0 36.0
obstacle
0.105079211295
422.0 54.0 41.0 36.0
obstacle
0.105077713728
386.0 343.0 36.0 31.0
obstacle
0.105059489608
347.0 344.0 37.0 30.0
obstacle
0.105036325753
189.0 98.0 123.0 119.0
obstacle
0.10495916754
36.0 83.0 42.0 36.0
obstacle
0.104916848242
35.0 27.0 44.0 33.0
obstacle
0.104905337095
191.0 314.0 42.0 35.0
obstacle
0.104691959918
47.0 0.0 251.0 229.0
obstacle
0.104508161545
306.0 113.0 43.0 33.0
obstacle
0.104502849281
337.0 149.0 135.0 134.0
obstacle
0.104405492544
116.0 199.0 38.0 34.0
obstacle
0.104387708008
156.0 31.0 342.0 140.0
obstacle
0.104365378618
184.0 36.0 132.0 130.0
obstacle
0.104344017804
421.0 284.0 42.0 35.0
obstacle
0.104342132807
70.0 0.0 130.0 108.0
obstacle
0.104337505996
154.0 342.0 40.0 32.0
obstacle
0.104322291911
192.0 342.0 41.0 32.0
obstacle
0.1043073982
383.0 142.0 43.0 33.0
obstacle
0.104305960238
341.0 284.0 47.0 36.0
obstacle
0.104280538857
346.0 142.0 40.0 34.0
obstacle
0.104273058474
112.0 82.0 45.0 37.0
obstacle
0.104192629457
153.0 256.0 41.0 35.0
obstacle
0.104168951511
267.0 315.0 43.0 34.0
obstacle
0.103894755244
0.0 142.0 40.0 32.0
obstacle
0.103794746101
229.0 141.0 41.0 35.0
obstacle
0.10376726836
460.0 140.0 40.0 36.0
obstacle
0.103757523
415.0 151.0 85.0 130.0
obstacle
0.103743672371
36.0 103.0 120.0 111.0
obstacle
0.103741206229
384.0 314.0 41.0 34.0
obstacle
0.103729583323
114.0 256.0 41.0 35.0
obstacle
0.10366845876
108.0 123.0 130.0 128.0
obstacle
0.103632457554
269.0 170.0 39.0 35.0
obstacle
0.103606306016
150.0 112.0 46.0 35.0
obstacle
0.103580608964
344.0 112.0 44.0 34.0
obstacle
0.103574149311
383.0 228.0 41.0 33.0
obstacle
0.103453084826
191.0 141.0 41.0 35.0
obstacle
0.103438258171
269.0 200.0 39.0 32.0
obstacle
0.103432036936
188.0 111.0 47.0 36.0
obstacle
0.103341691196
152.0 285.0 42.0 35.0
obstacle
0.10333558917
344.0 229.0 42.0 31.0
obstacle
0.103310711682
343.0 314.0 45.0 35.0
obstacle
0.103309705853
422.0 141.0 42.0 35.0
obstacle
0.103232331574
375.0 181.0 125.0 128.0
obstacle
0.103199593723
190.0 285.0 44.0 35.0
obstacle
0.103169888258
0.0 93.0 86.0 130.0
obstacle
0.103158153594
344.0 84.0 44.0 34.0
obstacle
0.10312730819
77.0 256.0 40.0 35.0
obstacle
0.10310151428
346.0 200.0 40.0 32.0
obstacle
0.103004999459
266.0 228.0 44.0 33.0
obstacle
0.102937415242
229.0 84.0 44.0 33.0
obstacle
0.102870635688
232.0 343.0 38.0 31.0
obstacle
0.102868780494
422.0 169.0 41.0 36.0
obstacle
0.102843791246
76.0 313.0 41.0 35.0
obstacle
0.102832466364
144.0 60.0 134.0 139.0
obstacle
0.102772176266
381.0 66.0 119.0 127.0
obstacle
0.102688968182
37.0 257.0 41.0 34.0
obstacle
0.102679170668
153.0 140.0 40.0 36.0
obstacle
0.102676607668
125.0 48.0 250.0 326.0
obstacle
0.102632947266
383.0 199.0 42.0 33.0
obstacle
0.102483600378
37.0 285.0 41.0 34.0
obstacle
0.102479159832
190.0 255.0 43.0 36.0
obstacle
0.102441951632
383.0 256.0 42.0 35.0
obstacle
0.102394759655
421.0 228.0 42.0 33.0
obstacle
0.102381512523
271.0 345.0 36.0 29.0
obstacle
0.102330110967
0.0 38.0 456.0 299.0
obstacle
0.102242745459
383.0 170.0 41.0 33.0
obstacle
0.102233611047
382.0 0.0 44.0 32.0
obstacle
0.102201081812
228.0 254.0 45.0 38.0
obstacle
0.102024510503
267.0 84.0 45.0 33.0
obstacle
0.102019064128
76.0 285.0 41.0 34.0
obstacle
0.101950593293
459.0 0.0 41.0 32.0
obstacle
0.10195055604
153.0 26.0 41.0 34.0
obstacle
0.101946905255
383.0 55.0 43.0 34.0
obstacle
0.101939730346
0.0 206.0 82.0 135.0
obstacle
0.101822994649
345.0 0.0 42.0 31.0
obstacle
0.101809822023
114.0 284.0 41.0 36.0
obstacle
0.101769052446
385.0 25.0 39.0 36.0
obstacle
0.10172726959
306.0 0.0 42.0 31.0
obstacle
0.101695612073
75.0 26.0 43.0 35.0
obstacle
0.101680964231
229.0 228.0 44.0 34.0
obstacle
0.101677618921
308.0 141.0 39.0 36.0
obstacle
0.101677373052
191.0 27.0 42.0 33.0
obstacle
0.101623415947
305.0 315.0 42.0 33.0
obstacle
0.101606160402
153.0 227.0 41.0 36.0
obstacle
0.101587615907
304.0 285.0 45.0 35.0
obstacle
0.101579844952
36.0 0.0 44.0 32.0
obstacle
0.10155531019
266.0 55.0 46.0 34.0
obstacle
0.101544812322
305.0 55.0 45.0 34.0
obstacle
0.101370193064
344.0 55.0 44.0 34.0
obstacle
0.101348429918
0.0 268.0 124.0 106.0
obstacle
0.101293198764
228.0 55.0 45.0 34.0
obstacle
0.101021118462
154.0 200.0 38.0 32.0
obstacle
0.101001054049
383.0 284.0 42.0 35.0
obstacle
0.100961118937
421.0 0.0 44.0 31.0
obstacle
0.100903443992
66.0 51.0 368.0 156.0
obstacle
0.100841775537
421.0 256.0 42.0 34.0
obstacle
0.10082732141
77.0 228.0 39.0 34.0
obstacle
0.100754462183
229.0 286.0 43.0 33.0
obstacle
0.10068449378
191.0 0.0 42.0 31.0
obstacle
0.100574418902
345.0 26.0 42.0 35.0
obstacle
0.100272499025
114.0 26.0 42.0 34.0
obstacle
0.100255601108
230.0 27.0 41.0 33.0
obstacle
0.100179083645
191.0 228.0 41.0 34.0
obstacle
0.100120685995
268.0 26.0 42.0 34.0
obstacle
0.100011207163
305.0 84.0 45.0 34.0
obstacle
0.100003354251
162.0 138.0 331.0 156.0
obstacle
0.0999193489552
115.0 228.0 40.0 35.0
obstacle
0.0998200327158
39.0 169.0 38.0 37.0
obstacle
0.0996673852205
268.0 0.0 42.0 31.0
obstacle
0.099566809833
153.0 0.0 41.0 31.0
obstacle
0.0995077416301
307.0 26.0 41.0 35.0
obstacle
0.0995003432035
230.0 0.0 41.0 31.0
obstacle
0.0994637161493
114.0 0.0 42.0 32.0
obstacle
0.0993993505836
75.0 0.0 43.0 32.0
obstacle
0.0982073545456
230.0 315.0 41.0 33.0
obstacle
0.0957871228456
0.0 81.0 364.0 154.0
