obstacle
0.126879870892
194.0 203.0 35.0 31.0
obstacle
0.126217901707
307.0 77.0 41.0 27.0
obstacle
0.123826861382
272.0 204.0 34.0 31.0
obstacle
0.122501850128
233.0 204.0 33.0 29.0
obstacle
0.121075578034
67.0 235.0 136.0 98.0
obstacle
0.120260760188
114.0 125.0 41.0 31.0
obstacle
0.119497358799
263.0 0.0 237.0 208.0
obstacle
0.119441561401
270.0 178.0 38.0 30.0
obstacle
0.118429973722
155.0 125.0 37.0 33.0
obstacle
0.118204936385
153.0 177.0 40.0 32.0
obstacle
0.117751091719
374.0 241.0 126.0 92.0
obstacle
0.116944536567
71.0 66.0 283.0 267.0
obstacle
0.116495132446
230.0 128.0 39.0 28.0
obstacle
0.116326861084
193.0 151.0 36.0 33.0
obstacle
0.115914292634
192.0 126.0 41.0 31.0
obstacle
0.11575230211
38.0 202.0 40.0 32.0
obstacle
0.115705132484
181.0 235.0 138.0 98.0
obstacle
0.115605980158
191.0 102.0 41.0 28.0
obstacle
0.115529678762
157.0 106.0 261.0 227.0
obstacle
0.115307144821
195.0 228.0 33.0 32.0
obstacle
0.114944688976
13.0 0.0 244.0 319.0
obstacle
0.114942580462
383.0 50.0 40.0 29.0
obstacle
0.114884197712
190.0 4.0 310.0 120.0
obstacle
0.114865727723
422.0 76.0 41.0 28.0
obstacle
0.114850342274
230.0 153.0 38.0 29.0
obstacle
0.114601396024
138.0 11.0 362.0 260.0
obstacle
0.114554278553
379.0 26.0 121.0 128.0
obstacle
0.114524595439
80.0 127.0 341.0 130.0
obstacle
0.114491075277
296.0 236.0 140.0 97.0
obstacle
0.114432856441
0.0 141.0 500.0 192.0
obstacle
0.114326931536
272.0 229.0 33.0 30.0
obstacle
0.11418518424
76.0 75.0 42.0 30.0
obstacle
0.114091157913
187.0 27.0 125.0 125.0
obstacle
0.113978281617
106.0 0.0 136.0 72.0
obstacle
0.113967217505
156.0 152.0 34.0 30.0
obstacle
0.113900311291
153.0 75.0 42.0 30.0
obstacle
0.113654278219
184.0 0.0 134.0 71.0
obstacle
0.113633289933
374.0 111.0 126.0 111.0
obstacle
0.113615654409
0.0 33.0 127.0 114.0
obstacle
0.113238848746
114.0 264.0 118.0 69.0
obstacle
0.112930141389
0.0 0.0 229.0 155.0
obstacle
0.112873613834
234.0 228.0 32.0 32.0
obstacle
0.112775333226
0.0 128.0 240.0 128.0
obstacle
0.112731195986
0.0 263.0 125.0 70.0
obstacle
0.112710878253
340.0 262.0 128.0 71.0
obstacle
0.112705200911
413.0 159.0 87.0 117.0
obstacle
0.11200144887
344.0 53.0 42.0 23.0
obstacle
0.111740425229
0.0 0.0 128.0 70.0
obstacle
0.111729495227
268.0 75.0 43.0 29.0
obstacle
0.111610546708
60.0 48.0 381.0 135.0
obstacle
0.111418150365
190.0 76.0 43.0 29.0
obstacle
0.111294724047
153.0 202.0 40.0 31.0
obstacle
0.111294098198
338.0 82.0 133.0 118.0
obstacle
0.111170358956
114.0 100.0 42.0 32.0
obstacle
0.111011222005
264.0 263.0 125.0 70.0
obstacle
0.110863029957
77.0 152.0 38.0 31.0
obstacle
0.110654853284
307.0 306.0 42.0 27.0
obstacle
0.110546097159
306.0 279.0 42.0 31.0
obstacle
0.110543332994
229.0 101.0 40.0 30.0
obstacle
0.110517010093
76.0 126.0 41.0 31.0
obstacle
0.110390812159
0.0 255.0 42.0 29.0
obstacle
0.1103323102
376.0 0.0 124.0 101.0
obstacle
0.110326781869
0.0 305.0 43.0 28.0
obstacle
0.110324807465
0.0 132.0 122.0 121.0
obstacle
0.110205933452
113.0 75.0 43.0 30.0
obstacle
0.110169239342
37.0 74.0 42.0 31.0
obstacle
0.11012699455
116.0 227.0 39.0 33.0
obstacle
0.110092148185
299.0 105.0 132.0 124.0
obstacle
0.110089845955
0.0 30.0 152.0 272.0
obstacle
0.110088519752
0.0 165.0 156.0 168.0
obstacle
0.110064059496
305.0 178.0 43.0 29.0
obstacle
0.110063962638
151.0 101.0 43.0 29.0
obstacle
0.110042817891
460.0 305.0 40.0 28.0
obstacle
0.109997265041
305.0 51.0 43.0 28.0
obstacle
0.109851777554
269.0 152.0 37.0 30.0
obstacle
0.109803766012
262.0 36.0 129.0 107.0
obstacle
0.109746940434
36.0 101.0 42.0 29.0
obstacle
0.109643451869
75.0 100.0 42.0 30.0
obstacle
0.109596177936
147.0 3.0 129.0 122.0
obstacle
0.109509989619
43.0 91.0 106.0 99.0
obstacle
0.10945507884
344.0 0.0 43.0 28.0
obstacle
0.109395354986
75.0 306.0 43.0 27.0
obstacle
0.109378367662
0.0 75.0 43.0 29.0
obstacle
0.109368264675
384.0 279.0 41.0 31.0
obstacle
0.109352916479
230.0 179.0 40.0 29.0
obstacle
0.109298527241
460.0 279.0 40.0 31.0
obstacle
0.109287492931
104.0 31.0 137.0 117.0
obstacle
0.109260991216
0.0 230.0 41.0 28.0
obstacle
0.10924757272
191.0 306.0 42.0 27.0
obstacle
0.109160259366
459.0 228.0 41.0 31.0
obstacle
0.109078392386
74.0 49.0 45.0 30.0
obstacle
0.109039030969
114.0 305.0 42.0 28.0
obstacle
0.108991101384
192.0 176.0 38.0 34.0
obstacle
0.108982674778
307.0 204.0 39.0 29.0
obstacle
0.108979865909
345.0 279.0 41.0 31.0
obstacle
0.108815796673
154.0 229.0 39.0 30.0
obstacle
0.108801715076
297.0 54.0 136.0 123.0
obstacle
0.108711637557
376.0 187.0 124.0 113.0
obstacle
0.108617246151
39.0 178.0 38.0 30.0
obstacle
0.1085774526
0.0 152.0 40.0 29.0
obstacle
0.108543045819
49.0 0.0 324.0 103.0
obstacle
0.108501337469
0.0 0.0 412.0 222.0
obstacle
0.108482532203
0.0 127.0 42.0 29.0
obstacle
0.108465872705
268.0 280.0 41.0 30.0
obstacle
0.108404442668
345.0 229.0 41.0 30.0
obstacle
0.108359821141
0.0 60.0 82.0 111.0
obstacle
0.108340218663
39.0 280.0 38.0 30.0
obstacle
0.108321070671
333.0 134.0 141.0 117.0
obstacle
0.108290545642
267.0 127.0 42.0 30.0
obstacle
0.1082668975
83.0 253.0 332.0 80.0
obstacle
0.108240827918
230.0 306.0 41.0 27.0
obstacle
0.108222603798
76.0 177.0 40.0 31.0
obstacle
0.107971139252
225.0 250.0 275.0 83.0
obstacle
0.107958987355
223.0 0.0 130.0 94.0
obstacle
0.107867874205
383.0 23.0 40.0 31.0
obstacle
0.10781442374
423.0 23.0 40.0 30.0
obstacle
0.107806563377
229.0 76.0 44.0 28.0
obstacle
0.107774443924
37.0 306.0 42.0 27.0
obstacle
0.1077144593
151.0 49.0 46.0 30.0
obstacle
0.10764246434
113.0 49.0 44.0 30.0
obstacle
0.107634112239
37.0 228.0 41.0 31.0
obstacle
0.107624836266
385.0 306.0 40.0 27.0
obstacle
0.107604250312
305.0 22.0 44.0 33.0
obstacle
0.10758331418
269.0 305.0 41.0 28.0
obstacle
0.107571355999
459.0 151.0 41.0 31.0
obstacle
0.107429333031
0.0 209.0 88.0 120.0
obstacle
0.107414342463
224.0 59.0 127.0 112.0
obstacle
0.107406109571
459.0 253.0 41.0 31.0
obstacle
0.107295677066
458.0 49.0 42.0 30.0
obstacle
0.107287913561
230.0 23.0 41.0 31.0
obstacle
0.107241518795
259.0 187.0 135.0 114.0
obstacle
0.107184037566
76.0 23.0 41.0 30.0
obstacle
0.107172198594
0.0 0.0 42.0 27.0
obstacle
0.107091158628
345.0 179.0 42.0 27.0
obstacle
0.107085235417
37.0 49.0 41.0 30.0
obstacle
0.107019856572
38.0 23.0 40.0 31.0
obstacle
0.106867730618
345.0 152.0 42.0 29.0
obstacle
0.106828518212
31.0 0.0 132.0 96.0
obstacle
0.106823392212
257.0 88.0 140.0 107.0
obstacle
0.106815516949
345.0 77.0 40.0 27.0
obstacle
0.10677754879
268.0 24.0 41.0 29.0
obstacle
0.106762088835
76.0 203.0 40.0 30.0
obstacle
0.106759123504
114.0 23.0 42.0 30.0
obstacle
0.106659218669
38.0 126.0 40.0 31.0
obstacle
0.106657586992
345.0 305.0 42.0 28.0
obstacle
0.106625035405
459.0 202.0 41.0 31.0
obstacle
0.106606326997
0.0 178.0 41.0 29.0
obstacle
0.106595702469
239.0 179.0 261.0 129.0
obstacle
0.106562979519
66.0 9.0 136.0 110.0
obstacle
0.10653411597
269.0 50.0 40.0 29.0
obstacle
0.10652667284
0.0 10.0 84.0 108.0
obstacle
0.106504186988
422.0 304.0 41.0 29.0
obstacle
0.10648471117
345.0 255.0 42.0 28.0
obstacle
0.106460928917
343.0 23.0 43.0 31.0
obstacle
0.106430441141
114.0 177.0 41.0 31.0
obstacle
0.106412164867
81.0 166.0 109.0 104.0
obstacle
0.106400109828
305.0 0.0 42.0 28.0
obstacle
0.106322176754
460.0 177.0 40.0 31.0
obstacle
0.106274776161
218.0 214.0 141.0 111.0
obstacle
0.106173448265
190.0 50.0 44.0 29.0
obstacle
0.106146417558
153.0 306.0 42.0 27.0
obstacle
0.106133334339
0.0 204.0 42.0 28.0
obstacle
0.106116063893
77.0 87.0 114.0 107.0
obstacle
0.105923675001
339.0 0.0 132.0 73.0
obstacle
0.105911277235
421.0 228.0 43.0 30.0
obstacle
0.105736836791
117.0 150.0 36.0 34.0
obstacle
0.105524480343
0.0 100.0 41.0 30.0
obstacle
0.105458721519
422.0 177.0 42.0 30.0
obstacle
0.105437524617
0.0 24.0 42.0 29.0
obstacle
0.105431169271
345.0 203.0 41.0 29.0
obstacle
0.105383127928
37.0 0.0 41.0 28.0
obstacle
0.105348713696
112.0 137.0 124.0 111.0
obstacle
0.105249226093
115.0 201.0 39.0 33.0
obstacle
0.105237670243
146.0 213.0 130.0 113.0
obstacle
0.105203747749
0.0 51.0 43.0 26.0
obstacle
0.105202168226
74.0 0.0 43.0 27.0
obstacle
0.105168379843
0.0 114.0 83.0 105.0
obstacle
0.105051316321
421.0 278.0 42.0 32.0
obstacle
0.105034865439
0.0 255.0 257.0 78.0
obstacle
0.104998670518
422.0 202.0 43.0 31.0
obstacle
0.104925639927
228.0 0.0 44.0 28.0
obstacle
0.104922302067
229.0 49.0 43.0 30.0
obstacle
0.104918390512
421.0 51.0 42.0 28.0
obstacle
0.104784093797
292.0 156.0 147.0 124.0
obstacle
0.104778252542
421.0 151.0 43.0 31.0
obstacle
0.104744590819
413.0 80.0 87.0 121.0
obstacle
0.104722566903
385.0 76.0 38.0 28.0
obstacle
0.104643791914
260.0 138.0 131.0 109.0
obstacle
0.104595422745
153.0 24.0 42.0 28.0
obstacle
0.104435242712
307.0 254.0 41.0 30.0
obstacle
0.104401603341
267.0 83.0 233.0 250.0
obstacle
0.104380123317
0.0 85.0 119.0 111.0
obstacle
0.10437836498
0.0 160.0 81.0 116.0
obstacle
0.10430149734
460.0 75.0 40.0 30.0
obstacle
0.104194529355
230.0 280.0 40.0 30.0
obstacle
0.104175768793
196.0 255.0 32.0 30.0
obstacle
0.104086242616
383.0 255.0 43.0 28.0
obstacle
0.104061633348
346.0 126.0 39.0 30.0
obstacle
0.103967033327
262.0 0.0 131.0 73.0
obstacle
0.103843428195
0.0 177.0 272.0 132.0
obstacle
0.103769540787
458.0 0.0 42.0 28.0
obstacle
0.103614062071
306.0 153.0 41.0 28.0
obstacle
0.103532761335
191.0 24.0 42.0 29.0
obstacle
0.103513799608
383.0 0.0 42.0 27.0
obstacle
0.103466853499
76.0 229.0 40.0 30.0
obstacle
0.103411480784
383.0 229.0 42.0 29.0
obstacle
0.103337563574
270.0 255.0 39.0 29.0
obstacle
0.103246435523
383.0 151.0 42.0 30.0
obstacle
0.103228136897
267.0 0.0 43.0 28.0
obstacle
0.103085160255
383.0 126.0 42.0 30.0
obstacle
0.10306251049
0.0 0.0 252.0 80.0
obstacle
0.102835923433
459.0 126.0 41.0 30.0
obstacle
0.102830424905
113.0 0.0 43.0 27.0
obstacle
0.102556064725
422.0 126.0 41.0 29.0
obstacle
0.102506957948
383.0 204.0 42.0 28.0
obstacle
0.102464526892
420.0 0.0 44.0 27.0
obstacle
0.10242908448
232.0 255.0 37.0 29.0
obstacle
0.102403350174
120.0 188.0 106.0 111.0
obstacle
0.102322123945
383.0 178.0 43.0 28.0
obstacle
0.102296367288
0.0 280.0 44.0 29.0
obstacle
0.102152608335
266.0 102.0 44.0 28.0
obstacle
0.102077819407
206.0 105.0 294.0 123.0
obstacle
0.101985357702
151.0 0.0 44.0 28.0
obstacle
0.101869933307
190.0 0.0 44.0 27.0
obstacle
0.101782828569
38.0 152.0 40.0 31.0
obstacle
0.101622119546
307.0 230.0 39.0 28.0
obstacle
0.10127620399
38.0 254.0 39.0 30.0
obstacle
0.101275242865
307.0 102.0 41.0 27.0
obstacle
0.101253442466
422.0 254.0 43.0 29.0
obstacle
0.101246803999
459.0 101.0 41.0 29.0
obstacle
0.101237826049
115.0 280.0 40.0 30.0
obstacle
0.101162560284
460.0 24.0 40.0 29.0
obstacle
0.101075030863
44.0 199.0 334.0 134.0
obstacle
0.100994721055
75.0 279.0 43.0 31.0
obstacle
0.100635036826
192.0 280.0 40.0 30.0
obstacle
0.100342907012
38.0 163.0 116.0 109.0
obstacle
0.100222200155
215.0 108.0 144.0 119.0
obstacle
0.100102476776
423.0 101.0 40.0 30.0
obstacle
0.0999646484852
185.0 85.0 129.0 113.0
obstacle
0.0998793393373
115.0 254.0 39.0 31.0
obstacle
0.0996445640922
77.0 255.0 39.0 29.0
obstacle
0.0995407477021
153.0 280.0 41.0 29.0
obstacle
0.099510461092
155.0 255.0 37.0 29.0
obstacle
0.0983768776059
385.0 100.0 38.0 31.0
obstacle
0.0981028527021
181.0 189.0 138.0 108.0
obstacle
0.0978360027075
0.0 68.0 314.0 145.0
obstacle
0.0977546423674
300.0 0.0 128.0 101.0
obstacle
0.0976275578141
346.0 101.0 38.0 29.0
obstacle
0.0974608361721
143.0 111.0 136.0 113.0
obstacle
0.096974991262
155.0 166.0 114.0 103.0
obstacle
0.0969112962484
306.0 127.0 41.0 29.0
obstacle
0.0954255089164
146.0 60.0 130.0 110.0
obstacle
0.0943893715739
186.0 138.0 128.0 109.0
obstacle
0.0926636606455
223.0 163.0 129.0 110.0
