obstacle
0.124649964273
0.0 86.0 383.0 247.0
obstacle
0.12291380018
77.0 179.0 38.0 28.0
obstacle
0.11945655942
38.0 279.0 39.0 31.0
obstacle
0.119402766228
39.0 179.0 38.0 27.0
obstacle
0.11729337275
178.0 237.0 145.0 96.0
obstacle
0.116974972188
62.0 239.0 146.0 94.0
obstacle
0.116355493665
335.0 235.0 138.0 98.0
obstacle
0.115979112685
228.0 6.0 272.0 270.0
obstacle
0.115964800119
145.0 0.0 287.0 232.0
obstacle
0.11561575532
0.0 33.0 192.0 300.0
obstacle
0.115492247045
258.0 31.0 138.0 117.0
obstacle
0.115157790482
384.0 0.0 116.0 103.0
obstacle
0.115148030221
382.0 206.0 44.0 25.0
obstacle
0.114904545248
256.0 237.0 143.0 96.0
obstacle
0.114751189947
114.0 164.0 119.0 107.0
obstacle
0.114728964865
0.0 179.0 224.0 129.0
obstacle
0.114320762455
297.0 209.0 136.0 120.0
obstacle
0.113959208131
66.0 0.0 139.0 94.0
obstacle
0.11363170296
139.0 194.0 361.0 139.0
obstacle
0.113488823175
38.0 49.0 40.0 30.0
obstacle
0.113469325006
107.0 32.0 133.0 116.0
obstacle
0.113128252327
459.0 126.0 41.0 30.0
obstacle
0.113098099828
299.0 60.0 132.0 111.0
obstacle
0.113021887839
309.0 0.0 191.0 163.0
obstacle
0.113016866148
0.0 7.0 132.0 115.0
obstacle
0.112870417535
146.0 0.0 133.0 71.0
obstacle
0.112706080079
106.0 80.0 134.0 122.0
obstacle
0.11257135123
0.0 0.0 373.0 213.0
obstacle
0.112515933812
24.0 207.0 144.0 124.0
obstacle
0.112332239747
0.0 306.0 42.0 27.0
obstacle
0.112281888723
229.0 205.0 41.0 26.0
obstacle
0.112238198519
218.0 212.0 140.0 114.0
obstacle
0.112199440598
374.0 208.0 126.0 122.0
obstacle
0.112146548927
413.0 261.0 87.0 72.0
obstacle
0.112142167985
0.0 50.0 42.0 28.0
obstacle
0.111908987164
268.0 305.0 42.0 28.0
obstacle
0.111822426319
48.0 0.0 452.0 138.0
obstacle
0.11177868396
148.0 57.0 128.0 117.0
obstacle
0.111761420965
0.0 0.0 198.0 158.0
obstacle
0.111754417419
223.0 105.0 133.0 123.0
obstacle
0.111496895552
185.0 80.0 131.0 122.0
obstacle
0.111482553184
261.0 125.0 132.0 134.0
obstacle
0.11144848913
304.0 0.0 123.0 71.0
obstacle
0.111445717514
298.0 108.0 136.0 117.0
obstacle
0.111369669437
266.0 23.0 43.0 30.0
obstacle
0.111343927681
375.0 83.0 125.0 117.0
obstacle
0.11125677824
0.0 0.0 88.0 67.0
obstacle
0.111246958375
228.0 23.0 42.0 31.0
obstacle
0.111057333648
148.0 264.0 127.0 69.0
obstacle
0.110987886786
225.0 0.0 129.0 70.0
obstacle
0.11098767072
182.0 31.0 135.0 117.0
obstacle
0.110983364284
0.0 280.0 41.0 29.0
obstacle
0.11079942435
267.0 100.0 44.0 31.0
obstacle
0.11078941077
418.0 130.0 82.0 124.0
obstacle
0.110675424337
422.0 279.0 42.0 31.0
obstacle
0.110478505492
0.0 178.0 41.0 29.0
obstacle
0.110465697944
459.0 49.0 41.0 31.0
obstacle
0.110307611525
38.0 127.0 40.0 28.0
obstacle
0.110281608999
317.0 91.0 183.0 242.0
obstacle
0.110277600586
226.0 264.0 125.0 69.0
obstacle
0.110248677433
32.0 0.0 130.0 68.0
obstacle
0.110227204859
267.0 204.0 42.0 28.0
obstacle
0.110211417079
105.0 213.0 137.0 112.0
obstacle
0.110151194036
307.0 306.0 42.0 27.0
obstacle
0.110144667327
0.0 127.0 41.0 29.0
obstacle
0.110084325075
306.0 100.0 43.0 31.0
obstacle
0.11001265049
232.0 52.0 268.0 127.0
obstacle
0.109989143908
422.0 255.0 41.0 28.0
obstacle
0.109929978848
345.0 0.0 41.0 28.0
obstacle
0.109815724194
39.0 255.0 39.0 28.0
obstacle
0.109794571996
27.0 33.0 138.0 113.0
obstacle
0.109776213765
306.0 24.0 40.0 29.0
obstacle
0.109710350633
0.0 32.0 82.0 115.0
obstacle
0.109599620104
459.0 152.0 41.0 29.0
obstacle
0.109573893249
143.0 107.0 138.0 120.0
obstacle
0.109535962343
74.0 153.0 44.0 29.0
obstacle
0.109493508935
76.0 50.0 41.0 28.0
obstacle
0.109447732568
460.0 279.0 40.0 31.0
obstacle
0.109437026083
298.0 4.0 136.0 120.0
obstacle
0.109370529652
262.0 0.0 132.0 93.0
obstacle
0.109340183437
38.0 74.0 39.0 31.0
obstacle
0.109189622104
417.0 0.0 83.0 71.0
obstacle
0.109131544828
0.0 123.0 291.0 137.0
obstacle
0.109058059752
189.0 153.0 45.0 28.0
obstacle
0.108973301947
182.0 0.0 138.0 93.0
obstacle
0.108883693814
192.0 305.0 41.0 28.0
obstacle
0.108820907772
306.0 177.0 44.0 30.0
obstacle
0.108817316592
153.0 306.0 42.0 27.0
obstacle
0.108800202608
459.0 22.0 41.0 33.0
obstacle
0.108761824667
227.0 153.0 46.0 28.0
obstacle
0.108744308352
225.0 57.0 127.0 117.0
obstacle
0.108737848699
0.0 235.0 127.0 98.0
obstacle
0.10867151618
38.0 306.0 40.0 27.0
obstacle
0.108502879739
346.0 305.0 41.0 28.0
obstacle
0.108502224088
153.0 100.0 41.0 30.0
obstacle
0.108296431601
35.0 153.0 45.0 28.0
obstacle
0.108212970197
75.0 306.0 42.0 27.0
obstacle
0.108206234872
234.0 150.0 266.0 135.0
obstacle
0.108190968633
460.0 305.0 40.0 28.0
obstacle
0.108044117689
0.0 80.0 124.0 122.0
obstacle
0.108025863767
460.0 100.0 40.0 30.0
obstacle
0.108013957739
306.0 280.0 42.0 30.0
obstacle
0.107985585928
36.0 24.0 44.0 29.0
obstacle
0.107961691916
383.0 279.0 44.0 31.0
obstacle
0.107916943729
114.0 306.0 43.0 27.0
obstacle
0.107916608453
0.0 24.0 42.0 29.0
obstacle
0.107862122357
261.0 82.0 132.0 118.0
obstacle
0.107787512243
190.0 178.0 45.0 30.0
obstacle
0.107782542706
422.0 306.0 42.0 27.0
obstacle
0.10774704814
385.0 305.0 40.0 28.0
obstacle
0.107744947076
76.0 279.0 41.0 30.0
obstacle
0.107686109841
381.0 0.0 44.0 29.0
obstacle
0.107626438141
228.0 254.0 272.0 79.0
obstacle
0.107562035322
73.0 58.0 124.0 115.0
obstacle
0.107530117035
112.0 205.0 45.0 27.0
obstacle
0.10747256875
422.0 127.0 40.0 29.0
obstacle
0.107437409461
229.0 75.0 41.0 29.0
obstacle
0.107431128621
105.0 65.0 395.0 253.0
obstacle
0.107414573431
76.0 100.0 41.0 30.0
obstacle
0.107295997441
345.0 75.0 41.0 30.0
obstacle
0.107267305255
0.0 153.0 43.0 28.0
obstacle
0.107190512121
307.0 156.0 116.0 121.0
obstacle
0.107135653496
40.0 230.0 36.0 28.0
obstacle
0.107083648443
230.0 305.0 41.0 28.0
obstacle
0.107051536441
422.0 100.0 41.0 31.0
obstacle
0.107043594122
189.0 205.0 44.0 26.0
obstacle
0.106994234025
191.0 280.0 43.0 29.0
obstacle
0.106985501945
415.0 56.0 85.0 119.0
obstacle
0.106896422803
229.0 100.0 43.0 30.0
obstacle
0.106832176447
268.0 279.0 42.0 31.0
obstacle
0.106797762215
74.0 0.0 44.0 27.0
obstacle
0.106785364449
8.0 0.0 330.0 81.0
obstacle
0.106774494052
345.0 101.0 42.0 29.0
obstacle
0.106772340834
423.0 22.0 38.0 33.0
obstacle
0.106575109065
266.0 153.0 46.0 28.0
obstacle
0.106537483633
267.0 177.0 44.0 30.0
obstacle
0.106534287333
412.0 182.0 88.0 123.0
obstacle
0.106484368443
384.0 75.0 40.0 29.0
obstacle
0.10648418963
113.0 23.0 42.0 30.0
obstacle
0.106480024755
191.0 255.0 42.0 29.0
obstacle
0.106419757009
0.0 75.0 41.0 29.0
obstacle
0.106398530304
374.0 161.0 126.0 114.0
obstacle
0.106384322047
75.0 75.0 42.0 29.0
obstacle
0.106358908117
114.0 279.0 42.0 31.0
obstacle
0.10634534061
335.0 133.0 136.0 119.0
obstacle
0.106314264238
67.0 139.0 134.0 108.0
obstacle
0.106230691075
420.0 203.0 44.0 30.0
obstacle
0.106177896261
342.0 152.0 48.0 30.0
obstacle
0.10616325587
341.0 178.0 48.0 29.0
obstacle
0.106108039618
421.0 153.0 43.0 29.0
obstacle
0.106075577438
76.0 255.0 40.0 28.0
obstacle
0.105989761651
459.0 177.0 41.0 30.0
obstacle
0.105969794095
338.0 178.0 132.0 130.0
obstacle
0.10590467602
421.0 49.0 41.0 30.0
obstacle
0.10583896935
347.0 23.0 36.0 30.0
obstacle
0.105823904276
306.0 127.0 42.0 28.0
obstacle
0.105813406408
229.0 50.0 42.0 28.0
obstacle
0.105808772147
74.0 24.0 44.0 29.0
obstacle
0.105693876743
152.0 280.0 43.0 29.0
obstacle
0.105654537678
0.0 72.0 246.0 138.0
obstacle
0.105649769306
152.0 23.0 41.0 31.0
obstacle
0.105589337647
384.0 100.0 41.0 30.0
obstacle
0.105588167906
344.0 204.0 42.0 27.0
obstacle
0.105572611094
0.0 192.0 84.0 103.0
obstacle
0.10555832088
126.0 0.0 325.0 80.0
obstacle
0.105519741774
153.0 230.0 41.0 28.0
obstacle
0.105444088578
190.0 23.0 42.0 31.0
obstacle
0.10543628782
306.0 0.0 42.0 28.0
obstacle
0.105421625078
376.0 31.0 124.0 117.0
obstacle
0.105391249061
459.0 254.0 41.0 29.0
obstacle
0.105376951396
113.0 0.0 43.0 27.0
obstacle
0.105349428952
382.0 128.0 43.0 27.0
obstacle
0.105313956738
0.0 255.0 349.0 78.0
obstacle
0.105293691158
115.0 127.0 40.0 28.0
obstacle
0.105281822383
267.0 49.0 43.0 29.0
obstacle
0.105239257216
385.0 49.0 38.0 29.0
obstacle
0.105232775211
114.0 100.0 42.0 30.0
obstacle
0.105206876993
40.0 204.0 34.0 30.0
obstacle
0.105122223496
305.0 153.0 46.0 28.0
obstacle
0.105074815452
458.0 203.0 42.0 29.0
obstacle
0.105055637658
155.0 160.0 114.0 113.0
obstacle
0.104985922575
77.0 204.0 38.0 29.0
obstacle
0.104961693287
0.0 204.0 40.0 29.0
obstacle
0.104955136776
190.0 50.0 43.0 28.0
obstacle
0.104878738523
153.0 74.0 41.0 31.0
obstacle
0.104875400662
384.0 22.0 38.0 31.0
obstacle
0.104870051146
421.0 74.0 43.0 31.0
obstacle
0.104848288
0.0 229.0 41.0 29.0
obstacle
0.104693129659
190.0 0.0 43.0 28.0
obstacle
0.104682162404
191.0 100.0 42.0 30.0
obstacle
0.104666829109
191.0 127.0 41.0 28.0
obstacle
0.10462474823
346.0 50.0 38.0 29.0
obstacle
0.104591943324
114.0 75.0 42.0 30.0
obstacle
0.104517772794
460.0 74.0 40.0 31.0
obstacle
0.104516796768
114.0 50.0 41.0 28.0
obstacle
0.104467056692
0.0 101.0 42.0 29.0
obstacle
0.104452140629
152.0 152.0 43.0 29.0
obstacle
0.104451023042
383.0 255.0 42.0 28.0
obstacle
0.104354679585
153.0 127.0 41.0 28.0
obstacle
0.104280665517
0.0 255.0 42.0 29.0
obstacle
0.104237705469
344.0 280.0 43.0 30.0
obstacle
0.104211397469
229.0 280.0 43.0 29.0
obstacle
0.104193612933
305.0 205.0 43.0 26.0
obstacle
0.104158997536
419.0 229.0 46.0 30.0
obstacle
0.104092799127
268.0 127.0 41.0 29.0
obstacle
0.104090288281
459.0 229.0 41.0 29.0
obstacle
0.104057461023
307.0 255.0 41.0 29.0
obstacle
0.103995762765
77.0 49.0 345.0 132.0
obstacle
0.103971898556
37.0 100.0 42.0 30.0
obstacle
0.103856697679
111.0 178.0 46.0 29.0
obstacle
0.103840425611
0.0 0.0 41.0 27.0
obstacle
0.103724874556
420.0 178.0 45.0 28.0
obstacle
0.103709250689
187.0 186.0 127.0 114.0
obstacle
0.103600814939
76.0 229.0 41.0 29.0
obstacle
0.103597544134
345.0 127.0 41.0 28.0
obstacle
0.103536851704
152.0 50.0 42.0 28.0
obstacle
0.103466980159
151.0 177.0 44.0 31.0
obstacle
0.103461802006
22.0 158.0 146.0 121.0
obstacle
0.103458069265
229.0 177.0 44.0 30.0
obstacle
0.103346794844
68.0 189.0 287.0 144.0
obstacle
0.103330239654
229.0 127.0 41.0 29.0
obstacle
0.103329189122
459.0 0.0 41.0 28.0
obstacle
0.103300578892
75.0 149.0 351.0 137.0
obstacle
0.103218428791
267.0 0.0 43.0 27.0
obstacle
0.103099666536
190.0 75.0 42.0 30.0
obstacle
0.103087231517
113.0 152.0 45.0 29.0
obstacle
0.103070236742
263.0 183.0 130.0 120.0
obstacle
0.102992117405
0.0 263.0 84.0 70.0
obstacle
0.102936796844
183.0 130.0 133.0 124.0
obstacle
0.102762073278
151.0 0.0 43.0 27.0
obstacle
0.102661080658
420.0 0.0 43.0 29.0
obstacle
0.102531902492
36.0 0.0 43.0 28.0
obstacle
0.102460704744
345.0 255.0 42.0 28.0
obstacle
0.10239379853
382.0 177.0 44.0 30.0
obstacle
0.102188535035
307.0 75.0 41.0 29.0
obstacle
0.102074176073
306.0 50.0 42.0 28.0
obstacle
0.102017506957
228.0 0.0 43.0 27.0
obstacle
0.10200625658
76.0 127.0 41.0 29.0
obstacle
0.101978935301
191.0 229.0 41.0 30.0
obstacle
0.101707421243
269.0 255.0 40.0 28.0
obstacle
0.101588889956
268.0 75.0 41.0 29.0
obstacle
0.10150641948
381.0 153.0 47.0 28.0
obstacle
0.101455941796
152.0 255.0 44.0 29.0
obstacle
0.101136192679
0.0 138.0 79.0 107.0
obstacle
0.101124085486
381.0 230.0 45.0 28.0
obstacle
0.100895620883
164.0 96.0 324.0 140.0
obstacle
0.100817233324
115.0 255.0 40.0 29.0
obstacle
0.100591734052
226.0 162.0 125.0 112.0
obstacle
0.100390799344
114.0 229.0 41.0 29.0
obstacle
0.100163161755
267.0 229.0 43.0 30.0
obstacle
0.0996020883322
45.0 97.0 332.0 138.0
obstacle
0.0994751751423
150.0 202.0 45.0 30.0
obstacle
0.0994677841663
230.0 255.0 41.0 29.0
obstacle
0.099375769496
28.0 108.0 135.0 119.0
obstacle
0.0987515226007
306.0 229.0 42.0 30.0
obstacle
0.0985919907689
228.0 229.0 44.0 30.0
obstacle
0.097975037992
344.0 229.0 43.0 29.0
