obstacle
0.134287685156
10.0 59.0 252.0 274.0
obstacle
0.12892472744
20.0 127.0 383.0 131.0
obstacle
0.124711178243
118.0 201.0 36.0 34.0
obstacle
0.120982974768
77.0 201.0 39.0 33.0
obstacle
0.118630923331
118.0 0.0 382.0 236.0
obstacle
0.118569768965
70.0 240.0 130.0 93.0
obstacle
0.117793500423
117.0 68.0 265.0 265.0
obstacle
0.116936407983
0.0 186.0 126.0 115.0
obstacle
0.116899691522
155.0 204.0 37.0 30.0
obstacle
0.116577483714
0.0 126.0 42.0 30.0
obstacle
0.115965276957
148.0 237.0 127.0 96.0
obstacle
0.115926899016
0.0 114.0 120.0 105.0
obstacle
0.115743093193
29.0 0.0 136.0 70.0
obstacle
0.115674458444
345.0 100.0 40.0 31.0
obstacle
0.115404866636
260.0 0.0 136.0 71.0
obstacle
0.114944703877
424.0 101.0 37.0 29.0
obstacle
0.114804364741
147.0 148.0 353.0 185.0
obstacle
0.11472825706
106.0 0.0 137.0 72.0
obstacle
0.114718705416
337.0 55.0 134.0 121.0
obstacle
0.114500939846
192.0 280.0 40.0 30.0
obstacle
0.114235542715
422.0 279.0 42.0 31.0
obstacle
0.114177748561
376.0 159.0 124.0 117.0
obstacle
0.11417080462
0.0 15.0 388.0 251.0
obstacle
0.114144839346
345.0 152.0 42.0 29.0
obstacle
0.114114277065
260.0 239.0 134.0 94.0
obstacle
0.113923057914
382.0 100.0 43.0 30.0
obstacle
0.113867551088
281.0 70.0 219.0 142.0
obstacle
0.113836333156
379.0 109.0 121.0 116.0
obstacle
0.113575868309
338.0 10.0 132.0 108.0
obstacle
0.113529227674
268.0 229.0 41.0 29.0
obstacle
0.113343842328
113.0 152.0 42.0 30.0
obstacle
0.113266691566
150.0 153.0 43.0 28.0
obstacle
0.113199859858
39.0 175.0 37.0 35.0
obstacle
0.113123945892
460.0 101.0 40.0 29.0
obstacle
0.113112062216
268.0 152.0 42.0 29.0
obstacle
0.113040938973
0.0 0.0 241.0 169.0
obstacle
0.112832948565
186.0 262.0 127.0 71.0
obstacle
0.112605705857
338.0 264.0 132.0 69.0
obstacle
0.112555973232
260.0 132.0 133.0 121.0
obstacle
0.112527422607
307.0 75.0 42.0 30.0
obstacle
0.112471029162
0.0 113.0 153.0 220.0
obstacle
0.112395934761
344.0 127.0 42.0 27.0
obstacle
0.112334765494
27.0 84.0 135.0 114.0
obstacle
0.112303383648
153.0 306.0 42.0 27.0
obstacle
0.11222756654
140.0 103.0 141.0 128.0
obstacle
0.112112551928
377.0 0.0 123.0 71.0
obstacle
0.111996173859
156.0 230.0 34.0 29.0
obstacle
0.111949428916
222.0 0.0 134.0 97.0
obstacle
0.111937709153
118.0 228.0 34.0 32.0
obstacle
0.111804291606
36.0 151.0 43.0 31.0
obstacle
0.111719109118
374.0 239.0 126.0 94.0
obstacle
0.11160556227
115.0 306.0 41.0 27.0
obstacle
0.11152292788
296.0 158.0 138.0 120.0
obstacle
0.111415937543
384.0 305.0 42.0 28.0
obstacle
0.111402049661
38.0 306.0 41.0 27.0
obstacle
0.111348748207
306.0 100.0 42.0 30.0
obstacle
0.111309535801
182.0 0.0 138.0 70.0
obstacle
0.111186161637
230.0 280.0 41.0 30.0
obstacle
0.111178979278
0.0 9.0 125.0 111.0
obstacle
0.110984094441
307.0 152.0 40.0 29.0
obstacle
0.110933490098
69.0 10.0 132.0 109.0
obstacle
0.110879100859
0.0 240.0 130.0 93.0
obstacle
0.110875949264
151.0 126.0 44.0 29.0
obstacle
0.110765524209
74.0 177.0 44.0 31.0
obstacle
0.110670022666
143.0 0.0 137.0 98.0
obstacle
0.110628530383
110.0 261.0 126.0 72.0
obstacle
0.110612563789
113.0 127.0 45.0 29.0
obstacle
0.110560566187
114.0 74.0 42.0 31.0
obstacle
0.110554307699
191.0 179.0 38.0 28.0
obstacle
0.110530845821
306.0 79.0 119.0 123.0
obstacle
0.110525257885
229.0 178.0 40.0 31.0
obstacle
0.110499337316
38.0 201.0 40.0 34.0
obstacle
0.110414341092
268.0 280.0 42.0 29.0
obstacle
0.11036221683
74.0 126.0 44.0 30.0
obstacle
0.110292755067
75.0 152.0 43.0 30.0
obstacle
0.110277146101
459.0 228.0 41.0 31.0
obstacle
0.110265947878
0.0 256.0 42.0 28.0
obstacle
0.110180385411
335.0 186.0 137.0 114.0
obstacle
0.11016767472
306.0 127.0 42.0 27.0
obstacle
0.110045306385
268.0 74.0 42.0 31.0
obstacle
0.110036425292
384.0 279.0 41.0 31.0
obstacle
0.10998981446
191.0 306.0 43.0 27.0
obstacle
0.109969966114
268.0 306.0 42.0 27.0
obstacle
0.109838083386
423.0 306.0 40.0 27.0
obstacle
0.10980489105
0.0 101.0 41.0 28.0
obstacle
0.109795510769
384.0 48.0 40.0 32.0
obstacle
0.109754957259
32.0 32.0 128.0 115.0
obstacle
0.109722979367
377.0 31.0 123.0 118.0
obstacle
0.109635986388
222.0 30.0 133.0 120.0
obstacle
0.109588347375
346.0 306.0 41.0 27.0
obstacle
0.109581902623
183.0 78.0 135.0 127.0
obstacle
0.109447211027
144.0 58.0 135.0 115.0
obstacle
0.109391130507
384.0 229.0 41.0 29.0
obstacle
0.109181806445
222.0 105.0 135.0 124.0
obstacle
0.109165735543
341.0 0.0 159.0 235.0
obstacle
0.109115295112
384.0 22.0 39.0 32.0
obstacle
0.109102167189
45.0 230.0 331.0 103.0
obstacle
0.109067887068
0.0 152.0 42.0 29.0
obstacle
0.108918629587
345.0 75.0 41.0 30.0
obstacle
0.108838319778
423.0 74.0 40.0 32.0
obstacle
0.108837224543
344.0 255.0 43.0 29.0
obstacle
0.108742110431
460.0 279.0 40.0 30.0
obstacle
0.10869140923
194.0 205.0 35.0 29.0
obstacle
0.108654022217
383.0 74.0 42.0 31.0
obstacle
0.108651161194
184.0 0.0 316.0 99.0
obstacle
0.108613520861
459.0 152.0 41.0 29.0
obstacle
0.108573995531
0.0 177.0 40.0 31.0
obstacle
0.108573317528
0.0 59.0 128.0 113.0
obstacle
0.108505450189
304.0 31.0 122.0 118.0
obstacle
0.108360387385
79.0 229.0 37.0 30.0
obstacle
0.108355931938
268.0 101.0 41.0 29.0
obstacle
0.108346842229
302.0 212.0 128.0 114.0
obstacle
0.108343973756
191.0 75.0 43.0 29.0
obstacle
0.108313418925
459.0 127.0 41.0 28.0
obstacle
0.108302287757
299.0 0.0 133.0 92.0
obstacle
0.108288437128
459.0 305.0 41.0 28.0
obstacle
0.108278483152
106.0 33.0 133.0 113.0
obstacle
0.108143828809
33.0 266.0 127.0 67.0
obstacle
0.108115665615
344.0 229.0 44.0 29.0
obstacle
0.108046963811
268.0 127.0 42.0 28.0
obstacle
0.107913665473
76.0 306.0 41.0 27.0
obstacle
0.107898972929
31.0 210.0 131.0 118.0
obstacle
0.107830941677
460.0 48.0 40.0 33.0
obstacle
0.107697911561
345.0 49.0 41.0 30.0
obstacle
0.107668414712
40.0 228.0 36.0 32.0
obstacle
0.107567451894
37.0 126.0 42.0 30.0
obstacle
0.10752698034
112.0 176.0 44.0 32.0
obstacle
0.107457056642
0.0 0.0 85.0 67.0
obstacle
0.107426352799
307.0 306.0 42.0 27.0
obstacle
0.107387922704
111.0 256.0 354.0 77.0
obstacle
0.107349537313
222.0 185.0 132.0 117.0
obstacle
0.107318215072
154.0 280.0 39.0 30.0
obstacle
0.10731536895
38.0 23.0 39.0 30.0
obstacle
0.107298500836
422.0 178.0 42.0 28.0
obstacle
0.107297323644
260.0 56.0 134.0 118.0
obstacle
0.107294909656
0.0 162.0 83.0 112.0
obstacle
0.107235200703
345.0 280.0 42.0 29.0
obstacle
0.107206813991
230.0 306.0 42.0 27.0
obstacle
0.107159532607
460.0 254.0 40.0 30.0
obstacle
0.107111915946
417.0 57.0 83.0 117.0
obstacle
0.107025749981
345.0 203.0 42.0 29.0
obstacle
0.106983035803
39.0 281.0 39.0 28.0
obstacle
0.106975875795
416.0 184.0 84.0 119.0
obstacle
0.106946796179
229.0 255.0 42.0 29.0
obstacle
0.106812737882
422.0 127.0 42.0 29.0
obstacle
0.106779396534
306.0 255.0 43.0 28.0
obstacle
0.106753721833
0.0 0.0 461.0 141.0
obstacle
0.106679908931
0.0 306.0 42.0 27.0
obstacle
0.106672182679
423.0 229.0 40.0 29.0
obstacle
0.106668412685
40.0 0.0 343.0 79.0
obstacle
0.106626607478
230.0 74.0 41.0 31.0
obstacle
0.106578171253
229.0 100.0 41.0 30.0
obstacle
0.106568932533
267.0 49.0 43.0 30.0
obstacle
0.106534093618
194.0 230.0 34.0 29.0
obstacle
0.106512799859
0.0 34.0 84.0 111.0
obstacle
0.106500715017
413.0 134.0 87.0 117.0
obstacle
0.106416247785
0.0 203.0 40.0 30.0
obstacle
0.10640989244
0.0 281.0 42.0 27.0
obstacle
0.106389686465
458.0 178.0 42.0 28.0
obstacle
0.106380343437
345.0 177.0 42.0 30.0
obstacle
0.106312736869
228.0 48.0 44.0 31.0
obstacle
0.106310904026
79.0 49.0 342.0 132.0
obstacle
0.106251485646
114.0 23.0 41.0 31.0
obstacle
0.106223709881
384.0 254.0 41.0 30.0
obstacle
0.106151871383
38.0 48.0 40.0 32.0
obstacle
0.106118656695
382.0 127.0 42.0 27.0
obstacle
0.106031805277
267.0 255.0 43.0 28.0
obstacle
0.105979911983
40.0 254.0 38.0 31.0
obstacle
0.105966411531
458.0 75.0 42.0 30.0
obstacle
0.105937592685
0.0 0.0 178.0 300.0
obstacle
0.105902090669
113.0 49.0 43.0 30.0
obstacle
0.105788007379
459.0 22.0 41.0 32.0
obstacle
0.105764828622
74.0 74.0 44.0 31.0
obstacle
0.105739630759
346.0 22.0 39.0 32.0
obstacle
0.105646669865
306.0 280.0 42.0 29.0
obstacle
0.105637460947
151.0 179.0 43.0 28.0
obstacle
0.105633996427
383.0 177.0 42.0 30.0
obstacle
0.10562068969
76.0 23.0 40.0 31.0
obstacle
0.105616979301
191.0 22.0 40.0 32.0
obstacle
0.105550743639
114.0 101.0 42.0 29.0
obstacle
0.105453878641
303.0 82.0 197.0 251.0
obstacle
0.105430088937
156.0 256.0 35.0 28.0
obstacle
0.105420671403
205.0 128.0 295.0 128.0
obstacle
0.105399757624
0.0 83.0 84.0 116.0
obstacle
0.105385392904
75.0 49.0 43.0 29.0
obstacle
0.105156086385
336.0 130.0 136.0 124.0
obstacle
0.105126336217
459.0 203.0 41.0 30.0
obstacle
0.105116896331
422.0 22.0 40.0 32.0
obstacle
0.105056002736
194.0 256.0 36.0 28.0
obstacle
0.105023957789
153.0 23.0 40.0 31.0
obstacle
0.105012215674
384.0 203.0 41.0 29.0
obstacle
0.104983985424
118.0 255.0 35.0 29.0
obstacle
0.104946359992
79.0 255.0 37.0 29.0
obstacle
0.10480696708
189.0 100.0 43.0 30.0
obstacle
0.104784071445
306.0 49.0 43.0 30.0
obstacle
0.104687601328
153.0 100.0 40.0 30.0
obstacle
0.104657121003
36.0 0.0 44.0 28.0
obstacle
0.104621127248
306.0 203.0 42.0 29.0
obstacle
0.104613944888
421.0 152.0 43.0 30.0
obstacle
0.104603223503
0.0 68.0 316.0 146.0
obstacle
0.104577332735
0.0 262.0 82.0 71.0
obstacle
0.104562573135
152.0 75.0 44.0 30.0
obstacle
0.104522705078
422.0 49.0 41.0 31.0
obstacle
0.104488357902
0.0 49.0 41.0 30.0
obstacle
0.104423187673
229.0 127.0 43.0 27.0
obstacle
0.104411572218
71.0 57.0 128.0 116.0
obstacle
0.10439953953
0.0 204.0 260.0 129.0
obstacle
0.104255162179
231.0 151.0 40.0 31.0
obstacle
0.104252420366
307.0 229.0 41.0 28.0
obstacle
0.103991992772
308.0 177.0 39.0 30.0
obstacle
0.10390368104
114.0 280.0 42.0 29.0
obstacle
0.103890366852
191.0 152.0 40.0 29.0
obstacle
0.10383182019
0.0 75.0 42.0 30.0
obstacle
0.103780865669
38.0 100.0 41.0 31.0
obstacle
0.103748746216
0.0 230.0 41.0 28.0
obstacle
0.103716515005
423.0 255.0 41.0 28.0
obstacle
0.10364626348
0.0 24.0 39.0 29.0
obstacle
0.103603370488
307.0 23.0 40.0 31.0
obstacle
0.103569000959
230.0 23.0 40.0 30.0
obstacle
0.103553004563
383.0 152.0 42.0 29.0
obstacle
0.103511631489
417.0 9.0 83.0 111.0
obstacle
0.103500552475
236.0 229.0 264.0 104.0
obstacle
0.103494636714
190.0 48.0 43.0 32.0
obstacle
0.10301104933
267.0 178.0 43.0 28.0
obstacle
0.102972947061
0.0 93.0 209.0 147.0
obstacle
0.102708928287
420.0 0.0 44.0 28.0
obstacle
0.102692462504
226.0 28.0 274.0 125.0
obstacle
0.102662116289
144.0 190.0 133.0 107.0
obstacle
0.102570302784
422.0 204.0 41.0 28.0
obstacle
0.102549105883
76.0 280.0 41.0 30.0
obstacle
0.102425120771
45.0 168.0 101.0 99.0
obstacle
0.102392800152
103.0 80.0 138.0 122.0
obstacle
0.102373294532
75.0 0.0 42.0 27.0
obstacle
0.102271161973
152.0 49.0 43.0 30.0
obstacle
0.102218814194
230.0 203.0 38.0 32.0
obstacle
0.102201804519
230.0 229.0 38.0 31.0
obstacle
0.102092303336
77.0 189.0 115.0 109.0
obstacle
0.102035403252
0.0 0.0 42.0 27.0
obstacle
0.101779639721
459.0 0.0 41.0 28.0
obstacle
0.101717874408
38.0 74.0 40.0 32.0
obstacle
0.101591616869
114.0 0.0 42.0 27.0
obstacle
0.101334884763
127.0 98.0 323.0 136.0
obstacle
0.101299837232
306.0 0.0 42.0 27.0
obstacle
0.101176552474
191.0 127.0 42.0 28.0
obstacle
0.101143620908
175.0 165.0 147.0 107.0
obstacle
0.100823037326
381.0 0.0 45.0 28.0
obstacle
0.100472815335
75.0 100.0 43.0 30.0
obstacle
0.100438669324
152.0 0.0 42.0 28.0
obstacle
0.1003973037
267.0 0.0 43.0 28.0
obstacle
0.100377134979
190.0 0.0 42.0 28.0
obstacle
0.100192457438
76.0 142.0 117.0 100.0
obstacle
0.100077159703
228.0 0.0 43.0 28.0
obstacle
0.0999805480242
345.0 0.0 42.0 28.0
obstacle
0.0987174361944
266.0 204.0 43.0 28.0
obstacle
0.0986473113298
111.0 170.0 125.0 96.0
obstacle
0.097582295537
269.0 23.0 39.0 31.0
obstacle
0.0960425436497
63.0 178.0 374.0 130.0
