obstacle
0.122855871916
80.0 0.0 265.0 333.0
obstacle
0.122242517769
308.0 179.0 37.0 28.0
obstacle
0.120084539056
142.0 237.0 141.0 96.0
obstacle
0.118031024933
7.0 25.0 493.0 284.0
obstacle
0.117933370173
0.0 75.0 40.0 29.0
obstacle
0.117538258433
335.0 234.0 139.0 99.0
obstacle
0.117429815233
179.0 161.0 143.0 114.0
obstacle
0.117029286921
67.0 236.0 136.0 97.0
obstacle
0.116944894195
261.0 236.0 134.0 97.0
obstacle
0.11587999016
140.0 136.0 144.0 112.0
obstacle
0.115536235273
103.0 83.0 141.0 117.0
obstacle
0.115130618215
268.0 179.0 41.0 28.0
obstacle
0.11512542516
153.0 142.0 347.0 191.0
obstacle
0.114906311035
222.0 77.0 131.0 127.0
obstacle
0.114845052361
0.0 103.0 42.0 26.0
obstacle
0.114376097918
0.0 107.0 127.0 120.0
obstacle
0.114304751158
333.0 103.0 140.0 128.0
obstacle
0.114138551056
376.0 160.0 124.0 116.0
obstacle
0.114009380341
384.0 305.0 40.0 28.0
obstacle
0.113980390131
0.0 306.0 42.0 27.0
obstacle
0.113779202104
218.0 186.0 141.0 115.0
obstacle
0.11348079145
460.0 101.0 40.0 29.0
obstacle
0.113416738808
0.0 33.0 128.0 114.0
obstacle
0.113179594278
373.0 52.0 127.0 126.0
obstacle
0.113147772849
0.0 25.0 41.0 28.0
obstacle
0.112984746695
0.0 0.0 187.0 175.0
obstacle
0.112808696926
38.0 254.0 347.0 79.0
obstacle
0.112803578377
418.0 259.0 82.0 74.0
obstacle
0.112766735256
0.0 56.0 88.0 118.0
obstacle
0.112749665976
0.0 204.0 43.0 28.0
obstacle
0.112748086452
191.0 306.0 42.0 27.0
obstacle
0.112610392272
25.0 211.0 142.0 116.0
obstacle
0.112473398447
0.0 255.0 42.0 29.0
obstacle
0.112302929163
38.0 254.0 40.0 30.0
obstacle
0.112177699804
205.0 0.0 295.0 194.0
obstacle
0.112177036703
422.0 305.0 42.0 28.0
obstacle
0.111818410456
460.0 126.0 40.0 30.0
obstacle
0.111731737852
189.0 101.0 47.0 29.0
obstacle
0.1117208004
297.0 55.0 138.0 120.0
obstacle
0.111320711672
187.0 12.0 126.0 105.0
obstacle
0.111295856535
303.0 262.0 125.0 71.0
obstacle
0.111187316477
306.0 11.0 119.0 106.0
obstacle
0.111169017851
148.0 188.0 128.0 111.0
obstacle
0.111127704382
339.0 32.0 130.0 116.0
obstacle
0.11106570065
153.0 151.0 41.0 30.0
obstacle
0.111049167812
0.0 153.0 42.0 28.0
obstacle
0.11072281003
297.0 156.0 137.0 124.0
obstacle
0.110715672374
0.0 50.0 231.0 283.0
obstacle
0.110715530813
421.0 100.0 43.0 31.0
obstacle
0.110665202141
69.0 105.0 132.0 123.0
obstacle
0.110524952412
0.0 187.0 126.0 113.0
obstacle
0.110521115363
0.0 0.0 378.0 189.0
obstacle
0.110479615629
153.0 253.0 41.0 31.0
obstacle
0.110473901033
342.0 0.0 126.0 67.0
obstacle
0.110453024507
229.0 265.0 118.0 68.0
obstacle
0.110426798463
0.0 237.0 125.0 96.0
obstacle
0.110415622592
382.0 0.0 118.0 95.0
obstacle
0.110407777131
153.0 126.0 42.0 30.0
obstacle
0.110384091735
0.0 127.0 43.0 28.0
obstacle
0.110301725566
37.0 228.0 42.0 31.0
obstacle
0.110254772007
264.0 0.0 128.0 67.0
obstacle
0.1100692451
66.0 32.0 137.0 116.0
obstacle
0.110029011965
423.0 279.0 40.0 31.0
obstacle
0.110023394227
106.0 162.0 134.0 111.0
obstacle
0.109927125275
32.0 261.0 129.0 72.0
obstacle
0.109793759882
152.0 203.0 42.0 30.0
obstacle
0.109746158123
423.0 126.0 39.0 30.0
obstacle
0.109726794064
298.0 211.0 136.0 115.0
obstacle
0.109636247158
184.0 254.0 316.0 79.0
obstacle
0.109622351825
38.0 202.0 40.0 31.0
obstacle
0.109550863504
151.0 102.0 45.0 28.0
obstacle
0.109516866505
268.0 152.0 40.0 29.0
obstacle
0.10951000452
25.0 84.0 142.0 114.0
obstacle
0.109442926943
422.0 229.0 41.0 29.0
obstacle
0.109431415796
260.0 32.0 134.0 116.0
obstacle
0.109414532781
306.0 305.0 43.0 28.0
obstacle
0.109350815415
269.0 306.0 40.0 27.0
obstacle
0.109277538955
154.0 279.0 39.0 31.0
obstacle
0.109276495874
101.0 74.0 375.0 135.0
obstacle
0.109269581735
38.0 50.0 40.0 29.0
obstacle
0.109192237258
346.0 229.0 39.0 28.0
obstacle
0.109122395515
346.0 305.0 41.0 28.0
obstacle
0.109060958028
180.0 212.0 142.0 113.0
obstacle
0.109049342573
345.0 178.0 39.0 29.0
obstacle
0.108919650316
187.0 0.0 127.0 67.0
obstacle
0.108830042183
111.0 0.0 126.0 68.0
obstacle
0.10882344842
0.0 230.0 43.0 27.0
obstacle
0.108820691705
345.0 204.0 41.0 29.0
obstacle
0.10875877738
0.0 179.0 42.0 27.0
obstacle
0.108682945371
75.0 102.0 42.0 27.0
obstacle
0.108661301434
154.0 177.0 40.0 31.0
obstacle
0.108631826937
423.0 177.0 40.0 31.0
obstacle
0.108575902879
114.0 177.0 43.0 30.0
obstacle
0.108548015356
33.0 0.0 127.0 67.0
obstacle
0.108511514962
0.0 280.0 42.0 29.0
obstacle
0.108405962586
224.0 0.0 129.0 93.0
obstacle
0.108396373689
0.0 50.0 41.0 29.0
obstacle
0.108331717551
114.0 152.0 43.0 29.0
obstacle
0.108322024345
147.0 0.0 129.0 93.0
obstacle
0.10829217732
115.0 305.0 40.0 28.0
obstacle
0.10827049613
144.0 58.0 136.0 114.0
obstacle
0.108268551528
70.0 183.0 130.0 120.0
obstacle
0.108258061111
39.0 101.0 38.0 29.0
obstacle
0.108255267143
38.0 306.0 40.0 27.0
obstacle
0.108217909932
114.0 229.0 42.0 29.0
obstacle
0.108145102859
276.0 70.0 224.0 142.0
obstacle
0.107993274927
460.0 151.0 40.0 31.0
obstacle
0.107976697385
384.0 279.0 40.0 31.0
obstacle
0.107934087515
384.0 204.0 40.0 28.0
obstacle
0.107877671719
27.0 161.0 139.0 113.0
obstacle
0.107868209481
228.0 153.0 42.0 28.0
obstacle
0.107825964689
418.0 185.0 82.0 117.0
obstacle
0.107823863626
305.0 76.0 43.0 28.0
obstacle
0.107807487249
0.0 0.0 41.0 27.0
obstacle
0.107753425837
192.0 178.0 40.0 29.0
obstacle
0.107740037143
384.0 229.0 40.0 29.0
obstacle
0.107731029391
113.0 127.0 45.0 28.0
obstacle
0.107717297971
344.0 76.0 42.0 29.0
obstacle
0.107658058405
111.0 11.0 124.0 107.0
obstacle
0.107640847564
422.0 253.0 42.0 31.0
obstacle
0.107612669468
460.0 305.0 40.0 28.0
obstacle
0.107530578971
308.0 253.0 39.0 31.0
obstacle
0.107527181506
228.0 101.0 45.0 29.0
obstacle
0.107513874769
77.0 279.0 38.0 31.0
obstacle
0.107409089804
76.0 152.0 41.0 28.0
obstacle
0.107399113476
229.0 137.0 118.0 110.0
obstacle
0.107382744551
266.0 75.0 44.0 30.0
obstacle
0.107306838036
0.0 128.0 227.0 128.0
obstacle
0.107243299484
106.0 213.0 135.0 111.0
obstacle
0.107227042317
77.0 305.0 40.0 28.0
obstacle
0.107189796865
269.0 254.0 40.0 30.0
obstacle
0.10718472302
230.0 306.0 41.0 27.0
obstacle
0.107183195651
154.0 229.0 40.0 29.0
obstacle
0.107119880617
37.0 24.0 42.0 29.0
obstacle
0.1069271788
38.0 75.0 39.0 30.0
obstacle
0.106919057667
153.0 305.0 41.0 28.0
obstacle
0.106904789805
459.0 203.0 41.0 30.0
obstacle
0.106901630759
345.0 279.0 41.0 31.0
obstacle
0.106837555766
76.0 177.0 41.0 30.0
obstacle
0.106656603515
422.0 203.0 42.0 30.0
obstacle
0.106626033783
375.0 212.0 125.0 114.0
obstacle
0.106618262827
0.0 184.0 430.0 149.0
obstacle
0.10655105114
230.0 279.0 42.0 31.0
obstacle
0.106483884156
76.0 203.0 42.0 29.0
obstacle
0.106474615633
39.0 177.0 38.0 31.0
obstacle
0.106422558427
461.0 254.0 39.0 30.0
obstacle
0.106419719756
0.0 133.0 159.0 200.0
obstacle
0.10640963912
39.0 280.0 38.0 30.0
obstacle
0.106408759952
109.0 261.0 128.0 72.0
obstacle
0.1063291803
459.0 48.0 41.0 32.0
obstacle
0.106326371431
338.0 185.0 131.0 116.0
obstacle
0.106210306287
460.0 228.0 40.0 30.0
obstacle
0.106162704527
0.0 74.0 265.0 133.0
obstacle
0.106120832264
166.0 0.0 245.0 298.0
obstacle
0.106082521379
382.0 24.0 43.0 29.0
obstacle
0.106064029038
316.0 25.0 184.0 283.0
obstacle
0.106036037207
267.0 279.0 43.0 31.0
obstacle
0.106029219925
417.0 108.0 83.0 118.0
obstacle
0.10600271076
0.0 0.0 317.0 104.0
obstacle
0.1059935987
383.0 75.0 42.0 30.0
obstacle
0.105961941183
345.0 254.0 41.0 29.0
obstacle
0.105855807662
421.0 0.0 42.0 28.0
obstacle
0.105838514864
459.0 75.0 41.0 30.0
obstacle
0.105733171105
460.0 0.0 40.0 29.0
obstacle
0.105732023716
191.0 48.0 42.0 31.0
obstacle
0.105669222772
306.0 279.0 42.0 31.0
obstacle
0.10566227138
306.0 49.0 43.0 30.0
obstacle
0.105580545962
76.0 49.0 40.0 30.0
obstacle
0.105573654175
266.0 127.0 45.0 29.0
obstacle
0.10557153821
120.0 0.0 337.0 104.0
obstacle
0.105523072183
228.0 75.0 43.0 30.0
obstacle
0.105518870056
266.0 101.0 46.0 29.0
obstacle
0.10549210757
382.0 0.0 43.0 27.0
obstacle
0.105473421514
193.0 204.0 38.0 28.0
obstacle
0.105468012393
0.0 0.0 85.0 67.0
obstacle
0.105455696583
382.0 101.0 45.0 29.0
obstacle
0.105427376926
281.0 128.0 219.0 130.0
obstacle
0.105349883437
228.0 126.0 44.0 29.0
obstacle
0.105323143303
113.0 102.0 43.0 27.0
obstacle
0.105311639607
0.0 162.0 84.0 111.0
obstacle
0.10523904115
459.0 177.0 41.0 30.0
obstacle
0.105233721435
229.0 49.0 43.0 30.0
obstacle
0.105188116431
421.0 23.0 42.0 31.0
obstacle
0.105133980513
231.0 255.0 39.0 29.0
obstacle
0.105017229915
33.0 12.0 125.0 105.0
obstacle
0.104968465865
305.0 153.0 43.0 27.0
obstacle
0.104961954057
115.0 279.0 40.0 31.0
obstacle
0.104936510324
268.0 49.0 43.0 30.0
obstacle
0.104932770133
345.0 49.0 42.0 30.0
obstacle
0.104922637343
72.0 0.0 126.0 92.0
obstacle
0.104903712869
304.0 170.0 196.0 163.0
obstacle
0.104803808033
191.0 279.0 42.0 31.0
obstacle
0.104751944542
344.0 151.0 42.0 30.0
obstacle
0.104728065431
0.0 0.0 122.0 96.0
obstacle
0.104704670608
39.0 126.0 39.0 31.0
obstacle
0.104671649635
383.0 177.0 41.0 30.0
obstacle
0.104625672102
75.0 24.0 42.0 29.0
obstacle
0.104589723051
244.0 0.0 256.0 84.0
obstacle
0.10454262048
152.0 24.0 42.0 29.0
obstacle
0.104401230812
383.0 126.0 42.0 30.0
obstacle
0.104376636446
152.0 0.0 42.0 27.0
obstacle
0.104352340102
231.0 228.0 37.0 31.0
obstacle
0.104243539274
0.0 180.0 258.0 126.0
obstacle
0.104215011001
114.0 203.0 42.0 30.0
obstacle
0.104189150035
39.0 152.0 38.0 30.0
obstacle
0.104110904038
114.0 24.0 41.0 28.0
obstacle
0.10406780988
257.0 110.0 137.0 113.0
obstacle
0.104065597057
190.0 75.0 42.0 30.0
obstacle
0.104060314596
423.0 151.0 40.0 30.0
obstacle
0.104058459401
232.0 204.0 35.0 29.0
obstacle
0.104049891233
75.0 127.0 43.0 28.0
obstacle
0.103873841465
230.0 177.0 40.0 31.0
obstacle
0.103800870478
344.0 24.0 42.0 29.0
obstacle
0.103786565363
384.0 49.0 41.0 30.0
obstacle
0.103660725057
228.0 24.0 44.0 29.0
obstacle
0.103658236563
344.0 0.0 42.0 28.0
obstacle
0.103629000485
0.0 261.0 81.0 72.0
obstacle
0.1036125049
305.0 24.0 43.0 29.0
obstacle
0.103540971875
153.0 75.0 41.0 30.0
obstacle
0.103536888957
75.0 0.0 42.0 27.0
obstacle
0.103523612022
192.0 254.0 39.0 30.0
obstacle
0.103519946337
305.0 102.0 45.0 28.0
obstacle
0.10351382941
308.0 204.0 38.0 28.0
obstacle
0.103488080204
76.0 229.0 41.0 29.0
obstacle
0.103486090899
190.0 24.0 43.0 29.0
obstacle
0.103476904333
423.0 74.0 39.0 32.0
obstacle
0.103453099728
153.0 49.0 42.0 30.0
obstacle
0.103422529995
267.0 24.0 43.0 29.0
obstacle
0.103415638208
344.0 101.0 44.0 29.0
obstacle
0.103415459394
422.0 49.0 42.0 31.0
obstacle
0.103405423462
114.0 255.0 41.0 29.0
obstacle
0.103377044201
460.0 23.0 40.0 32.0
obstacle
0.10335098207
421.0 29.0 79.0 122.0
obstacle
0.103326141834
190.0 0.0 43.0 27.0
obstacle
0.103320941329
121.0 127.0 335.0 130.0
obstacle
0.103305615485
113.0 0.0 43.0 27.0
obstacle
0.103237368166
305.0 0.0 43.0 28.0
obstacle
0.103169307113
36.0 0.0 43.0 28.0
obstacle
0.103058613837
115.0 49.0 41.0 29.0
obstacle
0.102960109711
383.0 254.0 42.0 29.0
obstacle
0.102947570384
228.0 0.0 43.0 27.0
obstacle
0.102933742106
267.0 0.0 43.0 28.0
obstacle
0.102806344628
115.0 75.0 39.0 30.0
obstacle
0.102804526687
190.0 126.0 44.0 30.0
obstacle
0.102767288685
305.0 127.0 44.0 28.0
obstacle
0.10269074142
192.0 229.0 40.0 29.0
obstacle
0.102539777756
383.0 152.0 42.0 28.0
obstacle
0.102484405041
344.0 127.0 43.0 28.0
obstacle
0.102065116167
460.0 279.0 40.0 31.0
obstacle
0.101906388998
270.0 205.0 38.0 28.0
obstacle
0.10175780952
75.0 254.0 42.0 29.0
obstacle
0.101440228522
269.0 229.0 38.0 29.0
obstacle
0.101384632289
189.0 152.0 45.0 28.0
obstacle
0.100963994861
189.0 109.0 119.0 113.0
obstacle
0.100301161408
307.0 229.0 39.0 29.0
obstacle
0.0999855622649
76.0 76.0 40.0 28.0
obstacle
0.0966456606984
40.0 95.0 343.0 143.0
obstacle
0.0955938771367
43.0 146.0 336.0 143.0
