obstacle
0.82539921999
0.0 68.0 134.0 46.0
obstacle
0.777431845665
255.0 84.0 216.0 63.0
obstacle
0.230015918612
32.0 64.0 103.0 36.0
obstacle
0.227220222354
329.0 101.0 131.0 31.0
obstacle
0.220845475793
0.0 80.0 71.0 32.0
obstacle
0.18419547379
194.0 101.0 270.0 68.0
obstacle
0.12378783524
323.0 73.0 89.0 61.0
obstacle
0.12182508409
0.0 55.0 77.0 49.0
obstacle
0.11402053386
0.0 94.0 115.0 38.0
obstacle
0.109926745296
270.0 95.0 126.0 45.0
obstacle
0.105613790452
45.0 85.0 27.0 18.0
obstacle
0.0982623845339
0.0 59.0 197.0 72.0
obstacle
0.0892296805978
272.0 117.0 110.0 34.0
obstacle
0.0793490260839
356.0 104.0 18.0 25.0
obstacle
0.0752211436629
386.0 102.0 90.0 35.0
obstacle
0.0739364326
350.0 77.0 95.0 48.0
obstacle
0.0718133449554
43.0 69.0 32.0 16.0
obstacle
0.0667704939842
51.0 83.0 15.0 22.0
obstacle
0.0655205696821
254.0 91.0 86.0 58.0
obstacle
0.0642954558134
146.0 52.0 293.0 98.0
obstacle
0.0634173154831
355.0 81.0 19.0 32.0
obstacle
0.0622956342995
316.0 116.0 88.0 36.0
obstacle
0.0621195212007
361.0 61.0 15.0 25.0
obstacle
0.0604707710445
82.0 87.0 28.0 13.0
obstacle
0.06031216681
332.0 46.0 63.0 24.0
obstacle
0.0588631331921
319.0 103.0 15.0 30.0
obstacle
0.0577828995883
284.0 71.0 96.0 59.0
obstacle
0.0567425377667
47.0 62.0 17.0 29.0
obstacle
0.0541477575898
356.0 46.0 14.0 21.0
obstacle
0.0539975203574
352.0 53.0 23.0 10.0
obstacle
0.0535370744765
443.0 36.0 57.0 38.0
obstacle
0.0533885546029
278.0 106.0 16.0 25.0
obstacle
0.0517355725169
0.0 95.0 58.0 41.0
obstacle
0.0496022291481
351.0 111.0 31.0 14.0
obstacle
0.0488610416651
359.0 66.0 18.0 13.0
obstacle
0.048151884228
404.0 32.0 81.0 42.0
obstacle
0.0480588302016
46.0 120.0 96.0 38.0
obstacle
0.0458254702389
347.0 117.0 101.0 34.0
obstacle
0.0455728396773
391.0 113.0 27.0 9.0
obstacle
0.0453199073672
175.0 117.0 310.0 84.0
obstacle
0.044299762696
86.0 85.0 15.0 20.0
obstacle
0.0437638163567
349.0 55.0 37.0 37.0
obstacle
0.0425165221095
260.0 118.0 68.0 35.0
obstacle
0.0421951524913
85.0 73.0 21.0 10.0
obstacle
0.0421569719911
5.0 91.0 33.0 11.0
obstacle
0.0414423830807
467.0 50.0 29.0 11.0
obstacle
0.0409384220839
317.0 84.0 17.0 29.0
obstacle
0.0405321121216
25.0 66.0 376.0 107.0
obstacle
0.0401484146714
200.0 11.0 300.0 91.0
obstacle
0.0385872647166
403.0 201.0 80.0 52.0
obstacle
0.0367981977761
408.0 51.0 66.0 44.0
obstacle
0.0366842523217
0.0 0.0 63.0 33.0
obstacle
0.036577410996
47.0 0.0 96.0 36.0
obstacle
0.0358598120511
0.0 80.0 170.0 73.0
obstacle
0.0357368700206
314.0 0.0 102.0 34.0
obstacle
0.0356622599065
19.0 18.0 385.0 118.0
obstacle
0.0356061123312
84.0 80.0 80.0 32.0
obstacle
0.035057824105
293.0 34.0 74.0 42.0
obstacle
0.0345880612731
438.0 92.0 62.0 53.0
obstacle
0.0342277437449
268.0 142.0 121.0 33.0
obstacle
0.0341478586197
477.0 45.0 13.0 20.0
obstacle
0.0341371372342
229.0 50.0 52.0 50.0
obstacle
0.0337050333619
355.0 0.0 97.0 35.0
obstacle
0.033437538892
0.0 117.0 63.0 45.0
obstacle
0.0332180634141
25.0 33.0 70.0 45.0
obstacle
0.0325129441917
439.0 117.0 61.0 46.0
obstacle
0.0324570722878
395.0 0.0 95.0 31.0
obstacle
0.0323878675699
86.0 0.0 97.0 37.0
obstacle
0.0322659015656
258.0 135.0 69.0 49.0
obstacle
0.0319963917136
371.0 31.0 65.0 47.0
obstacle
0.0319150313735
223.0 63.0 60.0 70.0
obstacle
0.0317659378052
48.0 10.0 96.0 47.0
obstacle
0.0316619873047
10.0 86.0 12.0 21.0
obstacle
0.0309878587723
436.0 220.0 64.0 56.0
obstacle
0.0306614600122
88.0 7.0 92.0 51.0
obstacle
0.0301664751023
217.0 90.0 81.0 60.0
obstacle
0.0299369823188
200.0 0.0 99.0 37.0
obstacle
0.0295418016613
236.0 0.0 104.0 36.0
obstacle
0.0291653368622
122.0 0.0 101.0 36.0
obstacle
0.0290846321732
0.0 0.0 242.0 61.0
obstacle
0.0290226172656
306.0 0.0 194.0 59.0
obstacle
0.0289649497718
85.0 66.0 14.0 24.0
obstacle
0.0288551077247
438.0 0.0 62.0 39.0
obstacle
0.0283949878067
0.0 32.0 59.0 48.0
obstacle
0.0283658560365
162.0 0.0 98.0 38.0
obstacle
0.02831055969
447.0 69.0 53.0 58.0
obstacle
0.0280470363796
436.0 134.0 64.0 54.0
obstacle
0.0278399419039
436.0 201.0 64.0 53.0
obstacle
0.0277608670294
11.0 0.0 94.0 34.0
obstacle
0.0276398062706
279.0 164.0 94.0 39.0
obstacle
0.0274021290243
432.0 113.0 21.0 11.0
obstacle
0.0272133201361
258.0 54.0 59.0 43.0
obstacle
0.0270369239151
131.0 0.0 315.0 59.0
obstacle
0.0269191991538
395.0 112.0 87.0 48.0
obstacle
0.0269012097269
277.0 0.0 99.0 35.0
obstacle
0.0268534030765
298.0 50.0 202.0 97.0
obstacle
0.0265635605901
271.0 69.0 29.0 11.0
obstacle
0.0265150628984
255.0 65.0 67.0 70.0
obstacle
0.0263941809535
371.0 55.0 53.0 39.0
obstacle
0.0262618325651
319.0 36.0 16.0 38.0
obstacle
0.0260989908129
452.0 44.0 48.0 59.0
obstacle
0.0259762890637
58.0 217.0 305.0 64.0
obstacle
0.0257904045284
389.0 68.0 20.0 13.0
obstacle
0.0257593803108
402.0 10.0 80.0 42.0
obstacle
0.0257298480719
393.0 105.0 16.0 23.0
obstacle
0.0253423955292
439.0 246.0 61.0 35.0
obstacle
0.0248613245785
355.0 138.0 95.0 44.0
obstacle
0.0248198993504
84.0 119.0 96.0 41.0
obstacle
0.0248035620898
268.0 250.0 118.0 31.0
obstacle
0.024660134688
277.0 61.0 14.0 29.0
obstacle
0.0246251951903
166.0 220.0 320.0 61.0
obstacle
0.0244895908982
394.0 62.0 11.0 25.0
obstacle
0.0244529191405
94.0 28.0 80.0 51.0
obstacle
0.0242112409323
366.0 16.0 74.0 35.0
obstacle
0.0241353660822
395.0 83.0 15.0 28.0
obstacle
0.0240196418017
151.0 252.0 122.0 29.0
obstacle
0.0239958595484
169.0 66.0 89.0 61.0
obstacle
0.0238300636411
282.0 7.0 89.0 48.0
obstacle
0.0236841943115
164.0 24.0 97.0 58.0
obstacle
0.0236811749637
4.0 254.0 109.0 27.0
obstacle
0.0235852599144
389.0 72.0 95.0 51.0
obstacle
0.0235383901745
313.0 112.0 31.0 12.0
obstacle
0.0232508182526
55.0 30.0 79.0 51.0
obstacle
0.0231971833855
161.0 91.0 104.0 55.0
obstacle
0.0230788253248
77.0 250.0 115.0 31.0
obstacle
0.0230321604759
0.0 2.0 52.0 61.0
obstacle
0.0230198465288
280.0 125.0 12.0 28.0
obstacle
0.0226430408657
90.0 58.0 74.0 41.0
obstacle
0.0225865561515
81.0 96.0 98.0 44.0
obstacle
0.0224880259484
296.0 97.0 204.0 88.0
obstacle
0.0224642846733
26.0 0.0 295.0 87.0
obstacle
0.0223571658134
213.0 111.0 82.0 53.0
obstacle
0.0223419107497
307.0 49.0 40.0 12.0
obstacle
0.022062567994
119.0 251.0 109.0 30.0
obstacle
0.0219540968537
18.0 8.0 82.0 48.0
obstacle
0.021711172536
168.0 49.0 88.0 55.0
obstacle
0.0216969624162
136.0 68.0 78.0 55.0
obstacle
0.0213882960379
166.0 114.0 96.0 51.0
obstacle
0.0213556177914
320.0 58.0 15.0 38.0
obstacle
0.0212206058204
352.0 94.0 28.0 12.0
obstacle
0.0212094150484
129.0 92.0 89.0 51.0
obstacle
0.0209594946355
237.0 69.0 32.0 9.0
obstacle
0.0208954345435
250.0 8.0 78.0 48.0
obstacle
0.0206271782517
327.0 10.0 78.0 46.0
obstacle
0.0205186083913
41.0 133.0 339.0 102.0
obstacle
0.0204800479114
460.0 221.0 40.0 12.0
obstacle
0.0204694289714
0.0 225.0 194.0 56.0
obstacle
0.0204527992755
0.0 138.0 53.0 45.0
obstacle
0.020329862833
125.0 85.0 13.0 23.0
obstacle
0.0202698875219
311.0 173.0 189.0 108.0
obstacle
0.0202499646693
351.0 251.0 107.0 30.0
obstacle
0.0202421545982
385.0 51.0 31.0 11.0
obstacle
0.0202127918601
273.0 133.0 32.0 10.0
obstacle
0.0201811138541
435.0 158.0 65.0 51.0
obstacle
0.0201520044357
312.0 141.0 103.0 37.0
obstacle
0.0200385767967
299.0 52.0 58.0 45.0
obstacle
0.019862934947
206.0 180.0 90.0 50.0
obstacle
0.0197745393962
246.0 160.0 88.0 45.0
obstacle
0.0196897573769
393.0 42.0 13.0 28.0
obstacle
0.0195954460651
227.0 252.0 123.0 29.0
obstacle
0.0195875987411
274.0 113.0 29.0 12.0
obstacle
0.0195410884917
244.0 77.0 18.0 39.0
obstacle
0.0194711498916
394.0 209.0 18.0 36.0
obstacle
0.0194163359702
51.0 230.0 89.0 37.0
obstacle
0.0193932130933
0.0 86.0 258.0 109.0
obstacle
0.0193287488073
436.0 58.0 15.0 32.0
obstacle
0.0192996468395
309.0 69.0 34.0 11.0
obstacle
0.0192155297846
396.0 13.0 17.0 40.0
obstacle
0.0191968753934
337.0 5.0 55.0 10.0
obstacle
0.0190774798393
317.0 180.0 95.0 50.0
obstacle
0.0190440453589
364.0 205.0 80.0 44.0
obstacle
0.0189929138869
460.0 5.0 40.0 11.0
obstacle
0.0189882535487
283.0 182.0 88.0 46.0
obstacle
0.018965324387
41.0 50.0 34.0 10.0
obstacle
0.0188200436532
357.0 16.0 16.0 34.0
obstacle
0.0186783783138
315.0 160.0 100.0 47.0
obstacle
0.018678188324
47.0 35.0 18.0 38.0
obstacle
0.0186399109662
358.0 183.0 92.0 45.0
obstacle
0.0186278391629
122.0 90.0 19.0 10.0
obstacle
0.0185527037829
203.0 253.0 15.0 28.0
obstacle
0.018545711413
246.0 60.0 16.0 31.0
obstacle
0.018534746021
298.0 131.0 202.0 106.0
obstacle
0.0184713751078
52.0 139.0 88.0 44.0
obstacle
0.018463531509
0.0 5.0 42.0 10.0
obstacle
0.0184592790902
86.0 11.0 20.0 42.0
obstacle
0.0183901078999
171.0 157.0 84.0 53.0
obstacle
0.0183785520494
91.0 179.0 88.0 53.0
obstacle
0.0183358062059
356.0 253.0 16.0 28.0
obstacle
0.0183142870665
127.0 182.0 92.0 47.0
obstacle
0.0182814709842
134.0 27.0 78.0 53.0
obstacle
0.0182782392949
353.0 162.0 102.0 42.0
obstacle
0.0181959588081
284.0 202.0 87.0 49.0
obstacle
0.0181014612317
425.0 50.0 36.0 11.0
obstacle
0.0180966909975
86.0 123.0 18.0 32.0
obstacle
0.0180867221206
395.0 253.0 16.0 28.0
obstacle
0.018048953265
217.0 29.0 66.0 51.0
obstacle
0.0179070532322
81.0 139.0 106.0 44.0
obstacle
0.0178797524422
433.0 181.0 67.0 49.0
obstacle
0.0178034398705
53.0 182.0 88.0 48.0
obstacle
0.0177713297307
123.0 156.0 103.0 54.0
obstacle
0.017745083198
379.0 5.0 48.0 10.0
obstacle
0.0176835376769
48.0 102.0 16.0 27.0
obstacle
0.0175351314247
242.0 254.0 14.0 27.0
obstacle
0.0174386873841
93.0 205.0 80.0 46.0
obstacle
0.0174260977656
137.0 48.0 75.0 55.0
obstacle
0.0171254593879
9.0 104.0 13.0 25.0
obstacle
0.0170966964215
86.0 176.0 326.0 102.0
obstacle
0.0169859100133
123.0 71.0 19.0 10.0
obstacle
0.016983198002
474.0 0.0 16.0 30.0
obstacle
0.0169041175395
68.0 5.0 55.0 10.0
obstacle
0.0168945677578
131.0 116.0 84.0 46.0
obstacle
0.0168547276407
348.0 27.0 34.0 11.0
obstacle
0.0168505460024
245.0 103.0 17.0 31.0
obstacle
0.0167927499861
432.0 106.0 14.0 27.0
obstacle
0.016723362729
435.0 232.0 16.0 34.0
obstacle
0.0167020428926
123.0 204.0 99.0 46.0
obstacle
0.016679149121
312.0 93.0 29.0 11.0
obstacle
0.0166556462646
0.0 181.0 53.0 49.0
obstacle
0.0166491027921
72.0 132.0 48.0 14.0
obstacle
0.0166376680136
155.0 70.0 35.0 11.0
obstacle
0.0165933351964
171.0 136.0 85.0 50.0
obstacle
0.0165337063372
318.0 254.0 15.0 27.0
obstacle
0.0165293868631
420.0 5.0 44.0 10.0
obstacle
0.0164893828332
398.0 138.0 86.0 47.0
obstacle
0.0164481494576
189.0 266.0 43.0 12.0
obstacle
0.0164296906441
435.0 40.0 15.0 29.0
obstacle
0.0164052117616
91.0 158.0 88.0 50.0
obstacle
0.0163848809898
107.0 5.0 54.0 10.0
obstacle
0.0163595955819
261.0 6.0 53.0 10.0
obstacle
0.0162299331278
162.0 96.0 20.0 45.0
obstacle
0.0162275284529
278.0 79.0 14.0 39.0
obstacle
0.0160910505801
112.0 26.0 43.0 12.0
obstacle
0.0160687752068
460.0 242.0 40.0 13.0
obstacle
0.0160620231181
475.0 210.0 15.0 34.0
obstacle
0.0160551499575
125.0 121.0 18.0 38.0
obstacle
0.0160292871296
184.0 5.0 53.0 10.0
obstacle
0.0160077624023
201.0 102.0 20.0 35.0
obstacle
0.0159873254597
240.0 201.0 94.0 51.0
obstacle
0.0159866344184
0.0 205.0 57.0 43.0
obstacle
0.0159670319408
326.0 203.0 79.0 47.0
obstacle
0.0159334372729
7.0 72.0 29.0 9.0
obstacle
0.0158695559949
0.0 152.0 256.0 107.0
obstacle
0.015840260312
283.0 222.0 88.0 52.0
obstacle
0.0158272236586
393.0 226.0 103.0 45.0
obstacle
0.0158083494753
126.0 254.0 15.0 27.0
obstacle
0.015741635114
205.0 198.0 90.0 58.0
obstacle
0.0157274678349
123.0 10.0 21.0 44.0
obstacle
0.0156802367419
344.0 265.0 41.0 12.0
obstacle
0.0155811458826
128.0 135.0 91.0 52.0
obstacle
0.0155449369922
114.0 265.0 40.0 12.0
obstacle
0.0154392812401
299.0 5.0 54.0 10.0
obstacle
0.0153333693743
171.0 178.0 85.0 54.0
obstacle
0.0152665004134
360.0 225.0 89.0 46.0
obstacle
0.0152464397252
280.0 254.0 14.0 27.0
obstacle
0.0152281355113
393.0 96.0 23.0 11.0
obstacle
0.0152035020292
259.0 30.0 63.0 50.0
obstacle
0.0151993595064
420.0 221.0 49.0 11.0
obstacle
0.0151714906096
393.0 230.0 20.0 38.0
obstacle
0.0151034770533
165.0 254.0 14.0 27.0
obstacle
0.0150406146422
0.0 161.0 52.0 44.0
obstacle
0.0149775687605
226.0 26.0 47.0 13.0
obstacle
0.0149633837864
7.0 38.0 13.0 32.0
obstacle
0.0149013437331
0.0 24.0 192.0 66.0
obstacle
0.0148509256542
203.0 59.0 18.0 36.0
obstacle
0.0147719001397
145.0 5.0 54.0 10.0
obstacle
0.0147661659867
50.0 160.0 94.0 46.0
obstacle
0.014759930782
378.0 220.0 50.0 12.0
obstacle
0.0147224720567
76.0 25.0 41.0 14.0
obstacle
0.0146691910923
464.0 264.0 35.0 12.0
obstacle
0.0146509045735
229.0 266.0 41.0 12.0
obstacle
0.014649826102
279.0 12.0 16.0 40.0
obstacle
0.0146466270089
8.0 124.0 14.0 30.0
obstacle
0.0145491007715
13.0 141.0 90.0 40.0
obstacle
0.0145223811269
169.0 202.0 88.0 51.0
obstacle
0.0145181640983
241.0 13.0 17.0 39.0
obstacle
0.0145155694336
318.0 123.0 16.0 29.0
obstacle
0.0145009309053
300.0 242.0 53.0 14.0
obstacle
0.0144653823227
476.0 233.0 15.0 33.0
obstacle
0.014465328306
240.0 204.0 19.0 47.0
obstacle
0.0144514637068
0.0 230.0 58.0 37.0
obstacle
0.0144491326064
163.0 11.0 19.0 43.0
obstacle
0.0144324675202
9.0 18.0 12.0 30.0
obstacle
0.0144307585433
317.0 230.0 19.0 38.0
obstacle
0.014397058636
161.0 160.0 333.0 91.0
obstacle
0.0143495285884
190.0 70.0 44.0 11.0
obstacle
0.0142858056352
474.0 164.0 16.0 39.0
obstacle
0.014270667918
13.0 183.0 91.0 44.0
obstacle
0.0142296347767
307.0 266.0 39.0 11.0
obstacle
0.0142029020935
152.0 266.0 40.0 11.0
obstacle
0.0141950584948
52.0 206.0 88.0 43.0
obstacle
0.014121869579
9.0 59.0 13.0 32.0
obstacle
0.0141116362065
201.0 11.0 19.0 43.0
obstacle
0.0140963178128
383.0 265.0 40.0 13.0
obstacle
0.0140770617872
318.0 224.0 96.0 48.0
obstacle
0.0140586812049
207.0 160.0 87.0 46.0
obstacle
0.0140099292621
319.0 10.0 15.0 45.0
obstacle
0.0139899635687
87.0 253.0 17.0 28.0
obstacle
0.0139601789415
15.0 209.0 86.0 35.0
obstacle
0.0139518780634
47.0 9.0 20.0 46.0
obstacle
0.0138606224209
429.0 69.0 29.0 10.0
