obstacle
0.717182993889
101.0 154.0 376.0 126.0
obstacle
0.542426526546
55.0 109.0 85.0 54.0
obstacle
0.339595228434
88.0 115.0 78.0 44.0
obstacle
0.270108819008
447.0 180.0 53.0 45.0
obstacle
0.252990841866
82.0 107.0 89.0 34.0
obstacle
0.229247450829
0.0 104.0 197.0 70.0
obstacle
0.205508634448
444.0 169.0 56.0 36.0
obstacle
0.130417346954
145.0 119.0 288.0 133.0
obstacle
0.1255107373
335.0 156.0 165.0 100.0
obstacle
0.12228538841
54.0 134.0 80.0 47.0
obstacle
0.120747700334
77.0 115.0 37.0 12.0
obstacle
0.114275015891
14.0 103.0 97.0 37.0
obstacle
0.108777061105
17.0 85.0 229.0 72.0
obstacle
0.108657106757
115.0 116.0 37.0 11.0
obstacle
0.105943717062
73.0 131.0 48.0 15.0
obstacle
0.0966835767031
18.0 140.0 85.0 40.0
obstacle
0.0944939851761
0.0 115.0 165.0 95.0
obstacle
0.0910877734423
146.0 207.0 284.0 73.0
obstacle
0.0909216552973
463.0 179.0 37.0 13.0
obstacle
0.0893115997314
28.0 117.0 76.0 41.0
obstacle
0.0891874134541
467.0 195.0 33.0 17.0
obstacle
0.0884852409363
476.0 190.0 17.0 29.0
obstacle
0.0869945064187
116.0 134.0 39.0 11.0
obstacle
0.0844535082579
14.0 200.0 86.0 53.0
obstacle
0.080479696393
181.0 138.0 61.0 49.0
obstacle
0.0786893740296
137.0 174.0 75.0 62.0
obstacle
0.0785502567887
380.0 141.0 42.0 46.0
obstacle
0.0765127539635
0.0 206.0 58.0 39.0
obstacle
0.0763290077448
86.0 121.0 20.0 33.0
obstacle
0.0695167630911
436.0 201.0 64.0 47.0
obstacle
0.0658536031842
137.0 147.0 71.0 71.0
obstacle
0.0639245659113
0.0 162.0 53.0 43.0
obstacle
0.0636669620872
0.0 177.0 54.0 52.0
obstacle
0.063065327704
417.0 183.0 68.0 43.0
obstacle
0.063044950366
88.0 133.0 86.0 50.0
obstacle
0.0627233684063
134.0 201.0 80.0 47.0
obstacle
0.0620791241527
24.0 179.0 66.0 48.0
obstacle
0.0617023333907
125.0 124.0 20.0 27.0
obstacle
0.0599018409848
202.0 145.0 18.0 34.0
obstacle
0.0592584162951
39.0 195.0 272.0 85.0
obstacle
0.0590030625463
332.0 140.0 71.0 45.0
obstacle
0.0589610300958
426.0 221.0 74.0 54.0
obstacle
0.0577602759004
55.0 106.0 311.0 114.0
obstacle
0.0557863712311
171.0 175.0 78.0 59.0
obstacle
0.0549410432577
474.0 170.0 17.0 30.0
obstacle
0.0549090728164
85.0 102.0 18.0 37.0
obstacle
0.0545569173992
18.0 151.0 312.0 107.0
obstacle
0.0526924654841
245.0 140.0 88.0 46.0
obstacle
0.0521442443132
48.0 124.0 17.0 29.0
obstacle
0.0519774146378
195.0 155.0 35.0 12.0
obstacle
0.0513445660472
124.0 105.0 15.0 30.0
obstacle
0.0505549795926
288.0 141.0 80.0 43.0
obstacle
0.0481009334326
409.0 162.0 73.0 45.0
obstacle
0.0477177910507
279.0 188.0 21.0 36.0
obstacle
0.04694955796
0.0 142.0 62.0 39.0
obstacle
0.0467308573425
133.0 138.0 85.0 48.0
obstacle
0.0464713349938
243.0 223.0 168.0 57.0
obstacle
0.0458396188915
78.0 154.0 39.0 12.0
obstacle
0.0446829125285
45.0 246.0 96.0 34.0
obstacle
0.0445708781481
0.0 158.0 207.0 92.0
obstacle
0.0444462187588
22.0 160.0 67.0 46.0
obstacle
0.0428888835013
11.0 221.0 97.0 51.0
obstacle
0.0422678478062
346.0 201.0 154.0 79.0
obstacle
0.0421098843217
238.0 188.0 21.0 34.0
obstacle
0.0418086238205
388.0 156.0 26.0 11.0
obstacle
0.0412377938628
0.0 215.0 61.0 63.0
obstacle
0.0405795574188
354.0 0.0 99.0 31.0
obstacle
0.0399858504534
391.0 147.0 15.0 33.0
obstacle
0.0397070199251
41.0 132.0 36.0 12.0
obstacle
0.0395708009601
401.0 204.0 88.0 41.0
obstacle
0.0390954762697
57.0 150.0 81.0 60.0
obstacle
0.0390526391566
105.0 202.0 65.0 49.0
obstacle
0.0380107313395
213.0 138.0 72.0 49.0
obstacle
0.0378366187215
0.0 0.0 63.0 35.0
obstacle
0.0376511439681
37.0 113.0 45.0 12.0
obstacle
0.03763435781
277.0 161.0 18.0 46.0
obstacle
0.0374409556389
163.0 183.0 18.0 42.0
obstacle
0.0374329276383
0.0 219.0 40.0 13.0
obstacle
0.0373868644238
276.0 208.0 23.0 38.0
obstacle
0.0373067744076
0.0 0.0 286.0 61.0
obstacle
0.0372257977724
14.0 247.0 89.0 33.0
obstacle
0.0368752144277
198.0 0.0 104.0 33.0
obstacle
0.0364619642496
5.0 168.0 19.0 30.0
obstacle
0.0364027805626
104.0 173.0 63.0 62.0
obstacle
0.0360182262957
133.0 121.0 69.0 37.0
obstacle
0.0359654724598
399.0 0.0 86.0 31.0
obstacle
0.0356867834926
201.0 51.0 95.0 49.0
obstacle
0.0350663438439
421.0 251.0 79.0 29.0
obstacle
0.0350464321673
93.0 0.0 311.0 61.0
obstacle
0.0350036434829
201.0 159.0 19.0 48.0
obstacle
0.034934297204
125.0 102.0 86.0 36.0
obstacle
0.0344584472477
316.0 189.0 21.0 36.0
obstacle
0.0338492393494
48.0 104.0 19.0 31.0
obstacle
0.0333995446563
163.0 0.0 99.0 36.0
obstacle
0.0332783348858
87.0 140.0 22.0 41.0
obstacle
0.0331292562187
236.0 0.0 106.0 32.0
obstacle
0.0329014211893
447.0 101.0 53.0 76.0
obstacle
0.0328630693257
0.0 96.0 63.0 44.0
obstacle
0.0325516872108
216.0 151.0 74.0 63.0
obstacle
0.032408606261
98.0 218.0 71.0 58.0
obstacle
0.0319643542171
239.0 159.0 19.0 49.0
obstacle
0.031750548631
443.0 131.0 57.0 63.0
obstacle
0.03154893592
53.0 49.0 85.0 53.0
obstacle
0.0312387086451
80.0 0.0 108.0 35.0
obstacle
0.0310316048563
0.0 227.0 203.0 53.0
obstacle
0.030901376158
168.0 75.0 93.0 43.0
obstacle
0.0302697550505
125.0 0.0 97.0 36.0
obstacle
0.0301884524524
315.0 0.0 101.0 35.0
obstacle
0.0300855133682
200.0 188.0 19.0 35.0
obstacle
0.0299140159041
272.0 0.0 228.0 57.0
obstacle
0.0298848226666
440.0 0.0 60.0 37.0
obstacle
0.0298171378672
243.0 256.0 98.0 22.0
obstacle
0.0297954436392
260.0 154.0 63.0 59.0
obstacle
0.0297130718827
277.0 257.0 100.0 23.0
obstacle
0.0296176038682
388.0 34.0 109.0 38.0
obstacle
0.0293424036354
356.0 228.0 17.0 38.0
obstacle
0.0290436893702
276.0 0.0 102.0 34.0
obstacle
0.0288577061146
43.0 0.0 106.0 35.0
obstacle
0.0286721885204
268.0 106.0 232.0 114.0
obstacle
0.0286678876728
374.0 155.0 65.0 53.0
obstacle
0.0286523364484
58.0 223.0 79.0 53.0
obstacle
0.0286434665322
2.0 178.0 31.0 11.0
obstacle
0.0285661928356
48.0 5.0 96.0 52.0
obstacle
0.0284788515419
166.0 8.0 93.0 49.0
obstacle
0.0283851586282
46.0 139.0 20.0 43.0
obstacle
0.0278501063585
238.0 210.0 21.0 32.0
obstacle
0.0278122182935
0.0 53.0 49.0 46.0
obstacle
0.0274249762297
208.0 179.0 90.0 50.0
obstacle
0.0273340791464
168.0 53.0 86.0 46.0
obstacle
0.02730640769
0.0 31.0 245.0 89.0
obstacle
0.027073694393
36.0 153.0 45.0 14.0
obstacle
0.0270034149289
196.0 0.0 304.0 111.0
obstacle
0.0268234554678
3.0 199.0 32.0 11.0
obstacle
0.0267233476043
410.0 132.0 64.0 60.0
obstacle
0.0263631418347
212.0 95.0 76.0 44.0
obstacle
0.0262345485389
163.0 160.0 19.0 46.0
obstacle
0.0261652432382
313.0 23.0 187.0 105.0
obstacle
0.0261633656919
446.0 68.0 54.0 56.0
obstacle
0.0260073449463
110.0 239.0 125.0 41.0
obstacle
0.0259769335389
433.0 189.0 12.0 32.0
obstacle
0.0259643793106
462.0 218.0 38.0 13.0
obstacle
0.0259567052126
86.0 76.0 21.0 43.0
obstacle
0.0259198565036
394.0 80.0 98.0 36.0
obstacle
0.0258808657527
156.0 115.0 32.0 9.0
obstacle
0.0258369091898
304.0 69.0 196.0 100.0
obstacle
0.0258361082524
312.0 253.0 101.0 27.0
obstacle
0.0257555469871
281.0 5.0 92.0 54.0
obstacle
0.0257542431355
433.0 33.0 22.0 41.0
obstacle
0.0257078241557
381.0 5.0 47.0 10.0
obstacle
0.0256004538387
48.0 185.0 16.0 37.0
obstacle
0.0255112107843
125.0 58.0 19.0 35.0
obstacle
0.0253556091338
87.0 240.0 97.0 40.0
obstacle
0.0252456329763
163.0 202.0 97.0 45.0
obstacle
0.0250919125974
129.0 224.0 88.0 45.0
obstacle
0.0248915608972
43.0 57.0 337.0 81.0
obstacle
0.0248489771038
93.0 2.0 83.0 59.0
obstacle
0.0248466692865
22.0 53.0 72.0 43.0
obstacle
0.0246969163418
368.0 93.0 75.0 51.0
obstacle
0.0246167834848
246.0 7.0 86.0 50.0
obstacle
0.0243506301194
88.0 54.0 92.0 44.0
obstacle
0.0242595523596
0.0 117.0 66.0 46.0
obstacle
0.0239267610013
0.0 25.0 53.0 57.0
obstacle
0.0239231809974
202.0 7.0 96.0 51.0
obstacle
0.0239173937589
127.0 52.0 91.0 47.0
obstacle
0.0236974321306
278.0 145.0 19.0 36.0
obstacle
0.0236364994198
393.0 51.0 102.0 47.0
obstacle
0.0236363690346
313.0 203.0 23.0 47.0
obstacle
0.0236216988415
163.0 206.0 20.0 38.0
obstacle
0.0234674979001
59.0 77.0 74.0 42.0
obstacle
0.0234132707119
20.0 75.0 79.0 46.0
obstacle
0.0233449228108
135.0 75.0 77.0 42.0
obstacle
0.0233075600117
47.0 163.0 15.0 41.0
obstacle
0.0231482982635
8.0 211.0 16.0 30.0
obstacle
0.022663552314
94.0 27.0 79.0 53.0
obstacle
0.0225993376225
200.0 214.0 17.0 24.0
obstacle
0.0223680399358
37.0 177.0 40.0 12.0
obstacle
0.0222964379936
202.0 157.0 19.0 11.0
obstacle
0.022295743227
350.0 53.0 109.0 42.0
obstacle
0.0221826992929
394.0 34.0 19.0 40.0
obstacle
0.0221711304039
395.0 95.0 91.0 46.0
obstacle
0.0220482312143
179.0 117.0 62.0 47.0
obstacle
0.0220151934773
12.0 6.0 93.0 50.0
obstacle
0.0219823345542
0.0 73.0 55.0 48.0
obstacle
0.0219466648996
432.0 199.0 27.0 10.0
obstacle
0.0219056122005
442.0 25.0 58.0 56.0
obstacle
0.0218912549317
246.0 51.0 82.0 49.0
obstacle
0.0218040402979
394.0 13.0 98.0 37.0
obstacle
0.0216272398829
7.0 181.0 16.0 45.0
obstacle
0.0215802770108
459.0 4.0 41.0 12.0
obstacle
0.0215059798211
268.0 158.0 41.0 11.0
obstacle
0.0214782916009
393.0 166.0 17.0 33.0
obstacle
0.0214419141412
21.0 31.0 73.0 43.0
obstacle
0.0213777385652
315.0 165.0 22.0 38.0
obstacle
0.0213721357286
443.0 88.0 57.0 59.0
obstacle
0.0212047491223
123.0 145.0 22.0 30.0
obstacle
0.0210813749582
351.0 208.0 26.0 41.0
obstacle
0.0209855772555
289.0 54.0 73.0 43.0
obstacle
0.0208942275494
0.0 0.0 150.0 84.0
obstacle
0.0208241548389
48.0 50.0 19.0 51.0
obstacle
0.0208122562617
224.0 4.0 52.0 12.0
obstacle
0.0207992866635
476.0 211.0 16.0 28.0
obstacle
0.0207442771643
351.0 156.0 35.0 12.0
obstacle
0.0207366012037
127.0 208.0 15.0 35.0
obstacle
0.0207050424069
246.0 95.0 84.0 46.0
obstacle
0.0205268748105
414.0 46.0 56.0 14.0
obstacle
0.0204819981009
262.0 5.0 53.0 11.0
obstacle
0.0203113034368
361.0 73.0 88.0 47.0
obstacle
0.0202486515045
33.0 221.0 46.0 10.0
obstacle
0.0202407762408
109.0 69.0 46.0 13.0
obstacle
0.0201853904873
6.0 79.0 15.0 36.0
obstacle
0.0201621409506
30.0 69.0 51.0 13.0
obstacle
0.0200896542519
355.0 31.0 101.0 45.0
obstacle
0.0199503339827
395.0 54.0 18.0 41.0
obstacle
0.0199027992785
201.0 78.0 97.0 38.0
obstacle
0.0198861919343
174.0 96.0 77.0 40.0
obstacle
0.0198758114129
72.0 69.0 45.0 12.0
obstacle
0.0198368728161
109.0 5.0 50.0 11.0
obstacle
0.01983278431
231.0 198.0 37.0 11.0
obstacle
0.0197098460048
86.0 57.0 20.0 36.0
obstacle
0.0195661298931
46.0 208.0 18.0 36.0
obstacle
0.01950856857
150.0 198.0 48.0 15.0
obstacle
0.0194034613669
117.0 154.0 34.0 12.0
obstacle
0.0193082969636
112.0 28.0 276.0 94.0
obstacle
0.0192979443818
162.0 106.0 16.0 26.0
obstacle
0.0192885324359
201.0 80.0 21.0 33.0
obstacle
0.0192699581385
310.0 158.0 36.0 9.0
obstacle
0.0192644055933
0.0 5.0 39.0 10.0
obstacle
0.0191818587482
60.0 27.0 70.0 54.0
obstacle
0.0191816315055
415.0 4.0 53.0 11.0
obstacle
0.0191764440387
85.0 162.0 22.0 39.0
obstacle
0.0191233307123
238.0 144.0 18.0 36.0
obstacle
0.0189240686595
147.0 4.0 51.0 11.0
obstacle
0.0188917219639
440.0 47.0 60.0 56.0
obstacle
0.0187314748764
185.0 252.0 136.0 28.0
obstacle
0.0186243914068
0.0 57.0 199.0 85.0
obstacle
0.0185828916728
407.0 107.0 72.0 63.0
obstacle
0.0185779538006
154.0 175.0 39.0 14.0
obstacle
0.0185450706631
35.0 198.0 46.0 12.0
obstacle
0.0184693653136
7.0 60.0 12.0 32.0
obstacle
0.0184551347047
462.0 240.0 38.0 13.0
obstacle
0.01835247688
289.0 28.0 75.0 50.0
obstacle
0.0183390658349
85.0 248.0 18.0 32.0
obstacle
0.0183202978224
322.0 87.0 86.0 63.0
obstacle
0.0182292517275
195.0 113.0 34.0 10.0
obstacle
0.0182292312384
362.0 12.0 87.0 39.0
obstacle
0.0182048715651
242.0 73.0 88.0 45.0
obstacle
0.0181953497231
0.0 112.0 38.0 12.0
obstacle
0.0180991329253
101.0 76.0 67.0 43.0
obstacle
0.0180610809475
243.0 27.0 92.0 53.0
obstacle
0.0180413145572
124.0 228.0 19.0 38.0
obstacle
0.0180165544152
230.0 157.0 40.0 11.0
obstacle
0.0180095490068
319.0 28.0 93.0 50.0
obstacle
0.0179929044098
320.0 7.0 91.0 50.0
obstacle
0.0179876685143
163.0 199.0 19.0 12.0
obstacle
0.0179845076054
184.0 4.0 54.0 12.0
obstacle
0.0179839804769
210.0 29.0 76.0 49.0
obstacle
0.0179299265146
194.0 219.0 34.0 11.0
obstacle
0.0179279092699
56.0 200.0 81.0 49.0
obstacle
0.0178424399346
45.0 75.0 23.0 44.0
obstacle
0.0178269706666
300.0 5.0 53.0 11.0
obstacle
0.017810896039
429.0 219.0 32.0 10.0
obstacle
0.017755754292
54.0 173.0 81.0 61.0
obstacle
0.0177349727601
2.0 155.0 34.0 12.0
obstacle
0.0176869202405
8.0 147.0 14.0 28.0
obstacle
0.0176781546324
356.0 240.0 22.0 9.0
obstacle
0.0176690854132
134.0 29.0 74.0 49.0
obstacle
0.0175920203328
74.0 93.0 41.0 11.0
obstacle
0.0175821408629
210.0 112.0 79.0 57.0
obstacle
0.0175750907511
125.0 80.0 18.0 35.0
obstacle
0.0174320954829
0.0 242.0 38.0 10.0
obstacle
0.017385058105
209.0 203.0 88.0 43.0
obstacle
0.0173836015165
303.0 25.0 50.0 13.0
obstacle
0.0173427518457
187.0 69.0 50.0 14.0
obstacle
0.0173423793167
459.0 133.0 41.0 13.0
obstacle
0.0173136144876
433.0 55.0 20.0 39.0
obstacle
0.0171521566808
315.0 145.0 20.0 35.0
obstacle
0.0170934423804
392.0 0.0 20.0 33.0
obstacle
0.0170708429068
390.0 177.0 31.0 11.0
obstacle
0.016978751868
376.0 68.0 56.0 14.0
obstacle
0.0169312525541
194.0 176.0 34.0 13.0
obstacle
0.016911784187
185.0 91.0 51.0 12.0
obstacle
0.0169078074396
355.0 34.0 19.0 39.0
obstacle
0.0168825462461
340.0 5.0 50.0 10.0
obstacle
0.0168477315456
431.0 15.0 20.0 37.0
obstacle
0.0167817603797
271.0 219.0 33.0 11.0
obstacle
0.0167464613914
328.0 71.0 76.0 49.0
obstacle
0.0167431123555
459.0 47.0 41.0 13.0
obstacle
0.0166947972029
416.0 68.0 54.0 12.0
obstacle
0.0166472867131
174.0 28.0 78.0 49.0
obstacle
0.016579573974
113.0 91.0 39.0 12.0
obstacle
0.0165631882846
393.0 191.0 15.0 29.0
obstacle
0.0164472833276
164.0 78.0 19.0 36.0
obstacle
0.0163731686771
324.0 115.0 84.0 52.0
obstacle
0.0163273066282
74.0 176.0 43.0 11.0
obstacle
0.0163206923753
248.0 204.0 80.0 43.0
obstacle
0.0163027886301
211.0 231.0 85.0 27.0
obstacle
0.0163018070161
249.0 115.0 77.0 50.0
obstacle
0.0161999519914
378.0 47.0 51.0 14.0
obstacle
0.0161850247532
436.0 209.0 14.0 33.0
obstacle
0.0161628015339
316.0 232.0 19.0 28.0
