obstacle
0.595810234547
181.0 142.0 55.0 54.0
obstacle
0.424061924219
148.0 185.0 117.0 58.0
obstacle
0.233972862363
153.0 160.0 110.0 65.0
obstacle
0.223023220897
135.0 169.0 92.0 55.0
obstacle
0.195575460792
150.0 145.0 58.0 50.0
obstacle
0.124656192958
148.0 216.0 120.0 41.0
obstacle
0.110735557973
197.0 191.0 82.0 46.0
obstacle
0.102061659098
197.0 170.0 85.0 48.0
obstacle
0.0824842900038
200.0 171.0 20.0 39.0
obstacle
0.0814170017838
217.0 139.0 51.0 60.0
obstacle
0.0791069790721
194.0 218.0 94.0 41.0
obstacle
0.0735312774777
130.0 152.0 225.0 86.0
obstacle
0.0727586969733
106.0 187.0 79.0 59.0
obstacle
0.0694096535444
0.0 178.0 284.0 77.0
obstacle
0.0687156245112
166.0 172.0 16.0 38.0
obstacle
0.0629321113229
33.0 150.0 215.0 91.0
obstacle
0.0588051974773
159.0 149.0 19.0 40.0
obstacle
0.0587711445987
199.0 192.0 21.0 44.0
obstacle
0.0541904717684
194.0 158.0 35.0 20.0
obstacle
0.0540726110339
177.0 119.0 70.0 54.0
obstacle
0.0523829124868
396.0 144.0 94.0 44.0
obstacle
0.0514241866767
113.0 145.0 59.0 47.0
obstacle
0.0461585223675
91.0 117.0 88.0 51.0
obstacle
0.0438724830747
109.0 163.0 74.0 66.0
obstacle
0.0427843518555
193.0 208.0 35.0 18.0
obstacle
0.0400824658573
95.0 90.0 76.0 50.0
obstacle
0.0386785566807
154.0 160.0 33.0 15.0
obstacle
0.0383967347443
445.0 137.0 55.0 60.0
obstacle
0.0381892137229
204.0 114.0 17.0 59.0
obstacle
0.0377749018371
60.0 113.0 74.0 55.0
obstacle
0.0374227389693
322.0 2.0 178.0 124.0
obstacle
0.0369936488569
393.0 98.0 98.0 32.0
obstacle
0.0368431285024
167.0 193.0 16.0 43.0
obstacle
0.0368085093796
220.0 112.0 57.0 60.0
obstacle
0.0362241342664
98.0 215.0 87.0 54.0
obstacle
0.035875659436
69.0 196.0 212.0 86.0
obstacle
0.0355645753443
55.0 91.0 83.0 48.0
obstacle
0.0355247482657
448.0 53.0 52.0 73.0
obstacle
0.0353596433997
291.0 110.0 74.0 61.0
obstacle
0.0352991186082
280.0 213.0 92.0 59.0
obstacle
0.0352519527078
252.0 129.0 65.0 74.0
obstacle
0.0350232385099
402.0 120.0 83.0 41.0
obstacle
0.0347635224462
452.0 115.0 48.0 52.0
obstacle
0.033518653363
280.0 187.0 91.0 62.0
obstacle
0.033317796886
249.0 111.0 80.0 59.0
obstacle
0.0332373417914
13.0 217.0 91.0 51.0
obstacle
0.0331290736794
132.0 93.0 82.0 44.0
obstacle
0.0330910868943
127.0 146.0 18.0 43.0
obstacle
0.0326774269342
444.0 86.0 56.0 60.0
obstacle
0.0325090326369
141.0 111.0 65.0 67.0
obstacle
0.032368902117
397.0 164.0 93.0 54.0
obstacle
0.0319827347994
279.0 88.0 95.0 53.0
obstacle
0.0319522470236
0.0 60.0 294.0 112.0
obstacle
0.0317700169981
130.0 171.0 13.0 40.0
obstacle
0.0316710807383
240.0 176.0 15.0 33.0
obstacle
0.0316285230219
0.0 215.0 58.0 54.0
obstacle
0.0315812453628
244.0 87.0 90.0 55.0
obstacle
0.031449560076
447.0 159.0 53.0 65.0
obstacle
0.0313133560121
247.0 221.0 74.0 41.0
obstacle
0.0309816654772
271.0 296.0 106.0 37.0
obstacle
0.0305659882724
364.0 140.0 82.0 52.0
obstacle
0.0297799278051
130.0 59.0 370.0 112.0
obstacle
0.0295403636992
284.0 158.0 83.0 67.0
obstacle
0.0292984452099
18.0 163.0 82.0 57.0
obstacle
0.0292529929429
445.0 20.0 55.0 88.0
obstacle
0.0292121153325
444.0 185.0 56.0 64.0
obstacle
0.0291482862085
400.0 67.0 87.0 46.0
obstacle
0.0288924891502
328.0 112.0 74.0 59.0
obstacle
0.0287508890033
15.0 186.0 86.0 60.0
obstacle
0.0287360753864
18.0 116.0 80.0 46.0
obstacle
0.0283113755286
163.0 117.0 18.0 52.0
obstacle
0.0282809659839
170.0 92.0 84.0 46.0
obstacle
0.0276667959988
238.0 148.0 18.0 40.0
obstacle
0.0272358730435
235.0 185.0 25.0 15.0
obstacle
0.0269895121455
314.0 297.0 99.0 36.0
obstacle
0.0269480869174
125.0 117.0 22.0 50.0
obstacle
0.0264342594892
317.0 89.0 96.0 50.0
obstacle
0.0263005830348
229.0 42.0 271.0 94.0
obstacle
0.026269743219
445.0 0.0 55.0 48.0
obstacle
0.0262517258525
439.0 300.0 61.0 33.0
obstacle
0.0261218771338
284.0 130.0 86.0 72.0
obstacle
0.0258453767747
53.0 139.0 88.0 57.0
obstacle
0.025822782889
325.0 136.0 81.0 62.0
obstacle
0.0258175432682
212.0 89.0 75.0 51.0
obstacle
0.0257055386901
322.0 209.0 87.0 67.0
obstacle
0.0251728892326
0.0 187.0 236.0 112.0
obstacle
0.0250902380794
20.0 0.0 74.0 39.0
obstacle
0.0250745099038
18.0 138.0 81.0 56.0
obstacle
0.0248732436448
430.0 62.0 22.0 54.0
obstacle
0.0248096846044
54.0 219.0 90.0 47.0
obstacle
0.0248093958944
113.0 109.0 41.0 13.0
obstacle
0.0246802475303
0.0 0.0 59.0 38.0
obstacle
0.0246619954705
358.0 94.0 95.0 41.0
obstacle
0.0244921017438
0.0 115.0 56.0 51.0
obstacle
0.0244230981916
364.0 30.0 83.0 67.0
obstacle
0.0244076736271
114.0 136.0 39.0 13.0
obstacle
0.0241654925048
396.0 190.0 94.0 54.0
obstacle
0.0241353455931
371.0 121.0 68.0 41.0
obstacle
0.0237139295787
14.0 92.0 90.0 44.0
obstacle
0.0235223490745
60.0 124.0 229.0 93.0
obstacle
0.0235127639025
87.0 119.0 20.0 42.0
obstacle
0.0231624543667
96.0 62.0 79.0 57.0
obstacle
0.023125872016
461.0 55.0 39.0 16.0
obstacle
0.0228727310896
134.0 24.0 78.0 79.0
obstacle
0.0228181798011
53.0 65.0 89.0 50.0
obstacle
0.0228131487966
94.0 26.0 82.0 75.0
obstacle
0.0227249898016
323.0 0.0 84.0 40.0
obstacle
0.0224868617952
209.0 23.0 82.0 81.0
obstacle
0.022464107722
196.0 137.0 31.0 12.0
obstacle
0.0224544554949
240.0 198.0 17.0 32.0
obstacle
0.0224027857184
326.0 25.0 80.0 76.0
obstacle
0.0222027394921
393.0 34.0 103.0 59.0
obstacle
0.0221796501428
86.0 146.0 18.0 42.0
obstacle
0.0221256911755
127.0 197.0 16.0 37.0
obstacle
0.0221220701933
150.0 133.0 350.0 118.0
obstacle
0.0220788847655
193.0 186.0 30.0 12.0
obstacle
0.0220471750945
461.0 81.0 39.0 14.0
obstacle
0.0220344550908
324.0 189.0 83.0 58.0
obstacle
0.0218960363418
417.0 57.0 52.0 14.0
obstacle
0.0218864511698
461.0 158.0 39.0 15.0
obstacle
0.0217954292893
124.0 92.0 21.0 48.0
obstacle
0.0217605289072
300.0 111.0 200.0 112.0
obstacle
0.0217330288142
59.0 167.0 82.0 51.0
obstacle
0.0217208843678
398.0 0.0 90.0 40.0
obstacle
0.021718332544
172.0 23.0 80.0 81.0
obstacle
0.0216892603785
45.0 293.0 104.0 40.0
obstacle
0.0216581951827
418.0 159.0 47.0 14.0
obstacle
0.0216462817043
247.0 23.0 83.0 80.0
obstacle
0.0216086506844
56.0 0.0 81.0 41.0
obstacle
0.0214750319719
0.0 295.0 64.0 38.0
obstacle
0.0214540846646
173.0 62.0 79.0 56.0
obstacle
0.021422944963
416.0 82.0 53.0 16.0
obstacle
0.0213039573282
477.0 62.0 16.0 54.0
obstacle
0.0212765485048
170.0 267.0 313.0 66.0
obstacle
0.0211576595902
286.0 25.0 82.0 76.0
obstacle
0.0210954453796
363.0 64.0 86.0 52.0
obstacle
0.0210878979415
135.0 62.0 78.0 57.0
obstacle
0.0209285039455
285.0 0.0 83.0 41.0
obstacle
0.0208982210606
463.0 108.0 37.0 13.0
obstacle
0.0208801757544
158.0 0.0 336.0 69.0
obstacle
0.0208154115826
443.0 208.0 57.0 70.0
obstacle
0.0206837598234
67.0 34.0 361.0 112.0
obstacle
0.0206733737141
446.0 239.0 54.0 59.0
obstacle
0.0206459667534
235.0 295.0 105.0 38.0
obstacle
0.0206320919096
475.0 38.0 17.0 53.0
obstacle
0.0206105764955
278.0 114.0 21.0 53.0
obstacle
0.0204355735332
395.0 62.0 20.0 54.0
obstacle
0.0203169882298
93.0 0.0 83.0 41.0
obstacle
0.0202977973968
421.0 109.0 42.0 12.0
obstacle
0.0202208030969
398.0 216.0 89.0 54.0
obstacle
0.0202199332416
431.0 39.0 21.0 51.0
obstacle
0.0202130768448
0.0 160.0 58.0 64.0
obstacle
0.0201899781823
91.0 241.0 89.0 51.0
obstacle
0.0201393719763
363.0 189.0 83.0 54.0
obstacle
0.0200625825673
365.0 166.0 80.0 50.0
obstacle
0.019992172718
246.0 0.0 84.0 42.0
obstacle
0.019936978817
153.0 110.0 42.0 12.0
obstacle
0.0198567807674
0.0 186.0 54.0 61.0
obstacle
0.0198426768184
322.0 235.0 87.0 67.0
obstacle
0.019806008786
0.0 105.0 223.0 125.0
obstacle
0.0197547934949
345.0 269.0 155.0 64.0
obstacle
0.0197104774415
169.0 0.0 84.0 41.0
obstacle
0.0197047386318
208.0 0.0 84.0 42.0
obstacle
0.019615015015
363.0 0.0 82.0 39.0
obstacle
0.0196096710861
0.0 136.0 57.0 59.0
obstacle
0.0195989459753
131.0 0.0 84.0 41.0
obstacle
0.0195865780115
120.0 161.0 33.0 12.0
obstacle
0.0195209756494
154.0 138.0 36.0 10.0
obstacle
0.0194254498929
461.0 184.0 39.0 14.0
obstacle
0.0193040594459
394.0 95.0 18.0 39.0
obstacle
0.0192300416529
360.0 215.0 88.0 56.0
obstacle
0.0192115288228
212.0 60.0 77.0 59.0
obstacle
0.0191533304751
197.0 293.0 104.0 40.0
obstacle
0.0191130433232
283.0 235.0 89.0 65.0
obstacle
0.0190405156463
286.0 60.0 84.0 59.0
obstacle
0.0190141703933
461.0 314.0 39.0 15.0
obstacle
0.0190131161362
52.0 28.0 89.0 72.0
obstacle
0.0189105961472
159.0 294.0 107.0 39.0
obstacle
0.0189082417637
0.0 0.0 307.0 70.0
obstacle
0.0188968088478
378.0 160.0 48.0 14.0
obstacle
0.0187296308577
401.0 239.0 83.0 59.0
obstacle
0.0186959840357
393.0 35.0 21.0 58.0
obstacle
0.0186743177474
356.0 300.0 16.0 33.0
obstacle
0.0186385158449
270.0 133.0 36.0 14.0
obstacle
0.018632883206
318.0 120.0 19.0 41.0
obstacle
0.0185161754489
431.0 143.0 22.0 45.0
obstacle
0.0184680204839
233.0 210.0 30.0 11.0
obstacle
0.0184191260487
280.0 91.0 20.0 49.0
obstacle
0.0183960199356
11.0 261.0 94.0 63.0
obstacle
0.0183497704566
303.0 109.0 46.0 13.0
obstacle
0.0183494240046
0.0 263.0 55.0 61.0
obstacle
0.0182667803019
73.0 134.0 45.0 14.0
obstacle
0.0182610452175
350.0 299.0 104.0 34.0
obstacle
0.0181209743023
58.0 191.0 82.0 54.0
obstacle
0.0180889442563
25.0 267.0 294.0 66.0
obstacle
0.0180394761264
391.0 143.0 21.0 47.0
obstacle
0.0180349610746
301.0 313.0 50.0 16.0
obstacle
0.0180158857256
254.0 161.0 59.0 61.0
obstacle
0.0180069506168
317.0 93.0 19.0 45.0
obstacle
0.0180063489825
171.0 187.0 312.0 112.0
obstacle
0.0179731044918
248.0 59.0 82.0 62.0
obstacle
0.0179454125464
478.0 94.0 15.0 42.0
obstacle
0.0178955942392
327.0 8.0 80.0 59.0
obstacle
0.017874063924
47.0 169.0 19.0 48.0
obstacle
0.0178365968168
286.0 7.0 84.0 61.0
obstacle
0.0178355202079
364.0 10.0 84.0 55.0
obstacle
0.0178305655718
323.0 61.0 88.0 57.0
obstacle
0.0178249608725
342.0 109.0 45.0 13.0
obstacle
0.0177885815501
76.0 109.0 41.0 13.0
obstacle
0.0177758838981
195.0 234.0 36.0 13.0
obstacle
0.0176785029471
55.0 238.0 85.0 59.0
obstacle
0.0176700074226
357.0 94.0 18.0 42.0
obstacle
0.0176578909159
0.0 91.0 55.0 47.0
obstacle
0.0175882019103
53.0 263.0 88.0 62.0
obstacle
0.0175828579813
424.0 134.0 37.0 13.0
obstacle
0.0175291672349
382.0 110.0 41.0 12.0
obstacle
0.0174539573491
154.0 209.0 36.0 15.0
obstacle
0.0174488201737
419.0 185.0 46.0 14.0
obstacle
0.0173437353224
165.0 91.0 17.0 51.0
obstacle
0.0173295494169
241.0 116.0 15.0 50.0
obstacle
0.0172893106937
241.0 93.0 19.0 45.0
obstacle
0.0172870885581
321.0 162.0 87.0 59.0
obstacle
0.0172719284892
16.0 68.0 90.0 41.0
obstacle
0.0172267127782
305.0 235.0 44.0 14.0
obstacle
0.0171975307167
191.0 109.0 43.0 14.0
obstacle
0.0170206613839
379.0 57.0 51.0 14.0
obstacle
0.0170008223504
16.0 234.0 84.0 65.0
obstacle
0.0169767551124
82.0 294.0 104.0 39.0
obstacle
0.0169725716114
302.0 185.0 48.0 14.0
obstacle
0.0169515851885
0.0 237.0 36.0 13.0
obstacle
0.0169454682618
33.0 237.0 47.0 14.0
obstacle
0.0169083159417
52.0 7.0 90.0 60.0
obstacle
0.0168048329651
266.0 108.0 44.0 13.0
obstacle
0.0167758092284
431.0 97.0 21.0 36.0
obstacle
0.0167646706104
45.0 220.0 21.0 47.0
obstacle
0.0167124979198
126.0 62.0 20.0 55.0
obstacle
0.0167045984417
0.0 235.0 56.0 64.0
obstacle
0.0166632607579
92.0 7.0 87.0 60.0
obstacle
0.0166597217321
104.0 236.0 291.0 97.0
obstacle
0.0166372023523
305.0 211.0 195.0 117.0
obstacle
0.0165370255709
7.0 225.0 13.0 37.0
obstacle
0.0165175218135
0.0 32.0 61.0 64.0
obstacle
0.0164873301983
285.0 261.0 85.0 66.0
obstacle
0.0164722688496
342.0 313.0 44.0 16.0
obstacle
0.0163625180721
87.0 92.0 18.0 46.0
obstacle
0.0163210257888
280.0 298.0 17.0 35.0
obstacle
0.0162484422326
100.0 0.0 299.0 102.0
obstacle
0.0162479653955
308.0 162.0 192.0 111.0
obstacle
0.0162379778922
231.0 109.0 39.0 13.0
obstacle
0.0162020716816
318.0 299.0 15.0 34.0
obstacle
0.016157861799
46.0 118.0 19.0 43.0
obstacle
0.0161433536559
0.0 5.0 38.0 13.0
obstacle
0.0161192454398
460.0 210.0 40.0 13.0
obstacle
0.0160692762583
75.0 160.0 41.0 13.0
obstacle
0.0160436499864
165.0 235.0 91.0 61.0
obstacle
0.015985282138
169.0 6.0 87.0 63.0
obstacle
0.015984820202
434.0 124.0 17.0 34.0
obstacle
0.0159430745989
88.0 258.0 92.0 72.0
obstacle
0.0159408058971
236.0 160.0 22.0 16.0
obstacle
0.01591331698
200.0 239.0 93.0 54.0
obstacle
0.015891013667
34.0 186.0 45.0 12.0
obstacle
0.0158689804375
477.0 143.0 15.0 43.0
obstacle
0.0158237107098
466.0 133.0 33.0 13.0
obstacle
0.0158187225461
263.0 313.0 49.0 16.0
obstacle
0.0158139076084
9.0 292.0 96.0 41.0
obstacle
0.01575265266
432.0 169.0 20.0 46.0
obstacle
0.0157169029117
234.0 236.0 32.0 12.0
obstacle
0.0156759303063
20.0 30.0 79.0 66.0
obstacle
0.0155790718272
444.0 263.0 56.0 62.0
obstacle
0.0155008034781
203.0 92.0 17.0 50.0
obstacle
0.0154985878617
470.0 57.0 22.0 15.0
obstacle
0.0154536282644
33.0 135.0 45.0 13.0
obstacle
0.0154249379411
305.0 211.0 43.0 13.0
obstacle
0.0153895029798
0.0 11.0 60.0 54.0
obstacle
0.0153800006956
366.0 239.0 76.0 58.0
obstacle
0.0153436111286
241.0 296.0 16.0 37.0
obstacle
0.0153222698718
395.0 121.0 17.0 38.0
obstacle
0.0153054846451
0.0 38.0 222.0 103.0
obstacle
0.015303385444
15.0 8.0 89.0 57.0
obstacle
0.0152159472927
200.0 159.0 23.0 14.0
obstacle
0.0152119584382
322.0 261.0 86.0 67.0
obstacle
0.0151969520375
119.0 294.0 108.0 39.0
obstacle
0.0151929194108
400.0 10.0 92.0 54.0
obstacle
0.0151517894119
129.0 240.0 86.0 51.0
obstacle
0.015042710118
131.0 6.0 87.0 62.0
obstacle
0.0150338560343
0.0 63.0 58.0 53.0
obstacle
0.0149953272194
356.0 64.0 20.0 51.0
obstacle
0.0149832069874
340.0 235.0 49.0 14.0
obstacle
0.0149046601728
200.0 258.0 101.0 71.0
obstacle
0.0148708717898
317.0 169.0 19.0 47.0
obstacle
0.014824859798
465.0 6.0 35.0 13.0
obstacle
0.014811065048
459.0 262.0 41.0 13.0
obstacle
0.0147264823318
344.0 7.0 44.0 11.0
obstacle
0.0146484496072
341.0 159.0 48.0 15.0
obstacle
0.0146108241752
431.0 56.0 23.0 16.0
obstacle
0.0145876891911
382.0 82.0 44.0 14.0
obstacle
0.0145156858489
471.0 83.0 21.0 15.0
obstacle
0.0144749749452
395.0 299.0 93.0 34.0
obstacle
0.0144729875028
355.0 195.0 19.0 45.0
obstacle
0.014452480711
394.0 56.0 20.0 15.0
