obstacle
0.59313583374
288.0 156.0 62.0 67.0
obstacle
0.49400433898
258.0 157.0 71.0 66.0
obstacle
0.4436622262
213.0 148.0 86.0 42.0
obstacle
0.171789184213
5.0 85.0 25.0 13.0
obstacle
0.155403763056
0.0 76.0 55.0 29.0
obstacle
0.143626943231
209.0 122.0 155.0 97.0
obstacle
0.14055301249
294.0 143.0 57.0 57.0
obstacle
0.133932501078
313.0 159.0 27.0 61.0
obstacle
0.124285422266
8.0 77.0 14.0 27.0
obstacle
0.113604418933
246.0 144.0 80.0 56.0
obstacle
0.0999119579792
312.0 136.0 27.0 14.0
obstacle
0.0988347381353
179.0 146.0 87.0 47.0
obstacle
0.0905669629574
277.0 165.0 24.0 48.0
obstacle
0.0844958052039
280.0 185.0 82.0 51.0
obstacle
0.082582898438
318.0 127.0 19.0 34.0
obstacle
0.0804693624377
250.0 189.0 89.0 44.0
obstacle
0.079725317657
0.0 95.0 46.0 34.0
obstacle
0.0747038349509
221.0 134.0 207.0 116.0
obstacle
0.0711374208331
293.0 127.0 62.0 39.0
obstacle
0.0700075030327
16.0 125.0 84.0 30.0
obstacle
0.0694533884525
319.0 149.0 19.0 37.0
obstacle
0.0690144225955
325.0 141.0 63.0 55.0
obstacle
0.066989056766
324.0 159.0 65.0 64.0
obstacle
0.0657364279032
0.0 45.0 174.0 88.0
obstacle
0.0646452307701
306.0 181.0 44.0 19.0
obstacle
0.064241759479
56.0 121.0 81.0 38.0
obstacle
0.0598711073399
59.0 95.0 74.0 35.0
obstacle
0.0588269084692
242.0 150.0 20.0 32.0
obstacle
0.0575461983681
7.0 108.0 21.0 11.0
obstacle
0.0573812201619
24.0 101.0 64.0 25.0
obstacle
0.0556808523834
238.0 158.0 27.0 18.0
obstacle
0.0554874390364
76.0 118.0 274.0 100.0
obstacle
0.0546678639948
97.0 92.0 75.0 44.0
obstacle
0.0531653873622
157.0 150.0 194.0 79.0
obstacle
0.0515921711922
22.0 76.0 65.0 29.0
obstacle
0.0513799265027
0.0 120.0 52.0 36.0
obstacle
0.0512993521988
93.0 115.0 80.0 51.0
obstacle
0.0502053759992
52.0 71.0 86.0 35.0
obstacle
0.0494460202754
171.0 193.0 84.0 50.0
obstacle
0.0491747781634
327.0 116.0 71.0 53.0
obstacle
0.0459308326244
42.0 85.0 30.0 10.0
obstacle
0.0451526194811
80.0 82.0 32.0 13.0
obstacle
0.0448353290558
136.0 192.0 78.0 53.0
obstacle
0.0410478711128
362.0 189.0 80.0 54.0
obstacle
0.0402742363513
363.0 118.0 82.0 48.0
obstacle
0.0400885567069
314.0 160.0 24.0 12.0
obstacle
0.03905909881
0.0 37.0 51.0 59.0
obstacle
0.0382865592837
6.0 162.0 335.0 112.0
obstacle
0.0373592190444
48.0 76.0 13.0 27.0
obstacle
0.037045288831
214.0 88.0 74.0 54.0
obstacle
0.036676954478
132.0 88.0 83.0 53.0
obstacle
0.0364935658872
289.0 89.0 77.0 52.0
obstacle
0.0364541001618
4.0 58.0 29.0 14.0
obstacle
0.0362129285932
207.0 187.0 97.0 54.0
obstacle
0.0356602445245
5.0 134.0 26.0 11.0
obstacle
0.0351321510971
46.0 39.0 20.0 50.0
obstacle
0.0349561013281
43.0 299.0 105.0 34.0
obstacle
0.0348928272724
279.0 189.0 23.0 49.0
obstacle
0.0346996299922
316.0 190.0 20.0 47.0
obstacle
0.0345524922013
280.0 148.0 18.0 40.0
obstacle
0.0345514565706
156.0 169.0 268.0 95.0
obstacle
0.0344958901405
353.0 168.0 16.0 44.0
obstacle
0.0341554880142
9.0 100.0 11.0 23.0
obstacle
0.0339762382209
127.0 134.0 96.0 63.0
obstacle
0.0338599160314
365.0 132.0 79.0 68.0
obstacle
0.0327454209328
250.0 88.0 78.0 54.0
obstacle
0.0324068553746
60.0 36.0 74.0 56.0
obstacle
0.0322505757213
173.0 85.0 78.0 59.0
obstacle
0.0318023972213
63.0 60.0 372.0 113.0
obstacle
0.0317819342017
83.0 106.0 26.0 12.0
obstacle
0.0314668640494
271.0 182.0 34.0 18.0
obstacle
0.0313094072044
25.0 42.0 68.0 48.0
obstacle
0.0310189463198
0.0 35.0 320.0 109.0
obstacle
0.0306916963309
246.0 58.0 86.0 63.0
obstacle
0.0305308178067
397.0 88.0 88.0 52.0
obstacle
0.030366782099
132.0 116.0 81.0 50.0
obstacle
0.0302391275764
351.0 298.0 105.0 35.0
obstacle
0.030101493001
183.0 93.0 284.0 103.0
obstacle
0.0299929194152
89.0 188.0 92.0 59.0
obstacle
0.0297953244299
231.0 109.0 37.0 13.0
obstacle
0.0295387208462
45.0 109.0 22.0 10.0
obstacle
0.0290670692921
402.0 135.0 80.0 60.0
obstacle
0.0289816465229
58.0 7.0 80.0 61.0
obstacle
0.0286948364228
311.0 109.0 32.0 13.0
obstacle
0.0283028241247
51.0 188.0 93.0 60.0
obstacle
0.0282866526395
241.0 94.0 19.0 44.0
obstacle
0.0282202363014
394.0 188.0 94.0 58.0
obstacle
0.0282059777528
446.0 107.0 54.0 67.0
obstacle
0.028197709471
8.0 298.0 102.0 35.0
obstacle
0.0281348899007
408.0 115.0 69.0 52.0
obstacle
0.0281318929046
252.0 120.0 76.0 53.0
obstacle
0.0281049609184
79.0 297.0 112.0 36.0
obstacle
0.0280825942755
0.0 71.0 138.0 84.0
obstacle
0.0280716624111
321.0 187.0 80.0 54.0
obstacle
0.0279793348163
443.0 79.0 57.0 72.0
obstacle
0.0278567168862
205.0 59.0 92.0 62.0
obstacle
0.0278471261263
79.0 132.0 34.0 14.0
obstacle
0.0274627953768
191.0 295.0 116.0 38.0
obstacle
0.0273854956031
240.0 213.0 102.0 54.0
obstacle
0.027376467362
51.0 138.0 89.0 55.0
obstacle
0.0272992551327
27.0 12.0 66.0 52.0
obstacle
0.0272386763245
205.0 145.0 18.0 41.0
obstacle
0.0269172210246
47.0 236.0 97.0 65.0
obstacle
0.0268619079143
14.0 142.0 90.0 45.0
obstacle
0.0268431976438
86.0 67.0 95.0 45.0
obstacle
0.0267475005239
94.0 139.0 81.0 52.0
obstacle
0.0262365564704
40.0 134.0 35.0 12.0
obstacle
0.0261084977537
219.0 121.0 62.0 49.0
obstacle
0.0260755363852
354.0 159.0 95.0 63.0
obstacle
0.025909120217
318.0 54.0 182.0 122.0
obstacle
0.0258433334529
243.0 126.0 17.0 36.0
obstacle
0.0258162561804
117.0 107.0 34.0 12.0
obstacle
0.0258152186871
316.0 295.0 99.0 38.0
obstacle
0.0257017798722
395.0 161.0 91.0 61.0
obstacle
0.0256812386215
198.0 159.0 33.0 16.0
obstacle
0.025456238538
446.0 50.0 54.0 79.0
obstacle
0.0254183635116
315.0 0.0 185.0 104.0
obstacle
0.0253940746188
128.0 212.0 89.0 57.0
obstacle
0.0253422297537
169.0 211.0 85.0 59.0
obstacle
0.0253077279776
445.0 131.0 55.0 70.0
obstacle
0.0251180958003
10.0 48.0 12.0 33.0
obstacle
0.025032736361
363.0 88.0 82.0 52.0
obstacle
0.0249634347856
0.0 0.0 59.0 41.0
obstacle
0.0247843433172
366.0 28.0 79.0 71.0
obstacle
0.0245476029813
290.0 61.0 77.0 58.0
obstacle
0.0244771819562
48.0 101.0 14.0 25.0
obstacle
0.0244385506958
439.0 296.0 61.0 37.0
obstacle
0.0244329310954
271.0 108.0 35.0 15.0
obstacle
0.0243494622409
329.0 88.0 75.0 54.0
obstacle
0.0242822095752
321.0 259.0 88.0 70.0
obstacle
0.0242152102292
110.0 82.0 47.0 14.0
obstacle
0.0241691377014
125.0 161.0 98.0 58.0
obstacle
0.0240994505584
116.0 133.0 35.0 14.0
obstacle
0.0240285135806
88.0 117.0 18.0 47.0
obstacle
0.0239695180207
364.0 211.0 81.0 61.0
obstacle
0.0239595882595
279.0 95.0 20.0 42.0
obstacle
0.0238216985017
38.0 59.0 40.0 13.0
obstacle
0.0237601231784
22.0 0.0 72.0 40.0
obstacle
0.0236828066409
235.0 139.0 31.0 12.0
obstacle
0.0236767027527
17.0 238.0 83.0 58.0
obstacle
0.0236287880689
206.0 265.0 90.0 59.0
obstacle
0.0235709063709
444.0 0.0 56.0 49.0
obstacle
0.0235538706183
164.0 197.0 18.0 43.0
obstacle
0.0235332883894
289.0 23.0 77.0 81.0
obstacle
0.023468112573
203.0 194.0 19.0 46.0
obstacle
0.0234482828528
116.0 295.0 113.0 38.0
obstacle
0.0233679469675
0.0 11.0 52.0 56.0
obstacle
0.0232836659998
316.0 268.0 184.0 65.0
obstacle
0.0229676365852
153.0 213.0 42.0 13.0
obstacle
0.0229307040572
282.0 260.0 89.0 68.0
obstacle
0.0228164773434
328.0 24.0 76.0 78.0
obstacle
0.0227723326534
133.0 0.0 80.0 42.0
obstacle
0.0226911306381
97.0 5.0 76.0 65.0
obstacle
0.0226793140173
52.0 209.0 91.0 67.0
obstacle
0.0226639434695
440.0 184.0 60.0 66.0
obstacle
0.0224619153887
407.0 209.0 72.0 66.0
obstacle
0.0223958250135
327.0 61.0 80.0 58.0
obstacle
0.0223386418074
203.0 92.0 17.0 46.0
obstacle
0.0221965871751
317.0 185.0 22.0 15.0
obstacle
0.0221712011844
250.0 23.0 79.0 81.0
obstacle
0.022159518674
170.0 0.0 83.0 43.0
obstacle
0.0220810305327
247.0 0.0 83.0 44.0
obstacle
0.0220286007971
76.0 57.0 39.0 14.0
obstacle
0.0220107082278
379.0 314.0 48.0 15.0
obstacle
0.0219781771302
285.0 0.0 83.0 43.0
obstacle
0.0219663176686
211.0 25.0 80.0 78.0
obstacle
0.0219071861356
123.0 62.0 99.0 56.0
obstacle
0.0218846518546
193.0 109.0 38.0 13.0
obstacle
0.0218730513006
194.0 0.0 306.0 71.0
obstacle
0.0217275321484
0.0 142.0 55.0 46.0
obstacle
0.0217028222978
347.0 135.0 32.0 12.0
obstacle
0.0216820947826
0.0 269.0 53.0 51.0
obstacle
0.0216240100563
12.0 267.0 92.0 52.0
obstacle
0.0214425455779
208.0 0.0 84.0 43.0
obstacle
0.0214147344232
91.0 211.0 85.0 63.0
obstacle
0.0213593170047
0.0 267.0 218.0 66.0
obstacle
0.0213479138911
86.0 68.0 21.0 43.0
obstacle
0.0213094353676
0.0 213.0 254.0 112.0
obstacle
0.0212962049991
321.0 217.0 90.0 50.0
obstacle
0.0212565176189
155.0 294.0 113.0 39.0
obstacle
0.0211345292628
280.0 63.0 20.0 54.0
obstacle
0.0211052186787
277.0 219.0 19.0 44.0
obstacle
0.0210954006761
323.0 0.0 84.0 42.0
obstacle
0.021062232554
172.0 25.0 80.0 78.0
obstacle
0.0210186783224
112.0 313.0 44.0 16.0
obstacle
0.0209695193917
3.0 0.0 339.0 71.0
obstacle
0.0209596306086
218.0 35.0 282.0 109.0
obstacle
0.0209445487708
97.0 32.0 75.0 64.0
obstacle
0.0209265910089
274.0 294.0 105.0 39.0
obstacle
0.0208594053984
318.0 98.0 18.0 35.0
obstacle
0.0208555776626
166.0 240.0 91.0 57.0
obstacle
0.0208159666508
355.0 237.0 99.0 61.0
obstacle
0.0207355935127
400.0 62.0 86.0 54.0
obstacle
0.0206636786461
403.0 238.0 78.0 60.0
obstacle
0.0205636546016
165.0 60.0 94.0 60.0
obstacle
0.0205212850124
230.0 295.0 115.0 38.0
obstacle
0.0204686839134
315.0 220.0 19.0 41.0
obstacle
0.0201896000654
132.0 27.0 82.0 74.0
obstacle
0.019899873063
364.0 0.0 80.0 40.0
obstacle
0.019780350849
58.0 0.0 77.0 42.0
obstacle
0.0197617355734
206.0 208.0 93.0 66.0
obstacle
0.0197047404945
386.0 135.0 36.0 11.0
obstacle
0.0196968540549
93.0 157.0 83.0 68.0
obstacle
0.0196299664676
241.0 62.0 19.0 56.0
obstacle
0.0196156613529
154.0 108.0 37.0 13.0
obstacle
0.0195980891585
48.0 160.0 98.0 61.0
obstacle
0.0195955540985
92.0 186.0 320.0 111.0
obstacle
0.0195694919676
244.0 262.0 89.0 63.0
obstacle
0.0195603650063
0.0 186.0 56.0 62.0
obstacle
0.0195349697024
88.0 96.0 16.0 36.0
obstacle
0.01953436248
0.0 161.0 56.0 60.0
obstacle
0.0195243284106
239.0 170.0 19.0 36.0
obstacle
0.0195114687085
397.0 0.0 92.0 40.0
obstacle
0.0194458384067
272.0 160.0 31.0 16.0
obstacle
0.0194302219898
86.0 37.0 19.0 52.0
obstacle
0.0194083135575
177.0 162.0 82.0 53.0
obstacle
0.01938778162
88.0 263.0 92.0 64.0
obstacle
0.019379414618
164.0 221.0 19.0 41.0
obstacle
0.0193737372756
0.0 133.0 247.0 117.0
obstacle
0.0193196125329
0.0 237.0 54.0 62.0
obstacle
0.019182337448
165.0 92.0 16.0 46.0
obstacle
0.0191464032978
8.0 128.0 10.0 22.0
obstacle
0.0191012714058
125.0 270.0 326.0 63.0
obstacle
0.0190659780055
323.0 234.0 86.0 67.0
obstacle
0.0189807452261
74.0 313.0 43.0 16.0
obstacle
0.0189642049372
443.0 155.0 57.0 74.0
obstacle
0.0187909472734
0.0 213.0 54.0 57.0
obstacle
0.0187802892178
274.0 215.0 105.0 51.0
obstacle
0.0187025442719
320.0 64.0 18.0 51.0
obstacle
0.01869982481
126.0 96.0 16.0 39.0
obstacle
0.018640268594
170.0 121.0 84.0 46.0
obstacle
0.0186106469482
0.0 86.0 303.0 111.0
obstacle
0.018609682098
395.0 299.0 17.0 34.0
obstacle
0.0185608435422
129.0 232.0 88.0 72.0
obstacle
0.0184495802969
357.0 122.0 17.0 38.0
obstacle
0.0184050109237
356.0 296.0 17.0 37.0
obstacle
0.0183931402862
367.0 63.0 77.0 54.0
obstacle
0.018227852881
202.0 233.0 96.0 71.0
obstacle
0.018177581951
241.0 237.0 93.0 61.0
obstacle
0.0181236434728
450.0 233.0 50.0 70.0
obstacle
0.0180104076862
461.0 313.0 39.0 15.0
obstacle
0.0178782958537
18.0 185.0 83.0 64.0
obstacle
0.0176973640919
203.0 237.0 297.0 96.0
obstacle
0.0175750106573
123.0 117.0 19.0 48.0
obstacle
0.0174228176475
446.0 207.0 54.0 72.0
obstacle
0.0172953270376
341.0 313.0 48.0 16.0
obstacle
0.0172349438071
366.0 5.0 79.0 64.0
obstacle
0.0171877611428
87.0 297.0 15.0 36.0
obstacle
0.0171841681004
194.0 212.0 35.0 14.0
obstacle
0.0170333907008
126.0 299.0 16.0 34.0
obstacle
0.0170322284102
394.0 93.0 20.0 44.0
obstacle
0.0168925505131
0.0 0.0 153.0 97.0
obstacle
0.0168805755675
48.0 121.0 19.0 37.0
obstacle
0.0168021488935
122.0 139.0 21.0 54.0
obstacle
0.0167420059443
226.0 83.0 49.0 15.0
obstacle
0.0165954250842
241.0 221.0 18.0 42.0
obstacle
0.0165733955801
154.0 134.0 39.0 14.0
obstacle
0.0165361687541
356.0 217.0 19.0 49.0
obstacle
0.0164598077536
85.0 140.0 22.0 50.0
obstacle
0.0164225324988
318.0 298.0 17.0 35.0
obstacle
0.0164079740644
395.0 119.0 18.0 43.0
obstacle
0.0163581501693
386.0 108.0 37.0 14.0
obstacle
0.0163328386843
74.0 210.0 45.0 15.0
obstacle
0.0162349175662
265.0 82.0 47.0 15.0
obstacle
0.0162161309272
310.0 206.0 31.0 16.0
obstacle
0.0162014067173
99.0 0.0 300.0 99.0
obstacle
0.0161386225373
125.0 68.0 19.0 44.0
obstacle
0.0160559881479
54.0 265.0 82.0 59.0
obstacle
0.0160237587988
279.0 82.0 20.0 14.0
obstacle
0.0160165131092
164.0 146.0 18.0 40.0
obstacle
0.0160058178008
149.0 313.0 47.0 16.0
obstacle
0.0159898772836
166.0 261.0 92.0 66.0
obstacle
0.0159725397825
358.0 65.0 19.0 49.0
obstacle
0.0159494224936
0.0 5.0 39.0 13.0
obstacle
0.0159398727119
355.0 265.0 20.0 59.0
obstacle
0.0159326922148
16.0 163.0 85.0 54.0
obstacle
0.0158790051937
422.0 109.0 38.0 12.0
obstacle
0.0158746857196
273.0 206.0 30.0 17.0
obstacle
0.0158723983914
240.0 82.0 21.0 14.0
obstacle
0.0158668532968
354.0 143.0 16.0 47.0
obstacle
0.015848884359
398.0 29.0 92.0 69.0
obstacle
0.015788026154
89.0 234.0 90.0 69.0
obstacle
0.0156659316272
461.0 133.0 39.0 14.0
obstacle
0.0156564414501
123.0 261.0 99.0 67.0
obstacle
0.0155865941197
476.0 300.0 14.0 33.0
obstacle
0.0155425583944
17.0 214.0 83.0 56.0
obstacle
0.0155068412423
39.0 244.0 345.0 89.0
obstacle
0.0155057040974
463.0 108.0 37.0 14.0
obstacle
0.0154699767008
164.0 65.0 20.0 50.0
obstacle
0.0154502931982
461.0 55.0 39.0 16.0
obstacle
0.0154131120071
70.0 184.0 52.0 15.0
obstacle
0.0153404176235
393.0 33.0 22.0 62.0
obstacle
0.0153313884512
323.0 109.0 177.0 114.0
obstacle
0.015328520909
226.0 312.0 47.0 16.0
obstacle
0.0152246076614
243.0 198.0 16.0 35.0
obstacle
0.0151776988059
356.0 262.0 95.0 63.0
obstacle
0.0151429064572
202.0 64.0 20.0 52.0
obstacle
0.0151009466499
154.0 234.0 39.0 15.0
obstacle
0.0150817595422
318.0 159.0 182.0 118.0
obstacle
0.0150120416656
85.0 192.0 21.0 50.0
