obstacle
0.618176162243
303.0 88.0 70.0 20.0
obstacle
0.518597006798
134.0 171.0 162.0 50.0
obstacle
0.391202479601
104.0 178.0 219.0 70.0
obstacle
0.380142688751
119.0 158.0 253.0 70.0
obstacle
0.351134687662
143.0 188.0 135.0 46.0
obstacle
0.206377118826
348.0 89.0 26.0 11.0
obstacle
0.19342045486
324.0 91.0 71.0 29.0
obstacle
0.184838920832
302.0 90.0 64.0 32.0
obstacle
0.131168305874
317.0 89.0 28.0 13.0
obstacle
0.130627796054
83.0 201.0 115.0 34.0
obstacle
0.120117120445
444.0 116.0 14.0 12.0
obstacle
0.114765830338
195.0 186.0 32.0 15.0
obstacle
0.114499822259
455.0 107.0 36.0 31.0
obstacle
0.103268697858
233.0 184.0 35.0 17.0
obstacle
0.100869946182
218.0 169.0 125.0 49.0
obstacle
0.0998404845595
176.0 149.0 78.0 48.0
obstacle
0.096303626895
357.0 100.0 94.0 26.0
obstacle
0.0916282609105
42.0 199.0 113.0 41.0
obstacle
0.0914727970958
222.0 191.0 120.0 44.0
obstacle
0.0892493203282
357.0 75.0 88.0 30.0
obstacle
0.0886879339814
204.0 173.0 18.0 38.0
obstacle
0.0835014730692
253.0 77.0 86.0 32.0
obstacle
0.0818256288767
0.0 198.0 114.0 42.0
obstacle
0.0807289779186
237.0 174.0 23.0 35.0
obstacle
0.0710778385401
249.0 93.0 85.0 40.0
obstacle
0.0690189301968
356.0 84.0 10.0 20.0
obstacle
0.0680886954069
193.0 147.0 109.0 49.0
obstacle
0.0673334375024
469.0 110.0 12.0 21.0
obstacle
0.0642436519265
431.0 110.0 31.0 23.0
obstacle
0.0634344667196
466.0 112.0 14.0 12.0
obstacle
0.0630478784442
322.0 82.0 11.0 22.0
obstacle
0.0622041076422
115.0 217.0 117.0 44.0
obstacle
0.0614029355347
208.0 69.0 87.0 42.0
obstacle
0.0604414753616
202.0 145.0 20.0 47.0
obstacle
0.0591328814626
449.0 109.0 46.0 53.0
obstacle
0.0579556040466
141.0 169.0 289.0 94.0
obstacle
0.0558265186846
315.0 103.0 27.0 12.0
obstacle
0.0550985001028
441.0 124.0 14.0 20.0
obstacle
0.054935451597
0.0 192.0 59.0 52.0
obstacle
0.0530621260405
210.0 92.0 85.0 45.0
obstacle
0.0501281358302
157.0 210.0 35.0 15.0
obstacle
0.0496739335358
125.0 123.0 323.0 90.0
obstacle
0.0491547547281
166.0 170.0 17.0 44.0
obstacle
0.0490510053933
190.0 207.0 44.0 17.0
obstacle
0.0479056797922
274.0 195.0 99.0 44.0
obstacle
0.0473688580096
391.0 86.0 29.0 12.0
obstacle
0.0473269373178
349.0 103.0 25.0 11.0
obstacle
0.0470878817141
117.0 212.0 40.0 14.0
obstacle
0.0469693243504
319.0 112.0 98.0 55.0
obstacle
0.0469403229654
61.0 189.0 302.0 104.0
obstacle
0.0468772873282
269.0 185.0 36.0 13.0
obstacle
0.0463580712676
21.0 125.0 306.0 90.0
obstacle
0.0456868968904
276.0 74.0 224.0 84.0
obstacle
0.0448726341128
391.0 106.0 30.0 15.0
obstacle
0.0432277806103
292.0 45.0 79.0 45.0
obstacle
0.0421816147864
0.0 173.0 279.0 90.0
obstacle
0.0414448976517
185.0 219.0 124.0 41.0
obstacle
0.0413232706487
195.0 162.0 35.0 16.0
obstacle
0.0410566590726
240.0 144.0 19.0 48.0
obstacle
0.0394797772169
315.0 137.0 103.0 58.0
obstacle
0.0393105968833
279.0 109.0 98.0 61.0
obstacle
0.0391640663147
52.0 89.0 91.0 50.0
obstacle
0.0389441139996
137.0 144.0 79.0 51.0
obstacle
0.0386122055352
169.0 91.0 88.0 48.0
obstacle
0.0384115241468
400.0 104.0 15.0 23.0
obstacle
0.0384089015424
200.0 195.0 20.0 38.0
obstacle
0.0379167310894
268.0 209.0 39.0 14.0
obstacle
0.0377583615482
375.0 118.0 68.0 39.0
obstacle
0.037738610059
164.0 198.0 17.0 34.0
obstacle
0.0377253256738
430.0 117.0 36.0 31.0
obstacle
0.0368954204023
251.0 108.0 79.0 64.0
obstacle
0.0368288904428
158.0 188.0 33.0 15.0
obstacle
0.0364681147039
274.0 106.0 30.0 12.0
obstacle
0.0363923721015
328.0 47.0 74.0 41.0
obstacle
0.0363808125257
159.0 146.0 332.0 91.0
obstacle
0.0359187610447
438.0 141.0 62.0 50.0
obstacle
0.0355683751404
230.0 207.0 41.0 15.0
obstacle
0.0351300798357
361.0 141.0 91.0 49.0
obstacle
0.0350883044302
437.0 184.0 63.0 66.0
obstacle
0.0350870415568
166.0 65.0 90.0 51.0
obstacle
0.03489061445
4.0 213.0 109.0 54.0
obstacle
0.0346851050854
14.0 92.0 89.0 42.0
obstacle
0.0343058183789
0.0 212.0 55.0 57.0
obstacle
0.0332955047488
227.0 108.0 44.0 14.0
obstacle
0.0331431515515
402.0 0.0 80.0 43.0
obstacle
0.0329509079456
242.0 138.0 87.0 61.0
obstacle
0.0326897576451
276.0 86.0 25.0 10.0
obstacle
0.0325787439942
231.0 161.0 40.0 14.0
obstacle
0.0325416475534
89.0 87.0 89.0 55.0
obstacle
0.0323152467608
189.0 109.0 46.0 13.0
obstacle
0.0321021974087
275.0 173.0 21.0 40.0
obstacle
0.0315184034407
434.0 87.0 22.0 11.0
obstacle
0.0312287248671
319.0 0.0 91.0 41.0
obstacle
0.0307632870972
232.0 62.0 260.0 64.0
obstacle
0.0302004124969
230.0 84.0 39.0 13.0
obstacle
0.0297874845564
314.0 60.0 27.0 13.0
obstacle
0.0295749306679
0.0 267.0 57.0 55.0
obstacle
0.0295405443758
52.0 0.0 88.0 40.0
obstacle
0.0294711459428
128.0 89.0 90.0 51.0
obstacle
0.029414338991
0.0 0.0 58.0 41.0
obstacle
0.0292513016611
443.0 0.0 57.0 49.0
obstacle
0.0291191060096
211.0 110.0 81.0 60.0
obstacle
0.0290344245732
128.0 62.0 88.0 54.0
obstacle
0.0290063228458
188.0 74.0 278.0 134.0
obstacle
0.0289701316506
361.0 0.0 86.0 40.0
obstacle
0.0288924947381
125.0 202.0 18.0 32.0
obstacle
0.0287975370884
74.0 211.0 45.0 14.0
obstacle
0.0285861324519
128.0 0.0 88.0 41.0
obstacle
0.0283578746021
283.0 0.0 86.0 43.0
obstacle
0.0283317174762
365.0 10.0 80.0 56.0
obstacle
0.0280279796571
34.0 213.0 45.0 14.0
obstacle
0.0278224367648
246.0 222.0 77.0 38.0
obstacle
0.0274705197662
89.0 0.0 91.0 39.0
obstacle
0.0274360459298
90.0 167.0 97.0 54.0
obstacle
0.0271422900259
431.0 143.0 20.0 41.0
obstacle
0.0270379763097
241.0 71.0 15.0 38.0
obstacle
0.0269611533731
283.0 130.0 88.0 71.0
obstacle
0.0269252266735
334.0 8.0 67.0 60.0
obstacle
0.0269019566476
0.0 90.0 54.0 49.0
obstacle
0.0268971789628
322.0 100.0 15.0 22.0
obstacle
0.0267234258354
365.0 44.0 79.0 45.0
obstacle
0.026654433459
77.0 109.0 41.0 13.0
obstacle
0.0265904609114
0.0 161.0 63.0 61.0
obstacle
0.0265830717981
472.0 123.0 10.0 27.0
obstacle
0.0265233516693
0.0 212.0 37.0 15.0
obstacle
0.0265150740743
467.0 127.0 16.0 17.0
obstacle
0.0264938846231
238.0 98.0 21.0 35.0
obstacle
0.0263842605054
92.0 60.0 87.0 60.0
obstacle
0.0263251494616
398.0 167.0 92.0 48.0
obstacle
0.0262133646756
277.0 165.0 95.0 53.0
obstacle
0.0261932611465
408.0 75.0 64.0 33.0
obstacle
0.0259370915592
0.0 136.0 56.0 59.0
obstacle
0.025889409706
93.0 111.0 82.0 59.0
obstacle
0.0257587395608
163.0 143.0 21.0 49.0
obstacle
0.0255760867149
203.0 0.0 93.0 42.0
obstacle
0.0255697574466
279.0 144.0 18.0 46.0
obstacle
0.0253765303642
201.0 96.0 19.0 39.0
obstacle
0.025282682851
0.0 197.0 204.0 93.0
obstacle
0.0251260790974
448.0 37.0 52.0 58.0
obstacle
0.0250639393926
385.0 61.0 38.0 12.0
obstacle
0.0246727019548
51.0 267.0 93.0 53.0
obstacle
0.0245436150581
354.0 146.0 21.0 41.0
obstacle
0.0245140697807
193.0 0.0 307.0 73.0
obstacle
0.0242542587221
113.0 108.0 43.0 14.0
obstacle
0.0242516957223
256.0 107.0 244.0 116.0
obstacle
0.0241020862013
168.0 240.0 88.0 52.0
obstacle
0.0240590199828
113.0 159.0 42.0 17.0
obstacle
0.0240588635206
164.0 0.0 94.0 42.0
obstacle
0.0237232204527
317.0 212.0 96.0 61.0
obstacle
0.0237050075084
251.0 10.0 77.0 54.0
obstacle
0.0236619692296
239.0 198.0 21.0 31.0
obstacle
0.0235602948815
292.0 9.0 75.0 58.0
obstacle
0.0235589444637
87.0 203.0 17.0 31.0
obstacle
0.0235296152532
83.0 64.0 334.0 103.0
obstacle
0.0234371107072
53.0 62.0 91.0 56.0
obstacle
0.0233966372907
410.0 40.0 66.0 52.0
obstacle
0.0233729686588
8.0 164.0 103.0 55.0
obstacle
0.0233463644981
53.0 236.0 90.0 66.0
obstacle
0.0233301427215
50.0 235.0 321.0 98.0
obstacle
0.0232916716486
93.0 140.0 83.0 52.0
obstacle
0.0232141241431
268.0 160.0 40.0 13.0
obstacle
0.022907871753
397.0 78.0 13.0 26.0
obstacle
0.022745821625
253.0 39.0 75.0 52.0
obstacle
0.0224916096777
0.0 110.0 49.0 62.0
obstacle
0.0224755275995
123.0 145.0 22.0 45.0
obstacle
0.0224649906158
439.0 161.0 61.0 60.0
obstacle
0.0223903972656
402.0 140.0 85.0 47.0
obstacle
0.0223692562431
229.0 18.0 271.0 95.0
obstacle
0.0223414041102
320.0 161.0 92.0 62.0
obstacle
0.0223088115454
324.0 234.0 83.0 67.0
obstacle
0.0222977679223
133.0 113.0 81.0 55.0
obstacle
0.0222459901124
428.0 293.0 72.0 40.0
obstacle
0.0221067201346
0.0 238.0 56.0 60.0
obstacle
0.0220827367157
454.0 67.0 46.0 50.0
obstacle
0.0220745932311
0.0 59.0 253.0 111.0
obstacle
0.0220360737294
178.0 113.0 71.0 57.0
obstacle
0.0219966061413
233.0 296.0 110.0 37.0
obstacle
0.0219689141959
138.0 48.0 304.0 89.0
obstacle
0.0218842960894
353.0 62.0 27.0 11.0
obstacle
0.0218301024288
436.0 82.0 13.0 22.0
obstacle
0.0217362288386
13.0 138.0 92.0 57.0
obstacle
0.0217231363058
93.0 216.0 86.0 48.0
obstacle
0.0216025672853
283.0 215.0 84.0 55.0
obstacle
0.0215581636876
17.0 266.0 84.0 56.0
obstacle
0.021468821913
399.0 9.0 89.0 57.0
obstacle
0.0214515663683
47.0 160.0 100.0 65.0
obstacle
0.02136018686
358.0 164.0 96.0 53.0
obstacle
0.0212517529726
125.0 92.0 19.0 45.0
obstacle
0.0211976952851
49.0 199.0 16.0 39.0
obstacle
0.0210767816752
243.0 0.0 90.0 42.0
obstacle
0.0209873002023
0.0 295.0 63.0 38.0
obstacle
0.0207808036357
407.0 186.0 76.0 61.0
obstacle
0.0206019524485
0.0 5.0 38.0 13.0
obstacle
0.020487094298
394.0 147.0 19.0 36.0
obstacle
0.0203233137727
383.0 32.0 42.0 15.0
obstacle
0.0202836357057
164.0 119.0 18.0 45.0
obstacle
0.0202701054513
342.0 6.0 48.0 13.0
obstacle
0.0202182605863
87.0 94.0 17.0 42.0
obstacle
0.0201523099095
283.0 78.0 12.0 25.0
obstacle
0.0201442763209
8.0 201.0 12.0 37.0
obstacle
0.0201356615871
176.0 266.0 301.0 67.0
obstacle
0.0200760643929
319.0 270.0 181.0 63.0
obstacle
0.0200333036482
214.0 33.0 76.0 62.0
obstacle
0.0199719071388
163.0 91.0 18.0 48.0
obstacle
0.0199527088553
419.0 59.0 45.0 13.0
obstacle
0.0199141614139
59.0 104.0 75.0 72.0
obstacle
0.0198805481195
280.0 101.0 17.0 28.0
obstacle
0.0197876654565
152.0 162.0 41.0 13.0
obstacle
0.0197454560548
271.0 236.0 33.0 11.0
obstacle
0.019717823714
396.0 15.0 19.0 48.0
obstacle
0.0197140797973
111.0 133.0 47.0 15.0
obstacle
0.0196737013757
19.0 0.0 78.0 38.0
obstacle
0.01963195391
434.0 42.0 18.0 46.0
obstacle
0.019624626264
152.0 235.0 41.0 14.0
obstacle
0.0194504950196
46.0 221.0 19.0 43.0
obstacle
0.0194148421288
130.0 240.0 87.0 55.0
obstacle
0.0193946938962
240.0 119.0 19.0 44.0
obstacle
0.0193152371794
82.0 235.0 105.0 65.0
obstacle
0.0192816704512
3.0 0.0 338.0 69.0
obstacle
0.0191969312727
396.0 45.0 14.0 41.0
obstacle
0.0191792175174
125.0 119.0 19.0 45.0
obstacle
0.0191536415368
190.0 134.0 41.0 13.0
obstacle
0.0191360414028
153.0 108.0 42.0 13.0
obstacle
0.0190230682492
351.0 296.0 106.0 37.0
obstacle
0.0190143380314
55.0 8.0 82.0 59.0
obstacle
0.0190043486655
320.0 255.0 92.0 78.0
obstacle
0.0187624301761
398.0 124.0 15.0 28.0
obstacle
0.0187451485544
277.0 120.0 19.0 41.0
obstacle
0.0186864864081
151.0 134.0 42.0 13.0
obstacle
0.018645491451
305.0 158.0 43.0 14.0
obstacle
0.018545338884
345.0 156.0 42.0 18.0
obstacle
0.0185098797083
380.0 7.0 47.0 12.0
obstacle
0.0184259172529
155.0 296.0 112.0 37.0
obstacle
0.018359022215
425.0 158.0 37.0 13.0
obstacle
0.01831513457
19.0 63.0 84.0 52.0
obstacle
0.01822071895
173.0 6.0 77.0 62.0
obstacle
0.0182101912796
272.0 59.0 32.0 13.0
obstacle
0.0182025860995
189.0 84.0 45.0 13.0
obstacle
0.018202053383
202.0 120.0 19.0 42.0
obstacle
0.0181729979813
55.0 136.0 84.0 61.0
obstacle
0.0181418694556
316.0 121.0 20.0 38.0
obstacle
0.0181233249605
54.0 24.0 85.0 80.0
obstacle
0.0181179493666
307.0 211.0 38.0 13.0
obstacle
0.0181117188185
467.0 86.0 26.0 9.0
obstacle
0.0181102063507
136.0 8.0 75.0 59.0
obstacle
0.0179982408881
477.0 46.0 16.0 38.0
obstacle
0.0179866626859
463.0 58.0 35.0 14.0
obstacle
0.0178445186466
223.0 7.0 54.0 13.0
obstacle
0.0178366918117
240.0 259.0 97.0 70.0
obstacle
0.0177221987396
317.0 198.0 16.0 37.0
obstacle
0.0176684521139
278.0 198.0 20.0 36.0
obstacle
0.0176638197154
10.0 238.0 96.0 60.0
obstacle
0.0176575798541
15.0 9.0 88.0 55.0
obstacle
0.017612721771
268.0 292.0 116.0 41.0
obstacle
0.0175999570638
0.0 62.0 56.0 56.0
obstacle
0.0175547134131
38.0 109.0 40.0 13.0
obstacle
0.0175056122243
4.0 110.0 28.0 12.0
obstacle
0.0174823831767
307.0 133.0 41.0 16.0
obstacle
0.0174455139786
245.0 238.0 85.0 59.0
obstacle
0.0174354407936
306.0 32.0 43.0 13.0
obstacle
0.0173746310174
280.0 296.0 17.0 37.0
obstacle
0.017351642251
46.0 296.0 100.0 37.0
obstacle
0.0173178892583
94.0 31.0 81.0 66.0
obstacle
0.0172943044454
229.0 134.0 41.0 14.0
obstacle
0.0172740463167
308.0 293.0 114.0 40.0
obstacle
0.0171991940588
270.0 133.0 36.0 15.0
obstacle
0.0171941258013
94.0 8.0 82.0 58.0
obstacle
0.0171687398106
0.0 185.0 38.0 14.0
obstacle
0.0171221196651
87.0 260.0 97.0 67.0
obstacle
0.0170867070556
7.0 225.0 12.0 34.0
obstacle
0.0170721411705
324.0 185.0 83.0 63.0
obstacle
0.0170420762151
133.0 32.0 81.0 65.0
obstacle
0.0170040763915
461.0 210.0 39.0 15.0
obstacle
0.0169868543744
359.0 101.0 12.0 19.0
obstacle
0.0168690811843
80.0 296.0 110.0 37.0
obstacle
0.0168415978551
440.0 261.0 60.0 67.0
obstacle
0.0168066788465
266.0 31.0 46.0 15.0
obstacle
0.0168032497168
264.0 7.0 49.0 13.0
obstacle
0.0167716033757
439.0 209.0 61.0 66.0
obstacle
0.0167473554611
195.0 296.0 110.0 37.0
obstacle
0.0167080610991
33.0 236.0 47.0 14.0
obstacle
0.0167038962245
461.0 5.0 39.0 14.0
obstacle
0.0166609250009
112.0 6.0 46.0 13.0
obstacle
0.0166540592909
304.0 7.0 47.0 12.0
obstacle
0.0165452733636
0.0 0.0 171.0 76.0
obstacle
0.0165402647108
212.0 8.0 76.0 58.0
obstacle
0.0164740774781
230.0 236.0 40.0 12.0
obstacle
0.0164677221328
387.0 157.0 34.0 17.0
obstacle
0.0164430830628
151.0 6.0 45.0 13.0
obstacle
0.016352230683
125.0 171.0 17.0 44.0
obstacle
0.0162883978337
116.0 187.0 37.0 13.0
obstacle
0.0162348393351
228.0 58.0 43.0 13.0
obstacle
0.0160781145096
316.0 141.0 19.0 50.0
obstacle
0.0160683337599
116.0 292.0 114.0 41.0
obstacle
0.016009259969
421.0 7.0 43.0 12.0
obstacle
0.0160039588809
356.0 0.0 19.0 36.0
obstacle
0.0158599130809
0.0 35.0 361.0 109.0
obstacle
0.0158098973334
430.0 166.0 21.0 49.0
obstacle
0.01580083929
358.0 12.0 18.0 52.0
obstacle
0.0157760139555
1.0 236.0 35.0 13.0
