obstacle
0.828489124775
104.0 22.0 74.0 21.0
obstacle
0.736651539803
5.0 96.0 334.0 102.0
obstacle
0.727030336857
304.0 37.0 71.0 15.0
obstacle
0.361642152071
113.0 22.0 92.0 29.0
obstacle
0.211087837815
348.0 36.0 27.0 11.0
obstacle
0.207422867417
153.0 95.0 261.0 99.0
obstacle
0.189424082637
315.0 33.0 31.0 14.0
obstacle
0.151190534234
121.0 28.0 32.0 12.0
obstacle
0.107247292995
153.0 28.0 30.0 15.0
obstacle
0.103449434042
25.0 144.0 301.0 84.0
obstacle
0.103394806385
321.0 39.0 74.0 31.0
obstacle
0.100708395243
297.0 35.0 70.0 39.0
obstacle
0.0959249287844
90.0 1.0 91.0 37.0
obstacle
0.0900459960103
345.0 27.0 98.0 25.0
obstacle
0.0878629758954
7.0 114.0 105.0 53.0
obstacle
0.0853031501174
41.0 115.0 110.0 49.0
obstacle
0.0831645876169
0.0 117.0 63.0 53.0
obstacle
0.0829888060689
75.0 20.0 66.0 30.0
obstacle
0.0812566429377
202.0 0.0 99.0 31.0
obstacle
0.0725580602884
12.0 75.0 394.0 93.0
obstacle
0.0721696838737
356.0 34.0 11.0 19.0
obstacle
0.0704802423716
238.0 121.0 94.0 42.0
obstacle
0.0672276243567
263.0 26.0 71.0 27.0
obstacle
0.064220353961
321.0 30.0 12.0 24.0
obstacle
0.0639737024903
227.0 7.0 47.0 13.0
obstacle
0.0639611706138
288.0 164.0 71.0 57.0
obstacle
0.0629190355539
0.0 96.0 157.0 93.0
obstacle
0.0624734014273
162.0 28.0 13.0 21.0
obstacle
0.0619416423142
0.0 135.0 128.0 57.0
obstacle
0.0614159591496
62.0 95.0 66.0 49.0
obstacle
0.0587888732553
76.0 118.0 118.0 42.0
obstacle
0.0581950470805
211.0 19.0 79.0 37.0
obstacle
0.0577251240611
0.0 131.0 63.0 65.0
obstacle
0.0531830154359
401.0 0.0 83.0 36.0
obstacle
0.0527789629996
113.0 34.0 112.0 52.0
obstacle
0.0523276999593
362.0 0.0 80.0 37.0
obstacle
0.0519552566111
288.0 0.0 85.0 37.0
obstacle
0.0511603429914
398.0 22.0 88.0 34.0
obstacle
0.0510744713247
279.0 114.0 85.0 55.0
obstacle
0.0510614775121
240.0 138.0 82.0 52.0
obstacle
0.0509130656719
81.0 0.0 340.0 58.0
obstacle
0.0507789626718
208.0 41.0 89.0 46.0
obstacle
0.0501421950758
249.0 42.0 85.0 41.0
obstacle
0.0495862178504
330.0 0.0 67.0 37.0
obstacle
0.0491589084268
443.0 162.0 57.0 57.0
obstacle
0.0490199699998
127.0 25.0 15.0 23.0
obstacle
0.0486127994955
398.0 42.0 88.0 43.0
obstacle
0.0468180924654
385.0 33.0 34.0 12.0
obstacle
0.045769661665
146.0 137.0 128.0 54.0
obstacle
0.0450408123434
172.0 0.0 79.0 40.0
obstacle
0.0436877496541
171.0 15.0 74.0 42.0
obstacle
0.0436853207648
42.0 161.0 110.0 56.0
obstacle
0.043149176985
104.0 134.0 364.0 109.0
obstacle
0.0430140718818
232.0 29.0 36.0 13.0
obstacle
0.0429987348616
202.0 120.0 92.0 42.0
obstacle
0.0421967618167
401.0 135.0 84.0 63.0
obstacle
0.0421216674149
11.0 161.0 101.0 55.0
obstacle
0.0419035740197
27.0 0.0 287.0 76.0
obstacle
0.0416192933917
114.0 165.0 120.0 45.0
obstacle
0.0415934696794
196.0 135.0 30.0 12.0
obstacle
0.0412680134177
191.0 162.0 109.0 57.0
obstacle
0.0410936027765
78.0 166.0 114.0 44.0
obstacle
0.0408670417964
281.0 133.0 75.0 63.0
obstacle
0.0406591519713
78.0 136.0 112.0 57.0
obstacle
0.0402215011418
247.0 0.0 84.0 32.0
obstacle
0.0400527715683
280.0 89.0 89.0 57.0
obstacle
0.0397767983377
199.0 134.0 93.0 60.0
obstacle
0.039727602154
19.0 93.0 82.0 50.0
obstacle
0.0395204871893
202.0 194.0 90.0 45.0
obstacle
0.0388497523963
160.0 194.0 103.0 44.0
obstacle
0.0387072972953
398.0 116.0 89.0 53.0
obstacle
0.0387017056346
403.0 163.0 81.0 54.0
obstacle
0.0385879464447
308.0 9.0 38.0 11.0
obstacle
0.0385550744832
284.0 57.0 88.0 63.0
obstacle
0.0384720489383
364.0 45.0 74.0 29.0
obstacle
0.0382164269686
0.0 160.0 304.0 112.0
obstacle
0.0378966331482
92.0 96.0 83.0 47.0
obstacle
0.0375003367662
316.0 57.0 100.0 64.0
obstacle
0.0373502783477
126.0 192.0 96.0 46.0
obstacle
0.0367859341204
240.0 0.0 18.0 32.0
obstacle
0.0348907373846
151.0 160.0 118.0 56.0
obstacle
0.0345231592655
156.0 123.0 108.0 38.0
obstacle
0.0344217419624
48.0 187.0 97.0 57.0
obstacle
0.0340775847435
57.0 0.0 83.0 36.0
obstacle
0.0340473875403
350.0 10.0 31.0 10.0
obstacle
0.0340464860201
98.0 26.0 71.0 66.0
obstacle
0.0335884355009
0.0 0.0 57.0 32.0
obstacle
0.0333096459508
113.0 121.0 117.0 42.0
obstacle
0.0329788029194
257.0 1.0 243.0 78.0
obstacle
0.0324658937752
328.0 164.0 68.0 59.0
obstacle
0.0321727059782
155.0 40.0 104.0 45.0
obstacle
0.0318171903491
3.0 136.0 32.0 12.0
obstacle
0.0317611023784
443.0 191.0 57.0 55.0
obstacle
0.0317351855338
435.0 135.0 65.0 62.0
obstacle
0.0314713716507
459.0 184.0 41.0 14.0
obstacle
0.0313454121351
287.0 184.0 76.0 64.0
obstacle
0.0312118418515
196.0 29.0 32.0 13.0
obstacle
0.0309656988829
439.0 13.0 61.0 51.0
obstacle
0.0304066352546
278.0 33.0 25.0 10.0
obstacle
0.0303496513516
370.0 106.0 71.0 69.0
obstacle
0.0303045734763
266.0 9.0 43.0 11.0
obstacle
0.0301416795701
132.0 0.0 76.0 41.0
obstacle
0.0299519691616
85.0 190.0 100.0 50.0
obstacle
0.0297993700951
11.0 0.0 92.0 27.0
obstacle
0.0295710582286
437.0 111.0 63.0 63.0
obstacle
0.0294150393456
133.0 238.0 81.0 59.0
obstacle
0.0290165413171
369.0 164.0 75.0 50.0
obstacle
0.0284765567631
20.0 18.0 78.0 37.0
obstacle
0.028446033597
383.0 10.0 40.0 9.0
obstacle
0.0281762480736
370.0 134.0 71.0 65.0
obstacle
0.0278829913586
134.0 96.0 75.0 43.0
obstacle
0.0275983177125
440.0 0.0 60.0 43.0
obstacle
0.0273046474904
158.0 135.0 29.0 12.0
obstacle
0.0272131487727
213.0 62.0 77.0 53.0
obstacle
0.0269522797316
130.0 125.0 15.0 29.0
obstacle
0.0266823805869
425.0 31.0 33.0 11.0
obstacle
0.0266570411623
168.0 236.0 85.0 62.0
obstacle
0.0263850130141
124.0 67.0 18.0 44.0
obstacle
0.0263423826545
78.0 135.0 35.0 12.0
obstacle
0.0259340256453
205.0 130.0 15.0 24.0
obstacle
0.0256380029023
88.0 58.0 91.0 61.0
obstacle
0.0252938233316
422.0 6.0 42.0 12.0
obstacle
0.02524808608
251.0 58.0 77.0 63.0
obstacle
0.025209562853
297.0 131.0 203.0 120.0
obstacle
0.0250902865082
167.0 127.0 15.0 26.0
obstacle
0.0250850692391
148.0 60.0 352.0 113.0
obstacle
0.0249943435192
236.0 137.0 27.0 11.0
obstacle
0.0249722823501
52.0 209.0 88.0 66.0
obstacle
0.0247972365469
117.0 135.0 36.0 11.0
obstacle
0.0246576014906
239.0 164.0 93.0 54.0
obstacle
0.0245974399149
400.0 58.0 85.0 62.0
obstacle
0.0245951674879
193.0 9.0 38.0 11.0
obstacle
0.0244932323694
204.0 117.0 296.0 100.0
obstacle
0.0243759863079
273.0 135.0 34.0 13.0
obstacle
0.0243406202644
174.0 62.0 78.0 54.0
obstacle
0.0243333410472
248.0 192.0 82.0 50.0
obstacle
0.0240920260549
128.0 60.0 88.0 56.0
obstacle
0.0237891804427
281.0 238.0 91.0 62.0
obstacle
0.0236736107618
435.0 295.0 65.0 38.0
obstacle
0.0235952399671
161.0 65.0 21.0 48.0
obstacle
0.0234519857913
10.0 268.0 100.0 52.0
obstacle
0.0233990885317
120.0 111.0 31.0 13.0
obstacle
0.0233827158809
242.0 25.0 16.0 26.0
obstacle
0.0233176704496
0.0 299.0 68.0 34.0
obstacle
0.023223599419
446.0 206.0 54.0 73.0
obstacle
0.0231939963996
114.0 11.0 37.0 11.0
obstacle
0.0231584552675
90.0 127.0 15.0 27.0
obstacle
0.0230716187507
364.0 190.0 83.0 54.0
obstacle
0.0230676513165
447.0 31.0 53.0 66.0
obstacle
0.0230336170644
238.0 265.0 101.0 57.0
obstacle
0.0229966379702
51.0 179.0 323.0 126.0
obstacle
0.0229516215622
10.0 62.0 100.0 53.0
obstacle
0.022926395759
165.0 150.0 14.0 30.0
obstacle
0.0227733552456
95.0 241.0 81.0 54.0
obstacle
0.0227699764073
0.0 238.0 200.0 95.0
obstacle
0.0227281861007
65.0 15.0 369.0 99.0
obstacle
0.0226667467505
260.0 88.0 60.0 58.0
obstacle
0.0225735008717
350.0 61.0 106.0 55.0
obstacle
0.0225550662726
40.0 134.0 34.0 14.0
obstacle
0.0225533302873
204.0 147.0 13.0 38.0
obstacle
0.0224554762244
367.0 78.0 75.0 71.0
obstacle
0.0222982559353
0.0 266.0 64.0 56.0
obstacle
0.0221824329346
50.0 128.0 13.0 25.0
obstacle
0.0221323557198
173.0 209.0 78.0 63.0
obstacle
0.0219609811902
210.0 207.0 79.0 67.0
obstacle
0.0216540340334
124.0 0.0 17.0 37.0
obstacle
0.0215796977282
92.0 265.0 85.0 58.0
obstacle
0.0215476583689
195.0 160.0 34.0 12.0
obstacle
0.0214804019779
126.0 101.0 18.0 32.0
obstacle
0.0213752221316
173.0 212.0 307.0 114.0
obstacle
0.0213602166623
167.0 95.0 90.0 44.0
obstacle
0.0211016591638
86.0 29.0 22.0 11.0
obstacle
0.0207547321916
9.0 189.0 101.0 55.0
obstacle
0.0206987336278
93.0 210.0 81.0 64.0
obstacle
0.0205974131823
463.0 32.0 36.0 12.0
obstacle
0.0205797478557
247.0 36.0 253.0 106.0
obstacle
0.020514851436
84.0 65.0 21.0 49.0
obstacle
0.0204657837749
447.0 53.0 53.0 74.0
obstacle
0.0204435829073
0.0 8.0 38.0 11.0
obstacle
0.0204242151231
0.0 33.0 361.0 115.0
obstacle
0.0202598962933
238.0 293.0 99.0 40.0
obstacle
0.0202463492751
200.0 0.0 18.0 31.0
obstacle
0.0201745592058
419.0 134.0 46.0 14.0
obstacle
0.0201645623893
86.0 145.0 16.0 41.0
obstacle
0.0200307630002
349.0 294.0 112.0 39.0
obstacle
0.0199661776423
152.0 82.0 42.0 14.0
obstacle
0.0199484992772
131.0 210.0 84.0 65.0
obstacle
0.0199311189353
239.0 237.0 99.0 64.0
obstacle
0.0198702570051
462.0 135.0 36.0 14.0
obstacle
0.0197585597634
240.0 46.0 16.0 36.0
obstacle
0.0196972452104
200.0 65.0 19.0 48.0
obstacle
0.0196926798671
319.0 70.0 20.0 39.0
obstacle
0.0196287501603
205.0 237.0 88.0 62.0
obstacle
0.0196109525859
321.0 108.0 79.0 66.0
obstacle
0.0195171274245
0.0 121.0 176.0 142.0
obstacle
0.0194949898869
21.0 263.0 302.0 70.0
obstacle
0.0194647908211
55.0 59.0 84.0 60.0
obstacle
0.019389718771
163.0 242.0 19.0 54.0
obstacle
0.0191408414394
0.0 14.0 48.0 48.0
obstacle
0.0191295482218
326.0 82.0 75.0 63.0
obstacle
0.0191079638898
8.0 129.0 15.0 28.0
obstacle
0.01908031106
0.0 33.0 55.0 60.0
obstacle
0.0190520174801
199.0 241.0 21.0 56.0
obstacle
0.0189157184213
358.0 210.0 95.0 65.0
obstacle
0.0188697092235
406.0 189.0 74.0 55.0
obstacle
0.018828170374
17.0 40.0 87.0 46.0
obstacle
0.0187128819525
165.0 264.0 94.0 59.0
obstacle
0.0186746176332
130.0 266.0 85.0 55.0
obstacle
0.018525114283
204.0 24.0 14.0 30.0
obstacle
0.018483100459
80.0 300.0 112.0 33.0
obstacle
0.0184825211763
211.0 13.0 236.0 54.0
obstacle
0.0184404607862
0.0 0.0 191.0 72.0
obstacle
0.0182913728058
113.0 82.0 43.0 13.0
obstacle
0.0182623639703
462.0 211.0 38.0 13.0
obstacle
0.0181109048426
318.0 235.0 95.0 67.0
obstacle
0.0180830061436
325.0 184.0 79.0 62.0
obstacle
0.0180710051209
148.0 261.0 52.0 16.0
obstacle
0.0180568359792
290.0 87.0 210.0 108.0
obstacle
0.0180392302573
393.0 242.0 21.0 54.0
obstacle
0.0180372595787
308.0 109.0 36.0 14.0
obstacle
0.0178937222809
52.0 240.0 89.0 57.0
obstacle
0.0177780669183
126.0 146.0 15.0 38.0
obstacle
0.0177636947483
0.0 185.0 211.0 118.0
obstacle
0.0176956821233
355.0 69.0 20.0 41.0
obstacle
0.0176814142615
115.0 210.0 43.0 13.0
obstacle
0.0176315233111
472.0 173.0 19.0 35.0
obstacle
0.017618028447
244.0 130.0 14.0 23.0
obstacle
0.017516002059
195.0 297.0 109.0 36.0
obstacle
0.0174313839525
233.0 210.0 37.0 14.0
obstacle
0.0174068473279
0.0 237.0 56.0 62.0
obstacle
0.0174013711512
0.0 156.0 58.0 67.0
obstacle
0.0173193532974
126.0 191.0 17.0 51.0
obstacle
0.0172748528421
0.0 212.0 302.0 112.0
obstacle
0.0172748342156
0.0 185.0 60.0 64.0
obstacle
0.0171380117536
153.0 210.0 45.0 13.0
obstacle
0.0170881170779
272.0 292.0 109.0 41.0
obstacle
0.0170560535043
14.0 213.0 88.0 58.0
obstacle
0.0170379802585
203.0 263.0 94.0 62.0
obstacle
0.016990724951
191.0 211.0 44.0 14.0
obstacle
0.0169766396284
403.0 216.0 78.0 51.0
obstacle
0.0169724393636
85.0 216.0 21.0 56.0
obstacle
0.0169296804816
35.0 300.0 121.0 33.0
obstacle
0.0169286001474
17.0 238.0 82.0 57.0
obstacle
0.0168950520456
422.0 56.0 39.0 14.0
obstacle
0.016818985343
313.0 134.0 27.0 13.0
obstacle
0.0167868249118
7.0 248.0 12.0 41.0
obstacle
0.0167592149228
315.0 261.0 185.0 72.0
obstacle
0.0167134907097
243.0 208.0 90.0 65.0
obstacle
0.0166678093374
0.0 211.0 57.0 63.0
obstacle
0.0166660938412
239.0 69.0 19.0 42.0
obstacle
0.016588781029
76.0 236.0 347.0 97.0
obstacle
0.0165561195463
185.0 260.0 54.0 17.0
obstacle
0.0165324173868
317.0 95.0 17.0 43.0
obstacle
0.0164833106101
434.0 0.0 19.0 32.0
obstacle
0.0164562445134
388.0 185.0 34.0 10.0
obstacle
0.016359532252
461.0 7.0 39.0 12.0
obstacle
0.0163464788347
435.0 44.0 17.0 38.0
obstacle
0.0162100400776
312.0 294.0 107.0 39.0
obstacle
0.016190007329
201.0 263.0 23.0 12.0
obstacle
0.0161587242037
86.0 192.0 18.0 50.0
obstacle
0.0161464717239
315.0 52.0 27.0 12.0
obstacle
0.0160686634481
341.0 83.0 46.0 14.0
obstacle
0.0160517189652
156.0 159.0 35.0 12.0
obstacle
0.0159877948463
7.0 275.0 13.0 40.0
obstacle
0.0159423090518
446.0 79.0 54.0 73.0
obstacle
0.0159398391843
361.0 238.0 89.0 60.0
obstacle
0.0159354340285
242.0 148.0 13.0 34.0
obstacle
0.0159048158675
195.0 112.0 35.0 10.0
obstacle
0.0158692635596
434.0 24.0 17.0 32.0
obstacle
0.0157813709229
476.0 20.0 13.0 36.0
obstacle
0.0157779678702
193.0 83.0 35.0 13.0
obstacle
0.0157270040363
276.0 266.0 100.0 54.0
obstacle
0.0157116819173
239.0 6.0 23.0 13.0
obstacle
0.0157110728323
346.0 186.0 37.0 13.0
obstacle
0.0157050453126
0.0 314.0 37.0 14.0
obstacle
0.0156316757202
398.0 266.0 89.0 55.0
obstacle
0.0155629878864
125.0 216.0 19.0 55.0
obstacle
0.0155616886914
125.0 241.0 19.0 56.0
obstacle
0.0155466077849
116.0 298.0 114.0 35.0
obstacle
0.0155258746818
305.0 83.0 43.0 14.0
obstacle
0.0155064733699
8.0 300.0 13.0 33.0
obstacle
0.0154980150983
444.0 262.0 56.0 65.0
obstacle
0.0154483867809
433.0 119.0 18.0 43.0
obstacle
0.0154462577775
46.0 67.0 20.0 45.0
obstacle
0.0154352867976
229.0 58.0 39.0 14.0
obstacle
0.0154044423252
8.0 145.0 15.0 42.0
obstacle
0.0153798582032
433.0 65.0 18.0 47.0
obstacle
0.0153471175581
159.0 111.0 30.0 10.0
obstacle
0.0153048979118
207.0 98.0 83.0 41.0
obstacle
0.0152695998549
384.0 54.0 36.0 13.0
obstacle
0.0152659267187
396.0 29.0 14.0 25.0
obstacle
0.0152520481497
316.0 242.0 21.0 53.0
obstacle
0.0152456276119
319.0 0.0 16.0 32.0
obstacle
0.015234304592
302.0 261.0 52.0 16.0
obstacle
0.0152231482789
447.0 237.0 53.0 66.0
obstacle
0.0151554848999
114.0 159.0 40.0 13.0
obstacle
0.0151481050998
314.0 182.0 186.0 122.0
obstacle
0.0151228420436
349.0 54.0 31.0 9.0
obstacle
0.0151114398614
192.0 57.0 38.0 14.0
obstacle
0.0150985093787
475.0 121.0 14.0 40.0
