obstacle
0.786824405193
368.0 52.0 84.0 17.0
obstacle
0.741360545158
25.0 100.0 374.0 122.0
obstacle
0.703839063644
234.0 49.0 24.0 22.0
obstacle
0.629848539829
38.0 27.0 87.0 23.0
obstacle
0.42762735486
378.0 54.0 103.0 20.0
obstacle
0.417991697788
226.0 46.0 39.0 31.0
obstacle
0.156546071172
17.0 254.0 83.0 39.0
obstacle
0.150459319353
274.0 242.0 103.0 49.0
obstacle
0.146713078022
96.0 117.0 82.0 49.0
obstacle
0.138370275497
81.0 32.0 26.0 13.0
obstacle
0.136990740895
421.0 56.0 40.0 12.0
obstacle
0.1351891011
313.0 244.0 104.0 47.0
obstacle
0.131628274918
340.0 50.0 69.0 26.0
obstacle
0.123646155
115.0 140.0 118.0 48.0
obstacle
0.114911749959
389.0 56.0 31.0 12.0
obstacle
0.110844470561
166.0 95.0 312.0 103.0
obstacle
0.10625641793
280.0 43.0 94.0 42.0
obstacle
0.0977174341679
161.0 143.0 102.0 43.0
obstacle
0.095782764256
52.0 53.0 319.0 128.0
obstacle
0.091496437788
242.0 30.0 16.0 27.0
obstacle
0.090946815908
240.0 125.0 100.0 39.0
obstacle
0.0876190140843
53.0 251.0 79.0 42.0
obstacle
0.0827029198408
17.0 0.0 86.0 37.0
obstacle
0.0805983766913
240.0 67.0 16.0 37.0
obstacle
0.0804285034537
248.0 243.0 87.0 47.0
obstacle
0.0799686387181
86.0 134.0 108.0 61.0
obstacle
0.0790429264307
220.0 56.0 58.0 57.0
obstacle
0.0722330063581
184.0 140.0 122.0 44.0
obstacle
0.0715741217136
349.0 173.0 105.0 41.0
obstacle
0.0705593973398
18.0 37.0 81.0 42.0
obstacle
0.0697328969836
0.0 249.0 59.0 46.0
obstacle
0.0696895122528
278.0 19.0 99.0 38.0
obstacle
0.0657010450959
45.0 30.0 26.0 14.0
obstacle
0.0642124712467
355.0 26.0 99.0 37.0
obstacle
0.0639307573438
353.0 242.0 99.0 52.0
obstacle
0.0638639181852
47.0 32.0 86.0 50.0
obstacle
0.0634636208415
67.0 84.0 62.0 66.0
obstacle
0.0634599104524
123.0 116.0 254.0 140.0
obstacle
0.0625463202596
234.0 138.0 101.0 45.0
obstacle
0.0600553676486
241.0 37.0 20.0 10.0
obstacle
0.05990537256
76.0 159.0 119.0 58.0
obstacle
0.0597934238613
130.0 18.0 88.0 41.0
obstacle
0.0580686070025
87.0 30.0 12.0 19.0
obstacle
0.0574078597128
130.0 42.0 92.0 42.0
obstacle
0.0568751394749
323.0 23.0 90.0 39.0
obstacle
0.0566129609942
73.0 104.0 54.0 74.0
obstacle
0.0564848296344
116.0 160.0 110.0 51.0
obstacle
0.0561696477234
398.0 0.0 88.0 40.0
obstacle
0.055396463722
44.0 270.0 101.0 42.0
obstacle
0.0550589859486
290.0 129.0 65.0 71.0
obstacle
0.05365184322
0.0 77.0 262.0 130.0
obstacle
0.0535151660442
283.0 120.0 71.0 46.0
obstacle
0.0520918145776
331.0 169.0 70.0 44.0
obstacle
0.0508476905525
248.0 16.0 81.0 47.0
obstacle
0.0507406815886
389.0 24.0 98.0 37.0
obstacle
0.0507172234356
434.0 54.0 12.0 22.0
obstacle
0.0506736971438
0.0 0.0 359.0 91.0
obstacle
0.0505497902632
235.0 226.0 109.0 42.0
obstacle
0.0500569455326
443.0 47.0 57.0 35.0
obstacle
0.0498796664178
326.0 0.0 79.0 42.0
obstacle
0.0496459752321
47.0 158.0 98.0 61.0
obstacle
0.0495148897171
0.0 132.0 305.0 114.0
obstacle
0.0490885637701
88.0 92.0 19.0 46.0
obstacle
0.0486810319126
439.0 0.0 61.0 44.0
obstacle
0.0476891770959
391.0 244.0 102.0 49.0
obstacle
0.0469316579401
0.0 17.0 63.0 40.0
obstacle
0.0468945838511
356.0 56.0 21.0 9.0
obstacle
0.0466543696821
362.0 84.0 86.0 62.0
obstacle
0.0456407554448
65.0 131.0 64.0 73.0
obstacle
0.0454947128892
94.0 26.0 63.0 28.0
obstacle
0.0440530069172
266.0 220.0 116.0 52.0
obstacle
0.0438868701458
166.0 0.0 322.0 87.0
obstacle
0.0436592586339
304.0 22.0 196.0 84.0
obstacle
0.0432039909065
366.0 0.0 77.0 39.0
obstacle
0.0430897176266
125.0 115.0 91.0 58.0
obstacle
0.0426751710474
0.0 7.0 208.0 66.0
obstacle
0.0425337515771
287.0 0.0 80.0 39.0
obstacle
0.0423411652446
196.0 160.0 30.0 13.0
obstacle
0.0420981533825
277.0 137.0 25.0 12.0
obstacle
0.0419735834002
200.0 151.0 16.0 29.0
obstacle
0.0417683050036
195.0 222.0 305.0 95.0
obstacle
0.0409321859479
440.0 66.0 60.0 42.0
obstacle
0.0407691374421
152.0 160.0 112.0 50.0
obstacle
0.0398280881345
267.0 137.0 233.0 110.0
obstacle
0.0396964922547
240.0 126.0 16.0 33.0
obstacle
0.0393999703228
383.0 66.0 106.0 38.0
obstacle
0.0390045046806
369.0 60.0 65.0 49.0
obstacle
0.0389814041555
6.0 271.0 103.0 39.0
obstacle
0.0387470163405
144.0 0.0 61.0 38.0
obstacle
0.0387248620391
77.0 264.0 38.0 14.0
obstacle
0.0379432179034
249.0 0.0 77.0 37.0
obstacle
0.0370985493064
112.0 135.0 43.0 16.0
obstacle
0.0368589349091
313.0 57.0 31.0 10.0
obstacle
0.0364686511457
13.0 133.0 90.0 68.0
obstacle
0.0364389419556
59.0 0.0 69.0 37.0
obstacle
0.0362374931574
340.0 7.0 50.0 13.0
obstacle
0.0361541360617
51.0 26.0 12.0 25.0
obstacle
0.0360765904188
304.0 7.0 46.0 13.0
obstacle
0.0355812497437
467.0 57.0 30.0 12.0
obstacle
0.0355007722974
333.0 66.0 69.0 45.0
obstacle
0.035354539752
310.0 34.0 36.0 11.0
obstacle
0.035238198936
313.0 213.0 101.0 63.0
obstacle
0.0348070003092
98.0 91.0 73.0 55.0
obstacle
0.0347651466727
234.0 79.0 31.0 15.0
obstacle
0.034368596971
78.0 107.0 38.0 16.0
obstacle
0.0343437902629
85.0 40.0 94.0 44.0
obstacle
0.0343432798982
326.0 84.0 76.0 64.0
obstacle
0.0343055315316
178.0 0.0 67.0 38.0
obstacle
0.0342809632421
17.0 80.0 87.0 70.0
obstacle
0.0341229103506
268.0 262.0 118.0 60.0
obstacle
0.0340817086399
217.0 24.0 57.0 42.0
obstacle
0.0340631008148
0.0 243.0 185.0 90.0
obstacle
0.0338663570583
0.0 60.0 53.0 58.0
obstacle
0.03385778144
440.0 11.0 60.0 57.0
obstacle
0.0337843336165
0.0 161.0 52.0 58.0
obstacle
0.0335815772414
158.0 33.0 30.0 12.0
obstacle
0.0335329025984
200.0 42.0 47.0 35.0
obstacle
0.0334499068558
175.0 23.0 75.0 34.0
obstacle
0.033417519182
103.0 0.0 63.0 43.0
obstacle
0.0334069542587
384.0 187.0 41.0 13.0
obstacle
0.0333023779094
391.0 84.0 104.0 59.0
obstacle
0.0331264398992
217.0 0.0 67.0 37.0
obstacle
0.0329456329346
280.0 60.0 89.0 54.0
obstacle
0.0329302325845
394.0 174.0 19.0 38.0
obstacle
0.032875020057
307.0 0.0 193.0 69.0
obstacle
0.0328045599163
9.0 163.0 103.0 51.0
obstacle
0.0325585342944
0.0 137.0 54.0 60.0
obstacle
0.032391153276
147.0 60.0 63.0 55.0
obstacle
0.0323054268956
121.0 32.0 19.0 13.0
obstacle
0.0320330224931
29.0 147.0 365.0 137.0
obstacle
0.0319990627468
206.0 29.0 14.0 26.0
obstacle
0.0319230034947
244.0 58.0 83.0 58.0
obstacle
0.0318640731275
126.0 118.0 20.0 45.0
obstacle
0.0318320505321
40.0 264.0 36.0 13.0
obstacle
0.0317296758294
94.0 243.0 78.0 52.0
obstacle
0.0314921289682
396.0 51.0 12.0 24.0
obstacle
0.0314669013023
345.0 261.0 44.0 14.0
obstacle
0.031241549179
205.0 71.0 18.0 34.0
obstacle
0.0308790337294
1.0 265.0 36.0 11.0
obstacle
0.0308370664716
246.0 41.0 71.0 43.0
obstacle
0.0306083485484
201.0 34.0 26.0 13.0
obstacle
0.0305482279509
418.0 6.0 47.0 15.0
obstacle
0.0304770171642
317.0 259.0 96.0 66.0
obstacle
0.0304730366915
0.0 0.0 62.0 39.0
obstacle
0.0303792823106
202.0 126.0 17.0 32.0
obstacle
0.0301880221814
363.0 182.0 83.0 65.0
obstacle
0.0301428306848
39.0 10.0 36.0 11.0
obstacle
0.0296961553395
228.0 8.0 44.0 14.0
obstacle
0.0293078813702
165.0 149.0 18.0 33.0
obstacle
0.0290057733655
290.0 160.0 76.0 57.0
obstacle
0.0287106484175
0.0 271.0 53.0 42.0
obstacle
0.0287012569606
445.0 79.0 55.0 72.0
obstacle
0.0283718723804
48.0 248.0 19.0 44.0
obstacle
0.0283365566283
352.0 36.0 29.0 11.0
obstacle
0.0280776023865
124.0 192.0 328.0 105.0
obstacle
0.0277271568775
237.0 160.0 26.0 11.0
obstacle
0.0277208257467
279.0 51.0 16.0 28.0
obstacle
0.0276875775307
58.0 59.0 79.0 61.0
obstacle
0.0274907704443
9.0 248.0 12.0 45.0
obstacle
0.0274869911373
382.0 7.0 45.0 13.0
obstacle
0.0274622123688
279.0 123.0 19.0 38.0
obstacle
0.0270512625575
318.0 0.0 19.0 37.0
obstacle
0.0270168632269
307.0 260.0 40.0 15.0
obstacle
0.0268904361874
199.0 94.0 22.0 40.0
obstacle
0.026828283444
460.0 5.0 40.0 16.0
obstacle
0.0266264844686
196.0 106.0 32.0 15.0
obstacle
0.0266159400344
236.0 94.0 23.0 42.0
obstacle
0.0266140587628
241.0 148.0 15.0 32.0
obstacle
0.0265329107642
165.0 47.0 15.0 33.0
obstacle
0.0262400638312
272.0 34.0 30.0 11.0
obstacle
0.0261279009283
164.0 72.0 16.0 34.0
obstacle
0.025937974453
177.0 87.0 71.0 54.0
obstacle
0.0257426053286
0.0 41.0 52.0 45.0
obstacle
0.0257082916796
431.0 162.0 69.0 57.0
obstacle
0.0255661867559
213.0 242.0 74.0 54.0
obstacle
0.0255281478167
435.0 179.0 65.0 76.0
obstacle
0.0253852102906
242.0 0.0 18.0 37.0
obstacle
0.0250594038516
14.0 58.0 87.0 59.0
obstacle
0.0250296909362
85.0 248.0 19.0 45.0
obstacle
0.024919860065
321.0 48.0 16.0 30.0
obstacle
0.0248417612165
63.0 183.0 68.0 69.0
obstacle
0.0248379707336
440.0 103.0 60.0 75.0
obstacle
0.0247553195804
228.0 161.0 114.0 53.0
obstacle
0.0247473213822
265.0 237.0 48.0 15.0
obstacle
0.0245252624154
0.0 213.0 54.0 63.0
obstacle
0.0245014857501
430.0 206.0 70.0 72.0
obstacle
0.0244970154017
268.0 7.0 41.0 13.0
obstacle
0.0244304612279
437.0 296.0 63.0 37.0
obstacle
0.0243724100292
361.0 106.0 85.0 67.0
obstacle
0.0242862496525
230.0 293.0 115.0 40.0
obstacle
0.0237961262465
439.0 133.0 61.0 68.0
obstacle
0.0237402301282
382.0 261.0 44.0 15.0
obstacle
0.0236811731011
459.0 262.0 41.0 14.0
obstacle
0.0236716270447
358.0 0.0 16.0 35.0
obstacle
0.0236204229295
90.0 119.0 14.0 40.0
obstacle
0.0232865158468
82.0 267.0 99.0 49.0
obstacle
0.023049602285
47.0 276.0 20.0 37.0
obstacle
0.0229636970907
159.0 56.0 30.0 12.0
obstacle
0.0229499451816
0.0 79.0 54.0 70.0
obstacle
0.0229452103376
172.0 117.0 84.0 56.0
obstacle
0.0229364801198
313.0 133.0 29.0 14.0
obstacle
0.0227970238775
202.0 116.0 97.0 58.0
obstacle
0.0227677840739
276.0 57.0 23.0 11.0
obstacle
0.0226987432688
189.0 9.0 47.0 12.0
obstacle
0.0226318091154
281.0 22.0 17.0 38.0
obstacle
0.0225517004728
101.0 60.0 69.0 58.0
obstacle
0.0224958211184
153.0 8.0 40.0 12.0
obstacle
0.0223531331867
231.0 108.0 38.0 15.0
obstacle
0.0223067030311
276.0 157.0 27.0 12.0
obstacle
0.0222396906465
275.0 52.0 225.0 123.0
obstacle
0.0222363695502
79.0 5.0 341.0 118.0
obstacle
0.0222349148244
166.0 21.0 17.0 38.0
obstacle
0.0222005881369
270.0 297.0 112.0 36.0
obstacle
0.0221754517406
152.0 43.0 265.0 95.0
obstacle
0.0221719797701
0.0 105.0 57.0 70.0
obstacle
0.0220802593976
240.0 59.0 23.0 12.0
obstacle
0.0218175686896
280.0 0.0 19.0 39.0
obstacle
0.0218113791198
395.0 106.0 97.0 67.0
obstacle
0.0216797497123
434.0 21.0 15.0 35.0
obstacle
0.021575415507
20.0 189.0 77.0 57.0
obstacle
0.0214783344418
433.0 0.0 20.0 40.0
obstacle
0.0214488096535
49.0 0.0 15.0 35.0
obstacle
0.0212972741574
294.0 89.0 57.0 58.0
obstacle
0.0212645158172
89.0 148.0 15.0 33.0
obstacle
0.0212257541716
0.0 212.0 295.0 115.0
obstacle
0.0212021376938
209.0 51.0 16.0 22.0
obstacle
0.0211028568447
395.0 0.0 18.0 38.0
obstacle
0.0209647435695
203.0 221.0 98.0 48.0
obstacle
0.0208022948354
320.0 20.0 18.0 36.0
obstacle
0.0207128673792
304.0 237.0 44.0 15.0
obstacle
0.0207080375403
239.0 138.0 26.0 12.0
obstacle
0.0206943321973
116.0 110.0 38.0 15.0
obstacle
0.0205764845014
17.0 217.0 81.0 53.0
obstacle
0.0205634627491
441.0 261.0 59.0 65.0
obstacle
0.0205177571625
473.0 0.0 16.0 35.0
obstacle
0.0204877071083
403.0 129.0 83.0 75.0
obstacle
0.0203711558133
318.0 252.0 15.0 33.0
obstacle
0.0202670432627
250.0 95.0 75.0 48.0
obstacle
0.0202576648444
356.0 247.0 19.0 44.0
obstacle
0.0202046763152
205.0 0.0 15.0 35.0
obstacle
0.0201942697167
343.0 294.0 117.0 39.0
obstacle
0.0198715422302
155.0 160.0 35.0 13.0
obstacle
0.019853817299
305.0 291.0 120.0 42.0
obstacle
0.0197876729071
315.0 160.0 25.0 9.0
obstacle
0.0197516325861
394.0 94.0 19.0 41.0
obstacle
0.0196475014091
180.0 155.0 320.0 124.0
obstacle
0.0195911452174
156.0 188.0 110.0 53.0
obstacle
0.0195749476552
278.0 222.0 19.0 43.0
obstacle
0.0195491239429
418.0 262.0 50.0 15.0
obstacle
0.0194686129689
424.0 35.0 35.0 11.0
obstacle
0.0192137658596
2.0 186.0 31.0 11.0
obstacle
0.0191800948232
270.0 260.0 39.0 13.0
obstacle
0.0191484186798
2.0 287.0 31.0 12.0
obstacle
0.0189994033426
357.0 262.0 93.0 61.0
obstacle
0.0189986918122
394.0 187.0 96.0 57.0
obstacle
0.018998529762
279.0 300.0 19.0 33.0
obstacle
0.0188499242067
0.0 188.0 51.0 59.0
obstacle
0.0187421254814
40.0 287.0 35.0 14.0
obstacle
0.0186601914465
352.0 211.0 101.0 65.0
obstacle
0.0184743031859
140.0 263.0 296.0 70.0
obstacle
0.0184481758624
164.0 125.0 15.0 34.0
obstacle
0.0184335373342
199.0 137.0 29.0 12.0
obstacle
0.0184032320976
56.0 209.0 79.0 67.0
obstacle
0.0182802956551
79.0 182.0 35.0 14.0
obstacle
0.0182094853371
356.0 127.0 99.0 78.0
obstacle
0.0181910451502
121.0 185.0 102.0 60.0
obstacle
0.0181392785162
124.0 149.0 17.0 32.0
obstacle
0.0180937778205
317.0 300.0 19.0 33.0
obstacle
0.0180681180209
20.0 101.0 78.0 78.0
obstacle
0.0180365983397
0.0 32.0 188.0 116.0
obstacle
0.017949776724
394.0 249.0 18.0 40.0
obstacle
0.0179007351398
0.0 185.0 161.0 117.0
obstacle
0.0178746972233
31.0 294.0 130.0 39.0
obstacle
0.0178180728108
164.0 0.0 16.0 34.0
obstacle
0.017785962671
11.0 0.0 13.0 29.0
obstacle
0.0177379865199
217.0 90.0 66.0 51.0
obstacle
0.0177375730127
114.0 261.0 43.0 15.0
obstacle
0.017717866227
310.0 83.0 32.0 11.0
obstacle
0.0177120119333
317.0 71.0 19.0 35.0
obstacle
0.0176972411573
264.0 314.0 47.0 16.0
obstacle
0.0175598841161
149.0 85.0 60.0 60.0
obstacle
0.0175174027681
386.0 36.0 33.0 10.0
obstacle
0.0175073873252
6.0 31.0 27.0 11.0
obstacle
0.0174213536084
359.0 53.0 11.0 21.0
obstacle
0.0173387229443
157.0 183.0 31.0 11.0
obstacle
0.0173171404749
335.0 258.0 165.0 75.0
obstacle
0.0172022916377
87.0 275.0 18.0 36.0
obstacle
0.0171894934028
1.0 239.0 32.0 12.0
obstacle
0.0170901976526
7.0 224.0 13.0 41.0
obstacle
0.0170887634158
281.0 144.0 14.0 40.0
obstacle
0.0169929042459
0.0 298.0 69.0 35.0
obstacle
0.016985302791
349.0 110.0 32.0 12.0
obstacle
0.0168789867312
359.0 25.0 15.0 29.0
obstacle
0.0166995860636
281.0 67.0 17.0 41.0
obstacle
0.0166074689478
81.0 134.0 35.0 13.0
obstacle
0.0164807215333
91.0 185.0 87.0 63.0
obstacle
0.0164743941277
432.0 140.0 19.0 52.0
obstacle
0.0164505336434
356.0 262.0 20.0 13.0
obstacle
0.0163338277489
305.0 189.0 195.0 108.0
obstacle
0.0163038186729
117.0 160.0 35.0 14.0
