obstacle
0.832833051682
214.0 199.0 149.0 40.0
obstacle
0.34566834569
215.0 203.0 100.0 27.0
obstacle
0.193045213819
221.0 212.0 137.0 45.0
obstacle
0.178079992533
184.0 189.0 272.0 59.0
obstacle
0.126476213336
313.0 211.0 27.0 13.0
obstacle
0.124483682215
275.0 209.0 25.0 15.0
obstacle
0.0924322381616
0.0 199.0 55.0 35.0
obstacle
0.0912815630436
186.0 155.0 274.0 81.0
obstacle
0.08772020787
207.0 209.0 95.0 58.0
obstacle
0.0863004401326
312.0 202.0 82.0 35.0
obstacle
0.0854223892093
244.0 173.0 91.0 47.0
obstacle
0.0729600787163
433.0 193.0 67.0 50.0
obstacle
0.0716611593962
237.0 209.0 26.0 13.0
obstacle
0.0690221041441
6.0 199.0 102.0 37.0
obstacle
0.0679281502962
190.0 199.0 200.0 78.0
obstacle
0.0637788400054
401.0 196.0 83.0 44.0
obstacle
0.0625380054116
212.0 171.0 87.0 47.0
obstacle
0.0604164749384
13.0 175.0 91.0 36.0
obstacle
0.0587883219123
280.0 174.0 89.0 45.0
obstacle
0.0577491596341
54.0 113.0 86.0 58.0
obstacle
0.0561563707888
320.0 207.0 13.0 23.0
obstacle
0.0561521984637
439.0 141.0 61.0 50.0
obstacle
0.0556353740394
349.0 211.0 29.0 13.0
obstacle
0.0539944395423
281.0 202.0 13.0 28.0
obstacle
0.0527239963412
13.0 223.0 90.0 39.0
obstacle
0.051865696907
127.0 190.0 95.0 53.0
obstacle
0.0515991523862
54.0 170.0 82.0 44.0
obstacle
0.0515323840082
248.0 142.0 89.0 48.0
obstacle
0.0513574555516
3.0 210.0 30.0 12.0
obstacle
0.0504030548036
7.0 148.0 101.0 34.0
obstacle
0.0498738363385
316.0 174.0 18.0 38.0
obstacle
0.0496757850051
51.0 145.0 91.0 43.0
obstacle
0.049638915807
121.0 113.0 335.0 112.0
obstacle
0.0489982888103
394.0 145.0 99.0 44.0
obstacle
0.0476512499154
87.0 115.0 95.0 55.0
obstacle
0.0474008098245
12.0 117.0 93.0 50.0
obstacle
0.0473041720688
400.0 167.0 91.0 50.0
obstacle
0.0461661629379
0.0 145.0 55.0 42.0
obstacle
0.0456745736301
279.0 140.0 22.0 53.0
obstacle
0.0442587584257
279.0 172.0 18.0 42.0
obstacle
0.0431604795158
3.0 160.0 30.0 13.0
obstacle
0.042746797204
369.0 164.0 69.0 54.0
obstacle
0.0425366573036
458.0 158.0 42.0 14.0
obstacle
0.04217864573
356.0 142.0 97.0 50.0
obstacle
0.0421590544283
413.0 210.0 57.0 15.0
obstacle
0.0414833985269
224.0 239.0 128.0 53.0
obstacle
0.0411631688476
0.0 140.0 180.0 105.0
obstacle
0.0410082004964
329.0 172.0 70.0 43.0
obstacle
0.0391820073128
318.0 140.0 95.0 54.0
obstacle
0.0390915460885
244.0 203.0 14.0 28.0
obstacle
0.0389622226357
180.0 198.0 84.0 39.0
obstacle
0.0389241315424
74.0 159.0 43.0 13.0
obstacle
0.0386459678411
456.0 210.0 44.0 15.0
obstacle
0.0385196991265
47.0 196.0 96.0 43.0
obstacle
0.0383427813649
281.0 143.0 94.0 47.0
obstacle
0.0381165146828
0.0 217.0 61.0 51.0
obstacle
0.0380873680115
240.0 172.0 19.0 41.0
obstacle
0.0375376082957
0.0 172.0 53.0 42.0
obstacle
0.0371823236346
232.0 186.0 34.0 12.0
obstacle
0.03699118644
393.0 0.0 97.0 36.0
obstacle
0.0367706567049
401.0 241.0 87.0 54.0
obstacle
0.0367200933397
90.0 191.0 92.0 51.0
obstacle
0.0362994931638
92.0 167.0 84.0 50.0
obstacle
0.0360048078001
440.0 160.0 60.0 62.0
obstacle
0.0359929092228
368.0 0.0 76.0 38.0
obstacle
0.0359447747469
38.0 188.0 41.0 11.0
obstacle
0.0358322635293
367.0 195.0 73.0 45.0
obstacle
0.0355220846832
265.0 159.0 47.0 15.0
obstacle
0.0354363359511
387.0 185.0 35.0 13.0
obstacle
0.0350003242493
437.0 214.0 63.0 57.0
obstacle
0.0347856283188
3.0 187.0 29.0 11.0
obstacle
0.0347376167774
49.0 172.0 17.0 40.0
obstacle
0.0347210876644
126.0 112.0 95.0 59.0
obstacle
0.0345625989139
317.0 143.0 22.0 48.0
obstacle
0.0341329760849
76.0 184.0 37.0 14.0
obstacle
0.0339531227946
439.0 8.0 61.0 60.0
obstacle
0.0336820520461
400.0 215.0 86.0 55.0
obstacle
0.0335422232747
440.0 236.0 60.0 64.0
obstacle
0.0334121659398
318.0 0.0 89.0 37.0
obstacle
0.0333328954875
7.0 124.0 13.0 33.0
obstacle
0.0333114676178
34.0 161.0 48.0 12.0
obstacle
0.0332084447145
321.0 107.0 91.0 68.0
obstacle
0.0328674502671
286.0 111.0 83.0 61.0
obstacle
0.0327733010054
8.0 205.0 13.0 25.0
obstacle
0.0326819084585
13.0 241.0 89.0 54.0
obstacle
0.0321974828839
198.0 237.0 109.0 61.0
obstacle
0.0320934504271
205.0 141.0 98.0 51.0
obstacle
0.0320795699954
312.0 188.0 32.0 13.0
obstacle
0.0319927446544
304.0 160.0 45.0 14.0
obstacle
0.0316042937338
0.0 115.0 60.0 54.0
obstacle
0.0315030142665
432.0 196.0 23.0 45.0
obstacle
0.0312469117343
261.0 169.0 239.0 97.0
obstacle
0.0311253946275
383.0 160.0 41.0 13.0
obstacle
0.031040828675
443.0 52.0 57.0 76.0
obstacle
0.030970133841
360.0 220.0 84.0 44.0
obstacle
0.0308543778956
356.0 203.0 15.0 30.0
obstacle
0.0306881070137
8.0 150.0 12.0 32.0
obstacle
0.0306399017572
0.0 163.0 359.0 109.0
obstacle
0.0305954553187
227.0 160.0 46.0 14.0
obstacle
0.030449571088
127.0 142.0 93.0 48.0
obstacle
0.0303880535066
49.0 147.0 17.0 40.0
obstacle
0.0303456373513
419.0 184.0 46.0 15.0
obstacle
0.0302590541542
36.0 210.0 45.0 12.0
obstacle
0.0301784723997
341.0 160.0 48.0 14.0
obstacle
0.0300571881235
241.0 143.0 19.0 47.0
obstacle
0.0294443946332
270.0 188.0 35.0 12.0
obstacle
0.029334820807
165.0 237.0 94.0 62.0
obstacle
0.0289588719606
394.0 15.0 100.0 44.0
obstacle
0.0287229530513
282.0 0.0 89.0 41.0
obstacle
0.0286650564522
87.0 143.0 93.0 46.0
obstacle
0.0286403745413
348.0 187.0 33.0 11.0
obstacle
0.0285764075816
308.0 115.0 192.0 103.0
obstacle
0.0284760240465
0.0 243.0 58.0 49.0
obstacle
0.0282646175474
249.0 110.0 81.0 62.0
obstacle
0.0281605590135
355.0 146.0 21.0 42.0
obstacle
0.0279956478626
50.0 88.0 93.0 55.0
obstacle
0.0277303345501
0.0 0.0 59.0 39.0
obstacle
0.0277262628078
61.0 218.0 300.0 100.0
obstacle
0.0276709254831
83.0 88.0 102.0 56.0
obstacle
0.0275861527771
169.0 139.0 90.0 53.0
obstacle
0.0275201778859
0.0 114.0 245.0 106.0
obstacle
0.0271521061659
359.0 40.0 93.0 48.0
obstacle
0.0271146129817
48.0 216.0 96.0 53.0
obstacle
0.0269100982696
15.0 87.0 84.0 54.0
obstacle
0.0268401671201
50.0 0.0 94.0 40.0
obstacle
0.0267744883895
137.0 167.0 76.0 50.0
obstacle
0.0265641789883
18.0 0.0 80.0 39.0
obstacle
0.0264975931495
111.0 159.0 45.0 13.0
obstacle
0.0264603942633
464.0 6.0 36.0 14.0
obstacle
0.02634110488
13.0 272.0 95.0 44.0
obstacle
0.0261715278029
321.0 86.0 94.0 58.0
obstacle
0.0257994197309
440.0 83.0 60.0 63.0
obstacle
0.0257268249989
365.0 109.0 80.0 67.0
obstacle
0.0256928075105
386.0 208.0 38.0 14.0
obstacle
0.0256784092635
0.0 190.0 181.0 106.0
obstacle
0.0256781876087
0.0 62.0 54.0 56.0
obstacle
0.0256158020347
113.0 135.0 41.0 14.0
obstacle
0.0254889447242
86.0 119.0 18.0 43.0
obstacle
0.0253154709935
400.0 43.0 86.0 37.0
obstacle
0.0253065340221
86.0 210.0 95.0 65.0
obstacle
0.0253037661314
0.0 88.0 54.0 55.0
obstacle
0.0252964105457
444.0 105.0 56.0 72.0
obstacle
0.0252553895116
147.0 209.0 51.0 14.0
obstacle
0.0252077504992
433.0 173.0 19.0 37.0
obstacle
0.025113068521
473.0 196.0 18.0 44.0
obstacle
0.025069123134
328.0 0.0 172.0 98.0
obstacle
0.024913508445
212.0 105.0 78.0 71.0
obstacle
0.0247632768005
73.0 296.0 123.0 37.0
obstacle
0.0247209146619
2.0 135.0 32.0 13.0
obstacle
0.0247000455856
166.0 0.0 91.0 41.0
obstacle
0.0245521944016
91.0 0.0 88.0 39.0
obstacle
0.0244648549706
48.0 115.0 18.0 50.0
obstacle
0.0244457591325
38.0 136.0 41.0 12.0
obstacle
0.0244449749589
274.0 233.0 32.0 12.0
obstacle
0.0244170874357
321.0 216.0 76.0 44.0
obstacle
0.0243527106941
156.0 293.0 110.0 40.0
obstacle
0.0243136622012
402.0 104.0 81.0 75.0
obstacle
0.0240434017032
194.0 294.0 111.0 39.0
obstacle
0.0240095686167
285.0 85.0 89.0 60.0
obstacle
0.0239778999239
75.0 209.0 40.0 14.0
obstacle
0.0239169578999
79.0 135.0 33.0 13.0
obstacle
0.0238656997681
47.0 196.0 19.0 42.0
obstacle
0.0237925499678
312.0 237.0 188.0 96.0
obstacle
0.0237001571804
114.0 183.0 40.0 15.0
obstacle
0.0235964860767
169.0 84.0 89.0 61.0
obstacle
0.0235523898154
123.0 118.0 21.0 45.0
obstacle
0.0233219303191
35.0 237.0 46.0 13.0
obstacle
0.0232532452792
309.0 298.0 113.0 35.0
obstacle
0.0232451166958
196.0 92.0 304.0 102.0
obstacle
0.0232093539089
317.0 113.0 18.0 55.0
obstacle
0.0231953654438
206.0 86.0 92.0 59.0
obstacle
0.0229747369885
0.0 266.0 300.0 67.0
obstacle
0.0228641182184
8.0 176.0 11.0 30.0
obstacle
0.0228584874421
401.0 264.0 82.0 60.0
obstacle
0.0228087175637
149.0 160.0 49.0 12.0
obstacle
0.0227537192404
459.0 261.0 41.0 15.0
obstacle
0.0227460134774
245.0 86.0 92.0 58.0
obstacle
0.0226349998266
329.0 14.0 78.0 48.0
obstacle
0.0224645733833
311.0 233.0 35.0 12.0
obstacle
0.0224436149001
440.0 25.0 60.0 75.0
obstacle
0.0224407091737
0.0 0.0 261.0 71.0
obstacle
0.0224339850247
206.0 0.0 87.0 40.0
obstacle
0.0223965253681
394.0 147.0 19.0 40.0
obstacle
0.0223718881607
128.0 0.0 91.0 40.0
obstacle
0.0222992952913
362.0 241.0 83.0 54.0
obstacle
0.0222673583776
187.0 160.0 49.0 14.0
obstacle
0.0222564190626
393.0 20.0 19.0 41.0
obstacle
0.0222216267139
243.0 0.0 91.0 37.0
obstacle
0.0222111456096
356.0 174.0 17.0 36.0
obstacle
0.0221693441272
168.0 106.0 90.0 69.0
obstacle
0.0221545193344
47.0 296.0 98.0 37.0
obstacle
0.0221507623792
174.0 171.0 80.0 44.0
obstacle
0.0221349895
307.0 62.0 193.0 109.0
obstacle
0.0220280382782
85.0 169.0 20.0 45.0
obstacle
0.0219965986907
475.0 147.0 17.0 39.0
obstacle
0.0218743681908
278.0 159.0 23.0 14.0
obstacle
0.0218374785036
111.0 208.0 45.0 16.0
obstacle
0.0217398237437
279.0 113.0 18.0 55.0
obstacle
0.0217390283942
211.0 270.0 289.0 63.0
obstacle
0.0216704085469
88.0 35.0 92.0 56.0
obstacle
0.0216379389167
1.0 236.0 34.0 13.0
obstacle
0.0215530432761
0.0 36.0 59.0 56.0
obstacle
0.021539952606
280.0 261.0 91.0 65.0
obstacle
0.0214197747409
395.0 173.0 18.0 36.0
obstacle
0.0214113555849
357.0 160.0 21.0 13.0
obstacle
0.0214097332209
8.0 36.0 98.0 53.0
obstacle
0.0213472116739
49.0 36.0 95.0 55.0
obstacle
0.0213086903095
317.0 160.0 22.0 14.0
obstacle
0.0211902447045
202.0 0.0 298.0 75.0
obstacle
0.0211528819054
203.0 144.0 17.0 44.0
obstacle
0.0210835468024
204.0 262.0 92.0 66.0
obstacle
0.0210425574332
163.0 265.0 97.0 57.0
obstacle
0.0210085269064
105.0 265.0 289.0 68.0
obstacle
0.0209750011563
360.0 16.0 90.0 47.0
obstacle
0.0209477413446
458.0 235.0 42.0 15.0
obstacle
0.0208967514336
414.0 234.0 55.0 16.0
obstacle
0.0207541417331
0.0 6.0 38.0 12.0
obstacle
0.0207373984158
171.0 205.0 307.0 125.0
obstacle
0.0207186285406
352.0 296.0 101.0 37.0
obstacle
0.0206238850951
322.0 62.0 88.0 53.0
obstacle
0.0205689314753
0.0 267.0 56.0 53.0
obstacle
0.0205231942236
431.0 218.0 23.0 50.0
obstacle
0.0204215105623
128.0 36.0 91.0 55.0
obstacle
0.0203374009579
0.0 92.0 185.0 102.0
obstacle
0.0202830545604
355.0 113.0 18.0 55.0
obstacle
0.0202696807683
399.0 61.0 86.0 55.0
obstacle
0.0202617868781
341.0 134.0 46.0 14.0
obstacle
0.0202455278486
277.0 295.0 99.0 38.0
obstacle
0.0201971568167
163.0 198.0 20.0 40.0
obstacle
0.0201741475612
75.0 110.0 43.0 12.0
obstacle
0.0201209262013
128.0 85.0 91.0 63.0
obstacle
0.0201095491648
243.0 61.0 92.0 57.0
obstacle
0.0200748872012
388.0 292.0 107.0 41.0
obstacle
0.0200621895492
458.0 185.0 42.0 14.0
obstacle
0.0200159791857
357.0 18.0 19.0 44.0
obstacle
0.0198334157467
473.0 219.0 19.0 47.0
obstacle
0.0198282860219
271.0 238.0 108.0 57.0
obstacle
0.0198153462261
382.0 56.0 43.0 17.0
obstacle
0.0197491701692
52.0 65.0 90.0 50.0
obstacle
0.0194626152515
286.0 62.0 84.0 55.0
obstacle
0.0194584261626
49.0 269.0 95.0 52.0
obstacle
0.0194373689592
394.0 39.0 17.0 49.0
obstacle
0.0193824265152
164.0 35.0 94.0 56.0
obstacle
0.019378580153
362.0 88.0 87.0 56.0
obstacle
0.0193773154169
8.0 99.0 11.0 33.0
obstacle
0.0193282943219
122.0 262.0 101.0 64.0
obstacle
0.0192806776613
131.0 65.0 87.0 51.0
obstacle
0.019264601171
189.0 186.0 41.0 12.0
obstacle
0.0191521216184
124.0 171.0 19.0 41.0
obstacle
0.0190976709127
231.0 233.0 41.0 13.0
obstacle
0.0190461892635
230.0 33.0 270.0 112.0
obstacle
0.0190430823714
49.0 13.0 97.0 51.0
obstacle
0.0190028175712
36.0 109.0 43.0 13.0
obstacle
0.0189909264445
431.0 39.0 21.0 50.0
obstacle
0.0189153887331
86.0 146.0 19.0 40.0
obstacle
0.0188993532211
420.0 160.0 45.0 13.0
obstacle
0.0188160892576
419.0 6.0 47.0 13.0
obstacle
0.0187409836799
240.0 159.0 22.0 14.0
obstacle
0.0187144186348
432.0 13.0 18.0 53.0
obstacle
0.0186169985682
280.0 40.0 94.0 47.0
obstacle
0.0184459965676
432.0 212.0 22.0 12.0
obstacle
0.0184192918241
112.0 110.0 44.0 13.0
obstacle
0.0184034984559
440.0 259.0 60.0 70.0
obstacle
0.0183958578855
2.0 110.0 32.0 12.0
obstacle
0.0183141697198
150.0 135.0 46.0 13.0
obstacle
0.0183048751205
462.0 108.0 38.0 14.0
obstacle
0.0182998776436
84.0 262.0 101.0 66.0
obstacle
0.0182465016842
16.0 62.0 84.0 53.0
obstacle
0.0181967299432
47.0 238.0 98.0 62.0
obstacle
0.0180773865432
0.0 294.0 63.0 39.0
obstacle
0.0180766172707
464.0 31.0 34.0 15.0
obstacle
0.018055466935
474.0 172.0 17.0 41.0
obstacle
0.0180168990046
239.0 112.0 19.0 57.0
obstacle
0.0179872419685
239.0 247.0 22.0 42.0
obstacle
0.0178584028035
7.0 14.0 105.0 48.0
obstacle
0.0177941694856
382.0 236.0 41.0 13.0
obstacle
0.0177188944072
162.0 211.0 24.0 13.0
obstacle
0.0177141018212
111.0 7.0 47.0 12.0
obstacle
0.0176359061152
461.0 82.0 39.0 15.0
obstacle
0.0175710469484
319.0 42.0 93.0 43.0
obstacle
0.0175393372774
165.0 142.0 18.0 49.0
obstacle
0.0175042841583
266.0 135.0 44.0 14.0
obstacle
0.0174920521677
80.0 232.0 110.0 73.0
obstacle
0.0174793135375
0.0 213.0 136.0 110.0
obstacle
0.0174527410418
165.0 10.0 95.0 56.0
obstacle
0.0173647347838
229.0 294.0 118.0 39.0
obstacle
0.0173159129918
48.0 90.0 17.0 50.0
obstacle
0.0173098426312
86.0 194.0 19.0 48.0
obstacle
0.0172658730298
49.0 160.0 19.0 13.0
obstacle
0.0172264091671
398.0 84.0 91.0 61.0
obstacle
0.0172221548855
364.0 65.0 80.0 47.0
obstacle
0.0172196514904
34.0 90.0 353.0 105.0
obstacle
0.0171044599265
204.0 66.0 93.0 47.0
obstacle
0.0170841049403
474.0 247.0 17.0 43.0
obstacle
0.0169624462724
304.0 135.0 44.0 14.0
obstacle
0.0169622916728
153.0 185.0 39.0 12.0
obstacle
0.0169324930757
73.0 7.0 47.0 12.0
obstacle
0.016924072057
277.0 244.0 22.0 46.0
obstacle
0.0168903972954
0.0 65.0 300.0 104.0
obstacle
0.0168856214732
150.0 7.0 46.0 11.0
