obstacle
0.904416441917
16.0 132.0 317.0 106.0
obstacle
0.211776182055
136.0 120.0 219.0 103.0
obstacle
0.113032534719
41.0 94.0 264.0 107.0
obstacle
0.0840455889702
0.0 114.0 217.0 113.0
obstacle
0.0786850824952
68.0 169.0 138.0 43.0
obstacle
0.05773884058
72.0 111.0 55.0 57.0
obstacle
0.056400872767
171.0 126.0 69.0 40.0
obstacle
0.0559621378779
66.0 86.0 61.0 65.0
obstacle
0.0553469620645
60.0 134.0 79.0 66.0
obstacle
0.0542330183089
3.0 177.0 336.0 127.0
obstacle
0.052172459662
192.0 139.0 32.0 12.0
obstacle
0.0519521534443
0.0 165.0 258.0 100.0
obstacle
0.0500793792307
239.0 146.0 81.0 44.0
obstacle
0.0496612004936
198.0 150.0 102.0 41.0
obstacle
0.0493780821562
164.0 149.0 19.0 34.0
obstacle
0.0493463091552
80.0 131.0 36.0 14.0
obstacle
0.048776101321
407.0 67.0 74.0 45.0
obstacle
0.0475244708359
91.0 119.0 15.0 42.0
obstacle
0.0474731214345
204.0 218.0 87.0 46.0
obstacle
0.0471441335976
103.0 158.0 286.0 111.0
obstacle
0.0447068586946
30.0 110.0 61.0 65.0
obstacle
0.0445604883134
390.0 44.0 105.0 39.0
obstacle
0.0444702170789
204.0 166.0 80.0 48.0
obstacle
0.0437679104507
82.0 144.0 109.0 55.0
obstacle
0.0418679080904
136.0 117.0 83.0 53.0
obstacle
0.0416471362114
200.0 126.0 18.0 32.0
obstacle
0.0414908416569
101.0 64.0 69.0 50.0
obstacle
0.0411358959973
37.0 158.0 131.0 63.0
obstacle
0.0410884357989
401.0 17.0 90.0 44.0
obstacle
0.0409874133766
96.0 83.0 72.0 69.0
obstacle
0.0391028411686
440.0 187.0 60.0 60.0
obstacle
0.0377744324505
366.0 66.0 79.0 45.0
obstacle
0.0374973416328
64.0 63.0 68.0 53.0
obstacle
0.0372478924692
15.0 83.0 86.0 66.0
obstacle
0.0370205007493
166.0 147.0 84.0 42.0
obstacle
0.0358083955944
156.0 165.0 104.0 48.0
obstacle
0.0349674075842
444.0 65.0 56.0 49.0
obstacle
0.0349555648863
210.0 66.0 83.0 47.0
obstacle
0.0341542847455
164.0 173.0 15.0 36.0
obstacle
0.0333787538111
193.0 190.0 102.0 54.0
obstacle
0.0329643748701
201.0 151.0 18.0 29.0
obstacle
0.032922450453
32.0 135.0 64.0 64.0
obstacle
0.0322701744735
92.0 98.0 16.0 38.0
obstacle
0.0320948883891
126.0 143.0 98.0 50.0
obstacle
0.032017827034
439.0 37.0 61.0 54.0
obstacle
0.0318625792861
139.0 62.0 70.0 54.0
obstacle
0.0315578766167
445.0 4.0 55.0 71.0
obstacle
0.0313744097948
164.0 119.0 21.0 46.0
obstacle
0.0304436367005
251.0 159.0 58.0 58.0
obstacle
0.0301502086222
125.0 95.0 16.0 42.0
obstacle
0.0301201567054
127.0 144.0 18.0 43.0
obstacle
0.0298329219222
355.0 208.0 100.0 70.0
obstacle
0.0297463871539
440.0 152.0 60.0 79.0
obstacle
0.029695963487
126.0 172.0 13.0 36.0
obstacle
0.0295526646078
400.0 111.0 84.0 60.0
obstacle
0.0294441655278
66.0 193.0 141.0 40.0
obstacle
0.0293765440583
175.0 66.0 77.0 48.0
obstacle
0.0290561020374
49.0 188.0 101.0 52.0
obstacle
0.0288222040981
85.0 45.0 99.0 40.0
obstacle
0.0287938527763
0.0 214.0 61.0 57.0
obstacle
0.0287726614624
0.0 184.0 63.0 64.0
obstacle
0.0287465136498
397.0 0.0 94.0 38.0
obstacle
0.0284480676055
123.0 44.0 100.0 42.0
obstacle
0.0282394494861
254.0 61.0 73.0 56.0
obstacle
0.0281354039907
280.0 42.0 96.0 44.0
obstacle
0.0278257448226
181.0 106.0 319.0 123.0
obstacle
0.0278234761208
113.0 109.0 38.0 13.0
obstacle
0.0276657585055
169.0 217.0 85.0 45.0
obstacle
0.0276469904929
79.0 110.0 38.0 12.0
obstacle
0.0275339782238
159.0 39.0 106.0 49.0
obstacle
0.0274416990578
313.0 43.0 105.0 43.0
obstacle
0.0273003354669
293.0 62.0 73.0 52.0
obstacle
0.027253286913
0.0 80.0 55.0 69.0
obstacle
0.0272016879171
361.0 134.0 86.0 64.0
obstacle
0.0271140951663
29.0 59.0 62.0 58.0
obstacle
0.0270770825446
235.0 13.0 265.0 101.0
obstacle
0.0270032808185
400.0 89.0 88.0 51.0
obstacle
0.0268890988082
89.0 142.0 16.0 47.0
obstacle
0.0267746653408
0.0 293.0 64.0 40.0
obstacle
0.0266802571714
114.0 130.0 36.0 16.0
obstacle
0.0266601890326
124.0 121.0 19.0 41.0
obstacle
0.0265198722482
439.0 105.0 61.0 70.0
obstacle
0.0263656005263
117.0 83.0 37.0 13.0
obstacle
0.0262077338994
50.0 43.0 96.0 44.0
obstacle
0.0261644031852
209.0 0.0 82.0 39.0
obstacle
0.0256987009197
162.0 90.0 22.0 52.0
obstacle
0.0256786625832
0.0 264.0 60.0 63.0
obstacle
0.0255615506321
361.0 17.0 89.0 44.0
obstacle
0.0254556462169
329.0 63.0 76.0 51.0
obstacle
0.0254349280149
203.0 11.0 96.0 53.0
obstacle
0.0253402106464
428.0 295.0 72.0 38.0
obstacle
0.0252384990454
360.0 103.0 90.0 75.0
obstacle
0.0251188911498
202.0 0.0 298.0 70.0
obstacle
0.0250750500709
0.0 39.0 57.0 51.0
obstacle
0.0250150747597
322.0 155.0 88.0 72.0
obstacle
0.0249769706279
319.0 0.0 93.0 39.0
obstacle
0.0247146319598
104.0 111.0 59.0 58.0
obstacle
0.0246777217835
401.0 179.0 86.0 75.0
obstacle
0.0244624782354
13.0 41.0 95.0 44.0
obstacle
0.0243672411889
288.0 104.0 79.0 74.0
obstacle
0.0240860525519
128.0 82.0 90.0 64.0
obstacle
0.0240616556257
0.0 107.0 58.0 67.0
obstacle
0.0238776039332
0.0 28.0 301.0 123.0
obstacle
0.0238179881126
356.0 42.0 100.0 43.0
obstacle
0.0237801726907
330.0 0.0 170.0 95.0
obstacle
0.0237358883023
77.0 83.0 38.0 12.0
obstacle
0.0236468352377
323.0 131.0 86.0 70.0
obstacle
0.0235189832747
239.0 213.0 95.0 57.0
obstacle
0.0234705321491
155.0 194.0 107.0 38.0
obstacle
0.0234307106584
438.0 260.0 62.0 68.0
obstacle
0.0233849342912
197.0 38.0 108.0 51.0
obstacle
0.0231383722275
147.0 108.0 49.0 15.0
obstacle
0.0230913516134
322.0 13.0 88.0 50.0
obstacle
0.0226963143796
236.0 185.0 29.0 12.0
obstacle
0.022647710517
385.0 82.0 39.0 13.0
obstacle
0.0226019416004
420.0 57.0 43.0 14.0
obstacle
0.022600421682
79.0 0.0 342.0 97.0
obstacle
0.0225410927087
278.0 261.0 98.0 67.0
obstacle
0.0222623702139
0.0 57.0 50.0 63.0
obstacle
0.022199774161
131.0 0.0 84.0 40.0
obstacle
0.0221829712391
318.0 207.0 96.0 72.0
obstacle
0.0221106484532
242.0 39.0 96.0 49.0
obstacle
0.0220718942583
23.0 155.0 78.0 73.0
obstacle
0.0219706967473
359.0 231.0 90.0 72.0
obstacle
0.0219626501203
362.0 0.0 85.0 39.0
obstacle
0.0219621062279
171.0 0.0 81.0 38.0
obstacle
0.0218255091459
403.0 205.0 79.0 73.0
obstacle
0.0216665305197
0.0 0.0 56.0 39.0
obstacle
0.02158363536
155.0 135.0 40.0 13.0
obstacle
0.021556481719
165.0 9.0 92.0 58.0
obstacle
0.0215562004596
132.0 12.0 86.0 53.0
obstacle
0.0215474255383
0.0 133.0 58.0 65.0
obstacle
0.0213344525546
48.0 146.0 16.0 40.0
obstacle
0.0212484840304
308.0 237.0 192.0 96.0
obstacle
0.0211810804904
277.0 296.0 98.0 37.0
obstacle
0.0211565084755
347.0 83.0 39.0 12.0
obstacle
0.0211182441562
438.0 231.0 62.0 77.0
obstacle
0.0211111288518
120.0 216.0 106.0 48.0
obstacle
0.0211082417518
156.0 83.0 35.0 12.0
obstacle
0.0210012737662
0.0 235.0 289.0 98.0
obstacle
0.0209594964981
283.0 0.0 88.0 38.0
obstacle
0.020845560357
247.0 0.0 83.0 38.0
obstacle
0.020786119625
243.0 262.0 94.0 64.0
obstacle
0.0206607114524
244.0 12.0 90.0 52.0
obstacle
0.020653270185
53.0 263.0 87.0 62.0
obstacle
0.0206263680011
422.0 83.0 43.0 12.0
obstacle
0.020587772131
360.0 262.0 90.0 65.0
obstacle
0.0205819644034
356.0 156.0 97.0 69.0
obstacle
0.020558854565
439.0 206.0 61.0 73.0
obstacle
0.0205275323242
96.0 211.0 307.0 116.0
obstacle
0.0204710699618
322.0 103.0 88.0 75.0
obstacle
0.0203837305307
127.0 70.0 17.0 40.0
obstacle
0.0203561149538
283.0 13.0 88.0 49.0
obstacle
0.020260931924
202.0 237.0 94.0 62.0
obstacle
0.0202404782176
0.0 187.0 167.0 111.0
obstacle
0.0202316567302
114.0 184.0 38.0 13.0
obstacle
0.0201924648136
396.0 156.0 95.0 70.0
obstacle
0.0201469436288
442.0 85.0 58.0 59.0
obstacle
0.0200797002763
11.0 186.0 100.0 59.0
obstacle
0.019932795316
201.0 160.0 299.0 114.0
obstacle
0.0198204182088
321.0 81.0 89.0 67.0
obstacle
0.019807703793
360.0 86.0 89.0 58.0
obstacle
0.0197979994118
274.0 160.0 28.0 14.0
obstacle
0.0197453610599
464.0 82.0 36.0 14.0
obstacle
0.0196457505226
82.0 214.0 108.0 54.0
obstacle
0.0196296330541
197.0 162.0 26.0 10.0
obstacle
0.0195155311376
12.0 261.0 91.0 66.0
obstacle
0.0195073634386
231.0 83.0 39.0 14.0
obstacle
0.0194911863655
460.0 211.0 40.0 14.0
obstacle
0.0194508954883
294.0 162.0 65.0 58.0
obstacle
0.0194409042597
57.0 0.0 79.0 38.0
obstacle
0.0193778704852
0.0 233.0 63.0 70.0
obstacle
0.0192718356848
167.0 235.0 89.0 65.0
obstacle
0.0191897097975
199.0 294.0 101.0 39.0
obstacle
0.0191450305283
341.0 58.0 47.0 13.0
obstacle
0.0191093310714
93.0 0.0 85.0 40.0
obstacle
0.0190514288843
65.0 57.0 367.0 120.0
obstacle
0.0189626123756
210.0 85.0 77.0 61.0
obstacle
0.0189469214529
285.0 209.0 85.0 65.0
obstacle
0.0189156495035
230.0 234.0 41.0 14.0
obstacle
0.0188538506627
132.0 266.0 313.0 67.0
obstacle
0.0185100045055
381.0 58.0 43.0 13.0
obstacle
0.0184858366847
401.0 128.0 83.0 74.0
obstacle
0.0184545591474
23.0 0.0 71.0 38.0
obstacle
0.0184202510864
18.0 11.0 84.0 53.0
obstacle
0.0183500871062
154.0 184.0 37.0 14.0
obstacle
0.0182079859078
44.0 292.0 104.0 41.0
obstacle
0.0180737003684
193.0 84.0 37.0 12.0
obstacle
0.0180538706481
273.0 185.0 30.0 10.0
obstacle
0.0180470310152
433.0 43.0 19.0 42.0
obstacle
0.0180058125407
57.0 9.0 79.0 60.0
obstacle
0.0179513469338
0.0 156.0 64.0 71.0
obstacle
0.0178391654044
165.0 69.0 18.0 42.0
obstacle
0.0177640132606
118.0 289.0 111.0 44.0
obstacle
0.0177056491375
0.0 6.0 38.0 12.0
obstacle
0.0176691804081
0.0 72.0 233.0 87.0
obstacle
0.0176521539688
357.0 177.0 94.0 79.0
obstacle
0.0175331328064
6.0 236.0 106.0 63.0
obstacle
0.0174505356699
149.0 59.0 48.0 12.0
obstacle
0.0174482334405
249.0 84.0 78.0 62.0
obstacle
0.0174186434597
247.0 184.0 77.0 67.0
obstacle
0.0173486899585
341.0 6.0 49.0 14.0
obstacle
0.0173202846199
111.0 60.0 47.0 11.0
obstacle
0.0172610394657
50.0 170.0 15.0 42.0
obstacle
0.017215160653
319.0 296.0 16.0 37.0
obstacle
0.0171769335866
322.0 180.0 87.0 73.0
obstacle
0.0171185545623
318.0 139.0 182.0 107.0
obstacle
0.0170784052461
0.0 313.0 39.0 14.0
obstacle
0.0170734040439
396.0 71.0 17.0 36.0
obstacle
0.0170451048762
46.0 211.0 106.0 61.0
obstacle
0.0170061960816
300.0 185.0 200.0 116.0
obstacle
0.0169603023678
197.0 185.0 33.0 12.0
obstacle
0.0166921205819
265.0 87.0 235.0 108.0
obstacle
0.0166177023202
82.0 232.0 107.0 71.0
obstacle
0.0164359919727
462.0 56.0 37.0 13.0
obstacle
0.0163803435862
455.0 287.0 45.0 16.0
obstacle
0.0163239203393
0.0 0.0 174.0 76.0
obstacle
0.0162654966116
202.0 93.0 19.0 45.0
obstacle
0.0162439532578
160.0 292.0 103.0 41.0
obstacle
0.0162383615971
308.0 82.0 39.0 13.0
obstacle
0.0162287242711
73.0 59.0 46.0 12.0
obstacle
0.016206420958
161.0 31.0 331.0 118.0
obstacle
0.0162027888
400.0 231.0 87.0 72.0
obstacle
0.0161454714835
240.0 15.0 19.0 48.0
obstacle
0.0161196701229
303.0 58.0 45.0 14.0
obstacle
0.0160971283913
242.0 69.0 17.0 41.0
obstacle
0.0160620734096
178.0 85.0 66.0 61.0
obstacle
0.0160434730351
93.0 12.0 85.0 54.0
obstacle
0.0160158239305
202.0 217.0 298.0 104.0
obstacle
0.0159974638373
87.0 253.0 94.0 80.0
obstacle
0.0159908365458
128.0 258.0 92.0 71.0
obstacle
0.0159257277846
87.0 294.0 18.0 39.0
obstacle
0.0158986784518
395.0 16.0 17.0 45.0
obstacle
0.0158222559839
156.0 162.0 32.0 13.0
obstacle
0.0157993473113
224.0 31.0 51.0 15.0
obstacle
0.0157823245972
439.0 127.0 61.0 77.0
obstacle
0.0157535150647
238.0 162.0 27.0 10.0
obstacle
0.0157031193376
0.0 134.0 37.0 13.0
obstacle
0.0156899299473
203.0 115.0 83.0 57.0
obstacle
0.0156499426812
356.0 15.0 17.0 46.0
obstacle
0.0155430939049
463.0 6.0 37.0 12.0
obstacle
0.0154895801097
226.0 6.0 46.0 13.0
obstacle
0.0154685871676
402.0 258.0 81.0 71.0
obstacle
0.0154274795204
320.0 230.0 93.0 77.0
obstacle
0.015418317169
416.0 107.0 50.0 16.0
obstacle
0.0153862899169
394.0 46.0 19.0 35.0
obstacle
0.0153422188014
479.0 46.0 13.0 35.0
obstacle
0.0152695998549
0.0 10.0 54.0 59.0
obstacle
0.0152457272634
290.0 134.0 70.0 65.0
obstacle
0.0152232619002
246.0 113.0 80.0 59.0
obstacle
0.0151984496042
233.0 296.0 111.0 37.0
obstacle
0.015197718516
124.0 234.0 98.0 65.0
obstacle
0.0151942865923
50.0 120.0 18.0 43.0
obstacle
0.0151694007218
89.0 71.0 16.0 36.0
obstacle
0.0151681387797
340.0 31.0 49.0 14.0
obstacle
0.0150928096846
474.0 0.0 15.0 35.0
obstacle
0.0150599041954
394.0 94.0 18.0 43.0
obstacle
0.0149209285155
433.0 0.0 18.0 35.0
obstacle
0.0149089060724
431.0 9.0 18.0 59.0
obstacle
0.0148741649464
203.0 68.0 17.0 43.0
obstacle
0.0148628735915
35.0 84.0 41.0 12.0
obstacle
0.0148606775329
357.0 0.0 17.0 36.0
obstacle
0.0148327052593
435.0 70.0 17.0 40.0
obstacle
0.0147961508483
377.0 236.0 53.0 15.0
obstacle
0.0147598143667
45.0 231.0 103.0 74.0
obstacle
0.0147509984672
113.0 236.0 42.0 13.0
obstacle
0.0146769285202
353.0 297.0 104.0 36.0
obstacle
0.0145693235099
1.0 236.0 36.0 15.0
obstacle
0.0145550388843
164.0 44.0 16.0 40.0
obstacle
0.014530130662
288.0 78.0 78.0 74.0
obstacle
0.0144286267459
418.0 134.0 48.0 14.0
obstacle
0.0143988756463
418.0 32.0 47.0 13.0
obstacle
0.0143869230524
202.0 170.0 14.0 41.0
obstacle
0.0143858715892
456.0 313.0 44.0 16.0
obstacle
0.0143730593845
266.0 58.0 44.0 13.0
obstacle
0.0143368216231
379.0 31.0 48.0 14.0
obstacle
0.0143151469529
284.0 185.0 85.0 64.0
obstacle
0.0142964636907
473.0 194.0 18.0 45.0
obstacle
0.0142544982955
395.0 0.0 17.0 34.0
obstacle
0.0142500717193
317.0 258.0 94.0 73.0
obstacle
0.0142476949841
476.0 13.0 14.0 51.0
obstacle
0.0142381507903
241.0 298.0 16.0 35.0
obstacle
0.0142255378887
278.0 93.0 21.0 45.0
obstacle
0.0141187636182
278.0 42.0 19.0 44.0
obstacle
0.0141184711829
188.0 6.0 46.0 13.0
obstacle
0.0140951732174
379.0 7.0 50.0 13.0
obstacle
0.0140834460035
39.0 134.0 37.0 12.0
obstacle
0.0140490541235
7.0 211.0 104.0 61.0
obstacle
0.0140036083758
86.0 169.0 15.0 43.0
obstacle
0.0139906667173
192.0 235.0 41.0 13.0
obstacle
0.0139570944011
193.0 109.0 36.0 13.0
obstacle
0.0139419287443
0.0 272.0 203.0 61.0
obstacle
0.0139391394332
271.0 83.0 36.0 12.0
obstacle
0.0139213586226
279.0 234.0 95.0 69.0
obstacle
0.0138901202008
227.0 58.0 45.0 13.0
obstacle
0.0138748427853
358.0 70.0 17.0 38.0
obstacle
0.0138011677191
460.0 134.0 40.0 14.0
obstacle
0.0137783521786
305.0 7.0 44.0 12.0
obstacle
0.0137415444478
393.0 213.0 23.0 59.0
obstacle
0.013716054149
394.0 237.0 21.0 13.0
