obstacle
0.617311298847
245.0 155.0 144.0 49.0
obstacle
0.565867960453
120.0 142.0 25.0 34.0
obstacle
0.509060382843
172.0 155.0 239.0 63.0
obstacle
0.294774502516
269.0 145.0 116.0 45.0
obstacle
0.263702303171
317.0 146.0 77.0 41.0
obstacle
0.223821938038
241.0 187.0 84.0 39.0
obstacle
0.207199931145
402.0 82.0 75.0 29.0
obstacle
0.202779144049
219.0 125.0 209.0 81.0
obstacle
0.164880692959
125.0 150.0 16.0 17.0
obstacle
0.142580643296
333.0 84.0 67.0 30.0
obstacle
0.137458011508
111.0 160.0 48.0 42.0
obstacle
0.135745495558
371.0 85.0 66.0 30.0
obstacle
0.130960255861
438.0 77.0 62.0 42.0
obstacle
0.125596866012
291.0 86.0 74.0 28.0
obstacle
0.123979076743
391.0 94.0 19.0 12.0
obstacle
0.119001828134
314.0 93.0 25.0 12.0
obstacle
0.115920700133
126.0 97.0 11.0 12.0
obstacle
0.115432985127
273.0 182.0 29.0 16.0
obstacle
0.107451818883
427.0 90.0 30.0 14.0
obstacle
0.103298582137
394.0 93.0 13.0 20.0
obstacle
0.0963133051991
110.0 94.0 44.0 21.0
obstacle
0.095614746213
313.0 175.0 28.0 17.0
obstacle
0.0887408778071
187.0 162.0 274.0 98.0
obstacle
0.0833211019635
462.0 91.0 36.0 14.0
obstacle
0.0819785147905
319.0 87.0 15.0 26.0
obstacle
0.07873724401
277.0 144.0 16.0 36.0
obstacle
0.0748250484467
279.0 170.0 16.0 32.0
obstacle
0.0747594460845
88.0 143.0 39.0 33.0
obstacle
0.0731256604195
138.0 109.0 232.0 110.0
obstacle
0.0719319209456
122.0 166.0 21.0 29.0
obstacle
0.0719198212028
209.0 164.0 111.0 46.0
obstacle
0.0707005262375
351.0 156.0 27.0 13.0
obstacle
0.0677958801389
352.0 92.0 25.0 14.0
obstacle
0.0663610473275
293.0 110.0 71.0 44.0
obstacle
0.0634763613343
318.0 168.0 16.0 31.0
obstacle
0.0589556135237
318.0 144.0 14.0 34.0
obstacle
0.0565220341086
253.0 78.0 79.0 45.0
obstacle
0.0552861951292
332.0 106.0 61.0 46.0
obstacle
0.0548883676529
82.0 84.0 39.0 32.0
obstacle
0.054621938616
367.0 100.0 69.0 52.0
obstacle
0.0534380674362
175.0 113.0 69.0 38.0
obstacle
0.0524967610836
438.0 45.0 62.0 61.0
obstacle
0.0522788986564
409.0 96.0 63.0 55.0
obstacle
0.0506333298981
216.0 192.0 84.0 38.0
obstacle
0.0499012991786
138.0 118.0 54.0 34.0
obstacle
0.0484565235674
268.0 183.0 101.0 48.0
obstacle
0.0483299195766
0.0 156.0 235.0 118.0
obstacle
0.0482923388481
138.0 139.0 53.0 34.0
obstacle
0.0477818250656
356.0 147.0 13.0 29.0
obstacle
0.0455361455679
359.0 90.0 14.0 22.0
obstacle
0.0453480519354
161.0 139.0 96.0 37.0
obstacle
0.0440382622182
121.0 122.0 27.0 34.0
obstacle
0.0438780449331
396.0 53.0 88.0 44.0
obstacle
0.0436992458999
355.0 135.0 82.0 51.0
obstacle
0.0430707782507
446.0 91.0 54.0 74.0
obstacle
0.0426357910037
368.0 50.0 73.0 53.0
obstacle
0.0422686301172
50.0 136.0 327.0 105.0
obstacle
0.0410435162485
215.0 141.0 83.0 45.0
obstacle
0.040877610445
400.0 0.0 87.0 51.0
obstacle
0.0405851863325
165.0 96.0 19.0 10.0
obstacle
0.0402688458562
130.0 125.0 10.0 18.0
obstacle
0.039826285094
276.0 156.0 25.0 14.0
obstacle
0.0395128652453
143.0 88.0 54.0 30.0
obstacle
0.0392080210149
363.0 0.0 83.0 51.0
obstacle
0.0387070812285
353.0 178.0 21.0 9.0
obstacle
0.0382525250316
320.0 111.0 15.0 38.0
obstacle
0.0375335030258
17.0 84.0 85.0 34.0
obstacle
0.0375087931752
44.0 197.0 105.0 40.0
obstacle
0.0373911783099
312.0 124.0 29.0 14.0
obstacle
0.0371556766331
161.0 169.0 107.0 36.0
obstacle
0.0371522940695
443.0 262.0 57.0 84.0
obstacle
0.0370552651584
272.0 93.0 36.0 13.0
obstacle
0.0365513674915
0.0 48.0 216.0 108.0
obstacle
0.0364902354777
442.0 0.0 58.0 57.0
obstacle
0.0360883548856
475.0 83.0 16.0 34.0
obstacle
0.0360693782568
389.0 334.0 110.0 41.0
obstacle
0.0358024798334
214.0 75.0 72.0 53.0
obstacle
0.0357090607285
83.0 114.0 34.0 33.0
obstacle
0.0356739200652
138.0 166.0 65.0 36.0
obstacle
0.0346404761076
137.0 0.0 71.0 46.0
obstacle
0.0345714911819
6.0 194.0 110.0 44.0
obstacle
0.0342346169055
177.0 78.0 65.0 47.0
obstacle
0.0338990092278
217.0 109.0 67.0 49.0
obstacle
0.0333932749927
79.0 85.0 263.0 96.0
obstacle
0.0331951268017
83.0 197.0 101.0 35.0
obstacle
0.0324622914195
123.0 332.0 102.0 43.0
obstacle
0.0322427488863
317.0 156.0 25.0 14.0
obstacle
0.0320921316743
283.0 0.0 90.0 49.0
obstacle
0.0320575088263
324.0 0.0 84.0 49.0
obstacle
0.0319994278252
435.0 85.0 15.0 33.0
obstacle
0.0319648310542
85.0 332.0 101.0 43.0
obstacle
0.0319485850632
131.0 198.0 77.0 30.0
obstacle
0.0319147184491
200.0 332.0 103.0 43.0
obstacle
0.0318347215652
40.0 15.0 265.0 121.0
obstacle
0.0315169990063
259.0 107.0 65.0 49.0
obstacle
0.0314761139452
161.0 332.0 102.0 43.0
obstacle
0.0314058996737
441.0 147.0 59.0 81.0
obstacle
0.0313906334341
100.0 0.0 71.0 45.0
obstacle
0.0308856423944
322.0 51.0 88.0 50.0
obstacle
0.0308478884399
0.0 72.0 56.0 56.0
obstacle
0.030829379335
161.0 143.0 16.0 27.0
obstacle
0.0306402444839
171.0 0.0 82.0 48.0
obstacle
0.0306113157421
92.0 95.0 15.0 10.0
obstacle
0.0305665265769
239.0 331.0 102.0 44.0
obstacle
0.0304709896445
276.0 53.0 224.0 96.0
obstacle
0.0304588861763
0.0 196.0 60.0 45.0
obstacle
0.0304279960692
440.0 289.0 60.0 86.0
obstacle
0.0303625967354
44.0 332.0 106.0 43.0
obstacle
0.0303169731051
12.0 330.0 95.0 45.0
obstacle
0.0301714912057
0.0 104.0 208.0 105.0
obstacle
0.0301265325397
243.0 219.0 89.0 46.0
obstacle
0.0299344062805
19.0 139.0 91.0 38.0
obstacle
0.029667628929
48.0 218.0 98.0 55.0
obstacle
0.0296260472387
276.0 331.0 105.0 44.0
obstacle
0.0291571747512
59.0 0.0 73.0 44.0
obstacle
0.0291420556605
449.0 236.0 51.0 79.0
obstacle
0.0290237702429
398.0 271.0 91.0 64.0
obstacle
0.0286083109677
0.0 0.0 60.0 43.0
obstacle
0.0285766236484
138.0 53.0 68.0 46.0
obstacle
0.0283567607403
396.0 112.0 13.0 31.0
obstacle
0.0281046126038
23.0 110.0 78.0 34.0
obstacle
0.0281038787216
78.0 167.0 49.0 34.0
obstacle
0.0280340909958
321.0 0.0 179.0 76.0
obstacle
0.0276928693056
129.0 128.0 13.0 9.0
obstacle
0.0274538118392
115.0 46.0 346.0 112.0
obstacle
0.0271396394819
87.0 146.0 17.0 23.0
obstacle
0.027095252648
242.0 139.0 18.0 39.0
obstacle
0.0265471991152
244.0 0.0 90.0 49.0
obstacle
0.0264630001038
298.0 208.0 202.0 133.0
obstacle
0.0264025181532
245.0 42.0 89.0 62.0
obstacle
0.0261586997658
0.0 290.0 258.0 85.0
obstacle
0.0261023305357
235.0 96.0 265.0 127.0
obstacle
0.0260556153953
397.0 124.0 89.0 67.0
obstacle
0.0260394830257
143.0 167.0 357.0 154.0
obstacle
0.0260228272527
19.0 168.0 86.0 40.0
obstacle
0.0258222743869
91.0 218.0 86.0 52.0
obstacle
0.0255952533334
64.0 54.0 66.0 44.0
obstacle
0.0255359634757
208.0 0.0 85.0 48.0
obstacle
0.0254834480584
353.0 334.0 107.0 41.0
obstacle
0.025366846472
315.0 332.0 103.0 43.0
obstacle
0.0252945963293
443.0 120.0 57.0 76.0
obstacle
0.0252491384745
123.0 214.0 101.0 59.0
obstacle
0.02507160604
196.0 125.0 30.0 12.0
obstacle
0.0249328818172
358.0 49.0 15.0 51.0
obstacle
0.0248817931861
198.0 266.0 302.0 109.0
obstacle
0.0247773360461
356.0 241.0 95.0 68.0
obstacle
0.0247225351632
397.0 299.0 94.0 65.0
obstacle
0.0244958978146
90.0 238.0 88.0 71.0
obstacle
0.0244241524488
364.0 212.0 78.0 68.0
obstacle
0.0244183763862
282.0 84.0 15.0 34.0
obstacle
0.0243716612458
431.0 275.0 22.0 55.0
obstacle
0.0242741461843
356.0 170.0 12.0 28.0
obstacle
0.0242705736309
402.0 211.0 83.0 67.0
obstacle
0.0242027398199
106.0 58.0 54.0 41.0
obstacle
0.0241324044764
232.0 94.0 37.0 12.0
obstacle
0.0240844078362
318.0 237.0 94.0 73.0
obstacle
0.0240217391402
86.0 291.0 326.0 84.0
obstacle
0.0239823386073
176.0 40.0 71.0 66.0
obstacle
0.0239479355514
242.0 200.0 15.0 27.0
obstacle
0.0239411424845
99.0 12.0 71.0 64.0
obstacle
0.0239319950342
401.0 179.0 85.0 73.0
obstacle
0.0239312462509
200.0 215.0 105.0 56.0
obstacle
0.0238901171833
388.0 152.0 28.0 14.0
obstacle
0.0238321907818
289.0 51.0 76.0 51.0
obstacle
0.0235601104796
478.0 277.0 15.0 50.0
obstacle
0.0235470440239
395.0 47.0 15.0 52.0
obstacle
0.0231972709298
321.0 295.0 179.0 80.0
obstacle
0.02306371741
423.0 150.0 40.0 15.0
obstacle
0.0230527371168
0.0 218.0 59.0 54.0
obstacle
0.0227982196957
356.0 272.0 96.0 63.0
obstacle
0.0227969456464
231.0 125.0 36.0 13.0
obstacle
0.0226976573467
209.0 36.0 82.0 72.0
obstacle
0.0224921442568
120.0 0.0 337.0 75.0
obstacle
0.0224470030516
204.0 135.0 18.0 45.0
obstacle
0.02239613235
320.0 50.0 14.0 48.0
obstacle
0.0223958306015
166.0 88.0 15.0 30.0
obstacle
0.0223566237837
122.0 176.0 25.0 15.0
obstacle
0.0222639720887
85.0 296.0 97.0 71.0
obstacle
0.0222563315183
126.0 60.0 14.0 29.0
obstacle
0.0221160259098
203.0 232.0 92.0 82.0
obstacle
0.0220908280462
124.0 295.0 98.0 73.0
obstacle
0.0219474826008
446.0 202.0 54.0 87.0
obstacle
0.0218787379563
161.0 128.0 17.0 9.0
obstacle
0.0217950809747
198.0 17.0 302.0 114.0
obstacle
0.0217832457274
395.0 145.0 14.0 26.0
obstacle
0.0217489656061
204.0 265.0 92.0 75.0
obstacle
0.0216749738902
0.0 239.0 60.0 70.0
obstacle
0.0216257404536
15.0 50.0 88.0 47.0
obstacle
0.0215511396527
459.0 352.0 41.0 17.0
obstacle
0.02153775841
0.0 0.0 286.0 76.0
obstacle
0.0215372983366
39.0 294.0 113.0 75.0
obstacle
0.0214361753315
345.0 69.0 40.0 14.0
obstacle
0.0214249230921
394.0 12.0 20.0 63.0
obstacle
0.0214011631906
162.0 295.0 98.0 73.0
obstacle
0.0213880352676
0.0 40.0 50.0 65.0
obstacle
0.0213560909033
166.0 120.0 10.0 26.0
obstacle
0.0213186740875
244.0 267.0 88.0 72.0
obstacle
0.0212928820401
18.0 0.0 79.0 40.0
obstacle
0.0212374199182
85.0 71.0 26.0 12.0
obstacle
0.021152080968
124.0 72.0 20.0 10.0
obstacle
0.0211123004556
162.0 264.0 100.0 77.0
obstacle
0.0209610406309
87.0 172.0 18.0 25.0
obstacle
0.0209424588829
386.0 71.0 34.0 11.0
obstacle
0.0209364462644
194.0 150.0 37.0 13.0
obstacle
0.0209119580686
329.0 7.0 75.0 72.0
obstacle
0.0208535473794
159.0 67.0 30.0 13.0
obstacle
0.0208414308727
462.0 122.0 38.0 14.0
obstacle
0.020741796121
417.0 294.0 50.0 17.0
obstacle
0.0207169484347
426.0 120.0 32.0 12.0
obstacle
0.020705640316
70.0 205.0 358.0 136.0
obstacle
0.0205519385636
463.0 293.0 37.0 18.0
obstacle
0.0204504840076
51.0 86.0 12.0 29.0
obstacle
0.0203965939581
356.0 241.0 22.0 63.0
obstacle
0.0203753821552
18.0 162.0 305.0 164.0
obstacle
0.0202841311693
18.0 215.0 85.0 59.0
obstacle
0.0201799795032
273.0 125.0 30.0 12.0
obstacle
0.0200814940035
246.0 233.0 82.0 81.0
obstacle
0.0199772212654
201.0 295.0 98.0 73.0
obstacle
0.0199529007077
319.0 150.0 181.0 135.0
obstacle
0.019930973649
476.0 307.0 15.0 51.0
obstacle
0.0199174117297
16.0 241.0 84.0 66.0
obstacle
0.0199055820704
279.0 294.0 95.0 74.0
obstacle
0.0199007745832
124.0 199.0 14.0 30.0
obstacle
0.0198717918247
162.0 237.0 99.0 71.0
obstacle
0.019864058122
90.0 265.0 89.0 76.0
obstacle
0.0197855886072
286.0 236.0 82.0 75.0
obstacle
0.0196992512792
422.0 69.0 37.0 10.0
obstacle
0.0196282025427
41.0 97.0 31.0 10.0
obstacle
0.0195306260139
50.0 114.0 14.0 29.0
obstacle
0.0194785799831
164.0 53.0 20.0 40.0
obstacle
0.0193949434906
241.0 294.0 95.0 75.0
obstacle
0.0193817615509
432.0 135.0 21.0 46.0
obstacle
0.0193772856146
391.0 121.0 23.0 11.0
obstacle
0.0193523596972
316.0 295.0 98.0 73.0
obstacle
0.0193257965147
283.0 110.0 15.0 44.0
obstacle
0.0192673690617
274.0 206.0 29.0 13.0
obstacle
0.0192599799484
392.0 276.0 21.0 52.0
obstacle
0.0192185491323
141.0 13.0 63.0 61.0
obstacle
0.0191861633211
242.0 41.0 19.0 62.0
obstacle
0.0191803351045
91.0 59.0 15.0 30.0
obstacle
0.0191502328962
398.0 244.0 91.0 62.0
obstacle
0.0191481932998
322.0 216.0 85.0 58.0
obstacle
0.0190658327192
127.0 264.0 94.0 77.0
obstacle
0.0189356673509
317.0 270.0 95.0 66.0
obstacle
0.0188691839576
477.0 339.0 13.0 36.0
obstacle
0.0188562758267
0.0 101.0 52.0 54.0
obstacle
0.0188274551183
50.0 237.0 93.0 74.0
obstacle
0.0187965929508
431.0 215.0 22.0 60.0
obstacle
0.0186280757189
378.0 35.0 50.0 15.0
obstacle
0.018597047776
0.0 164.0 61.0 48.0
obstacle
0.018421728164
245.0 109.0 15.0 45.0
obstacle
0.0183919407427
460.0 323.0 40.0 17.0
obstacle
0.0183813944459
394.0 242.0 21.0 63.0
obstacle
0.0183564331383
356.0 12.0 20.0 62.0
obstacle
0.0183500535786
283.0 266.0 87.0 75.0
obstacle
0.0182839613408
459.0 67.0 41.0 12.0
obstacle
0.018177120015
291.0 6.0 75.0 72.0
obstacle
0.0180389191955
91.0 121.0 12.0 18.0
obstacle
0.0180004760623
163.0 192.0 102.0 40.0
obstacle
0.0179844517261
432.0 0.0 21.0 42.0
obstacle
0.0179695561528
125.0 223.0 17.0 41.0
obstacle
0.0179339386523
243.0 81.0 16.0 41.0
obstacle
0.0178844835609
205.0 112.0 18.0 38.0
obstacle
0.0178777128458
0.0 297.0 59.0 71.0
obstacle
0.0178146101534
165.0 150.0 15.0 13.0
obstacle
0.0178076848388
307.0 69.0 39.0 13.0
obstacle
0.0177923217416
420.0 353.0 43.0 17.0
obstacle
0.0177217461169
171.0 213.0 85.0 60.0
obstacle
0.0176644790918
223.0 64.0 52.0 16.0
obstacle
0.0176571849734
195.0 96.0 34.0 11.0
obstacle
0.0176278334111
464.0 265.0 35.0 17.0
obstacle
0.0175407361239
399.0 149.0 90.0 75.0
obstacle
0.017495514825
474.0 0.0 16.0 39.0
obstacle
0.01743610017
46.0 268.0 102.0 69.0
obstacle
0.0174326393753
430.0 248.0 24.0 52.0
obstacle
0.0174098424613
341.0 266.0 50.0 16.0
obstacle
0.0173918455839
0.0 7.0 39.0 14.0
obstacle
0.017376113683
127.0 335.0 16.0 40.0
obstacle
0.0172930862755
434.0 337.0 16.0 38.0
obstacle
0.0172298625112
378.0 6.0 50.0 14.0
obstacle
0.0172225702554
9.0 294.0 97.0 73.0
obstacle
0.0171624533832
477.0 251.0 14.0 48.0
obstacle
0.0171416588128
50.0 48.0 14.0 48.0
obstacle
0.0170788150281
87.0 200.0 19.0 33.0
obstacle
0.0170211941004
0.0 127.0 167.0 118.0
obstacle
0.0170196294785
463.0 6.0 37.0 15.0
obstacle
0.0169600192457
357.0 295.0 93.0 73.0
obstacle
0.0169231295586
88.0 336.0 16.0 39.0
obstacle
0.016898073256
419.0 7.0 46.0 13.0
obstacle
0.0168930143118
124.0 238.0 98.0 71.0
obstacle
0.0168881714344
154.0 354.0 39.0 15.0
obstacle
0.0168424714357
242.0 336.0 16.0 39.0
obstacle
0.016821378842
419.0 324.0 46.0 16.0
obstacle
0.0167919602245
204.0 45.0 19.0 54.0
obstacle
0.016781533137
278.0 271.0 21.0 63.0
obstacle
0.0166924856603
115.0 354.0 39.0 15.0
obstacle
0.0166795346886
163.0 221.0 19.0 44.0
obstacle
0.016674362123
192.0 354.0 40.0 16.0
obstacle
0.0166319794953
383.0 295.0 43.0 16.0
obstacle
0.0165880639106
394.0 0.0 19.0 43.0
