obstacle
0.673390269279
282.0 178.0 76.0 27.0
obstacle
0.583855211735
198.0 236.0 176.0 38.0
obstacle
0.408571094275
285.0 169.0 81.0 25.0
obstacle
0.385797977448
126.0 223.0 256.0 61.0
obstacle
0.367902517319
249.0 247.0 135.0 26.0
obstacle
0.228882908821
253.0 179.0 84.0 33.0
obstacle
0.195289731026
244.0 162.0 103.0 33.0
obstacle
0.136549934745
313.0 182.0 80.0 31.0
obstacle
0.134412184358
196.0 215.0 249.0 82.0
obstacle
0.126150593162
306.0 189.0 42.0 12.0
obstacle
0.109096668661
67.0 184.0 294.0 92.0
obstacle
0.106716349721
218.0 207.0 80.0 53.0
obstacle
0.0992322564125
182.0 195.0 211.0 77.0
obstacle
0.0951486900449
211.0 256.0 143.0 37.0
obstacle
0.0871842205524
312.0 160.0 92.0 38.0
obstacle
0.0839725285769
244.0 213.0 16.0 30.0
obstacle
0.0814478993416
176.0 234.0 85.0 48.0
obstacle
0.0786678269506
307.0 242.0 90.0 32.0
obstacle
0.0771273598075
166.0 138.0 243.0 74.0
obstacle
0.0746333599091
84.0 145.0 335.0 114.0
obstacle
0.0728648453951
245.0 185.0 16.0 31.0
obstacle
0.072342634201
319.0 186.0 17.0 22.0
obstacle
0.071214325726
106.0 232.0 295.0 85.0
obstacle
0.0699548125267
221.0 181.0 70.0 39.0
obstacle
0.0640104264021
241.0 210.0 88.0 43.0
obstacle
0.063193038106
276.0 191.0 26.0 13.0
obstacle
0.0621229782701
311.0 171.0 34.0 10.0
obstacle
0.0603634566069
284.0 186.0 13.0 26.0
obstacle
0.0590244494379
229.0 193.0 41.0 14.0
obstacle
0.0589210987091
318.0 159.0 15.0 31.0
obstacle
0.0544900819659
280.0 157.0 16.0 33.0
obstacle
0.0544400438666
239.0 133.0 245.0 82.0
obstacle
0.0518162623048
136.0 217.0 364.0 117.0
obstacle
0.0494677647948
216.0 156.0 219.0 89.0
obstacle
0.0475852638483
393.0 148.0 98.0 50.0
obstacle
0.0472930334508
243.0 238.0 14.0 28.0
obstacle
0.0472776778042
268.0 248.0 36.0 15.0
obstacle
0.0462115854025
203.0 208.0 18.0 39.0
obstacle
0.0452974401414
141.0 231.0 79.0 47.0
obstacle
0.0445679873228
314.0 252.0 27.0 11.0
obstacle
0.0444369353354
366.0 151.0 74.0 46.0
obstacle
0.0433517731726
182.0 203.0 72.0 56.0
obstacle
0.0432520322502
96.0 231.0 82.0 49.0
obstacle
0.0423810742795
356.0 186.0 19.0 26.0
obstacle
0.0422082766891
344.0 191.0 38.0 13.0
obstacle
0.0418355390429
235.0 169.0 29.0 11.0
obstacle
0.0416654497385
273.0 206.0 98.0 46.0
obstacle
0.041591476649
281.0 236.0 15.0 30.0
obstacle
0.0409742668271
204.0 239.0 15.0 28.0
obstacle
0.0409602671862
211.0 157.0 87.0 37.0
obstacle
0.0406366847456
0.0 108.0 349.0 134.0
obstacle
0.0405549034476
275.0 169.0 29.0 12.0
obstacle
0.0402539148927
135.0 99.0 303.0 104.0
obstacle
0.0390727855265
176.0 255.0 80.0 45.0
obstacle
0.0377171821892
243.0 160.0 15.0 30.0
obstacle
0.0375181697309
0.0 207.0 384.0 95.0
obstacle
0.0374089591205
442.0 145.0 58.0 58.0
obstacle
0.0373120941222
219.0 127.0 67.0 41.0
obstacle
0.037232093513
397.0 0.0 91.0 41.0
obstacle
0.0371249318123
399.0 223.0 83.0 62.0
obstacle
0.0370542146266
52.0 149.0 91.0 48.0
obstacle
0.0369861721992
88.0 146.0 93.0 53.0
obstacle
0.0366258919239
191.0 168.0 40.0 13.0
obstacle
0.0361166223884
173.0 152.0 80.0 42.0
obstacle
0.0348269566894
234.0 246.0 34.0 16.0
obstacle
0.0346500091255
9.0 150.0 97.0 44.0
obstacle
0.0336082316935
366.0 127.0 76.0 42.0
obstacle
0.0333480834961
394.0 125.0 93.0 46.0
obstacle
0.0326779447496
319.0 128.0 16.0 42.0
obstacle
0.0324427299201
318.0 205.0 79.0 47.0
obstacle
0.0323507189751
141.0 199.0 74.0 60.0
obstacle
0.0321471616626
0.0 0.0 60.0 41.0
obstacle
0.0320045165718
364.0 197.0 74.0 59.0
obstacle
0.031992059201
305.0 144.0 42.0 12.0
obstacle
0.0318420380354
238.0 0.0 99.0 41.0
obstacle
0.031425524503
185.0 178.0 66.0 44.0
obstacle
0.0310998801142
153.0 167.0 40.0 13.0
obstacle
0.0309553705156
352.0 0.0 102.0 44.0
obstacle
0.0308860372752
437.0 0.0 63.0 49.0
obstacle
0.0307903569192
348.0 170.0 30.0 11.0
obstacle
0.0307127702981
347.0 249.0 32.0 13.0
obstacle
0.0306374859065
197.0 0.0 106.0 40.0
obstacle
0.0306111946702
232.0 223.0 37.0 16.0
obstacle
0.0298366006464
422.0 166.0 43.0 14.0
obstacle
0.0298364665359
393.0 158.0 20.0 32.0
obstacle
0.0294593703002
92.0 169.0 84.0 61.0
obstacle
0.0294572450221
134.0 148.0 80.0 49.0
obstacle
0.02933335118
179.0 123.0 70.0 47.0
obstacle
0.0293120592833
83.0 0.0 102.0 40.0
obstacle
0.0292220339179
200.0 156.0 21.0 37.0
obstacle
0.0291336663067
354.0 161.0 16.0 27.0
obstacle
0.0290539991111
382.0 144.0 40.0 12.0
obstacle
0.0288953278214
112.0 166.0 46.0 13.0
obstacle
0.0288464576006
0.0 169.0 50.0 61.0
obstacle
0.0287655908614
0.0 150.0 57.0 47.0
obstacle
0.0286251027137
229.0 143.0 39.0 11.0
obstacle
0.0284507852048
203.0 183.0 18.0 33.0
obstacle
0.0283856634051
89.0 256.0 92.0 45.0
obstacle
0.0281767696142
53.0 167.0 84.0 65.0
obstacle
0.0281192343682
47.0 0.0 97.0 39.0
obstacle
0.0279858484864
388.0 167.0 32.0 13.0
obstacle
0.0278374701738
292.0 131.0 70.0 38.0
obstacle
0.0276080351323
441.0 117.0 59.0 63.0
obstacle
0.0275898724794
400.0 14.0 85.0 50.0
obstacle
0.0274541676044
123.0 0.0 101.0 44.0
obstacle
0.027379848063
278.0 129.0 20.0 38.0
obstacle
0.0272661559284
52.0 124.0 89.0 50.0
obstacle
0.027242667973
0.0 13.0 60.0 56.0
obstacle
0.0271480232477
358.0 176.0 88.0 46.0
obstacle
0.0270854588598
0.0 195.0 53.0 63.0
obstacle
0.02687099576
281.0 212.0 15.0 31.0
obstacle
0.0268220361322
159.0 0.0 105.0 42.0
obstacle
0.0268024485558
257.0 130.0 68.0 40.0
obstacle
0.0267846658826
0.0 224.0 59.0 58.0
obstacle
0.0266511458904
124.0 153.0 19.0 41.0
obstacle
0.0264086611569
280.0 0.0 92.0 41.0
obstacle
0.0263107791543
398.0 171.0 88.0 58.0
obstacle
0.0260041262954
76.0 166.0 41.0 14.0
obstacle
0.0258457399905
319.0 255.0 78.0 41.0
obstacle
0.0258050430566
91.0 197.0 90.0 60.0
obstacle
0.025753904134
316.0 0.0 100.0 42.0
obstacle
0.0256473831832
218.0 0.0 282.0 70.0
obstacle
0.0253581628203
318.0 39.0 98.0 52.0
obstacle
0.0252384953201
327.0 127.0 76.0 43.0
obstacle
0.025186739862
242.0 126.0 16.0 42.0
obstacle
0.0250813364983
358.0 126.0 14.0 44.0
obstacle
0.0247104391456
21.0 0.0 303.0 70.0
obstacle
0.0245722196996
12.0 229.0 93.0 49.0
obstacle
0.0245661102235
431.0 156.0 21.0 36.0
obstacle
0.0245061870664
356.0 241.0 12.0 28.0
obstacle
0.0243946909904
200.0 176.0 300.0 106.0
obstacle
0.0243516899645
0.0 65.0 54.0 55.0
obstacle
0.024233803153
399.0 195.0 83.0 65.0
obstacle
0.0242107287049
165.0 210.0 17.0 38.0
obstacle
0.0241870284081
196.0 247.0 32.0 15.0
obstacle
0.0241698417813
11.0 199.0 93.0 54.0
obstacle
0.0240161772817
443.0 166.0 57.0 69.0
obstacle
0.0237095896155
191.0 141.0 42.0 13.0
obstacle
0.0236400794238
16.0 170.0 84.0 56.0
obstacle
0.0235176235437
204.0 124.0 15.0 46.0
obstacle
0.0233082175255
162.0 155.0 19.0 37.0
obstacle
0.0231852084398
86.0 155.0 19.0 37.0
obstacle
0.0230806041509
318.0 241.0 12.0 26.0
obstacle
0.0229001305997
49.0 37.0 93.0 59.0
obstacle
0.0228707473725
9.0 0.0 95.0 37.0
obstacle
0.0227025728673
53.0 95.0 86.0 51.0
obstacle
0.0227025263011
190.0 193.0 44.0 13.0
obstacle
0.0226637981832
462.0 166.0 38.0 14.0
obstacle
0.0226202551275
346.0 145.0 38.0 10.0
obstacle
0.0223972350359
51.0 196.0 88.0 61.0
obstacle
0.022257110104
362.0 227.0 80.0 53.0
obstacle
0.0221074558794
356.0 15.0 97.0 51.0
obstacle
0.0219198931009
4.0 318.0 108.0 30.0
obstacle
0.021812653169
0.0 252.0 57.0 55.0
obstacle
0.021763427183
438.0 245.0 62.0 71.0
obstacle
0.0217282548547
16.0 127.0 88.0 40.0
obstacle
0.0214713010937
36.0 166.0 44.0 15.0
obstacle
0.0212590899318
11.0 258.0 93.0 44.0
obstacle
0.0212536528707
421.0 141.0 42.0 13.0
obstacle
0.0211575906724
0.0 36.0 59.0 59.0
obstacle
0.0208805669099
52.0 227.0 93.0 56.0
obstacle
0.0208055004478
195.0 221.0 34.0 16.0
obstacle
0.0207511093467
53.0 257.0 87.0 47.0
obstacle
0.0206921063364
134.0 120.0 80.0 55.0
obstacle
0.0205869302154
314.0 13.0 103.0 56.0
obstacle
0.0205808542669
441.0 216.0 59.0 75.0
obstacle
0.0204813983291
395.0 127.0 17.0 41.0
obstacle
0.0204341672361
398.0 252.0 87.0 56.0
obstacle
0.0203327834606
0.0 120.0 202.0 108.0
obstacle
0.0200522840023
135.0 167.0 77.0 66.0
obstacle
0.0199557803571
194.0 3.0 306.0 127.0
obstacle
0.0199441425502
86.0 90.0 94.0 61.0
obstacle
0.0199351254851
443.0 194.0 57.0 66.0
obstacle
0.019778104499
0.0 283.0 54.0 47.0
obstacle
0.0197614878416
462.0 5.0 38.0 15.0
obstacle
0.0197425074875
0.0 121.0 53.0 52.0
obstacle
0.0195142347366
153.0 220.0 41.0 15.0
obstacle
0.0193844344467
421.0 246.0 42.0 15.0
obstacle
0.0192912574857
397.0 40.0 89.0 54.0
obstacle
0.0192516036332
446.0 29.0 54.0 77.0
obstacle
0.0191804226488
47.0 155.0 19.0 37.0
obstacle
0.0190193243325
0.0 95.0 54.0 51.0
obstacle
0.0188995655626
46.0 64.0 101.0 59.0
obstacle
0.0188117474318
214.0 92.0 75.0 58.0
obstacle
0.0187080577016
434.0 306.0 66.0 42.0
obstacle
0.0187006928027
7.0 50.0 13.0 34.0
obstacle
0.0186298992485
178.0 277.0 295.0 71.0
obstacle
0.0186009146273
175.0 91.0 75.0 59.0
obstacle
0.018565133214
268.0 96.0 232.0 105.0
obstacle
0.0184599459171
49.0 284.0 96.0 47.0
obstacle
0.0184487532824
433.0 233.0 18.0 43.0
obstacle
0.0183568876237
93.0 122.0 83.0 53.0
obstacle
0.0183265898377
202.0 260.0 15.0 35.0
obstacle
0.0182564035058
0.0 252.0 312.0 96.0
obstacle
0.0181921999902
0.0 0.0 208.0 105.0
obstacle
0.01816941984
261.0 310.0 129.0 38.0
obstacle
0.018158974126
233.0 284.0 107.0 42.0
obstacle
0.0181530192494
125.0 234.0 18.0 40.0
obstacle
0.0180175602436
88.0 30.0 94.0 72.0
obstacle
0.017865376547
11.0 17.0 90.0 45.0
obstacle
0.0177882853895
269.0 143.0 37.0 12.0
obstacle
0.0177580788732
4.0 168.0 27.0 11.0
obstacle
0.0177488662302
125.0 168.0 20.0 13.0
obstacle
0.0175969172269
240.0 34.0 99.0 64.0
obstacle
0.0175601914525
7.0 160.0 12.0 27.0
obstacle
0.0175117906183
253.0 91.0 72.0 58.0
obstacle
0.0174764245749
36.0 315.0 119.0 33.0
obstacle
0.0174581073225
193.0 313.0 115.0 35.0
obstacle
0.0173797700554
168.0 33.0 88.0 65.0
obstacle
0.0172187872231
113.0 311.0 120.0 37.0
obstacle
0.017155719921
403.0 90.0 77.0 60.0
obstacle
0.0170464608818
205.0 33.0 91.0 66.0
obstacle
0.0170109700412
283.0 196.0 217.0 117.0
obstacle
0.0169853102416
278.0 35.0 101.0 61.0
obstacle
0.0169708859175
0.0 176.0 211.0 104.0
obstacle
0.0168782714754
151.0 141.0 44.0 14.0
obstacle
0.0168405082077
419.0 6.0 47.0 12.0
obstacle
0.0166976097971
16.0 100.0 88.0 40.0
obstacle
0.0165836233646
361.0 40.0 86.0 51.0
obstacle
0.016503052786
261.0 5.0 53.0 13.0
obstacle
0.0164605472237
74.0 314.0 121.0 34.0
obstacle
0.0163671709597
120.0 10.0 104.0 60.0
obstacle
0.016345443204
29.0 221.0 56.0 14.0
obstacle
0.0162982158363
234.0 12.0 108.0 52.0
obstacle
0.0162884090096
4.0 45.0 106.0 43.0
obstacle
0.0162318032235
151.0 192.0 45.0 15.0
obstacle
0.0162074677646
17.0 288.0 85.0 37.0
obstacle
0.0162047315389
164.0 168.0 19.0 12.0
obstacle
0.0161748360842
223.0 5.0 51.0 14.0
obstacle
0.0161413326859
86.0 177.0 18.0 46.0
obstacle
0.0161302424967
321.0 64.0 90.0 57.0
obstacle
0.016111118719
442.0 272.0 58.0 71.0
obstacle
0.0160879474133
165.0 126.0 15.0 43.0
obstacle
0.0160442367196
381.0 33.0 46.0 15.0
obstacle
0.0160349346697
89.0 277.0 91.0 58.0
obstacle
0.0160330813378
30.0 248.0 54.0 14.0
obstacle
0.0159572809935
124.0 178.0 20.0 44.0
obstacle
0.0159548167139
84.0 202.0 20.0 49.0
obstacle
0.0159364771098
47.0 259.0 19.0 44.0
obstacle
0.0158969908953
111.0 5.0 48.0 14.0
obstacle
0.0158625040203
376.0 6.0 53.0 13.0
obstacle
0.0158204734325
341.0 5.0 47.0 13.0
obstacle
0.0156860444695
64.0 64.0 370.0 117.0
obstacle
0.0156631413847
45.0 12.0 99.0 55.0
obstacle
0.0156222786754
111.0 192.0 48.0 16.0
obstacle
0.0155748492107
318.0 274.0 182.0 74.0
obstacle
0.0155237875879
356.0 42.0 18.0 49.0
obstacle
0.0154881030321
333.0 90.0 66.0 59.0
obstacle
0.0154809141532
0.0 5.0 40.0 14.0
obstacle
0.0154382688925
81.0 9.0 106.0 60.0
obstacle
0.0153526859358
115.0 114.0 38.0 15.0
obstacle
0.0153347495943
159.0 60.0 105.0 66.0
obstacle
0.015326933004
202.0 61.0 98.0 63.0
obstacle
0.015290771611
462.0 140.0 37.0 13.0
obstacle
0.0152547964826
308.0 308.0 114.0 40.0
obstacle
0.0152478311211
278.0 279.0 91.0 53.0
obstacle
0.0152072105557
77.0 62.0 115.0 61.0
obstacle
0.0151696614921
128.0 87.0 88.0 66.0
obstacle
0.0151505041867
348.0 309.0 109.0 39.0
obstacle
0.0150829404593
112.0 247.0 44.0 15.0
obstacle
0.015079671517
46.0 227.0 19.0 53.0
obstacle
0.015007654205
138.0 255.0 77.0 44.0
obstacle
0.0150071913376
401.0 276.0 82.0 61.0
obstacle
0.0149523951113
357.0 18.0 17.0 46.0
obstacle
0.0149501822889
46.0 200.0 20.0 54.0
obstacle
0.0148868914694
242.0 61.0 92.0 62.0
obstacle
0.0148541005328
48.0 42.0 19.0 49.0
obstacle
0.0148060610518
125.0 261.0 20.0 39.0
obstacle
0.0147607084364
32.0 274.0 49.0 14.0
obstacle
0.0147596020252
295.0 96.0 64.0 48.0
obstacle
0.0147278131917
434.0 125.0 17.0 44.0
obstacle
0.0147150857374
433.0 206.0 18.0 43.0
obstacle
0.0147002348676
383.0 194.0 40.0 12.0
obstacle
0.0146955940872
201.0 285.0 101.0 39.0
obstacle
0.0146935656667
164.0 279.0 98.0 54.0
obstacle
0.014663294889
72.0 193.0 48.0 15.0
obstacle
0.0146216573194
126.0 32.0 92.0 68.0
obstacle
0.0146059319377
199.0 9.0 103.0 60.0
obstacle
0.0145376669243
448.0 55.0 52.0 76.0
obstacle
0.0144495572895
125.0 43.0 19.0 49.0
obstacle
0.0144061986357
356.0 251.0 94.0 53.0
obstacle
0.0143234124407
112.0 273.0 44.0 12.0
obstacle
0.0142350783572
85.0 284.0 21.0 46.0
obstacle
0.014231919311
85.0 232.0 19.0 45.0
obstacle
0.0141686731949
71.0 6.0 50.0 13.0
obstacle
0.0141634242609
283.0 64.0 89.0 59.0
obstacle
0.0141510833055
396.0 17.0 16.0 46.0
obstacle
0.014121809043
477.0 155.0 14.0 37.0
obstacle
0.0141179077327
430.0 167.0 24.0 15.0
obstacle
0.0140951210633
317.0 93.0 17.0 55.0
obstacle
0.014089634642
86.0 0.0 330.0 110.0
obstacle
0.0140339424834
11.0 22.0 11.0 38.0
obstacle
0.0140059664845
8.0 266.0 10.0 29.0
obstacle
0.0139730041847
356.0 280.0 97.0 56.0
obstacle
0.0139456903562
203.0 167.0 20.0 14.0
obstacle
0.0138362050056
147.0 6.0 51.0 13.0
obstacle
0.013823216781
76.0 142.0 41.0 13.0
obstacle
0.0137628829107
448.0 82.0 52.0 76.0
obstacle
0.0137594239786
78.0 114.0 36.0 15.0
obstacle
0.0137138031423
158.0 11.0 105.0 56.0
