obstacle
0.886933863163
454.0 238.0 37.0 27.0
obstacle
0.542716801167
365.0 136.0 19.0 83.0
obstacle
0.5342207551
247.0 135.0 24.0 65.0
obstacle
0.521568715572
341.0 117.0 28.0 80.0
obstacle
0.508657455444
90.0 117.0 30.0 77.0
obstacle
0.507958352566
303.0 118.0 29.0 78.0
obstacle
0.478747308254
130.0 113.0 26.0 86.0
obstacle
0.466912060976
173.0 120.0 22.0 73.0
obstacle
0.451968312263
283.0 122.0 28.0 70.0
obstacle
0.436143815517
265.0 119.0 26.0 77.0
obstacle
0.432834506035
111.0 110.0 26.0 72.0
obstacle
0.42983096838
322.0 123.0 29.0 68.0
obstacle
0.42377859354
209.0 120.0 22.0 73.0
obstacle
0.417972832918
397.0 107.0 26.0 99.0
obstacle
0.405414551497
361.0 109.0 25.0 96.0
obstacle
0.397103488445
65.0 200.0 159.0 29.0
obstacle
0.390097171068
345.0 138.0 21.0 79.0
obstacle
0.387997061014
213.0 202.0 167.0 27.0
obstacle
0.383970052004
74.0 114.0 28.0 63.0
obstacle
0.378823965788
380.0 143.0 24.0 70.0
obstacle
0.376988500357
189.0 117.0 23.0 79.0
obstacle
0.311274886131
284.0 150.0 27.0 79.0
obstacle
0.306808650494
200.0 212.0 156.0 25.0
obstacle
0.301971197128
150.0 126.0 25.0 81.0
obstacle
0.299761682749
226.0 123.0 26.0 68.0
obstacle
0.267032146454
265.0 153.0 26.0 74.0
obstacle
0.258012980223
246.0 151.0 27.0 77.0
obstacle
0.25579097867
324.0 147.0 25.0 83.0
obstacle
0.255175232887
111.0 143.0 25.0 69.0
obstacle
0.242968469858
163.0 205.0 154.0 23.0
obstacle
0.241119459271
400.0 140.0 23.0 98.0
obstacle
0.240808472037
304.0 147.0 26.0 85.0
obstacle
0.228665068746
379.0 104.0 29.0 86.0
obstacle
0.227202951908
92.0 147.0 28.0 63.0
obstacle
0.214203849435
137.0 212.0 167.0 25.0
obstacle
0.210850536823
63.0 187.0 162.0 34.0
obstacle
0.205835476518
317.0 204.0 149.0 23.0
obstacle
0.204818323255
428.0 230.0 62.0 43.0
