obstacle
0.841314554214
0.0 70.0 141.0 43.0
obstacle
0.792067289352
263.0 87.0 200.0 53.0
obstacle
0.298734307289
38.0 62.0 94.0 43.0
obstacle
0.195778310299
302.0 98.0 123.0 36.0
obstacle
0.174370080233
0.0 75.0 71.0 39.0
obstacle
0.122967720032
153.0 81.0 286.0 75.0
obstacle
0.121897131205
18.0 98.0 85.0 31.0
obstacle
0.11953689158
0.0 50.0 69.0 57.0
obstacle
0.11623801291
334.0 79.0 63.0 48.0
obstacle
0.116218447685
358.0 82.0 17.0 31.0
obstacle
0.0981348752975
203.0 89.0 297.0 90.0
obstacle
0.0941627472639
44.0 69.0 33.0 14.0
obstacle
0.0931496620178
181.0 28.0 295.0 105.0
obstacle
0.0901799649
353.0 53.0 26.0 9.0
obstacle
0.0884735733271
257.0 55.0 56.0 42.0
obstacle
0.0789137259126
0.0 93.0 57.0 44.0
obstacle
0.0780268087983
41.0 88.0 37.0 12.0
obstacle
0.0762751996517
402.0 101.0 63.0 38.0
obstacle
0.0682469755411
269.0 94.0 59.0 51.0
obstacle
0.0671245530248
295.0 57.0 61.0 38.0
obstacle
0.0643440932035
296.0 73.0 68.0 57.0
obstacle
0.0633166059852
49.0 65.0 17.0 26.0
obstacle
0.0632515624166
355.0 105.0 17.0 23.0
obstacle
0.0628530085087
6.0 90.0 28.0 10.0
obstacle
0.0627371966839
268.0 69.0 33.0 10.0
obstacle
0.060247503221
357.0 45.0 13.0 23.0
obstacle
0.0594837628305
319.0 105.0 16.0 24.0
obstacle
0.0583902224898
278.0 62.0 14.0 27.0
obstacle
0.0578869022429
293.0 39.0 68.0 35.0
obstacle
0.0560135580599
393.0 78.0 16.0 37.0
obstacle
0.0555419065058
48.0 85.0 22.0 22.0
obstacle
0.0551352724433
319.0 85.0 15.0 27.0
obstacle
0.0549003668129
351.0 68.0 30.0 10.0
obstacle
0.0541987642646
331.0 43.0 65.0 32.0
obstacle
0.0534531138837
230.0 55.0 52.0 40.0
obstacle
0.0526313893497
360.0 62.0 12.0 26.0
obstacle
0.0497862100601
49.0 98.0 88.0 33.0
obstacle
0.0481695719063
444.0 35.0 56.0 39.0
obstacle
0.0476118177176
0.0 45.0 275.0 67.0
obstacle
0.0445483848453
465.0 49.0 35.0 12.0
obstacle
0.0440324880183
162.0 54.0 96.0 43.0
obstacle
0.0431128516793
82.0 74.0 26.0 10.0
obstacle
0.0426580794156
354.0 90.0 27.0 12.0
obstacle
0.0420118309557
388.0 70.0 25.0 9.0
obstacle
0.0417515300214
0.0 24.0 48.0 60.0
obstacle
0.0414172895253
362.0 81.0 66.0 44.0
obstacle
0.0412032976747
264.0 71.0 59.0 57.0
obstacle
0.0407960005105
0.0 74.0 171.0 80.0
obstacle
0.0399873629212
0.0 12.0 215.0 90.0
obstacle
0.0397555790842
31.0 40.0 358.0 114.0
obstacle
0.038380548358
4.0 120.0 111.0 36.0
obstacle
0.0377982035279
268.0 121.0 119.0 29.0
obstacle
0.0375070646405
437.0 93.0 63.0 50.0
obstacle
0.0374782308936
83.0 65.0 17.0 26.0
obstacle
0.0373806804419
394.0 107.0 16.0 20.0
obstacle
0.0369150713086
45.0 120.0 99.0 35.0
obstacle
0.0365554094315
4.0 71.0 32.0 10.0
obstacle
0.0365485623479
403.0 37.0 77.0 40.0
obstacle
0.0365444719791
316.0 52.0 25.0 10.0
obstacle
0.0359803512692
348.0 55.0 35.0 41.0
obstacle
0.0358942039311
280.0 85.0 14.0 25.0
obstacle
0.0358176454902
278.0 109.0 13.0 19.0
obstacle
0.0354523807764
326.0 82.0 174.0 74.0
obstacle
0.0349178053439
395.0 63.0 12.0 24.0
obstacle
0.0348080396652
237.0 68.0 31.0 11.0
obstacle
0.034806381911
15.0 0.0 85.0 42.0
obstacle
0.0345816165209
87.0 75.0 68.0 39.0
obstacle
0.0345146879554
325.0 179.0 85.0 54.0
obstacle
0.0335926786065
258.0 118.0 69.0 38.0
obstacle
0.0335760936141
431.0 106.0 17.0 28.0
obstacle
0.0327855572104
476.0 39.0 16.0 31.0
obstacle
0.0319894626737
79.0 87.0 36.0 13.0
obstacle
0.0317265093327
252.0 33.0 73.0 46.0
obstacle
0.0316057056189
228.0 71.0 56.0 53.0
obstacle
0.0306262504309
449.0 44.0 51.0 58.0
obstacle
0.0301928408444
167.0 71.0 89.0 52.0
obstacle
0.0299600027502
250.0 63.0 11.0 24.0
obstacle
0.0297983344644
364.0 36.0 75.0 43.0
obstacle
0.0294800139964
225.0 95.0 64.0 46.0
obstacle
0.029379485175
313.0 123.0 99.0 26.0
obstacle
0.0289210751653
254.0 197.0 246.0 84.0
obstacle
0.0288777370006
17.0 165.0 313.0 116.0
obstacle
0.0286620818079
313.0 68.0 29.0 10.0
obstacle
0.0286618527025
377.0 55.0 43.0 43.0
obstacle
0.0285628512502
85.0 84.0 18.0 22.0
obstacle
0.028416402638
256.0 137.0 75.0 48.0
obstacle
0.0282325092703
386.0 51.0 32.0 11.0
obstacle
0.0281772520393
439.0 196.0 61.0 63.0
obstacle
0.0277196019888
30.0 33.0 60.0 48.0
obstacle
0.0270934738219
317.0 109.0 25.0 15.0
obstacle
0.0268816817552
361.0 9.0 85.0 50.0
obstacle
0.0268149264157
214.0 32.0 72.0 46.0
obstacle
0.0267884843051
0.0 49.0 35.0 12.0
obstacle
0.0264288987964
3.0 242.0 110.0 39.0
obstacle
0.0263254828751
79.0 53.0 94.0 51.0
obstacle
0.0259949937463
440.0 0.0 60.0 44.0
obstacle
0.025773011148
0.0 121.0 216.0 125.0
obstacle
0.0257343854755
192.0 70.0 40.0 12.0
obstacle
0.0254875086248
12.0 138.0 93.0 46.0
obstacle
0.025445047766
46.0 0.0 97.0 37.0
obstacle
0.025436649099
318.0 219.0 96.0 59.0
obstacle
0.0253628287464
396.0 197.0 95.0 59.0
obstacle
0.0252372473478
288.0 10.0 75.0 46.0
obstacle
0.0252018608153
274.0 91.0 28.0 12.0
obstacle
0.025132227689
135.0 192.0 307.0 89.0
obstacle
0.0251005981117
427.0 51.0 32.0 10.0
obstacle
0.0248266793787
445.0 215.0 55.0 66.0
obstacle
0.0246964879334
155.0 71.0 36.0 10.0
obstacle
0.0246359948069
450.0 63.0 50.0 67.0
obstacle
0.0243036150932
85.0 0.0 98.0 38.0
obstacle
0.0241956561804
402.0 7.0 80.0 53.0
obstacle
0.0240632165223
325.0 199.0 87.0 54.0
obstacle
0.0236788671464
320.0 42.0 12.0 27.0
obstacle
0.0236774608493
263.0 241.0 129.0 40.0
obstacle
0.0236533842981
88.0 118.0 89.0 42.0
obstacle
0.0236400440335
0.0 0.0 200.0 61.0
obstacle
0.0233399700373
248.0 156.0 252.0 98.0
obstacle
0.0232159011066
357.0 199.0 97.0 56.0
obstacle
0.0231387428939
191.0 241.0 116.0 40.0
obstacle
0.0230944491923
444.0 129.0 56.0 64.0
obstacle
0.0229822937399
127.0 74.0 87.0 44.0
obstacle
0.0228448621929
354.0 219.0 103.0 58.0
obstacle
0.0228238292038
343.0 121.0 115.0 29.0
obstacle
0.022713765502
427.0 113.0 27.0 11.0
obstacle
0.0226788930595
52.0 136.0 89.0 49.0
obstacle
0.0224962998182
225.0 116.0 54.0 43.0
obstacle
0.0223476067185
314.0 92.0 29.0 12.0
obstacle
0.0222088936716
0.0 93.0 277.0 92.0
obstacle
0.0222084447742
203.0 77.0 19.0 41.0
obstacle
0.0222054030746
272.0 51.0 32.0 11.0
obstacle
0.0221494436264
360.0 181.0 88.0 49.0
obstacle
0.0221016649157
0.0 0.0 60.0 49.0
obstacle
0.0220107361674
0.0 113.0 59.0 53.0
obstacle
0.0219868365675
209.0 2.0 80.0 62.0
obstacle
0.0218908786774
312.0 9.0 188.0 92.0
obstacle
0.0218625012785
164.0 7.0 94.0 53.0
obstacle
0.0218191351742
11.0 89.0 12.0 17.0
obstacle
0.0218132846057
380.0 241.0 120.0 40.0
obstacle
0.0217972602695
43.0 244.0 105.0 37.0
obstacle
0.0216980483383
48.0 38.0 16.0 38.0
obstacle
0.0215007141232
394.0 43.0 14.0 25.0
obstacle
0.0213588289917
0.0 163.0 56.0 85.0
obstacle
0.0212022867054
0.0 130.0 55.0 64.0
obstacle
0.0211917832494
166.0 93.0 92.0 51.0
obstacle
0.0208637733012
243.0 4.0 90.0 58.0
obstacle
0.0208410713822
283.0 159.0 91.0 49.0
obstacle
0.0208363607526
278.0 0.0 96.0 38.0
obstacle
0.0205809548497
237.0 91.0 29.0 10.0
obstacle
0.0205438695848
424.0 69.0 37.0 11.0
obstacle
0.0205277036875
433.0 85.0 15.0 27.0
obstacle
0.0203956682235
124.0 0.0 95.0 40.0
obstacle
0.0202974304557
131.0 50.0 81.0 50.0
obstacle
0.020236780867
203.0 59.0 16.0 34.0
obstacle
0.020223012194
352.0 109.0 27.0 13.0
obstacle
0.0202077180147
94.0 26.0 77.0 54.0
obstacle
0.0201810263097
0.0 222.0 349.0 59.0
obstacle
0.0201093778014
175.0 113.0 74.0 54.0
obstacle
0.0200926158577
463.0 69.0 34.0 11.0
obstacle
0.0200905892998
311.0 159.0 112.0 47.0
obstacle
0.0200555603951
439.0 155.0 61.0 57.0
obstacle
0.0199123844504
156.0 242.0 111.0 39.0
obstacle
0.019895227626
322.0 63.0 12.0 26.0
obstacle
0.0197940990329
239.0 215.0 101.0 65.0
obstacle
0.0197531674057
332.0 9.0 68.0 50.0
obstacle
0.0197189673781
156.0 90.0 36.0 12.0
obstacle
0.01961475797
163.0 28.0 93.0 53.0
obstacle
0.0195561964065
352.0 0.0 101.0 39.0
obstacle
0.0194749590009
187.0 90.0 49.0 13.0
obstacle
0.0193648338318
280.0 42.0 13.0 27.0
obstacle
0.0193605087698
166.0 0.0 89.0 37.0
obstacle
0.019201349467
11.0 16.0 11.0 35.0
obstacle
0.0191576387733
357.0 163.0 96.0 39.0
obstacle
0.0191476717591
68.0 29.0 55.0 57.0
obstacle
0.0191253591329
135.0 13.0 307.0 88.0
obstacle
0.0190241318196
127.0 114.0 90.0 52.0
obstacle
0.018981333822
276.0 111.0 27.0 12.0
obstacle
0.0189490094781
88.0 138.0 322.0 135.0
obstacle
0.0189488343894
129.0 194.0 92.0 65.0
obstacle
0.0189300756902
431.0 113.0 69.0 50.0
obstacle
0.0189048107713
117.0 243.0 112.0 38.0
obstacle
0.0188989005983
115.0 50.0 37.0 10.0
obstacle
0.0188554078341
279.0 215.0 99.0 64.0
obstacle
0.0187724176794
50.0 0.0 320.0 88.0
obstacle
0.0185897927731
316.0 0.0 96.0 41.0
obstacle
0.0185893662274
355.0 13.0 17.0 39.0
obstacle
0.0185048282146
162.0 197.0 101.0 60.0
obstacle
0.01850165613
408.0 54.0 62.0 44.0
obstacle
0.0184396971017
38.0 25.0 43.0 15.0
obstacle
0.0183383803815
124.0 96.0 98.0 44.0
obstacle
0.0183380264789
436.0 61.0 13.0 30.0
obstacle
0.018271336332
334.0 132.0 166.0 103.0
obstacle
0.0182634610683
141.0 101.0 299.0 119.0
obstacle
0.0181991141289
61.0 4.0 68.0 58.0
obstacle
0.0179986841977
247.0 82.0 14.0 29.0
obstacle
0.0179599877447
119.0 72.0 29.0 10.0
obstacle
0.0177498664707
284.0 196.0 87.0 61.0
obstacle
0.0177415367216
96.0 4.0 77.0 58.0
obstacle
0.0177412051708
11.0 41.0 10.0 30.0
obstacle
0.0177123751491
12.0 173.0 93.0 63.0
obstacle
0.0176451578736
312.0 145.0 108.0 32.0
obstacle
0.0176150184125
433.0 42.0 15.0 26.0
obstacle
0.0175463296473
398.0 158.0 88.0 51.0
obstacle
0.017391121015
0.0 27.0 40.0 13.0
obstacle
0.0173491109163
201.0 197.0 103.0 58.0
obstacle
0.0172519721091
241.0 193.0 96.0 66.0
obstacle
0.017249725759
78.0 243.0 112.0 38.0
obstacle
0.0170885212719
319.0 125.0 17.0 28.0
obstacle
0.017086006701
271.0 143.0 112.0 34.0
obstacle
0.0170822609216
49.0 11.0 18.0 43.0
obstacle
0.0170201007277
126.0 34.0 15.0 40.0
obstacle
0.0169776920229
478.0 62.0 12.0 26.0
obstacle
0.0169292818755
290.0 177.0 80.0 57.0
obstacle
0.0167289953679
344.0 142.0 117.0 38.0
obstacle
0.016714097932
0.0 91.0 138.0 97.0
obstacle
0.0166882388294
398.0 219.0 87.0 59.0
obstacle
0.0166093353182
306.0 26.0 41.0 13.0
obstacle
0.0165409687907
406.0 111.0 69.0 50.0
obstacle
0.0165323317051
234.0 0.0 266.0 59.0
obstacle
0.0165290590376
53.0 156.0 84.0 53.0
obstacle
0.0164660587907
88.0 196.0 94.0 61.0
obstacle
0.0163954310119
405.0 72.0 65.0 58.0
obstacle
0.0163869913667
88.0 37.0 12.0 37.0
obstacle
0.0163270328194
356.0 185.0 15.0 43.0
obstacle
0.0163061413914
153.0 49.0 39.0 11.0
obstacle
0.0162611305714
0.0 210.0 56.0 71.0
obstacle
0.0158926397562
190.0 49.0 42.0 13.0
obstacle
0.0158731061965
123.0 86.0 13.0 22.0
obstacle
0.0158656537533
129.0 174.0 92.0 62.0
obstacle
0.0158372074366
46.0 222.0 103.0 50.0
obstacle
0.0157642979175
93.0 94.0 77.0 47.0
obstacle
0.0157142598182
89.0 154.0 93.0 59.0
obstacle
0.0156632699072
315.0 17.0 16.0 31.0
obstacle
0.0156387910247
401.0 182.0 83.0 47.0
obstacle
0.0156161636114
251.0 176.0 77.0 59.0
obstacle
0.0155685385689
10.0 197.0 97.0 59.0
obstacle
0.0155045548454
164.0 81.0 17.0 32.0
obstacle
0.0154182193801
135.0 28.0 73.0 52.0
obstacle
0.0153199508786
43.0 51.0 29.0 10.0
obstacle
0.0153186749667
12.0 157.0 90.0 53.0
obstacle
0.0150705892593
76.0 132.0 44.0 13.0
obstacle
0.0150185413659
124.0 63.0 15.0 26.0
obstacle
0.014979865402
11.0 66.0 11.0 22.0
obstacle
0.0149445002899
461.0 91.0 37.0 11.0
obstacle
0.0145597876981
395.0 137.0 90.0 51.0
obstacle
0.0145513173193
165.0 59.0 15.0 32.0
obstacle
0.0144873503596
393.0 222.0 20.0 53.0
obstacle
0.0144317122176
461.0 112.0 38.0 10.0
obstacle
0.014317988418
476.0 78.0 14.0 36.0
obstacle
0.0140945753083
381.0 200.0 43.0 12.0
obstacle
0.0140291973948
130.0 218.0 89.0 59.0
obstacle
0.0137616293505
87.0 173.0 98.0 63.0
obstacle
0.0136372679844
175.0 132.0 76.0 59.0
obstacle
0.0136220045388
118.0 90.0 29.0 12.0
obstacle
0.0135931186378
355.0 201.0 17.0 52.0
obstacle
0.0135185085237
203.0 38.0 16.0 33.0
obstacle
0.0135054094717
8.0 256.0 14.0 25.0
obstacle
0.0134632382542
214.0 135.0 76.0 50.0
obstacle
0.0134592801332
231.0 51.0 39.0 9.0
obstacle
0.0134180141613
354.0 223.0 20.0 52.0
obstacle
0.0133886467665
342.0 198.0 45.0 16.0
obstacle
0.0133693544194
94.0 137.0 82.0 49.0
obstacle
0.0131902797148
439.0 177.0 61.0 55.0
obstacle
0.0131833404303
344.0 27.0 46.0 13.0
obstacle
0.0131582142785
189.0 111.0 46.0 14.0
obstacle
0.013126147911
0.0 178.0 169.0 99.0
obstacle
0.0131240254268
205.0 174.0 93.0 61.0
obstacle
0.0130943097174
200.0 91.0 21.0 11.0
obstacle
0.0130556281656
280.0 124.0 14.0 28.0
obstacle
0.0130260242149
382.0 29.0 42.0 11.0
obstacle
0.0130167743191
4.0 111.0 30.0 11.0
obstacle
0.0128410048783
34.0 4.0 45.0 14.0
obstacle
0.0128279244527
393.0 92.0 26.0 10.0
obstacle
0.0126834390685
393.0 206.0 18.0 44.0
obstacle
0.0126528637484
124.0 12.0 17.0 41.0
obstacle
0.012606523931
341.0 220.0 48.0 14.0
obstacle
0.012480600737
47.0 176.0 97.0 56.0
obstacle
0.0124319344759
457.0 4.0 43.0 13.0
obstacle
0.0124099357054
0.0 265.0 39.0 13.0
obstacle
0.0123837906867
392.0 181.0 20.0 50.0
obstacle
0.012367837131
279.0 15.0 16.0 35.0
obstacle
0.0123006440699
378.0 220.0 51.0 14.0
obstacle
0.0122838849202
127.0 153.0 93.0 62.0
obstacle
0.0121030714363
113.0 133.0 40.0 14.0
obstacle
0.0121020274237
86.0 13.0 15.0 40.0
obstacle
0.0120288925245
10.0 146.0 12.0 32.0
obstacle
0.0119555108249
0.0 5.0 37.0 14.0
obstacle
0.0118044633418
49.0 122.0 16.0 34.0
obstacle
0.0117439581081
202.0 15.0 17.0 36.0
obstacle
0.0117439525202
43.0 109.0 30.0 13.0
obstacle
0.0117274224758
80.0 51.0 32.0 10.0
obstacle
0.0116250254214
162.0 13.0 19.0 39.0
obstacle
0.0116239897907
202.0 96.0 18.0 45.0
obstacle
0.0116235883906
418.0 27.0 48.0 13.0
obstacle
0.0115830143914
48.0 252.0 16.0 29.0
obstacle
0.0115636801347
187.0 26.0 47.0 15.0
obstacle
0.011527441442
311.0 132.0 36.0 11.0
obstacle
0.0115200486034
111.0 4.0 46.0 13.0
obstacle
0.0114937769249
47.0 0.0 18.0 33.0
obstacle
0.0114402864128
9.0 167.0 13.0 33.0
obstacle
0.0114167863503
35.0 265.0 45.0 12.0
