obstacle
0.67239767313
66.0 198.0 222.0 79.0
obstacle
0.565420866013
246.0 148.0 103.0 25.0
obstacle
0.349183022976
156.0 201.0 119.0 47.0
obstacle
0.344260454178
258.0 131.0 84.0 34.0
obstacle
0.278442651033
94.0 104.0 86.0 24.0
obstacle
0.255237966776
190.0 215.0 103.0 41.0
obstacle
0.249902412295
97.0 220.0 86.0 43.0
obstacle
0.240222617984
140.0 195.0 204.0 57.0
obstacle
0.233089834452
118.0 104.0 109.0 26.0
obstacle
0.229582905769
208.0 127.0 15.0 20.0
obstacle
0.182286262512
174.0 105.0 71.0 27.0
obstacle
0.170642107725
118.0 109.0 31.0 15.0
obstacle
0.157606735826
283.0 128.0 18.0 25.0
obstacle
0.156335711479
202.0 101.0 94.0 32.0
obstacle
0.15309035778
218.0 136.0 210.0 58.0
obstacle
0.150952801108
436.0 91.0 64.0 46.0
obstacle
0.150060132146
197.0 112.0 30.0 11.0
obstacle
0.147516667843
392.0 95.0 98.0 39.0
obstacle
0.140479803085
357.0 95.0 90.0 41.0
obstacle
0.137642547488
156.0 109.0 35.0 13.0
obstacle
0.131754800677
387.0 110.0 37.0 14.0
obstacle
0.124640583992
317.0 96.0 17.0 39.0
obstacle
0.122853137553
317.0 127.0 14.0 27.0
obstacle
0.122421607375
231.0 112.0 39.0 10.0
obstacle
0.121248863637
89.0 204.0 104.0 42.0
obstacle
0.117624096572
87.0 246.0 97.0 35.0
obstacle
0.115525633097
295.0 95.0 57.0 49.0
obstacle
0.114497348666
419.0 109.0 46.0 13.0
obstacle
0.111871376634
280.0 102.0 17.0 30.0
obstacle
0.106087900698
116.0 217.0 115.0 47.0
obstacle
0.104771725833
349.0 112.0 35.0 11.0
obstacle
0.104448668659
187.0 128.0 48.0 23.0
obstacle
0.101761110127
356.0 96.0 16.0 39.0
obstacle
0.100262545049
253.0 97.0 75.0 47.0
obstacle
0.0995751917362
457.0 108.0 43.0 14.0
obstacle
0.0990472957492
219.0 153.0 79.0 22.0
obstacle
0.0947742164135
194.0 119.0 189.0 52.0
obstacle
0.0945090204477
310.0 115.0 35.0 10.0
obstacle
0.0918258428574
117.0 205.0 125.0 38.0
obstacle
0.0905239358544
274.0 155.0 33.0 13.0
obstacle
0.0905128195882
78.0 180.0 406.0 78.0
obstacle
0.0902490615845
123.0 105.0 15.0 21.0
obstacle
0.0898079872131
442.0 65.0 58.0 56.0
obstacle
0.0871574729681
71.0 219.0 72.0 45.0
obstacle
0.0859675183892
151.0 80.0 275.0 79.0
obstacle
0.0851052701473
272.0 116.0 36.0 8.0
obstacle
0.0846479833126
317.0 146.0 19.0 34.0
obstacle
0.0817340239882
82.0 124.0 341.0 87.0
obstacle
0.0782381445169
65.0 96.0 77.0 39.0
obstacle
0.0756499618292
144.0 124.0 68.0 30.0
obstacle
0.074490211904
14.0 150.0 320.0 99.0
obstacle
0.0736450329423
180.0 69.0 67.0 51.0
obstacle
0.0702487379313
206.0 106.0 11.0 20.0
obstacle
0.0702473521233
241.0 102.0 15.0 28.0
obstacle
0.0695441812277
318.0 91.0 91.0 49.0
obstacle
0.0646909475327
283.0 137.0 20.0 10.0
obstacle
0.0636780112982
406.0 70.0 76.0 50.0
obstacle
0.0631049722433
282.0 153.0 16.0 21.0
obstacle
0.0618934109807
203.0 148.0 16.0 31.0
obstacle
0.0612050294876
69.0 204.0 70.0 39.0
obstacle
0.0604217574
309.0 157.0 38.0 14.0
obstacle
0.0602566227317
252.0 76.0 248.0 81.0
obstacle
0.0596936605871
194.0 89.0 36.0 10.0
obstacle
0.0596142970026
214.0 129.0 76.0 27.0
obstacle
0.0562880448997
236.0 220.0 81.0 36.0
obstacle
0.0562771484256
396.0 96.0 15.0 38.0
obstacle
0.0562749393284
11.0 216.0 248.0 97.0
obstacle
0.0557206533849
0.0 171.0 261.0 101.0
obstacle
0.0551511496305
181.0 150.0 65.0 29.0
obstacle
0.0549855008721
474.0 97.0 16.0 36.0
obstacle
0.0538687258959
218.0 69.0 60.0 49.0
obstacle
0.0530791655183
164.0 105.0 16.0 22.0
obstacle
0.051255684346
255.0 59.0 65.0 63.0
obstacle
0.0510254129767
194.0 210.0 32.0 14.0
obstacle
0.0509639643133
460.0 84.0 40.0 13.0
obstacle
0.0505818612874
295.0 55.0 64.0 74.0
obstacle
0.0499769635499
245.0 155.0 15.0 19.0
obstacle
0.0499426200986
198.0 155.0 26.0 13.0
obstacle
0.0497383326292
102.0 143.0 68.0 46.0
obstacle
0.0481375083327
239.0 110.0 242.0 65.0
obstacle
0.0476161725819
145.0 199.0 269.0 84.0
obstacle
0.0468770079315
357.0 128.0 13.0 25.0
obstacle
0.0463668517768
254.0 175.0 74.0 31.0
obstacle
0.0458175651729
390.0 85.0 32.0 13.0
obstacle
0.0457919873297
317.0 137.0 22.0 12.0
obstacle
0.0456280112267
433.0 94.0 19.0 40.0
obstacle
0.0453285463154
86.0 110.0 25.0 13.0
obstacle
0.0446207821369
369.0 68.0 74.0 50.0
obstacle
0.0439375415444
361.0 146.0 83.0 39.0
obstacle
0.0433453954756
251.0 19.0 71.0 91.0
obstacle
0.0432185605168
330.0 59.0 70.0 69.0
obstacle
0.0422596894205
168.0 244.0 88.0 38.0
obstacle
0.0419645793736
56.0 82.0 234.0 72.0
obstacle
0.0417255610228
59.0 245.0 85.0 42.0
obstacle
0.0417170114815
202.0 70.0 16.0 42.0
obstacle
0.0416959822178
168.0 129.0 13.0 23.0
obstacle
0.0413703657687
278.0 66.0 17.0 49.0
obstacle
0.0410133264959
237.0 155.0 27.0 12.0
obstacle
0.0407611057162
285.0 174.0 83.0 31.0
obstacle
0.040254060179
240.0 71.0 16.0 39.0
obstacle
0.0400374270976
392.0 134.0 25.0 13.0
obstacle
0.0399724319577
99.0 118.0 76.0 41.0
obstacle
0.0397994145751
163.0 133.0 24.0 11.0
obstacle
0.0397026576102
199.0 208.0 15.0 23.0
obstacle
0.0393968932331
313.0 124.0 86.0 40.0
obstacle
0.0387068539858
172.0 22.0 77.0 85.0
obstacle
0.038661133498
393.0 142.0 94.0 48.0
obstacle
0.0374831445515
139.0 67.0 69.0 53.0
obstacle
0.0373886749148
317.0 40.0 183.0 101.0
obstacle
0.037004686892
442.0 110.0 58.0 59.0
obstacle
0.0368039049208
354.0 149.0 18.0 32.0
obstacle
0.0367933772504
395.0 126.0 15.0 29.0
obstacle
0.0366302616894
438.0 134.0 62.0 64.0
obstacle
0.0363600924611
236.0 89.0 30.0 11.0
obstacle
0.0361168533564
400.0 120.0 83.0 41.0
obstacle
0.0356924310327
225.0 142.0 275.0 99.0
obstacle
0.0356545597315
216.0 21.0 67.0 85.0
obstacle
0.0355567969382
384.0 158.0 41.0 14.0
obstacle
0.0354596786201
245.0 133.0 13.0 10.0
obstacle
0.0350511483848
164.0 148.0 15.0 34.0
obstacle
0.0348275974393
317.0 65.0 17.0 51.0
obstacle
0.0347905792296
425.0 86.0 36.0 12.0
obstacle
0.0347000360489
306.0 147.0 98.0 36.0
obstacle
0.0345395691693
56.0 138.0 78.0 58.0
obstacle
0.0342327989638
394.0 146.0 19.0 39.0
obstacle
0.0341561101377
141.0 147.0 66.0 37.0
obstacle
0.0340099260211
60.0 113.0 76.0 51.0
obstacle
0.0340058878064
103.0 61.0 66.0 62.0
obstacle
0.0334438197315
61.0 87.0 304.0 109.0
obstacle
0.0330663993955
16.0 82.0 84.0 66.0
obstacle
0.0329195782542
0.0 74.0 49.0 84.0
obstacle
0.0317107066512
396.0 68.0 17.0 43.0
obstacle
0.031492408365
366.0 119.0 74.0 44.0
obstacle
0.030689002946
273.0 87.0 33.0 11.0
obstacle
0.0306698773056
124.0 148.0 17.0 37.0
obstacle
0.0303190071136
136.0 27.0 70.0 73.0
obstacle
0.0300687644631
0.0 177.0 58.0 84.0
obstacle
0.0299564730376
91.0 106.0 13.0 20.0
obstacle
0.0299534425139
311.0 88.0 35.0 12.0
obstacle
0.0297824144363
412.0 28.0 62.0 72.0
obstacle
0.0297730844468
157.0 158.0 30.0 13.0
obstacle
0.0295841041952
244.0 130.0 12.0 19.0
obstacle
0.0290806349367
74.0 40.0 274.0 107.0
obstacle
0.0290709678084
293.0 22.0 65.0 85.0
obstacle
0.0283113885671
473.0 71.0 16.0 39.0
obstacle
0.0279777366668
355.0 64.0 17.0 52.0
obstacle
0.0279680471867
353.0 87.0 29.0 11.0
obstacle
0.0277479104698
446.0 3.0 54.0 71.0
obstacle
0.0276608355343
398.0 168.0 88.0 50.0
obstacle
0.0274870339781
188.0 183.0 56.0 30.0
obstacle
0.0267506353557
120.0 213.0 27.0 13.0
obstacle
0.0267083346844
328.0 19.0 73.0 91.0
obstacle
0.0262843221426
38.0 223.0 345.0 111.0
obstacle
0.0262108407915
79.0 213.0 32.0 11.0
obstacle
0.0261017065495
17.0 131.0 79.0 71.0
obstacle
0.0260845217854
209.0 268.0 82.0 51.0
obstacle
0.0260827206075
16.0 106.0 84.0 68.0
obstacle
0.0259023830295
213.0 179.0 79.0 29.0
obstacle
0.0258123539388
120.0 132.0 31.0 15.0
obstacle
0.0257825963199
116.0 159.0 37.0 14.0
obstacle
0.02573197335
105.0 168.0 63.0 52.0
obstacle
0.0255770385265
394.0 239.0 96.0 60.0
obstacle
0.0254835356027
442.0 236.0 58.0 66.0
obstacle
0.0254320092499
192.0 207.0 308.0 123.0
obstacle
0.0254088211805
463.0 134.0 37.0 13.0
obstacle
0.0252774693072
349.0 160.0 30.0 13.0
obstacle
0.0252762455493
320.0 171.0 14.0 40.0
obstacle
0.0252202190459
137.0 0.0 301.0 134.0
obstacle
0.0252150893211
360.0 168.0 87.0 48.0
obstacle
0.0252031758428
440.0 25.0 60.0 77.0
obstacle
0.0251142606139
199.0 243.0 93.0 44.0
obstacle
0.0248796306551
233.0 210.0 28.0 14.0
obstacle
0.0248008742929
125.0 125.0 17.0 29.0
obstacle
0.0246264766902
95.0 275.0 87.0 33.0
obstacle
0.0241269618273
314.0 171.0 99.0 40.0
obstacle
0.024077154696
442.0 187.0 58.0 62.0
obstacle
0.0239206105471
95.0 22.0 78.0 83.0
obstacle
0.0238452311605
403.0 0.0 79.0 82.0
obstacle
0.0237385816872
424.0 136.0 36.0 10.0
obstacle
0.0236258227378
117.0 236.0 32.0 14.0
obstacle
0.0235833525658
320.0 239.0 90.0 59.0
obstacle
0.0232471879572
26.0 189.0 71.0 61.0
obstacle
0.0231293532997
244.0 0.0 86.0 47.0
obstacle
0.0229233559221
356.0 136.0 18.0 12.0
obstacle
0.0229021757841
116.0 272.0 111.0 40.0
obstacle
0.0228982158005
325.0 87.0 175.0 107.0
obstacle
0.0226281918585
242.0 204.0 74.0 33.0
obstacle
0.0225947964936
445.0 158.0 55.0 68.0
obstacle
0.0225281305611
0.0 262.0 224.0 72.0
obstacle
0.0222417358309
121.0 86.0 30.0 12.0
obstacle
0.0221420750022
445.0 261.0 55.0 67.0
obstacle
0.0221101939678
15.0 48.0 82.0 84.0
obstacle
0.0220615807921
160.0 212.0 27.0 10.0
obstacle
0.0220611449331
0.0 228.0 52.0 84.0
obstacle
0.0220219586045
276.0 32.0 22.0 65.0
obstacle
0.0216457974166
433.0 67.0 17.0 47.0
obstacle
0.0215698573738
283.0 172.0 13.0 38.0
obstacle
0.0215524286032
0.0 110.0 36.0 15.0
obstacle
0.0215449742973
394.0 190.0 96.0 58.0
obstacle
0.0214565992355
0.0 145.0 49.0 96.0
obstacle
0.0213184747845
325.0 194.0 84.0 45.0
obstacle
0.0212453231215
282.0 0.0 87.0 47.0
obstacle
0.021222403273
143.0 178.0 67.0 36.0
obstacle
0.0211497824639
266.0 57.0 46.0 16.0
obstacle
0.021136129275
22.0 154.0 67.0 74.0
obstacle
0.0211322251707
0.0 102.0 285.0 132.0
obstacle
0.0211269725114
400.0 265.0 83.0 60.0
obstacle
0.0209711883217
367.0 22.0 72.0 84.0
obstacle
0.020963197574
444.0 206.0 56.0 74.0
obstacle
0.0208727270365
0.0 10.0 51.0 108.0
obstacle
0.0207886192948
60.0 52.0 73.0 78.0
obstacle
0.0206069741398
159.0 87.0 30.0 12.0
obstacle
0.0205910746008
358.0 187.0 91.0 62.0
obstacle
0.0204141326249
211.0 0.0 78.0 79.0
obstacle
0.0203097388148
353.0 285.0 101.0 49.0
obstacle
0.0201334822923
314.0 183.0 29.0 14.0
obstacle
0.0200235918164
166.0 71.0 13.0 39.0
obstacle
0.019812932238
239.0 203.0 18.0 31.0
obstacle
0.0195629633963
203.0 178.0 15.0 31.0
obstacle
0.01947873272
14.0 0.0 86.0 51.0
obstacle
0.0194395445287
0.0 65.0 250.0 103.0
obstacle
0.0193794164807
118.0 185.0 32.0 14.0
obstacle
0.0193495657295
237.0 287.0 104.0 47.0
obstacle
0.0191622525454
0.0 281.0 67.0 53.0
obstacle
0.0190551821142
77.0 236.0 39.0 12.0
obstacle
0.0190154779702
432.0 144.0 20.0 44.0
obstacle
0.0189054682851
345.0 182.0 42.0 18.0
obstacle
0.0187892317772
191.0 59.0 43.0 13.0
obstacle
0.0187495499849
131.0 0.0 81.0 47.0
obstacle
0.0184395983815
22.0 214.0 80.0 53.0
obstacle
0.0184150468558
200.0 290.0 101.0 44.0
obstacle
0.0183989666402
113.0 249.0 119.0 30.0
obstacle
0.018361646682
249.0 0.0 251.0 110.0
obstacle
0.0182302873582
0.0 191.0 177.0 107.0
obstacle
0.0181863903999
402.0 217.0 79.0 55.0
obstacle
0.0181812271476
0.0 0.0 295.0 136.0
obstacle
0.0180865675211
8.0 100.0 12.0 32.0
obstacle
0.0180687066168
242.0 176.0 15.0 32.0
obstacle
0.0180547237396
417.0 157.0 48.0 16.0
obstacle
0.0180327035487
88.0 0.0 326.0 65.0
obstacle
0.0180101618171
356.0 235.0 97.0 69.0
obstacle
0.0179788824171
342.0 56.0 47.0 15.0
obstacle
0.0179143734276
433.0 121.0 17.0 38.0
obstacle
0.0178189352155
474.0 122.0 16.0 35.0
obstacle
0.017801579088
274.0 288.0 104.0 46.0
obstacle
0.0177989471704
132.0 261.0 308.0 73.0
obstacle
0.0176710188389
195.0 235.0 32.0 10.0
obstacle
0.017592895776
166.0 230.0 17.0 26.0
obstacle
0.0175699237734
152.0 58.0 42.0 14.0
obstacle
0.017568141222
57.0 25.0 78.0 78.0
obstacle
0.017245894298
202.0 36.0 17.0 56.0
obstacle
0.0170634426177
392.0 107.0 21.0 14.0
obstacle
0.0166900493205
282.0 193.0 87.0 46.0
obstacle
0.0166706182063
161.0 187.0 22.0 10.0
obstacle
0.0166447963566
126.0 72.0 15.0 36.0
obstacle
0.0165566522628
240.0 36.0 20.0 56.0
obstacle
0.0165072213858
0.0 0.0 58.0 57.0
obstacle
0.0164544805884
459.0 158.0 41.0 15.0
obstacle
0.0164231173694
321.0 0.0 89.0 48.0
obstacle
0.0163038037717
154.0 289.0 117.0 45.0
obstacle
0.0161806382239
303.0 56.0 48.0 16.0
obstacle
0.0161688029766
275.0 184.0 30.0 12.0
obstacle
0.0161026436836
162.0 43.0 17.0 44.0
obstacle
0.0161023531109
236.0 186.0 23.0 9.0
obstacle
0.0160825662315
313.0 266.0 106.0 56.0
obstacle
0.0160575713962
173.0 0.0 79.0 77.0
obstacle
0.016052134335
230.0 57.0 40.0 16.0
obstacle
0.015656625852
116.0 292.0 117.0 42.0
obstacle
0.0155697958544
250.0 264.0 250.0 70.0
obstacle
0.0155236525461
81.0 285.0 109.0 49.0
obstacle
0.0155092161149
356.0 172.0 18.0 39.0
obstacle
0.015377885662
0.0 0.0 171.0 103.0
obstacle
0.0153687763959
159.0 235.0 29.0 12.0
obstacle
0.0153368394822
395.0 170.0 17.0 44.0
obstacle
0.0153073035181
474.0 146.0 17.0 41.0
obstacle
0.0152884311974
319.0 158.0 181.0 121.0
obstacle
0.0151324560866
89.0 126.0 12.0 32.0
obstacle
0.015037573874
353.0 0.0 101.0 54.0
obstacle
0.0150260655209
126.0 173.0 13.0 38.0
obstacle
0.0150049887598
86.0 202.0 15.0 36.0
obstacle
0.0148768285289
162.0 272.0 100.0 42.0
obstacle
0.0148305464536
166.0 175.0 13.0 36.0
obstacle
0.0148009127006
460.0 30.0 40.0 15.0
obstacle
0.0147953527048
165.0 208.0 14.0 23.0
obstacle
0.0147374467924
201.0 186.0 22.0 11.0
obstacle
0.0146841760725
112.0 57.0 45.0 15.0
obstacle
0.0146547779441
69.0 161.0 57.0 63.0
obstacle
0.0146313309669
383.0 58.0 43.0 14.0
obstacle
0.0144910449162
420.0 57.0 46.0 14.0
obstacle
0.0144519209862
433.0 36.0 17.0 56.0
obstacle
0.0142610082403
41.0 270.0 112.0 46.0
obstacle
0.0142367994413
393.0 41.0 16.0 47.0
obstacle
0.0141671709716
355.0 39.0 17.0 50.0
obstacle
0.0141628142446
51.0 0.0 89.0 47.0
obstacle
0.0141557902098
387.0 285.0 111.0 49.0
obstacle
0.0141422748566
474.0 38.0 16.0 52.0
obstacle
0.0141394557431
87.0 0.0 93.0 50.0
obstacle
0.0140575980768
318.0 192.0 17.0 48.0
obstacle
0.014036487788
72.0 159.0 43.0 13.0
obstacle
0.0139121338725
473.0 19.0 16.0 39.0
