obstacle
0.320146679878
116.0 121.0 59.0 40.0
obstacle
0.290829539299
134.0 117.0 62.0 50.0
obstacle
0.164371773601
108.0 132.0 70.0 49.0
obstacle
0.138922467828
131.0 132.0 73.0 51.0
obstacle
0.114976994693
8.0 103.0 254.0 79.0
obstacle
0.109276227653
329.0 38.0 76.0 28.0
obstacle
0.0983769595623
155.0 119.0 30.0 41.0
obstacle
0.0871909335256
35.0 179.0 278.0 94.0
obstacle
0.0834497660398
60.0 118.0 223.0 84.0
obstacle
0.0815431177616
364.0 38.0 72.0 29.0
obstacle
0.079772926867
119.0 134.0 38.0 12.0
obstacle
0.0783824324608
366.0 20.0 76.0 29.0
obstacle
0.0776448920369
149.0 131.0 43.0 17.0
obstacle
0.0775921270251
98.0 0.0 70.0 68.0
obstacle
0.0737860873342
130.0 203.0 88.0 46.0
obstacle
0.0727027282119
128.0 123.0 23.0 34.0
obstacle
0.062203604728
20.0 0.0 72.0 44.0
obstacle
0.0617214404047
128.0 229.0 92.0 36.0
obstacle
0.0596094094217
165.0 201.0 90.0 53.0
obstacle
0.0595106408
146.0 257.0 129.0 24.0
obstacle
0.0586642920971
293.0 35.0 75.0 36.0
obstacle
0.0580552443862
143.0 96.0 59.0 54.0
obstacle
0.0569609217346
61.0 118.0 85.0 42.0
obstacle
0.0567986220121
161.0 142.0 23.0 34.0
obstacle
0.0564343072474
0.0 0.0 55.0 44.0
obstacle
0.0561168976128
165.0 110.0 80.0 60.0
obstacle
0.0552077516913
64.0 0.0 63.0 71.0
obstacle
0.0516782477498
330.0 19.0 76.0 34.0
obstacle
0.0510241538286
89.0 28.0 89.0 49.0
obstacle
0.0508460439742
100.0 70.0 67.0 54.0
obstacle
0.0507553592324
124.0 10.0 19.0 44.0
obstacle
0.0462256111205
112.0 96.0 55.0 51.0
obstacle
0.045139554888
91.0 205.0 90.0 46.0
obstacle
0.0451305396855
394.0 11.0 94.0 43.0
obstacle
0.0445970110595
126.0 28.0 90.0 50.0
obstacle
0.0441951416433
132.0 69.0 83.0 57.0
obstacle
0.0416550822556
328.0 57.0 76.0 36.0
obstacle
0.0415853373706
362.0 0.0 83.0 31.0
obstacle
0.0414844304323
329.0 77.0 78.0 40.0
obstacle
0.0411874391139
168.0 225.0 83.0 46.0
obstacle
0.0409609153867
208.0 199.0 83.0 54.0
obstacle
0.0406611859798
0.0 0.0 293.0 91.0
obstacle
0.0403698012233
350.0 47.0 31.0 11.0
obstacle
0.0401009395719
295.0 11.0 71.0 45.0
obstacle
0.0400122404099
256.0 0.0 244.0 74.0
obstacle
0.0394102372229
291.0 0.0 73.0 36.0
obstacle
0.039250254631
148.0 153.0 49.0 12.0
obstacle
0.0390597134829
386.0 48.0 34.0 11.0
obstacle
0.0384121350944
400.0 35.0 79.0 37.0
obstacle
0.0377117320895
253.0 30.0 76.0 48.0
obstacle
0.0371758230031
385.0 27.0 38.0 11.0
obstacle
0.0370748005807
111.0 25.0 48.0 15.0
obstacle
0.0364412516356
208.0 0.0 84.0 42.0
obstacle
0.03640993312
129.0 180.0 91.0 50.0
obstacle
0.0357409119606
161.0 201.0 23.0 51.0
obstacle
0.0356269441545
50.0 26.0 89.0 53.0
obstacle
0.0353046506643
363.0 209.0 81.0 36.0
obstacle
0.0345843546093
362.0 184.0 84.0 44.0
obstacle
0.0344728082418
162.0 134.0 87.0 52.0
obstacle
0.0344510525465
170.0 177.0 85.0 58.0
obstacle
0.0343867987394
0.0 214.0 347.0 67.0
obstacle
0.0343220047653
308.0 252.0 112.0 29.0
obstacle
0.0341053642333
133.0 0.0 77.0 66.0
obstacle
0.0337972193956
17.0 29.0 82.0 47.0
obstacle
0.0335995033383
145.0 221.0 56.0 14.0
obstacle
0.0332024954259
437.0 30.0 63.0 45.0
obstacle
0.0331898443401
173.0 65.0 78.0 65.0
obstacle
0.0327959954739
186.0 9.0 286.0 89.0
obstacle
0.0327268019319
127.0 142.0 20.0 34.0
obstacle
0.0324829928577
92.0 48.0 84.0 54.0
obstacle
0.0323191136122
55.0 91.0 84.0 54.0
obstacle
0.032020740211
389.0 0.0 102.0 35.0
obstacle
0.0314748734236
185.0 250.0 125.0 31.0
obstacle
0.0311783030629
0.0 43.0 301.0 110.0
obstacle
0.031127018854
356.0 224.0 92.0 48.0
obstacle
0.0309590362012
59.0 206.0 76.0 42.0
obstacle
0.030858008191
90.0 180.0 94.0 49.0
obstacle
0.0307219941169
287.0 202.0 82.0 51.0
obstacle
0.0305692367256
113.0 153.0 43.0 11.0
obstacle
0.0303024798632
161.0 101.0 19.0 38.0
obstacle
0.0302298329771
448.0 66.0 52.0 61.0
obstacle
0.0299721937627
204.0 220.0 88.0 57.0
obstacle
0.0295287705958
207.0 177.0 84.0 56.0
obstacle
0.0294235646725
446.0 87.0 54.0 61.0
obstacle
0.0293138921261
440.0 0.0 60.0 38.0
obstacle
0.0292756278068
309.0 48.0 38.0 11.0
obstacle
0.0292108971626
350.0 30.0 33.0 11.0
obstacle
0.0289704799652
246.0 221.0 84.0 53.0
obstacle
0.0286678671837
183.0 223.0 58.0 12.0
obstacle
0.0281798020005
58.0 72.0 77.0 50.0
obstacle
0.0281710252166
212.0 28.0 76.0 52.0
obstacle
0.0279284901917
131.0 46.0 82.0 59.0
obstacle
0.0278591625392
330.0 0.0 71.0 36.0
obstacle
0.0278098005801
447.0 46.0 53.0 57.0
obstacle
0.0274919755757
199.0 202.0 22.0 51.0
obstacle
0.0273876972497
125.0 32.0 18.0 41.0
obstacle
0.0272807423025
402.0 52.0 80.0 46.0
obstacle
0.0271904822439
446.0 131.0 54.0 60.0
obstacle
0.0269939526916
288.0 70.0 81.0 54.0
obstacle
0.0267210956663
175.0 27.0 71.0 52.0
obstacle
0.0267115365714
0.0 194.0 56.0 66.0
obstacle
0.0266677550972
442.0 195.0 58.0 62.0
obstacle
0.0265074297786
121.0 26.0 25.0 12.0
obstacle
0.0264616385102
62.0 140.0 76.0 38.0
obstacle
0.0263018459082
366.0 55.0 76.0 40.0
obstacle
0.0262670014054
206.0 83.0 87.0 72.0
obstacle
0.0262003894895
118.0 115.0 35.0 10.0
obstacle
0.0261888187379
357.0 40.0 16.0 26.0
obstacle
0.025910532102
17.0 87.0 81.0 62.0
obstacle
0.0258508790284
353.0 118.0 103.0 45.0
obstacle
0.025850776583
0.0 23.0 57.0 60.0
obstacle
0.0256178993732
162.0 223.0 22.0 51.0
obstacle
0.0255427323282
424.0 27.0 41.0 12.0
obstacle
0.0253052059561
96.0 157.0 87.0 47.0
obstacle
0.0252966992557
254.0 9.0 70.0 45.0
obstacle
0.0252553336322
129.0 154.0 90.0 53.0
obstacle
0.0252184290439
0.0 0.0 181.0 54.0
obstacle
0.0250801052898
66.0 73.0 291.0 93.0
obstacle
0.0250446703285
152.0 115.0 41.0 12.0
obstacle
0.025043245405
109.0 220.0 52.0 15.0
obstacle
0.0248818192631
162.0 221.0 24.0 11.0
obstacle
0.0247712954879
181.0 0.0 63.0 66.0
obstacle
0.0247462727129
247.0 203.0 86.0 49.0
obstacle
0.0245991852134
246.0 0.0 80.0 38.0
obstacle
0.0242726076394
441.0 173.0 59.0 63.0
obstacle
0.0241900421679
125.0 98.0 19.0 43.0
obstacle
0.0241301394999
440.0 149.0 60.0 68.0
obstacle
0.0239634923637
446.0 110.0 54.0 59.0
obstacle
0.0239564031363
88.0 10.0 16.0 43.0
obstacle
0.0239035077393
99.0 228.0 74.0 37.0
obstacle
0.0239031743258
0.0 129.0 51.0 68.0
obstacle
0.0238982606679
19.0 112.0 80.0 54.0
obstacle
0.0235974695534
362.0 157.0 85.0 52.0
obstacle
0.0235753115267
0.0 67.0 185.0 105.0
obstacle
0.0234963297844
0.0 154.0 55.0 61.0
obstacle
0.0234338697046
365.0 78.0 79.0 37.0
obstacle
0.0230977106839
113.0 47.0 44.0 13.0
obstacle
0.023063108325
123.0 204.0 21.0 45.0
obstacle
0.0230363626033
326.0 206.0 84.0 41.0
obstacle
0.0230152178556
216.0 224.0 284.0 57.0
obstacle
0.0230077300221
22.0 140.0 75.0 42.0
obstacle
0.022990513593
60.0 253.0 156.0 28.0
obstacle
0.0229583606124
250.0 70.0 79.0 54.0
obstacle
0.0228235181421
208.0 65.0 84.0 64.0
obstacle
0.0226446911693
328.0 95.0 78.0 47.0
obstacle
0.0223279353231
348.0 264.0 37.0 13.0
obstacle
0.0222934931517
17.0 47.0 81.0 56.0
obstacle
0.0222630966455
59.0 50.0 75.0 50.0
obstacle
0.0221677832305
0.0 242.0 59.0 39.0
obstacle
0.0221674069762
358.0 134.0 96.0 55.0
obstacle
0.022152621299
383.0 5.0 38.0 10.0
obstacle
0.0220173057169
16.0 200.0 85.0 55.0
obstacle
0.0220015514642
399.0 91.0 85.0 55.0
obstacle
0.0217765830457
406.0 71.0 73.0 51.0
obstacle
0.0214634500444
39.0 20.0 344.0 110.0
obstacle
0.0212579555809
74.0 5.0 44.0 12.0
obstacle
0.0212444737554
174.0 43.0 73.0 66.0
obstacle
0.0211430639029
110.0 115.0 278.0 91.0
obstacle
0.0210574045777
356.0 98.0 99.0 41.0
obstacle
0.0210519079119
148.0 198.0 48.0 13.0
obstacle
0.0210378263146
395.0 40.0 17.0 26.0
obstacle
0.0209890045226
312.0 32.0 188.0 87.0
obstacle
0.0209880881011
148.0 243.0 49.0 13.0
obstacle
0.0209858026356
327.0 180.0 83.0 52.0
obstacle
0.0209516976029
86.0 0.0 17.0 30.0
obstacle
0.0209076460451
288.0 85.0 80.0 68.0
obstacle
0.02086042054
163.0 78.0 19.0 39.0
obstacle
0.020855916664
0.0 104.0 53.0 72.0
obstacle
0.0208121594042
170.0 148.0 80.0 68.0
obstacle
0.0207880344242
231.0 248.0 116.0 33.0
obstacle
0.0206210501492
110.0 91.0 50.0 13.0
obstacle
0.0205985810608
289.0 175.0 76.0 61.0
obstacle
0.020516667515
463.0 48.0 35.0 11.0
obstacle
0.020467678085
160.0 181.0 23.0 49.0
obstacle
0.0204636864364
356.0 253.0 16.0 28.0
obstacle
0.0204454343766
83.0 137.0 30.0 9.0
obstacle
0.0201437678188
114.0 6.0 42.0 12.0
obstacle
0.0200646761805
78.0 0.0 342.0 52.0
obstacle
0.0200329869986
154.0 25.0 39.0 12.0
obstacle
0.019988855347
46.0 13.0 20.0 39.0
obstacle
0.0199802033603
0.0 3.0 45.0 14.0
obstacle
0.0199742447585
290.0 225.0 80.0 47.0
obstacle
0.0198857877403
162.0 135.0 22.0 11.0
obstacle
0.0198151580989
257.0 153.0 243.0 103.0
obstacle
0.0197078529745
201.0 221.0 22.0 11.0
obstacle
0.0196270719171
77.0 114.0 41.0 11.0
obstacle
0.0196156427264
328.0 233.0 79.0 33.0
obstacle
0.019592339173
163.0 13.0 18.0 38.0
obstacle
0.0195673108101
393.0 16.0 15.0 33.0
obstacle
0.0194873493165
326.0 115.0 81.0 52.0
obstacle
0.0194409191608
59.0 182.0 78.0 47.0
obstacle
0.0194247700274
357.0 22.0 11.0 23.0
obstacle
0.0193401630968
226.0 199.0 47.0 12.0
obstacle
0.0193062350154
0.0 53.0 48.0 89.0
obstacle
0.0192882139236
0.0 20.0 204.0 109.0
obstacle
0.0192589517683
285.0 54.0 88.0 43.0
obstacle
0.0191859062761
343.0 249.0 119.0 32.0
obstacle
0.0191625058651
154.0 48.0 40.0 11.0
obstacle
0.0189390107989
252.0 174.0 75.0 62.0
obstacle
0.018902445212
54.0 229.0 84.0 34.0
obstacle
0.0188226420432
425.0 50.0 35.0 9.0
obstacle
0.0187221933156
212.0 153.0 74.0 61.0
obstacle
0.0186171401292
200.0 139.0 19.0 43.0
obstacle
0.0185444969684
84.0 202.0 19.0 50.0
obstacle
0.0185435712337
60.0 164.0 78.0 35.0
obstacle
0.0184884890914
124.0 222.0 21.0 10.0
obstacle
0.0184762310237
125.0 74.0 19.0 47.0
obstacle
0.018460419029
195.0 134.0 34.0 12.0
obstacle
0.0182978883386
0.0 175.0 198.0 103.0
obstacle
0.0182738080621
207.0 46.0 87.0 59.0
obstacle
0.0182032547891
209.0 126.0 77.0 70.0
obstacle
0.018192794174
432.0 14.0 18.0 37.0
obstacle
0.0181387346238
444.0 221.0 56.0 53.0
obstacle
0.0181106384844
120.0 151.0 261.0 107.0
obstacle
0.0180350299925
191.0 114.0 41.0 12.0
obstacle
0.0179247558117
113.0 198.0 47.0 13.0
obstacle
0.0178761854768
151.0 92.0 44.0 12.0
obstacle
0.0177817493677
460.0 26.0 40.0 11.0
obstacle
0.0177006870508
10.0 0.0 15.0 30.0
obstacle
0.0176256019622
250.0 49.0 78.0 52.0
obstacle
0.0175875443965
17.0 67.0 82.0 59.0
obstacle
0.0175206363201
249.0 82.0 81.0 72.0
obstacle
0.0175066087395
35.0 4.0 45.0 13.0
obstacle
0.0172447375953
79.0 49.0 37.0 11.0
obstacle
0.0172371547669
180.0 82.0 293.0 116.0
obstacle
0.017227075994
201.0 121.0 20.0 39.0
obstacle
0.0171420183033
438.0 244.0 62.0 37.0
obstacle
0.0169904138893
381.0 199.0 47.0 14.0
obstacle
0.016931924969
12.0 162.0 92.0 41.0
obstacle
0.0168622750789
37.0 26.0 42.0 13.0
obstacle
0.016772326082
162.0 35.0 19.0 37.0
obstacle
0.0167629327625
400.0 112.0 82.0 56.0
obstacle
0.0167296677828
48.0 0.0 17.0 30.0
obstacle
0.016681779176
115.0 69.0 39.0 12.0
obstacle
0.0166753046215
225.0 221.0 51.0 14.0
obstacle
0.0166690852493
344.0 5.0 41.0 12.0
obstacle
0.0166346095502
271.0 48.0 35.0 12.0
obstacle
0.0166110135615
153.0 70.0 40.0 12.0
obstacle
0.016598444432
22.0 178.0 72.0 54.0
obstacle
0.0164169985801
288.0 125.0 77.0 74.0
obstacle
0.0163808465004
192.0 44.0 271.0 104.0
obstacle
0.0162695012987
202.0 252.0 18.0 29.0
obstacle
0.0162433926016
249.0 129.0 79.0 64.0
obstacle
0.0162261761725
125.0 0.0 15.0 33.0
obstacle
0.01608286798
398.0 176.0 87.0 56.0
obstacle
0.0160609520972
348.0 179.0 152.0 96.0
obstacle
0.0160191450268
162.0 56.0 19.0 39.0
obstacle
0.0159996282309
48.0 37.0 17.0 33.0
obstacle
0.0158534944057
333.0 133.0 167.0 101.0
obstacle
0.0158071927726
320.0 40.0 16.0 26.0
obstacle
0.0157449636608
187.0 200.0 49.0 13.0
obstacle
0.0156925693154
74.0 221.0 47.0 13.0
obstacle
0.0155659448355
404.0 154.0 74.0 59.0
obstacle
0.0154008083045
194.0 265.0 38.0 13.0
obstacle
0.0153998974711
458.0 111.0 42.0 14.0
obstacle
0.015399008058
125.0 55.0 18.0 41.0
obstacle
0.0153460064903
201.0 225.0 19.0 46.0
obstacle
0.0153433540836
240.0 186.0 19.0 39.0
obstacle
0.0153414681554
262.0 241.0 50.0 16.0
obstacle
0.015297180973
192.0 49.0 38.0 11.0
obstacle
0.0152068119496
231.0 48.0 39.0 12.0
obstacle
0.0151627939194
201.0 99.0 15.0 39.0
obstacle
0.0151394018903
88.0 34.0 17.0 37.0
obstacle
0.0151153933257
328.0 156.0 79.0 57.0
obstacle
0.0150729091838
114.0 176.0 41.0 12.0
obstacle
0.015069462359
125.0 183.0 20.0 45.0
obstacle
0.0150258634239
133.0 180.0 367.0 94.0
obstacle
0.0149299306795
0.0 10.0 150.0 87.0
obstacle
0.0149226821959
417.0 5.0 50.0 10.0
obstacle
0.0148852970451
432.0 36.0 19.0 34.0
obstacle
0.0148336337879
21.0 225.0 75.0 44.0
obstacle
0.0147056207061
87.0 101.0 17.0 36.0
obstacle
0.0146378120407
202.0 35.0 19.0 37.0
obstacle
0.0144750736654
295.0 63.0 205.0 111.0
obstacle
0.0144611140713
357.0 77.0 17.0 39.0
obstacle
0.0144453048706
401.0 133.0 83.0 58.0
obstacle
0.0144019983709
226.0 4.0 45.0 13.0
obstacle
0.0143874287605
16.0 251.0 88.0 30.0
obstacle
0.0143676204607
382.0 220.0 45.0 13.0
obstacle
0.0143510485068
149.0 4.0 48.0 13.0
obstacle
0.0143269365653
89.0 123.0 15.0 35.0
obstacle
0.01432335563
405.0 223.0 73.0 50.0
obstacle
0.0142310047522
280.0 38.0 17.0 31.0
obstacle
0.0141800679266
165.0 252.0 16.0 29.0
obstacle
0.0141706876457
223.0 243.0 53.0 14.0
obstacle
0.0141248553991
457.0 91.0 43.0 13.0
obstacle
0.0140663897619
474.0 17.0 16.0 32.0
obstacle
0.0140644339845
399.0 199.0 84.0 54.0
obstacle
0.0140382442623
383.0 177.0 45.0 13.0
obstacle
0.0140318321064
240.0 203.0 18.0 47.0
obstacle
0.0140208126977
266.0 221.0 46.0 14.0
obstacle
0.0139566566795
475.0 40.0 16.0 26.0
obstacle
0.0139341736212
460.0 69.0 40.0 12.0
obstacle
0.0138887641951
240.0 37.0 19.0 34.0
obstacle
0.0138070741668
462.0 5.0 38.0 10.0
obstacle
0.0137957641855
201.0 187.0 19.0 39.0
obstacle
0.0137826092541
323.0 130.0 87.0 64.0
obstacle
0.0137764383107
0.0 123.0 247.0 117.0
obstacle
0.0137348258868
125.0 134.0 18.0 13.0
obstacle
0.0136783821508
190.0 245.0 43.0 12.0
