obstacle
0.331843823195
190.0 281.0 274.0 93.0
obstacle
0.211415499449
395.0 174.0 97.0 40.0
obstacle
0.182644501328
407.0 192.0 77.0 42.0
obstacle
0.180779352784
103.0 239.0 296.0 132.0
obstacle
0.128273442388
0.0 233.0 291.0 138.0
obstacle
0.112751379609
351.0 170.0 111.0 42.0
obstacle
0.108459115028
129.0 163.0 94.0 50.0
obstacle
0.10514447093
459.0 207.0 41.0 16.0
obstacle
0.0996284782887
313.0 165.0 104.0 44.0
obstacle
0.0971924066544
420.0 206.0 46.0 16.0
obstacle
0.0928957015276
415.0 182.0 55.0 16.0
obstacle
0.0928285196424
437.0 159.0 63.0 66.0
obstacle
0.0850937366486
316.0 316.0 23.0 32.0
obstacle
0.0783931836486
311.0 325.0 33.0 14.0
obstacle
0.0772018581629
164.0 162.0 90.0 52.0
obstacle
0.0761343464255
364.0 194.0 85.0 42.0
obstacle
0.0748766511679
17.0 257.0 82.0 88.0
obstacle
0.0730559974909
262.0 339.0 129.0 35.0
obstacle
0.0705452337861
384.0 184.0 41.0 13.0
obstacle
0.0702176243067
21.0 230.0 75.0 87.0
obstacle
0.0687149167061
238.0 125.0 99.0 66.0
obstacle
0.0676056370139
271.0 248.0 229.0 111.0
obstacle
0.0675001069903
355.0 165.0 145.0 101.0
obstacle
0.0649525299668
89.0 230.0 91.0 86.0
obstacle
0.0633841976523
17.0 123.0 83.0 66.0
obstacle
0.0632078498602
16.0 93.0 86.0 71.0
obstacle
0.0626203343272
127.0 128.0 93.0 61.0
obstacle
0.0624802149832
346.0 183.0 39.0 13.0
obstacle
0.0619998499751
155.0 317.0 268.0 57.0
obstacle
0.0614899657667
92.0 132.0 85.0 53.0
obstacle
0.0613041482866
473.0 193.0 21.0 42.0
obstacle
0.0607680156827
206.0 128.0 88.0 62.0
obstacle
0.0593091249466
59.0 231.0 77.0 83.0
obstacle
0.0591432675719
57.0 263.0 78.0 75.0
obstacle
0.0563332997262
278.0 161.0 98.0 48.0
obstacle
0.0560994818807
0.0 21.0 55.0 98.0
obstacle
0.0545702278614
0.0 201.0 194.0 146.0
obstacle
0.0539837405086
394.0 301.0 24.0 59.0
obstacle
0.0528844147921
400.0 219.0 83.0 51.0
obstacle
0.0525626540184
390.0 208.0 31.0 13.0
obstacle
0.0509151481092
0.0 251.0 52.0 100.0
obstacle
0.0500713661313
366.0 299.0 76.0 64.0
obstacle
0.0493838749826
133.0 228.0 78.0 91.0
obstacle
0.0493505895138
221.0 240.0 59.0 68.0
obstacle
0.0486463457346
0.0 125.0 61.0 65.0
obstacle
0.0485287122428
406.0 123.0 73.0 72.0
obstacle
0.0482617989182
125.0 262.0 97.0 77.0
obstacle
0.0475475750864
295.0 316.0 64.0 35.0
obstacle
0.0473550967872
93.0 90.0 83.0 77.0
obstacle
0.0472923777997
179.0 233.0 64.0 82.0
obstacle
0.047121591866
166.0 124.0 93.0 69.0
obstacle
0.0466071143746
248.0 155.0 81.0 58.0
obstacle
0.0461094900966
111.0 151.0 47.0 15.0
obstacle
0.0459969975054
446.0 210.0 54.0 64.0
obstacle
0.0458937995136
459.0 180.0 41.0 16.0
obstacle
0.045032132417
55.0 125.0 81.0 66.0
obstacle
0.0437829904258
0.0 93.0 57.0 77.0
obstacle
0.0428152605891
172.0 266.0 81.0 69.0
obstacle
0.0425983741879
125.0 98.0 326.0 120.0
obstacle
0.0416856259108
18.0 289.0 80.0 81.0
obstacle
0.0414948277175
446.0 115.0 54.0 86.0
obstacle
0.0414927080274
211.0 152.0 74.0 71.0
obstacle
0.0410846918821
154.0 180.0 42.0 16.0
obstacle
0.0407146625221
122.0 272.0 25.0 64.0
obstacle
0.039811167866
50.0 132.0 322.0 109.0
obstacle
0.039343290031
61.0 294.0 70.0 70.0
obstacle
0.0391183830798
149.0 151.0 47.0 15.0
obstacle
0.03900000453
13.0 191.0 91.0 105.0
obstacle
0.0388159006834
275.0 125.0 100.0 69.0
obstacle
0.0385262109339
45.0 266.0 24.0 74.0
obstacle
0.0384412258863
446.0 235.0 54.0 76.0
obstacle
0.0382637828588
96.0 292.0 78.0 75.0
obstacle
0.0381300710142
333.0 276.0 58.0 56.0
obstacle
0.0378612391651
307.0 182.0 40.0 14.0
obstacle
0.0377817712724
0.0 310.0 319.0 64.0
obstacle
0.0375456139445
334.0 244.0 66.0 58.0
obstacle
0.0368622429669
99.0 55.0 73.0 93.0
obstacle
0.0367448218167
221.0 274.0 60.0 55.0
obstacle
0.0365657508373
83.0 271.0 25.0 65.0
obstacle
0.0365626066923
131.0 84.0 80.0 89.0
obstacle
0.0362533144653
366.0 243.0 78.0 60.0
obstacle
0.0361019298434
326.0 83.0 76.0 93.0
obstacle
0.0360623337328
432.0 165.0 19.0 47.0
obstacle
0.035816308111
355.0 334.0 20.0 40.0
obstacle
0.0353166237473
400.0 81.0 82.0 97.0
obstacle
0.0349413082004
191.0 181.0 40.0 15.0
obstacle
0.0348178520799
337.0 191.0 55.0 48.0
obstacle
0.0347016043961
20.0 66.0 73.0 67.0
obstacle
0.0346530862153
121.0 239.0 25.0 74.0
obstacle
0.0345729589462
310.0 149.0 190.0 81.0
obstacle
0.0343650244176
261.0 151.0 53.0 16.0
obstacle
0.0338306166232
394.0 290.0 93.0 81.0
obstacle
0.0337389819324
37.0 331.0 120.0 43.0
obstacle
0.0335004590452
405.0 240.0 75.0 67.0
obstacle
0.0333400480449
198.0 273.0 23.0 62.0
obstacle
0.033291388303
365.0 270.0 79.0 66.0
obstacle
0.0329869948328
372.0 219.0 67.0 49.0
obstacle
0.0329763963819
355.0 307.0 20.0 51.0
obstacle
0.0328156016767
54.0 155.0 89.0 61.0
obstacle
0.032577700913
325.0 311.0 72.0 43.0
obstacle
0.0325439535081
161.0 273.0 22.0 60.0
obstacle
0.0323951840401
0.0 326.0 118.0 48.0
obstacle
0.0322510786355
301.0 152.0 51.0 15.0
obstacle
0.0320357941091
238.0 277.0 21.0 53.0
obstacle
0.0318694785237
124.0 305.0 21.0 52.0
obstacle
0.0318304114044
0.0 241.0 140.0 123.0
obstacle
0.0316742360592
252.0 103.0 248.0 111.0
obstacle
0.0316276736557
18.0 103.0 308.0 112.0
obstacle
0.0315411351621
255.0 310.0 245.0 64.0
obstacle
0.0315232500434
345.0 350.0 39.0 15.0
obstacle
0.0315061025321
45.0 237.0 23.0 75.0
obstacle
0.0311909690499
332.0 214.0 70.0 60.0
obstacle
0.0310167465359
57.0 85.0 78.0 87.0
obstacle
0.0309868771583
303.0 248.0 54.0 51.0
obstacle
0.0309838559479
316.0 284.0 19.0 44.0
obstacle
0.030616549775
128.0 179.0 92.0 68.0
obstacle
0.030578782782
162.0 169.0 23.0 37.0
obstacle
0.0303824637085
61.0 59.0 75.0 82.0
obstacle
0.030140561983
264.0 317.0 65.0 33.0
obstacle
0.0300932843238
382.0 323.0 45.0 18.0
obstacle
0.0299197807908
199.0 307.0 23.0 48.0
obstacle
0.0298762694001
134.0 294.0 81.0 72.0
obstacle
0.0298492945731
433.0 192.0 20.0 45.0
obstacle
0.0296645034105
164.0 129.0 18.0 55.0
obstacle
0.0294561907649
0.0 105.0 190.0 105.0
obstacle
0.0293833147734
0.0 194.0 57.0 101.0
obstacle
0.0293109882623
264.0 245.0 52.0 55.0
obstacle
0.0292243435979
277.0 130.0 21.0 53.0
obstacle
0.0291422363371
0.0 174.0 290.0 144.0
obstacle
0.0290150362998
441.0 0.0 59.0 59.0
obstacle
0.0288364049047
228.0 297.0 43.0 14.0
obstacle
0.0287994407117
176.0 87.0 74.0 86.0
obstacle
0.0287949293852
59.0 201.0 76.0 85.0
obstacle
0.0287910010666
0.0 60.0 57.0 80.0
obstacle
0.0287516973913
280.0 312.0 21.0 39.0
obstacle
0.0287455376238
289.0 47.0 76.0 107.0
obstacle
0.0285100135952
303.0 287.0 50.0 40.0
obstacle
0.028441933915
360.0 74.0 85.0 110.0
obstacle
0.0282617229968
176.0 297.0 80.0 66.0
obstacle
0.0282579772174
112.0 295.0 48.0 16.0
obstacle
0.0281808115542
84.0 240.0 22.0 70.0
obstacle
0.0280243065208
178.0 187.0 66.0 54.0
obstacle
0.0278524011374
239.0 311.0 20.0 41.0
obstacle
0.0277620386332
432.0 126.0 20.0 65.0
obstacle
0.0277457553893
232.0 325.0 36.0 13.0
obstacle
0.0276502016932
418.0 233.0 49.0 16.0
obstacle
0.0273881405592
215.0 180.0 65.0 66.0
obstacle
0.0273320041597
91.0 158.0 92.0 57.0
obstacle
0.0273109599948
161.0 242.0 20.0 66.0
obstacle
0.0272517818958
97.0 200.0 79.0 88.0
obstacle
0.0272350218147
471.0 163.0 17.0 50.0
obstacle
0.0270991679281
278.0 282.0 20.0 45.0
obstacle
0.0270632915199
431.0 297.0 23.0 67.0
obstacle
0.0269606597722
150.0 295.0 46.0 16.0
obstacle
0.0269495174289
159.0 216.0 335.0 122.0
obstacle
0.0269154328853
51.0 181.0 93.0 69.0
obstacle
0.0268242675811
395.0 272.0 18.0 63.0
obstacle
0.0265114791691
324.0 124.0 82.0 73.0
obstacle
0.0260673426092
124.0 135.0 21.0 46.0
obstacle
0.0260572563857
47.0 296.0 21.0 69.0
obstacle
0.02596408315
314.0 335.0 22.0 39.0
obstacle
0.0258521456271
214.0 21.0 72.0 101.0
obstacle
0.0258111581206
188.0 150.0 47.0 16.0
obstacle
0.0255984831601
338.0 331.0 131.0 43.0
obstacle
0.0254791807383
249.0 182.0 75.0 63.0
obstacle
0.0254765469581
284.0 86.0 86.0 90.0
obstacle
0.025272179395
322.0 180.0 178.0 129.0
obstacle
0.0252349134535
355.0 166.0 19.0 43.0
obstacle
0.0251947231591
134.0 0.0 76.0 86.0
obstacle
0.0251839272678
161.0 333.0 105.0 41.0
obstacle
0.025022784248
58.0 2.0 73.0 83.0
obstacle
0.0250162556767
399.0 0.0 85.0 52.0
obstacle
0.0250063985586
416.0 150.0 54.0 18.0
obstacle
0.0249974858016
269.0 178.0 37.0 17.0
obstacle
0.0248600821942
248.0 47.0 82.0 105.0
obstacle
0.0248590894043
0.0 145.0 196.0 142.0
obstacle
0.0248064491898
180.0 199.0 67.0 88.0
obstacle
0.0248062908649
85.0 300.0 22.0 61.0
obstacle
0.0247984342277
379.0 266.0 51.0 17.0
obstacle
0.0246485937387
384.0 324.0 116.0 50.0
obstacle
0.0246442779899
358.0 121.0 88.0 77.0
obstacle
0.0245949439704
220.0 29.0 280.0 144.0
obstacle
0.0244810562581
20.0 0.0 72.0 63.0
obstacle
0.0244157742709
134.0 201.0 79.0 87.0
obstacle
0.0243787951767
253.0 87.0 73.0 87.0
obstacle
0.0241476316005
189.0 295.0 45.0 16.0
obstacle
0.0241380147636
293.0 213.0 72.0 63.0
obstacle
0.0239650905132
95.0 0.0 75.0 89.0
obstacle
0.0239550825208
349.0 326.0 30.0 12.0
obstacle
0.0238203853369
179.0 17.0 64.0 111.0
obstacle
0.0238100793213
223.0 306.0 64.0 50.0
obstacle
0.0237404890358
462.0 233.0 38.0 17.0
obstacle
0.0235856194049
173.0 0.0 75.0 86.0
obstacle
0.0235449057072
354.0 276.0 18.0 57.0
obstacle
0.0235230363905
109.0 266.0 50.0 17.0
obstacle
0.0234915949404
448.0 261.0 52.0 83.0
obstacle
0.0234645511955
201.0 244.0 19.0 62.0
obstacle
0.0234408285469
277.0 327.0 29.0 10.0
obstacle
0.0233205687255
113.0 331.0 121.0 43.0
obstacle
0.0229970123619
34.0 294.0 48.0 16.0
obstacle
0.0229847673327
10.0 148.0 99.0 76.0
obstacle
0.0229568909854
0.0 142.0 52.0 88.0
obstacle
0.0228539071977
71.0 294.0 50.0 16.0
obstacle
0.0228133872151
96.0 182.0 84.0 64.0
obstacle
0.0226885918528
456.0 152.0 44.0 15.0
obstacle
0.0226790551096
342.0 154.0 48.0 14.0
obstacle
0.0226589497179
415.0 321.0 54.0 20.0
obstacle
0.0224972199649
239.0 127.0 20.0 60.0
obstacle
0.0224723592401
350.0 208.0 32.0 13.0
obstacle
0.0224408097565
151.0 0.0 349.0 108.0
obstacle
0.0223900675774
0.0 0.0 294.0 124.0
obstacle
0.0223537851125
378.0 151.0 50.0 16.0
obstacle
0.0223419014364
226.0 150.0 49.0 17.0
obstacle
0.0222917608917
56.0 27.0 80.0 90.0
obstacle
0.022285617888
19.0 37.0 77.0 70.0
obstacle
0.022145152092
191.0 323.0 41.0 16.0
obstacle
0.0219419915229
297.0 183.0 61.0 59.0
obstacle
0.0218673460186
162.0 305.0 21.0 51.0
obstacle
0.0217667613178
36.0 266.0 44.0 15.0
obstacle
0.0217609349638
248.0 3.0 78.0 77.0
obstacle
0.021736593917
8.0 276.0 15.0 56.0
obstacle
0.021634330973
239.0 242.0 18.0 65.0
obstacle
0.0216060653329
347.0 267.0 38.0 14.0
obstacle
0.0214588437229
0.0 41.0 273.0 118.0
obstacle
0.02139146626
348.0 299.0 35.0 12.0
obstacle
0.021121468395
395.0 164.0 16.0 48.0
obstacle
0.0210810992867
201.0 164.0 20.0 45.0
obstacle
0.0210363343358
446.0 46.0 54.0 110.0
obstacle
0.0210085716099
215.0 88.0 76.0 89.0
obstacle
0.0209541190416
472.0 128.0 19.0 62.0
obstacle
0.0209401641041
211.0 1.0 75.0 81.0
obstacle
0.0209312718362
9.0 246.0 14.0 58.0
obstacle
0.0207078829408
8.0 133.0 14.0 50.0
obstacle
0.0205942150205
150.0 266.0 44.0 16.0
obstacle
0.0202661436051
406.0 260.0 72.0 86.0
obstacle
0.0202393066138
204.0 337.0 100.0 37.0
obstacle
0.0201234389096
285.0 3.0 82.0 78.0
obstacle
0.0199990663677
228.0 179.0 42.0 15.0
obstacle
0.0199033468962
380.0 295.0 47.0 16.0
obstacle
0.0198638495058
113.0 322.0 46.0 18.0
obstacle
0.0196770187467
292.0 0.0 208.0 81.0
obstacle
0.0196476932615
125.0 294.0 22.0 16.0
obstacle
0.0195817016065
444.0 287.0 56.0 87.0
obstacle
0.0195676404983
86.0 0.0 328.0 79.0
obstacle
0.0195605270565
152.0 323.0 45.0 16.0
obstacle
0.0194116160274
0.0 0.0 51.0 62.0
obstacle
0.0192363429815
412.0 263.0 63.0 18.0
obstacle
0.0191807243973
74.0 266.0 45.0 16.0
obstacle
0.0191224776208
0.0 149.0 40.0 15.0
obstacle
0.0188475511968
47.0 294.0 23.0 16.0
obstacle
0.0186433698982
324.0 24.0 81.0 94.0
obstacle
0.0185723621398
102.0 0.0 294.0 149.0
obstacle
0.0185655485839
125.0 265.0 21.0 16.0
obstacle
0.018476234749
218.0 203.0 68.0 79.0
obstacle
0.018324855715
275.0 299.0 28.0 11.0
obstacle
0.0183120127767
345.0 236.0 42.0 15.0
obstacle
0.0182678308338
310.0 351.0 32.0 15.0
obstacle
0.018198158592
278.0 340.0 18.0 34.0
obstacle
0.0180885847658
470.0 206.0 20.0 16.0
obstacle
0.0180606078357
358.0 0.0 90.0 52.0
obstacle
0.0179602000862
0.0 266.0 42.0 18.0
obstacle
0.017915436998
430.0 99.0 22.0 63.0
obstacle
0.0179133843631
316.0 132.0 19.0 51.0
obstacle
0.017887711525
327.0 60.0 173.0 140.0
obstacle
0.0178343821317
164.0 294.0 21.0 16.0
obstacle
0.0177081096917
8.0 340.0 15.0 34.0
obstacle
0.0176654886454
324.0 2.0 79.0 79.0
obstacle
0.0176372900605
202.0 130.0 17.0 55.0
obstacle
0.0175413675606
0.0 296.0 42.0 16.0
obstacle
0.0175244323909
264.0 282.0 57.0 43.0
obstacle
0.0174543857574
393.0 130.0 17.0 57.0
obstacle
0.0174109619111
34.0 122.0 47.0 15.0
obstacle
0.0173910465091
35.0 149.0 44.0 16.0
obstacle
0.017365610227
313.0 301.0 28.0 11.0
obstacle
0.0172189641744
279.0 150.0 18.0 15.0
obstacle
0.0171734634787
87.0 132.0 18.0 51.0
obstacle
0.0170902628452
0.0 20.0 149.0 105.0
obstacle
0.017028292641
416.0 121.0 53.0 18.0
obstacle
0.016971051693
251.0 211.0 76.0 64.0
obstacle
0.0169501658529
76.0 151.0 44.0 14.0
obstacle
0.0168342199177
433.0 217.0 18.0 51.0
obstacle
0.0167034156621
0.0 93.0 41.0 15.0
obstacle
0.0166551526636
93.0 28.0 85.0 88.0
obstacle
0.0166317839175
306.0 236.0 40.0 16.0
obstacle
0.0166150387377
125.0 99.0 19.0 58.0
obstacle
0.0164754390717
0.0 125.0 38.0 13.0
obstacle
0.0164405219257
474.0 220.0 17.0 46.0
obstacle
0.0164205376059
85.0 294.0 25.0 16.0
obstacle
0.0163948684931
280.0 252.0 16.0 47.0
obstacle
0.0163170285523
46.0 131.0 20.0 53.0
obstacle
0.0162876788527
230.0 268.0 39.0 14.0
obstacle
0.0162345115095
390.0 322.0 27.0 15.0
obstacle
0.0161074623466
189.0 266.0 45.0 16.0
obstacle
0.0159701090306
86.0 102.0 19.0 54.0
obstacle
0.0159504432231
136.0 181.0 305.0 129.0
obstacle
0.0158701203763
460.0 263.0 40.0 17.0
obstacle
0.0158100631088
77.0 322.0 41.0 16.0
obstacle
0.0158096272498
37.0 92.0 43.0 16.0
obstacle
0.0157805029303
394.0 243.0 18.0 61.0
obstacle
0.015734616667
385.0 235.0 37.0 14.0
