obstacle
0.787887096405
132.0 158.0 368.0 121.0
obstacle
0.377498656511
164.0 124.0 19.0 24.0
obstacle
0.354072093964
397.0 79.0 92.0 30.0
obstacle
0.277389734983
207.0 101.0 85.0 29.0
obstacle
0.259370863438
399.0 60.0 96.0 38.0
obstacle
0.244982734323
161.0 112.0 20.0 20.0
obstacle
0.242173999548
432.0 69.0 68.0 50.0
obstacle
0.234889030457
251.0 99.0 65.0 33.0
obstacle
0.218544781208
151.0 121.0 45.0 26.0
obstacle
0.197934672236
37.0 137.0 351.0 131.0
obstacle
0.178082719445
143.0 111.0 53.0 27.0
obstacle
0.176364153624
165.0 130.0 17.0 9.0
obstacle
0.161224141717
449.0 166.0 51.0 71.0
obstacle
0.158080950379
244.0 82.0 87.0 35.0
obstacle
0.151548057795
172.0 104.0 66.0 33.0
obstacle
0.148579522967
100.0 112.0 83.0 23.0
obstacle
0.145997658372
149.0 123.0 282.0 122.0
obstacle
0.145976737142
342.0 69.0 158.0 54.0
obstacle
0.144906625152
142.0 135.0 69.0 44.0
obstacle
0.13890825212
166.0 117.0 13.0 11.0
obstacle
0.133071020246
220.0 111.0 55.0 53.0
obstacle
0.127516806126
300.0 141.0 200.0 126.0
obstacle
0.120882503688
108.0 119.0 71.0 35.0
obstacle
0.117420054972
168.0 143.0 81.0 35.0
obstacle
0.113004378974
88.0 119.0 243.0 86.0
obstacle
0.105762839317
380.0 75.0 68.0 38.0
obstacle
0.104635380208
171.0 121.0 59.0 34.0
obstacle
0.102991372347
206.0 83.0 89.0 30.0
obstacle
0.100878216326
414.0 156.0 61.0 56.0
obstacle
0.0930979028344
272.0 73.0 105.0 49.0
obstacle
0.0893942415714
92.0 139.0 89.0 39.0
obstacle
0.0858322903514
267.0 111.0 41.0 10.0
obstacle
0.0786629244685
460.0 68.0 40.0 14.0
obstacle
0.0784534141421
54.0 102.0 92.0 33.0
obstacle
0.0784381553531
236.0 113.0 31.0 9.0
obstacle
0.0779685229063
55.0 119.0 89.0 37.0
obstacle
0.0771688222885
221.0 135.0 57.0 52.0
obstacle
0.0747978314757
251.0 133.0 77.0 55.0
obstacle
0.0747942849994
251.0 111.0 67.0 53.0
obstacle
0.0744960606098
410.0 171.0 72.0 60.0
obstacle
0.0732913911343
461.0 176.0 39.0 12.0
obstacle
0.0717776939273
315.0 182.0 22.0 46.0
obstacle
0.0715076327324
320.0 252.0 85.0 27.0
obstacle
0.0707841664553
59.0 158.0 79.0 44.0
obstacle
0.0690128356218
7.0 120.0 257.0 126.0
obstacle
0.0681340545416
290.0 136.0 76.0 53.0
obstacle
0.0672984868288
459.0 197.0 41.0 11.0
obstacle
0.0671025067568
145.0 158.0 61.0 47.0
obstacle
0.0660341531038
52.0 136.0 95.0 46.0
obstacle
0.0655861645937
266.0 255.0 121.0 24.0
obstacle
0.0639789402485
454.0 88.0 46.0 15.0
obstacle
0.0628051459789
367.0 42.0 133.0 69.0
obstacle
0.0577961094677
177.0 156.0 67.0 51.0
obstacle
0.0565241426229
422.0 68.0 38.0 15.0
obstacle
0.0563857965171
258.0 156.0 63.0 50.0
obstacle
0.0556488260627
270.0 93.0 34.0 11.0
obstacle
0.0550007335842
473.0 187.0 19.0 32.0
obstacle
0.0545195676386
332.0 229.0 56.0 30.0
obstacle
0.0543231144547
420.0 88.0 42.0 14.0
obstacle
0.0543153621256
192.0 68.0 268.0 100.0
obstacle
0.0543135367334
474.0 167.0 18.0 33.0
obstacle
0.0541707724333
279.0 233.0 86.0 22.0
obstacle
0.0539295859635
405.0 95.0 81.0 38.0
obstacle
0.0537516623735
177.0 81.0 69.0 37.0
obstacle
0.0530816465616
12.0 117.0 96.0 43.0
obstacle
0.0509149990976
326.0 178.0 78.0 48.0
obstacle
0.0508847534657
148.0 179.0 55.0 51.0
obstacle
0.0507158562541
291.0 179.0 72.0 51.0
obstacle
0.0498360320926
373.0 129.0 64.0 65.0
obstacle
0.049789622426
280.0 90.0 86.0 52.0
obstacle
0.0497455075383
128.0 101.0 240.0 77.0
obstacle
0.0496714562178
0.0 75.0 218.0 90.0
obstacle
0.0494620092213
288.0 212.0 75.0 29.0
obstacle
0.0489833131433
276.0 181.0 22.0 46.0
obstacle
0.0480976551771
216.0 182.0 70.0 43.0
obstacle
0.0474294312298
10.0 138.0 98.0 44.0
obstacle
0.0471096076071
109.0 79.0 206.0 80.0
obstacle
0.0470176301897
103.0 215.0 375.0 59.0
obstacle
0.0467072539032
182.0 180.0 62.0 47.0
obstacle
0.046705506742
317.0 208.0 21.0 38.0
obstacle
0.046683318913
196.0 154.0 32.0 12.0
obstacle
0.0465110838413
99.0 156.0 73.0 51.0
obstacle
0.0464759357274
134.0 204.0 80.0 39.0
obstacle
0.0464156195521
378.0 56.0 64.0 41.0
obstacle
0.0460655279458
245.0 229.0 83.0 26.0
obstacle
0.0452860109508
220.0 156.0 61.0 50.0
obstacle
0.0450938493013
256.0 213.0 64.0 27.0
obstacle
0.045091740787
239.0 178.0 23.0 51.0
obstacle
0.0448840335011
327.0 209.0 76.0 33.0
obstacle
0.0443533435464
472.0 61.0 18.0 28.0
obstacle
0.0442402847111
204.0 143.0 16.0 35.0
obstacle
0.0440164580941
355.0 183.0 23.0 44.0
obstacle
0.0436041839421
296.0 156.0 61.0 50.0
obstacle
0.043071102351
80.0 113.0 31.0 11.0
obstacle
0.0419917367399
327.0 72.0 78.0 50.0
obstacle
0.0415453016758
279.0 105.0 16.0 24.0
obstacle
0.0412580482662
472.0 77.0 20.0 36.0
obstacle
0.0412360429764
443.0 86.0 57.0 59.0
obstacle
0.0412191785872
54.0 237.0 84.0 42.0
obstacle
0.0411351472139
264.0 61.0 236.0 73.0
obstacle
0.0411112084985
254.0 182.0 69.0 45.0
obstacle
0.0410083532333
362.0 198.0 76.0 49.0
obstacle
0.0406173951924
444.0 24.0 56.0 62.0
obstacle
0.0403663888574
201.0 114.0 17.0 10.0
obstacle
0.0395416840911
324.0 95.0 176.0 132.0
obstacle
0.0394992232323
163.0 143.0 18.0 31.0
obstacle
0.03890356794
59.0 181.0 72.0 45.0
obstacle
0.0382825322449
201.0 182.0 20.0 43.0
obstacle
0.0382518544793
235.0 94.0 30.0 9.0
obstacle
0.0381851755083
401.0 113.0 85.0 54.0
obstacle
0.0373017974198
129.0 110.0 14.0 19.0
obstacle
0.036825850606
278.0 209.0 22.0 34.0
obstacle
0.0363527983427
200.0 154.0 22.0 56.0
obstacle
0.0352744050324
3.0 197.0 264.0 82.0
obstacle
0.0352407284081
0.0 229.0 63.0 50.0
obstacle
0.035044092685
239.0 210.0 23.0 32.0
obstacle
0.0350157320499
362.0 1.0 84.0 61.0
obstacle
0.0346866734326
433.0 61.0 17.0 31.0
obstacle
0.0345339588821
442.0 104.0 58.0 71.0
obstacle
0.0345275513828
403.0 25.0 83.0 57.0
obstacle
0.0343914180994
378.0 148.0 52.0 67.0
obstacle
0.0343381240964
404.0 124.0 77.0 75.0
obstacle
0.034311786294
358.0 208.0 17.0 37.0
obstacle
0.0338934063911
396.0 206.0 20.0 37.0
obstacle
0.0338662788272
159.0 152.0 26.0 13.0
obstacle
0.0338636338711
278.0 140.0 20.0 42.0
obstacle
0.0338433496654
125.0 115.0 23.0 10.0
obstacle
0.0337429456413
398.0 0.0 86.0 64.0
obstacle
0.0336048677564
434.0 81.0 19.0 31.0
obstacle
0.0332535877824
331.0 138.0 69.0 50.0
obstacle
0.0331877395511
212.0 213.0 78.0 27.0
obstacle
0.0330986306071
343.0 62.0 157.0 109.0
obstacle
0.0330658070743
90.0 0.0 87.0 46.0
obstacle
0.0328116975725
40.0 108.0 267.0 65.0
obstacle
0.03278882429
243.0 110.0 14.0 20.0
obstacle
0.0327760241926
140.0 84.0 62.0 33.0
obstacle
0.0326999202371
238.0 161.0 23.0 43.0
obstacle
0.0318413227797
433.0 189.0 17.0 28.0
obstacle
0.0317174047232
388.0 251.0 110.0 28.0
obstacle
0.0316230878234
278.0 159.0 21.0 47.0
obstacle
0.0314738489687
173.0 208.0 82.0 32.0
obstacle
0.0314172469079
390.0 89.0 32.0 11.0
obstacle
0.0312611311674
165.0 156.0 21.0 50.0
obstacle
0.031071184203
74.0 234.0 122.0 45.0
obstacle
0.030616203323
303.0 111.0 51.0 56.0
obstacle
0.0304164290428
300.0 91.0 49.0 12.0
obstacle
0.0301776248962
106.0 193.0 62.0 61.0
obstacle
0.0301550477743
94.0 51.0 81.0 48.0
obstacle
0.0297437645495
107.0 178.0 60.0 50.0
obstacle
0.0296439956874
198.0 93.0 26.0 11.0
obstacle
0.0295999608934
0.0 107.0 55.0 66.0
obstacle
0.0295560453087
288.0 14.0 74.0 78.0
obstacle
0.029502728954
450.0 126.0 50.0 70.0
obstacle
0.0293453130871
319.0 0.0 92.0 43.0
obstacle
0.0292566902936
16.0 95.0 88.0 44.0
obstacle
0.0289871487767
408.0 198.0 70.0 50.0
obstacle
0.0288058295846
228.0 0.0 272.0 110.0
obstacle
0.028761131689
329.0 18.0 73.0 71.0
obstacle
0.0286386217922
9.0 16.0 328.0 120.0
obstacle
0.0286001656204
368.0 22.0 75.0 61.0
obstacle
0.0285505522043
68.0 206.0 59.0 73.0
obstacle
0.0282416250557
190.0 177.0 42.0 10.0
obstacle
0.0281992834061
471.0 32.0 18.0 43.0
obstacle
0.0279794372618
126.0 132.0 22.0 10.0
obstacle
0.0278231017292
335.0 152.0 60.0 59.0
obstacle
0.0274716187268
228.0 176.0 40.0 11.0
obstacle
0.0272491872311
209.0 52.0 82.0 47.0
obstacle
0.0271180532873
0.0 0.0 292.0 58.0
obstacle
0.0270515140146
0.0 146.0 53.0 73.0
obstacle
0.0270127803087
78.0 174.0 36.0 13.0
obstacle
0.0268207080662
88.0 105.0 17.0 25.0
obstacle
0.0267280228436
162.0 183.0 20.0 40.0
obstacle
0.0266942977905
24.0 186.0 69.0 78.0
obstacle
0.0265765450895
228.0 154.0 43.0 12.0
obstacle
0.0265529211611
19.0 155.0 79.0 53.0
obstacle
0.0264300089329
459.0 48.0 41.0 12.0
obstacle
0.026339976117
52.0 0.0 86.0 40.0
obstacle
0.0261560454965
57.0 195.0 79.0 59.0
obstacle
0.0260583069175
162.0 95.0 25.0 10.0
obstacle
0.0257727578282
310.0 155.0 38.0 12.0
obstacle
0.0257332585752
99.0 77.0 73.0 42.0
obstacle
0.0257092695683
247.0 18.0 84.0 71.0
obstacle
0.0256358534098
230.0 133.0 40.0 11.0
obstacle
0.025613155216
342.0 199.0 45.0 10.0
obstacle
0.0254071354866
14.0 0.0 88.0 44.0
obstacle
0.0251768846065
242.0 128.0 15.0 25.0
obstacle
0.0250321868807
407.0 224.0 71.0 40.0
obstacle
0.0250092614442
305.0 200.0 38.0 11.0
obstacle
0.0249866936356
125.0 62.0 253.0 73.0
obstacle
0.0249122325331
424.0 178.0 36.0 10.0
obstacle
0.0248510576785
282.0 0.0 88.0 42.0
obstacle
0.0247925054282
380.0 219.0 42.0 13.0
obstacle
0.024779940024
54.0 73.0 87.0 48.0
obstacle
0.0247551687062
432.0 33.0 18.0 41.0
obstacle
0.0246984697878
203.0 129.0 14.0 19.0
obstacle
0.0246734563261
373.0 221.0 53.0 46.0
obstacle
0.0245392937213
129.0 129.0 13.0 18.0
obstacle
0.0241380631924
137.0 0.0 303.0 59.0
obstacle
0.0239837411791
221.0 230.0 62.0 25.0
obstacle
0.0239594951272
0.0 114.0 198.0 95.0
obstacle
0.0239000990987
177.0 51.0 68.0 49.0
obstacle
0.023829869926
139.0 23.0 66.0 60.0
obstacle
0.0237809158862
262.0 155.0 55.0 11.0
obstacle
0.0237329583615
237.0 0.0 100.0 43.0
obstacle
0.0233177859336
18.0 172.0 81.0 62.0
obstacle
0.0232299920171
130.0 52.0 85.0 48.0
obstacle
0.0232211183757
132.0 0.0 81.0 42.0
obstacle
0.0231906343251
202.0 0.0 95.0 45.0
obstacle
0.0230797827244
155.0 173.0 36.0 14.0
obstacle
0.0229106135666
432.0 169.0 16.0 29.0
obstacle
0.0228804890066
19.0 234.0 77.0 45.0
obstacle
0.0228688120842
238.0 230.0 249.0 49.0
obstacle
0.0228118598461
193.0 199.0 35.0 10.0
obstacle
0.0228102318943
39.0 112.0 37.0 11.0
obstacle
0.0224879700691
248.0 44.0 80.0 63.0
obstacle
0.0224217735231
447.0 0.0 53.0 68.0
obstacle
0.0219756457955
422.0 49.0 42.0 11.0
obstacle
0.021629171446
200.0 80.0 14.0 34.0
obstacle
0.0211962275207
421.0 197.0 45.0 12.0
obstacle
0.0211801100522
287.0 0.0 213.0 61.0
obstacle
0.0209671612829
331.0 86.0 69.0 61.0
obstacle
0.020827036351
165.0 0.0 92.0 41.0
obstacle
0.0208187419921
316.0 163.0 23.0 39.0
obstacle
0.0208170320839
436.0 238.0 64.0 41.0
obstacle
0.0207821168005
375.0 171.0 58.0 63.0
obstacle
0.0205932166427
388.0 155.0 34.0 12.0
obstacle
0.0205039922148
37.0 132.0 41.0 12.0
obstacle
0.0204895865172
120.0 93.0 29.0 9.0
obstacle
0.0203042607754
212.0 24.0 79.0 59.0
obstacle
0.0201754700392
315.0 79.0 19.0 36.0
obstacle
0.0201335959136
305.0 112.0 43.0 10.0
obstacle
0.0200527925044
164.0 84.0 14.0 29.0
obstacle
0.019967937842
163.0 57.0 17.0 38.0
obstacle
0.0199578013271
310.0 222.0 34.0 11.0
obstacle
0.0198478642851
149.0 26.0 279.0 100.0
obstacle
0.0198264773935
17.0 65.0 83.0 64.0
obstacle
0.0196188129485
459.0 219.0 41.0 12.0
obstacle
0.0195790473372
0.0 10.0 50.0 89.0
obstacle
0.0195155180991
308.0 201.0 192.0 78.0
obstacle
0.0192469377071
318.0 142.0 17.0 38.0
obstacle
0.0190845131874
359.0 232.0 15.0 27.0
obstacle
0.0189202409238
0.0 58.0 51.0 79.0
obstacle
0.0187895223498
319.0 254.0 18.0 25.0
obstacle
0.0187155641615
229.0 199.0 38.0 11.0
obstacle
0.0186857003719
182.0 18.0 60.0 70.0
obstacle
0.0186200942844
58.0 25.0 79.0 57.0
obstacle
0.0186094939709
397.0 186.0 16.0 34.0
obstacle
0.0185559783131
241.0 142.0 18.0 39.0
obstacle
0.0185502395034
272.0 222.0 32.0 11.0
obstacle
0.0185123831034
278.0 83.0 17.0 27.0
obstacle
0.0185086298734
0.0 181.0 52.0 89.0
obstacle
0.0182912889868
329.0 45.0 75.0 60.0
obstacle
0.0182828716934
128.0 184.0 18.0 38.0
obstacle
0.018244754523
0.0 0.0 59.0 47.0
obstacle
0.0181737113744
118.0 247.0 115.0 32.0
obstacle
0.0176497735083
392.0 37.0 20.0 33.0
obstacle
0.0176261272281
125.0 147.0 18.0 24.0
obstacle
0.0175829809159
203.0 210.0 19.0 30.0
obstacle
0.0175485685468
153.0 70.0 38.0 13.0
obstacle
0.0175073612481
83.0 131.0 27.0 10.0
obstacle
0.0174665823579
165.0 211.0 18.0 27.0
obstacle
0.0174517147243
230.0 70.0 38.0 12.0
obstacle
0.0173833873123
241.0 84.0 14.0 27.0
obstacle
0.0173705033958
435.0 206.0 18.0 38.0
obstacle
0.0173442233354
384.0 48.0 40.0 12.0
obstacle
0.0173421725631
273.0 133.0 34.0 11.0
obstacle
0.0172518417239
89.0 127.0 14.0 22.0
obstacle
0.0172382593155
85.0 251.0 18.0 28.0
obstacle
0.0170874744654
357.0 164.0 17.0 39.0
obstacle
0.0170754306018
365.0 89.0 85.0 52.0
obstacle
0.0169872902334
236.0 221.0 31.0 11.0
obstacle
0.0169079285115
137.0 220.0 76.0 49.0
obstacle
0.0168544221669
348.0 222.0 35.0 12.0
obstacle
0.0168269667774
126.0 82.0 14.0 30.0
obstacle
0.016810728237
78.0 154.0 35.0 11.0
obstacle
0.0167306549847
156.0 200.0 33.0 10.0
obstacle
0.0167175140232
399.0 86.0 15.0 20.0
obstacle
0.0165346115828
17.0 20.0 83.0 67.0
obstacle
0.0165234077722
316.0 101.0 16.0 34.0
obstacle
0.016501635313
432.0 141.0 17.0 41.0
obstacle
0.0164740849286
391.0 12.0 20.0 41.0
obstacle
0.0164668224752
475.0 206.0 16.0 36.0
obstacle
0.0164186544716
350.0 92.0 33.0 10.0
obstacle
0.0162051841617
127.0 226.0 16.0 42.0
obstacle
0.016185335815
157.0 219.0 32.0 12.0
obstacle
0.0161801930517
458.0 111.0 42.0 12.0
obstacle
0.0161210931838
266.0 200.0 40.0 10.0
obstacle
0.0160091482103
87.0 167.0 16.0 27.0
obstacle
0.0160036124289
269.0 178.0 38.0 9.0
obstacle
0.015989208594
114.0 153.0 37.0 10.0
obstacle
0.0157307982445
420.0 131.0 46.0 17.0
obstacle
0.015729399398
119.0 199.0 34.0 10.0
obstacle
0.0156704895198
379.0 25.0 47.0 14.0
obstacle
0.0155957862735
354.0 244.0 94.0 35.0
obstacle
0.0155793409795
198.0 219.0 26.0 12.0
obstacle
0.0154804568738
89.0 79.0 14.0 34.0
obstacle
0.0153459459543
93.0 24.0 81.0 59.0
obstacle
0.0152797671035
458.0 131.0 42.0 14.0
obstacle
0.0152581585571
279.0 122.0 16.0 37.0
obstacle
0.0151988202706
308.0 177.0 37.0 11.0
