obstacle
0.841985464096
0.0 169.0 285.0 84.0
obstacle
0.283280402422
168.0 98.0 82.0 36.0
obstacle
0.251405924559
368.0 130.0 78.0 25.0
obstacle
0.238052979112
192.0 109.0 39.0 14.0
obstacle
0.186643019319
384.0 128.0 101.0 26.0
obstacle
0.176682651043
88.0 161.0 228.0 76.0
obstacle
0.169533446431
142.0 97.0 73.0 38.0
obstacle
0.165699496865
63.0 148.0 70.0 37.0
obstacle
0.14783243835
0.0 164.0 58.0 56.0
obstacle
0.137889400125
0.0 127.0 244.0 90.0
obstacle
0.134440019727
200.0 99.0 17.0 31.0
obstacle
0.132978051901
25.0 150.0 65.0 38.0
obstacle
0.129591092467
387.0 137.0 32.0 12.0
obstacle
0.128162011504
102.0 143.0 60.0 43.0
obstacle
0.126136735082
54.0 125.0 84.0 43.0
obstacle
0.110078029335
104.0 127.0 55.0 42.0
obstacle
0.109254792333
195.0 93.0 96.0 45.0
obstacle
0.101296983659
0.0 143.0 65.0 48.0
obstacle
0.0958156883717
119.0 155.0 34.0 14.0
obstacle
0.0909398421645
129.0 152.0 14.0 25.0
obstacle
0.0884962901473
64.0 63.0 293.0 107.0
obstacle
0.0841277018189
24.0 195.0 76.0 38.0
obstacle
0.0823763310909
125.0 185.0 86.0 56.0
obstacle
0.0776319056749
386.0 103.0 106.0 32.0
obstacle
0.077622205019
15.0 165.0 89.0 55.0
obstacle
0.0769101083279
82.0 159.0 28.0 11.0
obstacle
0.0752572417259
144.0 116.0 53.0 54.0
obstacle
0.0736156255007
0.0 187.0 53.0 56.0
obstacle
0.0732692107558
154.0 175.0 102.0 52.0
obstacle
0.0701039582491
77.0 196.0 118.0 37.0
obstacle
0.068572729826
180.0 113.0 61.0 51.0
obstacle
0.0668068602681
0.0 184.0 345.0 104.0
obstacle
0.0657516494393
43.0 194.0 114.0 38.0
obstacle
0.0631294846535
366.0 146.0 79.0 35.0
obstacle
0.0620912797749
335.0 124.0 70.0 35.0
obstacle
0.0614076852798
231.0 110.0 37.0 14.0
obstacle
0.0602563880384
92.0 156.0 12.0 21.0
obstacle
0.0587823614478
355.0 102.0 100.0 32.0
obstacle
0.0587302446365
440.0 117.0 60.0 44.0
obstacle
0.0577141009271
121.0 139.0 24.0 10.0
obstacle
0.0551721118391
0.0 109.0 50.0 70.0
obstacle
0.054210446775
443.0 92.0 57.0 48.0
obstacle
0.053651407361
394.0 61.0 94.0 58.0
obstacle
0.0530580021441
85.0 135.0 25.0 14.0
obstacle
0.0520270243287
126.0 128.0 13.0 28.0
obstacle
0.0515870451927
91.0 91.0 89.0 51.0
obstacle
0.0511605590582
10.0 120.0 97.0 50.0
obstacle
0.0490738488734
403.0 147.0 76.0 32.0
obstacle
0.0486003272235
174.0 57.0 74.0 73.0
obstacle
0.0472496636212
395.0 129.0 16.0 25.0
obstacle
0.0464615002275
203.0 120.0 16.0 39.0
obstacle
0.0463079661131
117.0 109.0 39.0 14.0
obstacle
0.045863263309
159.0 110.0 35.0 12.0
obstacle
0.0424321331084
39.0 109.0 342.0 119.0
obstacle
0.0419200770557
422.0 134.0 38.0 13.0
obstacle
0.0417029261589
86.0 125.0 15.0 33.0
obstacle
0.0410400405526
193.0 132.0 35.0 13.0
obstacle
0.0403992831707
203.0 53.0 85.0 79.0
obstacle
0.0402492545545
125.0 93.0 19.0 46.0
obstacle
0.0398667231202
81.0 168.0 326.0 92.0
obstacle
0.0385882779956
144.0 147.0 47.0 41.0
obstacle
0.0382739752531
9.0 86.0 96.0 60.0
obstacle
0.0382639467716
238.0 91.0 100.0 52.0
obstacle
0.0375151596963
402.0 33.0 80.0 62.0
obstacle
0.0374120101333
0.0 24.0 308.0 132.0
obstacle
0.0365641713142
466.0 111.0 32.0 12.0
obstacle
0.0364600494504
390.0 112.0 30.0 13.0
obstacle
0.0364326424897
131.0 55.0 81.0 73.0
obstacle
0.0364010855556
352.0 168.0 106.0 47.0
obstacle
0.0362607315183
209.0 186.0 66.0 58.0
obstacle
0.0362193323672
16.0 0.0 82.0 39.0
obstacle
0.0361371152103
319.0 95.0 97.0 40.0
obstacle
0.0355899743736
278.0 97.0 222.0 87.0
obstacle
0.0354063622653
445.0 26.0 55.0 74.0
obstacle
0.0353059507906
442.0 141.0 58.0 46.0
obstacle
0.0351743474603
155.0 134.0 32.0 11.0
obstacle
0.0350631177425
155.0 159.0 32.0 13.0
obstacle
0.0343182310462
434.0 59.0 66.0 60.0
obstacle
0.0342961996794
168.0 179.0 14.0 27.0
obstacle
0.0342319272459
12.0 52.0 89.0 76.0
obstacle
0.034058380872
402.0 0.0 80.0 43.0
obstacle
0.0337539687753
55.0 0.0 84.0 45.0
obstacle
0.0336829721928
210.0 27.0 78.0 75.0
obstacle
0.0335256643593
89.0 53.0 85.0 76.0
obstacle
0.0333173498511
200.0 68.0 20.0 47.0
obstacle
0.0327191986144
0.0 185.0 39.0 12.0
obstacle
0.0325708650053
240.0 98.0 20.0 34.0
obstacle
0.0325658433139
463.0 134.0 36.0 13.0
obstacle
0.0325332097709
323.0 143.0 88.0 43.0
obstacle
0.0324720367789
191.0 87.0 41.0 12.0
obstacle
0.0322845652699
0.0 75.0 53.0 81.0
obstacle
0.0320246443152
165.0 153.0 11.0 29.0
obstacle
0.0319606475532
427.0 112.0 34.0 12.0
obstacle
0.0315376259387
44.0 137.0 26.0 10.0
obstacle
0.0315337814391
95.0 22.0 76.0 86.0
obstacle
0.031187992543
270.0 109.0 38.0 15.0
obstacle
0.0311598069966
0.0 0.0 56.0 44.0
obstacle
0.031133659184
44.0 161.0 29.0 10.0
obstacle
0.030946072191
88.0 0.0 93.0 43.0
obstacle
0.0307572092861
164.0 129.0 14.0 27.0
obstacle
0.0301419906318
194.0 159.0 35.0 12.0
obstacle
0.029812913388
281.0 91.0 91.0 52.0
obstacle
0.0295108221471
423.0 289.0 77.0 44.0
obstacle
0.029506329447
440.0 0.0 60.0 43.0
obstacle
0.0294805541635
78.0 224.0 115.0 31.0
obstacle
0.0293296072632
285.0 31.0 215.0 119.0
obstacle
0.0290935412049
136.0 176.0 76.0 44.0
obstacle
0.0284654125571
3.0 159.0 33.0 11.0
obstacle
0.028408838436
207.0 115.0 81.0 50.0
obstacle
0.0283286105841
54.0 50.0 81.0 80.0
obstacle
0.0282705854625
204.0 143.0 13.0 47.0
obstacle
0.0282260142267
243.0 53.0 85.0 76.0
obstacle
0.027818351984
165.0 184.0 322.0 118.0
obstacle
0.0277546886355
83.0 109.0 31.0 12.0
obstacle
0.0276530962437
324.0 58.0 79.0 66.0
obstacle
0.0272011328489
239.0 64.0 19.0 54.0
obstacle
0.0271400231868
0.0 214.0 51.0 55.0
obstacle
0.0271364785731
359.0 60.0 88.0 61.0
obstacle
0.0269608292729
132.0 22.0 81.0 85.0
obstacle
0.0269080866128
180.0 150.0 61.0 35.0
obstacle
0.0268600787967
249.0 0.0 78.0 44.0
obstacle
0.0267532244325
173.0 24.0 75.0 82.0
obstacle
0.0267340578139
396.0 171.0 94.0 40.0
obstacle
0.0266329795122
444.0 161.0 56.0 61.0
obstacle
0.0265564527363
284.0 188.0 86.0 58.0
obstacle
0.0265068598092
40.0 109.0 37.0 14.0
obstacle
0.0264944136143
249.0 111.0 77.0 60.0
obstacle
0.0263884626329
420.0 82.0 44.0 17.0
obstacle
0.0263046901673
129.0 76.0 316.0 129.0
obstacle
0.0260360427201
124.0 27.0 328.0 126.0
obstacle
0.0256192944944
289.0 114.0 72.0 54.0
obstacle
0.0255459453911
285.0 27.0 83.0 77.0
obstacle
0.0254727713764
286.0 141.0 83.0 52.0
obstacle
0.0254250038415
201.0 108.0 20.0 13.0
obstacle
0.0253252014518
279.0 212.0 95.0 63.0
obstacle
0.0251252278686
48.0 94.0 16.0 44.0
obstacle
0.0250766165555
162.0 65.0 20.0 52.0
obstacle
0.0250465162098
344.0 67.0 156.0 99.0
obstacle
0.0249271541834
161.0 242.0 96.0 50.0
obstacle
0.0248862076551
165.0 96.0 14.0 39.0
obstacle
0.0247651841491
314.0 163.0 101.0 57.0
obstacle
0.0247074421495
59.0 91.0 75.0 47.0
obstacle
0.0245771389455
184.0 133.0 316.0 116.0
obstacle
0.0245128851384
10.0 24.0 93.0 80.0
obstacle
0.0244180932641
434.0 68.0 16.0 46.0
obstacle
0.0242128092796
0.0 57.0 213.0 119.0
obstacle
0.0242119915783
113.0 83.0 43.0 15.0
obstacle
0.0242077670991
50.0 23.0 89.0 84.0
obstacle
0.0242053493857
322.0 0.0 85.0 49.0
obstacle
0.0240153279155
458.0 82.0 42.0 15.0
obstacle
0.0239995531738
0.0 240.0 54.0 58.0
obstacle
0.0239779185504
150.0 84.0 46.0 16.0
obstacle
0.0238887369633
162.0 197.0 16.0 38.0
obstacle
0.0237652827054
474.0 123.0 16.0 33.0
obstacle
0.0237097684294
204.0 237.0 87.0 59.0
obstacle
0.0236331708729
226.0 84.0 45.0 14.0
obstacle
0.0235131755471
10.0 293.0 98.0 40.0
obstacle
0.023499045521
81.0 210.0 334.0 114.0
obstacle
0.023380888626
0.0 0.0 288.0 72.0
obstacle
0.0232967864722
321.0 210.0 88.0 67.0
obstacle
0.0231190398335
320.0 184.0 92.0 66.0
obstacle
0.0231063496321
327.0 26.0 75.0 78.0
obstacle
0.023013882339
0.0 281.0 60.0 52.0
obstacle
0.0229637660086
167.0 0.0 88.0 45.0
obstacle
0.0228696037084
127.0 0.0 89.0 49.0
obstacle
0.0228002630174
279.0 96.0 18.0 39.0
obstacle
0.0227881260216
162.0 183.0 21.0 14.0
obstacle
0.0226889401674
246.0 163.0 82.0 61.0
obstacle
0.0226633194834
87.0 94.0 15.0 45.0
obstacle
0.0226192194968
395.0 214.0 94.0 60.0
obstacle
0.0225440692157
441.0 184.0 59.0 67.0
obstacle
0.0223056301475
356.0 137.0 26.0 11.0
obstacle
0.022087501362
249.0 19.0 77.0 90.0
obstacle
0.021847948432
439.0 210.0 61.0 66.0
obstacle
0.0217991191894
0.0 14.0 56.0 100.0
obstacle
0.0216536913067
312.0 109.0 32.0 15.0
obstacle
0.0214647091925
258.0 134.0 64.0 65.0
obstacle
0.0212680157274
0.0 136.0 35.0 12.0
obstacle
0.0210018269718
356.0 213.0 96.0 62.0
obstacle
0.0209282208234
360.0 27.0 87.0 75.0
obstacle
0.020918212831
166.0 217.0 86.0 47.0
obstacle
0.0209049843252
358.0 0.0 90.0 46.0
obstacle
0.0208892598748
405.0 7.0 75.0 63.0
obstacle
0.0207529999316
44.0 183.0 30.0 13.0
obstacle
0.0207374058664
398.0 191.0 89.0 53.0
obstacle
0.0206052288413
310.0 238.0 111.0 62.0
obstacle
0.0203653872013
432.0 126.0 18.0 29.0
obstacle
0.020220765844
20.0 219.0 80.0 39.0
obstacle
0.0200718715787
349.0 111.0 36.0 11.0
obstacle
0.0200097933412
290.0 2.0 74.0 72.0
obstacle
0.0199127364904
384.0 84.0 40.0 14.0
obstacle
0.0198787096888
19.0 4.0 75.0 67.0
obstacle
0.0198520291597
474.0 71.0 17.0 40.0
obstacle
0.0197083614767
244.0 0.0 256.0 66.0
obstacle
0.0196119565517
287.0 161.0 81.0 63.0
obstacle
0.0195802059025
46.0 226.0 101.0 25.0
obstacle
0.0193523056805
16.0 264.0 312.0 69.0
obstacle
0.0193411912769
44.0 295.0 104.0 38.0
obstacle
0.0193013492972
304.0 291.0 123.0 42.0
obstacle
0.0192813072354
248.0 190.0 77.0 52.0
obstacle
0.019117269665
131.0 266.0 83.0 56.0
obstacle
0.0190351735801
277.0 238.0 97.0 61.0
obstacle
0.019034139812
87.0 271.0 96.0 45.0
obstacle
0.0190162025392
360.0 190.0 90.0 56.0
obstacle
0.0189574956894
263.0 266.0 237.0 67.0
obstacle
0.0188756026328
475.0 98.0 16.0 35.0
obstacle
0.0188676137477
204.0 0.0 92.0 43.0
obstacle
0.0187297295779
81.0 207.0 31.0 12.0
obstacle
0.0186677314341
432.0 41.0 18.0 47.0
obstacle
0.0185557641089
121.0 216.0 102.0 48.0
obstacle
0.0185470171273
49.0 127.0 13.0 29.0
obstacle
0.018538326025
231.0 133.0 38.0 13.0
obstacle
0.0184132121503
395.0 97.0 15.0 37.0
obstacle
0.018370533362
234.0 291.0 109.0 42.0
obstacle
0.0183503217995
320.0 264.0 94.0 59.0
obstacle
0.0183372404426
243.0 122.0 14.0 36.0
obstacle
0.0182198509574
380.0 183.0 49.0 16.0
obstacle
0.018215848133
419.0 55.0 44.0 19.0
obstacle
0.0182072874159
461.0 159.0 39.0 13.0
obstacle
0.0181202813983
208.0 261.0 85.0 66.0
obstacle
0.0180603396147
13.0 240.0 87.0 54.0
obstacle
0.0180327054113
12.0 154.0 10.0 25.0
obstacle
0.0177354868501
0.0 0.0 156.0 96.0
obstacle
0.0177095383406
213.0 142.0 71.0 51.0
obstacle
0.017653606832
264.0 84.0 49.0 14.0
obstacle
0.0174754764885
240.0 260.0 96.0 66.0
obstacle
0.01746195741
331.0 115.0 169.0 103.0
obstacle
0.0174147021025
92.0 250.0 90.0 34.0
obstacle
0.0173555780202
456.0 56.0 44.0 15.0
obstacle
0.0173354297876
117.0 290.0 112.0 43.0
obstacle
0.0173089392483
442.0 257.0 58.0 73.0
obstacle
0.0172579325736
186.0 57.0 49.0 14.0
obstacle
0.0172213278711
269.0 294.0 115.0 39.0
obstacle
0.0172127224505
391.0 171.0 22.0 41.0
obstacle
0.017128072679
9.0 98.0 11.0 36.0
obstacle
0.0170723237097
159.0 290.0 104.0 43.0
obstacle
0.0170713588595
124.0 65.0 17.0 52.0
obstacle
0.0170321725309
131.0 180.0 10.0 25.0
obstacle
0.0170035418123
395.0 67.0 16.0 48.0
obstacle
0.0169006884098
474.0 146.0 16.0 38.0
obstacle
0.0167698357254
192.0 291.0 116.0 42.0
obstacle
0.0167681071907
285.0 210.0 215.0 118.0
obstacle
0.0167315080762
281.0 120.0 16.0 39.0
obstacle
0.0165524296463
93.0 2.0 80.0 74.0
obstacle
0.0165111254901
50.0 153.0 13.0 27.0
obstacle
0.0164637826383
13.0 177.0 11.0 29.0
obstacle
0.0164404865354
50.0 63.0 16.0 54.0
obstacle
0.0164206475019
350.0 238.0 107.0 62.0
obstacle
0.0163503084332
4.0 210.0 33.0 15.0
obstacle
0.0163233745843
0.0 110.0 35.0 14.0
obstacle
0.0162361748517
81.0 291.0 107.0 42.0
obstacle
0.0162296500057
53.0 179.0 12.0 23.0
obstacle
0.0162221901119
130.0 246.0 84.0 42.0
obstacle
0.0159738194197
109.0 0.0 281.0 92.0
obstacle
0.0159455612302
273.0 153.0 227.0 127.0
obstacle
0.0158576201648
53.0 269.0 86.0 52.0
obstacle
0.0158296227455
277.0 263.0 100.0 62.0
obstacle
0.0157310273498
169.0 261.0 87.0 65.0
obstacle
0.0157225355506
128.0 195.0 19.0 41.0
obstacle
0.0156557038426
206.0 4.0 294.0 120.0
obstacle
0.0156221454963
238.0 236.0 99.0 63.0
obstacle
0.0156074278057
47.0 40.0 18.0 49.0
obstacle
0.0154224643484
279.0 65.0 17.0 51.0
obstacle
0.0153819359839
119.0 264.0 337.0 69.0
obstacle
0.0153272813186
355.0 264.0 98.0 61.0
obstacle
0.0153017854318
9.0 67.0 14.0 47.0
obstacle
0.0150579279289
31.0 82.0 52.0 15.0
obstacle
0.0150179853663
149.0 56.0 46.0 16.0
obstacle
0.0149859692901
268.0 133.0 42.0 15.0
obstacle
0.0149190137163
204.0 211.0 84.0 62.0
obstacle
0.0148396696895
309.0 133.0 35.0 15.0
obstacle
0.0147538240999
10.0 126.0 12.0 33.0
obstacle
0.014736674726
112.0 57.0 45.0 15.0
obstacle
0.0147095182911
111.0 6.0 45.0 14.0
obstacle
0.0145660936832
72.0 83.0 48.0 14.0
obstacle
0.014319403097
45.0 209.0 28.0 13.0
obstacle
0.0142912240699
395.0 238.0 93.0 62.0
obstacle
0.0141887199134
434.0 96.0 15.0 41.0
obstacle
0.0141830807552
86.0 62.0 18.0 56.0
obstacle
0.0141354603693
474.0 43.0 16.0 43.0
obstacle
0.0140307983384
303.0 210.0 46.0 15.0
obstacle
0.013945704326
85.0 41.0 19.0 48.0
obstacle
0.0139272604138
432.0 168.0 20.0 46.0
obstacle
0.0138805033639
99.0 169.0 81.0 53.0
obstacle
0.0138412248343
397.0 262.0 92.0 63.0
obstacle
0.0137291857973
384.0 157.0 41.0 16.0
obstacle
0.0136879310012
420.0 5.0 44.0 14.0
obstacle
0.0136246923357
72.0 56.0 47.0 16.0
obstacle
0.0135917402804
337.0 184.0 56.0 15.0
obstacle
0.0135445026681
416.0 235.0 53.0 16.0
obstacle
0.013525666669
239.0 209.0 95.0 67.0
obstacle
0.0135093424469
163.0 40.0 19.0 50.0
obstacle
0.0134820928797
241.0 148.0 16.0 39.0
obstacle
0.0134571474046
457.0 209.0 43.0 16.0
obstacle
0.0133902784437
200.0 82.0 21.0 14.0
obstacle
0.0133169740438
0.0 200.0 210.0 133.0
obstacle
0.0132087608799
394.0 42.0 16.0 45.0
obstacle
0.0131800621748
123.0 38.0 19.0 53.0
obstacle
0.0131348678842
88.0 202.0 15.0 25.0
obstacle
0.0130981039256
382.0 57.0 44.0 15.0
