obstacle
0.612109422684
217.0 146.0 83.0 47.0
obstacle
0.530357301235
233.0 137.0 104.0 68.0
obstacle
0.269359052181
284.0 154.0 66.0 68.0
obstacle
0.260567575693
139.0 138.0 225.0 66.0
obstacle
0.223511591554
201.0 151.0 174.0 75.0
obstacle
0.183977216482
7.0 74.0 86.0 33.0
obstacle
0.158045694232
0.0 72.0 48.0 36.0
obstacle
0.136996209621
318.0 159.0 73.0 61.0
obstacle
0.130647853017
235.0 157.0 30.0 14.0
obstacle
0.125049516559
276.0 171.0 31.0 38.0
obstacle
0.116463057697
181.0 151.0 89.0 34.0
obstacle
0.112477838993
1.0 32.0 40.0 69.0
obstacle
0.111378863454
311.0 166.0 28.0 48.0
obstacle
0.110509455204
273.0 186.0 97.0 51.0
obstacle
0.108163438737
0.0 41.0 182.0 98.0
obstacle
0.107790581882
312.0 151.0 25.0 32.0
obstacle
0.101701296866
25.0 11.0 63.0 58.0
obstacle
0.0990882441401
6.0 99.0 95.0 24.0
obstacle
0.0967346951365
25.0 39.0 57.0 58.0
obstacle
0.090455301106
12.0 71.0 14.0 33.0
obstacle
0.0846427381039
258.0 123.0 62.0 51.0
obstacle
0.0830000415444
6.0 84.0 33.0 13.0
obstacle
0.0826554149389
0.0 0.0 45.0 79.0
obstacle
0.0819315165281
275.0 152.0 24.0 30.0
obstacle
0.0810274928808
315.0 123.0 19.0 40.0
obstacle
0.0795277357101
241.0 154.0 20.0 22.0
obstacle
0.0780061036348
46.0 71.0 19.0 34.0
obstacle
0.077986612916
47.0 41.0 18.0 50.0
obstacle
0.0772103667259
229.0 123.0 51.0 46.0
obstacle
0.0744722634554
326.0 135.0 62.0 68.0
obstacle
0.07304764539
346.0 164.0 108.0 54.0
obstacle
0.0707685574889
42.0 84.0 30.0 12.0
obstacle
0.0689758732915
313.0 138.0 27.0 12.0
obstacle
0.0647555813193
46.0 67.0 91.0 41.0
obstacle
0.0639180392027
201.0 165.0 244.0 99.0
obstacle
0.0628902092576
48.0 33.0 85.0 63.0
obstacle
0.0622814819217
12.0 122.0 87.0 32.0
obstacle
0.0594669505954
86.0 39.0 19.0 52.0
obstacle
0.0589781031013
165.0 188.0 95.0 57.0
obstacle
0.0561587326229
87.0 70.0 18.0 40.0
obstacle
0.0557348057628
0.0 0.0 249.0 107.0
obstacle
0.0552592277527
294.0 118.0 60.0 54.0
obstacle
0.0530722513795
80.0 82.0 33.0 17.0
obstacle
0.05150250718
313.0 182.0 91.0 63.0
obstacle
0.0514494031668
0.0 90.0 45.0 46.0
obstacle
0.0505843386054
278.0 198.0 23.0 36.0
obstacle
0.0503492169082
248.0 126.0 225.0 86.0
obstacle
0.0491070710123
55.0 2.0 76.0 72.0
obstacle
0.048690341413
0.0 118.0 49.0 41.0
obstacle
0.0470585487783
191.0 94.0 270.0 102.0
obstacle
0.0456801392138
11.0 41.0 13.0 50.0
obstacle
0.0449545197189
0.0 64.0 234.0 101.0
obstacle
0.044936645776
327.0 108.0 67.0 69.0
obstacle
0.0433229766786
0.0 132.0 47.0 68.0
obstacle
0.0417925082147
52.0 117.0 83.0 43.0
obstacle
0.0415531843901
194.0 187.0 118.0 51.0
obstacle
0.0405791737139
276.0 183.0 24.0 17.0
obstacle
0.0404642783105
135.0 142.0 82.0 47.0
obstacle
0.0403794236481
50.0 97.0 15.0 31.0
obstacle
0.0403661765158
315.0 199.0 23.0 32.0
obstacle
0.0403249152005
213.0 90.0 72.0 51.0
obstacle
0.0400980375707
269.0 209.0 39.0 16.0
obstacle
0.0395756475627
310.0 179.0 28.0 23.0
obstacle
0.0395442284644
237.0 139.0 27.0 10.0
obstacle
0.0391386300325
201.0 160.0 25.0 12.0
obstacle
0.0389199331403
7.0 138.0 96.0 53.0
obstacle
0.0387684889138
353.0 132.0 96.0 65.0
obstacle
0.0386067442596
252.0 86.0 71.0 60.0
obstacle
0.0381900183856
170.0 212.0 88.0 59.0
obstacle
0.0379521735013
179.0 160.0 81.0 53.0
obstacle
0.0378761254251
47.0 93.0 91.0 40.0
obstacle
0.0378643833101
262.0 152.0 238.0 79.0
obstacle
0.0376111865044
278.0 118.0 16.0 50.0
obstacle
0.037289917469
46.0 106.0 27.0 12.0
obstacle
0.0371812321246
110.0 169.0 356.0 145.0
obstacle
0.0370910167694
46.0 13.0 20.0 53.0
obstacle
0.036499645561
359.0 188.0 84.0 57.0
obstacle
0.0353332012892
309.0 209.0 32.0 17.0
obstacle
0.034896787256
314.0 158.0 25.0 18.0
obstacle
0.0340499132872
86.0 25.0 89.0 77.0
obstacle
0.0335432440042
202.0 57.0 97.0 65.0
obstacle
0.0332939401269
172.0 84.0 76.0 60.0
obstacle
0.0331021025777
0.0 151.0 47.0 82.0
obstacle
0.0328253693879
186.0 119.0 63.0 45.0
obstacle
0.0326287820935
5.0 61.0 32.0 13.0
obstacle
0.0322109237313
84.0 12.0 21.0 54.0
obstacle
0.0318257026374
148.0 0.0 352.0 99.0
obstacle
0.0314748473465
87.0 95.0 16.0 37.0
obstacle
0.031385038048
129.0 194.0 90.0 49.0
obstacle
0.0307779815048
271.0 110.0 36.0 11.0
obstacle
0.0304771270603
37.0 61.0 40.0 14.0
obstacle
0.0302197542042
272.0 137.0 31.0 11.0
obstacle
0.0300786159933
290.0 84.0 71.0 64.0
obstacle
0.0300533790141
20.0 0.0 72.0 46.0
obstacle
0.0298030544072
364.0 109.0 77.0 62.0
obstacle
0.0297544747591
49.0 0.0 324.0 132.0
obstacle
0.0296898148954
0.0 199.0 53.0 88.0
obstacle
0.0296309869736
80.0 107.0 33.0 13.0
obstacle
0.0294857285917
394.0 134.0 95.0 62.0
obstacle
0.0294228103012
128.0 105.0 242.0 83.0
obstacle
0.0288716442883
92.0 2.0 80.0 72.0
obstacle
0.0288390014321
90.0 114.0 84.0 51.0
obstacle
0.0285960230976
196.0 211.0 109.0 59.0
obstacle
0.0285814590752
119.0 51.0 340.0 132.0
obstacle
0.0284056700766
241.0 127.0 16.0 34.0
obstacle
0.028191877529
308.0 111.0 39.0 12.0
obstacle
0.0278043597937
16.0 111.0 314.0 112.0
obstacle
0.0276613850147
122.0 57.0 101.0 63.0
obstacle
0.0276364386082
163.0 54.0 96.0 70.0
obstacle
0.0276159774512
244.0 56.0 88.0 67.0
obstacle
0.0276129767299
232.0 210.0 114.0 61.0
obstacle
0.0273384675384
353.0 154.0 14.0 27.0
obstacle
0.0269822236151
74.0 57.0 45.0 17.0
obstacle
0.0265452805907
316.0 210.0 98.0 63.0
obstacle
0.0264564473182
234.0 182.0 28.0 12.0
obstacle
0.0263347029686
34.0 32.0 48.0 15.0
obstacle
0.0257758591324
134.0 110.0 75.0 60.0
obstacle
0.0255184993148
230.0 109.0 37.0 13.0
obstacle
0.0253314785659
93.0 210.0 81.0 67.0
obstacle
0.0253111869097
41.0 132.0 39.0 13.0
obstacle
0.0250786729157
130.0 84.0 83.0 61.0
obstacle
0.0250269621611
7.0 290.0 101.0 43.0
obstacle
0.0246298387647
13.0 153.0 85.0 76.0
obstacle
0.0245955176651
50.0 156.0 92.0 71.0
obstacle
0.0245174970478
316.0 95.0 18.0 43.0
obstacle
0.0244690030813
116.0 82.0 35.0 16.0
obstacle
0.0242736376822
328.0 80.0 73.0 72.0
obstacle
0.024247162044
341.0 290.0 125.0 43.0
obstacle
0.0240972656757
84.0 60.0 98.0 57.0
obstacle
0.0240378994495
91.0 135.0 86.0 60.0
obstacle
0.0236113108695
8.0 101.0 10.0 26.0
obstacle
0.0236030928791
444.0 126.0 56.0 78.0
obstacle
0.0234702285379
284.0 5.0 83.0 68.0
obstacle
0.0231468584388
350.0 172.0 19.0 37.0
obstacle
0.0231371745467
382.0 209.0 42.0 16.0
obstacle
0.0230409558862
125.0 23.0 90.0 81.0
obstacle
0.0228874087334
55.0 131.0 80.0 68.0
obstacle
0.022828925401
130.0 3.0 82.0 71.0
obstacle
0.0227439235896
277.0 92.0 19.0 47.0
obstacle
0.0226434469223
362.0 208.0 82.0 70.0
obstacle
0.0223552752286
55.0 183.0 84.0 69.0
obstacle
0.0223207883537
400.0 87.0 80.0 56.0
obstacle
0.0223173331469
93.0 89.0 77.0 51.0
obstacle
0.0223159361631
49.0 115.0 18.0 47.0
obstacle
0.0220214258879
385.0 295.0 113.0 38.0
obstacle
0.0220141578466
0.0 227.0 49.0 86.0
obstacle
0.0219646058977
83.0 162.0 255.0 110.0
obstacle
0.0218280497938
400.0 110.0 81.0 61.0
obstacle
0.021790413186
8.0 126.0 12.0 28.0
obstacle
0.0216690097004
133.0 206.0 81.0 71.0
obstacle
0.0216198358685
346.0 136.0 35.0 12.0
obstacle
0.0215378124267
257.0 181.0 243.0 123.0
obstacle
0.0215225126594
193.0 110.0 34.0 12.0
obstacle
0.0214897673577
246.0 5.0 82.0 68.0
obstacle
0.0214859638363
282.0 52.0 87.0 75.0
obstacle
0.0214723348618
348.0 161.0 32.0 14.0
obstacle
0.021430592984
125.0 289.0 96.0 44.0
obstacle
0.0213925428689
206.0 4.0 84.0 69.0
obstacle
0.0213417876512
227.0 84.0 45.0 15.0
obstacle
0.0212744232267
447.0 179.0 53.0 75.0
obstacle
0.0211976133287
265.0 84.0 46.0 15.0
obstacle
0.02113327384
80.0 294.0 108.0 39.0
obstacle
0.0211115051061
355.0 237.0 98.0 64.0
obstacle
0.0210894364864
395.0 52.0 92.0 75.0
obstacle
0.0210832003504
131.0 161.0 88.0 60.0
obstacle
0.0210634041578
445.0 81.0 55.0 66.0
obstacle
0.0210496131331
162.0 289.0 99.0 44.0
obstacle
0.021043073386
445.0 235.0 55.0 67.0
obstacle
0.0210226513445
383.0 185.0 40.0 16.0
obstacle
0.0209147185087
442.0 0.0 58.0 52.0
obstacle
0.0209064576775
244.0 21.0 85.0 86.0
obstacle
0.0208457782865
205.0 21.0 86.0 85.0
obstacle
0.0208373740315
248.0 260.0 81.0 68.0
obstacle
0.0207683201879
322.0 4.0 83.0 69.0
obstacle
0.0207483768463
9.0 12.0 15.0 55.0
obstacle
0.0205825064331
76.0 0.0 348.0 70.0
obstacle
0.0204834118485
240.0 95.0 17.0 43.0
obstacle
0.0204619076103
45.0 294.0 100.0 39.0
obstacle
0.0204516258091
0.0 0.0 199.0 65.0
obstacle
0.0204259417951
361.0 81.0 83.0 68.0
obstacle
0.020419543609
72.0 30.0 48.0 16.0
obstacle
0.0204182993621
239.0 238.0 100.0 62.0
obstacle
0.0203720610589
398.0 164.0 83.0 56.0
obstacle
0.0203653145581
398.0 182.0 84.0 71.0
obstacle
0.0202255360782
0.0 133.0 36.0 14.0
obstacle
0.0202063471079
154.0 133.0 38.0 15.0
obstacle
0.0201133731753
53.0 211.0 87.0 65.0
obstacle
0.0200418233871
77.0 133.0 40.0 14.0
obstacle
0.0199955068529
241.0 65.0 18.0 51.0
obstacle
0.0198012813926
279.0 67.0 19.0 48.0
obstacle
0.0197980329394
282.0 263.0 90.0 62.0
obstacle
0.0197723228484
0.0 282.0 63.0 51.0
obstacle
0.0196597501636
48.0 261.0 95.0 65.0
obstacle
0.0196329131722
241.0 179.0 19.0 21.0
obstacle
0.0195945315063
443.0 152.0 57.0 78.0
obstacle
0.0195634495467
355.0 123.0 14.0 38.0
obstacle
0.0194946806878
0.0 131.0 251.0 122.0
obstacle
0.0194940082729
91.0 189.0 87.0 58.0
obstacle
0.0194248743355
168.0 4.0 83.0 69.0
obstacle
0.019262643531
360.0 0.0 84.0 76.0
obstacle
0.0191584248096
127.0 72.0 16.0 36.0
obstacle
0.019154233858
442.0 50.0 58.0 76.0
obstacle
0.019104629755
346.0 207.0 38.0 17.0
obstacle
0.0190957617015
9.0 180.0 93.0 74.0
obstacle
0.0190655589104
125.0 43.0 18.0 43.0
obstacle
0.0190561171621
270.0 289.0 115.0 44.0
obstacle
0.0190196428448
393.0 170.0 19.0 45.0
obstacle
0.0189933143556
320.0 50.0 87.0 79.0
obstacle
0.0189927425236
0.0 32.0 41.0 15.0
obstacle
0.0189737528563
108.0 56.0 51.0 17.0
obstacle
0.0189136080444
87.0 121.0 18.0 38.0
obstacle
0.0189046338201
447.0 204.0 53.0 76.0
obstacle
0.0188813954592
47.0 235.0 96.0 68.0
obstacle
0.0188771300018
397.0 0.0 85.0 49.0
obstacle
0.0188442375511
8.0 231.0 98.0 76.0
obstacle
0.0186269655824
443.0 287.0 57.0 46.0
obstacle
0.0185729619116
399.0 205.0 82.0 75.0
obstacle
0.0183330774307
89.0 261.0 88.0 66.0
obstacle
0.0183318313211
298.0 0.0 202.0 134.0
obstacle
0.0182632934302
206.0 158.0 13.0 21.0
obstacle
0.0181887932122
148.0 265.0 352.0 68.0
obstacle
0.0179566014558
166.0 21.0 86.0 86.0
obstacle
0.0178119968623
86.0 158.0 96.0 67.0
obstacle
0.0177650377154
238.0 288.0 100.0 45.0
obstacle
0.0177362561226
445.0 104.0 55.0 72.0
obstacle
0.017661543563
165.0 71.0 16.0 38.0
obstacle
0.0175429619849
12.0 205.0 90.0 76.0
obstacle
0.0174804404378
322.0 262.0 84.0 64.0
obstacle
0.0174672864377
312.0 288.0 105.0 45.0
obstacle
0.0174667108804
394.0 238.0 94.0 62.0
obstacle
0.0174098685384
305.0 84.0 43.0 15.0
obstacle
0.0173627156764
362.0 261.0 83.0 66.0
obstacle
0.0173328835517
115.0 133.0 38.0 15.0
obstacle
0.0172473713756
284.0 232.0 87.0 72.0
obstacle
0.0172356069088
322.0 233.0 88.0 71.0
obstacle
0.0170831065625
203.0 66.0 16.0 48.0
obstacle
0.0169927887619
196.0 183.0 30.0 11.0
obstacle
0.0168530605733
196.0 136.0 31.0 11.0
obstacle
0.0166832655668
130.0 239.0 83.0 60.0
obstacle
0.0166448671371
196.0 290.0 109.0 43.0
obstacle
0.0166097935289
156.0 160.0 36.0 14.0
obstacle
0.0165769532323
152.0 84.0 40.0 14.0
obstacle
0.0165550708771
348.0 111.0 34.0 12.0
obstacle
0.0164651498199
112.0 158.0 46.0 16.0
obstacle
0.0163713078946
317.0 68.0 18.0 45.0
obstacle
0.0162794534117
47.0 141.0 18.0 48.0
obstacle
0.0162143427879
385.0 160.0 38.0 14.0
obstacle
0.0161007586867
394.0 196.0 19.0 42.0
obstacle
0.0160979572684
350.0 185.0 28.0 15.0
obstacle
0.0160086955875
35.0 5.0 41.0 16.0
obstacle
0.0159974899143
203.0 262.0 95.0 64.0
obstacle
0.0159073658288
190.0 84.0 43.0 14.0
obstacle
0.015770310536
7.0 150.0 12.0 32.0
obstacle
0.0155045399442
0.0 214.0 298.0 109.0
obstacle
0.0153725324199
169.0 238.0 85.0 62.0
obstacle
0.0153703726828
387.0 134.0 34.0 14.0
obstacle
0.0153277590871
0.0 240.0 206.0 93.0
obstacle
0.0153162665665
398.0 19.0 85.0 89.0
obstacle
0.0152218705043
7.0 106.0 22.0 15.0
obstacle
0.0149808265269
186.0 28.0 314.0 124.0
obstacle
0.0149588575587
19.0 268.0 306.0 65.0
obstacle
0.0149529967457
354.0 49.0 97.0 81.0
obstacle
0.0146853476763
165.0 199.0 16.0 37.0
obstacle
0.0146737378091
355.0 197.0 20.0 38.0
obstacle
0.0146309649572
108.0 30.0 51.0 16.0
obstacle
0.0145980818197
0.0 159.0 36.0 15.0
obstacle
0.0144051294774
341.0 235.0 45.0 16.0
obstacle
0.0143718319014
153.0 212.0 43.0 14.0
obstacle
0.0143496049568
167.0 264.0 89.0 59.0
obstacle
0.0141443712637
204.0 97.0 14.0 38.0
obstacle
0.0139462780207
122.0 11.0 20.0 56.0
obstacle
0.0139106344432
154.0 110.0 36.0 11.0
obstacle
0.0138613106683
240.0 198.0 19.0 34.0
obstacle
0.0138306589797
125.0 122.0 16.0 37.0
obstacle
0.0137407984585
395.0 122.0 15.0 37.0
obstacle
0.0137347336859
0.0 5.0 38.0 16.0
obstacle
0.0137214995921
89.0 236.0 89.0 67.0
obstacle
0.0135437948629
9.0 0.0 15.0 35.0
obstacle
0.0134778358042
47.0 0.0 19.0 33.0
obstacle
0.0134658515453
0.0 190.0 152.0 106.0
obstacle
0.0133334705606
201.0 233.0 96.0 70.0
obstacle
0.0132774645463
33.0 157.0 51.0 15.0
obstacle
0.0132171092555
387.0 110.0 35.0 12.0
obstacle
0.0131799140945
278.0 217.0 22.0 49.0
obstacle
0.0131634026766
118.0 108.0 31.0 12.0
obstacle
0.0130384983495
124.0 144.0 18.0 43.0
obstacle
0.0129443164915
164.0 148.0 13.0 38.0
obstacle
0.0129390982911
85.0 57.0 21.0 13.0
obstacle
0.0128287672997
7.0 173.0 13.0 37.0
obstacle
0.0126660522074
234.0 209.0 34.0 13.0
obstacle
0.0125864315778
344.0 84.0 43.0 15.0
obstacle
0.0125609310344
146.0 57.0 51.0 17.0
obstacle
0.0125090293586
377.0 235.0 51.0 17.0
obstacle
0.0124576725066
9.0 225.0 12.0 36.0
obstacle
0.0124527253211
393.0 261.0 98.0 67.0
obstacle
0.0124332997948
391.0 218.0 22.0 50.0
obstacle
0.0123864328489
0.0 118.0 146.0 99.0
obstacle
0.0123411640525
416.0 160.0 52.0 13.0
obstacle
0.0122168250382
86.0 146.0 19.0 40.0
obstacle
0.0121850436553
166.0 99.0 12.0 33.0
