obstacle
0.783097505569
131.0 154.0 242.0 61.0
obstacle
0.480661422014
361.0 132.0 73.0 26.0
obstacle
0.375191688538
219.0 162.0 128.0 42.0
obstacle
0.35384401679
340.0 130.0 68.0 26.0
obstacle
0.34208792448
175.0 144.0 161.0 60.0
obstacle
0.317377358675
160.0 163.0 113.0 42.0
obstacle
0.185810446739
269.0 165.0 95.0 38.0
obstacle
0.175941869617
398.0 127.0 66.0 30.0
obstacle
0.122807055712
151.0 153.0 69.0 36.0
obstacle
0.114180453122
139.0 168.0 92.0 33.0
obstacle
0.109655454755
392.0 135.0 27.0 15.0
obstacle
0.0975723266602
356.0 134.0 23.0 13.0
obstacle
0.094453714788
405.0 95.0 71.0 39.0
obstacle
0.0828416496515
373.0 143.0 60.0 33.0
obstacle
0.0827730596066
447.0 88.0 53.0 48.0
obstacle
0.0787022784352
197.0 149.0 249.0 47.0
obstacle
0.0738631039858
164.0 91.0 93.0 44.0
obstacle
0.0669353827834
139.0 89.0 65.0 47.0
obstacle
0.0654430836439
129.0 68.0 86.0 47.0
obstacle
0.0636789128184
99.0 91.0 301.0 111.0
obstacle
0.0633955448866
195.0 109.0 32.0 11.0
obstacle
0.0609926022589
444.0 118.0 56.0 43.0
obstacle
0.0599416270852
448.0 55.0 52.0 70.0
obstacle
0.0584247373044
34.0 140.0 283.0 61.0
obstacle
0.0568851865828
164.0 64.0 92.0 57.0
obstacle
0.0567309297621
395.0 132.0 15.0 20.0
obstacle
0.0544685907662
358.0 130.0 14.0 24.0
obstacle
0.0539679937065
12.0 167.0 92.0 49.0
obstacle
0.0528506301343
0.0 163.0 51.0 57.0
obstacle
0.0515421330929
181.0 123.0 65.0 45.0
obstacle
0.0513208732009
327.0 148.0 65.0 40.0
obstacle
0.051080852747
274.0 159.0 31.0 14.0
obstacle
0.0508170947433
144.0 116.0 66.0 50.0
obstacle
0.0498896017671
410.0 63.0 62.0 55.0
obstacle
0.0494609177113
428.0 108.0 34.0 13.0
obstacle
0.0484431684017
279.0 152.0 17.0 30.0
obstacle
0.0483537986875
204.0 154.0 13.0 23.0
obstacle
0.0480426624417
295.0 99.0 205.0 84.0
obstacle
0.0472921356559
443.0 139.0 57.0 48.0
obstacle
0.0471417307854
197.0 181.0 32.0 12.0
obstacle
0.0465494021773
95.0 89.0 76.0 51.0
obstacle
0.0463347509503
196.0 95.0 100.0 41.0
obstacle
0.0462175197899
368.0 93.0 72.0 46.0
obstacle
0.0458585098386
198.0 155.0 27.0 15.0
obstacle
0.045468814671
83.0 64.0 101.0 54.0
obstacle
0.0434176959097
100.0 112.0 68.0 55.0
obstacle
0.0432327091694
201.0 58.0 94.0 65.0
obstacle
0.0428539142013
398.0 141.0 83.0 41.0
obstacle
0.0414434634149
235.0 182.0 35.0 11.0
obstacle
0.041242338717
237.0 160.0 30.0 12.0
obstacle
0.0405707992613
237.0 136.0 30.0 10.0
obstacle
0.0388947241008
0.0 213.0 55.0 61.0
obstacle
0.0384775809944
429.0 133.0 22.0 14.0
obstacle
0.0381000973284
271.0 181.0 37.0 13.0
obstacle
0.0376085564494
101.0 146.0 76.0 42.0
obstacle
0.0371973589063
304.0 128.0 52.0 33.0
obstacle
0.0371775515378
202.0 100.0 13.0 30.0
obstacle
0.0367756523192
234.0 110.0 31.0 12.0
obstacle
0.0366393662989
243.0 156.0 14.0 25.0
obstacle
0.0362840332091
315.0 167.0 82.0 42.0
obstacle
0.0355390757322
47.0 60.0 98.0 59.0
obstacle
0.0350256636739
466.0 134.0 30.0 14.0
obstacle
0.0340443439782
135.0 196.0 80.0 40.0
obstacle
0.0339782126248
193.0 87.0 34.0 13.0
obstacle
0.0337445139885
159.0 109.0 28.0 11.0
obstacle
0.0336949788034
362.0 61.0 81.0 59.0
obstacle
0.0332718715072
47.0 171.0 98.0 42.0
obstacle
0.0331328175962
200.0 139.0 25.0 9.0
obstacle
0.0326173380017
465.0 109.0 30.0 12.0
obstacle
0.0316014103591
443.0 232.0 57.0 73.0
obstacle
0.0315569676459
157.0 135.0 33.0 11.0
obstacle
0.031170791015
78.0 31.0 267.0 119.0
obstacle
0.0311427991837
158.0 85.0 33.0 14.0
obstacle
0.0310982856899
117.0 110.0 33.0 12.0
obstacle
0.0308129321784
461.0 158.0 38.0 13.0
obstacle
0.0304593332112
0.0 258.0 52.0 74.0
obstacle
0.0303727313876
215.0 122.0 68.0 45.0
obstacle
0.0302305780351
108.0 148.0 287.0 125.0
obstacle
0.030095430091
240.0 53.0 93.0 73.0
obstacle
0.0299148857594
436.0 96.0 14.0 36.0
obstacle
0.0298070963472
438.0 155.0 62.0 76.0
obstacle
0.0297797955573
462.0 85.0 35.0 13.0
obstacle
0.0294349752367
110.0 0.0 355.0 101.0
obstacle
0.0293611213565
117.0 85.0 36.0 15.0
obstacle
0.028850696981
432.0 129.0 13.0 23.0
obstacle
0.0278906654567
430.0 86.0 30.0 14.0
obstacle
0.0278748944402
272.0 112.0 36.0 11.0
obstacle
0.0278622843325
397.0 190.0 87.0 55.0
obstacle
0.0277678966522
203.0 131.0 12.0 26.0
obstacle
0.0277595091611
243.0 178.0 18.0 24.0
obstacle
0.0274457465857
10.0 213.0 93.0 59.0
obstacle
0.0274396203458
201.0 75.0 17.0 32.0
obstacle
0.0272541474551
115.0 133.0 39.0 13.0
obstacle
0.0271956194192
336.0 37.0 164.0 109.0
obstacle
0.0267680864781
14.0 110.0 87.0 61.0
obstacle
0.0267334338278
0.0 129.0 50.0 74.0
obstacle
0.0263170860708
12.0 56.0 91.0 67.0
obstacle
0.0262501370162
55.0 88.0 77.0 51.0
obstacle
0.0257700234652
130.0 187.0 315.0 110.0
obstacle
0.0257457830012
0.0 102.0 49.0 77.0
obstacle
0.025683844462
435.0 71.0 16.0 41.0
obstacle
0.025514068082
14.0 191.0 85.0 51.0
obstacle
0.0253246575594
166.0 132.0 334.0 71.0
obstacle
0.0251585971564
322.0 50.0 82.0 78.0
obstacle
0.0250500459224
49.0 110.0 91.0 63.0
obstacle
0.0250206049532
399.0 269.0 85.0 51.0
obstacle
0.02490494214
0.0 183.0 50.0 70.0
obstacle
0.024858314544
1.0 0.0 342.0 102.0
obstacle
0.0248003862798
408.0 18.0 66.0 90.0
obstacle
0.0247373040766
241.0 97.0 15.0 39.0
obstacle
0.0246717818081
387.0 86.0 36.0 14.0
obstacle
0.0245660040528
230.0 85.0 37.0 15.0
obstacle
0.0244870185852
335.0 92.0 62.0 48.0
obstacle
0.0244646612555
0.0 82.0 293.0 121.0
obstacle
0.0241332240403
285.0 48.0 78.0 81.0
obstacle
0.0240950491279
277.0 138.0 26.0 9.0
obstacle
0.0240391436964
160.0 161.0 29.0 10.0
obstacle
0.0240245573223
53.0 135.0 87.0 61.0
obstacle
0.0237783696502
441.0 0.0 59.0 49.0
obstacle
0.0236450601369
14.0 84.0 84.0 62.0
obstacle
0.0235089696944
472.0 72.0 16.0 37.0
obstacle
0.0234154015779
286.0 3.0 78.0 71.0
obstacle
0.0234023556113
172.0 3.0 77.0 70.0
obstacle
0.0233791079372
210.0 4.0 77.0 69.0
obstacle
0.0232045315206
16.0 0.0 82.0 79.0
obstacle
0.023131577298
403.0 166.0 80.0 50.0
obstacle
0.0231307316571
132.0 2.0 79.0 72.0
obstacle
0.0230483729392
13.0 132.0 86.0 68.0
obstacle
0.0229789838195
204.0 177.0 17.0 25.0
obstacle
0.0229420606047
361.0 16.0 81.0 95.0
obstacle
0.0227715130895
0.0 0.0 47.0 91.0
obstacle
0.0227249115705
9.0 289.0 98.0 44.0
obstacle
0.0226972363889
236.0 218.0 103.0 45.0
obstacle
0.0226769298315
134.0 219.0 78.0 45.0
obstacle
0.0226714815944
0.0 48.0 50.0 83.0
obstacle
0.022560833022
242.0 123.0 14.0 39.0
obstacle
0.0225576255471
443.0 259.0 57.0 69.0
obstacle
0.0225458182395
277.0 176.0 19.0 25.0
obstacle
0.0223406478763
324.0 2.0 79.0 72.0
obstacle
0.022313721478
475.0 126.0 13.0 29.0
obstacle
0.0222506877035
200.0 220.0 102.0 41.0
obstacle
0.0221878215671
94.0 3.0 79.0 70.0
obstacle
0.0221310053021
247.0 4.0 79.0 70.0
obstacle
0.0219987276942
166.0 218.0 91.0 45.0
obstacle
0.021931277588
129.0 24.0 84.0 78.0
obstacle
0.0218993015587
205.0 26.0 85.0 76.0
obstacle
0.0217387657613
399.0 246.0 85.0 48.0
obstacle
0.0216189697385
158.0 181.0 33.0 11.0
obstacle
0.0214639063925
396.0 0.0 89.0 50.0
obstacle
0.0213720053434
235.0 196.0 103.0 35.0
obstacle
0.0213441606611
268.0 85.0 41.0 14.0
obstacle
0.0213385429233
240.0 90.0 90.0 51.0
obstacle
0.0213355943561
0.0 233.0 49.0 72.0
obstacle
0.0212861578912
124.0 73.0 18.0 36.0
obstacle
0.0212493501604
120.0 289.0 107.0 44.0
obstacle
0.0212075356394
363.0 264.0 78.0 58.0
obstacle
0.0211756192148
197.0 195.0 104.0 35.0
obstacle
0.0211293622851
396.0 70.0 16.0 42.0
obstacle
0.0209338571876
476.0 101.0 13.0 29.0
obstacle
0.020926008001
239.0 71.0 18.0 40.0
obstacle
0.0209143869579
280.0 124.0 13.0 37.0
obstacle
0.020580155775
281.0 218.0 90.0 49.0
obstacle
0.0205728076398
5.0 21.0 100.0 85.0
obstacle
0.020524147898
0.0 184.0 36.0 17.0
obstacle
0.0204612556845
82.0 292.0 104.0 41.0
obstacle
0.0204258728772
0.0 143.0 194.0 99.0
obstacle
0.0203271452338
279.0 96.0 16.0 41.0
obstacle
0.0200499594212
48.0 215.0 95.0 56.0
obstacle
0.0199518948793
167.0 101.0 12.0 29.0
obstacle
0.019928669557
262.0 0.0 238.0 136.0
obstacle
0.0198960341513
448.0 207.0 52.0 71.0
obstacle
0.0198013205081
444.0 179.0 56.0 75.0
obstacle
0.0197943467647
53.0 192.0 83.0 52.0
obstacle
0.0197921600193
306.0 85.0 41.0 13.0
obstacle
0.0194978937507
352.0 111.0 29.0 11.0
obstacle
0.0193571858108
53.0 2.0 83.0 72.0
obstacle
0.0193559937179
0.0 34.0 216.0 111.0
obstacle
0.0193312894553
343.0 85.0 45.0 14.0
obstacle
0.0191733278334
276.0 288.0 104.0 45.0
obstacle
0.0191543474793
0.0 185.0 222.0 116.0
obstacle
0.0190118998289
168.0 23.0 84.0 81.0
obstacle
0.0189969222993
94.0 216.0 84.0 53.0
obstacle
0.0189168639481
162.0 198.0 102.0 31.0
obstacle
0.0189160387963
40.0 290.0 112.0 43.0
obstacle
0.0187937077135
152.0 291.0 120.0 42.0
obstacle
0.0187730714679
387.0 293.0 108.0 40.0
obstacle
0.0187439415604
164.0 73.0 16.0 37.0
obstacle
0.0187264494598
331.0 130.0 169.0 125.0
obstacle
0.0186712983996
200.0 287.0 102.0 46.0
obstacle
0.0186138637364
296.0 91.0 56.0 48.0
obstacle
0.0186021644622
241.0 291.0 97.0 42.0
obstacle
0.0185660962015
354.0 294.0 98.0 39.0
obstacle
0.0184472501278
262.0 123.0 49.0 43.0
obstacle
0.0182891953737
401.0 215.0 80.0 58.0
obstacle
0.0182034764439
391.0 160.0 26.0 9.0
obstacle
0.0181987173855
319.0 212.0 90.0 62.0
obstacle
0.018024014309
86.0 22.0 92.0 81.0
obstacle
0.0178923942149
49.0 22.0 88.0 83.0
obstacle
0.0178398732096
392.0 112.0 28.0 11.0
obstacle
0.0175447613001
359.0 95.0 13.0 39.0
obstacle
0.0174530781806
5.0 166.0 338.0 96.0
obstacle
0.0174297317863
310.0 182.0 34.0 13.0
obstacle
0.0173264984041
315.0 111.0 27.0 11.0
obstacle
0.0172736588866
133.0 262.0 78.0 65.0
obstacle
0.017161661759
166.0 234.0 91.0 68.0
obstacle
0.0171420704573
11.0 267.0 91.0 54.0
obstacle
0.0170944463462
241.0 264.0 92.0 61.0
obstacle
0.0170278605074
98.0 171.0 85.0 38.0
obstacle
0.016868179664
317.0 136.0 23.0 10.0
obstacle
0.0165555160493
124.0 270.0 329.0 63.0
obstacle
0.0164578258991
357.0 0.0 91.0 49.0
obstacle
0.0164569783956
279.0 68.0 17.0 46.0
obstacle
0.0163349267095
397.0 150.0 13.0 30.0
obstacle
0.0163124464452
358.0 166.0 89.0 46.0
obstacle
0.0162722505629
0.0 0.0 211.0 68.0
obstacle
0.0162622742355
242.0 237.0 92.0 62.0
obstacle
0.0160455536097
310.0 216.0 190.0 107.0
obstacle
0.0159271080047
362.0 214.0 81.0 59.0
obstacle
0.0159233976156
84.0 236.0 102.0 65.0
obstacle
0.0159058570862
38.0 183.0 41.0 17.0
obstacle
0.0157821532339
426.0 158.0 31.0 13.0
obstacle
0.0157137941569
281.0 234.0 90.0 69.0
obstacle
0.0156582277268
0.0 236.0 38.0 17.0
obstacle
0.0155865317211
78.0 84.0 38.0 14.0
obstacle
0.015561289154
316.0 291.0 99.0 42.0
obstacle
0.01552025415
450.0 19.0 50.0 86.0
obstacle
0.0155158787966
198.0 61.0 302.0 113.0
obstacle
0.015456401743
49.0 265.0 94.0 58.0
obstacle
0.0153358234093
316.0 262.0 96.0 64.0
obstacle
0.0153168411925
128.0 99.0 12.0 32.0
obstacle
0.0152509985492
472.0 148.0 16.0 36.0
obstacle
0.0151735115796
1.0 262.0 343.0 71.0
obstacle
0.01510186214
321.0 126.0 11.0 31.0
obstacle
0.0150481173769
202.0 234.0 96.0 68.0
obstacle
0.0149010205641
230.0 0.0 270.0 70.0
obstacle
0.014844018966
210.0 264.0 79.0 60.0
obstacle
0.0146969193593
0.0 213.0 312.0 111.0
obstacle
0.0146356346086
357.0 68.0 16.0 46.0
obstacle
0.014467086643
398.0 97.0 12.0 36.0
obstacle
0.0144000742584
51.0 235.0 91.0 66.0
obstacle
0.014382712543
169.0 262.0 85.0 65.0
obstacle
0.0141874598339
125.0 237.0 99.0 63.0
obstacle
0.0141812274233
98.0 198.0 74.0 37.0
obstacle
0.0139992963523
12.0 239.0 89.0 58.0
obstacle
0.0138737196103
318.0 67.0 17.0 47.0
obstacle
0.0138488830999
361.0 243.0 83.0 51.0
obstacle
0.0137115316465
9.0 179.0 10.0 27.0
obstacle
0.0137052824721
88.0 263.0 93.0 63.0
obstacle
0.0136981466785
77.0 109.0 36.0 12.0
obstacle
0.0136753441766
316.0 175.0 17.0 28.0
obstacle
0.0136067643762
74.0 134.0 42.0 14.0
obstacle
0.0135216601193
280.0 194.0 86.0 40.0
obstacle
0.0134391533211
8.0 226.0 13.0 34.0
obstacle
0.0132305547595
363.0 191.0 83.0 53.0
obstacle
0.0132221542299
87.0 71.0 16.0 39.0
obstacle
0.0131237851456
228.0 234.0 45.0 16.0
obstacle
0.0131121100858
305.0 233.0 43.0 18.0
obstacle
0.0130474837497
318.0 163.0 21.0 11.0
obstacle
0.0129250977188
458.0 183.0 42.0 16.0
obstacle
0.0128920655698
322.0 238.0 83.0 60.0
obstacle
0.0127422567457
457.0 260.0 43.0 18.0
obstacle
0.0127059156075
316.0 218.0 18.0 50.0
obstacle
0.0126352421939
418.0 262.0 49.0 16.0
obstacle
0.0126191191375
47.0 169.0 17.0 46.0
obstacle
0.0125876134261
285.0 266.0 215.0 67.0
obstacle
0.0125859659165
125.0 125.0 14.0 33.0
obstacle
0.0125661725178
433.0 148.0 16.0 35.0
obstacle
0.0124706495553
265.0 233.0 46.0 18.0
obstacle
0.0123652536422
120.0 162.0 30.0 11.0
obstacle
0.0122644416988
113.0 57.0 42.0 16.0
obstacle
0.0122290588915
39.0 133.0 39.0 14.0
obstacle
0.0121078751981
151.0 58.0 42.0 15.0
obstacle
0.0119969286025
169.0 154.0 11.0 26.0
obstacle
0.0119364839047
166.0 127.0 13.0 32.0
obstacle
0.0119332736358
125.0 83.0 20.0 13.0
obstacle
0.0118561508134
166.0 177.0 16.0 23.0
obstacle
0.0118004726246
461.0 57.0 39.0 14.0
obstacle
0.0117916828021
457.0 6.0 43.0 13.0
obstacle
0.0116840209812
77.0 186.0 40.0 14.0
obstacle
0.0116391824558
9.0 75.0 10.0 31.0
obstacle
0.0116014154628
186.0 31.0 50.0 15.0
obstacle
0.0115389069542
225.0 31.0 49.0 15.0
obstacle
0.0115155121312
355.0 175.0 15.0 30.0
obstacle
0.0114281093702
0.0 119.0 147.0 95.0
obstacle
0.0113103408366
264.0 31.0 48.0 15.0
obstacle
0.0113053647801
122.0 185.0 28.0 11.0
obstacle
0.0111603783444
40.0 109.0 36.0 12.0
obstacle
0.0111596798524
265.0 313.0 46.0 16.0
obstacle
0.0111427698284
0.0 160.0 36.0 15.0
obstacle
0.0111367329955
459.0 287.0 41.0 15.0
obstacle
0.0110772009939
278.0 218.0 18.0 49.0
obstacle
0.0110574522987
379.0 57.0 49.0 16.0
obstacle
0.0108406916261
35.0 235.0 46.0 16.0
obstacle
0.0107660088688
459.0 235.0 41.0 15.0
obstacle
0.0107615785673
416.0 209.0 47.0 15.0
obstacle
0.0107536818832
472.0 172.0 16.0 40.0
obstacle
0.0107220951468
0.0 83.0 37.0 17.0
obstacle
0.010695727542
394.0 83.0 19.0 14.0
obstacle
0.0106510268524
0.0 239.0 156.0 94.0
obstacle
0.0106234410778
302.0 30.0 49.0 16.0
