obstacle
0.908566176891
130.0 146.0 320.0 103.0
obstacle
0.110531404614
19.0 171.0 393.0 96.0
obstacle
0.105134174228
182.0 170.0 72.0 54.0
obstacle
0.0998892709613
145.0 170.0 66.0 54.0
obstacle
0.0892886593938
290.0 138.0 67.0 67.0
obstacle
0.0810143724084
201.0 163.0 109.0 66.0
obstacle
0.0802985951304
301.0 127.0 48.0 50.0
obstacle
0.0785853117704
107.0 192.0 393.0 105.0
obstacle
0.0717971548438
205.0 123.0 295.0 109.0
obstacle
0.0668566823006
305.0 172.0 113.0 54.0
obstacle
0.0629640892148
257.0 139.0 73.0 67.0
obstacle
0.0619964711368
354.0 173.0 92.0 51.0
obstacle
0.0615491867065
256.0 169.0 135.0 59.0
obstacle
0.0565099604428
318.0 155.0 13.0 30.0
obstacle
0.0551447607577
283.0 156.0 12.0 30.0
obstacle
0.0494844615459
402.0 172.0 68.0 52.0
obstacle
0.0486556105316
318.0 178.0 15.0 36.0
obstacle
0.0481247156858
117.0 163.0 45.0 67.0
obstacle
0.0465299971402
241.0 0.0 93.0 39.0
obstacle
0.045980822295
219.0 143.0 74.0 64.0
obstacle
0.0452194288373
63.0 131.0 299.0 91.0
obstacle
0.0451792068779
315.0 224.0 104.0 49.0
obstacle
0.0441280938685
310.0 141.0 30.0 14.0
obstacle
0.0420247614384
113.0 182.0 48.0 79.0
obstacle
0.0415547452867
134.0 185.0 79.0 70.0
obstacle
0.0415296554565
314.0 125.0 16.0 45.0
obstacle
0.0395986847579
266.0 123.0 52.0 52.0
obstacle
0.0385924167931
393.0 0.0 95.0 48.0
obstacle
0.038240712136
47.0 0.0 98.0 42.0
obstacle
0.0379264578223
161.0 0.0 98.0 42.0
obstacle
0.0372522547841
83.0 0.0 101.0 40.0
obstacle
0.0369290597737
198.0 0.0 102.0 41.0
obstacle
0.0369127504528
277.0 0.0 98.0 40.0
obstacle
0.0362793616951
227.0 194.0 126.0 50.0
obstacle
0.0361691527069
314.0 162.0 28.0 15.0
obstacle
0.0359106808901
358.0 219.0 84.0 59.0
obstacle
0.0345334522426
157.0 221.0 111.0 54.0
obstacle
0.0344694517553
261.0 79.0 57.0 78.0
obstacle
0.0343997888267
316.0 0.0 96.0 41.0
obstacle
0.0341397002339
119.0 0.0 107.0 42.0
obstacle
0.0339042767882
98.0 214.0 77.0 65.0
obstacle
0.0336573012173
277.0 161.0 27.0 15.0
obstacle
0.0328153930604
0.0 190.0 59.0 68.0
obstacle
0.0327645502985
277.0 139.0 27.0 16.0
obstacle
0.032608743757
185.0 144.0 68.0 60.0
obstacle
0.0325591079891
269.0 198.0 112.0 42.0
obstacle
0.0324564427137
0.0 212.0 53.0 74.0
obstacle
0.0322356335819
314.0 195.0 95.0 46.0
obstacle
0.0319092199206
317.0 202.0 19.0 39.0
obstacle
0.0314915403724
86.0 214.0 328.0 119.0
obstacle
0.0312489140779
316.0 245.0 96.0 55.0
obstacle
0.0311985202134
280.0 182.0 14.0 30.0
obstacle
0.0310095772147
168.0 192.0 90.0 53.0
obstacle
0.0308195333928
196.0 188.0 30.0 12.0
obstacle
0.0302107408643
14.0 0.0 90.0 46.0
obstacle
0.0301992502064
126.0 218.0 98.0 58.0
obstacle
0.0297609344125
202.0 246.0 97.0 54.0
obstacle
0.0296086277813
280.0 204.0 21.0 36.0
obstacle
0.0295512583107
137.0 87.0 305.0 126.0
obstacle
0.0292065702379
212.0 77.0 75.0 82.0
obstacle
0.0291318371892
231.0 138.0 38.0 17.0
obstacle
0.0285495705903
222.0 116.0 59.0 59.0
obstacle
0.0284167677164
354.0 0.0 101.0 44.0
obstacle
0.0278697665781
444.0 164.0 56.0 62.0
obstacle
0.027865557
332.0 110.0 61.0 76.0
obstacle
0.0278376918286
9.0 188.0 99.0 73.0
obstacle
0.0270762592554
187.0 225.0 124.0 42.0
obstacle
0.0269208792597
16.0 161.0 82.0 70.0
obstacle
0.0266868360341
243.0 156.0 13.0 33.0
obstacle
0.0266250353307
243.0 185.0 13.0 23.0
obstacle
0.0265986137092
173.0 243.0 81.0 60.0
obstacle
0.0258842967451
10.0 0.0 325.0 64.0
obstacle
0.0258329100907
181.0 198.0 136.0 43.0
obstacle
0.0254763811827
158.0 189.0 32.0 14.0
obstacle
0.0252023581415
0.0 46.0 53.0 92.0
obstacle
0.0251983962953
440.0 0.0 60.0 52.0
obstacle
0.0247811395675
66.0 188.0 61.0 70.0
obstacle
0.0245983507484
279.0 246.0 97.0 52.0
obstacle
0.0245664473623
0.0 1.0 49.0 79.0
obstacle
0.0243601463735
265.0 5.0 46.0 15.0
obstacle
0.0241465773433
125.0 221.0 16.0 54.0
obstacle
0.0241283345968
238.0 165.0 27.0 13.0
obstacle
0.0240553431213
267.0 110.0 42.0 18.0
obstacle
0.0240201186389
355.0 152.0 13.0 39.0
obstacle
0.0239913985133
327.0 141.0 63.0 66.0
obstacle
0.0239767804742
249.0 52.0 78.0 80.0
obstacle
0.0238049514592
264.0 226.0 124.0 41.0
obstacle
0.0235511697829
115.0 241.0 42.0 15.0
obstacle
0.0232243612409
0.0 261.0 54.0 80.0
obstacle
0.0230676252395
322.0 50.0 86.0 85.0
obstacle
0.0228780377656
355.0 178.0 15.0 38.0
obstacle
0.0228685308248
0.0 99.0 51.0 91.0
obstacle
0.0228531472385
368.0 13.0 69.0 51.0
obstacle
0.0227581262589
189.0 4.0 45.0 15.0
obstacle
0.0227322615683
447.0 127.0 53.0 86.0
obstacle
0.0226591657847
17.0 217.0 84.0 63.0
obstacle
0.0225562397391
360.0 80.0 85.0 77.0
obstacle
0.0224726777524
236.0 187.0 29.0 13.0
obstacle
0.0224453024566
205.0 55.0 90.0 74.0
obstacle
0.0224202163517
53.0 14.0 88.0 49.0
obstacle
0.0221409313381
445.0 48.0 55.0 87.0
obstacle
0.0221388041973
278.0 126.0 17.0 43.0
obstacle
0.0221266895533
349.0 139.0 30.0 15.0
obstacle
0.0220016557723
131.0 0.0 314.0 63.0
obstacle
0.02198385261
284.0 50.0 83.0 86.0
obstacle
0.0218753758818
63.0 216.0 64.0 61.0
obstacle
0.0216643493623
236.0 250.0 108.0 46.0
obstacle
0.0214796531945
0.0 153.0 52.0 87.0
obstacle
0.0213175397366
0.0 161.0 221.0 123.0
obstacle
0.0213080383837
208.0 11.0 82.0 55.0
obstacle
0.0212994311005
84.0 298.0 97.0 43.0
obstacle
0.0210199616849
127.0 182.0 14.0 31.0
obstacle
0.0209168531001
225.0 5.0 50.0 14.0
obstacle
0.0208776090294
319.0 269.0 92.0 64.0
obstacle
0.0207962989807
297.0 83.0 61.0 72.0
obstacle
0.0205244515091
368.0 104.0 69.0 83.0
obstacle
0.0204888787121
90.0 75.0 88.0 84.0
obstacle
0.0203098002821
73.0 5.0 45.0 15.0
obstacle
0.0202583111823
303.0 6.0 47.0 14.0
obstacle
0.0201877411455
47.0 57.0 95.0 69.0
obstacle
0.0200087167323
397.0 180.0 13.0 33.0
obstacle
0.0198589898646
138.0 105.0 69.0 75.0
obstacle
0.0198175702244
91.0 12.0 84.0 54.0
obstacle
0.0196911823004
135.0 73.0 76.0 88.0
obstacle
0.0194503348321
94.0 269.0 83.0 63.0
obstacle
0.019355231896
353.0 243.0 98.0 63.0
obstacle
0.0193517971784
284.0 0.0 216.0 59.0
obstacle
0.0192621592432
328.0 80.0 75.0 79.0
obstacle
0.0192547682673
443.0 237.0 57.0 75.0
obstacle
0.0192388519645
163.0 294.0 96.0 47.0
obstacle
0.0192160736769
443.0 212.0 57.0 75.0
obstacle
0.0191604122519
18.0 14.0 80.0 50.0
obstacle
0.0190944243222
441.0 293.0 59.0 48.0
obstacle
0.0190727561712
240.0 221.0 102.0 48.0
obstacle
0.0190489236265
10.0 55.0 95.0 74.0
obstacle
0.0190036240965
138.0 245.0 70.0 55.0
obstacle
0.0189735200256
346.0 241.0 40.0 16.0
obstacle
0.0189186204225
240.0 125.0 15.0 43.0
obstacle
0.0188185684383
357.0 47.0 94.0 91.0
obstacle
0.0187861863524
164.0 12.0 93.0 55.0
obstacle
0.0187072623521
173.0 70.0 78.0 96.0
obstacle
0.0185648687184
394.0 300.0 96.0 41.0
obstacle
0.0185202285647
400.0 217.0 77.0 62.0
obstacle
0.0184959024191
276.0 91.0 19.0 57.0
obstacle
0.0184685476124
150.0 263.0 350.0 78.0
obstacle
0.0184495728463
213.0 171.0 287.0 97.0
obstacle
0.0183935705572
49.0 272.0 94.0 58.0
obstacle
0.0183738898486
203.0 294.0 92.0 47.0
obstacle
0.0183227807283
283.0 272.0 88.0 56.0
obstacle
0.0183054897934
149.0 5.0 48.0 15.0
obstacle
0.0182807240635
355.0 164.0 20.0 14.0
obstacle
0.0182576924562
49.0 296.0 92.0 45.0
obstacle
0.01811943762
355.0 124.0 17.0 44.0
obstacle
0.018093187362
12.0 78.0 89.0 79.0
obstacle
0.0180885288864
202.0 0.0 18.0 36.0
obstacle
0.0180358849466
383.0 7.0 42.0 13.0
obstacle
0.0179999880493
198.0 167.0 24.0 11.0
obstacle
0.0179931856692
48.0 34.0 94.0 64.0
obstacle
0.0179913025349
0.0 211.0 218.0 129.0
obstacle
0.0178326889873
356.0 297.0 95.0 44.0
obstacle
0.0177958291024
93.0 98.0 79.0 91.0
obstacle
0.0177729297429
343.0 7.0 45.0 13.0
obstacle
0.0177356619388
96.0 241.0 79.0 66.0
obstacle
0.0177064649761
330.0 9.0 71.0 60.0
obstacle
0.0176566746086
148.0 132.0 57.0 78.0
obstacle
0.0176510475576
11.0 26.0 93.0 80.0
obstacle
0.0176093336195
250.0 9.0 74.0 59.0
obstacle
0.0175770316273
401.0 78.0 81.0 81.0
obstacle
0.0174709036946
314.0 188.0 25.0 12.0
obstacle
0.0174676477909
179.0 112.0 66.0 62.0
obstacle
0.0174447223544
60.0 249.0 72.0 52.0
obstacle
0.0173856746405
280.0 294.0 92.0 47.0
obstacle
0.0172882098705
163.0 0.0 19.0 35.0
obstacle
0.017256366089
17.0 128.0 79.0 85.0
obstacle
0.017237547785
344.0 112.0 40.0 15.0
obstacle
0.0172283183783
65.0 154.0 65.0 86.0
obstacle
0.0172235481441
0.0 79.0 222.0 131.0
obstacle
0.0172085464001
276.0 188.0 27.0 12.0
obstacle
0.0169845130295
51.0 77.0 89.0 80.0
obstacle
0.0169543046504
237.0 218.0 263.0 111.0
obstacle
0.0169534105808
317.0 93.0 17.0 50.0
obstacle
0.0169410016388
113.0 4.0 43.0 16.0
obstacle
0.0168933719397
85.0 0.0 18.0 33.0
obstacle
0.0168360192329
8.0 296.0 98.0 45.0
obstacle
0.0168054513633
162.0 33.0 93.0 64.0
obstacle
0.0168021582067
354.0 201.0 18.0 40.0
obstacle
0.0167888384312
307.0 111.0 40.0 17.0
obstacle
0.0167471114546
279.0 0.0 17.0 35.0
obstacle
0.0165258161724
403.0 34.0 75.0 64.0
obstacle
0.0165092553943
403.0 52.0 78.0 81.0
obstacle
0.0165063850582
0.0 217.0 39.0 16.0
obstacle
0.0164323039353
0.0 267.0 296.0 74.0
obstacle
0.0163885038346
15.0 242.0 88.0 67.0
obstacle
0.0162254031748
124.0 10.0 96.0 59.0
obstacle
0.016129238531
205.0 185.0 13.0 23.0
obstacle
0.0160479396582
380.0 110.0 47.0 17.0
obstacle
0.0159752462059
118.0 190.0 36.0 14.0
obstacle
0.0159725453705
0.0 28.0 212.0 127.0
obstacle
0.0158940758556
246.0 34.0 83.0 64.0
obstacle
0.015867844224
165.0 51.0 92.0 81.0
obstacle
0.0157727692276
106.0 57.0 285.0 125.0
obstacle
0.0157689265907
404.0 103.0 73.0 82.0
obstacle
0.0157574098557
49.0 1.0 324.0 129.0
obstacle
0.0156492590904
131.0 34.0 82.0 60.0
obstacle
0.0155766392127
36.0 5.0 43.0 15.0
obstacle
0.0155083080754
240.0 0.0 18.0 35.0
obstacle
0.0154573088512
384.0 138.0 38.0 16.0
obstacle
0.0153857115656
240.0 205.0 21.0 33.0
obstacle
0.0153634194285
58.0 101.0 73.0 85.0
obstacle
0.0153404688463
393.0 94.0 18.0 49.0
obstacle
0.0153276110068
318.0 0.0 17.0 35.0
obstacle
0.015251070261
396.0 122.0 14.0 48.0
obstacle
0.0152265252545
205.0 34.0 85.0 63.0
obstacle
0.0150840403512
14.0 108.0 85.0 74.0
obstacle
0.0150752011687
38.0 216.0 41.0 15.0
obstacle
0.0149532491341
355.0 227.0 21.0 43.0
obstacle
0.014890098013
418.0 5.0 46.0 16.0
obstacle
0.0148562770337
278.0 66.0 20.0 52.0
obstacle
0.0148536022753
226.0 111.0 46.0 17.0
obstacle
0.0147799085826
444.0 182.0 56.0 79.0
obstacle
0.0147026944906
262.0 55.0 238.0 127.0
obstacle
0.0146895227954
285.0 29.0 82.0 74.0
obstacle
0.0146800214425
289.0 9.0 75.0 62.0
obstacle
0.014645180665
323.0 32.0 82.0 67.0
obstacle
0.014605993405
238.0 296.0 100.0 45.0
obstacle
0.0144882788882
460.0 6.0 40.0 14.0
obstacle
0.0144623192027
356.0 193.0 88.0 54.0
obstacle
0.0142989568412
124.0 0.0 17.0 35.0
obstacle
0.0142795899883
124.0 298.0 97.0 43.0
obstacle
0.0142302801833
359.0 31.0 88.0 69.0
obstacle
0.0140909953043
473.0 0.0 17.0 33.0
obstacle
0.0140743516386
86.0 32.0 94.0 66.0
obstacle
0.0140259144828
8.0 205.0 13.0 37.0
obstacle
0.0139810452238
434.0 179.0 15.0 36.0
obstacle
0.0137212816626
189.0 138.0 42.0 15.0
obstacle
0.0137081798166
127.0 203.0 11.0 41.0
obstacle
0.0136844264343
359.0 274.0 90.0 54.0
obstacle
0.0135768428445
343.0 268.0 43.0 15.0
obstacle
0.0134879462421
170.0 26.0 314.0 131.0
obstacle
0.0134818004444
341.0 84.0 47.0 17.0
obstacle
0.013366503641
392.0 188.0 26.0 15.0
obstacle
0.0133514832705
342.0 146.0 158.0 104.0
obstacle
0.0133236600086
310.0 213.0 32.0 13.0
obstacle
0.0131826428697
233.0 215.0 34.0 12.0
obstacle
0.0131269078702
420.0 33.0 44.0 13.0
obstacle
0.0131064141169
398.0 273.0 87.0 58.0
obstacle
0.0130999190733
0.0 93.0 313.0 157.0
obstacle
0.0129471933469
273.0 215.0 33.0 13.0
obstacle
0.0128840971738
459.0 320.0 41.0 16.0
obstacle
0.012850468047
356.0 0.0 16.0 34.0
obstacle
0.0127260703593
205.0 270.0 91.0 60.0
obstacle
0.0126886954531
264.0 84.0 47.0 16.0
obstacle
0.0126620205119
355.0 90.0 15.0 55.0
obstacle
0.0126193426549
239.0 95.0 17.0 49.0
obstacle
0.0125986430794
385.0 242.0 37.0 15.0
obstacle
0.0125729739666
461.0 85.0 39.0 14.0
obstacle
0.0125633878633
317.0 270.0 183.0 71.0
obstacle
0.0125590208918
315.0 65.0 20.0 54.0
obstacle
0.0125146424398
0.0 196.0 158.0 107.0
obstacle
0.0124302236363
9.0 124.0 12.0 41.0
obstacle
0.0124020865187
354.0 65.0 19.0 54.0
obstacle
0.0123955933377
0.0 64.0 154.0 107.0
obstacle
0.0123632457107
331.0 86.0 169.0 118.0
obstacle
0.0123070171103
0.0 6.0 38.0 14.0
obstacle
0.0122890044004
241.0 251.0 16.0 47.0
obstacle
0.0121781667694
0.0 115.0 156.0 111.0
obstacle
0.0121747869998
133.0 269.0 79.0 62.0
obstacle
0.0121612604707
113.0 130.0 47.0 79.0
obstacle
0.0121429860592
290.0 0.0 210.0 132.0
obstacle
0.0120173916221
281.0 224.0 18.0 47.0
obstacle
0.0119656724855
475.0 72.0 15.0 40.0
obstacle
0.0119608137757
203.0 123.0 15.0 44.0
obstacle
0.0118355192244
302.0 84.0 47.0 17.0
obstacle
0.0118170268834
0.0 190.0 41.0 16.0
obstacle
0.0117575675249
48.0 198.0 18.0 51.0
obstacle
0.0117486706004
458.0 242.0 42.0 13.0
obstacle
0.0117213213816
0.0 13.0 158.0 105.0
obstacle
0.0117135765031
392.0 65.0 19.0 53.0
obstacle
0.011635215953
425.0 190.0 34.0 14.0
obstacle
0.011608928442
460.0 111.0 40.0 15.0
obstacle
0.0115604288876
463.0 32.0 36.0 14.0
obstacle
0.0115520423278
323.0 189.0 177.0 122.0
obstacle
0.0115262325853
475.0 120.0 14.0 48.0
obstacle
0.0115001881495
433.0 0.0 17.0 33.0
obstacle
0.0114887394011
240.0 273.0 99.0 54.0
obstacle
0.0114841805771
354.0 188.0 21.0 14.0
obstacle
0.0114621240646
0.0 85.0 40.0 17.0
obstacle
0.0114513756707
228.0 84.0 43.0 16.0
obstacle
0.0113982213661
278.0 253.0 18.0 42.0
obstacle
0.0113399401307
0.0 137.0 39.0 18.0
obstacle
0.0113322231919
431.0 23.0 19.0 34.0
obstacle
0.0112923001871
9.0 72.0 13.0 39.0
obstacle
0.0112848030403
0.0 321.0 39.0 16.0
obstacle
0.0112840998918
0.0 0.0 158.0 64.0
obstacle
0.0112835932523
395.0 0.0 14.0 34.0
obstacle
0.0112486714497
0.0 243.0 38.0 15.0
obstacle
0.0112430239096
405.0 237.0 73.0 76.0
obstacle
0.0112320091575
463.0 189.0 36.0 13.0
obstacle
0.0112291062251
0.0 33.0 38.0 15.0
obstacle
0.0111713968217
459.0 136.0 41.0 16.0
