obstacle
0.792504310608
83.0 169.0 104.0 43.0
obstacle
0.704579591751
231.0 142.0 129.0 57.0
obstacle
0.568278551102
413.0 100.0 58.0 19.0
obstacle
0.350039541721
423.0 103.0 42.0 13.0
obstacle
0.32113468647
369.0 109.0 78.0 20.0
obstacle
0.262594908476
323.0 145.0 67.0 34.0
obstacle
0.250350415707
74.0 173.0 71.0 35.0
obstacle
0.23021055758
438.0 96.0 60.0 27.0
obstacle
0.222592607141
221.0 155.0 85.0 35.0
obstacle
0.219325378537
411.0 81.0 67.0 38.0
obstacle
0.196007996798
237.0 164.0 104.0 38.0
obstacle
0.182716265321
391.0 111.0 23.0 10.0
obstacle
0.180592402816
337.0 110.0 60.0 21.0
obstacle
0.161445721984
95.0 147.0 79.0 53.0
obstacle
0.154367998242
356.0 113.0 12.0 11.0
obstacle
0.139819994569
60.0 158.0 219.0 68.0
obstacle
0.13577285409
365.0 143.0 65.0 36.0
obstacle
0.130722478032
104.0 139.0 300.0 59.0
obstacle
0.119998663664
91.0 192.0 88.0 39.0
obstacle
0.115519739687
224.0 165.0 65.0 37.0
obstacle
0.110808923841
462.0 106.0 29.0 10.0
obstacle
0.110490515828
440.0 77.0 60.0 39.0
obstacle
0.10648752749
256.0 132.0 208.0 65.0
obstacle
0.0966460779309
437.0 105.0 13.0 14.0
obstacle
0.095638372004
326.0 115.0 14.0 9.0
obstacle
0.0899585485458
289.0 124.0 84.0 45.0
obstacle
0.0892028361559
406.0 112.0 70.0 46.0
obstacle
0.0793064981699
325.0 124.0 69.0 41.0
obstacle
0.0774805769324
114.0 182.0 35.0 16.0
obstacle
0.0765499249101
364.0 77.0 87.0 36.0
obstacle
0.0748506337404
171.0 110.0 312.0 73.0
obstacle
0.0728543922305
129.0 144.0 84.0 54.0
obstacle
0.0646912828088
365.0 123.0 70.0 32.0
obstacle
0.064654700458
73.0 150.0 62.0 39.0
obstacle
0.0628573223948
258.0 121.0 75.0 47.0
obstacle
0.0617532208562
403.0 142.0 75.0 43.0
obstacle
0.0605518296361
181.0 155.0 218.0 61.0
obstacle
0.0595897659659
26.0 130.0 294.0 79.0
obstacle
0.058828253299
390.0 156.0 27.0 14.0
obstacle
0.0582028664649
126.0 190.0 85.0 46.0
obstacle
0.0561015382409
393.0 89.0 23.0 13.0
obstacle
0.0534774400294
167.0 171.0 75.0 34.0
obstacle
0.0497955791652
447.0 112.0 53.0 52.0
obstacle
0.0481228753924
241.0 160.0 21.0 12.0
obstacle
0.047146525234
338.0 83.0 162.0 65.0
obstacle
0.0464214272797
284.0 90.0 216.0 97.0
obstacle
0.0461310409009
277.0 156.0 26.0 17.0
obstacle
0.0457002595067
173.0 136.0 311.0 99.0
obstacle
0.0449953712523
444.0 137.0 56.0 56.0
obstacle
0.0439693294466
122.0 182.0 16.0 18.0
obstacle
0.0439364463091
307.0 106.0 50.0 22.0
obstacle
0.0432725474238
154.0 184.0 38.0 14.0
obstacle
0.0430657528341
175.0 147.0 83.0 47.0
obstacle
0.0420014858246
85.0 185.0 24.0 12.0
obstacle
0.041641857475
0.0 169.0 286.0 89.0
obstacle
0.0405910387635
232.0 113.0 31.0 9.0
obstacle
0.0399327501655
463.0 88.0 33.0 11.0
obstacle
0.0399272218347
65.0 187.0 73.0 50.0
obstacle
0.0398757606745
326.0 73.0 83.0 41.0
obstacle
0.0398342683911
430.0 93.0 26.0 9.0
obstacle
0.0393306240439
313.0 154.0 26.0 15.0
obstacle
0.0393144004047
428.0 131.0 29.0 12.0
obstacle
0.0391485728323
12.0 0.0 91.0 43.0
obstacle
0.0390199571848
16.0 113.0 79.0 54.0
obstacle
0.0381262712181
163.0 174.0 18.0 33.0
obstacle
0.0377758480608
20.0 174.0 83.0 37.0
obstacle
0.0369506552815
353.0 157.0 23.0 12.0
obstacle
0.036600548774
0.0 158.0 54.0 66.0
obstacle
0.0364244505763
17.0 89.0 78.0 51.0
obstacle
0.0361243337393
27.0 84.0 368.0 119.0
obstacle
0.0357081368566
241.0 153.0 16.0 28.0
obstacle
0.0353485941887
246.0 68.0 83.0 47.0
obstacle
0.0353181436658
0.0 111.0 45.0 62.0
obstacle
0.0353162549436
393.0 152.0 16.0 26.0
obstacle
0.0352519154549
193.0 113.0 34.0 10.0
obstacle
0.0349103584886
448.0 261.0 52.0 64.0
obstacle
0.0343053154647
217.0 90.0 65.0 48.0
obstacle
0.0342765711248
317.0 152.0 16.0 26.0
obstacle
0.0342424660921
19.0 142.0 79.0 47.0
obstacle
0.0341845154762
103.0 113.0 63.0 56.0
obstacle
0.0330948978662
354.0 89.0 24.0 12.0
obstacle
0.0329880677164
0.0 82.0 49.0 66.0
obstacle
0.0327811129391
444.0 159.0 56.0 65.0
obstacle
0.0327682979405
94.0 86.0 78.0 59.0
obstacle
0.0325221940875
0.0 138.0 49.0 58.0
obstacle
0.0322272628546
0.0 48.0 47.0 83.0
obstacle
0.0321389548481
399.0 166.0 84.0 51.0
obstacle
0.0319195836782
395.0 112.0 10.0 12.0
obstacle
0.0317215435207
319.0 165.0 84.0 45.0
obstacle
0.0313969664276
427.0 158.0 32.0 14.0
obstacle
0.0310822632164
465.0 132.0 30.0 12.0
obstacle
0.0310011263937
277.0 113.0 24.0 9.0
obstacle
0.0305544734001
62.0 114.0 66.0 50.0
obstacle
0.0302154757082
116.0 111.0 35.0 12.0
obstacle
0.0298527181149
236.0 191.0 105.0 47.0
obstacle
0.0296900067478
287.0 65.0 85.0 53.0
obstacle
0.0295424927026
473.0 106.0 12.0 15.0
obstacle
0.0295112170279
400.0 189.0 83.0 57.0
obstacle
0.0294878128916
134.0 115.0 73.0 51.0
obstacle
0.0287070851773
120.0 161.0 30.0 15.0
obstacle
0.0286372471601
39.0 110.0 37.0 12.0
obstacle
0.0284552220255
98.0 56.0 74.0 68.0
obstacle
0.0281549226493
321.0 126.0 16.0 28.0
obstacle
0.0280427075922
137.0 55.0 70.0 71.0
obstacle
0.0277686845511
21.0 56.0 72.0 68.0
obstacle
0.0277451090515
106.0 179.0 363.0 126.0
obstacle
0.0276350881904
0.0 182.0 52.0 71.0
obstacle
0.02759276703
173.0 91.0 75.0 47.0
obstacle
0.0275821927935
54.0 90.0 80.0 50.0
obstacle
0.0268730763346
40.0 132.0 35.0 15.0
obstacle
0.0268627256155
355.0 151.0 13.0 24.0
obstacle
0.0265700984746
440.0 238.0 60.0 61.0
obstacle
0.0265674181283
78.0 112.0 34.0 11.0
obstacle
0.0265119578689
44.0 0.0 102.0 45.0
obstacle
0.0264089293778
278.0 136.0 28.0 10.0
obstacle
0.0263906568289
0.0 287.0 63.0 46.0
obstacle
0.0262895803899
190.0 0.0 310.0 131.0
obstacle
0.0262767001987
361.0 186.0 84.0 60.0
obstacle
0.0260432548821
53.0 26.0 84.0 77.0
obstacle
0.0260412078351
254.0 99.0 70.0 32.0
obstacle
0.0257650520653
366.0 169.0 76.0 44.0
obstacle
0.0257550720125
236.0 135.0 29.0 12.0
obstacle
0.0256099104881
155.0 135.0 36.0 13.0
obstacle
0.0255516003817
272.0 85.0 31.0 13.0
obstacle
0.0253736954182
360.0 34.0 83.0 62.0
obstacle
0.0253588445485
280.0 75.0 16.0 32.0
obstacle
0.0250666383654
393.0 0.0 96.0 47.0
obstacle
0.0249976161867
282.0 214.0 88.0 56.0
obstacle
0.0249131582677
394.0 246.0 96.0 47.0
obstacle
0.0249045621604
136.0 87.0 72.0 57.0
obstacle
0.0248777382076
323.0 32.0 84.0 66.0
obstacle
0.0248604528606
195.0 133.0 34.0 14.0
obstacle
0.0247182939202
122.0 215.0 100.0 53.0
obstacle
0.0245991684496
344.0 60.0 40.0 14.0
obstacle
0.0245699211955
0.0 0.0 56.0 52.0
obstacle
0.024546450004
445.0 179.0 55.0 76.0
obstacle
0.024482710287
439.0 0.0 61.0 49.0
obstacle
0.0244755409658
115.0 135.0 37.0 13.0
obstacle
0.024424565956
318.0 191.0 90.0 52.0
obstacle
0.0244191717356
404.0 271.0 76.0 45.0
obstacle
0.0243448819965
324.0 209.0 82.0 68.0
obstacle
0.0242835301906
207.0 59.0 88.0 61.0
obstacle
0.024121042341
348.0 58.0 152.0 68.0
obstacle
0.0239989142865
155.0 113.0 35.0 10.0
obstacle
0.0238739922643
357.0 78.0 13.0 27.0
obstacle
0.0238518118858
253.0 160.0 247.0 115.0
obstacle
0.0236282125115
165.0 59.0 89.0 61.0
obstacle
0.023598190397
393.0 131.0 24.0 12.0
obstacle
0.023513155058
210.0 190.0 85.0 49.0
obstacle
0.0234690848738
225.0 120.0 62.0 41.0
obstacle
0.0232068393379
423.0 59.0 40.0 14.0
obstacle
0.022954819724
275.0 192.0 100.0 47.0
obstacle
0.0228855125606
0.0 79.0 220.0 124.0
obstacle
0.0226520821452
125.0 123.0 16.0 36.0
obstacle
0.0225366856903
318.0 87.0 24.0 13.0
obstacle
0.022151524201
287.0 2.0 78.0 74.0
obstacle
0.0221339967102
402.0 34.0 79.0 63.0
obstacle
0.022085821256
91.0 184.0 14.0 18.0
obstacle
0.0220603756607
0.0 204.0 51.0 80.0
obstacle
0.022058127448
179.0 116.0 66.0 47.0
obstacle
0.0220271255821
460.0 158.0 40.0 15.0
obstacle
0.0219743717462
245.0 2.0 82.0 73.0
obstacle
0.0217497479171
442.0 207.0 58.0 70.0
obstacle
0.0216944981366
123.0 145.0 19.0 45.0
obstacle
0.0216786786914
433.0 148.0 18.0 34.0
obstacle
0.0216169003397
386.0 60.0 33.0 14.0
obstacle
0.0215781014413
243.0 52.0 247.0 82.0
obstacle
0.021476900205
282.0 105.0 13.0 24.0
obstacle
0.0214430168271
80.0 51.0 417.0 132.0
obstacle
0.0214047841728
320.0 133.0 19.0 11.0
obstacle
0.02136814408
279.0 233.0 96.0 70.0
obstacle
0.0213556215167
205.0 1.0 85.0 75.0
obstacle
0.0212658923119
356.0 0.0 94.0 51.0
obstacle
0.0210929438472
171.0 195.0 73.0 37.0
obstacle
0.0209883395582
395.0 212.0 91.0 62.0
obstacle
0.0208829082549
281.0 122.0 16.0 36.0
obstacle
0.0207468513399
286.0 29.0 82.0 70.0
obstacle
0.0205209162086
0.0 0.0 239.0 138.0
obstacle
0.0204659644514
85.0 220.0 103.0 44.0
obstacle
0.0204473678023
440.0 291.0 60.0 42.0
obstacle
0.0202532280236
0.0 252.0 50.0 81.0
obstacle
0.020192572847
240.0 211.0 96.0 61.0
obstacle
0.0201870407909
369.0 261.0 70.0 66.0
obstacle
0.020033609122
325.0 1.0 78.0 75.0
obstacle
0.0199539978057
40.0 85.0 35.0 12.0
obstacle
0.0199323557317
50.0 212.0 95.0 61.0
obstacle
0.0198603849858
318.0 235.0 94.0 68.0
obstacle
0.0197165124118
0.0 64.0 305.0 104.0
obstacle
0.0196611937135
209.0 267.0 80.0 57.0
obstacle
0.0194864105433
422.0 183.0 41.0 16.0
obstacle
0.0193966627121
60.0 60.0 71.0 57.0
obstacle
0.019329437986
28.0 0.0 289.0 70.0
obstacle
0.0193172190338
359.0 208.0 87.0 70.0
obstacle
0.0192216970026
0.0 111.0 34.0 13.0
obstacle
0.0190855041146
121.0 0.0 100.0 49.0
obstacle
0.0190475862473
136.0 0.0 305.0 70.0
obstacle
0.0189888067544
78.0 134.0 36.0 13.0
obstacle
0.0189744438976
166.0 1.0 88.0 76.0
obstacle
0.0184384807944
434.0 123.0 16.0 32.0
obstacle
0.0183726046234
0.0 0.0 192.0 65.0
obstacle
0.018282359466
200.0 289.0 101.0 44.0
obstacle
0.0182212796062
321.0 221.0 179.0 98.0
obstacle
0.0181551128626
354.0 48.0 18.0 36.0
obstacle
0.0181453935802
194.0 87.0 35.0 11.0
obstacle
0.0180740952492
40.0 25.0 343.0 129.0
obstacle
0.0180069357157
87.0 0.0 92.0 46.0
obstacle
0.0179865546525
233.0 86.0 33.0 12.0
obstacle
0.0179788824171
208.0 26.0 85.0 74.0
obstacle
0.0179644450545
6.0 292.0 104.0 41.0
obstacle
0.0179302413017
0.0 190.0 215.0 108.0
obstacle
0.0179101265967
119.0 208.0 34.0 16.0
obstacle
0.0177451968193
235.0 181.0 28.0 14.0
obstacle
0.0176453255117
115.0 85.0 39.0 12.0
obstacle
0.0176250580698
48.0 238.0 95.0 61.0
obstacle
0.0175620280206
393.0 48.0 17.0 34.0
obstacle
0.0174869224429
443.0 26.0 57.0 76.0
obstacle
0.0174547601491
162.0 164.0 25.0 11.0
obstacle
0.0173036344349
350.0 290.0 106.0 43.0
obstacle
0.0172864254564
129.0 264.0 90.0 60.0
obstacle
0.0172642003745
20.0 22.0 75.0 84.0
obstacle
0.017184458673
242.0 265.0 92.0 58.0
obstacle
0.0171351376921
48.0 123.0 16.0 36.0
obstacle
0.0170620586723
163.0 123.0 17.0 38.0
obstacle
0.0169978756458
474.0 147.0 16.0 38.0
obstacle
0.0169165339321
117.0 291.0 111.0 42.0
obstacle
0.0169005375355
272.0 182.0 34.0 14.0
obstacle
0.0168972257525
310.0 289.0 112.0 44.0
obstacle
0.0168337803334
135.0 19.0 76.0 90.0
obstacle
0.016737472266
305.0 58.0 41.0 16.0
obstacle
0.0167293641716
43.0 158.0 33.0 15.0
obstacle
0.0167265627533
321.0 258.0 88.0 70.0
obstacle
0.0166226103902
0.0 134.0 33.0 16.0
obstacle
0.0166183393449
280.0 262.0 94.0 64.0
obstacle
0.0166084617376
0.0 205.0 318.0 125.0
obstacle
0.0165971890092
129.0 240.0 87.0 58.0
obstacle
0.0165317356586
0.0 261.0 271.0 72.0
obstacle
0.0164592061192
89.0 235.0 91.0 67.0
obstacle
0.0164266228676
321.0 78.0 13.0 27.0
obstacle
0.0164058897644
22.0 191.0 74.0 48.0
obstacle
0.0161870773882
14.0 214.0 91.0 57.0
obstacle
0.0161220747977
9.0 73.0 11.0 33.0
obstacle
0.0160395726562
76.0 290.0 116.0 43.0
obstacle
0.0159844290465
169.0 241.0 84.0 57.0
obstacle
0.0159593019634
208.0 211.0 84.0 63.0
obstacle
0.0159185547382
358.0 237.0 92.0 65.0
obstacle
0.0158962290734
0.0 142.0 162.0 101.0
obstacle
0.0156497489661
71.0 57.0 49.0 15.0
obstacle
0.0156297963113
176.0 22.0 70.0 84.0
obstacle
0.0155925014988
84.0 163.0 29.0 12.0
obstacle
0.0155594618991
157.0 291.0 109.0 42.0
obstacle
0.0155122885481
320.0 175.0 16.0 30.0
obstacle
0.0154720107093
45.0 291.0 99.0 42.0
obstacle
0.0153915034607
243.0 235.0 90.0 67.0
obstacle
0.0153905348852
284.0 0.0 216.0 74.0
obstacle
0.015343352221
169.0 267.0 85.0 55.0
obstacle
0.0152624640614
12.0 239.0 94.0 58.0
obstacle
0.0151260942221
0.0 160.0 36.0 15.0
obstacle
0.015125493519
313.0 18.0 187.0 96.0
obstacle
0.0150540284812
357.0 130.0 11.0 18.0
obstacle
0.0150514673442
474.0 124.0 16.0 30.0
obstacle
0.0150085231289
463.0 59.0 33.0 13.0
obstacle
0.0149944908917
95.0 21.0 76.0 85.0
obstacle
0.0149922594428
324.0 136.0 176.0 112.0
obstacle
0.0149251576513
459.0 286.0 41.0 16.0
obstacle
0.0148948123679
0.0 85.0 37.0 14.0
obstacle
0.0148834381253
88.0 97.0 16.0 37.0
obstacle
0.0147905610502
49.0 98.0 13.0 35.0
obstacle
0.0147837875411
459.0 184.0 41.0 16.0
obstacle
0.0145321739838
244.0 127.0 12.0 29.0
obstacle
0.0144283836707
163.0 213.0 95.0 60.0
obstacle
0.0141829885542
36.0 5.0 41.0 14.0
obstacle
0.0141742499545
161.0 264.0 329.0 69.0
obstacle
0.0140676926821
457.0 210.0 43.0 15.0
obstacle
0.0139279104769
204.0 102.0 14.0 27.0
obstacle
0.0137643432245
431.0 45.0 19.0 41.0
obstacle
0.0137610798702
242.0 72.0 14.0 36.0
obstacle
0.0137503473088
155.0 86.0 34.0 13.0
obstacle
0.0137112457305
247.0 31.0 83.0 65.0
obstacle
0.0136901810765
0.0 183.0 37.0 18.0
obstacle
0.0136625198647
242.0 101.0 13.0 30.0
obstacle
0.0136470291764
235.0 290.0 106.0 43.0
obstacle
0.0134191904217
394.0 79.0 14.0 28.0
obstacle
0.013192971237
155.0 208.0 37.0 14.0
obstacle
0.0131403347477
8.0 101.0 10.0 29.0
obstacle
0.0131127359346
86.0 125.0 15.0 33.0
obstacle
0.0129370354116
431.0 171.0 20.0 41.0
obstacle
0.012935359031
316.0 48.0 17.0 35.0
obstacle
0.0128992283717
163.0 146.0 17.0 42.0
obstacle
0.0128708938137
126.0 97.0 15.0 38.0
obstacle
0.0128453960642
197.0 185.0 27.0 9.0
obstacle
0.0128221409395
8.0 125.0 9.0 31.0
obstacle
0.0127954157069
472.0 77.0 12.0 28.0
obstacle
0.0126253012568
49.0 69.0 15.0 41.0
obstacle
0.0125431185588
458.0 6.0 42.0 14.0
obstacle
0.0125313438475
207.0 232.0 86.0 74.0
obstacle
0.0125058945268
354.0 13.0 18.0 52.0
obstacle
0.0124761778861
9.0 45.0 10.0 38.0
obstacle
0.0124418707564
282.0 179.0 17.0 23.0
obstacle
0.0124323777854
79.0 85.0 33.0 11.0
obstacle
0.0122302984819
340.0 31.0 50.0 16.0
