obstacle
0.831682860851
39.0 69.0 419.0 144.0
obstacle
0.404205620289
24.0 91.0 304.0 94.0
obstacle
0.240992873907
109.0 80.0 61.0 72.0
obstacle
0.125875771046
239.0 107.0 96.0 66.0
obstacle
0.120113231242
101.0 58.0 60.0 68.0
obstacle
0.0749647840858
198.0 116.0 102.0 52.0
obstacle
0.0732105597854
159.0 107.0 326.0 112.0
obstacle
0.0710449740291
278.0 119.0 20.0 40.0
obstacle
0.0700249969959
123.0 111.0 100.0 55.0
obstacle
0.0696943029761
130.0 88.0 74.0 63.0
obstacle
0.06509462744
68.0 57.0 64.0 66.0
obstacle
0.0612792223692
356.0 164.0 92.0 59.0
obstacle
0.0583432875574
278.0 114.0 80.0 57.0
obstacle
0.0576378069818
105.0 111.0 71.0 52.0
obstacle
0.0568490214646
43.0 19.0 336.0 147.0
obstacle
0.0549893341959
285.0 189.0 80.0 51.0
obstacle
0.0548635385931
10.0 0.0 91.0 39.0
obstacle
0.0490276478231
76.0 130.0 344.0 116.0
obstacle
0.0482333749533
257.0 63.0 59.0 56.0
obstacle
0.0449699908495
217.0 62.0 66.0 58.0
obstacle
0.0423688665032
239.0 130.0 261.0 122.0
obstacle
0.0394061990082
0.0 36.0 280.0 113.0
obstacle
0.0389915518463
294.0 60.0 66.0 60.0
obstacle
0.0365497209132
326.0 165.0 79.0 53.0
obstacle
0.0360785871744
185.0 54.0 315.0 124.0
obstacle
0.0357664749026
316.0 122.0 17.0 39.0
obstacle
0.0352413542569
449.0 192.0 51.0 49.0
obstacle
0.0350283384323
122.0 27.0 102.0 73.0
obstacle
0.0346906147897
243.0 117.0 16.0 47.0
obstacle
0.0344243571162
22.0 58.0 70.0 65.0
obstacle
0.0342927277088
20.0 87.0 81.0 58.0
obstacle
0.0341714918613
76.0 76.0 54.0 76.0
obstacle
0.0337613001466
438.0 0.0 62.0 42.0
obstacle
0.0336214005947
313.0 11.0 106.0 54.0
obstacle
0.033251632005
11.0 30.0 93.0 66.0
obstacle
0.0331117175519
100.0 33.0 68.0 64.0
obstacle
0.0329313576221
127.0 140.0 93.0 50.0
obstacle
0.0329110436141
225.0 82.0 47.0 16.0
obstacle
0.0328420139849
85.0 137.0 105.0 54.0
obstacle
0.0324523411691
60.0 34.0 74.0 62.0
obstacle
0.0324152074754
240.0 94.0 18.0 45.0
obstacle
0.0322762951255
114.0 109.0 42.0 14.0
obstacle
0.0320845097303
346.0 36.0 118.0 55.0
obstacle
0.031945746392
247.0 193.0 84.0 44.0
obstacle
0.0316239781678
169.0 115.0 89.0 54.0
obstacle
0.0315594561398
0.0 0.0 51.0 44.0
obstacle
0.0306920390576
385.0 38.0 115.0 53.0
obstacle
0.0304712746292
16.0 212.0 77.0 63.0
obstacle
0.030305268243
244.0 0.0 85.0 44.0
obstacle
0.0300944894552
168.0 33.0 87.0 63.0
obstacle
0.0299177002162
126.0 0.0 91.0 42.0
obstacle
0.0297981351614
0.0 53.0 49.0 72.0
obstacle
0.0294585227966
272.0 131.0 38.0 15.0
obstacle
0.0288212969899
263.0 82.0 49.0 16.0
obstacle
0.028616970405
0.0 26.0 53.0 76.0
obstacle
0.028330380097
327.0 58.0 78.0 64.0
obstacle
0.0281183551997
178.0 54.0 66.0 72.0
obstacle
0.0280297864228
317.0 31.0 96.0 66.0
obstacle
0.0279953274876
207.0 32.0 86.0 63.0
obstacle
0.0276687201113
121.0 165.0 102.0 52.0
obstacle
0.0275567620993
80.0 81.0 37.0 15.0
obstacle
0.0274034421891
391.0 0.0 98.0 41.0
obstacle
0.0272248219699
359.0 0.0 86.0 42.0
obstacle
0.0272155273706
350.0 14.0 107.0 48.0
obstacle
0.0269304905087
157.0 109.0 28.0 12.0
obstacle
0.0268948208541
440.0 160.0 60.0 64.0
obstacle
0.0266914647073
238.0 68.0 19.0 47.0
obstacle
0.0263938046992
390.0 162.0 100.0 62.0
obstacle
0.0263859871775
278.0 0.0 94.0 43.0
obstacle
0.0263816248626
230.0 171.0 111.0 45.0
obstacle
0.0263302773237
393.0 171.0 20.0 46.0
obstacle
0.0262812916189
277.0 9.0 102.0 59.0
obstacle
0.0262675508857
318.0 0.0 91.0 40.0
obstacle
0.026238810271
145.0 169.0 130.0 45.0
obstacle
0.0262123011053
135.0 56.0 73.0 72.0
obstacle
0.0261550862342
0.0 207.0 54.0 71.0
obstacle
0.0258831586689
45.0 0.0 97.0 42.0
obstacle
0.0257792044431
247.0 31.0 84.0 65.0
obstacle
0.0257754139602
285.0 31.0 84.0 65.0
obstacle
0.0256707966328
233.0 0.0 267.0 127.0
obstacle
0.0255410447717
0.0 132.0 57.0 70.0
obstacle
0.0248708780855
0.0 106.0 58.0 69.0
obstacle
0.0247981529683
13.0 135.0 86.0 60.0
obstacle
0.0247072745115
286.0 163.0 81.0 59.0
obstacle
0.0246198885143
395.0 61.0 93.0 59.0
obstacle
0.0245858132839
441.0 83.0 59.0 64.0
obstacle
0.0243957825005
93.0 211.0 82.0 64.0
obstacle
0.0243067871779
0.0 256.0 51.0 77.0
obstacle
0.0242753885686
9.0 239.0 95.0 58.0
obstacle
0.0242185015231
250.0 211.0 77.0 61.0
obstacle
0.0239271689206
277.0 65.0 19.0 51.0
obstacle
0.0237534977496
49.0 0.0 321.0 104.0
obstacle
0.0237224400043
260.0 56.0 55.0 16.0
obstacle
0.0236556287855
205.0 123.0 15.0 32.0
obstacle
0.0236099604517
364.0 184.0 77.0 65.0
obstacle
0.0232929997146
89.0 0.0 89.0 42.0
obstacle
0.0232000704855
359.0 58.0 90.0 62.0
obstacle
0.0231836792082
248.0 179.0 252.0 126.0
obstacle
0.023101195693
445.0 264.0 55.0 58.0
obstacle
0.0230835024267
383.0 186.0 43.0 16.0
obstacle
0.0230774562806
0.0 290.0 117.0 43.0
obstacle
0.0229567121714
93.0 187.0 84.0 59.0
obstacle
0.0229390971363
125.0 7.0 96.0 64.0
obstacle
0.0226810127497
360.0 82.0 89.0 67.0
obstacle
0.0224302113056
164.0 0.0 93.0 44.0
obstacle
0.0223968811333
23.0 112.0 73.0 59.0
obstacle
0.0221609752625
323.0 110.0 71.0 62.0
obstacle
0.0220867879689
51.0 9.0 88.0 58.0
obstacle
0.0220230743289
0.0 3.0 211.0 122.0
obstacle
0.0219657178968
0.0 76.0 51.0 79.0
obstacle
0.0219508390874
223.0 56.0 54.0 17.0
obstacle
0.0217378232628
311.0 291.0 108.0 42.0
obstacle
0.0217150487006
359.0 108.0 85.0 64.0
obstacle
0.0217031296343
314.0 263.0 102.0 61.0
obstacle
0.0216762423515
325.0 80.0 81.0 73.0
obstacle
0.0216313172132
436.0 289.0 64.0 44.0
obstacle
0.0215948820114
113.0 85.0 39.0 12.0
obstacle
0.0215938054025
192.0 85.0 38.0 14.0
obstacle
0.0214882139117
130.0 261.0 87.0 66.0
obstacle
0.0213347617537
281.0 96.0 12.0 43.0
obstacle
0.0213345699012
201.0 4.0 96.0 69.0
obstacle
0.0212626103312
205.0 0.0 87.0 43.0
obstacle
0.0211993306875
122.0 72.0 15.0 38.0
obstacle
0.0211567673832
386.0 266.0 109.0 59.0
obstacle
0.0210855100304
436.0 57.0 64.0 63.0
obstacle
0.0209839381278
163.0 102.0 13.0 29.0
obstacle
0.0209691859782
321.0 0.0 179.0 61.0
obstacle
0.0209352429956
458.0 5.0 42.0 15.0
obstacle
0.020918417722
318.0 185.0 90.0 58.0
obstacle
0.0209076963365
203.0 194.0 94.0 45.0
obstacle
0.0207166913897
148.0 56.0 50.0 17.0
obstacle
0.0206468403339
187.0 56.0 48.0 16.0
obstacle
0.0204914752394
302.0 83.0 47.0 16.0
obstacle
0.0204534847289
127.0 98.0 15.0 34.0
obstacle
0.0204260908067
305.0 210.0 42.0 14.0
obstacle
0.0202780459076
348.0 291.0 111.0 42.0
obstacle
0.0202230084687
17.0 165.0 80.0 54.0
obstacle
0.0202118176967
52.0 211.0 86.0 65.0
obstacle
0.0201316606253
235.0 133.0 34.0 12.0
obstacle
0.020068731159
11.0 0.0 320.0 60.0
obstacle
0.0199990477413
75.0 111.0 54.0 55.0
obstacle
0.0198778863996
389.0 242.0 107.0 55.0
obstacle
0.0198386311531
0.0 224.0 56.0 90.0
obstacle
0.0198083091527
167.0 210.0 87.0 67.0
obstacle
0.0197566710413
167.0 267.0 87.0 53.0
obstacle
0.0197147168219
63.0 131.0 71.0 65.0
obstacle
0.0196974035352
444.0 235.0 56.0 67.0
obstacle
0.0196829997003
355.0 265.0 99.0 60.0
obstacle
0.0195629950613
354.0 135.0 96.0 66.0
obstacle
0.0195418577641
388.0 10.0 108.0 57.0
obstacle
0.0193985570222
65.0 161.0 61.0 58.0
obstacle
0.0193686597049
419.0 56.0 47.0 16.0
obstacle
0.0191798619926
83.0 291.0 101.0 42.0
obstacle
0.0190630443394
0.0 147.0 295.0 139.0
obstacle
0.019051425159
350.0 236.0 106.0 65.0
obstacle
0.0190179478377
86.0 9.0 98.0 55.0
obstacle
0.0190122537315
215.0 82.0 71.0 74.0
obstacle
0.0189912766218
318.0 238.0 95.0 61.0
obstacle
0.018647801131
383.0 57.0 44.0 16.0
obstacle
0.0185899864882
315.0 65.0 19.0 50.0
obstacle
0.0185707118362
91.0 71.0 16.0 36.0
obstacle
0.0184580180794
286.0 208.0 80.0 70.0
obstacle
0.0184422377497
165.0 192.0 91.0 50.0
obstacle
0.018288673833
397.0 132.0 90.0 69.0
obstacle
0.0181873440742
246.0 263.0 85.0 61.0
obstacle
0.0181656572968
276.0 38.0 20.0 51.0
obstacle
0.0181413311511
394.0 110.0 93.0 62.0
obstacle
0.0181365758181
6.0 10.0 101.0 57.0
obstacle
0.0181162133813
46.0 292.0 100.0 41.0
obstacle
0.017963277176
231.0 110.0 34.0 12.0
obstacle
0.0178461894393
273.0 291.0 107.0 42.0
obstacle
0.0176946613938
46.0 237.0 98.0 63.0
obstacle
0.0176836717874
355.0 207.0 95.0 71.0
obstacle
0.0176612194628
0.0 213.0 253.0 110.0
obstacle
0.0176468100399
429.0 41.0 22.0 45.0
obstacle
0.0176169443876
442.0 105.0 58.0 68.0
obstacle
0.0175280570984
301.0 57.0 51.0 15.0
obstacle
0.0174476150423
13.0 254.0 89.0 77.0
obstacle
0.0174471978098
398.0 191.0 81.0 56.0
obstacle
0.0173177327961
204.0 207.0 90.0 72.0
obstacle
0.0172845758498
60.0 177.0 303.0 131.0
obstacle
0.0172574650496
129.0 209.0 87.0 69.0
obstacle
0.017208121717
130.0 205.0 317.0 126.0
obstacle
0.0172000732273
200.0 68.0 16.0 46.0
obstacle
0.0171003453434
160.0 39.0 20.0 50.0
obstacle
0.0169710759073
198.0 292.0 104.0 41.0
obstacle
0.0169573109597
156.0 134.0 107.0 56.0
obstacle
0.0168262515217
443.0 208.0 57.0 68.0
obstacle
0.0167540367693
293.0 238.0 207.0 95.0
obstacle
0.0167192481458
38.0 4.0 41.0 16.0
obstacle
0.0166182331741
188.0 141.0 116.0 40.0
obstacle
0.0166169013828
237.0 292.0 104.0 41.0
obstacle
0.016599914059
58.0 188.0 78.0 60.0
obstacle
0.0165384169668
197.0 132.0 30.0 12.0
obstacle
0.0164642315358
237.0 36.0 21.0 54.0
obstacle
0.0163922011852
342.0 30.0 48.0 18.0
obstacle
0.0163812488317
379.0 31.0 51.0 16.0
obstacle
0.0163619872183
204.0 99.0 14.0 36.0
obstacle
0.0162881556898
171.0 240.0 80.0 57.0
obstacle
0.0161837637424
436.0 135.0 64.0 63.0
obstacle
0.0161822363734
93.0 259.0 85.0 69.0
obstacle
0.0161777213216
243.0 231.0 92.0 75.0
obstacle
0.016106294468
10.0 187.0 94.0 61.0
obstacle
0.0160809177905
354.0 171.0 17.0 41.0
obstacle
0.0160807091743
87.0 239.0 95.0 60.0
obstacle
0.0160286147147
343.0 56.0 46.0 16.0
obstacle
0.0160275828093
178.0 0.0 294.0 67.0
obstacle
0.0158783830702
0.0 151.0 51.0 83.0
obstacle
0.0158004071563
315.0 166.0 19.0 49.0
obstacle
0.0156497899443
164.0 291.0 96.0 42.0
obstacle
0.0154719268903
345.0 83.0 41.0 15.0
obstacle
0.015470311977
392.0 41.0 20.0 46.0
obstacle
0.0154338404536
285.0 77.0 215.0 126.0
obstacle
0.0153920212761
241.0 136.0 86.0 50.0
obstacle
0.0152819473296
319.0 98.0 12.0 37.0
obstacle
0.0152644664049
120.0 239.0 107.0 61.0
obstacle
0.0151740480214
97.0 162.0 76.0 56.0
obstacle
0.0151330884546
397.0 83.0 92.0 64.0
obstacle
0.0150439273566
335.0 157.0 165.0 121.0
obstacle
0.0149722592905
175.0 84.0 72.0 69.0
obstacle
0.0149119785056
314.0 40.0 21.0 48.0
obstacle
0.014898525551
317.0 196.0 19.0 41.0
obstacle
0.0147155504674
265.0 84.0 46.0 76.0
obstacle
0.0146356020123
315.0 145.0 19.0 40.0
obstacle
0.0146311176941
284.0 231.0 86.0 74.0
obstacle
0.0145360939205
118.0 132.0 36.0 12.0
obstacle
0.0145290512592
199.0 39.0 20.0 50.0
obstacle
0.0144945150241
321.0 213.0 86.0 58.0
obstacle
0.0144746340811
207.0 268.0 85.0 53.0
obstacle
0.0143984016031
353.0 13.0 18.0 50.0
obstacle
0.0143881766126
159.0 132.0 28.0 13.0
obstacle
0.0143815213814
456.0 56.0 44.0 15.0
obstacle
0.0143682705238
278.0 262.0 96.0 65.0
obstacle
0.0143085997552
321.0 34.0 179.0 111.0
obstacle
0.0142653714865
0.0 60.0 172.0 110.0
obstacle
0.0142455073074
296.0 86.0 54.0 70.0
obstacle
0.0141155868769
345.0 109.0 38.0 15.0
obstacle
0.0139383384958
342.0 5.0 45.0 16.0
obstacle
0.0137839950621
459.0 183.0 41.0 16.0
obstacle
0.013776990585
431.0 0.0 18.0 35.0
obstacle
0.013655773364
418.0 81.0 48.0 17.0
obstacle
0.0136541817337
311.0 134.0 33.0 14.0
obstacle
0.0135053750128
156.0 85.0 34.0 14.0
obstacle
0.0132606858388
148.0 5.0 47.0 15.0
obstacle
0.0132368551567
112.0 58.0 43.0 15.0
obstacle
0.013220964931
395.0 211.0 91.0 65.0
obstacle
0.0131787471473
122.0 42.0 16.0 44.0
obstacle
0.013171326369
202.0 235.0 96.0 66.0
obstacle
0.0131258983165
392.0 14.0 18.0 47.0
obstacle
0.0131257511675
392.0 0.0 16.0 36.0
obstacle
0.0130530390888
303.0 31.0 51.0 16.0
obstacle
0.0130340429023
419.0 5.0 47.0 15.0
obstacle
0.0130107635632
129.0 187.0 86.0 60.0
obstacle
0.0129425823689
315.0 12.0 18.0 52.0
obstacle
0.0128656355664
382.0 6.0 43.0 14.0
obstacle
0.0128529174253
286.0 129.0 78.0 67.0
obstacle
0.0128414621577
354.0 40.0 20.0 47.0
obstacle
0.0128386355937
165.0 125.0 16.0 28.0
obstacle
0.0128224324435
382.0 82.0 43.0 17.0
obstacle
0.01274407655
36.0 55.0 45.0 17.0
obstacle
0.0126277245581
224.0 31.0 53.0 17.0
obstacle
0.0125873601064
38.0 108.0 41.0 14.0
obstacle
0.0125341322273
432.0 66.0 18.0 46.0
obstacle
0.0125100724399
147.0 288.0 51.0 14.0
obstacle
0.0124956313521
264.0 5.0 46.0 15.0
obstacle
0.0124740954489
471.0 0.0 16.0 33.0
obstacle
0.0124724730849
354.0 0.0 16.0 35.0
obstacle
0.0123974429443
277.0 0.0 16.0 32.0
obstacle
0.0123937763274
162.0 0.0 16.0 35.0
obstacle
0.0123791089281
0.0 269.0 265.0 64.0
obstacle
0.0123663470149
420.0 31.0 48.0 16.0
obstacle
0.0122990123928
120.0 290.0 105.0 43.0
obstacle
0.0122058819979
196.0 110.0 28.0 11.0
obstacle
0.01220183447
302.0 5.0 48.0 15.0
obstacle
0.0122013110667
349.0 135.0 32.0 12.0
obstacle
0.0121421506628
147.0 31.0 53.0 16.0
obstacle
0.0121330088004
316.0 0.0 15.0 34.0
obstacle
0.0120825003833
457.0 29.0 43.0 17.0
obstacle
0.0120377652347
161.0 70.0 15.0 43.0
obstacle
0.0119919953868
0.0 5.0 34.0 16.0
obstacle
0.0119905332103
46.0 41.0 18.0 47.0
obstacle
0.0119269294664
0.0 83.0 36.0 15.0
obstacle
0.0119106285274
264.0 31.0 51.0 16.0
obstacle
0.0118627222255
225.0 5.0 48.0 14.0
obstacle
0.0118285613135
277.0 10.0 17.0 56.0
obstacle
0.0117753017694
71.0 6.0 47.0 14.0
obstacle
0.0117348693311
81.0 109.0 31.0 11.0
obstacle
0.0117207746953
460.0 209.0 40.0 15.0
obstacle
0.0116877825931
356.0 67.0 16.0 46.0
obstacle
0.0116871409118
0.0 119.0 195.0 93.0
obstacle
0.011678211391
183.0 31.0 58.0 15.0
obstacle
0.0116724651307
392.0 184.0 22.0 15.0
obstacle
0.0116696991026
320.0 120.0 86.0 92.0
obstacle
0.0116235502064
76.0 60.0 40.0 14.0
obstacle
0.0114523535594
55.0 264.0 82.0 58.0
obstacle
0.0114447213709
109.0 31.0 51.0 15.0
obstacle
0.0114142466336
473.0 174.0 16.0 36.0
obstacle
0.0113002415746
86.0 266.0 328.0 67.0
obstacle
0.0112730115652
279.0 139.0 18.0 51.0
obstacle
0.0112406183034
474.0 42.0 15.0 43.0
