obstacle
0.93828779459
42.0 132.0 264.0 104.0
obstacle
0.188269093633
112.0 137.0 256.0 72.0
obstacle
0.115183912218
0.0 160.0 350.0 100.0
obstacle
0.112879544497
37.0 95.0 272.0 108.0
obstacle
0.103130973876
76.0 112.0 52.0 57.0
obstacle
0.0874744430184
0.0 124.0 225.0 92.0
obstacle
0.0795912370086
108.0 163.0 125.0 50.0
obstacle
0.0604831166565
103.0 110.0 60.0 62.0
obstacle
0.056247279048
202.0 142.0 85.0 60.0
obstacle
0.0539011918008
78.0 133.0 53.0 70.0
obstacle
0.0506841428578
81.0 132.0 31.0 12.0
obstacle
0.0481024980545
101.0 87.0 63.0 62.0
obstacle
0.0476169064641
91.0 127.0 14.0 25.0
obstacle
0.0460584834218
400.0 44.0 85.0 42.0
obstacle
0.0457089915872
90.0 136.0 102.0 69.0
obstacle
0.0446773357689
76.0 90.0 49.0 56.0
obstacle
0.0397915095091
146.0 116.0 60.0 58.0
obstacle
0.0383300557733
73.0 166.0 65.0 48.0
obstacle
0.03829016909
157.0 139.0 97.0 62.0
obstacle
0.0382778979838
73.0 198.0 126.0 34.0
obstacle
0.038181848824
183.0 125.0 52.0 44.0
obstacle
0.0372299253941
115.0 132.0 34.0 15.0
obstacle
0.0369013361633
194.0 135.0 34.0 14.0
obstacle
0.036829713732
0.0 101.0 49.0 79.0
obstacle
0.0360859259963
0.0 187.0 55.0 58.0
obstacle
0.0341524779797
440.0 186.0 60.0 62.0
obstacle
0.0334647633135
0.0 212.0 54.0 61.0
obstacle
0.0334034822881
203.0 218.0 90.0 47.0
obstacle
0.0333932600915
0.0 125.0 54.0 83.0
obstacle
0.0329536423087
33.0 105.0 54.0 73.0
obstacle
0.0327862538397
255.0 144.0 53.0 54.0
obstacle
0.0318950042129
101.0 181.0 294.0 120.0
obstacle
0.031310915947
367.0 42.0 79.0 46.0
obstacle
0.0312389656901
133.0 142.0 87.0 58.0
obstacle
0.0309409294277
246.0 163.0 70.0 53.0
obstacle
0.0306121539325
56.0 192.0 82.0 44.0
obstacle
0.0301141515374
100.0 60.0 68.0 59.0
obstacle
0.030007025227
0.0 284.0 58.0 49.0
obstacle
0.0296103116125
153.0 107.0 37.0 17.0
obstacle
0.0294647160918
158.0 136.0 29.0 12.0
obstacle
0.0293741002679
11.0 34.0 95.0 62.0
obstacle
0.0286484155804
396.0 13.0 90.0 54.0
obstacle
0.0286062750965
352.0 212.0 104.0 63.0
obstacle
0.0284541081637
164.0 29.0 96.0 72.0
obstacle
0.0283987466246
181.0 87.0 61.0 58.0
obstacle
0.0281736645848
135.0 59.0 74.0 61.0
obstacle
0.0280727017671
325.0 38.0 83.0 56.0
obstacle
0.0279746111482
190.0 109.0 41.0 15.0
obstacle
0.0279335994273
442.0 0.0 58.0 45.0
obstacle
0.0279300976545
215.0 87.0 69.0 59.0
obstacle
0.02792609483
202.0 122.0 15.0 42.0
obstacle
0.0278788506985
402.0 68.0 78.0 43.0
obstacle
0.0277238637209
395.0 0.0 92.0 45.0
obstacle
0.027658643201
318.0 160.0 95.0 64.0
obstacle
0.0274990126491
392.0 264.0 102.0 61.0
obstacle
0.0271454583853
443.0 35.0 57.0 57.0
obstacle
0.0271133165807
38.0 139.0 53.0 53.0
obstacle
0.027044987306
235.0 180.0 265.0 127.0
obstacle
0.0265639685094
141.0 84.0 63.0 62.0
obstacle
0.0262370929122
357.0 240.0 95.0 56.0
obstacle
0.026208050549
204.0 57.0 88.0 66.0
obstacle
0.0260442961007
172.0 56.0 75.0 68.0
obstacle
0.0259592402726
449.0 61.0 51.0 55.0
obstacle
0.0256785526872
319.0 236.0 94.0 66.0
obstacle
0.0254488550127
0.0 199.0 355.0 134.0
obstacle
0.0254397876561
323.0 113.0 86.0 56.0
obstacle
0.0254098568112
441.0 108.0 59.0 65.0
obstacle
0.0253500267863
24.0 54.0 63.0 71.0
obstacle
0.0252381637692
52.0 264.0 89.0 58.0
obstacle
0.02520445548
245.0 262.0 90.0 63.0
obstacle
0.025190776214
161.0 93.0 18.0 46.0
obstacle
0.0251165684313
427.0 288.0 73.0 45.0
obstacle
0.024920033291
201.0 151.0 17.0 31.0
obstacle
0.024833034724
281.0 38.0 93.0 55.0
obstacle
0.0247871037573
398.0 94.0 86.0 42.0
obstacle
0.0244650188833
243.0 36.0 89.0 58.0
obstacle
0.0243548452854
319.0 185.0 93.0 65.0
obstacle
0.0242405813187
12.0 57.0 323.0 122.0
obstacle
0.0242332499474
126.0 35.0 96.0 60.0
obstacle
0.0241438113153
0.0 48.0 48.0 84.0
obstacle
0.0241326037794
246.0 57.0 83.0 65.0
obstacle
0.0239960290492
89.0 35.0 92.0 60.0
obstacle
0.0239662732929
162.0 113.0 325.0 107.0
obstacle
0.0239553246647
0.0 228.0 53.0 81.0
obstacle
0.0238295383751
357.0 117.0 95.0 48.0
obstacle
0.0237543899566
393.0 117.0 97.0 50.0
obstacle
0.0237440131605
113.0 110.0 36.0 16.0
obstacle
0.0236073881388
284.0 166.0 78.0 51.0
obstacle
0.0235629417002
400.0 237.0 84.0 62.0
obstacle
0.0234600212425
441.0 158.0 59.0 69.0
obstacle
0.0232510454953
62.0 56.0 66.0 68.0
obstacle
0.023227930069
128.0 239.0 92.0 56.0
obstacle
0.0230503827333
0.0 188.0 210.0 112.0
obstacle
0.0228685773909
123.0 221.0 102.0 38.0
obstacle
0.0228681825101
361.0 164.0 85.0 56.0
obstacle
0.0227693077177
393.0 212.0 98.0 63.0
obstacle
0.0226913020015
441.0 211.0 59.0 63.0
obstacle
0.0226638857275
199.0 167.0 19.0 46.0
obstacle
0.0226348247379
117.0 196.0 116.0 34.0
obstacle
0.022553993389
10.0 214.0 95.0 57.0
obstacle
0.0225430261344
25.0 78.0 68.0 75.0
obstacle
0.0224978923798
317.0 209.0 96.0 69.0
obstacle
0.0223040357232
129.0 0.0 88.0 50.0
obstacle
0.0221627186984
163.0 124.0 15.0 39.0
obstacle
0.0221358332783
352.0 263.0 107.0 62.0
obstacle
0.0220733452588
15.0 238.0 88.0 61.0
obstacle
0.0219634771347
123.0 128.0 15.0 29.0
obstacle
0.021939329803
322.0 263.0 88.0 60.0
obstacle
0.021894838661
360.0 91.0 86.0 46.0
obstacle
0.0218245293945
0.0 4.0 209.0 120.0
obstacle
0.021794160828
445.0 84.0 55.0 62.0
obstacle
0.0216982588172
288.0 60.0 75.0 59.0
obstacle
0.0215875804424
208.0 188.0 77.0 53.0
obstacle
0.0215567741543
200.0 92.0 18.0 48.0
obstacle
0.0214961282909
80.0 114.0 32.0 12.0
obstacle
0.0213909950107
321.0 134.0 90.0 64.0
obstacle
0.0212833639234
445.0 264.0 55.0 60.0
obstacle
0.0212713293731
442.0 236.0 58.0 63.0
obstacle
0.0212408918887
90.0 2.0 87.0 72.0
obstacle
0.0212365426123
357.0 138.0 95.0 57.0
obstacle
0.0209644827992
168.0 152.0 13.0 31.0
obstacle
0.0209143329412
155.0 263.0 342.0 70.0
obstacle
0.020827839151
161.0 220.0 99.0 40.0
obstacle
0.0206878110766
292.0 105.0 70.0 71.0
obstacle
0.0206172578037
19.0 0.0 75.0 55.0
obstacle
0.0205262973905
13.0 261.0 89.0 66.0
obstacle
0.0204880405217
282.0 261.0 91.0 64.0
obstacle
0.0204453561455
359.0 0.0 90.0 49.0
obstacle
0.0204320289195
393.0 138.0 99.0 57.0
obstacle
0.0203602146357
280.0 211.0 92.0 64.0
obstacle
0.0203558690846
284.0 237.0 89.0 63.0
obstacle
0.0201504714787
163.0 0.0 95.0 51.0
obstacle
0.020142076537
50.0 35.0 93.0 59.0
obstacle
0.020121363923
266.0 291.0 122.0 42.0
obstacle
0.0200573168695
396.0 163.0 92.0 57.0
obstacle
0.0200485996902
33.0 160.0 59.0 61.0
obstacle
0.0200171731412
86.0 100.0 17.0 36.0
obstacle
0.0199390761554
213.0 119.0 68.0 53.0
obstacle
0.0198998283595
163.0 174.0 18.0 33.0
obstacle
0.0197060108185
442.0 132.0 58.0 67.0
obstacle
0.0196842905134
227.0 109.0 42.0 14.0
obstacle
0.0196654051542
284.0 137.0 80.0 60.0
obstacle
0.0196571238339
169.0 265.0 87.0 56.0
obstacle
0.0196554157883
242.0 235.0 91.0 67.0
obstacle
0.0196484960616
325.0 165.0 175.0 106.0
obstacle
0.0195972044021
128.0 0.0 319.0 98.0
obstacle
0.0195732731372
90.0 221.0 91.0 39.0
obstacle
0.0195379797369
129.0 152.0 11.0 31.0
obstacle
0.0194879360497
323.0 60.0 83.0 59.0
obstacle
0.0194701459259
240.0 0.0 97.0 50.0
obstacle
0.0193478167057
155.0 83.0 35.0 13.0
obstacle
0.0191310849041
0.0 0.0 257.0 71.0
obstacle
0.0190706904978
249.0 210.0 75.0 63.0
obstacle
0.0190625917166
203.0 237.0 95.0 62.0
obstacle
0.0188932660967
363.0 64.0 83.0 51.0
obstacle
0.018873501569
168.0 236.0 89.0 64.0
obstacle
0.0188588332385
307.0 231.0 193.0 102.0
obstacle
0.0188155956566
0.0 0.0 57.0 59.0
obstacle
0.0187141485512
204.0 258.0 92.0 70.0
obstacle
0.018696565181
250.0 81.0 75.0 69.0
obstacle
0.0186287872493
203.0 30.0 95.0 70.0
obstacle
0.0185256563127
86.0 262.0 96.0 64.0
obstacle
0.0184648055583
424.0 58.0 38.0 14.0
obstacle
0.0184403005987
308.0 0.0 192.0 65.0
obstacle
0.0182330366224
127.0 263.0 93.0 61.0
obstacle
0.018201244995
305.0 9.0 195.0 111.0
obstacle
0.018188893795
0.0 238.0 236.0 95.0
obstacle
0.0181099008769
161.0 294.0 101.0 39.0
obstacle
0.0180623494089
321.0 0.0 88.0 51.0
obstacle
0.0180475711823
123.0 100.0 16.0 33.0
obstacle
0.0179485417902
395.0 188.0 96.0 59.0
obstacle
0.0178478620946
287.0 84.0 78.0 64.0
obstacle
0.0175599977374
46.0 292.0 99.0 41.0
obstacle
0.0175586380064
123.0 293.0 103.0 40.0
obstacle
0.0175308752805
284.0 180.0 84.0 72.0
obstacle
0.017469631508
239.0 89.0 17.0 52.0
obstacle
0.0174377374351
94.0 236.0 84.0 63.0
obstacle
0.0174264330417
160.0 158.0 30.0 12.0
obstacle
0.0171093586832
248.0 61.0 252.0 108.0
obstacle
0.0169251747429
280.0 0.0 92.0 50.0
obstacle
0.0168682858348
0.0 88.0 163.0 107.0
obstacle
0.0168622508645
193.0 157.0 33.0 14.0
obstacle
0.0167141072452
131.0 44.0 312.0 142.0
obstacle
0.0166862457991
379.0 235.0 50.0 17.0
obstacle
0.0166086498648
50.0 0.0 90.0 55.0
obstacle
0.0165227428079
456.0 210.0 44.0 16.0
obstacle
0.0164481382817
206.0 5.0 85.0 67.0
obstacle
0.0160849634558
323.0 84.0 85.0 62.0
obstacle
0.0160825159401
62.0 7.0 299.0 113.0
obstacle
0.0160781182349
353.0 185.0 102.0 66.0
obstacle
0.0158103425056
51.0 216.0 91.0 50.0
obstacle
0.0152463149279
53.0 239.0 88.0 58.0
obstacle
0.0151185858995
191.0 289.0 117.0 44.0
obstacle
0.0148240327835
330.0 79.0 170.0 123.0
obstacle
0.0148024717346
121.0 159.0 27.0 13.0
obstacle
0.0147627685219
163.0 71.0 17.0 39.0
obstacle
0.0147484708577
241.0 152.0 18.0 30.0
obstacle
0.0145138977095
116.0 83.0 35.0 14.0
obstacle
0.0143544711173
253.0 108.0 66.0 69.0
obstacle
0.0143170291558
192.0 83.0 36.0 13.0
obstacle
0.0142971770838
377.0 260.0 53.0 17.0
obstacle
0.0142949121073
128.0 180.0 12.0 23.0
obstacle
0.0142841525376
465.0 58.0 33.0 12.0
obstacle
0.0140558211133
160.0 196.0 98.0 37.0
obstacle
0.0140226883814
237.0 167.0 19.0 48.0
obstacle
0.0139395194128
458.0 5.0 42.0 15.0
obstacle
0.0138921681792
418.0 234.0 51.0 17.0
obstacle
0.0138307707384
0.0 235.0 39.0 17.0
obstacle
0.0137274749577
455.0 260.0 45.0 16.0
obstacle
0.0136556103826
347.0 59.0 36.0 14.0
obstacle
0.0136457411572
340.0 235.0 50.0 16.0
obstacle
0.0136017380282
237.0 159.0 27.0 14.0
obstacle
0.0135917868465
248.0 180.0 74.0 72.0
obstacle
0.013538771309
346.0 290.0 117.0 43.0
obstacle
0.0133099080995
392.0 219.0 17.0 49.0
obstacle
0.0132549600676
340.0 209.0 50.0 16.0
obstacle
0.0131299709901
19.0 187.0 84.0 54.0
obstacle
0.0131258182228
229.0 84.0 39.0 13.0
obstacle
0.0129706216976
39.0 58.0 38.0 14.0
obstacle
0.0129692610353
234.0 136.0 32.0 13.0
obstacle
0.0129685541615
0.0 271.0 167.0 62.0
obstacle
0.0129265263677
389.0 59.0 31.0 14.0
obstacle
0.0128931058571
240.0 120.0 15.0 43.0
obstacle
0.0128644807264
120.0 183.0 33.0 12.0
obstacle
0.0128299742937
202.0 69.0 17.0 41.0
obstacle
0.0127330608666
339.0 260.0 53.0 18.0
obstacle
0.0125861875713
343.0 134.0 45.0 15.0
obstacle
0.0125712063164
458.0 184.0 42.0 15.0
obstacle
0.0125513281673
117.0 58.0 35.0 13.0
obstacle
0.0124892769381
88.0 149.0 12.0 35.0
obstacle
0.0124563900754
269.0 59.0 37.0 14.0
obstacle
0.0124367251992
306.0 59.0 39.0 14.0
obstacle
0.0123943611979
382.0 134.0 44.0 15.0
obstacle
0.0122409453616
153.0 59.0 38.0 13.0
obstacle
0.0122140143067
458.0 133.0 42.0 15.0
obstacle
0.0121803460643
425.0 83.0 38.0 13.0
obstacle
0.0120164770633
392.0 242.0 18.0 53.0
obstacle
0.0120061989874
341.0 185.0 47.0 15.0
obstacle
0.0119775664061
42.0 134.0 34.0 13.0
obstacle
0.0119658708572
355.0 118.0 17.0 45.0
obstacle
0.0119641553611
458.0 31.0 42.0 15.0
obstacle
0.0119313765317
458.0 234.0 42.0 17.0
obstacle
0.011896006763
354.0 191.0 18.0 52.0
obstacle
0.0118634924293
354.0 240.0 19.0 57.0
obstacle
0.0118243256584
472.0 297.0 14.0 36.0
obstacle
0.0118015436456
353.0 218.0 19.0 51.0
obstacle
0.0117594525218
241.0 70.0 16.0 40.0
obstacle
0.0117462845519
303.0 311.0 46.0 17.0
obstacle
0.0117232780904
434.0 70.0 17.0 37.0
obstacle
0.011668256484
9.0 224.0 11.0 39.0
obstacle
0.0116620017216
471.0 196.0 18.0 43.0
obstacle
0.0115793589503
166.0 194.0 21.0 42.0
obstacle
0.0115463361144
0.0 211.0 38.0 16.0
obstacle
0.0115183992311
264.0 108.0 47.0 15.0
obstacle
0.0114929657429
1.0 135.0 36.0 13.0
obstacle
0.0114904576913
72.0 311.0 47.0 17.0
obstacle
0.0114662414417
71.0 286.0 49.0 18.0
obstacle
0.0114589110017
161.0 237.0 21.0 62.0
obstacle
0.0114253051579
465.0 83.0 32.0 13.0
obstacle
0.0114187179133
273.0 161.0 29.0 12.0
obstacle
0.0113687161356
302.0 285.0 48.0 18.0
obstacle
0.0113479485735
240.0 241.0 18.0 55.0
obstacle
0.0113444114104
84.0 266.0 20.0 55.0
obstacle
0.0113403135911
393.0 118.0 17.0 45.0
obstacle
0.0113387973979
341.0 285.0 49.0 18.0
obstacle
0.0113183492795
124.0 68.0 17.0 43.0
obstacle
0.0112849567086
382.0 160.0 44.0 14.0
obstacle
0.0112299323082
229.0 312.0 41.0 16.0
obstacle
0.0112134767696
380.0 286.0 49.0 18.0
obstacle
0.0111964475363
418.0 158.0 49.0 16.0
obstacle
0.0111826052889
456.0 311.0 44.0 16.0
obstacle
0.0111380610615
416.0 5.0 49.0 15.0
obstacle
0.0110785253346
380.0 184.0 46.0 15.0
obstacle
0.0110691273585
0.0 312.0 41.0 17.0
obstacle
0.0110381413251
239.0 216.0 19.0 51.0
obstacle
0.0110238268971
149.0 5.0 45.0 14.0
obstacle
0.0110192783177
8.0 124.0 12.0 35.0
obstacle
0.0109968753532
385.0 108.0 39.0 16.0
obstacle
0.0109822237864
417.0 209.0 54.0 17.0
obstacle
0.0109403869137
433.0 117.0 15.0 46.0
obstacle
0.0109028415754
417.0 260.0 51.0 16.0
obstacle
0.0109021710232
354.0 168.0 18.0 47.0
obstacle
0.0108978208154
265.0 286.0 48.0 17.0
obstacle
0.0108056627214
432.0 192.0 17.0 50.0
obstacle
0.01077848766
472.0 245.0 16.0 46.0
obstacle
0.0107713975012
474.0 23.0 15.0 32.0
obstacle
0.0107552083209
316.0 296.0 17.0 37.0
obstacle
0.0107537219301
267.0 83.0 40.0 14.0
obstacle
0.0107445335016
456.0 286.0 44.0 15.0
obstacle
0.0107122240588
268.0 235.0 39.0 17.0
obstacle
0.0106781776994
200.0 239.0 19.0 60.0
obstacle
0.0105897793546
277.0 217.0 16.0 52.0
obstacle
0.0105838365853
345.0 160.0 42.0 15.0
obstacle
0.0105436937883
431.0 217.0 19.0 51.0
obstacle
0.0105270128697
305.0 108.0 43.0 15.0
obstacle
0.0104362191632
230.0 236.0 40.0 15.0
obstacle
0.0104253571481
461.0 108.0 39.0 14.0
obstacle
0.0104239853099
304.0 236.0 46.0 15.0
obstacle
0.0104019492865
76.0 59.0 39.0 13.0
obstacle
0.0103803053498
280.0 69.0 16.0 41.0
