obstacle
0.208655133843
394.0 145.0 20.0 28.0
obstacle
0.193997710943
384.0 151.0 36.0 19.0
obstacle
0.145600944757
73.0 145.0 46.0 34.0
obstacle
0.135911643505
389.0 133.0 30.0 26.0
obstacle
0.132412165403
85.0 141.0 22.0 39.0
obstacle
0.109830021858
77.0 122.0 38.0 41.0
obstacle
0.0988797694445
56.0 166.0 81.0 29.0
obstacle
0.0887961611152
341.0 151.0 70.0 23.0
obstacle
0.0837939456105
90.0 141.0 77.0 43.0
obstacle
0.081908300519
404.0 147.0 58.0 28.0
obstacle
0.0804900154471
21.0 143.0 81.0 37.0
obstacle
0.0791459307075
344.0 132.0 57.0 25.0
obstacle
0.0747337117791
398.0 79.0 87.0 37.0
obstacle
0.0730674490333
64.0 13.0 63.0 84.0
obstacle
0.0725952088833
28.0 120.0 66.0 47.0
obstacle
0.0680888146162
87.0 122.0 19.0 38.0
obstacle
0.0673308670521
443.0 73.0 57.0 46.0
obstacle
0.0668002516031
395.0 123.0 18.0 35.0
obstacle
0.0664157345891
401.0 129.0 65.0 27.0
obstacle
0.0664104446769
79.0 155.0 38.0 15.0
obstacle
0.0659383684397
97.0 120.0 64.0 42.0
obstacle
0.065596729517
376.0 166.0 57.0 26.0
obstacle
0.0646791607141
95.0 14.0 77.0 81.0
obstacle
0.0646645203233
51.0 52.0 89.0 49.0
obstacle
0.0645772516727
321.0 81.0 89.0 33.0
obstacle
0.0642632693052
177.0 13.0 68.0 83.0
obstacle
0.0639336779714
53.0 76.0 80.0 38.0
obstacle
0.063860937953
19.0 168.0 82.0 27.0
obstacle
0.0636546984315
20.0 78.0 72.0 34.0
obstacle
0.06151714921
363.0 79.0 80.0 38.0
obstacle
0.0583866536617
282.0 78.0 90.0 37.0
obstacle
0.0583171583712
92.0 48.0 84.0 55.0
obstacle
0.0573603734374
380.0 103.0 47.0 33.0
obstacle
0.0572412163019
18.0 123.0 231.0 77.0
obstacle
0.0570565871894
84.0 163.0 96.0 35.0
obstacle
0.0561889894307
417.0 102.0 46.0 33.0
obstacle
0.0542587526143
87.0 162.0 19.0 39.0
obstacle
0.0535940378904
16.0 54.0 84.0 46.0
obstacle
0.052902340889
0.0 140.0 58.0 45.0
obstacle
0.051062323153
128.0 74.0 87.0 42.0
obstacle
0.0507368855178
216.0 6.0 67.0 97.0
obstacle
0.0503486841917
71.0 98.0 45.0 44.0
obstacle
0.0502564609051
93.0 74.0 83.0 41.0
obstacle
0.0500312112272
369.0 44.0 69.0 65.0
obstacle
0.0499112904072
24.0 8.0 69.0 92.0
obstacle
0.0477078519762
254.0 11.0 69.0 86.0
obstacle
0.0471684932709
421.0 93.0 43.0 13.0
obstacle
0.047077216208
50.0 188.0 92.0 32.0
obstacle
0.0467808619142
324.0 43.0 81.0 67.0
obstacle
0.0465572178364
0.0 144.0 195.0 77.0
obstacle
0.046546690166
258.0 125.0 220.0 73.0
obstacle
0.0465143732727
169.0 74.0 81.0 44.0
obstacle
0.0460282973945
109.0 97.0 48.0 42.0
obstacle
0.0459012538195
318.0 0.0 95.0 38.0
obstacle
0.0457024909556
246.0 73.0 85.0 46.0
obstacle
0.044812515378
138.0 11.0 71.0 85.0
obstacle
0.0446664169431
442.0 0.0 58.0 67.0
obstacle
0.0444392040372
288.0 42.0 79.0 69.0
obstacle
0.044370573014
0.0 47.0 63.0 58.0
obstacle
0.0432566255331
337.0 105.0 59.0 29.0
obstacle
0.0431017875671
0.0 115.0 58.0 50.0
obstacle
0.0423866696656
79.0 134.0 38.0 15.0
obstacle
0.0402222014964
20.0 98.0 78.0 44.0
obstacle
0.0398633219302
358.0 147.0 19.0 29.0
obstacle
0.0397984087467
471.0 124.0 19.0 35.0
obstacle
0.0396370701492
210.0 73.0 78.0 45.0
obstacle
0.0395854152739
121.0 140.0 23.0 45.0
obstacle
0.0394084528089
444.0 118.0 56.0 44.0
obstacle
0.0393454506993
394.0 165.0 17.0 30.0
obstacle
0.0392895117402
0.0 182.0 55.0 46.0
obstacle
0.0378832183778
394.0 166.0 86.0 28.0
obstacle
0.0376424528658
433.0 77.0 19.0 40.0
obstacle
0.0375965945423
459.0 134.0 41.0 14.0
obstacle
0.0375828556716
451.0 96.0 49.0 43.0
obstacle
0.0375518128276
9.0 187.0 97.0 34.0
obstacle
0.0374107509851
312.0 99.0 188.0 85.0
obstacle
0.0371408909559
0.0 100.0 208.0 83.0
obstacle
0.0369747802615
0.0 10.0 50.0 87.0
obstacle
0.0362530350685
330.0 19.0 73.0 70.0
obstacle
0.0361336544156
395.0 100.0 19.0 39.0
obstacle
0.035490039736
127.0 47.0 91.0 56.0
obstacle
0.0354041270912
286.0 59.0 214.0 77.0
obstacle
0.0352689512074
129.0 137.0 82.0 48.0
obstacle
0.0352450981736
307.0 91.0 42.0 13.0
obstacle
0.0351678617299
343.0 93.0 45.0 12.0
obstacle
0.0351557731628
384.0 93.0 42.0 12.0
obstacle
0.0347282290459
0.0 162.0 57.0 43.0
obstacle
0.0346388816833
87.0 53.0 16.0 45.0
obstacle
0.0344786718488
295.0 123.0 69.0 34.0
obstacle
0.0338534973562
87.0 184.0 91.0 40.0
obstacle
0.0338440388441
444.0 41.0 56.0 71.0
obstacle
0.033835850656
396.0 77.0 17.0 40.0
obstacle
0.0337565466762
76.0 175.0 42.0 15.0
obstacle
0.0336547009647
114.0 155.0 39.0 16.0
obstacle
0.0335191227496
285.0 100.0 83.0 36.0
obstacle
0.0331533700228
402.0 184.0 77.0 41.0
obstacle
0.0330116525292
459.0 91.0 41.0 14.0
obstacle
0.0329489484429
183.0 0.0 57.0 69.0
obstacle
0.0329371094704
0.0 91.0 47.0 56.0
obstacle
0.0329165309668
406.0 39.0 71.0 76.0
obstacle
0.0328025370836
47.0 118.0 19.0 45.0
obstacle
0.0328002721071
16.0 141.0 310.0 85.0
obstacle
0.0321668982506
132.0 120.0 79.0 41.0
obstacle
0.0319198071957
0.0 0.0 53.0 52.0
obstacle
0.0318122729659
0.0 159.0 246.0 92.0
obstacle
0.0316109955311
355.0 0.0 93.0 38.0
obstacle
0.0315491110086
371.0 19.0 65.0 70.0
obstacle
0.0314893685281
121.0 181.0 102.0 47.0
obstacle
0.0310232676566
80.0 205.0 107.0 42.0
obstacle
0.0307957809418
44.0 225.0 103.0 45.0
obstacle
0.0307044517249
47.0 98.0 20.0 41.0
obstacle
0.0306473523378
0.0 8.0 280.0 92.0
obstacle
0.0303594674915
0.0 67.0 48.0 59.0
obstacle
0.0301982406527
284.0 0.0 87.0 35.0
obstacle
0.0301052480936
430.0 128.0 13.0 28.0
obstacle
0.0300639420748
395.0 51.0 19.0 48.0
obstacle
0.0299122706056
0.0 239.0 58.0 42.0
obstacle
0.0298891570419
359.0 187.0 92.0 34.0
obstacle
0.0298843756318
430.0 146.0 18.0 31.0
obstacle
0.0297801140696
193.0 32.0 270.0 88.0
obstacle
0.0295313354582
356.0 77.0 21.0 40.0
obstacle
0.0293663535267
357.0 104.0 17.0 30.0
obstacle
0.0293516460806
77.0 92.0 38.0 11.0
obstacle
0.0292239766568
187.0 105.0 280.0 74.0
obstacle
0.0290951766074
368.0 0.0 70.0 65.0
obstacle
0.0288146622479
190.0 0.0 310.0 49.0
obstacle
0.0287424698472
42.0 206.0 111.0 39.0
obstacle
0.0286780577153
442.0 136.0 58.0 49.0
obstacle
0.0285150874406
434.0 100.0 17.0 36.0
obstacle
0.0283061973751
86.0 156.0 22.0 12.0
obstacle
0.0281724818051
48.0 140.0 16.0 42.0
obstacle
0.0281200557947
87.0 30.0 18.0 48.0
obstacle
0.028091987595
295.0 146.0 72.0 31.0
obstacle
0.0279235094786
443.0 177.0 57.0 53.0
obstacle
0.0279037207365
315.0 0.0 185.0 75.0
obstacle
0.0278794746846
356.0 124.0 20.0 34.0
obstacle
0.0278275497258
121.0 222.0 104.0 53.0
obstacle
0.0276308748871
175.0 114.0 71.0 52.0
obstacle
0.0271707065403
408.0 0.0 71.0 69.0
obstacle
0.027038205415
124.0 203.0 97.0 47.0
obstacle
0.0269254520535
40.0 91.0 35.0 11.0
obstacle
0.0269042979926
0.0 134.0 41.0 14.0
obstacle
0.0266451369971
85.0 182.0 20.0 43.0
obstacle
0.0266123730689
286.0 182.0 85.0 43.0
obstacle
0.0265063922852
318.0 76.0 18.0 42.0
obstacle
0.0262717027217
125.0 30.0 17.0 48.0
obstacle
0.0261558517814
86.0 224.0 96.0 48.0
obstacle
0.0261061862111
308.0 113.0 36.0 10.0
obstacle
0.0258573032916
212.0 117.0 76.0 46.0
obstacle
0.0258326679468
441.0 158.0 59.0 49.0
obstacle
0.0257430393249
121.0 117.0 22.0 47.0
obstacle
0.02572084032
386.0 116.0 38.0 9.0
obstacle
0.0254527181387
325.0 142.0 175.0 84.0
obstacle
0.0254164673388
77.0 111.0 343.0 101.0
obstacle
0.0253530927002
4.0 206.0 107.0 42.0
obstacle
0.0252556353807
0.0 38.0 209.0 75.0
obstacle
0.0251789875329
38.0 134.0 42.0 13.0
obstacle
0.0251545496285
354.0 155.0 31.0 12.0
obstacle
0.0251114815474
0.0 200.0 53.0 55.0
obstacle
0.0250431783497
136.0 95.0 73.0 47.0
obstacle
0.025040557608
427.0 115.0 31.0 11.0
obstacle
0.025022925809
355.0 51.0 20.0 48.0
obstacle
0.0249918811023
126.0 158.0 88.0 50.0
obstacle
0.0249886345118
461.0 154.0 39.0 16.0
obstacle
0.0249683875591
10.0 177.0 325.0 97.0
obstacle
0.024934373796
203.0 137.0 95.0 50.0
obstacle
0.0248466320336
295.0 1.0 67.0 62.0
obstacle
0.0240070540458
458.0 25.0 42.0 14.0
obstacle
0.023902637884
391.0 137.0 28.0 12.0
obstacle
0.0238380432129
114.0 133.0 40.0 14.0
obstacle
0.0237548165023
282.0 221.0 91.0 53.0
obstacle
0.023447047919
49.0 56.0 16.0 40.0
obstacle
0.023435195908
10.0 221.0 94.0 53.0
obstacle
0.0233266334981
87.0 81.0 19.0 31.0
obstacle
0.023323873058
24.0 0.0 64.0 47.0
obstacle
0.0232629012316
473.0 146.0 18.0 33.0
obstacle
0.023176273331
269.0 92.0 39.0 11.0
obstacle
0.0230984613299
152.0 134.0 42.0 15.0
obstacle
0.0229410696775
425.0 136.0 32.0 11.0
obstacle
0.0227536149323
9.0 126.0 13.0 30.0
obstacle
0.0227271802723
400.0 201.0 83.0 51.0
obstacle
0.0226336214691
464.0 114.0 32.0 11.0
obstacle
0.0226205009967
169.0 136.0 82.0 52.0
obstacle
0.0226050186902
322.0 188.0 88.0 32.0
obstacle
0.0225701890886
473.0 81.0 17.0 32.0
obstacle
0.0225280486047
250.0 97.0 78.0 43.0
obstacle
0.0223964508623
389.0 174.0 30.0 14.0
obstacle
0.0223170462996
135.0 56.0 306.0 82.0
obstacle
0.0222406405956
9.0 146.0 13.0 32.0
obstacle
0.022235924378
1.0 156.0 38.0 13.0
obstacle
0.0221890434623
163.0 180.0 96.0 50.0
obstacle
0.0221527703106
40.0 112.0 38.0 13.0
obstacle
0.0221214387566
248.0 0.0 79.0 45.0
obstacle
0.022114828229
157.0 0.0 265.0 108.0
obstacle
0.0220498945564
346.0 5.0 39.0 11.0
obstacle
0.0220314487815
209.0 0.0 79.0 48.0
obstacle
0.0219971742481
214.0 95.0 73.0 47.0
obstacle
0.0219107456505
241.0 32.0 17.0 44.0
obstacle
0.0219059996307
126.0 53.0 17.0 43.0
obstacle
0.0218870956451
249.0 144.0 80.0 35.0
obstacle
0.0218817070127
10.0 58.0 14.0 36.0
obstacle
0.021860813722
248.0 121.0 81.0 40.0
obstacle
0.0217394977808
455.0 68.0 45.0 14.0
obstacle
0.021644955501
159.0 153.0 335.0 104.0
obstacle
0.0216406174004
76.0 246.0 118.0 35.0
obstacle
0.0215123798698
241.0 85.0 249.0 69.0
obstacle
0.0212961658835
48.0 160.0 17.0 44.0
obstacle
0.02113327384
318.0 103.0 18.0 32.0
obstacle
0.0211261827499
21.0 55.0 302.0 82.0
obstacle
0.0209997426718
161.0 120.0 20.0 42.0
obstacle
0.020993091166
125.0 160.0 20.0 46.0
obstacle
0.0208965875208
40.0 70.0 40.0 12.0
obstacle
0.0208630096167
0.0 113.0 40.0 13.0
obstacle
0.020844032988
79.0 71.0 38.0 11.0
obstacle
0.0206733886153
50.0 28.0 16.0 51.0
obstacle
0.020635811612
0.0 199.0 225.0 82.0
obstacle
0.0205628555268
75.0 197.0 45.0 14.0
obstacle
0.0204590987414
352.0 246.0 101.0 35.0
obstacle
0.0204578712583
317.0 121.0 16.0 38.0
obstacle
0.0202837344259
201.0 32.0 17.0 44.0
obstacle
0.0202429424971
317.0 56.0 19.0 39.0
obstacle
0.020167350769
93.0 0.0 82.0 48.0
obstacle
0.0201413538307
151.0 155.0 44.0 15.0
obstacle
0.0201348159462
86.0 104.0 17.0 30.0
obstacle
0.0200952645391
209.0 179.0 82.0 53.0
obstacle
0.0200272724032
116.0 92.0 37.0 11.0
obstacle
0.0199563931674
132.0 0.0 79.0 43.0
obstacle
0.0199543200433
349.0 137.0 35.0 10.0
obstacle
0.0199357122183
155.0 92.0 36.0 11.0
obstacle
0.019866546616
307.0 135.0 43.0 12.0
obstacle
0.0197945404798
431.0 91.0 23.0 11.0
obstacle
0.0197902321815
168.0 221.0 87.0 53.0
obstacle
0.0197450760752
326.0 203.0 79.0 46.0
obstacle
0.0197183024138
1.0 71.0 38.0 12.0
obstacle
0.0197138879448
424.0 154.0 32.0 15.0
obstacle
0.0196285191923
117.0 245.0 112.0 36.0
obstacle
0.0195854194462
174.0 92.0 74.0 53.0
obstacle
0.0194601919502
86.0 178.0 21.0 11.0
obstacle
0.019415916875
339.0 69.0 53.0 13.0
obstacle
0.0193818211555
38.0 246.0 115.0 35.0
obstacle
0.0192945934832
381.0 68.0 46.0 14.0
obstacle
0.019293749705
76.0 115.0 40.0 11.0
obstacle
0.0192760340869
196.0 243.0 107.0 38.0
obstacle
0.0191477108747
242.0 222.0 90.0 53.0
obstacle
0.019076032564
474.0 105.0 15.0 29.0
obstacle
0.0189289394766
280.0 168.0 220.0 113.0
obstacle
0.0188565775752
112.0 176.0 44.0 14.0
obstacle
0.018854174763
245.0 180.0 88.0 50.0
obstacle
0.0188063774258
193.0 91.0 36.0 12.0
obstacle
0.0188062749803
162.0 143.0 19.0 40.0
obstacle
0.0187587607652
0.0 75.0 267.0 88.0
obstacle
0.0187463220209
162.0 162.0 19.0 44.0
obstacle
0.0187279582024
383.0 5.0 41.0 11.0
obstacle
0.0186961367726
388.0 246.0 109.0 35.0
obstacle
0.0186796132475
397.0 223.0 92.0 50.0
obstacle
0.0186404623091
49.0 80.0 18.0 35.0
obstacle
0.018438257277
349.0 115.0 32.0 8.0
obstacle
0.0183956548572
336.0 29.0 164.0 95.0
obstacle
0.0182254053652
165.0 202.0 91.0 51.0
obstacle
0.0181766487658
161.0 245.0 100.0 36.0
obstacle
0.0181441735476
332.0 168.0 77.0 25.0
obstacle
0.0181223675609
84.0 134.0 23.0 12.0
obstacle
0.0181007180363
9.0 103.0 11.0 32.0
obstacle
0.0179704707116
202.0 202.0 95.0 50.0
obstacle
0.0178548786789
146.0 198.0 56.0 16.0
obstacle
0.0178189445287
63.0 37.0 298.0 76.0
obstacle
0.0178021285683
248.0 164.0 79.0 37.0
obstacle
0.0176939480007
265.0 135.0 47.0 12.0
obstacle
0.017670577392
446.0 198.0 54.0 54.0
obstacle
0.0176347829401
44.0 219.0 334.0 62.0
obstacle
0.0175305865705
73.0 48.0 46.0 13.0
obstacle
0.0175195299089
52.0 0.0 86.0 43.0
obstacle
0.017507487908
148.0 176.0 49.0 16.0
obstacle
0.0174783375114
438.0 242.0 62.0 39.0
obstacle
0.0173270907253
40.0 155.0 40.0 13.0
obstacle
0.0172734912485
165.0 82.0 16.0 30.0
obstacle
0.0172684937716
233.0 92.0 36.0 11.0
obstacle
0.0171822216362
393.0 155.0 21.0 12.0
obstacle
0.0171506050974
188.0 133.0 47.0 15.0
obstacle
0.0169126838446
394.0 184.0 17.0 42.0
obstacle
0.0168639346957
360.0 204.0 91.0 46.0
obstacle
0.0168483741581
305.0 70.0 44.0 13.0
obstacle
0.0167507547885
111.0 47.0 48.0 13.0
obstacle
0.0167239103466
279.0 78.0 17.0 39.0
obstacle
0.0167209729552
168.0 155.0 84.0 56.0
obstacle
0.0167079921812
344.0 47.0 44.0 13.0
obstacle
0.0166717302054
227.0 134.0 46.0 13.0
obstacle
0.0166668668389
433.0 163.0 16.0 40.0
obstacle
0.0165855195373
347.0 25.0 39.0 12.0
obstacle
0.0165714677423
242.0 14.0 15.0 36.0
obstacle
0.016568209976
128.0 79.0 15.0 34.0
obstacle
0.016558047384
205.0 159.0 91.0 49.0
obstacle
0.0165359824896
229.0 26.0 41.0 12.0
obstacle
0.0165009666234
210.0 222.0 80.0 51.0
obstacle
0.0164248906076
278.0 31.0 19.0 45.0
obstacle
0.0164048485458
114.0 112.0 39.0 13.0
obstacle
0.0163801237941
8.0 170.0 12.0 28.0
obstacle
0.0163563005626
225.0 156.0 49.0 13.0
obstacle
0.0163473673165
279.0 226.0 221.0 55.0
obstacle
0.016301125288
163.0 30.0 19.0 48.0
