obstacle
0.625128030777
185.0 143.0 41.0 12.0
obstacle
0.331129461527
184.0 147.0 44.0 15.0
obstacle
0.317743271589
194.0 142.0 27.0 8.0
obstacle
0.28394472599
155.0 141.0 66.0 11.0
obstacle
0.19333140552
148.0 148.0 77.0 15.0
obstacle
0.140706405044
195.0 150.0 29.0 9.0
obstacle
0.131594508886
198.0 133.0 76.0 27.0
obstacle
0.121468625963
125.0 138.0 24.0 8.0
obstacle
0.100999638438
174.0 167.0 76.0 24.0
obstacle
0.100946873426
165.0 151.0 23.0 9.0
obstacle
0.0998205021024
107.0 151.0 68.0 19.0
obstacle
0.0976089835167
167.0 142.0 24.0 7.0
obstacle
0.0930422320962
204.0 148.0 68.0 19.0
obstacle
0.0915538370609
124.0 155.0 27.0 9.0
obstacle
0.0866608098149
83.0 136.0 26.0 10.0
obstacle
0.0857550278306
94.0 168.0 91.0 27.0
obstacle
0.0851086899638
106.0 133.0 66.0 17.0
obstacle
0.0834740847349
237.0 153.0 23.0 9.0
obstacle
0.0829451978207
59.0 130.0 79.0 20.0
obstacle
0.0791114196181
237.0 141.0 23.0 7.0
obstacle
0.0755941569805
135.0 167.0 82.0 25.0
obstacle
0.0739473327994
201.0 139.0 9.0 10.0
obstacle
0.0732613876462
64.0 151.0 72.0 20.0
obstacle
0.0666616037488
274.0 138.0 29.0 8.0
obstacle
0.0626034215093
18.0 128.0 83.0 26.0
obstacle
0.0582217425108
399.0 126.0 86.0 31.0
obstacle
0.0581992678344
119.0 117.0 32.0 10.0
obstacle
0.056787814945
86.0 155.0 25.0 10.0
obstacle
0.0544411577284
23.0 165.0 73.0 35.0
obstacle
0.0531003363431
206.0 150.0 10.0 13.0
obstacle
0.0519218817353
24.0 147.0 72.0 27.0
obstacle
0.0513275377452
153.0 111.0 46.0 24.0
obstacle
0.0507658496499
240.0 165.0 95.0 37.0
obstacle
0.05012601614
311.0 137.0 30.0 10.0
obstacle
0.0483060590923
14.0 181.0 84.0 46.0
obstacle
0.047283153981
317.0 125.0 97.0 33.0
obstacle
0.0469645410776
47.0 135.0 26.0 10.0
obstacle
0.0461706332862
276.0 125.0 99.0 34.0
obstacle
0.0461203828454
246.0 127.0 77.0 32.0
obstacle
0.0456518381834
56.0 166.0 87.0 32.0
obstacle
0.0451383367181
408.0 144.0 70.0 36.0
obstacle
0.0429387539625
0.0 140.0 49.0 44.0
obstacle
0.0428545437753
364.0 165.0 81.0 38.0
obstacle
0.0417046360672
323.0 145.0 86.0 34.0
obstacle
0.0412709750235
240.0 119.0 22.0 8.0
obstacle
0.0409077294171
439.0 119.0 61.0 43.0
obstacle
0.0408230572939
359.0 125.0 93.0 31.0
obstacle
0.0405067950487
135.0 132.0 227.0 60.0
obstacle
0.0404481999576
146.0 148.0 283.0 71.0
obstacle
0.040416162461
275.0 155.0 29.0 12.0
obstacle
0.039805047214
0.0 120.0 50.0 41.0
obstacle
0.0393248535693
0.0 159.0 48.0 48.0
obstacle
0.0391834713519
205.0 183.0 90.0 42.0
obstacle
0.0384352952242
334.0 244.0 143.0 37.0
obstacle
0.0383977591991
164.0 186.0 96.0 35.0
obstacle
0.0382360443473
285.0 164.0 83.0 40.0
obstacle
0.0381474867463
286.0 146.0 79.0 33.0
obstacle
0.0378950797021
0.0 178.0 56.0 55.0
obstacle
0.0377351380885
129.0 187.0 92.0 33.0
obstacle
0.0376555770636
127.0 152.0 13.0 18.0
obstacle
0.0376218222082
201.0 165.0 95.0 31.0
obstacle
0.037601981312
126.0 133.0 13.0 18.0
obstacle
0.0374826155603
201.0 122.0 23.0 6.0
obstacle
0.0369304195046
307.0 156.0 39.0 12.0
obstacle
0.0368456058204
365.0 146.0 80.0 32.0
obstacle
0.0366733968258
103.0 105.0 67.0 30.0
obstacle
0.0364616885781
120.0 176.0 34.0 12.0
obstacle
0.0363451577723
273.0 117.0 31.0 9.0
obstacle
0.0359973460436
363.0 187.0 80.0 38.0
obstacle
0.0359875001013
247.0 148.0 74.0 28.0
obstacle
0.0357555299997
318.0 184.0 95.0 43.0
obstacle
0.0355721563101
104.0 74.0 65.0 46.0
obstacle
0.0354489274323
46.0 155.0 28.0 10.0
obstacle
0.0350963547826
445.0 136.0 55.0 50.0
obstacle
0.0346872732043
327.0 163.0 78.0 40.0
obstacle
0.0345210172236
172.0 152.0 11.0 12.0
obstacle
0.0343194156885
11.0 0.0 92.0 40.0
obstacle
0.0340558737516
162.0 120.0 22.0 8.0
obstacle
0.0339756757021
406.0 163.0 73.0 42.0
obstacle
0.0338663905859
160.0 122.0 174.0 45.0
obstacle
0.0331200063229
442.0 156.0 58.0 54.0
obstacle
0.0330405719578
242.0 184.0 93.0 42.0
obstacle
0.0326231047511
267.0 176.0 45.0 14.0
obstacle
0.0325649864972
196.0 173.0 36.0 15.0
obstacle
0.0322903804481
401.0 184.0 81.0 43.0
obstacle
0.0322346054018
0.0 152.0 286.0 64.0
obstacle
0.0310359168798
444.0 198.0 56.0 55.0
obstacle
0.0309999380261
279.0 149.0 16.0 24.0
obstacle
0.0308660529554
6.0 197.0 101.0 57.0
obstacle
0.0308507494628
22.0 100.0 74.0 37.0
obstacle
0.0304640755057
90.0 187.0 95.0 35.0
obstacle
0.0299807749689
285.0 184.0 88.0 43.0
obstacle
0.0299206431955
350.0 137.0 31.0 10.0
obstacle
0.0295688603073
85.0 156.0 328.0 96.0
obstacle
0.0295590031892
317.0 147.0 18.0 29.0
obstacle
0.0295120403171
347.0 156.0 37.0 13.0
obstacle
0.0291396901011
438.0 220.0 62.0 56.0
obstacle
0.0289807748049
142.0 74.0 62.0 47.0
obstacle
0.0288251657039
209.0 108.0 78.0 32.0
obstacle
0.0287235639989
446.0 177.0 54.0 56.0
obstacle
0.0286928340793
78.0 176.0 40.0 12.0
obstacle
0.0285632573068
115.0 93.0 39.0 12.0
obstacle
0.0284478459507
447.0 68.0 53.0 59.0
obstacle
0.0282013062388
203.0 199.0 94.0 54.0
obstacle
0.0281925983727
88.0 132.0 13.0 20.0
obstacle
0.0281858239323
116.0 247.0 112.0 34.0
obstacle
0.0281438175589
157.0 246.0 110.0 35.0
obstacle
0.0281045250595
80.0 114.0 32.0 11.0
obstacle
0.0280780326575
43.0 0.0 102.0 40.0
obstacle
0.0276573542506
391.0 137.0 28.0 10.0
obstacle
0.027337225154
190.0 109.0 40.0 31.0
obstacle
0.0272180400789
136.0 81.0 307.0 78.0
obstacle
0.0272094383836
441.0 92.0 59.0 53.0
obstacle
0.0268914923072
281.0 130.0 15.0 24.0
obstacle
0.0268753133714
389.0 156.0 33.0 13.0
obstacle
0.0267180874944
262.0 227.0 238.0 54.0
obstacle
0.0262974128127
159.0 199.0 106.0 55.0
obstacle
0.0262972936034
179.0 50.0 294.0 94.0
obstacle
0.0262916684151
396.0 148.0 15.0 28.0
obstacle
0.0262642093003
122.0 0.0 100.0 41.0
obstacle
0.02598532103
120.0 202.0 106.0 49.0
obstacle
0.0259374883026
65.0 105.0 66.0 29.0
obstacle
0.0259068738669
234.0 0.0 107.0 39.0
obstacle
0.0258947517723
280.0 95.0 91.0 51.0
obstacle
0.0257445480675
356.0 146.0 18.0 31.0
obstacle
0.025731112808
281.0 203.0 92.0 49.0
obstacle
0.0257193520665
242.0 66.0 90.0 63.0
obstacle
0.0256491992623
269.0 0.0 112.0 39.0
obstacle
0.025645988062
428.0 137.0 28.0 10.0
obstacle
0.0256012137979
157.0 175.0 35.0 10.0
obstacle
0.0255352873355
0.0 192.0 58.0 68.0
obstacle
0.0254799779505
232.0 175.0 38.0 13.0
obstacle
0.0254041701555
175.0 72.0 70.0 54.0
obstacle
0.0253692772239
88.0 222.0 96.0 53.0
obstacle
0.0253094192594
317.0 128.0 16.0 26.0
obstacle
0.0250776447356
0.0 239.0 61.0 42.0
obstacle
0.0250301025808
249.0 97.0 76.0 47.0
obstacle
0.0249264128506
304.0 177.0 47.0 14.0
obstacle
0.0248959213495
225.0 196.0 49.0 16.0
obstacle
0.0247466340661
147.0 112.0 279.0 61.0
obstacle
0.0246460102499
407.0 72.0 73.0 51.0
obstacle
0.0243888851255
161.0 177.0 331.0 98.0
obstacle
0.0243554655463
196.0 0.0 104.0 37.0
obstacle
0.0243489537388
160.0 0.0 99.0 38.0
obstacle
0.0243485663086
82.0 0.0 101.0 39.0
obstacle
0.0241166222841
308.0 115.0 37.0 11.0
obstacle
0.0240205768496
439.0 0.0 61.0 44.0
obstacle
0.0238509494811
23.0 70.0 71.0 55.0
obstacle
0.0237448271364
0.0 17.0 46.0 76.0
obstacle
0.0235350206494
344.0 177.0 45.0 14.0
obstacle
0.0235229991376
242.0 150.0 15.0 18.0
obstacle
0.0234430413693
315.0 222.0 103.0 52.0
obstacle
0.0234242714942
189.0 244.0 119.0 37.0
obstacle
0.0233736671507
61.0 143.0 227.0 37.0
obstacle
0.0232940725982
340.0 198.0 50.0 15.0
obstacle
0.0230535045266
464.0 136.0 33.0 10.0
obstacle
0.0230477973819
405.0 98.0 76.0 42.0
obstacle
0.0229428112507
0.0 0.0 296.0 52.0
obstacle
0.022820096463
125.0 169.0 16.0 28.0
obstacle
0.0226245950907
0.0 48.0 286.0 101.0
obstacle
0.0225820038468
11.0 118.0 249.0 52.0
obstacle
0.0225143544376
88.0 151.0 13.0 20.0
obstacle
0.0224826894701
202.0 184.0 20.0 39.0
obstacle
0.0224219746888
443.0 41.0 57.0 70.0
obstacle
0.0221988409758
0.0 0.0 59.0 42.0
obstacle
0.0221884865314
0.0 160.0 189.0 92.0
obstacle
0.0221227258444
41.0 177.0 35.0 12.0
obstacle
0.0220587980002
396.0 0.0 89.0 41.0
obstacle
0.0220056921244
0.0 90.0 47.0 59.0
obstacle
0.0219710506499
239.0 184.0 23.0 40.0
obstacle
0.0219611246139
317.0 166.0 19.0 34.0
obstacle
0.0219078399241
53.0 185.0 86.0 39.0
obstacle
0.0219064373523
77.0 244.0 113.0 37.0
obstacle
0.0218966584653
278.0 167.0 20.0 31.0
obstacle
0.0218811687082
319.0 204.0 93.0 47.0
obstacle
0.0218479353935
194.0 95.0 36.0 11.0
obstacle
0.021574864164
318.0 67.0 95.0 62.0
obstacle
0.0213669575751
213.0 67.0 73.0 61.0
obstacle
0.0211209859699
200.0 85.0 15.0 30.0
obstacle
0.0211110245436
123.0 187.0 19.0 35.0
obstacle
0.0210470668972
124.0 222.0 99.0 54.0
obstacle
0.0209256820381
430.0 244.0 70.0 37.0
obstacle
0.0209022369236
83.0 0.0 333.0 54.0
obstacle
0.0208401102573
149.0 127.0 121.0 35.0
obstacle
0.020779768005
313.0 0.0 102.0 38.0
obstacle
0.0206919908524
278.0 69.0 96.0 58.0
obstacle
0.0206124484539
0.0 230.0 286.0 51.0
obstacle
0.0205676630139
123.0 81.0 15.0 35.0
obstacle
0.0204367954284
357.0 96.0 94.0 45.0
obstacle
0.0202926341444
44.0 113.0 30.0 11.0
obstacle
0.0202800706029
425.0 156.0 36.0 12.0
obstacle
0.0202678442001
241.0 203.0 94.0 48.0
obstacle
0.020254759118
319.0 95.0 93.0 51.0
obstacle
0.0202524848282
359.0 69.0 90.0 57.0
obstacle
0.0201924741268
191.0 195.0 41.0 16.0
obstacle
0.0199764892459
112.0 198.0 46.0 14.0
obstacle
0.0199591703713
354.0 184.0 20.0 43.0
obstacle
0.0199202112854
194.0 121.0 262.0 83.0
obstacle
0.0199170857668
458.0 176.0 42.0 14.0
obstacle
0.0198567956686
280.0 222.0 96.0 53.0
obstacle
0.0197615288198
12.0 221.0 91.0 52.0
obstacle
0.0196413081139
50.0 222.0 94.0 53.0
obstacle
0.0196380317211
63.0 74.0 67.0 47.0
obstacle
0.0196359027177
394.0 203.0 98.0 47.0
obstacle
0.0193902794272
39.0 198.0 38.0 13.0
obstacle
0.0193419642746
164.0 183.0 18.0 43.0
obstacle
0.0191859509796
355.0 164.0 19.0 37.0
obstacle
0.0191645044833
42.0 245.0 109.0 36.0
obstacle
0.0190173089504
434.0 147.0 16.0 28.0
obstacle
0.0190033819526
151.0 197.0 47.0 15.0
obstacle
0.018976893276
263.0 243.0 128.0 38.0
obstacle
0.0189271923155
361.0 205.0 84.0 44.0
obstacle
0.0189017150551
0.0 179.0 308.0 95.0
obstacle
0.018874604255
141.0 226.0 293.0 55.0
obstacle
0.0188510008156
205.0 166.0 17.0 31.0
obstacle
0.0188277605921
354.0 0.0 98.0 38.0
obstacle
0.0188066363335
101.0 45.0 67.0 62.0
obstacle
0.0186388082802
86.0 202.0 98.0 49.0
obstacle
0.0186184793711
0.0 0.0 214.0 90.0
obstacle
0.0185751523823
239.0 108.0 13.0 27.0
obstacle
0.0184665601701
86.0 167.0 18.0 32.0
obstacle
0.0184631459415
166.0 169.0 15.0 25.0
obstacle
0.0184550415725
473.0 168.0 16.0 30.0
obstacle
0.018446104601
50.0 131.0 12.0 21.0
obstacle
0.0183743778616
382.0 177.0 44.0 14.0
obstacle
0.0183064229786
356.0 127.0 15.0 28.0
obstacle
0.0181573964655
4.0 136.0 29.0 11.0
obstacle
0.0181319918483
396.0 129.0 13.0 24.0
obstacle
0.0180264506489
404.0 46.0 78.0 61.0
obstacle
0.0179992299527
249.0 221.0 81.0 52.0
obstacle
0.0179868545383
224.0 0.0 276.0 57.0
obstacle
0.0179626233876
13.0 45.0 87.0 62.0
obstacle
0.0178537461907
279.0 106.0 15.0 29.0
obstacle
0.0178070552647
232.0 94.0 34.0 11.0
obstacle
0.0177940018475
475.0 101.0 16.0 37.0
obstacle
0.017674792558
50.0 103.0 13.0 32.0
obstacle
0.0175590440631
0.0 60.0 50.0 76.0
obstacle
0.0173413604498
92.0 23.0 82.0 62.0
obstacle
0.0172270163894
393.0 164.0 16.0 36.0
obstacle
0.0171943120658
128.0 106.0 11.0 29.0
obstacle
0.0171383265406
353.0 225.0 102.0 47.0
obstacle
0.0171185489744
170.0 139.0 8.0 11.0
obstacle
0.0170913226902
463.0 113.0 37.0 12.0
obstacle
0.0170714333653
15.0 19.0 82.0 70.0
obstacle
0.0169605389237
283.0 143.0 217.0 81.0
obstacle
0.0168000161648
318.0 101.0 15.0 37.0
obstacle
0.0166476946324
0.0 72.0 201.0 95.0
obstacle
0.0166194289923
134.0 21.0 77.0 66.0
obstacle
0.0164590552449
381.0 200.0 44.0 13.0
obstacle
0.0164225809276
246.0 38.0 85.0 75.0
obstacle
0.016345506534
310.0 76.0 190.0 87.0
obstacle
0.0162888560444
457.0 91.0 43.0 13.0
obstacle
0.0160175301135
422.0 176.0 42.0 13.0
obstacle
0.0160014554858
54.0 23.0 82.0 62.0
obstacle
0.0159988496453
210.0 41.0 83.0 72.0
obstacle
0.0159310251474
432.0 166.0 16.0 34.0
obstacle
0.0158886704594
202.0 106.0 12.0 28.0
obstacle
0.0158469919115
46.0 187.0 20.0 36.0
obstacle
0.0158277153969
263.0 197.0 49.0 16.0
obstacle
0.0158266723156
59.0 46.0 72.0 60.0
obstacle
0.0157987531275
75.0 198.0 42.0 14.0
obstacle
0.0157360490412
462.0 155.0 36.0 13.0
obstacle
0.01571652852
346.0 115.0 38.0 11.0
obstacle
0.0157001707703
302.0 199.0 49.0 15.0
obstacle
0.0156820639968
50.0 150.0 14.0 22.0
obstacle
0.0155593873933
85.0 187.0 21.0 35.0
obstacle
0.0155413663015
267.0 92.0 42.0 13.0
obstacle
0.0153241856024
77.0 92.0 37.0 12.0
obstacle
0.0152697153389
159.0 94.0 27.0 11.0
obstacle
0.0152480667457
175.0 41.0 72.0 70.0
obstacle
0.015226139687
54.0 0.0 315.0 114.0
obstacle
0.0151849323884
45.0 201.0 100.0 51.0
obstacle
0.0150995412841
48.0 167.0 16.0 32.0
obstacle
0.0148772308603
385.0 113.0 37.0 12.0
obstacle
0.0148634556681
277.0 187.0 20.0 37.0
obstacle
0.0148601969704
459.0 219.0 41.0 14.0
obstacle
0.0148146767169
315.0 186.0 19.0 39.0
obstacle
0.0148138571531
301.0 220.0 50.0 14.0
obstacle
0.0147730465978
243.0 167.0 17.0 29.0
obstacle
0.0147114414722
475.0 126.0 15.0 30.0
obstacle
0.0147044360638
200.0 205.0 20.0 43.0
obstacle
0.0146915288642
277.0 78.0 19.0 41.0
obstacle
0.0146863339469
340.0 221.0 49.0 14.0
obstacle
0.0146618895233
434.0 127.0 16.0 30.0
obstacle
0.0146220177412
167.0 217.0 91.0 61.0
obstacle
0.0145776579157
167.0 18.0 86.0 72.0
obstacle
0.0145697323605
459.0 199.0 41.0 12.0
obstacle
0.0145216332749
209.0 219.0 84.0 57.0
obstacle
0.0142972655594
421.0 199.0 45.0 14.0
obstacle
0.0142919933423
0.0 124.0 216.0 78.0
obstacle
0.0142137538642
209.0 21.0 82.0 65.0
obstacle
0.0140689071268
0.0 199.0 39.0 14.0
obstacle
0.014046789147
334.0 178.0 166.0 98.0
obstacle
0.0140464007854
8.0 190.0 12.0 30.0
obstacle
0.0139929577708
186.0 219.0 51.0 15.0
obstacle
0.0139874704182
88.0 104.0 14.0 33.0
obstacle
0.0139248259366
392.0 182.0 18.0 46.0
obstacle
0.0138366827741
318.0 44.0 95.0 65.0
obstacle
0.0138292787597
8.0 130.0 9.0 22.0
obstacle
0.0136814964935
316.0 77.0 18.0 42.0
